x=200	y=85	z=200	n=65	len=1
b
0.640694	0.640694	0.640694	0.640694	0.640694	0.640694	0.640694	0.640694	0.640694	0.640694	0.640694	0.640694	0.640694	0.640694	0.640694	0.640694	0.640694	0.640694	0.640694	0.640694	0.640694	0.640694	0.640694	0.640694	0.640694	0.640694	0.640694	0.640694	0.640694	0.640694	0.640694	0.640694	0.640694	0.640694	0.640694	0.640694	0.640694	0.640694	0.640694	0.640694	0.640694	0.640694	0.640694	0.640694	0.640694	0.640694	0.640694	0.640694	0.640694	0.640694	0.640694	0.640694	0.640694	0.640694	0.640694	0.640694	0.640694	0.640694	0.640694	0.640694	0.640694	0.640694	0.640694	0.640694	0.640694	
0.642495	0.642571	0.642581	0.64259	0.642699	0.642809	0.642888	0.642968	0.642935	0.642903	0.643042	0.64318	0.643213	0.643246	0.64335	0.643455	0.643213	0.64297	0.642873	0.642777	0.642262	0.641748	0.641167	0.640586	0.639849	0.639113	0.637854	0.636595	0.633834	0.631073	0.63347	0.635867	0.640104	0.644342	0.64121	0.638078	0.637144	0.636209	0.636983	0.637757	0.638585	0.639414	0.640433	0.641452	0.641866	0.64228	0.64256	0.642841	0.642942	0.643044	0.642895	0.642746	0.642644	0.642543	0.64248	0.642417	0.642462	0.642507	0.642439	0.642371	0.642396	0.642421	0.64242	0.642419	0.642495	
0.642581	0.64263	0.64265	0.64267	0.642766	0.642863	0.642936	0.643008	0.642978	0.642947	0.64308	0.643212	0.643251	0.643291	0.64342	0.643549	0.643307	0.643064	0.642992	0.642919	0.64237	0.641821	0.641246	0.640671	0.639939	0.639206	0.637847	0.636487	0.633566	0.630644	0.633606	0.636567	0.641019	0.645471	0.64257	0.639669	0.638122	0.636574	0.637279	0.637983	0.638848	0.639712	0.640644	0.641575	0.642016	0.642456	0.642726	0.642996	0.643094	0.643192	0.64302	0.642848	0.642749	0.64265	0.642588	0.642525	0.642567	0.642608	0.642548	0.642487	0.642494	0.642502	0.642518	0.642533	0.642581	
0.642668	0.642688	0.642719	0.64275	0.642833	0.642917	0.642983	0.643049	0.64302	0.642991	0.643118	0.643244	0.64329	0.643336	0.643489	0.643643	0.643401	0.643158	0.64311	0.643062	0.642478	0.641895	0.641326	0.640756	0.640028	0.6393	0.63784	0.636379	0.633297	0.630215	0.633741	0.637267	0.641934	0.646601	0.643931	0.64126	0.6391	0.636939	0.637574	0.63821	0.639111	0.640011	0.640854	0.641698	0.642165	0.642631	0.642892	0.643152	0.643246	0.643341	0.643146	0.642951	0.642854	0.642758	0.642696	0.642634	0.642672	0.64271	0.642656	0.642603	0.642593	0.642583	0.642615	0.642648	0.642668	
0.642708	0.642703	0.642746	0.642789	0.642847	0.642905	0.642966	0.643027	0.643014	0.643	0.64312	0.643239	0.643293	0.643347	0.643518	0.643689	0.643465	0.643241	0.64321	0.64318	0.642581	0.641983	0.641435	0.640886	0.640121	0.639356	0.637595	0.635834	0.632879	0.629924	0.633272	0.636619	0.641535	0.646451	0.644017	0.641583	0.639223	0.636864	0.637572	0.63828	0.639232	0.640185	0.640984	0.641783	0.642292	0.642801	0.643034	0.643267	0.643358	0.643448	0.643244	0.643039	0.642951	0.642864	0.6428	0.642737	0.642753	0.64277	0.64273	0.642689	0.642655	0.642622	0.642668	0.642714	0.642708	
0.642749	0.642717	0.642773	0.642829	0.642861	0.642893	0.642949	0.643005	0.643007	0.643009	0.643121	0.643234	0.643296	0.643359	0.643547	0.643736	0.643529	0.643323	0.64331	0.643298	0.642685	0.642071	0.641544	0.641016	0.640214	0.639412	0.63735	0.635288	0.632461	0.629633	0.632802	0.635971	0.641136	0.646301	0.644103	0.641906	0.639347	0.636788	0.637569	0.63835	0.639354	0.640359	0.641113	0.641867	0.642419	0.642971	0.643176	0.643382	0.643469	0.643556	0.643341	0.643126	0.643048	0.642969	0.642905	0.642841	0.642835	0.642829	0.642803	0.642776	0.642718	0.64266	0.64272	0.64278	0.642749	
0.642674	0.64256	0.642657	0.642753	0.642695	0.642637	0.642689	0.642742	0.642773	0.642804	0.642904	0.643004	0.643084	0.643163	0.643375	0.643587	0.643438	0.643289	0.643272	0.643255	0.642557	0.641859	0.641335	0.640811	0.639908	0.639006	0.636838	0.634669	0.63203	0.62939	0.631886	0.634382	0.63897	0.643558	0.642297	0.641035	0.638899	0.636763	0.637631	0.638499	0.63949	0.640481	0.641145	0.641808	0.642407	0.643006	0.643194	0.643381	0.643474	0.643566	0.643354	0.643142	0.643073	0.643004	0.64294	0.642877	0.642855	0.642832	0.642816	0.642799	0.642702	0.642605	0.642696	0.642787	0.642674	
0.642599	0.642403	0.642541	0.642678	0.642529	0.64238	0.642429	0.642478	0.642539	0.642599	0.642687	0.642775	0.642871	0.642968	0.643203	0.643439	0.643347	0.643256	0.643234	0.643213	0.64243	0.641646	0.641126	0.640606	0.639603	0.6386	0.636326	0.634051	0.631599	0.629147	0.63097	0.632794	0.636805	0.640816	0.64049	0.640165	0.638451	0.636738	0.637693	0.638649	0.639626	0.640603	0.641176	0.641749	0.642395	0.643041	0.643211	0.643381	0.643479	0.643576	0.643367	0.643158	0.643098	0.643038	0.642976	0.642914	0.642875	0.642835	0.642829	0.642822	0.642686	0.642549	0.642672	0.642794	0.642599	
0.642416	0.642209	0.642331	0.642454	0.642285	0.642115	0.642166	0.642216	0.642292	0.642368	0.642456	0.642543	0.642648	0.642753	0.642987	0.643222	0.643159	0.643097	0.643028	0.64296	0.642109	0.641258	0.640726	0.640194	0.639075	0.637955	0.63585	0.633744	0.631318	0.628892	0.629924	0.630956	0.634678	0.638401	0.638584	0.638767	0.637787	0.636806	0.637854	0.638901	0.639752	0.640603	0.641109	0.641616	0.642267	0.642918	0.643027	0.643136	0.643241	0.643347	0.643174	0.643001	0.642981	0.642961	0.642914	0.642867	0.642766	0.642665	0.642687	0.64271	0.642539	0.642369	0.642496	0.642623	0.642416	
0.642233	0.642014	0.642122	0.64223	0.64204	0.641851	0.641902	0.641954	0.642046	0.642137	0.642224	0.642312	0.642425	0.642538	0.642772	0.643005	0.642971	0.642938	0.642822	0.642707	0.641788	0.640869	0.640326	0.639783	0.638547	0.637311	0.635374	0.633437	0.631037	0.628637	0.628877	0.629118	0.632552	0.635986	0.636678	0.63737	0.637122	0.636875	0.638014	0.639153	0.639878	0.640602	0.641042	0.641483	0.642139	0.642794	0.642842	0.64289	0.643004	0.643117	0.642981	0.642845	0.642865	0.642885	0.642852	0.642819	0.642657	0.642494	0.642546	0.642598	0.642393	0.642188	0.64232	0.642452	0.642233	
0.642023	0.641778	0.641893	0.642008	0.641782	0.641556	0.64162	0.641683	0.641786	0.64189	0.641979	0.642069	0.642191	0.642314	0.64255	0.642787	0.642788	0.64279	0.642643	0.642495	0.641533	0.640571	0.640032	0.639493	0.638114	0.636736	0.635026	0.633316	0.631302	0.629288	0.62884	0.628392	0.631621	0.63485	0.635807	0.636765	0.637014	0.637263	0.638237	0.639212	0.639848	0.640484	0.64087	0.641256	0.641883	0.642511	0.642543	0.642575	0.642698	0.642822	0.64271	0.642597	0.642621	0.642644	0.642634	0.642624	0.642462	0.6423	0.642372	0.642443	0.642218	0.641993	0.64213	0.642267	0.642023	
0.641813	0.641543	0.641664	0.641786	0.641523	0.641261	0.641337	0.641413	0.641527	0.641642	0.641734	0.641825	0.641958	0.64209	0.642329	0.642569	0.642606	0.642642	0.642463	0.642283	0.641278	0.640273	0.639738	0.639204	0.637682	0.636161	0.634678	0.633195	0.631567	0.629938	0.628802	0.627667	0.63069	0.633714	0.634937	0.63616	0.636905	0.637651	0.638461	0.63927	0.639818	0.640366	0.640698	0.641029	0.641628	0.642227	0.642244	0.64226	0.642393	0.642527	0.642438	0.64235	0.642377	0.642404	0.642416	0.642429	0.642268	0.642107	0.642198	0.642289	0.642043	0.641798	0.641941	0.642083	0.641813	
0.641607	0.641334	0.641452	0.641571	0.641303	0.641035	0.641127	0.641219	0.641335	0.641451	0.641554	0.641657	0.641796	0.641935	0.642178	0.642422	0.642485	0.642549	0.642354	0.64216	0.641133	0.640106	0.639554	0.639003	0.63736	0.635718	0.634456	0.633194	0.632102	0.631009	0.630142	0.629275	0.631568	0.633862	0.634963	0.636063	0.636933	0.637803	0.638429	0.639056	0.639571	0.640086	0.640418	0.64075	0.641333	0.641916	0.64192	0.641924	0.642062	0.642199	0.642146	0.642093	0.642131	0.642169	0.642204	0.642239	0.642065	0.641891	0.641998	0.642105	0.641852	0.641599	0.64174	0.64188	0.641607	
0.641401	0.641125	0.64124	0.641356	0.641082	0.640808	0.640917	0.641026	0.641143	0.641261	0.641375	0.64149	0.641635	0.64178	0.642027	0.642275	0.642365	0.642455	0.642245	0.642036	0.640987	0.639938	0.63937	0.638802	0.637038	0.635275	0.634234	0.633193	0.632637	0.63208	0.631481	0.630883	0.632446	0.63401	0.634988	0.635966	0.63696	0.637954	0.638397	0.638841	0.639324	0.639807	0.640138	0.64047	0.641037	0.641604	0.641597	0.641589	0.64173	0.641871	0.641853	0.641836	0.641885	0.641934	0.641991	0.642049	0.641862	0.641674	0.641798	0.641922	0.641661	0.641401	0.641539	0.641677	0.641401	
0.641262	0.640998	0.64111	0.641222	0.640957	0.640691	0.640813	0.640934	0.641049	0.641164	0.64129	0.641415	0.641564	0.641712	0.641964	0.642215	0.642322	0.642429	0.642253	0.642077	0.641023	0.639968	0.639367	0.638767	0.636909	0.635052	0.634166	0.63328	0.632955	0.63263	0.632871	0.633111	0.634809	0.636506	0.636533	0.63656	0.637092	0.637623	0.637911	0.638198	0.638874	0.639549	0.639906	0.640263	0.640802	0.641341	0.641333	0.641324	0.641459	0.641594	0.641605	0.641616	0.641662	0.641709	0.641783	0.641857	0.64168	0.641504	0.641631	0.641758	0.641512	0.641265	0.641395	0.641526	0.641262	
0.641122	0.640871	0.640979	0.641088	0.640831	0.640574	0.640708	0.640843	0.640955	0.641067	0.641204	0.641341	0.641493	0.641644	0.6419	0.642155	0.64228	0.642404	0.642261	0.642118	0.641058	0.639998	0.639365	0.638731	0.63678	0.634829	0.634098	0.633367	0.633273	0.63318	0.63426	0.63534	0.637171	0.639003	0.638078	0.637154	0.637223	0.637293	0.637424	0.637555	0.638423	0.639292	0.639674	0.640056	0.640567	0.641078	0.641069	0.641059	0.641188	0.641317	0.641357	0.641396	0.64144	0.641485	0.641575	0.641665	0.641499	0.641333	0.641464	0.641595	0.641362	0.641129	0.641252	0.641374	0.641122	
0.641064	0.640827	0.640932	0.641036	0.640795	0.640554	0.640709	0.640863	0.640958	0.641053	0.641257	0.641462	0.641615	0.641767	0.642047	0.642327	0.642468	0.642609	0.642557	0.642505	0.641557	0.640609	0.640052	0.639496	0.637104	0.634712	0.634168	0.633624	0.633272	0.632919	0.634915	0.636911	0.638984	0.641056	0.639401	0.637746	0.636784	0.635822	0.636301	0.636779	0.637926	0.639073	0.639527	0.639981	0.640468	0.640956	0.640944	0.640932	0.641052	0.641171	0.641225	0.641278	0.641314	0.64135	0.641446	0.641542	0.641394	0.641246	0.641372	0.641499	0.641285	0.641071	0.641186	0.641301	0.641064	
0.641006	0.640784	0.640884	0.640984	0.64076	0.640535	0.64071	0.640884	0.640961	0.641039	0.641311	0.641583	0.641736	0.64189	0.642195	0.642499	0.642656	0.642813	0.642852	0.642892	0.642056	0.641219	0.64074	0.64026	0.637428	0.634596	0.634238	0.633881	0.63327	0.632659	0.635571	0.638482	0.640796	0.64311	0.640725	0.638339	0.636345	0.634351	0.635177	0.636004	0.637429	0.638853	0.63938	0.639907	0.64037	0.640833	0.640819	0.640804	0.640915	0.641025	0.641093	0.64116	0.641188	0.641216	0.641317	0.641419	0.641289	0.641158	0.641281	0.641403	0.641208	0.641012	0.64112	0.641228	0.641006	
0.641088	0.640952	0.641035	0.641118	0.640969	0.640819	0.641006	0.641193	0.641249	0.641305	0.641568	0.641832	0.641972	0.642112	0.64242	0.642728	0.642888	0.643048	0.643156	0.643264	0.642533	0.641802	0.641455	0.641108	0.638252	0.635397	0.634952	0.634507	0.633352	0.632196	0.63558	0.638964	0.641623	0.644283	0.64197	0.639658	0.636347	0.633037	0.634099	0.635162	0.636957	0.638753	0.639557	0.640361	0.640681	0.641002	0.640921	0.64084	0.64092	0.640999	0.641068	0.641136	0.641154	0.641171	0.641271	0.64137	0.641258	0.641145	0.641259	0.641374	0.641222	0.64107	0.641147	0.641223	0.641088	
0.64117	0.641121	0.641186	0.641252	0.641178	0.641103	0.641303	0.641502	0.641536	0.64157	0.641826	0.642082	0.642208	0.642334	0.642646	0.642957	0.64312	0.643283	0.64346	0.643637	0.643011	0.642385	0.64217	0.641956	0.639077	0.636198	0.635665	0.635132	0.633433	0.631734	0.63559	0.639446	0.642451	0.645455	0.643216	0.640976	0.636349	0.631723	0.633021	0.634319	0.636486	0.638653	0.639733	0.640814	0.640993	0.641171	0.641024	0.640876	0.640925	0.640973	0.641042	0.641112	0.641119	0.641127	0.641225	0.641322	0.641227	0.641133	0.641238	0.641344	0.641236	0.641128	0.641173	0.641219	0.64117	
0.641416	0.641391	0.641446	0.641502	0.641476	0.64145	0.641643	0.641835	0.64186	0.641885	0.642153	0.642422	0.642539	0.642655	0.642979	0.643303	0.643458	0.643613	0.643859	0.644104	0.64358	0.643056	0.642944	0.642832	0.640137	0.637442	0.63693	0.636417	0.634476	0.632535	0.635396	0.638258	0.642048	0.645838	0.644286	0.642734	0.636866	0.630998	0.632375	0.633752	0.636311	0.63887	0.640135	0.641401	0.641529	0.641658	0.6415	0.641342	0.641329	0.641315	0.641344	0.641372	0.641348	0.641325	0.64138	0.641435	0.641399	0.641364	0.641427	0.641491	0.641441	0.641392	0.641417	0.641442	0.641416	
0.641663	0.641661	0.641706	0.641752	0.641775	0.641798	0.641983	0.642168	0.642183	0.642199	0.64248	0.642762	0.642869	0.642977	0.643312	0.643648	0.643796	0.643943	0.644257	0.644571	0.644149	0.643727	0.643717	0.643708	0.641197	0.638686	0.638195	0.637703	0.635519	0.633335	0.635203	0.637071	0.641646	0.646221	0.645357	0.644493	0.637383	0.630273	0.631729	0.633186	0.636136	0.639087	0.640537	0.641987	0.642066	0.642145	0.641976	0.641807	0.641732	0.641657	0.641645	0.641633	0.641578	0.641522	0.641535	0.641548	0.641571	0.641595	0.641616	0.641637	0.641647	0.641657	0.641661	0.641664	0.641663	
0.641953	0.642007	0.642033	0.642058	0.642139	0.642219	0.64239	0.64256	0.642574	0.642589	0.642866	0.643144	0.643237	0.64333	0.643668	0.644005	0.644138	0.644271	0.644646	0.645021	0.644705	0.644389	0.644497	0.644605	0.642269	0.639932	0.639613	0.639294	0.637473	0.635652	0.635815	0.635977	0.640326	0.644676	0.645115	0.645555	0.637773	0.62999	0.631484	0.632978	0.636327	0.639676	0.641252	0.642828	0.642831	0.642834	0.642587	0.642339	0.642212	0.642085	0.642023	0.641961	0.641888	0.641815	0.641792	0.641769	0.641812	0.641855	0.641847	0.641838	0.641888	0.641939	0.641919	0.6419	0.641953	
0.642244	0.642354	0.642359	0.642364	0.642503	0.642641	0.642797	0.642952	0.642965	0.642979	0.643253	0.643526	0.643605	0.643683	0.644023	0.644363	0.644481	0.644598	0.645034	0.64547	0.645261	0.645051	0.645277	0.645503	0.643341	0.641178	0.641032	0.640885	0.639427	0.637969	0.636427	0.634884	0.639007	0.643131	0.644874	0.646617	0.638163	0.629708	0.631239	0.632771	0.636518	0.640265	0.641967	0.643669	0.643596	0.643523	0.643197	0.642871	0.642692	0.642514	0.642401	0.642289	0.642199	0.642109	0.642049	0.64199	0.642053	0.642116	0.642078	0.64204	0.64213	0.64222	0.642177	0.642135	0.642244	
0.642564	0.642707	0.642698	0.642689	0.642862	0.643035	0.643169	0.643302	0.643325	0.643349	0.643608	0.643867	0.643937	0.644006	0.644341	0.644676	0.644778	0.644881	0.645352	0.645823	0.645698	0.645572	0.645925	0.646278	0.644437	0.642596	0.642458	0.64232	0.640544	0.638768	0.63595	0.633132	0.636867	0.640603	0.643741	0.646879	0.638161	0.629442	0.631173	0.632906	0.637162	0.641419	0.64305	0.644681	0.644513	0.644344	0.643928	0.643512	0.643279	0.643046	0.642874	0.642702	0.642595	0.642488	0.642387	0.642286	0.642363	0.64244	0.642372	0.642304	0.642422	0.642539	0.64248	0.642421	0.642564	
0.642883	0.643059	0.643037	0.643014	0.643221	0.643429	0.643541	0.643653	0.643686	0.643718	0.643963	0.644209	0.644269	0.644328	0.644658	0.644988	0.645076	0.645163	0.645669	0.646175	0.646134	0.646093	0.646573	0.647053	0.645533	0.644014	0.643884	0.643755	0.641661	0.639567	0.635474	0.631381	0.634727	0.638074	0.642608	0.647142	0.638159	0.629176	0.631108	0.63304	0.637807	0.642574	0.644134	0.645694	0.645429	0.645164	0.644659	0.644153	0.643865	0.643578	0.643347	0.643116	0.642992	0.642867	0.642725	0.642582	0.642673	0.642764	0.642666	0.642568	0.642713	0.642858	0.642782	0.642707	0.642883	
0.643146	0.64333	0.643301	0.643273	0.64349	0.643707	0.643798	0.643889	0.643936	0.643983	0.644207	0.644431	0.64449	0.644548	0.64487	0.645192	0.645271	0.64535	0.645869	0.646388	0.646399	0.646411	0.647	0.647589	0.646417	0.645245	0.644971	0.644697	0.642005	0.639313	0.633027	0.626741	0.629776	0.632812	0.63816	0.643507	0.636204	0.6289	0.631946	0.634993	0.639626	0.644259	0.645522	0.646784	0.646378	0.645971	0.645371	0.644771	0.644431	0.644091	0.643807	0.643523	0.643382	0.643241	0.643066	0.64289	0.642976	0.643062	0.642944	0.642826	0.642975	0.643123	0.643042	0.642961	0.643146	
0.643409	0.643601	0.643566	0.643532	0.643758	0.643984	0.644055	0.644125	0.644186	0.644247	0.64445	0.644653	0.644711	0.644768	0.645082	0.645396	0.645467	0.645538	0.646069	0.646601	0.646664	0.646728	0.647426	0.648124	0.6473	0.646476	0.646057	0.645639	0.642349	0.639059	0.63058	0.622101	0.624825	0.627549	0.633711	0.639873	0.634248	0.628624	0.632785	0.636946	0.641445	0.645945	0.64691	0.647874	0.647326	0.646779	0.646084	0.645389	0.644997	0.644605	0.644268	0.643931	0.643773	0.643615	0.643407	0.643198	0.643279	0.64336	0.643222	0.643084	0.643236	0.643387	0.643302	0.643216	0.643409	
0.643559	0.643743	0.643708	0.643674	0.643894	0.644115	0.644173	0.64423	0.644301	0.644373	0.64456	0.644747	0.644808	0.64487	0.645176	0.645482	0.645553	0.645624	0.646154	0.646683	0.646779	0.646875	0.647655	0.648434	0.647883	0.647332	0.646809	0.646286	0.641513	0.63674	0.626989	0.617237	0.619246	0.621256	0.628413	0.635571	0.632293	0.629015	0.634928	0.640841	0.644358	0.647875	0.64836	0.648845	0.648117	0.647389	0.646618	0.645846	0.645416	0.644986	0.644615	0.644243	0.644069	0.643894	0.643667	0.64344	0.6435	0.64356	0.643414	0.643267	0.643405	0.643543	0.643459	0.643375	0.643559	
0.64371	0.643885	0.64385	0.643815	0.644031	0.644246	0.644291	0.644335	0.644417	0.644498	0.64467	0.644841	0.644906	0.644971	0.645269	0.645568	0.645639	0.645711	0.646239	0.646766	0.646894	0.647022	0.647883	0.648744	0.648466	0.648188	0.64756	0.646932	0.640676	0.63442	0.623397	0.612374	0.613668	0.614962	0.623115	0.631269	0.630338	0.629406	0.637072	0.644737	0.647271	0.649805	0.649811	0.649816	0.648908	0.648	0.647152	0.646304	0.645836	0.645368	0.644962	0.644556	0.644365	0.644174	0.643928	0.643683	0.643721	0.64376	0.643605	0.643451	0.643574	0.643698	0.643616	0.643534	0.64371	
0.64375	0.64391	0.643878	0.643845	0.644036	0.644227	0.644228	0.64423	0.644351	0.644473	0.644566	0.644658	0.64476	0.644863	0.645113	0.645363	0.645462	0.645561	0.646054	0.646547	0.64675	0.646953	0.647909	0.648865	0.648804	0.648744	0.648067	0.64739	0.639839	0.632288	0.620848	0.609409	0.610167	0.610925	0.619359	0.627792	0.630358	0.632924	0.640687	0.64845	0.649848	0.651246	0.650808	0.65037	0.649331	0.648292	0.64741	0.646529	0.646044	0.645559	0.645138	0.644717	0.644515	0.644313	0.644062	0.64381	0.643827	0.643844	0.643688	0.643532	0.643638	0.643744	0.643668	0.643591	0.64375	
0.643791	0.643934	0.643905	0.643876	0.644042	0.644208	0.644166	0.644124	0.644286	0.644447	0.644462	0.644476	0.644615	0.644754	0.644956	0.645158	0.645284	0.64541	0.645869	0.646328	0.646606	0.646885	0.647935	0.648986	0.649142	0.649299	0.648573	0.647848	0.639002	0.630156	0.6183	0.606443	0.606665	0.606888	0.615602	0.624316	0.630379	0.636442	0.644302	0.652162	0.652425	0.652688	0.651806	0.650924	0.649754	0.648584	0.647669	0.646754	0.646252	0.64575	0.645314	0.644878	0.644665	0.644451	0.644195	0.643938	0.643934	0.643929	0.643771	0.643614	0.643702	0.64379	0.643719	0.643648	0.643791	
0.643496	0.643568	0.643558	0.643549	0.643656	0.643763	0.643756	0.643749	0.643885	0.644021	0.644071	0.644121	0.644264	0.644406	0.644615	0.644824	0.644983	0.645141	0.645581	0.646021	0.646382	0.646743	0.647767	0.648792	0.649276	0.64976	0.64914	0.64852	0.639408	0.630296	0.6185	0.606704	0.607015	0.607327	0.615361	0.623395	0.63283	0.642266	0.648296	0.654327	0.653836	0.653345	0.652194	0.651044	0.649828	0.648611	0.647695	0.646779	0.646278	0.645776	0.645338	0.6449	0.644682	0.644465	0.644211	0.643956	0.643862	0.643768	0.643632	0.643497	0.643509	0.643521	0.643473	0.643424	0.643496	
0.643201	0.643201	0.643211	0.643221	0.64327	0.643318	0.643346	0.643375	0.643484	0.643594	0.64368	0.643765	0.643912	0.644059	0.644274	0.64449	0.644681	0.644872	0.645293	0.645714	0.646158	0.646602	0.6476	0.648597	0.649409	0.650221	0.649707	0.649193	0.639815	0.630437	0.6187	0.606964	0.607365	0.607767	0.61512	0.622473	0.635281	0.648089	0.65229	0.656492	0.655247	0.654002	0.652583	0.651164	0.649902	0.648639	0.647722	0.646805	0.646303	0.645802	0.645362	0.644922	0.6447	0.644478	0.644226	0.643974	0.64379	0.643607	0.643493	0.64338	0.643315	0.643251	0.643226	0.643201	0.643201	
0.642825	0.64279	0.642815	0.64284	0.642853	0.642867	0.6429	0.642934	0.643037	0.64314	0.643216	0.643293	0.643444	0.643595	0.643789	0.643983	0.644198	0.644414	0.644806	0.645198	0.645676	0.646154	0.647183	0.648211	0.649359	0.650507	0.650946	0.651384	0.64449	0.637596	0.624541	0.611487	0.614007	0.616529	0.621371	0.626213	0.639238	0.652263	0.654691	0.657119	0.655544	0.653969	0.652155	0.650341	0.649133	0.647924	0.647103	0.646282	0.645816	0.64535	0.644937	0.644525	0.6443	0.644074	0.643846	0.643618	0.643448	0.643277	0.643176	0.643074	0.642978	0.642882	0.642871	0.64286	0.642825	
0.64245	0.642379	0.642419	0.642458	0.642437	0.642416	0.642454	0.642493	0.642589	0.642686	0.642753	0.64282	0.642976	0.643132	0.643304	0.643476	0.643716	0.643955	0.644319	0.644682	0.645195	0.645707	0.646765	0.647824	0.649308	0.650793	0.652184	0.653576	0.649165	0.644406	0.632671	0.614709	0.61342	0.626141	0.629766	0.628731	0.639232	0.656437	0.657092	0.657745	0.655841	0.653936	0.651727	0.649517	0.648363	0.64721	0.646485	0.64576	0.645329	0.644898	0.644512	0.644127	0.643899	0.643671	0.643467	0.643263	0.643105	0.642948	0.642859	0.642769	0.642641	0.642513	0.642517	0.64252	0.64245	
0.641952	0.641853	0.641902	0.641951	0.641902	0.641854	0.641905	0.641956	0.642037	0.642118	0.642191	0.642263	0.642417	0.64257	0.64273	0.64289	0.643136	0.643382	0.643712	0.644042	0.644535	0.645028	0.645938	0.646847	0.648887	0.650926	0.654214	0.657501	0.657004	0.659229	0.645955	0.619356	0.619774	0.636212	0.636506	0.631495	0.641195	0.657541	0.656855	0.656168	0.654388	0.652609	0.650616	0.648622	0.647579	0.646535	0.645847	0.645159	0.644761	0.644363	0.644004	0.643644	0.643427	0.64321	0.643023	0.642837	0.642661	0.642486	0.64241	0.642334	0.642181	0.642028	0.642039	0.642051	0.641952	
0.641454	0.641326	0.641385	0.641444	0.641368	0.641292	0.641355	0.641418	0.641484	0.64155	0.641628	0.641706	0.641857	0.642008	0.642156	0.642304	0.642556	0.642809	0.643105	0.643401	0.643876	0.64435	0.64511	0.64587	0.648465	0.65106	0.656243	0.663107	0.663631	0.67274	0.657174	0.622564	0.627339	0.641901	0.638449	0.63277	0.641953	0.658645	0.656618	0.65459	0.652936	0.651282	0.649504	0.647727	0.646794	0.64586	0.645209	0.644558	0.644193	0.643829	0.643495	0.643161	0.642956	0.64275	0.64258	0.642411	0.642217	0.642024	0.641961	0.641899	0.641721	0.641543	0.641562	0.641582	0.641454	
0.640945	0.640813	0.640872	0.640932	0.64085	0.640767	0.640837	0.640906	0.640957	0.641008	0.641091	0.641174	0.641311	0.641448	0.641587	0.641725	0.641965	0.642205	0.642473	0.64274	0.643172	0.643605	0.644282	0.64496	0.647892	0.650825	0.659005	0.66864	0.672729	0.68156	0.670155	0.635857	0.637751	0.646235	0.637012	0.632973	0.641692	0.655737	0.654173	0.652608	0.651514	0.650419	0.648742	0.647064	0.646118	0.645172	0.644527	0.643882	0.643537	0.643192	0.642879	0.642566	0.642375	0.642184	0.642029	0.641874	0.64169	0.641506	0.641449	0.641393	0.641216	0.641039	0.641059	0.641078	0.640945	
0.640437	0.6403	0.64036	0.64042	0.640332	0.640243	0.640319	0.640395	0.64043	0.640466	0.640553	0.640641	0.640765	0.640888	0.641017	0.641146	0.641374	0.641601	0.64184	0.642079	0.642469	0.64286	0.643455	0.64405	0.647319	0.650589	0.661767	0.674446	0.67918	0.69114	0.675828	0.665604	0.673726	0.656701	0.634453	0.632833	0.641135	0.652829	0.651728	0.650627	0.650092	0.649556	0.647979	0.646402	0.645442	0.644483	0.643845	0.643207	0.642881	0.642555	0.642263	0.64197	0.641794	0.641618	0.641477	0.641337	0.641162	0.640987	0.640937	0.640888	0.640712	0.640536	0.640555	0.640574	0.640437	
0.64001	0.639891	0.639943	0.639995	0.639918	0.639842	0.639917	0.639993	0.640017	0.640041	0.64013	0.64022	0.640323	0.640425	0.640548	0.64067	0.640867	0.641065	0.641283	0.641501	0.641836	0.64217	0.642731	0.643292	0.646526	0.64976	0.663663	0.679633	0.683041	0.689926	0.689652	0.700067	0.700011	0.652955	0.631886	0.633217	0.641294	0.652019	0.651157	0.650295	0.649646	0.648997	0.64738	0.645762	0.644789	0.643816	0.643182	0.642549	0.642239	0.64193	0.641654	0.641378	0.641224	0.641071	0.640939	0.640807	0.640659	0.64051	0.64046	0.640409	0.640258	0.640106	0.640117	0.640128	0.64001	
0.639582	0.639482	0.639526	0.639569	0.639505	0.639441	0.639516	0.63959	0.639603	0.639616	0.639707	0.639799	0.63988	0.639962	0.640078	0.640193	0.640361	0.640529	0.640726	0.640924	0.641202	0.64148	0.642007	0.642534	0.645732	0.64893	0.665559	0.682572	0.690058	0.694604	0.696234	0.707047	0.685189	0.643446	0.634444	0.636607	0.643656	0.65121	0.650586	0.649962	0.6492	0.648439	0.64678	0.645122	0.644135	0.643149	0.64252	0.641891	0.641598	0.641305	0.641045	0.640785	0.640655	0.640525	0.640401	0.640277	0.640155	0.640033	0.639982	0.639931	0.639804	0.639676	0.639679	0.639682	0.639582	
0.639313	0.63924	0.639274	0.639308	0.639261	0.639214	0.639284	0.639355	0.639361	0.639368	0.639458	0.639549	0.639611	0.639673	0.639784	0.639896	0.640025	0.640154	0.640343	0.640533	0.640759	0.640985	0.641455	0.641924	0.643904	0.645883	0.657309	0.674037	0.690674	0.698012	0.695194	0.687612	0.667536	0.650899	0.645124	0.645642	0.649248	0.656048	0.653366	0.650683	0.649186	0.647689	0.646043	0.644397	0.643451	0.642506	0.641919	0.641333	0.641059	0.640786	0.640542	0.640299	0.640197	0.640096	0.639977	0.639858	0.639773	0.639688	0.639633	0.639578	0.63949	0.639403	0.639394	0.639385	0.639313	
0.639043	0.638998	0.639022	0.639047	0.639017	0.638987	0.639053	0.639119	0.639119	0.639119	0.639209	0.639299	0.639341	0.639383	0.639491	0.639599	0.639689	0.63978	0.639961	0.640141	0.640316	0.640491	0.640902	0.641314	0.642075	0.642835	0.64906	0.655044	0.666123	0.686939	0.701986	0.694044	0.674977	0.664447	0.658925	0.653341	0.657114	0.660887	0.656145	0.651403	0.649171	0.646939	0.645305	0.643672	0.642768	0.641864	0.641319	0.640774	0.64052	0.640266	0.64004	0.639814	0.63974	0.639667	0.639552	0.639438	0.639391	0.639344	0.639284	0.639224	0.639177	0.639129	0.639108	0.639088	0.639043	
0.638928	0.638907	0.638923	0.63894	0.638924	0.638909	0.638971	0.639032	0.639029	0.639027	0.639114	0.639201	0.639228	0.639255	0.639361	0.639466	0.639522	0.639578	0.639753	0.639929	0.640061	0.640193	0.640564	0.640936	0.641462	0.641987	0.64506	0.644853	0.645171	0.652257	0.679349	0.695452	0.688117	0.680504	0.674246	0.668611	0.667753	0.666895	0.659314	0.651733	0.648834	0.645936	0.644424	0.642912	0.642124	0.641336	0.640863	0.64039	0.640166	0.639942	0.639731	0.639519	0.639468	0.639417	0.639306	0.639195	0.639179	0.639162	0.639099	0.639036	0.639022	0.639008	0.638978	0.638948	0.638928	
0.638812	0.638816	0.638824	0.638833	0.638832	0.638832	0.638888	0.638944	0.638939	0.638934	0.639019	0.639103	0.639115	0.639127	0.63923	0.639333	0.639355	0.639377	0.639546	0.639716	0.639806	0.639895	0.640226	0.640557	0.640848	0.641139	0.641061	0.640983	0.642831	0.644796	0.654162	0.67234	0.687847	0.689456	0.68746	0.683559	0.679947	0.674301	0.662264	0.652063	0.648498	0.644934	0.643543	0.642152	0.64148	0.640808	0.640406	0.640005	0.639812	0.639618	0.639421	0.639224	0.639196	0.639168	0.63906	0.638953	0.638966	0.63898	0.638914	0.638847	0.638867	0.638887	0.638848	0.638809	0.638812	
0.638873	0.638951	0.638934	0.638918	0.638956	0.638995	0.639037	0.639078	0.639074	0.639069	0.639135	0.639201	0.639161	0.639122	0.639223	0.639325	0.639323	0.639322	0.639488	0.639654	0.639712	0.639771	0.640079	0.640387	0.640611	0.640836	0.641173	0.64151	0.64263	0.644181	0.646759	0.655984	0.670855	0.683046	0.688462	0.686815	0.681665	0.672338	0.659125	0.649137	0.646464	0.643791	0.642708	0.641625	0.641062	0.6405	0.640157	0.639815	0.63965	0.639484	0.639298	0.639111	0.639097	0.639082	0.638976	0.638871	0.638903	0.638936	0.638868	0.638799	0.63885	0.6389	0.638848	0.638795	0.638873	
0.638934	0.639086	0.639044	0.639003	0.63908	0.639158	0.639185	0.639212	0.639208	0.639203	0.639251	0.639299	0.639208	0.639116	0.639216	0.639316	0.639292	0.639268	0.63943	0.639592	0.639619	0.639646	0.639931	0.640216	0.640375	0.640534	0.641285	0.642036	0.64243	0.642824	0.645183	0.647832	0.655411	0.665174	0.672272	0.673012	0.668417	0.660153	0.651928	0.646211	0.64443	0.642649	0.641873	0.641098	0.640644	0.640191	0.639909	0.639626	0.639488	0.639349	0.639174	0.638998	0.638997	0.638996	0.638892	0.638789	0.638841	0.638892	0.638822	0.638752	0.638833	0.638914	0.638848	0.638782	0.638934	
0.639198	0.639313	0.639287	0.639261	0.639327	0.639394	0.639416	0.639439	0.639436	0.639433	0.639485	0.639538	0.639473	0.639407	0.639502	0.639598	0.639545	0.639492	0.63964	0.639788	0.639749	0.63971	0.639955	0.640201	0.640316	0.64043	0.640985	0.64154	0.641953	0.642366	0.644084	0.645264	0.648382	0.652218	0.655616	0.656551	0.654047	0.650016	0.646825	0.644582	0.643332	0.642081	0.641486	0.640892	0.640495	0.640098	0.639849	0.639599	0.639508	0.639417	0.639287	0.639158	0.639172	0.639186	0.639091	0.638995	0.639066	0.639136	0.63907	0.639003	0.639094	0.639185	0.639134	0.639083	0.639198	
0.639461	0.639539	0.639529	0.639519	0.639574	0.63963	0.639648	0.639666	0.639665	0.639663	0.63972	0.639777	0.639738	0.639698	0.639789	0.639879	0.639798	0.639716	0.63985	0.639984	0.639879	0.639773	0.63998	0.640186	0.640256	0.640326	0.640685	0.641044	0.641476	0.641908	0.642985	0.644061	0.645485	0.646909	0.647777	0.648645	0.646876	0.645107	0.64403	0.642954	0.642233	0.641513	0.641099	0.640686	0.640346	0.640005	0.639789	0.639572	0.639529	0.639485	0.639401	0.639317	0.639347	0.639377	0.639289	0.639201	0.639291	0.639381	0.639317	0.639254	0.639356	0.639457	0.63942	0.639383	0.639461	
0.63972	0.639795	0.63979	0.639785	0.639835	0.639886	0.639904	0.639922	0.639921	0.639919	0.639971	0.640023	0.63998	0.639938	0.640025	0.640113	0.640041	0.639969	0.640096	0.640224	0.640157	0.64009	0.640277	0.640463	0.640511	0.640559	0.640835	0.641111	0.641441	0.641771	0.642462	0.643153	0.644151	0.645148	0.645766	0.646384	0.645228	0.644072	0.643326	0.642579	0.642015	0.64145	0.641115	0.640779	0.640521	0.640263	0.640092	0.639921	0.639856	0.639791	0.639699	0.639607	0.639625	0.639644	0.639563	0.639483	0.639558	0.639632	0.639577	0.639522	0.639612	0.639702	0.639674	0.639645	0.63972	
0.639979	0.640051	0.64005	0.64005	0.640096	0.640143	0.640161	0.640178	0.640177	0.640176	0.640223	0.640269	0.640223	0.640177	0.640262	0.640347	0.640284	0.640221	0.640342	0.640463	0.640435	0.640406	0.640573	0.64074	0.640766	0.640793	0.640985	0.641178	0.641406	0.641635	0.64194	0.642246	0.642817	0.643388	0.643756	0.644124	0.643581	0.643038	0.642621	0.642205	0.641796	0.641387	0.64113	0.640873	0.640697	0.640522	0.640396	0.640271	0.640184	0.640097	0.639997	0.639898	0.639904	0.63991	0.639838	0.639766	0.639824	0.639883	0.639837	0.639791	0.639869	0.639948	0.639927	0.639907	0.639979	
0.640224	0.640265	0.640277	0.640289	0.640318	0.640348	0.64037	0.640392	0.640392	0.640392	0.640437	0.640483	0.640452	0.640421	0.640499	0.640578	0.640536	0.640495	0.6406	0.640705	0.640695	0.640686	0.640819	0.640953	0.640999	0.641044	0.641201	0.641358	0.641518	0.641677	0.641904	0.642132	0.642518	0.642905	0.643158	0.643411	0.643047	0.642683	0.642386	0.64209	0.641781	0.641472	0.641293	0.641114	0.640955	0.640796	0.640688	0.640581	0.640499	0.640417	0.640332	0.640246	0.640234	0.640221	0.64016	0.640099	0.640131	0.640163	0.640129	0.640095	0.640144	0.640194	0.640188	0.640182	0.640224	
0.640468	0.64048	0.640504	0.640528	0.64054	0.640553	0.64058	0.640607	0.640607	0.640607	0.640652	0.640697	0.64068	0.640664	0.640737	0.640809	0.640789	0.640769	0.640858	0.640947	0.640956	0.640965	0.641066	0.641166	0.641231	0.641295	0.641417	0.641539	0.641629	0.64172	0.641869	0.642018	0.64222	0.642422	0.64256	0.642699	0.642513	0.642327	0.642151	0.641975	0.641766	0.641557	0.641457	0.641356	0.641213	0.64107	0.640981	0.640891	0.640814	0.640737	0.640666	0.640595	0.640563	0.640532	0.640482	0.640432	0.640438	0.640443	0.640421	0.640398	0.640419	0.64044	0.640448	0.640457	0.640468	
0.640632	0.640613	0.640646	0.640679	0.640677	0.640675	0.640706	0.640738	0.640739	0.640741	0.640784	0.640828	0.640827	0.640827	0.640892	0.640957	0.640968	0.640978	0.641051	0.641125	0.64117	0.641215	0.641291	0.641367	0.641459	0.641552	0.641645	0.641738	0.641854	0.64197	0.642083	0.642196	0.642384	0.642572	0.642676	0.64278	0.642614	0.642449	0.642306	0.642163	0.641994	0.641824	0.641722	0.641619	0.641492	0.641364	0.64128	0.641196	0.641111	0.641026	0.640963	0.6409	0.640845	0.64079	0.640752	0.640713	0.640686	0.640659	0.640648	0.640637	0.640623	0.640609	0.64063	0.640651	0.640632	
0.640796	0.640746	0.640788	0.64083	0.640813	0.640796	0.640833	0.640869	0.640872	0.640874	0.640917	0.640959	0.640974	0.640989	0.641047	0.641106	0.641146	0.641187	0.641245	0.641303	0.641384	0.641466	0.641517	0.641568	0.641688	0.641809	0.641873	0.641936	0.642078	0.642219	0.642297	0.642375	0.642548	0.642722	0.642791	0.642861	0.642715	0.64257	0.64246	0.642351	0.642221	0.642091	0.641987	0.641883	0.64177	0.641657	0.641579	0.641501	0.641408	0.641315	0.64126	0.641206	0.641127	0.641048	0.641021	0.640994	0.640934	0.640874	0.640875	0.640876	0.640827	0.640779	0.640812	0.640846	0.640796	
0.640877	0.640805	0.640852	0.640899	0.640872	0.640845	0.640886	0.640926	0.640929	0.640932	0.640974	0.641015	0.641042	0.641068	0.641121	0.641173	0.641236	0.641298	0.641343	0.641387	0.641493	0.641599	0.64163	0.64166	0.641799	0.641939	0.641976	0.642013	0.642158	0.642303	0.642324	0.642345	0.642478	0.642611	0.642633	0.642654	0.642622	0.64259	0.642499	0.642407	0.642307	0.642208	0.642112	0.642017	0.641917	0.641817	0.641745	0.641673	0.641577	0.641481	0.641434	0.641386	0.641292	0.641198	0.64118	0.641162	0.641079	0.640997	0.641005	0.641014	0.640941	0.640867	0.640908	0.640949	0.640877	
0.640958	0.640864	0.640916	0.640969	0.640932	0.640894	0.640938	0.640982	0.640986	0.64099	0.641031	0.641072	0.64111	0.641148	0.641194	0.641241	0.641325	0.641409	0.641441	0.641472	0.641602	0.641732	0.641742	0.641752	0.641911	0.642069	0.642079	0.64209	0.642238	0.642386	0.642351	0.642316	0.642408	0.642501	0.642474	0.642448	0.642529	0.642611	0.642537	0.642463	0.642393	0.642324	0.642238	0.642152	0.642064	0.641976	0.64191	0.641844	0.641745	0.641647	0.641607	0.641567	0.641458	0.641348	0.641339	0.641329	0.641224	0.641119	0.641135	0.641152	0.641054	0.640956	0.641004	0.641053	0.640958	
0.640964	0.640848	0.640911	0.640974	0.640915	0.640855	0.640903	0.64095	0.640951	0.640952	0.64099	0.641028	0.641093	0.641158	0.641181	0.641205	0.641319	0.641433	0.641447	0.64146	0.641611	0.641763	0.64175	0.641736	0.641917	0.642097	0.642062	0.642026	0.642184	0.642342	0.642282	0.642223	0.642347	0.642471	0.642419	0.642367	0.642441	0.642515	0.642429	0.642342	0.642348	0.642353	0.642268	0.642183	0.642102	0.642021	0.641958	0.641895	0.641796	0.641697	0.641662	0.641627	0.641512	0.641396	0.641391	0.641387	0.641272	0.641156	0.641176	0.641197	0.641087	0.640978	0.641029	0.641079	0.640964	
0.640969	0.640832	0.640906	0.640979	0.640898	0.640816	0.640867	0.640918	0.640916	0.640915	0.640949	0.640984	0.641076	0.641167	0.641168	0.641168	0.641313	0.641458	0.641452	0.641447	0.64162	0.641793	0.641757	0.641721	0.641923	0.642126	0.642044	0.641962	0.64213	0.642298	0.642214	0.64213	0.642285	0.64244	0.642363	0.642286	0.642353	0.64242	0.642321	0.642222	0.642302	0.642383	0.642298	0.642214	0.642139	0.642065	0.642005	0.641945	0.641846	0.641748	0.641717	0.641687	0.641565	0.641444	0.641444	0.641445	0.641319	0.641193	0.641217	0.641242	0.641121	0.641	0.641053	0.641106	0.640969	
0.64089	0.640782	0.640836	0.64089	0.640832	0.640773	0.640813	0.640853	0.640853	0.640853	0.640883	0.640912	0.640976	0.64104	0.641049	0.641059	0.641164	0.64127	0.641271	0.641273	0.641403	0.641534	0.641512	0.64149	0.64164	0.641791	0.641743	0.641696	0.641823	0.641949	0.641891	0.641832	0.641945	0.642057	0.642002	0.641947	0.642003	0.64206	0.641987	0.641914	0.641953	0.641991	0.641925	0.641858	0.641808	0.641758	0.641714	0.641669	0.641594	0.641518	0.641499	0.641479	0.641379	0.641278	0.641284	0.641289	0.641182	0.641075	0.641097	0.641119	0.641015	0.640911	0.640955	0.640998	0.64089	
0.640811	0.640731	0.640766	0.6408	0.640765	0.64073	0.640759	0.640789	0.64079	0.640791	0.640816	0.640841	0.640877	0.640912	0.640931	0.640949	0.641015	0.641081	0.64109	0.641098	0.641187	0.641275	0.641267	0.641259	0.641358	0.641456	0.641443	0.641431	0.641516	0.641601	0.641567	0.641534	0.641604	0.641674	0.641641	0.641607	0.641654	0.6417	0.641654	0.641607	0.641604	0.6416	0.641552	0.641503	0.641477	0.641451	0.641422	0.641394	0.641341	0.641288	0.641279	0.641271	0.641192	0.641113	0.641123	0.641133	0.641045	0.640957	0.640977	0.640997	0.640909	0.640822	0.640856	0.640891	0.640811	
0.640762	0.640712	0.640733	0.640755	0.640733	0.640711	0.640729	0.640747	0.640748	0.640749	0.640764	0.640779	0.640803	0.640827	0.640837	0.640848	0.64089	0.640933	0.640937	0.640941	0.640998	0.641054	0.641048	0.641042	0.641104	0.641165	0.641156	0.641148	0.6412	0.641253	0.641232	0.641211	0.641254	0.641298	0.641276	0.641254	0.641284	0.641313	0.641283	0.641254	0.641254	0.641255	0.641224	0.641193	0.641178	0.641162	0.641144	0.641126	0.641093	0.641061	0.641055	0.64105	0.641001	0.640953	0.640958	0.640964	0.640909	0.640854	0.640867	0.640879	0.640825	0.64077	0.640791	0.640812	0.640762	
0.640712	0.640692	0.6407	0.640709	0.6407	0.640691	0.640698	0.640705	0.640706	0.640707	0.640713	0.640718	0.640729	0.640741	0.640743	0.640746	0.640765	0.640785	0.640785	0.640785	0.640808	0.640832	0.640829	0.640826	0.64085	0.640874	0.64087	0.640865	0.640885	0.640904	0.640896	0.640889	0.640905	0.640921	0.640911	0.640902	0.640914	0.640926	0.640913	0.6409	0.640905	0.640909	0.640896	0.640884	0.640878	0.640873	0.640866	0.640858	0.640846	0.640834	0.640831	0.640829	0.64081	0.640792	0.640793	0.640795	0.640774	0.640752	0.640757	0.640761	0.64074	0.640718	0.640725	0.640733	0.640712	
0.640694	0.640694	0.640694	0.640694	0.640694	0.640694	0.640694	0.640694	0.640694	0.640694	0.640694	0.640694	0.640694	0.640694	0.640694	0.640694	0.640694	0.640694	0.640694	0.640694	0.640694	0.640694	0.640694	0.640694	0.640694	0.640694	0.640694	0.640694	0.640694	0.640694	0.640694	0.640694	0.640694	0.640694	0.640694	0.640694	0.640694	0.640694	0.640694	0.640694	0.640694	0.640694	0.640694	0.640694	0.640694	0.640694	0.640694	0.640694	0.640694	0.640694	0.640694	0.640694	0.640694	0.640694	0.640694	0.640694	0.640694	0.640694	0.640694	0.640694	0.640694	0.640694	0.640694	0.640694	0.640694	
