x=105	y=200	z=200	n=65	len=1
b
0	0	0	0	0	0	0	0	0	0	0	0	0	0	0	0	0	0	0	0	0	0	0	0	0	0	0	0	0	0	0	0	0	0	0	0	0	0	0	0	0	0	0	0	0	0	0	0	0	0	0	0	0	0	0	0	0	0	0	0	0	0	0	0	0	
0.023627	0.0236357	0.0236363	0.023637	0.0236351	0.0236332	0.0236317	0.0236302	0.0236306	0.0236311	0.02363	0.0236289	0.0236304	0.0236318	0.0236306	0.0236294	0.023631	0.0236327	0.0236313	0.0236298	0.0236314	0.0236329	0.0236314	0.0236299	0.0236311	0.0236323	0.023631	0.0236297	0.0236306	0.0236314	0.0236306	0.0236298	0.0236302	0.0236305	0.0236304	0.0236303	0.0236301	0.02363	0.0236305	0.0236309	0.0236303	0.0236298	0.0236305	0.0236312	0.0236302	0.0236293	0.0236299	0.0236305	0.0236293	0.0236281	0.0236284	0.0236287	0.0236273	0.023626	0.0236258	0.0236257	0.023624	0.0236222	0.0236213	0.0236204	0.0236176	0.0236148	0.0236165	0.0236183	0.023627	
0.0471899	0.0471929	0.0471927	0.0471924	0.0471939	0.0471955	0.0471942	0.0471929	0.0471953	0.0471977	0.047196	0.0471942	0.0471973	0.0472005	0.0471982	0.047196	0.0471993	0.0472025	0.0471999	0.0471972	0.0472002	0.0472031	0.0472004	0.0471976	0.0472	0.0472023	0.0472	0.0471976	0.0471993	0.0472009	0.0471994	0.047198	0.0471987	0.0471995	0.0471992	0.0471988	0.0471986	0.0471985	0.0471991	0.0471997	0.0471987	0.0471977	0.0471988	0.0471999	0.0471982	0.0471965	0.0471976	0.0471987	0.0471966	0.0471945	0.0471951	0.0471958	0.0471936	0.0471914	0.0471916	0.0471918	0.04719	0.0471881	0.0471879	0.0471877	0.047187	0.0471863	0.0471866	0.0471869	0.0471899	
0.0707528	0.0707501	0.070749	0.0707478	0.0707528	0.0707578	0.0707567	0.0707556	0.07076	0.0707643	0.0707619	0.0707595	0.0707643	0.0707691	0.0707658	0.0707626	0.0707675	0.0707724	0.0707684	0.0707645	0.0707689	0.0707734	0.0707693	0.0707653	0.0707688	0.0707724	0.0707689	0.0707655	0.070768	0.0707705	0.0707683	0.0707661	0.0707673	0.0707685	0.0707679	0.0707673	0.0707671	0.0707669	0.0707677	0.0707685	0.0707671	0.0707656	0.0707672	0.0707687	0.0707662	0.0707638	0.0707653	0.0707669	0.0707639	0.0707608	0.0707619	0.070763	0.0707599	0.0707568	0.0707574	0.070758	0.070756	0.070754	0.0707545	0.0707551	0.0707564	0.0707578	0.0707567	0.0707555	0.0707528	
0.0943187	0.0943154	0.0943135	0.0943116	0.0943176	0.0943236	0.0943221	0.0943207	0.094327	0.0943334	0.0943307	0.094328	0.094335	0.094342	0.0943381	0.0943342	0.0943413	0.0943484	0.0943435	0.0943386	0.0943451	0.0943515	0.0943463	0.094341	0.0943463	0.0943515	0.0943469	0.0943422	0.0943458	0.0943494	0.0943464	0.0943435	0.0943451	0.0943468	0.0943461	0.0943453	0.0943449	0.0943445	0.0943456	0.0943467	0.0943444	0.0943421	0.0943441	0.0943461	0.0943423	0.0943386	0.0943405	0.0943425	0.094338	0.0943335	0.0943349	0.0943362	0.0943319	0.0943275	0.0943282	0.0943289	0.0943261	0.0943234	0.0943237	0.0943239	0.0943249	0.0943258	0.0943239	0.0943219	0.0943187	
0.117885	0.117881	0.117878	0.117875	0.117882	0.117889	0.117888	0.117886	0.117894	0.117902	0.117899	0.117896	0.117906	0.117915	0.11791	0.117906	0.117915	0.117924	0.117919	0.117913	0.117921	0.11793	0.117923	0.117917	0.117924	0.117931	0.117925	0.117919	0.117924	0.117928	0.117925	0.117921	0.117923	0.117925	0.117924	0.117923	0.117923	0.117922	0.117924	0.117925	0.117922	0.117919	0.117921	0.117923	0.117918	0.117913	0.117916	0.117918	0.117912	0.117906	0.117908	0.117909	0.117904	0.117898	0.117899	0.1179	0.117896	0.117893	0.117893	0.117893	0.117893	0.117894	0.117891	0.117888	0.117885	
0.141448	0.141449	0.141447	0.141445	0.141451	0.141457	0.141454	0.141451	0.141461	0.14147	0.141467	0.141464	0.141475	0.141486	0.141482	0.141477	0.141489	0.1415	0.141494	0.141488	0.141498	0.141509	0.141502	0.141495	0.141504	0.141513	0.141506	0.141499	0.141506	0.141512	0.141507	0.141503	0.141505	0.141508	0.141507	0.141506	0.141505	0.141503	0.141505	0.141506	0.141502	0.141498	0.1415	0.141502	0.141496	0.141489	0.141492	0.141494	0.141486	0.141479	0.14148	0.141481	0.141474	0.141467	0.141467	0.141467	0.141462	0.141457	0.141456	0.141454	0.141453	0.141451	0.141449	0.141447	0.141448	
0.165012	0.165018	0.165016	0.165015	0.16502	0.165025	0.165021	0.165017	0.165028	0.165038	0.165035	0.165031	0.165044	0.165058	0.165053	0.165048	0.165062	0.165076	0.165069	0.165063	0.165076	0.165089	0.165081	0.165073	0.165084	0.165095	0.165087	0.16508	0.165087	0.165095	0.16509	0.165085	0.165088	0.165091	0.16509	0.165088	0.165086	0.165085	0.165086	0.165087	0.165082	0.165077	0.165079	0.165081	0.165073	0.165066	0.165067	0.165069	0.16506	0.165051	0.165052	0.165053	0.165044	0.165036	0.165035	0.165034	0.165028	0.165022	0.165019	0.165016	0.165012	0.165008	0.165007	0.165006	0.165012	
0.188551	0.188554	0.188552	0.188551	0.188559	0.188567	0.188563	0.18856	0.188572	0.188585	0.188581	0.188578	0.188593	0.188609	0.188604	0.1886	0.188616	0.188633	0.188627	0.18862	0.188636	0.188652	0.188644	0.188636	0.188649	0.188662	0.188654	0.188645	0.188654	0.188664	0.188658	0.188652	0.188655	0.188659	0.188657	0.188655	0.188653	0.188651	0.188652	0.188653	0.188646	0.18864	0.188641	0.188643	0.188633	0.188623	0.188624	0.188625	0.188614	0.188603	0.188602	0.188602	0.188592	0.188582	0.18858	0.188578	0.188571	0.188564	0.188561	0.188558	0.188555	0.188552	0.18855	0.188549	0.188551	
0.212091	0.21209	0.212088	0.212087	0.212098	0.212108	0.212105	0.212103	0.212117	0.212131	0.212128	0.212124	0.212142	0.21216	0.212156	0.212152	0.212171	0.21219	0.212184	0.212178	0.212196	0.212214	0.212206	0.212198	0.212213	0.212229	0.21222	0.212211	0.212222	0.212232	0.212225	0.212219	0.212223	0.212227	0.212225	0.212223	0.21222	0.212218	0.212218	0.212219	0.212211	0.212203	0.212204	0.212205	0.212193	0.212181	0.212181	0.212181	0.212168	0.212155	0.212153	0.212151	0.212139	0.212128	0.212125	0.212122	0.212114	0.212105	0.212102	0.212099	0.212098	0.212096	0.212094	0.212091	0.212091	
0.235625	0.235626	0.235624	0.235623	0.235633	0.235644	0.235642	0.23564	0.235656	0.235671	0.235669	0.235666	0.235686	0.235705	0.235702	0.235699	0.235721	0.235742	0.235737	0.235733	0.235754	0.235774	0.235767	0.23576	0.235778	0.235795	0.235787	0.235778	0.23579	0.235802	0.235795	0.235788	0.235793	0.235798	0.235795	0.235792	0.235788	0.235785	0.235785	0.235784	0.235775	0.235765	0.235764	0.235763	0.23575	0.235736	0.235734	0.235731	0.235717	0.235702	0.235698	0.235695	0.235682	0.235669	0.235664	0.23566	0.235651	0.235642	0.235638	0.235634	0.235632	0.23563	0.235627	0.235624	0.235625	
0.25916	0.259162	0.25916	0.259158	0.259169	0.25918	0.259179	0.259178	0.259194	0.259211	0.25921	0.259208	0.25923	0.259251	0.259249	0.259247	0.259271	0.259295	0.259291	0.259288	0.259311	0.259334	0.259328	0.259322	0.259342	0.259362	0.259353	0.259345	0.259359	0.259373	0.259365	0.259357	0.259362	0.259368	0.259364	0.25936	0.259357	0.259353	0.259351	0.259349	0.259338	0.259327	0.259325	0.259322	0.259306	0.259291	0.259287	0.259282	0.259266	0.259249	0.259244	0.259238	0.259224	0.25921	0.259204	0.259198	0.259188	0.259179	0.259174	0.25917	0.259167	0.259164	0.259161	0.259158	0.25916	
0.282672	0.282674	0.282673	0.282671	0.282682	0.282693	0.282693	0.282692	0.282709	0.282727	0.282727	0.282727	0.282749	0.28277	0.282771	0.282771	0.282796	0.28282	0.28282	0.282819	0.282844	0.282868	0.282865	0.282861	0.282883	0.282904	0.282897	0.28289	0.282905	0.28292	0.282912	0.282904	0.28291	0.282916	0.282911	0.282906	0.282902	0.282898	0.282894	0.28289	0.282878	0.282866	0.28286	0.282855	0.282838	0.282821	0.282814	0.282806	0.282789	0.282772	0.282764	0.282757	0.282742	0.282728	0.282721	0.282713	0.282704	0.282695	0.282689	0.282684	0.282681	0.282678	0.282674	0.28267	0.282672	
0.306185	0.306187	0.306185	0.306184	0.306195	0.306206	0.306206	0.306207	0.306225	0.306242	0.306244	0.306245	0.306268	0.30629	0.306292	0.306295	0.30632	0.306346	0.306348	0.30635	0.306376	0.306403	0.306401	0.3064	0.306423	0.306446	0.30644	0.306434	0.306451	0.306467	0.306459	0.30645	0.306457	0.306463	0.306458	0.306452	0.306448	0.306443	0.306437	0.306431	0.306418	0.306405	0.306396	0.306387	0.306369	0.306352	0.306341	0.306331	0.306313	0.306295	0.306285	0.306275	0.306261	0.306246	0.306237	0.306228	0.306219	0.30621	0.306204	0.306197	0.306194	0.306191	0.306187	0.306183	0.306185	
0.32969	0.329693	0.329692	0.32969	0.3297	0.329711	0.329712	0.329713	0.32973	0.329746	0.329749	0.329753	0.329774	0.329795	0.3298	0.329805	0.32983	0.329855	0.32986	0.329865	0.329891	0.329917	0.32992	0.329924	0.329946	0.329969	0.329967	0.329965	0.329981	0.329998	0.32999	0.329983	0.32999	0.329997	0.329989	0.329982	0.329978	0.329974	0.329964	0.329953	0.32994	0.329928	0.329914	0.329901	0.329884	0.329867	0.329853	0.329839	0.329822	0.329805	0.329792	0.329779	0.329766	0.329753	0.329743	0.329732	0.329724	0.329716	0.329709	0.329701	0.329699	0.329697	0.329692	0.329688	0.32969	
0.353196	0.353199	0.353198	0.353196	0.353206	0.353215	0.353218	0.35322	0.353235	0.35325	0.353255	0.35326	0.35328	0.353301	0.353308	0.353316	0.35334	0.353363	0.353372	0.353381	0.353406	0.353431	0.353439	0.353447	0.35347	0.353492	0.353494	0.353496	0.353512	0.353528	0.353522	0.353516	0.353523	0.35353	0.353521	0.353512	0.353508	0.353504	0.35349	0.353476	0.353463	0.35345	0.353432	0.353414	0.353398	0.353382	0.353364	0.353346	0.353331	0.353315	0.3533	0.353284	0.353272	0.35326	0.353248	0.353236	0.353229	0.353222	0.353214	0.353206	0.353204	0.353202	0.353197	0.353193	0.353196	
0.376689	0.376692	0.376691	0.37669	0.376698	0.376706	0.376708	0.376711	0.376724	0.376736	0.376743	0.376749	0.376765	0.376782	0.376792	0.376802	0.376822	0.376841	0.376855	0.376869	0.376889	0.37691	0.376925	0.376939	0.376958	0.376976	0.376985	0.376994	0.377007	0.37702	0.377017	0.377014	0.377021	0.377027	0.377016	0.377004	0.377002	0.377001	0.37698	0.37696	0.37695	0.376941	0.376917	0.376893	0.37688	0.376868	0.376846	0.376824	0.376812	0.376801	0.376783	0.376765	0.376757	0.376749	0.376736	0.376722	0.376718	0.376714	0.376705	0.376696	0.376696	0.376695	0.37669	0.376685	0.376689	
0.400181	0.400185	0.400184	0.400183	0.400189	0.400196	0.400199	0.400203	0.400213	0.400223	0.40023	0.400238	0.400251	0.400263	0.400276	0.400289	0.400304	0.400318	0.400337	0.400356	0.400373	0.400389	0.40041	0.400431	0.400446	0.40046	0.400476	0.400492	0.400502	0.400512	0.400512	0.400512	0.400518	0.400525	0.40051	0.400496	0.400496	0.400497	0.40047	0.400444	0.400437	0.400431	0.400402	0.400372	0.400363	0.400354	0.400328	0.400301	0.400294	0.400287	0.400267	0.400247	0.400242	0.400238	0.400223	0.400209	0.400207	0.400205	0.400196	0.400186	0.400187	0.400188	0.400183	0.400178	0.400181	
0.423678	0.423682	0.423681	0.42368	0.423685	0.423689	0.423692	0.423696	0.423701	0.423706	0.423715	0.423724	0.423729	0.423735	0.42375	0.423764	0.423771	0.423778	0.4238	0.423823	0.42383	0.423837	0.423866	0.423895	0.4239	0.423905	0.423932	0.42396	0.423961	0.423962	0.423972	0.423982	0.423987	0.423992	0.42397	0.423948	0.423955	0.423962	0.423926	0.423891	0.423892	0.423892	0.423857	0.423821	0.42382	0.423819	0.42379	0.423761	0.423761	0.423761	0.423741	0.42372	0.423721	0.423722	0.423708	0.423693	0.423695	0.423698	0.423688	0.423679	0.423682	0.423685	0.42368	0.423675	0.423678	
0.447176	0.44718	0.447179	0.447178	0.44718	0.447182	0.447185	0.447189	0.44719	0.44719	0.4472	0.447209	0.447208	0.447208	0.447224	0.44724	0.447238	0.447237	0.447263	0.447289	0.447287	0.447284	0.447322	0.447359	0.447354	0.447349	0.447388	0.447428	0.44742	0.447412	0.447432	0.447451	0.447456	0.44746	0.44743	0.447401	0.447414	0.447427	0.447382	0.447337	0.447346	0.447354	0.447312	0.44727	0.447277	0.447283	0.447253	0.447222	0.447229	0.447236	0.447214	0.447193	0.4472	0.447207	0.447192	0.447177	0.447184	0.44719	0.447181	0.447171	0.447177	0.447182	0.447177	0.447172	0.447176	
0.47068	0.470684	0.470683	0.470682	0.470681	0.47068	0.470684	0.470687	0.470682	0.470677	0.470686	0.470695	0.470685	0.470676	0.470692	0.470709	0.470696	0.470683	0.470711	0.470738	0.470721	0.470704	0.470748	0.470792	0.470769	0.470747	0.470802	0.470857	0.470835	0.470812	0.470846	0.47088	0.470881	0.470882	0.470843	0.470804	0.470827	0.470851	0.470795	0.47074	0.470761	0.470783	0.470738	0.470692	0.470712	0.470731	0.4707	0.470669	0.470687	0.470704	0.470683	0.470662	0.470678	0.470693	0.470679	0.470664	0.470676	0.470688	0.470679	0.47067	0.470678	0.470686	0.470681	0.470675	0.47068	
0.494184	0.494189	0.494188	0.494186	0.494183	0.494179	0.494182	0.494185	0.494174	0.494163	0.494172	0.494181	0.494162	0.494144	0.494161	0.494178	0.494153	0.494129	0.494158	0.494188	0.494155	0.494123	0.494173	0.494224	0.494185	0.494145	0.494216	0.494287	0.494249	0.494212	0.49426	0.494308	0.494306	0.494303	0.494255	0.494206	0.49424	0.494274	0.494208	0.494142	0.494177	0.494212	0.494163	0.494114	0.494147	0.494179	0.494148	0.494116	0.494144	0.494173	0.494152	0.494132	0.494155	0.494179	0.494165	0.494152	0.494169	0.494186	0.494177	0.494168	0.494179	0.49419	0.494185	0.494179	0.494184	
0.517714	0.517718	0.517717	0.517716	0.517709	0.517702	0.517705	0.517707	0.51769	0.517673	0.51768	0.517686	0.517659	0.517632	0.517645	0.517659	0.51762	0.517581	0.517608	0.517636	0.517582	0.517529	0.517583	0.517636	0.517567	0.517497	0.517586	0.517675	0.517604	0.517534	0.517623	0.517713	0.517705	0.517696	0.517614	0.517531	0.517593	0.517654	0.517577	0.5175	0.517561	0.517621	0.517574	0.517527	0.517576	0.517625	0.517599	0.517573	0.517613	0.517653	0.517637	0.517621	0.517653	0.517684	0.517673	0.517663	0.517685	0.517707	0.5177	0.517693	0.517706	0.517719	0.517714	0.51771	0.517714	
0.541244	0.541248	0.541246	0.541245	0.541235	0.541226	0.541227	0.541228	0.541205	0.541182	0.541187	0.541192	0.541156	0.541119	0.541129	0.54114	0.541087	0.541034	0.541059	0.541084	0.54101	0.540935	0.540992	0.541049	0.540949	0.540849	0.540956	0.541062	0.540959	0.540856	0.540987	0.541118	0.541104	0.541089	0.540973	0.540856	0.540945	0.541034	0.540946	0.540859	0.540944	0.54103	0.540985	0.540939	0.541005	0.541071	0.54105	0.541029	0.541081	0.541132	0.541122	0.541111	0.54115	0.541189	0.541182	0.541175	0.541201	0.541228	0.541223	0.541218	0.541232	0.541247	0.541243	0.54124	0.541244	
0.564804	0.564807	0.564805	0.564803	0.564792	0.56478	0.56478	0.564781	0.564754	0.564727	0.56473	0.564733	0.564689	0.564645	0.564652	0.564659	0.564594	0.564529	0.564547	0.564565	0.564471	0.564378	0.564421	0.564465	0.564333	0.564202	0.564304	0.564406	0.564247	0.564087	0.56427	0.564454	0.564423	0.564392	0.564244	0.564095	0.564232	0.564369	0.564298	0.564227	0.564335	0.564443	0.564414	0.564385	0.564468	0.564552	0.564539	0.564526	0.564589	0.564651	0.564645	0.564639	0.564684	0.564729	0.564725	0.564721	0.564751	0.56478	0.564777	0.564774	0.56479	0.564806	0.564803	0.5648	0.564804	
0.588363	0.588367	0.588365	0.588362	0.588348	0.588335	0.588334	0.588334	0.588303	0.588272	0.588273	0.588273	0.588223	0.588172	0.588175	0.588178	0.588101	0.588025	0.588035	0.588046	0.587933	0.58782	0.58785	0.58788	0.587718	0.587556	0.587653	0.58775	0.587534	0.587317	0.587554	0.58779	0.587743	0.587696	0.587515	0.587333	0.587518	0.587703	0.587649	0.587595	0.587725	0.587856	0.587843	0.58783	0.587931	0.588032	0.588028	0.588024	0.588097	0.58817	0.588168	0.588166	0.588218	0.58827	0.588268	0.588266	0.5883	0.588333	0.588332	0.58833	0.588347	0.588365	0.588362	0.588359	0.588363	
0.611961	0.611965	0.611962	0.61196	0.611946	0.611932	0.61193	0.611929	0.611898	0.611866	0.611865	0.611863	0.611811	0.611758	0.611757	0.611756	0.611675	0.611594	0.611594	0.611595	0.611471	0.611347	0.611357	0.611367	0.61117	0.610974	0.611031	0.611089	0.610804	0.61052	0.610799	0.611077	0.611005	0.610932	0.610733	0.610535	0.610789	0.611043	0.611034	0.611024	0.611184	0.611344	0.611352	0.61136	0.611471	0.611582	0.611588	0.611594	0.611671	0.611748	0.611751	0.611754	0.611807	0.611859	0.61186	0.611861	0.611894	0.611928	0.611928	0.611927	0.611944	0.611961	0.611959	0.611957	0.611961	
0.635558	0.635563	0.63556	0.635557	0.635543	0.635529	0.635526	0.635524	0.635492	0.63546	0.635457	0.635453	0.635399	0.635345	0.635339	0.635333	0.635248	0.635163	0.635153	0.635144	0.635009	0.634873	0.634863	0.634853	0.634622	0.634392	0.63441	0.634427	0.634075	0.633723	0.634044	0.634365	0.634266	0.634168	0.633952	0.633736	0.634059	0.634382	0.634418	0.634454	0.634643	0.634832	0.634861	0.63489	0.635011	0.635132	0.635149	0.635165	0.635245	0.635325	0.635334	0.635342	0.635395	0.635449	0.635452	0.635455	0.635489	0.635523	0.635523	0.635524	0.635541	0.635557	0.635556	0.635554	0.635558	
0.659184	0.659189	0.659186	0.659184	0.659171	0.659159	0.659156	0.659153	0.659125	0.659098	0.659093	0.659088	0.65904	0.658992	0.658984	0.658976	0.658898	0.658821	0.658806	0.658792	0.658661	0.658529	0.658506	0.658482	0.65823	0.657978	0.657948	0.657918	0.657387	0.656855	0.656667	0.656479	0.656311	0.656143	0.656529	0.656914	0.657407	0.6579	0.657966	0.658032	0.658249	0.658467	0.658505	0.658543	0.658663	0.658782	0.658802	0.658823	0.658896	0.65897	0.65898	0.658989	0.659037	0.659084	0.659088	0.659092	0.659122	0.659151	0.659152	0.659153	0.659167	0.659182	0.659181	0.659179	0.659184	
0.68281	0.682816	0.682813	0.68281	0.6828	0.682789	0.682786	0.682782	0.682758	0.682735	0.682729	0.682723	0.682682	0.68264	0.68263	0.682619	0.682549	0.682479	0.682459	0.682439	0.682312	0.682186	0.682148	0.682111	0.681838	0.681564	0.681487	0.681409	0.680698	0.679948	0.679071	0.678477	0.6781	0.678003	0.679011	0.680054	0.6808	0.681417	0.681514	0.68161	0.681856	0.682102	0.682149	0.682197	0.682314	0.682432	0.682456	0.682481	0.682548	0.682614	0.682626	0.682637	0.682679	0.68272	0.682725	0.682729	0.682754	0.68278	0.68278	0.682781	0.682794	0.682807	0.682806	0.682805	0.68281	
0.706468	0.706473	0.70647	0.706467	0.70646	0.706454	0.706451	0.706447	0.706432	0.706416	0.706411	0.706407	0.706378	0.706349	0.706342	0.706334	0.706285	0.706236	0.706221	0.706205	0.706115	0.706025	0.705995	0.705965	0.705763	0.705561	0.705508	0.705456	0.704773	0.70358	0.702039	0.700131	0.698614	0.699299	0.702084	0.703729	0.704585	0.705469	0.705517	0.705564	0.705762	0.70596	0.705993	0.706025	0.706113	0.706202	0.706219	0.706235	0.706284	0.706332	0.70634	0.706347	0.706377	0.706407	0.706409	0.706412	0.70643	0.706449	0.706448	0.706448	0.706458	0.706467	0.706465	0.706463	0.706468	
0.730126	0.73013	0.730127	0.730124	0.730121	0.730118	0.730116	0.730113	0.730105	0.730097	0.730094	0.73009	0.730075	0.730059	0.730054	0.730048	0.730021	0.729993	0.729982	0.729972	0.729918	0.729863	0.729841	0.729818	0.729688	0.729557	0.72953	0.729503	0.728848	0.728177	0.726552	0.72202	0.715837	0.721444	0.726687	0.728196	0.728817	0.72952	0.729519	0.729519	0.729669	0.729819	0.729836	0.729853	0.729912	0.729972	0.729981	0.72999	0.73002	0.73005	0.730053	0.730057	0.730075	0.730093	0.730094	0.730095	0.730106	0.730118	0.730117	0.730116	0.730121	0.730127	0.730124	0.730122	0.730126	
0.753787	0.753792	0.753789	0.753785	0.753787	0.753789	0.753787	0.753785	0.753787	0.753788	0.753787	0.753784	0.753786	0.753788	0.753786	0.753784	0.753787	0.753789	0.753786	0.753783	0.753789	0.753794	0.753786	0.753779	0.753795	0.753812	0.753784	0.753757	0.753777	0.753806	0.753798	0.753792	0.753822	0.753666	0.753261	0.753651	0.753698	0.753783	0.753769	0.753754	0.753769	0.753783	0.75378	0.753776	0.753781	0.753786	0.753784	0.753783	0.753785	0.753788	0.753786	0.753785	0.753787	0.753789	0.753787	0.753785	0.753788	0.75379	0.753788	0.753786	0.753787	0.753789	0.753786	0.753783	0.753787	
0.777449	0.777454	0.777451	0.777447	0.777454	0.77746	0.777458	0.777456	0.777468	0.77748	0.777479	0.777479	0.777498	0.777517	0.777519	0.77752	0.777553	0.777585	0.77759	0.777594	0.77766	0.777725	0.777732	0.777739	0.777903	0.778067	0.778039	0.778011	0.778706	0.779429	0.781004	0.785977	0.791454	0.785419	0.780872	0.779281	0.778654	0.778046	0.778018	0.77799	0.777869	0.777748	0.777723	0.777699	0.77765	0.777601	0.777588	0.777575	0.777551	0.777526	0.777519	0.777512	0.777499	0.777485	0.777481	0.777476	0.777469	0.777463	0.777459	0.777456	0.777453	0.777451	0.777448	0.777444	0.777449	
0.801109	0.801115	0.801112	0.801109	0.801119	0.801129	0.801128	0.801127	0.801146	0.801166	0.801166	0.801167	0.801199	0.801231	0.801235	0.801239	0.801292	0.801345	0.801356	0.801366	0.801464	0.801562	0.801582	0.801603	0.801824	0.802045	0.802069	0.802094	0.802802	0.804028	0.805505	0.807769	0.808763	0.807588	0.805509	0.803962	0.803029	0.802139	0.802061	0.801984	0.8018	0.801616	0.801577	0.801537	0.801456	0.801374	0.801354	0.801333	0.801289	0.801245	0.801234	0.801224	0.801198	0.801172	0.801166	0.801159	0.801145	0.801131	0.801127	0.801122	0.801117	0.801111	0.801108	0.801104	0.801109	
0.82477	0.824776	0.824774	0.824771	0.824785	0.824799	0.824798	0.824797	0.824824	0.824851	0.824853	0.824855	0.8249	0.824945	0.824951	0.824958	0.825032	0.825105	0.825121	0.825137	0.825268	0.825399	0.825433	0.825466	0.825745	0.826023	0.8261	0.826176	0.826898	0.827661	0.828476	0.829165	0.829246	0.829116	0.82847	0.827625	0.826874	0.826231	0.826105	0.825978	0.825731	0.825485	0.82543	0.825375	0.825262	0.825148	0.825119	0.825091	0.825028	0.824965	0.82495	0.824935	0.824897	0.824859	0.824851	0.824842	0.824821	0.824799	0.824794	0.824789	0.82478	0.824771	0.824768	0.824764	0.82477	
0.848405	0.84841	0.848407	0.848404	0.84842	0.848435	0.848435	0.848434	0.848465	0.848496	0.848497	0.848498	0.848549	0.8486	0.848604	0.848609	0.848689	0.84877	0.848781	0.848791	0.848925	0.849058	0.849079	0.8491	0.84935	0.8496	0.849637	0.849674	0.850201	0.850732	0.850956	0.851071	0.851083	0.851081	0.850967	0.850714	0.850274	0.849721	0.849643	0.849565	0.849343	0.849121	0.849079	0.849036	0.84892	0.848804	0.84878	0.848756	0.848687	0.848617	0.848604	0.84859	0.848547	0.848504	0.848496	0.848488	0.848463	0.848438	0.848433	0.848429	0.848418	0.848406	0.848403	0.848399	0.848405	
0.872039	0.872044	0.872041	0.872037	0.872055	0.872072	0.872072	0.872071	0.872106	0.872141	0.872141	0.872141	0.872198	0.872255	0.872257	0.872259	0.872347	0.872435	0.87244	0.872446	0.872581	0.872717	0.872726	0.872734	0.872956	0.873177	0.873174	0.873172	0.873505	0.873838	0.873494	0.873149	0.873194	0.873238	0.873524	0.87381	0.87351	0.87321	0.873181	0.873151	0.872954	0.872757	0.872727	0.872697	0.872579	0.87246	0.872441	0.872421	0.872345	0.872269	0.872258	0.872246	0.872197	0.872148	0.872141	0.872134	0.872105	0.872076	0.872072	0.872068	0.872055	0.872042	0.872038	0.872034	0.872039	
0.895631	0.895636	0.895632	0.895629	0.895646	0.895663	0.895661	0.89566	0.895694	0.895728	0.895727	0.895725	0.89578	0.895835	0.895833	0.895831	0.895914	0.895997	0.895993	0.895989	0.896113	0.896237	0.896225	0.896212	0.896402	0.896592	0.896547	0.896502	0.896772	0.897042	0.896753	0.896464	0.896494	0.896525	0.896768	0.897012	0.896776	0.89654	0.896555	0.89657	0.896403	0.896237	0.896229	0.896222	0.896113	0.896005	0.895996	0.895988	0.895915	0.895842	0.895835	0.895829	0.895781	0.895732	0.895728	0.895724	0.895695	0.895666	0.895663	0.89566	0.895647	0.895633	0.89563	0.895626	0.895631	
0.919223	0.919227	0.919224	0.91922	0.919237	0.919253	0.919251	0.919249	0.919282	0.919316	0.919312	0.919309	0.919362	0.919415	0.919409	0.919403	0.919482	0.91956	0.919547	0.919533	0.919645	0.919758	0.919724	0.91969	0.919849	0.920008	0.91992	0.919833	0.920039	0.920245	0.920011	0.919778	0.919795	0.919813	0.920013	0.920214	0.920042	0.91987	0.919929	0.919989	0.919852	0.919716	0.919731	0.919747	0.919648	0.91955	0.919552	0.919554	0.919484	0.919414	0.919413	0.919412	0.919365	0.919317	0.919316	0.919314	0.919285	0.919255	0.919254	0.919252	0.919238	0.919225	0.919222	0.919219	0.919223	
0.942776	0.94278	0.942777	0.942773	0.942788	0.942802	0.942799	0.942796	0.942824	0.942853	0.942848	0.942843	0.942888	0.942934	0.942924	0.942914	0.94298	0.943046	0.943027	0.943008	0.9431	0.943191	0.943151	0.94311	0.943237	0.943363	0.943266	0.943169	0.943324	0.94348	0.943296	0.943112	0.943125	0.943138	0.943301	0.943464	0.943331	0.943199	0.943277	0.943354	0.943243	0.943132	0.94316	0.943187	0.943105	0.943024	0.943034	0.943045	0.942985	0.942925	0.94293	0.942935	0.942892	0.94285	0.942853	0.942855	0.942828	0.942801	0.942801	0.942802	0.942789	0.942777	0.942775	0.942773	0.942776	
0.966329	0.966332	0.966329	0.966327	0.966339	0.966351	0.966347	0.966343	0.966367	0.966391	0.966384	0.966376	0.966414	0.966452	0.966439	0.966426	0.966479	0.966532	0.966508	0.966484	0.966554	0.966624	0.966577	0.96653	0.966624	0.966719	0.966612	0.966504	0.966609	0.966715	0.96658	0.966446	0.966455	0.966463	0.966588	0.966713	0.966621	0.966528	0.966624	0.96672	0.966634	0.966549	0.966588	0.966627	0.966562	0.966498	0.966517	0.966536	0.966486	0.966435	0.966446	0.966457	0.96642	0.966384	0.966389	0.966395	0.966371	0.966347	0.966349	0.966351	0.96634	0.966328	0.966328	0.966327	0.966329	
0.989851	0.989853	0.989851	0.989848	0.989857	0.989866	0.989862	0.989857	0.989875	0.989893	0.989885	0.989877	0.989905	0.989932	0.989918	0.989904	0.989943	0.989981	0.989954	0.989927	0.989977	0.990028	0.989979	0.989931	0.989996	0.990062	0.989974	0.989887	0.989956	0.990026	0.989939	0.989851	0.989853	0.989855	0.989944	0.990032	0.989967	0.989901	0.989985	0.990069	0.990007	0.989945	0.989991	0.990036	0.989987	0.989938	0.989965	0.989991	0.989952	0.989912	0.989927	0.989942	0.989912	0.989882	0.989891	0.9899	0.98988	0.98986	0.989864	0.989868	0.989859	0.989849	0.989849	0.989849	0.989851	
1.01337	1.01337	1.01337	1.01337	1.01338	1.01338	1.01338	1.01337	1.01338	1.01339	1.01339	1.01338	1.0134	1.01341	1.0134	1.01338	1.01341	1.01343	1.0134	1.01337	1.0134	1.01343	1.01338	1.01333	1.01337	1.0134	1.01334	1.01327	1.0133	1.01334	1.0133	1.01326	1.01325	1.01325	1.0133	1.01335	1.01331	1.01327	1.01335	1.01342	1.01338	1.01334	1.01339	1.01345	1.01341	1.01338	1.01341	1.01345	1.01342	1.01339	1.01341	1.01343	1.0134	1.01338	1.01339	1.0134	1.01339	1.01337	1.01338	1.01339	1.01338	1.01337	1.01337	1.01337	1.01337	
1.03687	1.03687	1.03687	1.03687	1.03687	1.03687	1.03687	1.03686	1.03687	1.03687	1.03687	1.03686	1.03687	1.03687	1.03686	1.03684	1.03685	1.03687	1.03684	1.03681	1.03683	1.03684	1.0368	1.03676	1.03678	1.0368	1.03675	1.0367	1.03671	1.03673	1.03671	1.03668	1.03667	1.03667	1.03671	1.03675	1.03672	1.03669	1.03675	1.03682	1.03679	1.03676	1.03681	1.03686	1.03684	1.03682	1.03685	1.03689	1.03687	1.03685	1.03687	1.03689	1.03687	1.03686	1.03687	1.03689	1.03687	1.03686	1.03687	1.03688	1.03687	1.03687	1.03687	1.03687	1.03687	
1.06037	1.06037	1.06037	1.06037	1.06037	1.06037	1.06036	1.06036	1.06036	1.06036	1.06035	1.06034	1.06034	1.06033	1.06032	1.0603	1.0603	1.0603	1.06028	1.06025	1.06025	1.06025	1.06022	1.06019	1.06019	1.06019	1.06016	1.06012	1.06013	1.06013	1.06012	1.0601	1.0601	1.06009	1.06012	1.06015	1.06013	1.06011	1.06016	1.06021	1.0602	1.06018	1.06023	1.06028	1.06027	1.06025	1.06029	1.06032	1.06031	1.06031	1.06033	1.06035	1.06035	1.06034	1.06035	1.06037	1.06036	1.06035	1.06036	1.06037	1.06037	1.06036	1.06037	1.06037	1.06037	
1.08386	1.08386	1.08386	1.08386	1.08385	1.08385	1.08384	1.08384	1.08383	1.08383	1.08382	1.08381	1.0838	1.08379	1.08378	1.08377	1.08376	1.08375	1.08373	1.08371	1.0837	1.08369	1.08367	1.08364	1.08363	1.08362	1.0836	1.08358	1.08358	1.08357	1.08357	1.08357	1.08355	1.08354	1.08357	1.0836	1.08358	1.08357	1.08361	1.08365	1.08365	1.08364	1.08368	1.08372	1.08371	1.08371	1.08374	1.08377	1.08377	1.08377	1.08379	1.08382	1.08381	1.08381	1.08383	1.08384	1.08384	1.08384	1.08385	1.08386	1.08385	1.08385	1.08385	1.08386	1.08386	
1.10734	1.10734	1.10734	1.10734	1.10734	1.10733	1.10733	1.10733	1.10731	1.1073	1.10729	1.10729	1.10727	1.10725	1.10725	1.10724	1.10722	1.1072	1.10718	1.10717	1.10715	1.10713	1.10712	1.1071	1.10708	1.10706	1.10705	1.10704	1.10703	1.10701	1.10702	1.10703	1.10701	1.107	1.10702	1.10704	1.10704	1.10703	1.10706	1.10709	1.10709	1.10709	1.10713	1.10716	1.10716	1.10717	1.1072	1.10723	1.10723	1.10723	1.10726	1.10728	1.10728	1.10728	1.1073	1.10732	1.10732	1.10732	1.10733	1.10734	1.10734	1.10734	1.10734	1.10735	1.10734	
1.13083	1.13083	1.13083	1.13083	1.13082	1.13081	1.13081	1.13081	1.13079	1.13078	1.13077	1.13077	1.13075	1.13073	1.13072	1.13072	1.13069	1.13067	1.13066	1.13065	1.13063	1.1306	1.13059	1.13059	1.13056	1.13054	1.13054	1.13053	1.13052	1.1305	1.13051	1.13052	1.1305	1.13049	1.13051	1.13053	1.13052	1.13051	1.13054	1.13057	1.13057	1.13057	1.1306	1.13063	1.13064	1.13064	1.13067	1.1307	1.1307	1.13071	1.13073	1.13076	1.13076	1.13076	1.13078	1.1308	1.1308	1.1308	1.13081	1.13082	1.13082	1.13082	1.13083	1.13083	1.13083	
1.15431	1.15431	1.15431	1.15432	1.1543	1.15429	1.15429	1.15429	1.15427	1.15425	1.15425	1.15425	1.15423	1.1542	1.1542	1.1542	1.15417	1.15414	1.15414	1.15413	1.1541	1.15407	1.15407	1.15407	1.15404	1.15401	1.15402	1.15402	1.154	1.15398	1.15399	1.154	1.15399	1.15398	1.15399	1.15401	1.15401	1.154	1.15402	1.15404	1.15405	1.15405	1.15408	1.1541	1.15411	1.15412	1.15415	1.15417	1.15418	1.15419	1.15421	1.15423	1.15424	1.15424	1.15426	1.15428	1.15428	1.15428	1.15429	1.15431	1.15431	1.1543	1.15431	1.15432	1.15431	
1.17781	1.17781	1.17781	1.17781	1.1778	1.17778	1.17779	1.17779	1.17777	1.17775	1.17775	1.17775	1.17772	1.1777	1.1777	1.1777	1.17767	1.17764	1.17764	1.17764	1.1776	1.17757	1.17758	1.17758	1.17755	1.17752	1.17753	1.17754	1.17752	1.1775	1.17751	1.17752	1.17751	1.1775	1.17751	1.17753	1.17752	1.17752	1.17754	1.17755	1.17756	1.17756	1.17758	1.1776	1.17761	1.17762	1.17765	1.17767	1.17768	1.17769	1.17771	1.17772	1.17773	1.17774	1.17775	1.17777	1.17777	1.17778	1.17779	1.1778	1.1778	1.1778	1.1778	1.17781	1.17781	
1.2013	1.2013	1.2013	1.20131	1.20129	1.20128	1.20128	1.20129	1.20126	1.20124	1.20124	1.20125	1.20122	1.20119	1.20119	1.2012	1.20116	1.20113	1.20114	1.20114	1.20111	1.20108	1.20108	1.20109	1.20106	1.20103	1.20105	1.20106	1.20103	1.20101	1.20103	1.20104	1.20103	1.20102	1.20103	1.20104	1.20104	1.20104	1.20105	1.20106	1.20107	1.20107	1.20109	1.20111	1.20112	1.20113	1.20114	1.20116	1.20117	1.20118	1.2012	1.20122	1.20123	1.20123	1.20125	1.20127	1.20127	1.20127	1.20128	1.2013	1.20129	1.20129	1.2013	1.20131	1.2013	
1.22481	1.22481	1.22482	1.22482	1.2248	1.22479	1.22479	1.2248	1.22478	1.22475	1.22476	1.22476	1.22474	1.22471	1.22471	1.22472	1.22469	1.22466	1.22466	1.22467	1.22464	1.22461	1.22462	1.22463	1.2246	1.22457	1.22459	1.2246	1.22458	1.22456	1.22457	1.22459	1.22457	1.22456	1.22457	1.22458	1.22458	1.22458	1.22459	1.2246	1.22461	1.22461	1.22462	1.22464	1.22465	1.22466	1.22467	1.22469	1.2247	1.22471	1.22472	1.22474	1.22474	1.22475	1.22476	1.22478	1.22478	1.22478	1.2248	1.22481	1.22481	1.2248	1.22481	1.22482	1.22481	
1.24832	1.24832	1.24833	1.24833	1.24832	1.2483	1.24831	1.24831	1.24829	1.24827	1.24827	1.24828	1.24825	1.24823	1.24823	1.24824	1.24821	1.24818	1.24819	1.2482	1.24817	1.24814	1.24815	1.24817	1.24814	1.24811	1.24813	1.24814	1.24812	1.2481	1.24812	1.24813	1.24812	1.24811	1.24812	1.24813	1.24813	1.24812	1.24813	1.24814	1.24815	1.24815	1.24816	1.24817	1.24818	1.24819	1.2482	1.24821	1.24822	1.24823	1.24824	1.24825	1.24826	1.24827	1.24828	1.24829	1.2483	1.2483	1.24831	1.24832	1.24832	1.24831	1.24832	1.24833	1.24832	
1.27186	1.27186	1.27186	1.27187	1.27185	1.27183	1.27184	1.27185	1.27183	1.27181	1.27181	1.27182	1.2718	1.27177	1.27178	1.27179	1.27176	1.27173	1.27174	1.27175	1.27173	1.2717	1.27171	1.27173	1.2717	1.27168	1.27169	1.27171	1.27169	1.27167	1.27168	1.2717	1.27169	1.27167	1.27168	1.27169	1.27169	1.27169	1.2717	1.2717	1.27171	1.27171	1.27172	1.27172	1.27173	1.27174	1.27175	1.27176	1.27177	1.27177	1.27178	1.27179	1.2718	1.27181	1.27182	1.27183	1.27183	1.27183	1.27185	1.27186	1.27185	1.27185	1.27185	1.27186	1.27186	
1.29539	1.29539	1.2954	1.2954	1.29538	1.29537	1.29538	1.29539	1.29536	1.29534	1.29535	1.29536	1.29534	1.29532	1.29532	1.29533	1.29531	1.29528	1.2953	1.29531	1.29528	1.29526	1.29527	1.29529	1.29526	1.29524	1.29526	1.29527	1.29525	1.29524	1.29525	1.29526	1.29525	1.29524	1.29525	1.29526	1.29526	1.29525	1.29526	1.29526	1.29527	1.29527	1.29527	1.29528	1.29529	1.29529	1.2953	1.29531	1.29531	1.29532	1.29533	1.29534	1.29534	1.29535	1.29536	1.29537	1.29537	1.29537	1.29538	1.29539	1.29539	1.29538	1.29539	1.29539	1.29539	
1.31895	1.31894	1.31895	1.31896	1.31894	1.31893	1.31893	1.31894	1.31893	1.31891	1.31892	1.31892	1.3189	1.31888	1.31889	1.3189	1.31888	1.31886	1.31887	1.31888	1.31886	1.31884	1.31885	1.31886	1.31885	1.31883	1.31884	1.31885	1.31884	1.31882	1.31884	1.31885	1.31884	1.31883	1.31884	1.31884	1.31884	1.31884	1.31884	1.31885	1.31885	1.31885	1.31885	1.31886	1.31886	1.31887	1.31887	1.31888	1.31888	1.31889	1.3189	1.3189	1.31891	1.31891	1.31892	1.31893	1.31893	1.31893	1.31894	1.31895	1.31894	1.31894	1.31894	1.31895	1.31895	
1.3425	1.3425	1.34251	1.34251	1.3425	1.34249	1.34249	1.3425	1.34249	1.34247	1.34248	1.34249	1.34247	1.34245	1.34246	1.34247	1.34245	1.34243	1.34244	1.34245	1.34244	1.34242	1.34243	1.34244	1.34243	1.34241	1.34242	1.34244	1.34242	1.34241	1.34242	1.34243	1.34242	1.34241	1.34242	1.34243	1.34242	1.34242	1.34242	1.34243	1.34243	1.34243	1.34243	1.34244	1.34244	1.34244	1.34245	1.34245	1.34245	1.34246	1.34246	1.34247	1.34247	1.34248	1.34248	1.34249	1.34249	1.34249	1.3425	1.3425	1.3425	1.3425	1.3425	1.34251	1.3425	
1.36607	1.36607	1.36608	1.36608	1.36607	1.36606	1.36607	1.36607	1.36606	1.36605	1.36605	1.36606	1.36605	1.36603	1.36604	1.36605	1.36603	1.36602	1.36603	1.36604	1.36602	1.36601	1.36602	1.36603	1.36602	1.366	1.36601	1.36602	1.36601	1.366	1.36601	1.36602	1.36601	1.36601	1.36601	1.36602	1.36601	1.36601	1.36601	1.36602	1.36602	1.36602	1.36602	1.36602	1.36602	1.36603	1.36603	1.36603	1.36603	1.36604	1.36604	1.36604	1.36605	1.36605	1.36606	1.36606	1.36606	1.36606	1.36607	1.36607	1.36607	1.36607	1.36607	1.36608	1.36607	
1.38965	1.38964	1.38965	1.38965	1.38964	1.38963	1.38964	1.38964	1.38963	1.38962	1.38963	1.38964	1.38962	1.38961	1.38962	1.38963	1.38961	1.3896	1.38961	1.38962	1.38961	1.3896	1.38961	1.38961	1.3896	1.38959	1.3896	1.38961	1.3896	1.3896	1.3896	1.38961	1.3896	1.3896	1.3896	1.38961	1.3896	1.3896	1.3896	1.38961	1.38961	1.3896	1.38961	1.38961	1.38961	1.38961	1.38961	1.38961	1.38962	1.38962	1.38962	1.38962	1.38963	1.38963	1.38963	1.38963	1.38964	1.38964	1.38964	1.38964	1.38964	1.38964	1.38964	1.38965	1.38965	
1.41322	1.41321	1.41322	1.41322	1.41321	1.41321	1.41321	1.41322	1.41321	1.4132	1.4132	1.41321	1.4132	1.41319	1.4132	1.4132	1.41319	1.41318	1.41319	1.4132	1.41319	1.41318	1.41319	1.41319	1.41319	1.41318	1.41319	1.41319	1.41319	1.41318	1.41319	1.41319	1.41319	1.41318	1.41319	1.41319	1.41319	1.41318	1.41319	1.41319	1.41319	1.41319	1.41319	1.41319	1.41319	1.41319	1.41319	1.41319	1.41319	1.4132	1.4132	1.4132	1.4132	1.4132	1.41321	1.41321	1.41321	1.41321	1.41321	1.41321	1.41321	1.41321	1.41321	1.41322	1.41322	
1.43679	1.43679	1.43679	1.43679	1.43678	1.43678	1.43678	1.43679	1.43678	1.43677	1.43678	1.43678	1.43678	1.43677	1.43677	1.43678	1.43677	1.43676	1.43677	1.43678	1.43677	1.43676	1.43677	1.43677	1.43677	1.43676	1.43677	1.43677	1.43677	1.43676	1.43677	1.43677	1.43677	1.43677	1.43677	1.43677	1.43677	1.43677	1.43677	1.43677	1.43677	1.43677	1.43677	1.43677	1.43677	1.43677	1.43677	1.43677	1.43677	1.43677	1.43677	1.43678	1.43678	1.43678	1.43678	1.43678	1.43678	1.43678	1.43678	1.43679	1.43678	1.43678	1.43678	1.43679	1.43679	
1.46035	1.46035	1.46035	1.46036	1.46035	1.46035	1.46035	1.46035	1.46035	1.46034	1.46035	1.46035	1.46035	1.46034	1.46034	1.46035	1.46034	1.46034	1.46034	1.46035	1.46034	1.46034	1.46034	1.46035	1.46034	1.46034	1.46034	1.46034	1.46034	1.46034	1.46034	1.46034	1.46034	1.46034	1.46034	1.46034	1.46034	1.46034	1.46034	1.46034	1.46034	1.46034	1.46034	1.46034	1.46034	1.46034	1.46034	1.46034	1.46034	1.46034	1.46034	1.46035	1.46035	1.46035	1.46035	1.46035	1.46035	1.46035	1.46035	1.46035	1.46035	1.46035	1.46035	1.46035	1.46035	
1.48392	1.48392	1.48392	1.48392	1.48392	1.48392	1.48392	1.48392	1.48392	1.48392	1.48392	1.48392	1.48392	1.48391	1.48392	1.48392	1.48391	1.48391	1.48391	1.48392	1.48391	1.48391	1.48391	1.48392	1.48391	1.48391	1.48391	1.48392	1.48391	1.48391	1.48391	1.48392	1.48391	1.48391	1.48391	1.48391	1.48391	1.48391	1.48391	1.48391	1.48391	1.48391	1.48391	1.48391	1.48391	1.48391	1.48391	1.48391	1.48391	1.48391	1.48392	1.48392	1.48392	1.48392	1.48392	1.48392	1.48392	1.48392	1.48392	1.48392	1.48392	1.48392	1.48392	1.48392	1.48392	
1.50751	1.50751	1.50751	1.50751	1.50751	1.50751	1.50751	1.50751	1.50751	1.50751	1.50751	1.50751	1.50751	1.50751	1.50751	1.50751	1.50751	1.50751	1.50751	1.50751	1.50751	1.50751	1.50751	1.50751	1.50751	1.50751	1.50751	1.50751	1.50751	1.50751	1.50751	1.50751	1.50751	1.50751	1.50751	1.50751	1.50751	1.50751	1.50751	1.50751	1.50751	1.50751	1.50751	1.50751	1.50751	1.50751	1.50751	1.50751	1.50751	1.50751	1.50751	1.50751	1.50751	1.50751	1.50751	1.50751	1.50751	1.50751	1.50751	1.50751	1.50751	1.50751	1.50751	1.50751	1.50751	
