x=125	y=200	z=200	n=65	len=1
b
0	0	0	0	0	0	0	0	0	0	0	0	0	0	0	0	0	0	0	0	0	0	0	0	0	0	0	0	0	0	0	0	0	0	0	0	0	0	0	0	0	0	0	0	0	0	0	0	0	0	0	0	0	0	0	0	0	0	0	0	0	0	0	0	0	
0.0236333	0.0236396	0.0236403	0.023641	0.0236399	0.0236387	0.0236369	0.0236351	0.0236351	0.023635	0.0236332	0.0236314	0.0236316	0.0236319	0.0236299	0.0236278	0.0236279	0.023628	0.0236259	0.0236238	0.0236235	0.0236233	0.0236214	0.0236196	0.0236193	0.023619	0.0236177	0.0236164	0.0236163	0.0236161	0.0236155	0.0236149	0.0236151	0.0236152	0.0236153	0.0236154	0.0236158	0.0236162	0.023617	0.0236178	0.0236183	0.0236188	0.0236202	0.0236216	0.023622	0.0236224	0.0236239	0.0236255	0.0236255	0.0236255	0.0236268	0.0236281	0.0236278	0.0236274	0.0236281	0.0236288	0.0236279	0.023627	0.0236269	0.0236267	0.0236252	0.0236237	0.0236253	0.0236269	0.0236333	
0.0472199	0.0472225	0.0472217	0.0472209	0.0472221	0.0472233	0.0472212	0.0472191	0.0472206	0.0472222	0.0472192	0.0472161	0.0472175	0.0472188	0.047215	0.0472112	0.0472116	0.0472121	0.0472079	0.0472038	0.0472033	0.0472028	0.0471991	0.0471955	0.0471949	0.0471943	0.0471918	0.0471893	0.047189	0.0471888	0.0471877	0.0471865	0.0471869	0.0471873	0.0471874	0.0471875	0.0471884	0.0471893	0.0471909	0.0471924	0.0471934	0.0471945	0.0471974	0.0472003	0.0472012	0.0472021	0.0472054	0.0472087	0.0472087	0.0472087	0.0472116	0.0472144	0.0472137	0.0472129	0.0472148	0.0472167	0.0472157	0.0472148	0.0472158	0.0472168	0.0472167	0.0472165	0.0472169	0.0472172	0.0472199	
0.0708064	0.0708053	0.0708031	0.0708008	0.0708043	0.0708078	0.0708054	0.0708031	0.0708062	0.0708094	0.0708051	0.0708008	0.0708033	0.0708058	0.0708001	0.0707945	0.0707954	0.0707963	0.07079	0.0707838	0.0707831	0.0707824	0.0707769	0.0707713	0.0707704	0.0707696	0.0707659	0.0707621	0.0707618	0.0707615	0.0707598	0.0707581	0.0707588	0.0707594	0.0707595	0.0707596	0.070761	0.0707625	0.0707647	0.0707669	0.0707686	0.0707702	0.0707746	0.070779	0.0707804	0.0707818	0.0707868	0.0707918	0.0707919	0.070792	0.0707963	0.0708006	0.0707996	0.0707985	0.0708015	0.0708045	0.0708035	0.0708025	0.0708048	0.070807	0.0708082	0.0708094	0.0708085	0.0708076	0.0708064	
0.094384	0.0943836	0.0943806	0.0943775	0.0943816	0.0943858	0.0943824	0.094379	0.0943835	0.094388	0.0943825	0.0943771	0.094381	0.0943849	0.0943777	0.0943705	0.094373	0.0943755	0.0943673	0.0943591	0.0943598	0.0943605	0.0943529	0.0943453	0.0943448	0.0943443	0.094339	0.0943338	0.0943338	0.0943338	0.0943314	0.094329	0.0943299	0.0943308	0.0943312	0.0943315	0.0943331	0.0943346	0.094338	0.0943415	0.0943431	0.0943447	0.0943508	0.0943569	0.0943573	0.0943577	0.0943645	0.0943713	0.0943703	0.0943693	0.0943749	0.0943806	0.0943786	0.0943766	0.0943807	0.0943848	0.0943832	0.0943817	0.094384	0.0943863	0.0943867	0.0943872	0.0943858	0.0943844	0.094384	
0.117962	0.117962	0.117958	0.117954	0.117959	0.117964	0.117959	0.117955	0.117961	0.117967	0.11796	0.117953	0.117959	0.117964	0.117955	0.117947	0.117951	0.117955	0.117945	0.117935	0.117937	0.117939	0.117929	0.117919	0.117919	0.117919	0.117912	0.117905	0.117906	0.117906	0.117903	0.1179	0.117901	0.117902	0.117903	0.117903	0.117905	0.117907	0.117911	0.117916	0.117918	0.117919	0.117927	0.117935	0.117934	0.117934	0.117942	0.117951	0.117949	0.117947	0.117954	0.117961	0.117958	0.117955	0.11796	0.117965	0.117963	0.117961	0.117963	0.117966	0.117965	0.117965	0.117963	0.117961	0.117962	
0.141548	0.141552	0.141548	0.141545	0.14155	0.141555	0.14155	0.141544	0.141552	0.14156	0.141553	0.141545	0.141553	0.141562	0.141552	0.141542	0.141548	0.141555	0.141543	0.141531	0.141535	0.141538	0.141527	0.141515	0.141518	0.14152	0.141511	0.141503	0.141504	0.141506	0.141501	0.141497	0.141499	0.141501	0.141501	0.141502	0.141503	0.141505	0.14151	0.141516	0.141516	0.141516	0.141525	0.141534	0.141532	0.141531	0.14154	0.14155	0.141546	0.141542	0.14155	0.141557	0.141552	0.141547	0.141552	0.141556	0.141552	0.141548	0.141549	0.14155	0.141548	0.141546	0.141545	0.141544	0.141548	
0.165134	0.165141	0.165138	0.165135	0.165141	0.165147	0.16514	0.165133	0.165143	0.165153	0.165145	0.165137	0.165148	0.165159	0.165148	0.165137	0.165146	0.165156	0.165142	0.165128	0.165133	0.165138	0.165125	0.165112	0.165116	0.165121	0.16511	0.1651	0.165102	0.165105	0.1651	0.165095	0.165097	0.165099	0.1651	0.1651	0.165102	0.165103	0.165109	0.165116	0.165114	0.165113	0.165123	0.165133	0.16513	0.165128	0.165139	0.16515	0.165144	0.165137	0.165146	0.165154	0.165146	0.165139	0.165143	0.165148	0.165141	0.165135	0.165135	0.165135	0.165132	0.165128	0.165127	0.165127	0.165134	
0.18869	0.188695	0.188692	0.188688	0.188696	0.188705	0.188699	0.188692	0.188706	0.188719	0.18871	0.188702	0.188717	0.188733	0.188721	0.18871	0.188724	0.188738	0.188723	0.188708	0.188719	0.18873	0.188714	0.188698	0.188705	0.188713	0.1887	0.188687	0.188691	0.188696	0.188689	0.188683	0.188685	0.188688	0.188689	0.18869	0.18869	0.188691	0.188699	0.188707	0.188703	0.188699	0.188711	0.188723	0.188716	0.188709	0.18872	0.188731	0.188721	0.188711	0.188718	0.188725	0.188714	0.188703	0.188707	0.18871	0.188702	0.188694	0.188694	0.188695	0.188691	0.188688	0.188686	0.188685	0.18869	
0.212246	0.212249	0.212245	0.21224	0.212252	0.212263	0.212258	0.212252	0.212268	0.212285	0.212276	0.212267	0.212287	0.212306	0.212295	0.212283	0.212302	0.212321	0.212305	0.212289	0.212305	0.212321	0.212303	0.212284	0.212295	0.212306	0.21229	0.212274	0.21228	0.212287	0.212279	0.212271	0.212274	0.212277	0.212279	0.21228	0.212279	0.212278	0.212288	0.212298	0.212292	0.212286	0.212299	0.212313	0.212301	0.21229	0.212301	0.212312	0.212298	0.212284	0.21229	0.212296	0.212282	0.212267	0.21227	0.212273	0.212263	0.212253	0.212253	0.212254	0.212251	0.212247	0.212245	0.212242	0.212246	
0.235787	0.235792	0.235788	0.235783	0.235796	0.235809	0.235804	0.235799	0.235819	0.235839	0.235831	0.235822	0.235847	0.235871	0.23586	0.235848	0.235874	0.235899	0.235883	0.235867	0.235889	0.235911	0.235892	0.235872	0.235889	0.235907	0.235888	0.235869	0.235879	0.23589	0.23588	0.235869	0.235874	0.235878	0.235879	0.235881	0.235878	0.235874	0.235886	0.235897	0.235886	0.235874	0.235888	0.235901	0.235884	0.235867	0.235877	0.235887	0.235868	0.235848	0.235853	0.235858	0.23584	0.235822	0.235823	0.235825	0.235812	0.2358	0.235799	0.235798	0.235794	0.235789	0.235785	0.235782	0.235787	
0.259329	0.259336	0.259331	0.259326	0.25934	0.259355	0.25935	0.259346	0.259369	0.259393	0.259385	0.259378	0.259407	0.259436	0.259425	0.259413	0.259446	0.259478	0.259461	0.259445	0.259473	0.259501	0.25948	0.25946	0.259484	0.259508	0.259485	0.259463	0.259478	0.259493	0.259481	0.259468	0.259473	0.259479	0.25948	0.259482	0.259476	0.25947	0.259483	0.259496	0.25948	0.259463	0.259476	0.259488	0.259466	0.259445	0.259454	0.259463	0.259437	0.259412	0.259416	0.25942	0.259398	0.259377	0.259377	0.259377	0.259362	0.259346	0.259345	0.259343	0.259337	0.25933	0.259326	0.259322	0.259329	
0.282843	0.28285	0.282845	0.282841	0.282856	0.282872	0.282868	0.282865	0.282891	0.282917	0.282912	0.282907	0.28294	0.282974	0.282965	0.282956	0.282994	0.283032	0.283017	0.283002	0.283038	0.283075	0.283054	0.283033	0.283065	0.283097	0.283071	0.283045	0.283067	0.283089	0.283073	0.283056	0.283063	0.283069	0.283072	0.283075	0.283064	0.283053	0.283068	0.283082	0.283059	0.283037	0.283047	0.283058	0.28303	0.283001	0.283008	0.283014	0.282984	0.282954	0.282955	0.282956	0.282931	0.282905	0.282903	0.282901	0.282883	0.282866	0.282863	0.28286	0.282852	0.282845	0.28284	0.282835	0.282843	
0.306356	0.306365	0.30636	0.306355	0.306372	0.306388	0.306386	0.306384	0.306413	0.306442	0.306439	0.306436	0.306474	0.306512	0.306506	0.306499	0.306543	0.306586	0.306573	0.306559	0.306604	0.306648	0.306627	0.306606	0.306646	0.306685	0.306656	0.306626	0.306656	0.306685	0.306664	0.306644	0.306652	0.30666	0.306664	0.306668	0.306652	0.306636	0.306652	0.306668	0.306639	0.30661	0.306619	0.306628	0.306593	0.306558	0.306562	0.306566	0.306531	0.306497	0.306494	0.306491	0.306463	0.306434	0.306429	0.306424	0.306405	0.306386	0.306381	0.306377	0.306368	0.30636	0.306354	0.306348	0.306356	
0.329851	0.32986	0.329856	0.329851	0.329868	0.329886	0.329885	0.329884	0.329914	0.329945	0.329944	0.329943	0.329984	0.330025	0.330022	0.330019	0.330068	0.330116	0.330107	0.330098	0.33015	0.330202	0.330182	0.330163	0.330211	0.33026	0.33023	0.3302	0.330238	0.330276	0.33025	0.330225	0.330235	0.330245	0.33025	0.330255	0.330234	0.330212	0.330226	0.330239	0.330203	0.330166	0.330173	0.330179	0.330137	0.330096	0.330094	0.330093	0.330054	0.330016	0.330009	0.330002	0.329972	0.329941	0.329933	0.329925	0.329906	0.329886	0.329879	0.329872	0.329864	0.329856	0.329849	0.329842	0.329851	
0.353346	0.353356	0.353351	0.353347	0.353365	0.353383	0.353384	0.353384	0.353416	0.353447	0.353449	0.353451	0.353494	0.353538	0.353539	0.35354	0.353593	0.353647	0.353642	0.353637	0.353696	0.353756	0.353738	0.35372	0.353777	0.353834	0.353804	0.353774	0.35382	0.353866	0.353836	0.353807	0.353818	0.35383	0.353836	0.353843	0.353816	0.353789	0.353799	0.353809	0.353766	0.353723	0.353726	0.353729	0.353682	0.353635	0.353627	0.35362	0.353578	0.353536	0.353524	0.353513	0.35348	0.353448	0.353437	0.353426	0.353406	0.353386	0.353377	0.353368	0.35336	0.353352	0.353344	0.353337	0.353346	
0.376822	0.376832	0.376828	0.376824	0.376841	0.376858	0.376859	0.376861	0.376891	0.376921	0.376926	0.376931	0.376973	0.377016	0.377022	0.377028	0.377082	0.377136	0.377138	0.37714	0.377204	0.377268	0.377257	0.377247	0.377313	0.377379	0.377348	0.377318	0.377373	0.377428	0.37739	0.377352	0.377367	0.377381	0.377391	0.3774	0.377366	0.377332	0.377341	0.37735	0.377299	0.377249	0.377243	0.377238	0.377187	0.377137	0.377122	0.377107	0.377065	0.377023	0.377006	0.376989	0.376958	0.376928	0.376913	0.376899	0.376881	0.376863	0.376852	0.376841	0.376835	0.376828	0.37682	0.376812	0.376822	
0.400297	0.400307	0.400304	0.4003	0.400316	0.400332	0.400335	0.400339	0.400367	0.400395	0.400403	0.400411	0.400452	0.400493	0.400505	0.400516	0.400571	0.400626	0.400635	0.400644	0.400712	0.40078	0.400776	0.400773	0.400848	0.400923	0.400892	0.400862	0.400926	0.40099	0.400944	0.400898	0.400916	0.400933	0.400946	0.400958	0.400917	0.400875	0.400883	0.40089	0.400832	0.400775	0.40076	0.400746	0.400693	0.40064	0.400617	0.400594	0.400552	0.400511	0.400488	0.400464	0.400436	0.400408	0.40039	0.400371	0.400356	0.40034	0.400328	0.400315	0.40031	0.400305	0.400296	0.400287	0.400297	
0.423767	0.423778	0.423774	0.423771	0.423784	0.423796	0.423801	0.423805	0.423828	0.42385	0.42386	0.423871	0.423905	0.423939	0.423955	0.423972	0.42402	0.424068	0.424087	0.424105	0.42417	0.424234	0.424244	0.424255	0.424333	0.42441	0.424393	0.424376	0.424449	0.424522	0.424474	0.424426	0.424446	0.424466	0.424477	0.424489	0.424439	0.424389	0.424382	0.424375	0.424315	0.424255	0.424226	0.424197	0.424149	0.4241	0.424067	0.424034	0.424	0.423966	0.423937	0.423909	0.423888	0.423867	0.423846	0.423826	0.423816	0.423806	0.423792	0.423779	0.423777	0.423776	0.423766	0.423757	0.423767	
0.447237	0.447248	0.447245	0.447241	0.447251	0.447261	0.447266	0.447272	0.447288	0.447305	0.447318	0.447331	0.447358	0.447384	0.447406	0.447428	0.447469	0.44751	0.447539	0.447567	0.447627	0.447688	0.447712	0.447737	0.447818	0.447898	0.447894	0.447891	0.447972	0.448054	0.448004	0.447953	0.447976	0.447998	0.448009	0.448019	0.447961	0.447903	0.447881	0.447859	0.447797	0.447735	0.447692	0.447649	0.447604	0.44756	0.447517	0.447474	0.447447	0.447421	0.447387	0.447353	0.44734	0.447327	0.447303	0.44728	0.447276	0.447272	0.447257	0.447242	0.447244	0.447246	0.447236	0.447226	0.447237	
0.470711	0.470721	0.470718	0.470716	0.470721	0.470727	0.470733	0.470739	0.470746	0.470753	0.470768	0.470782	0.470794	0.470807	0.470833	0.470859	0.470882	0.470906	0.470944	0.470983	0.471026	0.471068	0.471114	0.47116	0.471229	0.471299	0.471323	0.471347	0.471437	0.471526	0.471472	0.471418	0.471444	0.47147	0.47148	0.471491	0.471423	0.471356	0.471308	0.47126	0.471207	0.471154	0.471091	0.471029	0.471001	0.470974	0.470922	0.470869	0.47086	0.470851	0.470814	0.470776	0.470777	0.470778	0.470753	0.470728	0.470733	0.470738	0.470723	0.470708	0.470714	0.47072	0.470711	0.470701	0.470711	
0.494186	0.494195	0.494192	0.49419	0.494191	0.494193	0.494199	0.494206	0.494203	0.494201	0.494217	0.494234	0.494231	0.494229	0.49426	0.49429	0.494296	0.494301	0.49435	0.494399	0.494424	0.494448	0.494515	0.494582	0.494641	0.4947	0.494752	0.494804	0.494901	0.494998	0.494941	0.494883	0.494912	0.494942	0.494952	0.494962	0.494885	0.494808	0.494734	0.49466	0.494616	0.494572	0.494491	0.494409	0.494399	0.494388	0.494327	0.494265	0.494273	0.494282	0.49424	0.494199	0.494214	0.494228	0.494203	0.494177	0.494191	0.494205	0.494189	0.494174	0.494184	0.494195	0.494186	0.494176	0.494186	
0.517686	0.517696	0.517693	0.51769	0.517686	0.517682	0.517688	0.517694	0.51768	0.517666	0.517681	0.517697	0.517676	0.517655	0.517686	0.517716	0.517695	0.517673	0.517726	0.517779	0.517768	0.517757	0.517841	0.517926	0.517948	0.51797	0.518075	0.51818	0.518265	0.518349	0.518357	0.518364	0.518398	0.518432	0.518378	0.518324	0.518249	0.518173	0.518055	0.517937	0.517924	0.517911	0.517816	0.517721	0.517744	0.517766	0.517703	0.51764	0.517673	0.517706	0.517667	0.517628	0.517659	0.517691	0.517667	0.517643	0.517668	0.517692	0.517678	0.517664	0.517679	0.517695	0.517686	0.517677	0.517686	
0.541187	0.541197	0.541194	0.541191	0.541181	0.541171	0.541176	0.541182	0.541156	0.54113	0.541145	0.54116	0.541121	0.541081	0.541112	0.541142	0.541094	0.541045	0.541102	0.541158	0.541112	0.541066	0.541168	0.541269	0.541255	0.541241	0.541398	0.541556	0.541628	0.5417	0.541772	0.541844	0.541883	0.541922	0.541804	0.541686	0.541612	0.541538	0.541376	0.541214	0.541232	0.54125	0.541142	0.541034	0.541088	0.541143	0.541079	0.541016	0.541074	0.541131	0.541094	0.541056	0.541105	0.541154	0.541132	0.54111	0.541144	0.541179	0.541166	0.541154	0.541174	0.541195	0.541186	0.541177	0.541187	
0.564728	0.564738	0.564734	0.56473	0.564715	0.564701	0.564705	0.564709	0.564674	0.564638	0.56465	0.564663	0.564605	0.564547	0.564574	0.564601	0.564521	0.56444	0.564495	0.56455	0.564449	0.564348	0.56446	0.564572	0.564484	0.564396	0.564606	0.564816	0.564859	0.564903	0.565075	0.565248	0.565287	0.565326	0.565107	0.564888	0.564833	0.564778	0.564581	0.564383	0.564465	0.564548	0.564437	0.564327	0.56443	0.564533	0.564474	0.564415	0.564503	0.56459	0.564557	0.564525	0.564591	0.564656	0.564638	0.56462	0.564663	0.564707	0.564697	0.564686	0.56471	0.564734	0.564726	0.564718	0.564728	
0.588268	0.588278	0.588274	0.588269	0.58825	0.58823	0.588234	0.588237	0.588191	0.588145	0.588156	0.588166	0.588089	0.588012	0.588036	0.588061	0.587948	0.587835	0.587888	0.587941	0.587786	0.587631	0.587753	0.587875	0.587713	0.587552	0.587814	0.588075	0.58809	0.588105	0.588379	0.588653	0.588691	0.588729	0.588409	0.58809	0.588054	0.588018	0.587785	0.587552	0.587699	0.587846	0.587733	0.58762	0.587771	0.587923	0.587869	0.587815	0.587932	0.588048	0.588021	0.587994	0.588076	0.588159	0.588144	0.58813	0.588182	0.588235	0.588227	0.588218	0.588246	0.588274	0.588266	0.588258	0.588268	
0.611863	0.611873	0.611868	0.611864	0.611842	0.611821	0.611823	0.611825	0.611775	0.611724	0.611732	0.611739	0.611652	0.611566	0.611583	0.6116	0.611465	0.611329	0.611369	0.611409	0.611203	0.610998	0.611095	0.611191	0.610899	0.610606	0.610849	0.611091	0.611037	0.610984	0.611598	0.612213	0.61224	0.612267	0.61162	0.610972	0.610987	0.611001	0.610825	0.61065	0.610905	0.61116	0.61108	0.611	0.611195	0.61139	0.611354	0.611318	0.611453	0.611587	0.61157	0.611552	0.611641	0.611731	0.611721	0.611711	0.611767	0.611822	0.611816	0.61181	0.611838	0.611867	0.61186	0.611853	0.611863	
0.635458	0.635468	0.635463	0.635458	0.635435	0.635412	0.635412	0.635413	0.635358	0.635304	0.635308	0.635311	0.635215	0.635119	0.635129	0.635139	0.634982	0.634824	0.63485	0.634876	0.634621	0.634366	0.634437	0.634508	0.634084	0.63366	0.633884	0.634107	0.633985	0.633862	0.634818	0.635773	0.635789	0.635805	0.63483	0.633855	0.633919	0.633983	0.633866	0.633749	0.634111	0.634474	0.634427	0.634381	0.634619	0.634857	0.634839	0.634821	0.634974	0.635126	0.635118	0.635109	0.635206	0.635303	0.635298	0.635293	0.635351	0.635409	0.635406	0.635402	0.635431	0.63546	0.635454	0.635448	0.635458	
0.659101	0.659111	0.659106	0.659102	0.659081	0.65906	0.65906	0.659059	0.65901	0.65896	0.658961	0.658962	0.658873	0.658783	0.658787	0.658792	0.658638	0.658484	0.658498	0.658511	0.658237	0.657963	0.65801	0.658057	0.657517	0.656977	0.657106	0.657235	0.656765	0.656296	0.657191	0.658087	0.657961	0.657834	0.657055	0.656276	0.656718	0.657159	0.657106	0.657053	0.657541	0.658029	0.658005	0.657982	0.658238	0.658494	0.658489	0.658485	0.658632	0.658779	0.658778	0.658776	0.658865	0.658954	0.658952	0.65895	0.659002	0.659055	0.659053	0.65905	0.659076	0.659102	0.659096	0.659091	0.659101	
0.682745	0.682755	0.68275	0.682745	0.682727	0.682709	0.682707	0.682705	0.682661	0.682617	0.682615	0.682613	0.68253	0.682447	0.682446	0.682445	0.682294	0.682144	0.682145	0.682147	0.681854	0.681561	0.681584	0.681606	0.68095	0.680294	0.680328	0.680363	0.679546	0.678696	0.679234	0.68039	0.680963	0.679836	0.678838	0.678649	0.679435	0.680335	0.680347	0.680358	0.680971	0.681584	0.681584	0.681583	0.681857	0.682131	0.682139	0.682148	0.68229	0.682432	0.682437	0.682442	0.682524	0.682605	0.682606	0.682607	0.682654	0.682701	0.6827	0.682698	0.682721	0.682744	0.682739	0.682734	0.682745	
0.706422	0.706432	0.706427	0.706421	0.706409	0.706397	0.706395	0.706393	0.706363	0.706333	0.706331	0.706329	0.706271	0.706213	0.706212	0.706211	0.706102	0.705994	0.705995	0.705996	0.705778	0.705561	0.705575	0.705588	0.705089	0.704589	0.704606	0.704624	0.70359	0.701602	0.701261	0.70173	0.701015	0.700446	0.701221	0.701588	0.702989	0.704618	0.704588	0.704558	0.705066	0.705575	0.705571	0.705568	0.705776	0.705984	0.705991	0.705998	0.706101	0.706203	0.706207	0.706211	0.706268	0.706326	0.706326	0.706327	0.70636	0.706392	0.706391	0.70639	0.706406	0.706422	0.706417	0.706412	0.706422	
0.730099	0.730108	0.730103	0.730098	0.730091	0.730085	0.730083	0.730081	0.730065	0.730049	0.730047	0.730046	0.730013	0.729979	0.729979	0.729978	0.729911	0.729844	0.729844	0.729845	0.729703	0.729561	0.729566	0.72957	0.729227	0.728885	0.728885	0.728885	0.727634	0.726348	0.72602	0.723692	0.721566	0.72282	0.725489	0.726123	0.72748	0.728901	0.728829	0.728757	0.729162	0.729566	0.729559	0.729552	0.729695	0.729838	0.729843	0.729848	0.729911	0.729974	0.729977	0.72998	0.730013	0.730046	0.730046	0.730046	0.730065	0.730084	0.730083	0.730081	0.730091	0.7301	0.730095	0.730091	0.730099	
0.753793	0.753803	0.753797	0.753791	0.753793	0.753796	0.753793	0.753791	0.753794	0.753796	0.753795	0.753793	0.753794	0.753796	0.753795	0.753794	0.753795	0.753796	0.753794	0.753793	0.753798	0.753804	0.753793	0.753782	0.753817	0.753851	0.753793	0.753734	0.75374	0.753778	0.754122	0.757278	0.754581	0.751465	0.752667	0.75352	0.753461	0.753747	0.753729	0.75371	0.753747	0.753783	0.753781	0.75378	0.753785	0.75379	0.753792	0.753793	0.753794	0.753795	0.753794	0.753794	0.753795	0.753796	0.753795	0.753794	0.753794	0.753795	0.753794	0.753792	0.753793	0.753795	0.753789	0.753784	0.753793	
0.777487	0.777497	0.777491	0.777485	0.777495	0.777506	0.777504	0.777501	0.777523	0.777544	0.777542	0.77754	0.777576	0.777612	0.777612	0.777611	0.77768	0.777748	0.777744	0.777741	0.777894	0.778046	0.77802	0.777994	0.778406	0.778818	0.7787	0.778582	0.779846	0.781157	0.781671	0.784903	0.784845	0.783869	0.78255	0.78128	0.779769	0.778593	0.778628	0.778663	0.778331	0.778	0.778004	0.778008	0.777875	0.777743	0.77774	0.777738	0.777676	0.777615	0.777612	0.777609	0.777577	0.777546	0.777543	0.777541	0.777524	0.777507	0.777504	0.777502	0.777496	0.777489	0.777483	0.777477	0.777487	
0.801191	0.801202	0.801196	0.80119	0.801207	0.801223	0.801221	0.801219	0.801253	0.801287	0.801285	0.801284	0.801344	0.801404	0.801403	0.801402	0.801512	0.801623	0.801619	0.801615	0.801838	0.802061	0.802037	0.802013	0.802537	0.803062	0.802994	0.802927	0.803971	0.805945	0.806236	0.806457	0.80597	0.806674	0.806953	0.806181	0.804739	0.802973	0.802979	0.802985	0.802505	0.802025	0.802025	0.802025	0.801823	0.801622	0.801615	0.801607	0.801507	0.801408	0.801402	0.801396	0.801343	0.801289	0.801285	0.801281	0.801252	0.801223	0.80122	0.801217	0.801205	0.801193	0.801186	0.80118	0.801191	
0.824895	0.824907	0.824901	0.824895	0.824918	0.824941	0.824939	0.824936	0.824983	0.82503	0.825029	0.825027	0.825112	0.825196	0.825194	0.825192	0.825345	0.825498	0.825493	0.825489	0.825782	0.826075	0.826053	0.826031	0.826668	0.827305	0.827288	0.827272	0.828095	0.828956	0.828498	0.827302	0.826624	0.827698	0.828691	0.829046	0.828363	0.827353	0.82733	0.827307	0.826678	0.82605	0.826046	0.826042	0.825772	0.825501	0.825489	0.825477	0.825338	0.8252	0.825192	0.825184	0.825108	0.825032	0.825026	0.825021	0.82498	0.824939	0.824935	0.824932	0.824914	0.824896	0.82489	0.824884	0.824895	
0.848528	0.848539	0.848533	0.848526	0.848551	0.848576	0.848573	0.84857	0.848622	0.848675	0.84867	0.848666	0.848758	0.84885	0.848841	0.848833	0.84899	0.849146	0.849128	0.849111	0.849384	0.849656	0.84961	0.849564	0.850075	0.850587	0.85049	0.850393	0.850854	0.851201	0.850425	0.849403	0.849036	0.849738	0.850655	0.851265	0.851102	0.850461	0.850536	0.850611	0.850102	0.849592	0.849612	0.849632	0.84938	0.849129	0.849129	0.849129	0.848987	0.848845	0.848843	0.848841	0.848757	0.848673	0.848671	0.848669	0.848622	0.848575	0.848573	0.848571	0.84855	0.848529	0.848523	0.848517	0.848528	
0.872161	0.872172	0.872164	0.872157	0.872184	0.872211	0.872207	0.872203	0.872261	0.872319	0.872311	0.872304	0.872404	0.872503	0.872489	0.872474	0.872634	0.872794	0.872763	0.872733	0.872985	0.873238	0.873167	0.873097	0.873483	0.873869	0.873691	0.873514	0.873613	0.873712	0.872753	0.871794	0.871938	0.872081	0.872926	0.873772	0.87367	0.873568	0.873742	0.873916	0.873525	0.873134	0.873178	0.873221	0.872989	0.872757	0.872769	0.872782	0.872636	0.872491	0.872494	0.872497	0.872406	0.872315	0.872316	0.872317	0.872264	0.872211	0.872211	0.87221	0.872186	0.872163	0.872156	0.87215	0.872161	
0.895752	0.895763	0.895755	0.895748	0.895773	0.895798	0.895793	0.895787	0.895841	0.895895	0.895884	0.895874	0.895964	0.896054	0.896033	0.896012	0.896151	0.896289	0.896244	0.896199	0.896402	0.896605	0.896507	0.896409	0.896678	0.896947	0.896731	0.896515	0.896564	0.896612	0.896007	0.895401	0.895493	0.895584	0.896115	0.896646	0.896606	0.896567	0.896774	0.89698	0.896714	0.896447	0.896524	0.8966	0.896413	0.896226	0.896255	0.896284	0.896157	0.89603	0.896041	0.896052	0.895969	0.895886	0.895891	0.895896	0.895846	0.895796	0.895797	0.895799	0.895776	0.895753	0.895747	0.895741	0.895752	
0.919343	0.919354	0.919346	0.919339	0.919362	0.919386	0.919379	0.919372	0.919421	0.919471	0.919457	0.919444	0.919524	0.919604	0.919577	0.91955	0.919667	0.919784	0.919724	0.919665	0.919819	0.919973	0.919847	0.919721	0.919873	0.920025	0.919771	0.919516	0.919514	0.919512	0.91926	0.919008	0.919048	0.919088	0.919304	0.91952	0.919543	0.919566	0.919805	0.920045	0.919902	0.91976	0.919869	0.919979	0.919837	0.919694	0.919741	0.919787	0.919678	0.919569	0.919588	0.919606	0.919532	0.919457	0.919466	0.919475	0.919428	0.919381	0.919384	0.919388	0.919366	0.919343	0.919338	0.919333	0.919343	
0.942886	0.942894	0.942887	0.942881	0.942899	0.942918	0.94291	0.942901	0.94294	0.942979	0.942962	0.942946	0.943006	0.943067	0.943036	0.943005	0.943089	0.943172	0.943113	0.943054	0.943154	0.943254	0.943142	0.94303	0.943112	0.943194	0.942993	0.942793	0.942759	0.942726	0.942571	0.942416	0.942429	0.942443	0.942595	0.942748	0.942788	0.942828	0.943025	0.943222	0.943141	0.94306	0.943166	0.943272	0.943175	0.943079	0.943132	0.943186	0.943105	0.943023	0.943051	0.943078	0.943018	0.942958	0.942973	0.942988	0.942948	0.942908	0.942915	0.942922	0.942903	0.942883	0.94288	0.942877	0.942886	
0.966428	0.966435	0.966429	0.966422	0.966436	0.966449	0.96644	0.966431	0.966459	0.966486	0.966467	0.966448	0.966489	0.966529	0.966495	0.966461	0.966511	0.96656	0.966502	0.966443	0.966489	0.966536	0.966437	0.966338	0.96635	0.966363	0.966216	0.966069	0.966004	0.965939	0.965882	0.965825	0.965811	0.965798	0.965887	0.965975	0.966033	0.96609	0.966245	0.966399	0.96638	0.966361	0.966463	0.966565	0.966514	0.966463	0.966524	0.966585	0.966531	0.966477	0.966514	0.96655	0.966505	0.966459	0.96648	0.966501	0.966468	0.966436	0.966446	0.966456	0.96644	0.966423	0.966422	0.966421	0.966428	
0.989925	0.989931	0.989925	0.989919	0.989926	0.989934	0.989925	0.989916	0.989931	0.989946	0.989928	0.98991	0.989931	0.989952	0.98992	0.989888	0.989909	0.989931	0.989878	0.989826	0.989835	0.989845	0.989765	0.989685	0.98966	0.989636	0.98954	0.989445	0.989365	0.989284	0.989291	0.989298	0.989279	0.98926	0.989294	0.989327	0.989388	0.989448	0.989564	0.98968	0.989689	0.989698	0.989791	0.989884	0.989862	0.989841	0.989901	0.989962	0.989931	0.9899	0.989939	0.989977	0.989947	0.989918	0.989941	0.989963	0.989941	0.989918	0.989931	0.989943	0.989931	0.989918	0.989919	0.989919	0.989925	
1.01342	1.01343	1.01342	1.01342	1.01342	1.01342	1.01341	1.0134	1.0134	1.01341	1.01339	1.01337	1.01337	1.01337	1.01334	1.01331	1.01331	1.0133	1.01325	1.01321	1.01318	1.01315	1.01309	1.01303	1.01297	1.01291	1.01286	1.01282	1.01273	1.01263	1.0127	1.01277	1.01275	1.01272	1.0127	1.01268	1.01274	1.01281	1.01288	1.01296	1.013	1.01304	1.01312	1.0132	1.01321	1.01322	1.01328	1.01334	1.01333	1.01332	1.01336	1.0134	1.01339	1.01338	1.0134	1.01343	1.01341	1.0134	1.01342	1.01343	1.01342	1.01341	1.01342	1.01342	1.01342	
1.0369	1.0369	1.0369	1.03689	1.03689	1.03688	1.03687	1.03687	1.03686	1.03685	1.03684	1.03682	1.03681	1.0368	1.03677	1.03675	1.03672	1.0367	1.03666	1.03663	1.03658	1.03654	1.0365	1.03646	1.03638	1.03631	1.03629	1.03628	1.03619	1.0361	1.03616	1.03623	1.0362	1.03618	1.03616	1.03615	1.0362	1.03626	1.03631	1.03637	1.03641	1.03645	1.03652	1.03659	1.03661	1.03663	1.03669	1.03674	1.03675	1.03675	1.03679	1.03683	1.03683	1.03683	1.03685	1.03688	1.03687	1.03687	1.03688	1.03689	1.03689	1.03689	1.03689	1.03689	1.0369	
1.06037	1.06037	1.06037	1.06036	1.06036	1.06035	1.06034	1.06033	1.06032	1.0603	1.06029	1.06028	1.06025	1.06022	1.0602	1.06018	1.06014	1.06009	1.06007	1.06005	1.05998	1.05992	1.0599	1.05988	1.0598	1.05971	1.05972	1.05974	1.05965	1.05956	1.05962	1.05968	1.05966	1.05963	1.05963	1.05962	1.05966	1.05971	1.05974	1.05977	1.05982	1.05987	1.05992	1.05997	1.06001	1.06005	1.06009	1.06014	1.06016	1.06018	1.06022	1.06026	1.06026	1.06027	1.0603	1.06032	1.06033	1.06033	1.06035	1.06036	1.06036	1.06036	1.06036	1.06036	1.06037	
1.08384	1.08384	1.08384	1.08383	1.08382	1.08381	1.0838	1.0838	1.08378	1.08375	1.08374	1.08374	1.0837	1.08366	1.08365	1.08364	1.08358	1.08353	1.08352	1.08351	1.08344	1.08336	1.08336	1.08336	1.08328	1.08319	1.08322	1.08324	1.08317	1.08309	1.08315	1.08321	1.08318	1.08315	1.08315	1.08314	1.08318	1.08321	1.08323	1.08325	1.0833	1.08335	1.08338	1.08342	1.08346	1.0835	1.08354	1.08358	1.08361	1.08363	1.08367	1.0837	1.08372	1.08373	1.08375	1.08378	1.08379	1.08379	1.08381	1.08382	1.08382	1.08383	1.08383	1.08383	1.08384	
1.1073	1.10731	1.1073	1.1073	1.10728	1.10727	1.10727	1.10726	1.10723	1.1072	1.1072	1.10719	1.10715	1.1071	1.1071	1.10709	1.10703	1.10697	1.10697	1.10696	1.10689	1.10681	1.10683	1.10684	1.10675	1.10667	1.10671	1.10675	1.10668	1.10661	1.10667	1.10673	1.1067	1.10668	1.10667	1.10666	1.10669	1.10672	1.10672	1.10673	1.10677	1.10682	1.10684	1.10687	1.10691	1.10695	1.10699	1.10702	1.10705	1.10709	1.10712	1.10714	1.10717	1.10719	1.10721	1.10723	1.10724	1.10726	1.10727	1.10728	1.10729	1.10729	1.1073	1.1073	1.1073	
1.13078	1.13078	1.13078	1.13078	1.13076	1.13074	1.13074	1.13074	1.13071	1.13067	1.13067	1.13067	1.13062	1.13058	1.13058	1.13058	1.13052	1.13045	1.13046	1.13047	1.13039	1.13032	1.13034	1.13036	1.13028	1.13021	1.13025	1.13029	1.13023	1.13017	1.13022	1.13027	1.13025	1.13022	1.13022	1.13022	1.13024	1.13026	1.13026	1.13026	1.1303	1.13034	1.13036	1.13038	1.13041	1.13045	1.13048	1.1305	1.13054	1.13057	1.13059	1.13062	1.13064	1.13066	1.13068	1.1307	1.13072	1.13073	1.13074	1.13076	1.13076	1.13077	1.13077	1.13077	1.13078	
1.15425	1.15425	1.15425	1.15425	1.15423	1.15421	1.15421	1.15422	1.15418	1.15414	1.15415	1.15415	1.1541	1.15405	1.15406	1.15406	1.154	1.15394	1.15395	1.15397	1.1539	1.15383	1.15386	1.15388	1.15382	1.15375	1.15379	1.15384	1.15378	1.15373	1.15377	1.15381	1.15379	1.15377	1.15377	1.15378	1.15379	1.1538	1.1538	1.1538	1.15383	1.15386	1.15387	1.15388	1.15392	1.15395	1.15397	1.15399	1.15402	1.15405	1.15407	1.15409	1.15411	1.15414	1.15416	1.15418	1.15419	1.1542	1.15422	1.15423	1.15423	1.15424	1.15424	1.15424	1.15425	
1.17773	1.17774	1.17774	1.17774	1.17772	1.1777	1.1777	1.17771	1.17767	1.17764	1.17764	1.17765	1.1776	1.17755	1.17756	1.17757	1.17752	1.17746	1.17748	1.1775	1.17744	1.17737	1.1774	1.17743	1.17738	1.17732	1.17736	1.1774	1.17736	1.17731	1.17735	1.17738	1.17736	1.17734	1.17735	1.17736	1.17736	1.17737	1.17737	1.17736	1.17739	1.17741	1.17742	1.17742	1.17745	1.17748	1.17749	1.17751	1.17753	1.17756	1.17758	1.17759	1.17762	1.17764	1.17765	1.17767	1.17768	1.17769	1.1777	1.17772	1.17772	1.17773	1.17773	1.17773	1.17773	
1.20122	1.20123	1.20123	1.20123	1.20121	1.20119	1.20119	1.2012	1.20117	1.20113	1.20114	1.20115	1.2011	1.20106	1.20107	1.20109	1.20103	1.20098	1.201	1.20103	1.20097	1.20092	1.20095	1.20098	1.20094	1.20089	1.20093	1.20097	1.20093	1.20089	1.20092	1.20095	1.20094	1.20092	1.20093	1.20093	1.20093	1.20094	1.20093	1.20093	1.20095	1.20096	1.20096	1.20096	1.20099	1.20101	1.20102	1.20103	1.20105	1.20107	1.20109	1.2011	1.20112	1.20113	1.20115	1.20116	1.20117	1.20118	1.20119	1.20121	1.20121	1.20121	1.20121	1.20121	1.20122	
1.22473	1.22474	1.22474	1.22474	1.22472	1.22469	1.22471	1.22472	1.22468	1.22465	1.22466	1.22467	1.22463	1.22459	1.22461	1.22462	1.22458	1.22453	1.22455	1.22458	1.22453	1.22449	1.22452	1.22455	1.22451	1.22447	1.22451	1.22454	1.22451	1.22448	1.22451	1.22453	1.22452	1.2245	1.22451	1.22451	1.22451	1.22451	1.22451	1.22451	1.22452	1.22453	1.22453	1.22453	1.22454	1.22456	1.22457	1.22457	1.22459	1.22461	1.22462	1.22463	1.22464	1.22466	1.22467	1.22468	1.22469	1.22469	1.22471	1.22472	1.22472	1.22472	1.22472	1.22471	1.22473	
1.24823	1.24825	1.24825	1.24825	1.24822	1.2482	1.24822	1.24823	1.2482	1.24816	1.24818	1.24819	1.24816	1.24812	1.24814	1.24816	1.24812	1.24808	1.2481	1.24813	1.24809	1.24806	1.24809	1.24812	1.24809	1.24805	1.24808	1.24811	1.24809	1.24807	1.24809	1.24811	1.2481	1.24808	1.24809	1.2481	1.24809	1.24809	1.24809	1.24809	1.24809	1.2481	1.24809	1.24809	1.2481	1.24811	1.24811	1.24812	1.24813	1.24814	1.24815	1.24815	1.24817	1.24818	1.24819	1.2482	1.2482	1.24821	1.24822	1.24823	1.24823	1.24822	1.24822	1.24822	1.24823	
1.27176	1.27178	1.27178	1.27178	1.27175	1.27173	1.27175	1.27176	1.27173	1.2717	1.27172	1.27173	1.2717	1.27167	1.27169	1.27171	1.27168	1.27164	1.27167	1.27169	1.27166	1.27163	1.27166	1.27169	1.27166	1.27164	1.27166	1.27169	1.27167	1.27165	1.27167	1.27169	1.27168	1.27167	1.27167	1.27168	1.27167	1.27167	1.27167	1.27167	1.27167	1.27167	1.27167	1.27166	1.27167	1.27168	1.27168	1.27168	1.27169	1.27169	1.2717	1.2717	1.27171	1.27172	1.27173	1.27173	1.27174	1.27174	1.27175	1.27176	1.27175	1.27175	1.27175	1.27174	1.27176	
1.29529	1.29531	1.29531	1.29531	1.29528	1.29526	1.29528	1.29529	1.29527	1.29524	1.29526	1.29527	1.29525	1.29522	1.29524	1.29526	1.29524	1.29521	1.29523	1.29526	1.29523	1.29521	1.29524	1.29526	1.29524	1.29522	1.29525	1.29527	1.29525	1.29524	1.29525	1.29527	1.29526	1.29525	1.29525	1.29526	1.29525	1.29525	1.29525	1.29525	1.29524	1.29524	1.29524	1.29524	1.29524	1.29524	1.29524	1.29524	1.29524	1.29525	1.29525	1.29525	1.29525	1.29526	1.29527	1.29527	1.29527	1.29527	1.29528	1.29529	1.29528	1.29527	1.29527	1.29527	1.29529	
1.31884	1.31886	1.31886	1.31886	1.31884	1.31881	1.31883	1.31885	1.31882	1.3188	1.31882	1.31883	1.31881	1.31879	1.31881	1.31883	1.31881	1.31879	1.31881	1.31883	1.31881	1.31879	1.31882	1.31884	1.31882	1.31881	1.31883	1.31885	1.31884	1.31882	1.31884	1.31885	1.31884	1.31883	1.31884	1.31884	1.31884	1.31883	1.31883	1.31883	1.31883	1.31882	1.31882	1.31881	1.31881	1.31881	1.31881	1.31881	1.31881	1.31881	1.31881	1.31881	1.31882	1.31882	1.31882	1.31883	1.31883	1.31883	1.31884	1.31885	1.31884	1.31883	1.31882	1.31882	1.31884	
1.34239	1.3424	1.3424	1.34241	1.34239	1.34237	1.34238	1.3424	1.34238	1.34236	1.34238	1.34239	1.34238	1.34236	1.34238	1.34239	1.34238	1.34236	1.34238	1.3424	1.34239	1.34237	1.34239	1.34241	1.3424	1.34239	1.34241	1.34243	1.34242	1.34241	1.34242	1.34243	1.34242	1.34242	1.34242	1.34243	1.34242	1.34241	1.34241	1.34241	1.34241	1.3424	1.3424	1.34239	1.34239	1.34239	1.34238	1.34238	1.34238	1.34238	1.34238	1.34238	1.34238	1.34238	1.34238	1.34239	1.34238	1.34238	1.34239	1.3424	1.34239	1.34238	1.34238	1.34238	1.34239	
1.36597	1.36597	1.36598	1.36598	1.36597	1.36595	1.36597	1.36598	1.36597	1.36595	1.36597	1.36598	1.36596	1.36595	1.36597	1.36598	1.36597	1.36596	1.36597	1.36599	1.36598	1.36597	1.36599	1.36601	1.366	1.36599	1.366	1.36602	1.36601	1.36601	1.36601	1.36602	1.36602	1.36601	1.36601	1.36602	1.36601	1.36601	1.36601	1.36601	1.366	1.36599	1.36599	1.36599	1.36598	1.36598	1.36598	1.36597	1.36597	1.36597	1.36597	1.36597	1.36597	1.36597	1.36597	1.36597	1.36597	1.36597	1.36597	1.36598	1.36597	1.36596	1.36596	1.36597	1.36597	
1.38955	1.38955	1.38955	1.38956	1.38955	1.38954	1.38955	1.38956	1.38955	1.38954	1.38955	1.38956	1.38955	1.38954	1.38956	1.38957	1.38956	1.38955	1.38957	1.38958	1.38957	1.38957	1.38958	1.3896	1.38959	1.38959	1.3896	1.38961	1.3896	1.3896	1.38961	1.38961	1.38961	1.3896	1.38961	1.38961	1.38961	1.3896	1.3896	1.3896	1.38959	1.38959	1.38958	1.38958	1.38958	1.38957	1.38957	1.38956	1.38956	1.38956	1.38956	1.38956	1.38956	1.38955	1.38955	1.38955	1.38955	1.38955	1.38955	1.38956	1.38955	1.38955	1.38955	1.38955	1.38955	
1.41316	1.41316	1.41316	1.41316	1.41316	1.41315	1.41316	1.41316	1.41316	1.41315	1.41316	1.41317	1.41316	1.41316	1.41317	1.41318	1.41317	1.41316	1.41318	1.41319	1.41318	1.41318	1.41319	1.4132	1.4132	1.41319	1.4132	1.41321	1.41321	1.41321	1.41321	1.41322	1.41321	1.41321	1.41321	1.41321	1.41321	1.4132	1.4132	1.4132	1.4132	1.41319	1.41319	1.41319	1.41318	1.41318	1.41318	1.41317	1.41317	1.41317	1.41317	1.41316	1.41316	1.41316	1.41316	1.41316	1.41316	1.41316	1.41316	1.41316	1.41316	1.41315	1.41315	1.41315	1.41316	
1.43676	1.43678	1.43677	1.43677	1.43677	1.43676	1.43677	1.43677	1.43677	1.43676	1.43677	1.43677	1.43677	1.43677	1.43677	1.43678	1.43678	1.43678	1.43678	1.43679	1.43679	1.43679	1.4368	1.4368	1.4368	1.4368	1.43681	1.43681	1.43681	1.43681	1.43681	1.43682	1.43681	1.43681	1.43681	1.43682	1.43681	1.43681	1.43681	1.43681	1.4368	1.4368	1.4368	1.4368	1.43679	1.43679	1.43679	1.43678	1.43678	1.43678	1.43678	1.43677	1.43677	1.43677	1.43677	1.43677	1.43677	1.43676	1.43677	1.43677	1.43676	1.43676	1.43676	1.43675	1.43676	
1.46034	1.46034	1.46034	1.46034	1.46034	1.46033	1.46034	1.46034	1.46034	1.46033	1.46034	1.46034	1.46034	1.46034	1.46034	1.46035	1.46035	1.46034	1.46035	1.46036	1.46035	1.46035	1.46036	1.46036	1.46036	1.46036	1.46037	1.46037	1.46037	1.46037	1.46037	1.46037	1.46037	1.46037	1.46037	1.46037	1.46037	1.46037	1.46037	1.46037	1.46036	1.46036	1.46036	1.46036	1.46036	1.46035	1.46035	1.46035	1.46035	1.46035	1.46034	1.46034	1.46034	1.46034	1.46034	1.46034	1.46034	1.46034	1.46034	1.46034	1.46034	1.46033	1.46033	1.46033	1.46034	
1.48391	1.48391	1.48391	1.48391	1.48391	1.48391	1.48391	1.48391	1.48391	1.48391	1.48391	1.48391	1.48391	1.48391	1.48391	1.48392	1.48391	1.48391	1.48392	1.48392	1.48392	1.48392	1.48392	1.48392	1.48392	1.48392	1.48392	1.48393	1.48393	1.48392	1.48393	1.48393	1.48393	1.48393	1.48393	1.48393	1.48393	1.48392	1.48392	1.48392	1.48392	1.48392	1.48392	1.48392	1.48392	1.48392	1.48392	1.48392	1.48391	1.48391	1.48391	1.48391	1.48391	1.48391	1.48391	1.48391	1.48391	1.48391	1.48391	1.48391	1.48391	1.48391	1.48391	1.48391	1.48391	
1.50751	1.50751	1.50751	1.50751	1.50751	1.50751	1.50751	1.50751	1.50751	1.50751	1.50751	1.50751	1.50751	1.50751	1.50751	1.50751	1.50751	1.50751	1.50751	1.50751	1.50751	1.50751	1.50751	1.50751	1.50751	1.50751	1.50751	1.50751	1.50751	1.50751	1.50751	1.50751	1.50751	1.50751	1.50751	1.50751	1.50751	1.50751	1.50751	1.50751	1.50751	1.50751	1.50751	1.50751	1.50751	1.50751	1.50751	1.50751	1.50751	1.50751	1.50751	1.50751	1.50751	1.50751	1.50751	1.50751	1.50751	1.50751	1.50751	1.50751	1.50751	1.50751	1.50751	1.50751	1.50751	
