x=200	y=80	z=200	n=65	len=1
b
0.603006	0.603006	0.603006	0.603006	0.603006	0.603006	0.603006	0.603006	0.603006	0.603006	0.603006	0.603006	0.603006	0.603006	0.603006	0.603006	0.603006	0.603006	0.603006	0.603006	0.603006	0.603006	0.603006	0.603006	0.603006	0.603006	0.603006	0.603006	0.603006	0.603006	0.603006	0.603006	0.603006	0.603006	0.603006	0.603006	0.603006	0.603006	0.603006	0.603006	0.603006	0.603006	0.603006	0.603006	0.603006	0.603006	0.603006	0.603006	0.603006	0.603006	0.603006	0.603006	0.603006	0.603006	0.603006	0.603006	0.603006	0.603006	0.603006	0.603006	0.603006	0.603006	0.603006	0.603006	0.603006	
0.605194	0.605235	0.605258	0.605281	0.605354	0.605426	0.605388	0.60535	0.605179	0.605008	0.604975	0.604941	0.604854	0.604766	0.604637	0.604508	0.604065	0.603622	0.603337	0.603052	0.602498	0.601945	0.601647	0.601349	0.601339	0.601329	0.600401	0.599472	0.596903	0.594334	0.594402	0.59447	0.597937	0.601403	0.599318	0.597233	0.597912	0.598591	0.599344	0.600097	0.600299	0.6005	0.600956	0.601412	0.601826	0.60224	0.602756	0.603273	0.603651	0.604028	0.604046	0.604064	0.604138	0.604212	0.604326	0.60444	0.604627	0.604815	0.604854	0.604894	0.60496	0.605025	0.60509	0.605154	0.605194	
0.605245	0.605254	0.60529	0.605327	0.605366	0.605405	0.605363	0.605322	0.605165	0.605007	0.604951	0.604895	0.604798	0.604701	0.60459	0.60448	0.60404	0.603601	0.603293	0.602984	0.602383	0.601783	0.601468	0.601152	0.601205	0.601258	0.600293	0.599329	0.596614	0.5939	0.594167	0.594434	0.598194	0.601955	0.600167	0.59838	0.598827	0.599275	0.599905	0.600535	0.600589	0.600642	0.601004	0.601367	0.601805	0.602244	0.602768	0.603292	0.603677	0.604063	0.604079	0.604096	0.604198	0.6043	0.604413	0.604526	0.604705	0.604883	0.604929	0.604975	0.605023	0.605071	0.605154	0.605237	0.605245	
0.605296	0.605272	0.605322	0.605372	0.605378	0.605383	0.605339	0.605295	0.605151	0.605007	0.604928	0.60485	0.604742	0.604635	0.604543	0.604451	0.604016	0.60358	0.603248	0.602916	0.602269	0.601621	0.601288	0.600956	0.601071	0.601187	0.600186	0.599185	0.596325	0.593465	0.593931	0.594398	0.598452	0.602507	0.601017	0.599527	0.599743	0.599959	0.600466	0.600973	0.600878	0.600784	0.601053	0.601322	0.601785	0.602248	0.602779	0.603311	0.603704	0.604097	0.604112	0.604128	0.604258	0.604387	0.6045	0.604613	0.604782	0.604951	0.605004	0.605056	0.605086	0.605116	0.605218	0.605319	0.605296	
0.605297	0.605228	0.605309	0.605389	0.605306	0.605222	0.605179	0.605136	0.605053	0.60497	0.60488	0.60479	0.604683	0.604577	0.604496	0.604415	0.603986	0.603556	0.603172	0.602788	0.602079	0.60137	0.601067	0.600763	0.600963	0.601163	0.600046	0.598929	0.596046	0.593162	0.593458	0.593754	0.597749	0.601745	0.600834	0.599924	0.600106	0.600287	0.600756	0.601224	0.601061	0.600898	0.601097	0.601296	0.601797	0.602297	0.60282	0.603342	0.603747	0.604153	0.604183	0.604214	0.604368	0.604521	0.604631	0.604742	0.604873	0.605005	0.60507	0.605134	0.605137	0.60514	0.605253	0.605366	0.605297	
0.605299	0.605184	0.605295	0.605406	0.605234	0.605061	0.60502	0.604978	0.604955	0.604932	0.604831	0.60473	0.604624	0.604518	0.604449	0.60438	0.603956	0.603532	0.603096	0.602659	0.60189	0.60112	0.600845	0.60057	0.600854	0.601139	0.599906	0.598673	0.595766	0.592859	0.592984	0.59311	0.597046	0.600982	0.600652	0.600321	0.600469	0.600616	0.601046	0.601476	0.601244	0.601012	0.601141	0.60127	0.601808	0.602347	0.60286	0.603374	0.603791	0.604208	0.604255	0.604301	0.604478	0.604655	0.604763	0.604871	0.604965	0.60506	0.605136	0.605212	0.605188	0.605164	0.605289	0.605413	0.605299	
0.605192	0.605028	0.605146	0.605265	0.60503	0.604795	0.604753	0.604711	0.604712	0.604712	0.604606	0.6045	0.604396	0.604291	0.604215	0.604138	0.603739	0.60334	0.602863	0.602385	0.601546	0.600707	0.600485	0.600262	0.600628	0.600994	0.59975	0.598506	0.595673	0.592841	0.592702	0.592562	0.596252	0.599942	0.600217	0.600491	0.600722	0.600953	0.601306	0.601658	0.601348	0.601038	0.601077	0.601116	0.601684	0.602253	0.602737	0.603222	0.603664	0.604106	0.604208	0.604311	0.604507	0.604703	0.604812	0.604921	0.604991	0.60506	0.605146	0.605231	0.605156	0.60508	0.605218	0.605357	0.605192	
0.605086	0.604871	0.604997	0.605123	0.604826	0.604529	0.604487	0.604445	0.604469	0.604493	0.604381	0.604269	0.604167	0.604064	0.60398	0.603896	0.603522	0.603148	0.602629	0.602111	0.601203	0.600294	0.600124	0.599954	0.600401	0.600848	0.599594	0.598339	0.595581	0.592823	0.592419	0.592015	0.595458	0.598901	0.599781	0.600661	0.600976	0.60129	0.601566	0.601841	0.601452	0.601063	0.601012	0.600961	0.60156	0.602159	0.602614	0.60307	0.603537	0.604004	0.604162	0.60432	0.604535	0.60475	0.604861	0.604972	0.605016	0.605061	0.605156	0.60525	0.605123	0.604996	0.605148	0.6053	0.605086	
0.604923	0.604695	0.604814	0.604933	0.60459	0.604247	0.604218	0.60419	0.604237	0.604284	0.604176	0.604067	0.603962	0.603858	0.603756	0.603654	0.603294	0.602934	0.602352	0.60177	0.600803	0.599836	0.599692	0.599547	0.600075	0.600604	0.59955	0.598497	0.596064	0.593631	0.592841	0.592051	0.595167	0.598282	0.599395	0.600507	0.600961	0.601415	0.601639	0.601863	0.601304	0.600745	0.600724	0.600703	0.601343	0.601984	0.602417	0.60285	0.603329	0.603808	0.604002	0.604197	0.604465	0.604734	0.604851	0.604969	0.604946	0.604924	0.605044	0.605164	0.605014	0.604863	0.605007	0.605151	0.604923	
0.60476	0.60452	0.604631	0.604743	0.604354	0.603965	0.60395	0.603935	0.604005	0.604076	0.60397	0.603864	0.603758	0.603652	0.603532	0.603413	0.603066	0.60272	0.602074	0.601428	0.600403	0.599378	0.599259	0.59914	0.599749	0.600359	0.599507	0.598655	0.596547	0.594439	0.593263	0.592088	0.594875	0.597663	0.599008	0.600353	0.600946	0.601539	0.601712	0.601884	0.601156	0.600427	0.600436	0.600445	0.601127	0.601809	0.60222	0.60263	0.603122	0.603613	0.603843	0.604073	0.604396	0.604718	0.604842	0.604966	0.604877	0.604787	0.604933	0.605078	0.604904	0.60473	0.604866	0.605001	0.60476	
0.604578	0.604322	0.604431	0.60454	0.604127	0.603714	0.60372	0.603725	0.603802	0.603879	0.603787	0.603694	0.603588	0.603482	0.603348	0.603214	0.602882	0.60255	0.601861	0.601172	0.600085	0.598997	0.598853	0.598708	0.59939	0.600072	0.599643	0.599214	0.597616	0.596018	0.594594	0.593171	0.59616	0.59915	0.599841	0.600532	0.600881	0.601229	0.601094	0.600958	0.600399	0.599839	0.599971	0.600102	0.600814	0.601526	0.601946	0.602365	0.602861	0.603357	0.603629	0.6039	0.604215	0.60453	0.604678	0.604826	0.604731	0.604637	0.604798	0.604959	0.604764	0.604568	0.604701	0.604833	0.604578	
0.604395	0.604124	0.60423	0.604337	0.6039	0.603464	0.60349	0.603516	0.603599	0.603682	0.603603	0.603525	0.603418	0.603312	0.603164	0.603016	0.602699	0.602381	0.601649	0.600917	0.599766	0.598615	0.598446	0.598277	0.599031	0.599785	0.599779	0.599773	0.598685	0.597596	0.595926	0.594255	0.597446	0.600636	0.600674	0.600711	0.600815	0.600919	0.600475	0.600031	0.599642	0.599252	0.599505	0.599758	0.600501	0.601244	0.601672	0.6021	0.602601	0.603101	0.603414	0.603728	0.604035	0.604343	0.604514	0.604685	0.604586	0.604486	0.604663	0.60484	0.604623	0.604406	0.604536	0.604666	0.604395	
0.604241	0.603976	0.604074	0.604173	0.603746	0.603319	0.603363	0.603407	0.603487	0.603568	0.603505	0.603442	0.603337	0.603232	0.603079	0.602927	0.602621	0.602315	0.601562	0.600809	0.599605	0.598401	0.598158	0.597915	0.598622	0.599329	0.599772	0.600214	0.599592	0.598969	0.597497	0.596024	0.599149	0.602275	0.601664	0.601053	0.600284	0.599516	0.599198	0.59888	0.598691	0.598503	0.598973	0.599442	0.600212	0.600981	0.601431	0.60188	0.602378	0.602876	0.603221	0.603567	0.60387	0.604173	0.604362	0.604551	0.604443	0.604335	0.604519	0.604703	0.604486	0.604268	0.604387	0.604505	0.604241	
0.604087	0.603828	0.603919	0.60401	0.603591	0.603173	0.603236	0.603299	0.603376	0.603454	0.603407	0.60336	0.603256	0.603152	0.602995	0.602838	0.602543	0.602248	0.601474	0.600701	0.599443	0.598186	0.59787	0.597553	0.598213	0.598873	0.599764	0.600655	0.600498	0.600342	0.599068	0.597794	0.600853	0.603913	0.602654	0.601394	0.599753	0.598112	0.59792	0.597727	0.597741	0.597755	0.59844	0.599126	0.599922	0.600719	0.60119	0.60166	0.602156	0.602652	0.603029	0.603405	0.603704	0.604003	0.60421	0.604418	0.6043	0.604183	0.604374	0.604566	0.604348	0.60413	0.604238	0.604345	0.604087	
0.603998	0.603754	0.603839	0.603925	0.603528	0.603131	0.603236	0.603341	0.603382	0.603423	0.603459	0.603496	0.60339	0.603285	0.603152	0.603019	0.602722	0.602425	0.601631	0.600838	0.599499	0.59816	0.597782	0.597404	0.597842	0.59828	0.599563	0.600847	0.60096	0.601073	0.60044	0.599807	0.602984	0.606161	0.604227	0.602294	0.599658	0.597022	0.596746	0.596471	0.596812	0.597154	0.598054	0.598954	0.599759	0.600563	0.601051	0.601539	0.602027	0.602515	0.602908	0.603301	0.60358	0.603859	0.604075	0.604291	0.604188	0.604084	0.60427	0.604456	0.604254	0.604052	0.604148	0.604243	0.603998	
0.60391	0.60368	0.60376	0.60384	0.603465	0.603089	0.603236	0.603383	0.603388	0.603393	0.603512	0.603631	0.603524	0.603417	0.603309	0.6032	0.602901	0.602602	0.601788	0.600974	0.599554	0.598133	0.597694	0.597254	0.59747	0.597686	0.599362	0.601039	0.601422	0.601805	0.601812	0.60182	0.605114	0.608408	0.605801	0.603193	0.599562	0.595932	0.595573	0.595214	0.595884	0.596553	0.597668	0.598783	0.599595	0.600407	0.600912	0.601417	0.601897	0.602377	0.602786	0.603196	0.603455	0.603714	0.60394	0.604165	0.604075	0.603985	0.604165	0.604346	0.60416	0.603974	0.604057	0.60414	0.60391	
0.603917	0.60373	0.603786	0.603843	0.603585	0.603327	0.603503	0.603679	0.603649	0.603619	0.603781	0.603944	0.603842	0.603741	0.603681	0.60362	0.603338	0.603055	0.602376	0.601697	0.60025	0.598803	0.598167	0.59753	0.597334	0.597138	0.599094	0.601051	0.601461	0.60187	0.602471	0.603072	0.606546	0.610021	0.607266	0.604512	0.599779	0.595046	0.594699	0.594352	0.595276	0.596199	0.597569	0.598938	0.599752	0.600566	0.601098	0.601631	0.602046	0.602461	0.60284	0.60322	0.603434	0.603648	0.603873	0.604098	0.604025	0.603952	0.604122	0.604292	0.604126	0.60396	0.604032	0.604104	0.603917	
0.603924	0.603779	0.603813	0.603847	0.603706	0.603565	0.60377	0.603975	0.60391	0.603844	0.604051	0.604257	0.604161	0.604064	0.604053	0.604041	0.603774	0.603507	0.602963	0.602419	0.600946	0.599473	0.598639	0.597806	0.597198	0.596589	0.598826	0.601063	0.6015	0.601936	0.603131	0.604325	0.607979	0.611633	0.608732	0.605831	0.599995	0.59416	0.593825	0.593491	0.594668	0.595846	0.597469	0.599093	0.599909	0.600725	0.601285	0.601844	0.602195	0.602545	0.602894	0.603244	0.603413	0.603581	0.603806	0.60403	0.603974	0.603918	0.604078	0.604238	0.604091	0.603945	0.604006	0.604068	0.603924	
0.604109	0.604034	0.604064	0.604094	0.604013	0.603933	0.604145	0.604358	0.604276	0.604194	0.604432	0.60467	0.60458	0.60449	0.60453	0.60457	0.604291	0.604011	0.603586	0.603161	0.601753	0.600344	0.599571	0.598798	0.597675	0.596552	0.598502	0.600451	0.600808	0.601164	0.602901	0.604637	0.608536	0.612436	0.609844	0.607252	0.600464	0.593675	0.593337	0.593	0.594357	0.595714	0.59764	0.599565	0.600353	0.60114	0.601686	0.602231	0.602537	0.602843	0.603158	0.603472	0.603595	0.603719	0.603892	0.604065	0.604065	0.604064	0.604174	0.604283	0.604206	0.60413	0.604157	0.604184	0.604109	
0.604295	0.604289	0.604315	0.60434	0.60432	0.6043	0.60452	0.60474	0.604642	0.604544	0.604814	0.605083	0.604999	0.604916	0.605007	0.605099	0.604807	0.604515	0.60421	0.603904	0.602559	0.601215	0.600502	0.59979	0.598153	0.596516	0.598177	0.599838	0.600115	0.600392	0.60267	0.604948	0.609093	0.613238	0.610956	0.608674	0.600932	0.59319	0.592849	0.592509	0.594045	0.595581	0.59781	0.600038	0.600797	0.601556	0.602087	0.602618	0.60288	0.603142	0.603421	0.603699	0.603778	0.603857	0.603979	0.604101	0.604155	0.60421	0.604269	0.604329	0.604322	0.604314	0.604307	0.604301	0.604295	
0.604555	0.604599	0.604609	0.60462	0.604685	0.60475	0.604959	0.605169	0.605075	0.604981	0.605269	0.605557	0.605485	0.605413	0.60556	0.605706	0.605417	0.605129	0.604958	0.604787	0.603522	0.602257	0.601567	0.600876	0.598867	0.596857	0.598179	0.599502	0.599333	0.599163	0.600851	0.602539	0.607592	0.612645	0.611131	0.609617	0.601374	0.593129	0.592804	0.59248	0.594218	0.595957	0.598376	0.600795	0.601542	0.602288	0.602801	0.603314	0.603496	0.603679	0.603883	0.604086	0.604116	0.604147	0.604217	0.604287	0.604371	0.604454	0.604469	0.604484	0.604527	0.60457	0.60454	0.604511	0.604555	
0.604814	0.604908	0.604904	0.604899	0.60505	0.6052	0.605398	0.605597	0.605507	0.605417	0.605725	0.606032	0.605971	0.60591	0.606112	0.606314	0.606028	0.605742	0.605706	0.60567	0.604484	0.603299	0.602631	0.601962	0.59958	0.597198	0.598182	0.599165	0.59855	0.597934	0.599032	0.600129	0.606091	0.612052	0.611307	0.610561	0.601815	0.593069	0.592759	0.59245	0.594391	0.596333	0.598942	0.601551	0.602286	0.603021	0.603515	0.60401	0.604113	0.604216	0.604345	0.604474	0.604455	0.604436	0.604454	0.604473	0.604586	0.604699	0.60467	0.60464	0.604733	0.604826	0.604773	0.60472	0.604814	
0.605134	0.605283	0.605263	0.605244	0.605455	0.605666	0.60584	0.606013	0.60595	0.605886	0.606189	0.606491	0.606445	0.606399	0.606644	0.60689	0.60662	0.606351	0.606429	0.606508	0.605453	0.604399	0.60384	0.603282	0.600848	0.598414	0.598874	0.599334	0.598418	0.597501	0.597469	0.597436	0.602808	0.608181	0.609286	0.610391	0.601919	0.593446	0.593404	0.593363	0.595373	0.597383	0.599989	0.602595	0.603281	0.603967	0.604389	0.604811	0.60484	0.604869	0.604913	0.604956	0.6049	0.604844	0.604799	0.604755	0.604885	0.605015	0.604941	0.604867	0.605001	0.605135	0.605061	0.604986	0.605134	
0.605454	0.605657	0.605623	0.605588	0.60586	0.606133	0.606281	0.60643	0.606392	0.606355	0.606653	0.606951	0.606919	0.606888	0.607177	0.607466	0.607213	0.60696	0.607153	0.607347	0.606422	0.605498	0.60505	0.604602	0.602116	0.599631	0.599567	0.599503	0.598286	0.597069	0.595905	0.594742	0.599526	0.60431	0.607266	0.610221	0.602022	0.593823	0.594049	0.594275	0.596354	0.598432	0.601036	0.60364	0.604276	0.604913	0.605263	0.605613	0.605567	0.605522	0.60548	0.605439	0.605346	0.605252	0.605145	0.605038	0.605184	0.605331	0.605212	0.605094	0.605269	0.605444	0.605348	0.605251	0.605454	
0.605769	0.606001	0.605958	0.605914	0.606212	0.60651	0.606631	0.606752	0.606753	0.606753	0.60703	0.607307	0.607296	0.607286	0.6076	0.607915	0.607692	0.607468	0.607746	0.608024	0.607241	0.606458	0.606178	0.605897	0.603557	0.601217	0.600579	0.599941	0.59832	0.596699	0.594706	0.592713	0.596555	0.600397	0.603941	0.607484	0.600754	0.594024	0.594671	0.595318	0.597667	0.600016	0.602457	0.604898	0.605445	0.605992	0.606229	0.606466	0.606348	0.606231	0.6061	0.605969	0.605846	0.605723	0.605558	0.605393	0.605534	0.605674	0.605523	0.605373	0.605562	0.605751	0.605644	0.605537	0.605769	
0.606084	0.606345	0.606293	0.60624	0.606563	0.606887	0.606981	0.607074	0.607113	0.607152	0.607407	0.607663	0.607673	0.607684	0.608024	0.608364	0.608171	0.607977	0.608339	0.608701	0.608059	0.607418	0.607306	0.607193	0.604998	0.602802	0.601591	0.600379	0.598354	0.596328	0.593506	0.590683	0.593583	0.596484	0.600616	0.604747	0.599486	0.594224	0.595292	0.596361	0.59898	0.601599	0.603878	0.606157	0.606614	0.607072	0.607195	0.607319	0.60713	0.606941	0.60672	0.606499	0.606347	0.606195	0.605972	0.605749	0.605883	0.606017	0.605834	0.605652	0.605855	0.606059	0.60594	0.605822	0.606084	
0.606317	0.606576	0.606523	0.60647	0.60679	0.60711	0.607184	0.607258	0.607328	0.607398	0.607631	0.607864	0.607894	0.607924	0.608274	0.608624	0.608465	0.608307	0.608719	0.609131	0.608634	0.608136	0.608207	0.608278	0.606302	0.604327	0.602894	0.601461	0.598731	0.596001	0.591825	0.587649	0.589419	0.591188	0.596032	0.600876	0.597552	0.594228	0.596274	0.59832	0.600984	0.603648	0.605587	0.607526	0.607836	0.608146	0.608119	0.608092	0.607836	0.60758	0.607281	0.606981	0.606805	0.606629	0.606365	0.6061	0.606206	0.606312	0.606114	0.605915	0.606102	0.606289	0.606173	0.606057	0.606317	
0.60655	0.606807	0.606754	0.606701	0.607017	0.607334	0.607388	0.607441	0.607543	0.607644	0.607855	0.608065	0.608115	0.608165	0.608525	0.608884	0.60876	0.608637	0.609099	0.609561	0.609208	0.608854	0.609108	0.609363	0.607607	0.605852	0.604197	0.602543	0.599108	0.595673	0.590144	0.584615	0.585254	0.585893	0.591449	0.597005	0.595618	0.594232	0.597256	0.60028	0.602989	0.605698	0.607297	0.608895	0.609058	0.60922	0.609043	0.608865	0.608543	0.60822	0.607842	0.607464	0.607264	0.607064	0.606757	0.606451	0.606529	0.606607	0.606393	0.606179	0.606349	0.606519	0.606406	0.606293	0.60655	
0.606665	0.606906	0.606856	0.606806	0.607107	0.607408	0.607451	0.607494	0.607615	0.607736	0.60793	0.608123	0.608189	0.608256	0.608614	0.608972	0.608884	0.608795	0.609282	0.60977	0.609529	0.609289	0.60973	0.61017	0.608674	0.607177	0.605268	0.603359	0.599031	0.594702	0.588132	0.581562	0.58127	0.580979	0.587406	0.593833	0.594216	0.594598	0.598921	0.603244	0.605592	0.60794	0.609057	0.610175	0.61014	0.610105	0.609765	0.609425	0.609047	0.60867	0.608236	0.607802	0.607582	0.607363	0.607035	0.606708	0.606747	0.606786	0.60657	0.606353	0.606493	0.606634	0.606529	0.606424	0.606665	
0.60678	0.607005	0.606958	0.606911	0.607196	0.607482	0.607514	0.607546	0.607687	0.607828	0.608004	0.608181	0.608263	0.608346	0.608703	0.60906	0.609007	0.608953	0.609466	0.609978	0.609851	0.609724	0.610351	0.610977	0.60974	0.608503	0.606339	0.604176	0.598953	0.593731	0.58612	0.578508	0.577286	0.576065	0.583363	0.590662	0.592814	0.594965	0.600587	0.606208	0.608195	0.610182	0.610818	0.611454	0.611222	0.610989	0.610487	0.609984	0.609552	0.60912	0.60863	0.60814	0.6079	0.607661	0.607313	0.606966	0.606966	0.606965	0.606746	0.606527	0.606638	0.606748	0.606652	0.606555	0.60678	
0.606725	0.606866	0.606844	0.606823	0.607019	0.607216	0.607233	0.607251	0.607424	0.607597	0.607726	0.607854	0.607991	0.608129	0.608448	0.608768	0.608844	0.608921	0.609431	0.609942	0.609917	0.609892	0.610664	0.611437	0.610457	0.609477	0.607145	0.604813	0.598768	0.592723	0.584624	0.576525	0.574938	0.573352	0.58108	0.588809	0.593074	0.597338	0.603309	0.60928	0.610648	0.612016	0.612173	0.61233	0.611909	0.611488	0.610877	0.610267	0.609801	0.609336	0.608817	0.608298	0.608046	0.607794	0.607441	0.607088	0.607057	0.607025	0.60681	0.606595	0.606668	0.606741	0.606662	0.606584	0.606725	
0.606669	0.606727	0.606731	0.606734	0.606843	0.606951	0.606953	0.606955	0.607161	0.607367	0.607447	0.607528	0.607719	0.607911	0.608194	0.608476	0.608682	0.608888	0.609397	0.609905	0.609982	0.61006	0.610978	0.611896	0.611174	0.610451	0.607951	0.605451	0.598583	0.591716	0.583129	0.574542	0.57259	0.570638	0.578798	0.586957	0.593334	0.59971	0.606031	0.612351	0.613101	0.61385	0.613528	0.613205	0.612596	0.611988	0.611268	0.610549	0.61005	0.609552	0.609003	0.608455	0.608192	0.607928	0.607569	0.60721	0.607148	0.607085	0.606874	0.606663	0.606698	0.606733	0.606673	0.606612	0.606669	
0.606285	0.606295	0.606319	0.606343	0.606407	0.606471	0.606497	0.606523	0.60671	0.606898	0.606993	0.607089	0.607284	0.60748	0.607766	0.608052	0.608276	0.608499	0.608999	0.609499	0.609779	0.610058	0.61103	0.612002	0.611649	0.611296	0.608801	0.606306	0.599138	0.591971	0.583011	0.574051	0.57203	0.57001	0.578259	0.586509	0.594888	0.603266	0.608753	0.61424	0.614551	0.614861	0.614206	0.613551	0.612848	0.612146	0.611369	0.610592	0.610081	0.609571	0.609014	0.608456	0.608159	0.607862	0.607523	0.607185	0.607001	0.606817	0.606637	0.606458	0.606399	0.606341	0.606308	0.606275	0.606285	
0.6059	0.605862	0.605907	0.605951	0.605971	0.605991	0.606041	0.606091	0.60626	0.606428	0.606539	0.60665	0.606849	0.607049	0.607338	0.607628	0.607869	0.60811	0.608601	0.609093	0.609575	0.610057	0.611082	0.612107	0.612124	0.612141	0.609651	0.607162	0.599694	0.592225	0.582893	0.57356	0.57147	0.569381	0.577721	0.586061	0.596441	0.606822	0.611476	0.61613	0.616	0.615871	0.614884	0.613896	0.6131	0.612304	0.611469	0.610635	0.610113	0.60959	0.609024	0.608457	0.608126	0.607796	0.607477	0.607159	0.606854	0.606548	0.606401	0.606253	0.6061	0.605948	0.605943	0.605939	0.605901	
0.60545	0.60536	0.605422	0.605484	0.605452	0.605419	0.605485	0.605551	0.605706	0.605861	0.605972	0.606082	0.606295	0.606507	0.606778	0.60705	0.607347	0.607644	0.608123	0.608602	0.609118	0.609633	0.610815	0.611996	0.612415	0.612833	0.61092	0.609007	0.602776	0.596545	0.585718	0.574891	0.573383	0.571875	0.579526	0.587176	0.598178	0.60918	0.61291	0.61664	0.616379	0.616117	0.614872	0.613626	0.612693	0.61176	0.610895	0.61003	0.609522	0.609014	0.60848	0.607946	0.607636	0.607326	0.607028	0.606731	0.606448	0.606165	0.606035	0.605906	0.605713	0.60552	0.60553	0.60554	0.60545	
0.605	0.604858	0.604937	0.605017	0.604932	0.604847	0.604929	0.60501	0.605152	0.605294	0.605404	0.605514	0.60574	0.605966	0.606219	0.606471	0.606824	0.607177	0.607644	0.608112	0.608661	0.60921	0.610548	0.611886	0.612706	0.613525	0.612189	0.610852	0.605859	0.600866	0.588543	0.576221	0.575295	0.57437	0.581331	0.588292	0.599914	0.611537	0.614344	0.617151	0.616757	0.616363	0.61486	0.613357	0.612287	0.611216	0.610321	0.609426	0.608932	0.608438	0.607936	0.607434	0.607145	0.606855	0.606579	0.606303	0.606043	0.605782	0.60567	0.605559	0.605326	0.605092	0.605117	0.605142	0.605	
0.604437	0.604269	0.604357	0.604446	0.604337	0.604227	0.604325	0.604422	0.60454	0.604659	0.604779	0.604899	0.60512	0.605341	0.605582	0.605822	0.606193	0.606564	0.607007	0.607451	0.608061	0.608672	0.609867	0.611062	0.61252	0.613978	0.614201	0.614424	0.611906	0.609388	0.596251	0.583114	0.580205	0.577296	0.582981	0.588667	0.600399	0.612131	0.613904	0.615677	0.615674	0.615671	0.614003	0.612335	0.611403	0.610471	0.609611	0.608751	0.608288	0.607826	0.607348	0.60687	0.606587	0.606305	0.606051	0.605797	0.605523	0.605249	0.605152	0.605054	0.6048	0.604547	0.604576	0.604606	0.604437	
0.603875	0.60368	0.603777	0.603874	0.603741	0.603607	0.60372	0.603834	0.603928	0.604023	0.604154	0.604285	0.604501	0.604717	0.604945	0.605172	0.605561	0.605951	0.606371	0.60679	0.607462	0.608134	0.609185	0.610237	0.612334	0.614431	0.616213	0.618742	0.61874	0.62014	0.611844	0.594351	0.584214	0.580222	0.584632	0.589042	0.600883	0.612725	0.613464	0.614202	0.614591	0.614979	0.613146	0.611313	0.610519	0.609725	0.608901	0.608076	0.607645	0.607214	0.60676	0.606307	0.60603	0.605754	0.605522	0.605291	0.605004	0.604717	0.604633	0.604549	0.604275	0.604001	0.604035	0.60407	0.603875	
0.603337	0.603146	0.603238	0.603331	0.603201	0.603071	0.60319	0.60331	0.603384	0.603457	0.603596	0.603735	0.603934	0.604133	0.604352	0.60457	0.604947	0.605325	0.605731	0.606136	0.606799	0.607462	0.608483	0.609505	0.611996	0.614486	0.620407	0.628616	0.634553	0.638259	0.629573	0.610205	0.592282	0.587375	0.58871	0.590045	0.600754	0.611464	0.612282	0.6131	0.613585	0.61407	0.612309	0.610549	0.609741	0.608933	0.608114	0.607294	0.606886	0.606477	0.60605	0.605622	0.605367	0.605113	0.604897	0.604681	0.604417	0.604153	0.604073	0.603994	0.603733	0.603473	0.6035	0.603527	0.603337	
0.602798	0.602611	0.6027	0.602788	0.602661	0.602534	0.60266	0.602786	0.602839	0.602892	0.603039	0.603185	0.603368	0.60355	0.603759	0.603967	0.604333	0.604699	0.605091	0.605482	0.606136	0.606789	0.607781	0.608773	0.611657	0.614541	0.6246	0.64234	0.654879	0.659392	0.649649	0.628715	0.605439	0.590831	0.590414	0.591048	0.600625	0.610203	0.6111	0.611997	0.612579	0.61316	0.611473	0.609785	0.608963	0.608142	0.607327	0.606511	0.606126	0.605741	0.605339	0.604937	0.604704	0.604471	0.604271	0.604071	0.60383	0.603588	0.603514	0.603439	0.603192	0.602945	0.602965	0.602985	0.602798	
0.602385	0.60223	0.602304	0.602377	0.602277	0.602178	0.602299	0.60242	0.60246	0.602499	0.602647	0.602795	0.602951	0.603107	0.603307	0.603507	0.603835	0.604162	0.60454	0.604917	0.605533	0.606148	0.607129	0.608109	0.611157	0.614206	0.627197	0.654511	0.671562	0.675977	0.666151	0.646593	0.624852	0.60596	0.598793	0.598449	0.604937	0.611425	0.61183	0.612234	0.612421	0.612607	0.610852	0.609097	0.608244	0.60739	0.606587	0.605783	0.605418	0.605052	0.604669	0.604287	0.604083	0.60388	0.603687	0.603494	0.603294	0.603095	0.603017	0.602938	0.602734	0.602529	0.602534	0.602539	0.602385	
0.601971	0.601849	0.601908	0.601966	0.601894	0.601822	0.601938	0.602054	0.602081	0.602107	0.602256	0.602404	0.602534	0.602664	0.602856	0.603047	0.603337	0.603626	0.603989	0.604353	0.60493	0.605508	0.606476	0.607445	0.610658	0.613871	0.629793	0.657421	0.675763	0.680288	0.673551	0.658916	0.64085	0.623086	0.611652	0.60585	0.609248	0.612646	0.612559	0.612471	0.612263	0.612054	0.610231	0.608409	0.607524	0.606638	0.605847	0.605055	0.604709	0.604363	0.603999	0.603636	0.603462	0.603288	0.603102	0.602917	0.602759	0.602602	0.60252	0.602438	0.602275	0.602113	0.602103	0.602093	0.601971	
0.601741	0.601655	0.601699	0.601743	0.601698	0.601653	0.601762	0.601871	0.601891	0.60191	0.602055	0.602201	0.602306	0.602412	0.602598	0.602785	0.603025	0.603264	0.603619	0.603974	0.604449	0.604924	0.605876	0.606829	0.609097	0.611366	0.622053	0.642621	0.6586	0.665844	0.668453	0.664711	0.653299	0.640817	0.627391	0.616874	0.617231	0.61759	0.615626	0.613663	0.612556	0.61145	0.609623	0.607797	0.606889	0.605981	0.605229	0.604477	0.604151	0.603825	0.603482	0.603138	0.602998	0.602857	0.602675	0.602493	0.602387	0.60228	0.602192	0.602103	0.601989	0.601874	0.60185	0.601826	0.601741	
0.60151	0.601461	0.601491	0.60152	0.601503	0.601485	0.601586	0.601688	0.6017	0.601713	0.601855	0.601998	0.602079	0.60216	0.602341	0.602523	0.602713	0.602902	0.603249	0.603596	0.603968	0.60434	0.605276	0.606212	0.607537	0.608862	0.614314	0.622517	0.631117	0.638312	0.650247	0.662875	0.663465	0.65653	0.64211	0.627897	0.625215	0.622533	0.618694	0.614854	0.61285	0.610846	0.609015	0.607185	0.606254	0.605324	0.604611	0.603899	0.603593	0.603288	0.602964	0.60264	0.602534	0.602427	0.602248	0.60207	0.602014	0.601959	0.601864	0.601769	0.601702	0.601635	0.601597	0.601559	0.60151	
0.601441	0.601421	0.60144	0.601459	0.601464	0.601469	0.60156	0.601652	0.601663	0.601674	0.601811	0.601947	0.602011	0.602074	0.602251	0.602428	0.602578	0.602729	0.603059	0.603389	0.603692	0.603995	0.604797	0.605599	0.606637	0.607675	0.611072	0.613769	0.616388	0.619652	0.631941	0.654184	0.668523	0.670838	0.662946	0.638111	0.632421	0.626731	0.62102	0.615309	0.612683	0.610056	0.608314	0.606572	0.605703	0.604833	0.604186	0.603538	0.603256	0.602974	0.602667	0.602361	0.60228	0.6022	0.602024	0.601848	0.601831	0.601813	0.601714	0.601615	0.601584	0.601554	0.601507	0.60146	0.601441	
0.601371	0.601381	0.601389	0.601397	0.601425	0.601452	0.601534	0.601616	0.601626	0.601635	0.601766	0.601897	0.601943	0.601989	0.602161	0.602333	0.602444	0.602555	0.602869	0.603182	0.603416	0.60365	0.604318	0.604987	0.605738	0.606488	0.607831	0.609175	0.611117	0.614711	0.623016	0.641646	0.662428	0.6769	0.673711	0.661874	0.645483	0.63332	0.624134	0.615764	0.612515	0.609266	0.607613	0.60596	0.605151	0.604342	0.60376	0.603178	0.602919	0.602661	0.602371	0.602081	0.602027	0.601973	0.6018	0.601627	0.601647	0.601668	0.601564	0.601461	0.601467	0.601473	0.601417	0.601361	0.601371	
0.601606	0.601681	0.60167	0.601658	0.601722	0.601787	0.601848	0.601908	0.60192	0.601932	0.602043	0.602154	0.602158	0.602161	0.602328	0.602495	0.602513	0.602531	0.602838	0.603146	0.603326	0.603507	0.604115	0.604724	0.60529	0.605855	0.607113	0.60837	0.609924	0.612643	0.61764	0.627903	0.642733	0.653971	0.656445	0.647321	0.63803	0.629481	0.621125	0.613378	0.610791	0.608205	0.606847	0.605488	0.604777	0.604066	0.603547	0.603028	0.602789	0.60255	0.602274	0.601997	0.601959	0.60192	0.601749	0.601578	0.601647	0.601715	0.601602	0.601488	0.601575	0.601662	0.601596	0.60153	0.601606	
0.60184	0.601981	0.60195	0.601918	0.60202	0.602122	0.602161	0.6022	0.602215	0.602229	0.60232	0.60241	0.602372	0.602334	0.602495	0.602656	0.602581	0.602506	0.602808	0.603109	0.603236	0.603363	0.603913	0.604462	0.604842	0.605222	0.606394	0.607566	0.608731	0.609897	0.612849	0.618025	0.624445	0.629684	0.631442	0.629937	0.626101	0.620803	0.615747	0.610991	0.609068	0.607145	0.606081	0.605017	0.604403	0.603789	0.603333	0.602878	0.602659	0.602439	0.602176	0.601913	0.60189	0.601867	0.601698	0.60153	0.601647	0.601763	0.601639	0.601514	0.601683	0.601851	0.601775	0.601699	0.60184	
0.602152	0.60228	0.602258	0.602235	0.60233	0.602425	0.602459	0.602493	0.602509	0.602525	0.602611	0.602697	0.602664	0.602632	0.602787	0.602943	0.602889	0.602834	0.603103	0.603371	0.603429	0.603488	0.603929	0.604369	0.604677	0.604986	0.6059	0.606815	0.607679	0.608542	0.610706	0.613247	0.616687	0.619716	0.621311	0.621077	0.618522	0.614946	0.612039	0.609382	0.607949	0.606515	0.605663	0.60481	0.604261	0.603712	0.603364	0.603017	0.602837	0.602656	0.602433	0.60221	0.602199	0.602188	0.602032	0.601876	0.601979	0.602082	0.601973	0.601864	0.602008	0.602152	0.602087	0.602023	0.602152	
0.602463	0.602579	0.602565	0.602552	0.60264	0.602728	0.602756	0.602785	0.602802	0.60282	0.602902	0.602984	0.602957	0.602929	0.603079	0.603229	0.603196	0.603162	0.603398	0.603633	0.603623	0.603613	0.603945	0.604276	0.604513	0.604749	0.605407	0.606064	0.606626	0.607188	0.608562	0.609936	0.611888	0.613841	0.614721	0.6156	0.612952	0.610304	0.609038	0.607773	0.606829	0.605886	0.605245	0.604603	0.604119	0.603634	0.603395	0.603157	0.603015	0.602873	0.60269	0.602507	0.602508	0.602508	0.602365	0.602222	0.602311	0.6024	0.602307	0.602214	0.602333	0.602452	0.6024	0.602347	0.602463	
0.602794	0.602894	0.602891	0.602887	0.602961	0.603034	0.603065	0.603095	0.603112	0.603129	0.603207	0.603285	0.603259	0.603233	0.603378	0.603523	0.603488	0.603453	0.603674	0.603895	0.603904	0.603913	0.604224	0.604535	0.60471	0.604885	0.60542	0.605955	0.606408	0.606861	0.607788	0.608714	0.610013	0.611312	0.611918	0.612524	0.610837	0.60915	0.608234	0.607318	0.606542	0.605766	0.605272	0.604779	0.604384	0.603989	0.603751	0.603514	0.603365	0.603216	0.603042	0.602869	0.602854	0.602838	0.602708	0.602577	0.602649	0.602722	0.602641	0.60256	0.602665	0.60277	0.602732	0.602694	0.602794	
0.603125	0.603209	0.603216	0.603223	0.603282	0.603341	0.603373	0.603404	0.603421	0.603438	0.603511	0.603585	0.603561	0.603537	0.603677	0.603817	0.60378	0.603743	0.60395	0.604158	0.604185	0.604212	0.604503	0.604794	0.604907	0.605021	0.605433	0.605845	0.606189	0.606533	0.607013	0.607493	0.608138	0.608783	0.609115	0.609448	0.608722	0.607996	0.607429	0.606863	0.606254	0.605645	0.6053	0.604954	0.604648	0.604343	0.604108	0.603872	0.603716	0.603559	0.603395	0.603231	0.6032	0.603168	0.60305	0.602932	0.602988	0.603044	0.602975	0.602906	0.602997	0.603087	0.603064	0.60304	0.603125	
0.603383	0.603429	0.603451	0.603473	0.603508	0.603543	0.603581	0.603619	0.603634	0.60365	0.603723	0.603796	0.603788	0.603781	0.603911	0.604041	0.604035	0.604029	0.604211	0.604393	0.604447	0.604502	0.604738	0.604974	0.605111	0.605248	0.605571	0.605895	0.606173	0.606451	0.606831	0.607212	0.607657	0.608102	0.608319	0.608536	0.608026	0.607517	0.607096	0.606676	0.606203	0.605731	0.605454	0.605177	0.604902	0.604627	0.60443	0.604233	0.604079	0.603925	0.603779	0.603634	0.603578	0.603523	0.603421	0.60332	0.603338	0.603356	0.603304	0.603253	0.6033	0.603348	0.603343	0.603337	0.603383	
0.603642	0.603648	0.603685	0.603722	0.603734	0.603745	0.603789	0.603833	0.603847	0.603861	0.603934	0.604006	0.604016	0.604025	0.604145	0.604265	0.60429	0.604315	0.604471	0.604628	0.60471	0.604792	0.604973	0.605153	0.605314	0.605475	0.60571	0.605945	0.606157	0.606369	0.60665	0.606931	0.607176	0.607421	0.607523	0.607624	0.607331	0.607038	0.606763	0.606489	0.606153	0.605817	0.605609	0.6054	0.605156	0.604912	0.604753	0.604593	0.604442	0.60429	0.604163	0.604037	0.603957	0.603877	0.603793	0.603708	0.603688	0.603667	0.603633	0.603599	0.603604	0.603609	0.603622	0.603635	0.603642	
0.603785	0.603756	0.603804	0.603852	0.603845	0.603839	0.603887	0.603936	0.60395	0.603964	0.604036	0.604107	0.604134	0.60416	0.60427	0.60438	0.604436	0.604492	0.604628	0.604764	0.604879	0.604994	0.605141	0.605288	0.60547	0.605652	0.605847	0.606041	0.606255	0.60647	0.60666	0.60685	0.607081	0.607311	0.607373	0.607435	0.607225	0.607015	0.606798	0.606581	0.606291	0.606001	0.605809	0.605617	0.605395	0.605174	0.605025	0.604876	0.604718	0.604561	0.604448	0.604335	0.604229	0.604123	0.604054	0.603985	0.603927	0.603869	0.603849	0.603829	0.603795	0.603761	0.603787	0.603814	0.603785	
0.603928	0.603864	0.603923	0.603982	0.603957	0.603932	0.603986	0.604039	0.604052	0.604066	0.604137	0.604209	0.604252	0.604295	0.604395	0.604495	0.604582	0.604669	0.604785	0.604901	0.605048	0.605196	0.605309	0.605422	0.605626	0.605829	0.605983	0.606137	0.606354	0.60657	0.60667	0.60677	0.606985	0.6072	0.607223	0.607245	0.607119	0.606992	0.606832	0.606672	0.606429	0.606186	0.60601	0.605834	0.605635	0.605435	0.605297	0.605158	0.604995	0.604832	0.604733	0.604634	0.604501	0.604369	0.604316	0.604263	0.604167	0.60407	0.604065	0.604059	0.603986	0.603912	0.603952	0.603992	0.603928	
0.60397	0.603882	0.603947	0.604012	0.603971	0.603929	0.603991	0.604052	0.604065	0.604078	0.604148	0.604218	0.604275	0.604331	0.604422	0.604513	0.604622	0.604731	0.604832	0.604932	0.605101	0.605271	0.60536	0.60545	0.605667	0.605885	0.605976	0.606066	0.606282	0.606498	0.606536	0.606574	0.606744	0.606913	0.606901	0.606888	0.606849	0.60681	0.606666	0.606523	0.606376	0.60623	0.606067	0.605904	0.605722	0.605539	0.605409	0.60528	0.605116	0.604952	0.604863	0.604774	0.604627	0.60448	0.604437	0.604394	0.604275	0.604156	0.604159	0.604162	0.604063	0.603964	0.604012	0.604059	0.60397	
0.604013	0.6039	0.603971	0.604042	0.603984	0.603926	0.603996	0.604066	0.604078	0.604089	0.604158	0.604228	0.604298	0.604368	0.60445	0.604532	0.604663	0.604794	0.604878	0.604963	0.605154	0.605345	0.605411	0.605477	0.605709	0.605941	0.605968	0.605995	0.60621	0.606425	0.606401	0.606378	0.606502	0.606626	0.606579	0.606531	0.606579	0.606627	0.6065	0.606373	0.606323	0.606273	0.606124	0.605974	0.605809	0.605643	0.605522	0.605401	0.605237	0.605073	0.604993	0.604914	0.604753	0.604592	0.604559	0.604526	0.604384	0.604243	0.604254	0.604265	0.60414	0.604016	0.604071	0.604126	0.604013	
0.603862	0.603725	0.6038	0.603875	0.603803	0.60373	0.6038	0.60387	0.603877	0.603884	0.603947	0.60401	0.604096	0.604181	0.604238	0.604296	0.604446	0.604596	0.604653	0.604709	0.604909	0.605108	0.605141	0.605174	0.605404	0.605634	0.605642	0.60565	0.605856	0.606061	0.606031	0.606001	0.606146	0.606291	0.606229	0.606167	0.606217	0.606267	0.606138	0.606009	0.605983	0.605957	0.605822	0.605688	0.605555	0.605423	0.605321	0.605219	0.605074	0.60493	0.604881	0.604832	0.604658	0.604484	0.604479	0.604475	0.604303	0.60413	0.604155	0.604179	0.60403	0.603882	0.60394	0.603999	0.603862	
0.603711	0.60355	0.603629	0.603708	0.603621	0.603535	0.603604	0.603674	0.603677	0.603679	0.603736	0.603793	0.603893	0.603994	0.604027	0.60406	0.604229	0.604399	0.604427	0.604456	0.604664	0.604871	0.60487	0.60487	0.605098	0.605327	0.605316	0.605304	0.605501	0.605698	0.605661	0.605625	0.605791	0.605957	0.60588	0.605803	0.605855	0.605907	0.605776	0.605646	0.605643	0.60564	0.605521	0.605402	0.605302	0.605203	0.605119	0.605036	0.604911	0.604786	0.604768	0.60475	0.604563	0.604376	0.6044	0.604424	0.604221	0.604018	0.604055	0.604092	0.603921	0.603749	0.60381	0.603871	0.603711	
0.60354	0.603408	0.603469	0.603531	0.603463	0.603395	0.603452	0.603509	0.603512	0.603514	0.603561	0.603609	0.603688	0.603767	0.603797	0.603826	0.603961	0.604096	0.60412	0.604143	0.60431	0.604477	0.604476	0.604476	0.604656	0.604837	0.604828	0.604819	0.604973	0.605127	0.605094	0.605062	0.605187	0.605312	0.605251	0.605189	0.60524	0.605291	0.60519	0.605089	0.605088	0.605087	0.604991	0.604896	0.604823	0.604749	0.604684	0.604619	0.604517	0.604415	0.604394	0.604373	0.604229	0.604084	0.604096	0.604108	0.603954	0.603799	0.603827	0.603854	0.603713	0.603573	0.603622	0.603672	0.60354	
0.603369	0.603265	0.60331	0.603355	0.603306	0.603256	0.6033	0.603344	0.603347	0.603349	0.603387	0.603424	0.603482	0.60354	0.603566	0.603592	0.603693	0.603794	0.603812	0.603831	0.603957	0.604083	0.604082	0.604082	0.604214	0.604347	0.60434	0.604334	0.604445	0.604555	0.604528	0.6045	0.604584	0.604668	0.604621	0.604575	0.604625	0.604675	0.604604	0.604532	0.604533	0.604533	0.604462	0.60439	0.604343	0.604296	0.604249	0.604203	0.604123	0.604044	0.60402	0.603997	0.603894	0.603792	0.603792	0.603793	0.603687	0.60358	0.603598	0.603616	0.603506	0.603396	0.603435	0.603473	0.603369	
0.603218	0.603153	0.603181	0.603209	0.603178	0.603148	0.603175	0.603202	0.603204	0.603206	0.603229	0.603252	0.603288	0.603325	0.603341	0.603356	0.603419	0.603482	0.603493	0.603503	0.603582	0.60366	0.603659	0.603657	0.603739	0.603821	0.603816	0.60381	0.603879	0.603948	0.603929	0.603911	0.603964	0.604017	0.603987	0.603957	0.603989	0.604021	0.603976	0.603932	0.603934	0.603936	0.603892	0.603847	0.603819	0.603792	0.603763	0.603734	0.603685	0.603637	0.603623	0.603609	0.603546	0.603482	0.603483	0.603484	0.603418	0.603351	0.603362	0.603373	0.603305	0.603236	0.60326	0.603283	0.603218	
0.603067	0.603042	0.603052	0.603062	0.603051	0.60304	0.603049	0.603059	0.603061	0.603063	0.603071	0.603079	0.603095	0.603111	0.603115	0.603119	0.603145	0.603171	0.603173	0.603176	0.603206	0.603237	0.603235	0.603232	0.603264	0.603295	0.603291	0.603287	0.603313	0.60334	0.603331	0.603322	0.603344	0.603365	0.603352	0.603339	0.603353	0.603368	0.603349	0.603331	0.603335	0.603339	0.603321	0.603304	0.603295	0.603287	0.603276	0.603265	0.603248	0.603231	0.603227	0.603222	0.603198	0.603173	0.603174	0.603176	0.603149	0.603122	0.603126	0.60313	0.603103	0.603076	0.603084	0.603093	0.603067	
0.603006	0.603006	0.603006	0.603006	0.603006	0.603006	0.603006	0.603006	0.603006	0.603006	0.603006	0.603006	0.603006	0.603006	0.603006	0.603006	0.603006	0.603006	0.603006	0.603006	0.603006	0.603006	0.603006	0.603006	0.603006	0.603006	0.603006	0.603006	0.603006	0.603006	0.603006	0.603006	0.603006	0.603006	0.603006	0.603006	0.603006	0.603006	0.603006	0.603006	0.603006	0.603006	0.603006	0.603006	0.603006	0.603006	0.603006	0.603006	0.603006	0.603006	0.603006	0.603006	0.603006	0.603006	0.603006	0.603006	0.603006	0.603006	0.603006	0.603006	0.603006	0.603006	0.603006	0.603006	0.603006	
