x=200	y=115	z=200	n=65	len=1
b
0.866821	0.866821	0.866821	0.866821	0.866821	0.866821	0.866821	0.866821	0.866821	0.866821	0.866821	0.866821	0.866821	0.866821	0.866821	0.866821	0.866821	0.866821	0.866821	0.866821	0.866821	0.866821	0.866821	0.866821	0.866821	0.866821	0.866821	0.866821	0.866821	0.866821	0.866821	0.866821	0.866821	0.866821	0.866821	0.866821	0.866821	0.866821	0.866821	0.866821	0.866821	0.866821	0.866821	0.866821	0.866821	0.866821	0.866821	0.866821	0.866821	0.866821	0.866821	0.866821	0.866821	0.866821	0.866821	0.866821	0.866821	0.866821	0.866821	0.866821	0.866821	0.866821	0.866821	0.866821	0.866821	
0.866846	0.866846	0.866846	0.866845	0.866846	0.866846	0.866846	0.866846	0.866846	0.866847	0.866846	0.866846	0.866847	0.866847	0.866847	0.866847	0.866847	0.866848	0.866848	0.866848	0.866848	0.866849	0.866849	0.866848	0.866849	0.86685	0.866849	0.866849	0.866849	0.86685	0.866849	0.866849	0.866849	0.86685	0.866849	0.866849	0.866849	0.86685	0.866849	0.866849	0.866849	0.866849	0.866849	0.866848	0.866848	0.866848	0.866848	0.866847	0.866848	0.866848	0.866847	0.866847	0.866847	0.866847	0.866846	0.866846	0.866846	0.866846	0.866846	0.866845	0.866845	0.866846	0.866845	0.866845	0.866846	
0.866892	0.866894	0.866893	0.866892	0.866893	0.866894	0.866893	0.866892	0.866893	0.866895	0.866894	0.866893	0.866895	0.866897	0.866896	0.866895	0.866897	0.866899	0.866898	0.866897	0.866899	0.866901	0.8669	0.8669	0.866901	0.866903	0.866902	0.866901	0.866902	0.866904	0.866903	0.866901	0.866903	0.866904	0.866903	0.866901	0.866902	0.866903	0.866902	0.866901	0.866901	0.866902	0.866901	0.866899	0.8669	0.8669	0.866898	0.866897	0.866897	0.866898	0.866896	0.866895	0.866895	0.866896	0.866894	0.866893	0.866893	0.866894	0.866892	0.866891	0.866892	0.866892	0.866891	0.866889	0.866892	
0.866938	0.866942	0.86694	0.866937	0.866939	0.866941	0.86694	0.866938	0.86694	0.866943	0.866941	0.86694	0.866943	0.866946	0.866945	0.866943	0.866946	0.86695	0.866948	0.866947	0.86695	0.866954	0.866952	0.866951	0.866954	0.866956	0.866955	0.866953	0.866955	0.866958	0.866956	0.866954	0.866956	0.866958	0.866956	0.866954	0.866955	0.866957	0.866955	0.866953	0.866954	0.866955	0.866952	0.86695	0.866951	0.866952	0.866949	0.866946	0.866947	0.866948	0.866945	0.866943	0.866944	0.866944	0.866942	0.86694	0.86694	0.866941	0.866939	0.866937	0.866938	0.866939	0.866936	0.866934	0.866938	
0.866979	0.866983	0.866981	0.866978	0.866981	0.866983	0.866981	0.866979	0.866982	0.866986	0.866984	0.866983	0.866987	0.866991	0.866989	0.866988	0.866992	0.866997	0.866995	0.866993	0.866998	0.867002	0.867001	0.866999	0.867003	0.867007	0.867005	0.867003	0.867006	0.867009	0.867007	0.867004	0.867007	0.86701	0.867007	0.867004	0.867006	0.867008	0.867005	0.867002	0.867003	0.867005	0.867001	0.866998	0.866998	0.866999	0.866996	0.866992	0.866993	0.866993	0.86699	0.866987	0.866987	0.866988	0.866985	0.866982	0.866982	0.866983	0.86698	0.866977	0.866978	0.86698	0.866977	0.866974	0.866979	
0.867019	0.867025	0.867022	0.867019	0.867022	0.867025	0.867023	0.86702	0.867025	0.867029	0.867027	0.867025	0.86703	0.867035	0.867034	0.867032	0.867038	0.867043	0.867042	0.86704	0.867046	0.867051	0.867049	0.867047	0.867052	0.867057	0.867055	0.867053	0.867057	0.867061	0.867058	0.867055	0.867058	0.867062	0.867058	0.867055	0.867057	0.867059	0.867055	0.867051	0.867053	0.867054	0.86705	0.867045	0.867046	0.867047	0.867042	0.867038	0.867038	0.867039	0.867035	0.867031	0.867031	0.867031	0.867027	0.867024	0.867024	0.867025	0.867021	0.867018	0.867019	0.86702	0.867017	0.867014	0.867019	
0.86705	0.867057	0.867053	0.867049	0.867053	0.867057	0.867053	0.86705	0.867055	0.86706	0.867057	0.867055	0.86706	0.867066	0.867064	0.867061	0.867068	0.867074	0.867072	0.86707	0.867077	0.867083	0.867081	0.867079	0.867085	0.86709	0.867087	0.867085	0.867089	0.867094	0.867091	0.867087	0.867091	0.867095	0.867091	0.867087	0.86709	0.867092	0.867088	0.867083	0.867085	0.867087	0.867082	0.867077	0.867077	0.867078	0.867073	0.867068	0.867069	0.867069	0.867065	0.86706	0.867061	0.867063	0.867058	0.867054	0.867055	0.867056	0.867052	0.867048	0.867049	0.867051	0.867047	0.867043	0.86705	
0.867081	0.86709	0.867085	0.86708	0.867084	0.867088	0.867084	0.86708	0.867086	0.867091	0.867088	0.867084	0.867091	0.867097	0.867094	0.867091	0.867098	0.867105	0.867103	0.867101	0.867108	0.867115	0.867113	0.86711	0.867117	0.867123	0.86712	0.867117	0.867122	0.867127	0.867123	0.867119	0.867124	0.867128	0.867123	0.867119	0.867122	0.867125	0.86712	0.867115	0.867117	0.867119	0.867113	0.867108	0.867109	0.867109	0.867104	0.867098	0.867099	0.8671	0.867095	0.86709	0.867092	0.867094	0.867089	0.867084	0.867086	0.867087	0.867082	0.867078	0.86708	0.867082	0.867077	0.867072	0.867081	
0.867091	0.867098	0.867094	0.86709	0.867095	0.867099	0.867096	0.867093	0.867098	0.867104	0.867102	0.867099	0.867106	0.867113	0.867111	0.867109	0.867117	0.867124	0.867123	0.867122	0.867129	0.867137	0.867136	0.867134	0.867141	0.867148	0.867146	0.867144	0.867149	0.867155	0.867151	0.867148	0.867152	0.867156	0.867151	0.867147	0.867149	0.867152	0.867146	0.86714	0.867141	0.867142	0.867136	0.86713	0.86713	0.86713	0.867124	0.867118	0.867118	0.867117	0.867112	0.867107	0.867107	0.867107	0.867102	0.867097	0.867098	0.867098	0.867094	0.867089	0.867091	0.867093	0.867088	0.867084	0.867091	
0.867101	0.867106	0.867104	0.867101	0.867105	0.86711	0.867107	0.867105	0.867111	0.867117	0.867115	0.867114	0.867121	0.867129	0.867128	0.867127	0.867135	0.867144	0.867143	0.867143	0.867151	0.867159	0.867159	0.867158	0.867165	0.867173	0.867172	0.86717	0.867176	0.867182	0.867179	0.867177	0.867181	0.867185	0.867179	0.867174	0.867176	0.867178	0.867172	0.867165	0.867166	0.867166	0.867159	0.867152	0.867151	0.867151	0.867144	0.867137	0.867136	0.867134	0.867129	0.867123	0.867122	0.867121	0.867116	0.867111	0.86711	0.86711	0.867105	0.867101	0.867102	0.867103	0.8671	0.867096	0.867101	
0.867098	0.867102	0.8671	0.867097	0.867102	0.867106	0.867104	0.867102	0.867108	0.867113	0.867112	0.867111	0.867118	0.867126	0.867125	0.867124	0.867133	0.867141	0.86714	0.86714	0.867148	0.867156	0.867156	0.867155	0.867162	0.867169	0.867168	0.867167	0.867172	0.867178	0.867175	0.867173	0.867177	0.867181	0.867175	0.86717	0.867172	0.867175	0.867168	0.867162	0.867162	0.867163	0.867156	0.86715	0.867149	0.867148	0.867141	0.867135	0.867133	0.867131	0.867126	0.86712	0.867119	0.867117	0.867112	0.867107	0.867107	0.867106	0.867102	0.867098	0.867099	0.8671	0.867097	0.867093	0.867098	
0.867094	0.867098	0.867096	0.867094	0.867098	0.867102	0.8671	0.867099	0.867104	0.86711	0.867109	0.867108	0.867115	0.867122	0.867122	0.867122	0.86713	0.867138	0.867138	0.867138	0.867145	0.867153	0.867153	0.867152	0.867159	0.867166	0.867164	0.867163	0.867169	0.867174	0.867171	0.867169	0.867173	0.867176	0.867172	0.867167	0.867169	0.867171	0.867164	0.867158	0.867159	0.86716	0.867153	0.867147	0.867146	0.867145	0.867138	0.867132	0.86713	0.867128	0.867123	0.867117	0.867115	0.867113	0.867109	0.867104	0.867103	0.867102	0.867098	0.867094	0.867095	0.867096	0.867094	0.867091	0.867094	
0.867086	0.867088	0.867087	0.867086	0.86709	0.867094	0.867093	0.867091	0.867097	0.867102	0.867102	0.867101	0.867108	0.867115	0.867116	0.867116	0.867124	0.867132	0.867132	0.867133	0.867141	0.867149	0.867149	0.86715	0.867157	0.867164	0.867165	0.867166	0.867172	0.867177	0.867176	0.867175	0.867178	0.867182	0.867176	0.86717	0.867171	0.867173	0.867165	0.867157	0.867157	0.867157	0.86715	0.867143	0.867141	0.867139	0.867133	0.867126	0.867124	0.867121	0.867116	0.867111	0.867108	0.867106	0.867101	0.867097	0.867096	0.867094	0.867091	0.867087	0.867088	0.867088	0.867086	0.867084	0.867086	
0.867078	0.867079	0.867079	0.867078	0.867082	0.867086	0.867085	0.867084	0.867089	0.867095	0.867095	0.867094	0.867101	0.867108	0.867109	0.86711	0.867118	0.867126	0.867127	0.867128	0.867136	0.867144	0.867146	0.867148	0.867155	0.867163	0.867166	0.867168	0.867174	0.86718	0.867181	0.867181	0.867184	0.867187	0.867181	0.867174	0.867174	0.867174	0.867166	0.867157	0.867155	0.867154	0.867146	0.867139	0.867136	0.867134	0.867127	0.867121	0.867118	0.867115	0.867109	0.867104	0.867101	0.867098	0.867094	0.86709	0.867088	0.867086	0.867083	0.86708	0.86708	0.86708	0.867079	0.867077	0.867078	
0.867067	0.867068	0.867067	0.867067	0.867071	0.867075	0.867074	0.867073	0.867078	0.867083	0.867083	0.867083	0.86709	0.867097	0.867098	0.867099	0.867107	0.867115	0.867117	0.867119	0.867127	0.867135	0.867138	0.867141	0.867148	0.867155	0.867159	0.867162	0.867167	0.867172	0.867172	0.867172	0.867175	0.867179	0.867172	0.867166	0.867167	0.867168	0.867159	0.86715	0.867148	0.867146	0.867138	0.86713	0.867127	0.867124	0.867117	0.86711	0.867107	0.867103	0.867098	0.867093	0.867089	0.867086	0.867082	0.867078	0.867077	0.867075	0.867072	0.867069	0.867069	0.86707	0.867068	0.867067	0.867067	
0.867056	0.867056	0.867056	0.867056	0.86706	0.867063	0.867063	0.867062	0.867067	0.867071	0.867072	0.867072	0.867078	0.867085	0.867087	0.867089	0.867096	0.867104	0.867107	0.86711	0.867118	0.867126	0.86713	0.867134	0.867141	0.867148	0.867152	0.867155	0.86716	0.867164	0.867164	0.867163	0.867167	0.86717	0.867164	0.867158	0.867159	0.867161	0.867152	0.867143	0.867141	0.867138	0.86713	0.867121	0.867117	0.867114	0.867107	0.8671	0.867096	0.867091	0.867086	0.867081	0.867078	0.867074	0.86707	0.867067	0.867065	0.867063	0.867061	0.867058	0.867059	0.867059	0.867058	0.867057	0.867056	
0.867051	0.867049	0.86705	0.867051	0.867054	0.867058	0.867058	0.867058	0.867063	0.867068	0.867069	0.86707	0.867078	0.867085	0.867087	0.867089	0.867098	0.867106	0.86711	0.867113	0.867122	0.867131	0.867137	0.867143	0.867151	0.86716	0.867168	0.867175	0.867183	0.867191	0.867197	0.867202	0.867205	0.867208	0.867197	0.867186	0.867183	0.86718	0.867167	0.867155	0.867151	0.867147	0.867137	0.867126	0.867122	0.867117	0.867109	0.867102	0.867097	0.867092	0.867087	0.867081	0.867077	0.867072	0.867068	0.867065	0.867062	0.867059	0.867056	0.867054	0.867054	0.867053	0.867053	0.867052	0.867051	
0.867045	0.867043	0.867044	0.867045	0.867049	0.867053	0.867053	0.867054	0.86706	0.867066	0.867067	0.867069	0.867077	0.867085	0.867087	0.86709	0.867099	0.867108	0.867112	0.867117	0.867126	0.867136	0.867144	0.867152	0.867162	0.867172	0.867184	0.867196	0.867207	0.867218	0.86723	0.867242	0.867244	0.867247	0.867231	0.867215	0.867207	0.867199	0.867183	0.867167	0.867161	0.867156	0.867144	0.867131	0.867126	0.86712	0.867112	0.867104	0.867098	0.867092	0.867087	0.867081	0.867076	0.86707	0.867066	0.867062	0.867058	0.867054	0.867052	0.86705	0.867049	0.867047	0.867047	0.867047	0.867045	
0.867047	0.867045	0.867046	0.867047	0.867051	0.867055	0.867056	0.867057	0.867063	0.867069	0.867071	0.867072	0.86708	0.867088	0.867091	0.867094	0.867104	0.867113	0.867118	0.867123	0.867134	0.867144	0.867153	0.867161	0.867171	0.86718	0.867192	0.867203	0.867212	0.86722	0.867228	0.867236	0.86724	0.867244	0.867229	0.867215	0.867212	0.867208	0.867191	0.867175	0.86717	0.867166	0.867152	0.867139	0.867133	0.867127	0.867118	0.867109	0.867103	0.867097	0.867091	0.867085	0.867079	0.867073	0.867069	0.867065	0.867061	0.867057	0.867055	0.867052	0.867051	0.86705	0.86705	0.867049	0.867047	
0.86705	0.867048	0.867049	0.86705	0.867054	0.867058	0.867059	0.86706	0.867066	0.867072	0.867074	0.867076	0.867084	0.867092	0.867096	0.867099	0.867109	0.867119	0.867125	0.86713	0.867141	0.867152	0.867161	0.86717	0.86718	0.867189	0.8672	0.86721	0.867216	0.867222	0.867227	0.867231	0.867236	0.867241	0.867228	0.867215	0.867216	0.867217	0.867199	0.867182	0.867179	0.867175	0.867161	0.867147	0.86714	0.867134	0.867124	0.867115	0.867108	0.867101	0.867095	0.867089	0.867083	0.867077	0.867072	0.867068	0.867064	0.86706	0.867057	0.867055	0.867054	0.867052	0.867052	0.867052	0.86705	
0.867057	0.867056	0.867057	0.867058	0.867062	0.867066	0.867067	0.867068	0.867075	0.867082	0.867083	0.867085	0.867095	0.867105	0.867108	0.867112	0.867124	0.867136	0.867144	0.867151	0.867165	0.867178	0.867191	0.867204	0.867217	0.867231	0.867253	0.867275	0.867293	0.867311	0.867338	0.867364	0.867368	0.867372	0.867337	0.867303	0.867292	0.867281	0.867252	0.867224	0.867216	0.867209	0.867191	0.867173	0.867164	0.867155	0.867143	0.867132	0.867123	0.867115	0.867108	0.867101	0.867094	0.867086	0.867082	0.867078	0.867073	0.867068	0.867066	0.867063	0.867062	0.86706	0.867059	0.867059	0.867057	
0.867065	0.867064	0.867064	0.867065	0.86707	0.867074	0.867075	0.867076	0.867084	0.867091	0.867093	0.867095	0.867106	0.867117	0.867121	0.867126	0.86714	0.867154	0.867163	0.867172	0.867188	0.867205	0.867221	0.867238	0.867255	0.867272	0.867306	0.86734	0.86737	0.8674	0.867449	0.867497	0.8675	0.867503	0.867447	0.86739	0.867368	0.867345	0.867305	0.867265	0.867254	0.867244	0.867221	0.867199	0.867187	0.867176	0.867162	0.867149	0.867139	0.867128	0.867121	0.867113	0.867105	0.867096	0.867092	0.867087	0.867082	0.867077	0.867074	0.867071	0.867069	0.867067	0.867067	0.867066	0.867065	
0.867078	0.867078	0.867078	0.867078	0.867083	0.867088	0.867089	0.86709	0.867099	0.867107	0.867109	0.867111	0.867124	0.867136	0.867141	0.867146	0.867161	0.867177	0.867187	0.867196	0.867215	0.867233	0.86725	0.867268	0.867285	0.867301	0.867334	0.867367	0.867383	0.867398	0.867431	0.867463	0.867469	0.867476	0.86743	0.867384	0.867379	0.867374	0.867333	0.867292	0.867283	0.867274	0.86725	0.867226	0.867213	0.867201	0.867186	0.867172	0.86716	0.867148	0.86714	0.867132	0.867122	0.867113	0.867108	0.867103	0.867097	0.867091	0.867088	0.867085	0.867083	0.867081	0.86708	0.867079	0.867078	
0.867091	0.867091	0.867091	0.867092	0.867097	0.867103	0.867103	0.867104	0.867114	0.867123	0.867125	0.867128	0.867141	0.867155	0.86716	0.867165	0.867183	0.8672	0.86721	0.86722	0.867241	0.867261	0.867279	0.867297	0.867314	0.867331	0.867362	0.867393	0.867395	0.867396	0.867412	0.867428	0.867438	0.867448	0.867413	0.867377	0.867391	0.867404	0.867362	0.867319	0.867312	0.867305	0.867279	0.867253	0.867239	0.867225	0.86721	0.867195	0.867181	0.867168	0.867159	0.867151	0.86714	0.867129	0.867124	0.867119	0.867112	0.867105	0.867102	0.867099	0.867096	0.867094	0.867092	0.867091	0.867091	
0.867109	0.86711	0.86711	0.86711	0.867116	0.867122	0.867123	0.867124	0.867135	0.867146	0.867149	0.867151	0.867167	0.867184	0.867189	0.867195	0.867217	0.867238	0.86725	0.867262	0.867287	0.867313	0.867337	0.867361	0.867386	0.867411	0.867464	0.867517	0.867548	0.867579	0.867681	0.867783	0.86779	0.867796	0.867678	0.86756	0.867544	0.867528	0.867463	0.867398	0.867384	0.86737	0.867337	0.867304	0.867286	0.867268	0.86725	0.867231	0.867215	0.867199	0.867189	0.867179	0.867166	0.867153	0.867147	0.867141	0.867133	0.867125	0.867122	0.867118	0.867115	0.867112	0.86711	0.867109	0.867109	
0.867127	0.867129	0.867128	0.867128	0.867135	0.867142	0.867142	0.867143	0.867156	0.867169	0.867172	0.867175	0.867193	0.867212	0.867219	0.867225	0.86725	0.867275	0.86729	0.867304	0.867334	0.867364	0.867395	0.867425	0.867458	0.867491	0.867566	0.867641	0.867701	0.867761	0.86795	0.868138	0.868141	0.868144	0.867943	0.867742	0.867698	0.867653	0.867565	0.867477	0.867456	0.867435	0.867395	0.867355	0.867332	0.86731	0.867289	0.867268	0.867249	0.867229	0.867218	0.867207	0.867192	0.867177	0.86717	0.867164	0.867154	0.867145	0.867141	0.867138	0.867134	0.86713	0.867128	0.867126	0.867127	
0.867148	0.86715	0.867149	0.867148	0.867156	0.867164	0.867165	0.867166	0.86718	0.867195	0.867198	0.8672	0.867222	0.867244	0.86725	0.867257	0.867286	0.867316	0.86733	0.867344	0.86738	0.867416	0.867446	0.867477	0.867512	0.867546	0.867623	0.8677	0.867697	0.867694	0.867925	0.868157	0.868163	0.86817	0.86792	0.86767	0.867692	0.867715	0.867622	0.867529	0.867509	0.867488	0.867446	0.867404	0.867378	0.867351	0.86733	0.867308	0.867285	0.867262	0.86725	0.867238	0.867221	0.867203	0.867196	0.86719	0.867179	0.867168	0.867164	0.86716	0.867155	0.86715	0.867148	0.867146	0.867148	
0.867169	0.867171	0.86717	0.867169	0.867178	0.867186	0.867187	0.867188	0.867204	0.867221	0.867224	0.867226	0.867251	0.867276	0.867282	0.867288	0.867322	0.867356	0.86737	0.867384	0.867426	0.867467	0.867498	0.867529	0.867565	0.867601	0.86768	0.867758	0.867693	0.867627	0.867901	0.868175	0.868186	0.868196	0.867897	0.867597	0.867687	0.867778	0.867679	0.867581	0.867562	0.867542	0.867498	0.867454	0.867423	0.867392	0.86737	0.867348	0.867321	0.867294	0.867282	0.867269	0.867249	0.867229	0.867222	0.867215	0.867203	0.86719	0.867186	0.867182	0.867177	0.867171	0.867169	0.867166	0.867169	
0.867191	0.867194	0.867192	0.867191	0.867201	0.867211	0.867211	0.867212	0.867231	0.86725	0.867252	0.867255	0.867283	0.867312	0.867319	0.867325	0.867365	0.867405	0.86742	0.867435	0.867484	0.867534	0.867569	0.867604	0.867647	0.867689	0.867776	0.867863	0.867806	0.86775	0.867979	0.868208	0.868227	0.868245	0.86798	0.867716	0.867802	0.867888	0.867777	0.867667	0.867643	0.867619	0.867569	0.867519	0.867482	0.867444	0.86742	0.867395	0.867363	0.867331	0.867318	0.867305	0.867282	0.867259	0.867251	0.867244	0.867229	0.867215	0.867211	0.867206	0.8672	0.867193	0.867191	0.867188	0.867191	
0.867213	0.867216	0.867215	0.867213	0.867224	0.867235	0.867236	0.867236	0.867257	0.867278	0.867281	0.867284	0.867316	0.867348	0.867355	0.867362	0.867408	0.867453	0.86747	0.867486	0.867543	0.867601	0.86764	0.867679	0.867728	0.867777	0.867872	0.867968	0.86792	0.867873	0.868057	0.868242	0.868268	0.868294	0.868064	0.867834	0.867916	0.867998	0.867875	0.867752	0.867724	0.867695	0.86764	0.867585	0.867541	0.867496	0.86747	0.867443	0.867406	0.867369	0.867355	0.867341	0.867314	0.867288	0.86728	0.867272	0.867256	0.867239	0.867235	0.86723	0.867223	0.867215	0.867212	0.86721	0.867213	
0.867235	0.867239	0.867237	0.867235	0.867247	0.867259	0.86726	0.86726	0.867284	0.867307	0.86731	0.867312	0.867349	0.867386	0.867392	0.867398	0.867452	0.867505	0.867519	0.867534	0.867607	0.867681	0.867712	0.867744	0.867833	0.867922	0.867988	0.868053	0.868104	0.868155	0.868232	0.86831	0.868339	0.868368	0.868244	0.868119	0.868103	0.868087	0.86799	0.867894	0.867828	0.867762	0.867713	0.867663	0.867604	0.867545	0.867519	0.867494	0.86745	0.867405	0.867392	0.867378	0.867347	0.867317	0.867309	0.867301	0.867282	0.867263	0.867259	0.867255	0.867246	0.867237	0.867234	0.867231	0.867235	
0.867257	0.867261	0.867259	0.867257	0.86727	0.867284	0.867284	0.867284	0.86731	0.867337	0.867338	0.86734	0.867382	0.867423	0.867428	0.867434	0.867496	0.867557	0.867569	0.867581	0.867671	0.867761	0.867785	0.867809	0.867938	0.868068	0.868103	0.868138	0.868287	0.868436	0.868407	0.868379	0.868411	0.868443	0.868423	0.868404	0.86829	0.868176	0.868106	0.868036	0.867932	0.867828	0.867785	0.867742	0.867667	0.867593	0.867569	0.867545	0.867493	0.867442	0.867428	0.867415	0.86738	0.867345	0.867338	0.86733	0.867309	0.867288	0.867283	0.867279	0.867269	0.86726	0.867256	0.867253	0.867257	
0.867279	0.867284	0.867281	0.867278	0.867293	0.867308	0.867307	0.867307	0.867337	0.867366	0.867367	0.867369	0.867415	0.867462	0.867467	0.867471	0.867542	0.867613	0.867623	0.867634	0.86774	0.867846	0.867867	0.867888	0.868053	0.868218	0.868247	0.868277	0.868507	0.868737	0.868653	0.868569	0.868604	0.868639	0.868672	0.868705	0.868509	0.868314	0.86825	0.868187	0.868048	0.867909	0.867868	0.867827	0.867737	0.867647	0.867623	0.8676	0.86754	0.86748	0.867467	0.867454	0.867414	0.867374	0.867367	0.867359	0.867335	0.867312	0.867307	0.867303	0.867292	0.867281	0.867278	0.867274	0.867279	
0.867301	0.867306	0.867303	0.867299	0.867316	0.867332	0.867331	0.867331	0.867363	0.867395	0.867396	0.867397	0.867449	0.867501	0.867505	0.867509	0.867589	0.867668	0.867677	0.867687	0.867809	0.867932	0.86795	0.867968	0.868168	0.868368	0.868392	0.868415	0.868727	0.869038	0.868899	0.86876	0.868798	0.868836	0.868921	0.869006	0.868729	0.868452	0.868395	0.868338	0.868164	0.867989	0.867951	0.867912	0.867806	0.8677	0.867678	0.867655	0.867586	0.867518	0.867505	0.867492	0.867448	0.867403	0.867396	0.867388	0.867362	0.867336	0.867331	0.867327	0.867315	0.867303	0.867299	0.867296	0.867301	
0.867321	0.867327	0.867323	0.86732	0.867337	0.867355	0.867354	0.867353	0.867389	0.867424	0.867424	0.867424	0.867482	0.867541	0.867542	0.867544	0.867635	0.867725	0.86773	0.867735	0.867879	0.868022	0.868029	0.868036	0.86828	0.868525	0.868518	0.868511	0.868924	0.869336	0.869032	0.868728	0.868765	0.868803	0.869056	0.869309	0.868932	0.868554	0.868527	0.868499	0.868279	0.868059	0.86803	0.868002	0.867876	0.86775	0.867731	0.867712	0.867633	0.867554	0.867543	0.867531	0.867481	0.867431	0.867424	0.867418	0.867388	0.867358	0.867354	0.86735	0.867337	0.867324	0.86732	0.867316	0.867321	
0.867342	0.867348	0.867344	0.86734	0.867359	0.867378	0.867377	0.867375	0.867414	0.867453	0.867452	0.867451	0.867516	0.86758	0.86758	0.86758	0.867681	0.867783	0.867783	0.867784	0.867948	0.868112	0.868108	0.868104	0.868393	0.868682	0.868645	0.868607	0.869121	0.869634	0.869165	0.868696	0.868733	0.868769	0.869191	0.869612	0.869134	0.868656	0.868659	0.868661	0.868394	0.868128	0.86811	0.868091	0.867945	0.867799	0.867784	0.867769	0.867679	0.86759	0.867581	0.867571	0.867515	0.867459	0.867453	0.867447	0.867414	0.867381	0.867378	0.867374	0.867359	0.867345	0.86734	0.867336	0.867342	
0.867361	0.867368	0.867363	0.867359	0.86738	0.867401	0.867399	0.867397	0.867439	0.867482	0.86748	0.867478	0.867549	0.86762	0.867617	0.867615	0.867728	0.867841	0.867836	0.867832	0.868016	0.868199	0.868185	0.868171	0.868492	0.868813	0.868769	0.868725	0.869185	0.869646	0.86908	0.868513	0.868561	0.868609	0.869122	0.869634	0.869194	0.868754	0.868777	0.868799	0.868498	0.868197	0.868188	0.868179	0.868014	0.867849	0.867838	0.867826	0.867727	0.867627	0.867619	0.867611	0.867548	0.867486	0.867481	0.867476	0.867439	0.867403	0.8674	0.867397	0.86738	0.867364	0.867359	0.867355	0.867361	
0.867381	0.867388	0.867383	0.867378	0.8674	0.867423	0.86742	0.867418	0.867464	0.867511	0.867508	0.867505	0.867582	0.867659	0.867655	0.867651	0.867775	0.867898	0.86789	0.867881	0.868084	0.868286	0.868262	0.868238	0.868591	0.868943	0.868893	0.868843	0.86925	0.869657	0.868994	0.868331	0.86839	0.868449	0.869052	0.869655	0.869254	0.868852	0.868895	0.868937	0.868601	0.868266	0.868267	0.868267	0.868083	0.867899	0.867892	0.867884	0.867774	0.867663	0.867657	0.86765	0.867582	0.867513	0.867509	0.867505	0.867465	0.867424	0.867422	0.867419	0.867401	0.867383	0.867378	0.867374	0.867381	
0.8674	0.867408	0.867402	0.867396	0.86742	0.867444	0.867441	0.867438	0.867488	0.867538	0.867534	0.867529	0.867614	0.867698	0.867691	0.867684	0.867819	0.867955	0.86794	0.867925	0.868146	0.868368	0.86833	0.868293	0.868665	0.869037	0.868953	0.868868	0.869213	0.869558	0.868782	0.868007	0.868097	0.868187	0.868881	0.869575	0.869236	0.868897	0.868984	0.86907	0.868696	0.868323	0.868336	0.86835	0.868148	0.867945	0.867943	0.867941	0.867819	0.867697	0.867693	0.86769	0.867614	0.867538	0.867536	0.867533	0.867489	0.867445	0.867443	0.867441	0.867421	0.867402	0.867396	0.867391	0.8674	
0.867419	0.867429	0.867422	0.867414	0.86744	0.867465	0.867462	0.867458	0.867512	0.867566	0.86756	0.867554	0.867646	0.867737	0.867727	0.867717	0.867864	0.868012	0.867991	0.867969	0.868209	0.868449	0.868399	0.868348	0.868739	0.86913	0.869012	0.868894	0.869176	0.869459	0.868571	0.867683	0.867804	0.867925	0.86871	0.869495	0.869219	0.868942	0.869073	0.869203	0.868791	0.868379	0.868406	0.868433	0.868212	0.867991	0.867994	0.867998	0.867865	0.867731	0.86773	0.867729	0.867647	0.867564	0.867562	0.867561	0.867513	0.867465	0.867464	0.867463	0.867441	0.86742	0.867414	0.867408	0.867419	
0.867435	0.867446	0.867439	0.867431	0.867458	0.867485	0.867481	0.867477	0.867534	0.867591	0.867584	0.867577	0.867675	0.867774	0.86776	0.867747	0.867906	0.868065	0.868037	0.868009	0.868266	0.868522	0.868457	0.868391	0.868802	0.869213	0.869052	0.868891	0.869062	0.869234	0.86829	0.867346	0.867495	0.867645	0.86847	0.869295	0.869121	0.868947	0.869101	0.869256	0.868841	0.868427	0.868465	0.868504	0.868268	0.868032	0.868042	0.868052	0.867907	0.867763	0.867765	0.867767	0.867677	0.867587	0.867588	0.867588	0.867536	0.867485	0.867484	0.867483	0.86746	0.867437	0.867431	0.867424	0.867435	
0.867452	0.867463	0.867456	0.867449	0.867477	0.867505	0.8675	0.867496	0.867556	0.867617	0.867608	0.8676	0.867705	0.86781	0.867794	0.867777	0.867948	0.868119	0.868084	0.868049	0.868322	0.868595	0.868514	0.868434	0.868865	0.869296	0.869092	0.868888	0.868948	0.869009	0.868009	0.867009	0.867187	0.867365	0.86823	0.869095	0.869024	0.868952	0.86913	0.869308	0.868891	0.868474	0.868525	0.868575	0.868325	0.868074	0.86809	0.868106	0.86795	0.867794	0.867799	0.867805	0.867708	0.867611	0.867613	0.867615	0.867559	0.867504	0.867504	0.867504	0.867479	0.867454	0.867447	0.86744	0.867452	
0.867464	0.867474	0.867468	0.867461	0.867491	0.867521	0.867516	0.86751	0.867575	0.867639	0.867629	0.86762	0.867731	0.867843	0.867823	0.867804	0.867985	0.868167	0.868125	0.868082	0.868367	0.868653	0.868559	0.868466	0.868888	0.86931	0.869078	0.868845	0.868762	0.868678	0.867648	0.866618	0.866839	0.86706	0.867914	0.868768	0.868849	0.868929	0.869115	0.869301	0.868906	0.868511	0.868571	0.86863	0.86837	0.868111	0.868132	0.868154	0.867988	0.867822	0.867831	0.86784	0.867736	0.867631	0.867635	0.867639	0.867579	0.867518	0.86752	0.867521	0.867493	0.867465	0.86746	0.867454	0.867464	
0.867477	0.867485	0.867479	0.867473	0.867505	0.867537	0.867531	0.867525	0.867593	0.867662	0.86765	0.867639	0.867758	0.867876	0.867853	0.86783	0.868022	0.868215	0.868165	0.868115	0.868413	0.86871	0.868604	0.868499	0.868911	0.869324	0.869063	0.868803	0.868575	0.868347	0.867287	0.866227	0.866491	0.866755	0.867598	0.868442	0.868674	0.868906	0.8691	0.869295	0.868922	0.868548	0.868617	0.868685	0.868416	0.868147	0.868175	0.868202	0.868026	0.86785	0.867862	0.867874	0.867763	0.867652	0.867658	0.867663	0.867598	0.867533	0.867536	0.867539	0.867508	0.867477	0.867473	0.867468	0.867477	
0.867486	0.867492	0.867487	0.867482	0.867516	0.867549	0.867542	0.867536	0.867608	0.86768	0.867667	0.867654	0.867779	0.867904	0.867877	0.867851	0.868053	0.868255	0.868198	0.86814	0.868453	0.868766	0.868637	0.868508	0.868909	0.86931	0.869013	0.868717	0.86836	0.868003	0.867065	0.866127	0.866214	0.8663	0.867183	0.868066	0.868453	0.868839	0.869048	0.869256	0.868911	0.868565	0.868646	0.868726	0.868451	0.868175	0.86821	0.868244	0.868059	0.867873	0.867889	0.867905	0.867787	0.867668	0.867676	0.867685	0.867614	0.867544	0.867548	0.867553	0.867519	0.867486	0.867483	0.86748	0.867486	
0.867496	0.867499	0.867495	0.867492	0.867526	0.867561	0.867554	0.867547	0.867623	0.867699	0.867684	0.867669	0.867801	0.867932	0.867902	0.867872	0.868083	0.868295	0.86823	0.868165	0.868493	0.868822	0.86867	0.868517	0.868907	0.869296	0.868963	0.86863	0.868145	0.867659	0.866844	0.866028	0.865936	0.865844	0.866768	0.867691	0.868232	0.868773	0.868995	0.869218	0.8689	0.868583	0.868675	0.868768	0.868485	0.868203	0.868244	0.868286	0.868091	0.867896	0.867916	0.867936	0.86781	0.867684	0.867695	0.867706	0.86763	0.867554	0.867561	0.867567	0.86753	0.867494	0.867493	0.867493	0.867496	
0.867504	0.867505	0.867502	0.867499	0.867535	0.867571	0.867563	0.867556	0.867635	0.867714	0.867698	0.867682	0.867818	0.867955	0.867922	0.867889	0.868106	0.868323	0.868254	0.868184	0.868509	0.868834	0.868679	0.868523	0.868881	0.869239	0.868881	0.868522	0.867914	0.867306	0.866708	0.86611	0.865919	0.865728	0.866492	0.867256	0.867967	0.868677	0.868911	0.869144	0.86887	0.868595	0.868691	0.868787	0.868507	0.868227	0.868274	0.868321	0.868119	0.867916	0.86794	0.867964	0.867831	0.867697	0.867711	0.867725	0.867644	0.867563	0.867571	0.867579	0.86754	0.867501	0.867503	0.867504	0.867504	
0.867513	0.86751	0.867509	0.867507	0.867544	0.86758	0.867573	0.867565	0.867647	0.867729	0.867711	0.867694	0.867836	0.867977	0.867941	0.867906	0.868128	0.868351	0.868277	0.868204	0.868525	0.868846	0.868687	0.868528	0.868855	0.869182	0.868798	0.868415	0.867684	0.866953	0.866573	0.866193	0.865902	0.865611	0.866216	0.866822	0.867702	0.868582	0.868826	0.869071	0.868839	0.868607	0.868707	0.868806	0.868529	0.868251	0.868304	0.868357	0.868146	0.867936	0.867964	0.867992	0.867852	0.867711	0.867727	0.867743	0.867658	0.867573	0.867582	0.867591	0.86755	0.867509	0.867512	0.867516	0.867513	
0.867521	0.867515	0.867515	0.867515	0.867552	0.867589	0.867581	0.867573	0.867657	0.867742	0.867723	0.867703	0.867849	0.867994	0.867956	0.867917	0.868145	0.868374	0.868293	0.868213	0.868527	0.868841	0.868681	0.868521	0.868804	0.869087	0.86866	0.868234	0.867436	0.866638	0.86654	0.866442	0.866018	0.865593	0.866065	0.866537	0.86748	0.868422	0.86871	0.868998	0.868799	0.8686	0.868714	0.868828	0.868546	0.868265	0.868325	0.868385	0.868168	0.867951	0.867984	0.868017	0.86787	0.867722	0.867742	0.867761	0.867671	0.867581	0.867592	0.867603	0.867559	0.867516	0.867521	0.867527	0.867521	
0.867529	0.86752	0.867521	0.867522	0.86756	0.867598	0.867589	0.867581	0.867667	0.867754	0.867733	0.867713	0.867862	0.868011	0.86797	0.867929	0.868162	0.868396	0.868309	0.868222	0.868529	0.868836	0.868675	0.868514	0.868753	0.868991	0.868522	0.868053	0.867188	0.866324	0.866507	0.866691	0.866133	0.865575	0.865914	0.866252	0.867257	0.868263	0.868594	0.868926	0.86876	0.868594	0.868721	0.868849	0.868564	0.868279	0.868346	0.868414	0.86819	0.867965	0.868004	0.868042	0.867888	0.867734	0.867756	0.867778	0.867684	0.867589	0.867601	0.867614	0.867568	0.867522	0.86753	0.867537	0.867529	
0.867538	0.867526	0.867528	0.86753	0.867569	0.867607	0.867598	0.867589	0.867678	0.867766	0.867745	0.867723	0.867874	0.868024	0.867982	0.86794	0.868169	0.868398	0.868315	0.868231	0.86852	0.868808	0.868653	0.868498	0.868661	0.868825	0.86837	0.867914	0.867027	0.86614	0.866466	0.866793	0.86629	0.865788	0.866007	0.866226	0.867184	0.868143	0.868495	0.868846	0.86872	0.868594	0.868722	0.868851	0.868577	0.868304	0.868371	0.868439	0.868211	0.867983	0.868024	0.868065	0.867906	0.867747	0.867771	0.867796	0.867697	0.867598	0.867613	0.867627	0.867578	0.86753	0.86754	0.867549	0.867538	
0.867547	0.867532	0.867535	0.867538	0.867577	0.867616	0.867607	0.867598	0.867688	0.867778	0.867756	0.867734	0.867886	0.868037	0.867994	0.86795	0.868175	0.868401	0.868321	0.868241	0.86851	0.86878	0.868631	0.868482	0.86857	0.868658	0.868217	0.867776	0.866866	0.865852	0.866394	0.866933	0.866526	0.866037	0.86613	0.866199	0.867111	0.868023	0.868395	0.868767	0.86868	0.868594	0.868723	0.868853	0.868591	0.868328	0.868397	0.868465	0.868232	0.868	0.868044	0.868089	0.867924	0.86776	0.867787	0.867814	0.867711	0.867608	0.867624	0.867639	0.867588	0.867538	0.867549	0.867561	0.867547	
0.867557	0.86754	0.867545	0.867549	0.867588	0.867627	0.867618	0.867609	0.867699	0.867789	0.867766	0.867744	0.867894	0.868045	0.868002	0.867958	0.868175	0.868392	0.868313	0.868234	0.86848	0.868726	0.868581	0.868436	0.868464	0.868492	0.868056	0.867621	0.866692	0.865668	0.865977	0.866363	0.866433	0.866355	0.866371	0.866321	0.867108	0.867895	0.8683	0.868704	0.868639	0.868573	0.868709	0.868844	0.868588	0.868331	0.86841	0.86849	0.868252	0.868014	0.868062	0.86811	0.867942	0.867773	0.867803	0.867833	0.867726	0.867619	0.867637	0.867654	0.867601	0.867548	0.867561	0.867574	0.867557	
0.867568	0.867549	0.867554	0.86756	0.867599	0.867638	0.867629	0.867619	0.86771	0.8678	0.867777	0.867754	0.867903	0.868053	0.86801	0.867967	0.868175	0.868384	0.868305	0.868227	0.868449	0.868671	0.868531	0.86839	0.868357	0.868325	0.867895	0.867466	0.866519	0.865534	0.865524	0.865721	0.866321	0.866699	0.866682	0.866442	0.867105	0.867768	0.868204	0.868641	0.868597	0.868553	0.868694	0.868835	0.868585	0.868334	0.868424	0.868515	0.868271	0.868028	0.86808	0.868132	0.867959	0.867787	0.867819	0.867852	0.867741	0.867631	0.86765	0.867669	0.867613	0.867558	0.867573	0.867588	0.867568	
0.867582	0.867561	0.867568	0.867574	0.867613	0.867652	0.867642	0.867632	0.867723	0.867813	0.867789	0.867765	0.867913	0.86806	0.868016	0.867972	0.868168	0.868365	0.868288	0.868211	0.868403	0.868595	0.868468	0.86834	0.868261	0.868183	0.867797	0.867412	0.866629	0.865689	0.86576	0.866077	0.86685	0.867374	0.867182	0.866599	0.867143	0.867687	0.868123	0.868559	0.868545	0.868532	0.868671	0.868811	0.868574	0.868337	0.868428	0.868519	0.868284	0.868048	0.868101	0.868153	0.867978	0.867803	0.867838	0.867872	0.867759	0.867646	0.867666	0.867687	0.867629	0.867571	0.867587	0.867602	0.867582	
0.867595	0.867574	0.867581	0.867588	0.867626	0.867665	0.867655	0.867646	0.867735	0.867825	0.867801	0.867777	0.867922	0.868067	0.868022	0.867976	0.868161	0.868346	0.86827	0.868195	0.868357	0.868519	0.868405	0.86829	0.868165	0.86804	0.867699	0.867358	0.86674	0.866054	0.866268	0.866714	0.86758	0.868212	0.867766	0.866755	0.867181	0.867607	0.868042	0.868477	0.868494	0.868511	0.868649	0.868787	0.868564	0.868341	0.868432	0.868524	0.868296	0.868068	0.868121	0.868175	0.867997	0.86782	0.867856	0.867892	0.867776	0.867661	0.867682	0.867704	0.867644	0.867585	0.867601	0.867617	0.867595	
0.867612	0.867591	0.867597	0.867603	0.867642	0.86768	0.86767	0.86766	0.867748	0.867836	0.867812	0.867787	0.867926	0.868064	0.868018	0.867972	0.868137	0.868303	0.868227	0.868151	0.868273	0.868394	0.868283	0.868173	0.868012	0.867851	0.867517	0.867182	0.867005	0.866921	0.867496	0.868178	0.868776	0.868949	0.868187	0.866748	0.867078	0.867407	0.867856	0.868305	0.86837	0.868436	0.868579	0.868722	0.868525	0.868327	0.868422	0.868517	0.868296	0.868074	0.868134	0.868193	0.868014	0.867836	0.867874	0.867913	0.867795	0.867677	0.8677	0.867723	0.867662	0.867601	0.867617	0.867633	0.867612	
0.867628	0.867607	0.867613	0.867619	0.867657	0.867694	0.867684	0.867674	0.867761	0.867847	0.867822	0.867797	0.867929	0.868061	0.868014	0.867967	0.868114	0.86826	0.868184	0.868107	0.868188	0.868269	0.868162	0.868055	0.867858	0.867661	0.867334	0.867006	0.867269	0.867533	0.868924	0.870316	0.8701	0.869885	0.868313	0.866741	0.866974	0.867208	0.86767	0.868132	0.868247	0.868362	0.868509	0.868657	0.868485	0.868314	0.868412	0.86851	0.868296	0.868081	0.868146	0.86821	0.868031	0.867851	0.867892	0.867933	0.867814	0.867694	0.867718	0.867743	0.867679	0.867616	0.867633	0.867649	0.867628	
0.867644	0.867624	0.86763	0.867635	0.867672	0.867709	0.867699	0.867689	0.867774	0.867858	0.867833	0.867808	0.867932	0.868056	0.868007	0.867958	0.868085	0.868212	0.868127	0.868043	0.868079	0.868114	0.867967	0.86782	0.867565	0.86731	0.866854	0.866397	0.867014	0.867631	0.869319	0.871006	0.870447	0.869887	0.868009	0.866131	0.866465	0.866799	0.867312	0.867825	0.868039	0.868252	0.868407	0.868561	0.868428	0.868295	0.868395	0.868494	0.868291	0.868088	0.868156	0.868223	0.868046	0.867869	0.867911	0.867953	0.867832	0.867711	0.867736	0.867761	0.867697	0.867633	0.867649	0.867665	0.867644	
0.867661	0.867641	0.867646	0.867652	0.867688	0.867724	0.867714	0.867705	0.867787	0.867869	0.867844	0.867818	0.867934	0.86805	0.867999	0.867949	0.868056	0.868164	0.868071	0.867978	0.867969	0.86796	0.867773	0.867586	0.867272	0.866959	0.866374	0.865789	0.866759	0.86773	0.869713	0.871696	0.870793	0.869889	0.867705	0.865521	0.865956	0.866391	0.866954	0.867518	0.86783	0.868143	0.868304	0.868466	0.868371	0.868276	0.868377	0.868478	0.868287	0.868096	0.868166	0.868236	0.868061	0.867886	0.867929	0.867972	0.86785	0.867729	0.867754	0.86778	0.867715	0.867649	0.867665	0.867681	0.867661	
0.867677	0.867657	0.867662	0.867667	0.867703	0.867738	0.867728	0.867719	0.867799	0.867878	0.867853	0.867828	0.867933	0.868039	0.867987	0.867934	0.868007	0.86808	0.867976	0.867872	0.867788	0.867704	0.867489	0.867275	0.866736	0.866197	0.865469	0.864742	0.866254	0.867767	0.869325	0.870883	0.869983	0.869082	0.866908	0.864734	0.865177	0.865619	0.866311	0.867002	0.86748	0.867957	0.868127	0.868297	0.868262	0.868228	0.868334	0.868441	0.868272	0.868103	0.868174	0.868245	0.868074	0.867902	0.867946	0.86799	0.867868	0.867745	0.867772	0.867798	0.867731	0.867665	0.867681	0.867696	0.867677	
0.867693	0.867674	0.867678	0.867683	0.867718	0.867752	0.867743	0.867733	0.86781	0.867888	0.867863	0.867838	0.867933	0.868028	0.867974	0.86792	0.867958	0.867997	0.867881	0.867766	0.867607	0.867448	0.867206	0.866964	0.8662	0.865435	0.864565	0.863695	0.865749	0.867804	0.868937	0.87007	0.869173	0.868276	0.866112	0.863948	0.864397	0.864847	0.865667	0.866487	0.867129	0.867771	0.86795	0.868128	0.868154	0.868179	0.868292	0.868404	0.868257	0.86811	0.868182	0.868254	0.868087	0.867919	0.867963	0.868008	0.867885	0.867762	0.867789	0.867816	0.867748	0.867681	0.867696	0.867712	0.867693	
0.867713	0.867695	0.867699	0.867703	0.867737	0.867771	0.867763	0.867754	0.867828	0.867903	0.867879	0.867856	0.867942	0.868028	0.867975	0.867921	0.867937	0.867954	0.867823	0.867693	0.867398	0.867104	0.866705	0.866307	0.864762	0.863217	0.861749	0.860281	0.862202	0.864123	0.863083	0.862043	0.862343	0.862643	0.862588	0.862532	0.863031	0.86353	0.864567	0.865604	0.866597	0.867591	0.867811	0.868031	0.868103	0.868174	0.868285	0.868396	0.868264	0.868133	0.868201	0.868268	0.868107	0.867947	0.867988	0.86803	0.867909	0.867787	0.867812	0.867837	0.86777	0.867702	0.867717	0.867731	0.867713	
0.867733	0.867716	0.86772	0.867724	0.867756	0.867789	0.867783	0.867776	0.867847	0.867917	0.867896	0.867875	0.867951	0.868028	0.867975	0.867923	0.867916	0.86791	0.867765	0.86762	0.86719	0.866761	0.866205	0.86565	0.863324	0.860999	0.858933	0.856867	0.858654	0.860442	0.85723	0.854017	0.855514	0.857011	0.859063	0.861116	0.861665	0.862213	0.863467	0.86472	0.866065	0.86741	0.867672	0.867934	0.868052	0.86817	0.868278	0.868387	0.868272	0.868156	0.868219	0.868281	0.868128	0.867975	0.868013	0.868052	0.867932	0.867813	0.867836	0.867859	0.867792	0.867724	0.867737	0.86775	0.867733	
0.866821	0.866821	0.866821	0.866821	0.866821	0.866821	0.866821	0.866821	0.866821	0.866821	0.866821	0.866821	0.866821	0.866821	0.866821	0.866821	0.866821	0.866821	0.866821	0.866821	0.866821	0.866821	0.866821	0.866821	0.866821	0.86682	0.86682	0.86682	0.86682	0.86682	0.86682	0.86682	0.86682	0.86682	0.86682	0.86682	0.866821	0.866821	0.866821	0.866821	0.866821	0.866821	0.866821	0.866821	0.866821	0.866821	0.866821	0.866821	0.866821	0.866821	0.866821	0.866821	0.866821	0.866821	0.866821	0.866821	0.866821	0.866821	0.866821	0.866821	0.866821	0.866821	0.866821	0.866821	0.866821	
