x=105	y=200	z=200	n=65	len=1
b
0	0	0	0	0	0	0	0	0	0	0	0	0	0	0	0	0	0	0	0	0	0	0	0	0	0	0	0	0	0	0	0	0	0	0	0	0	0	0	0	0	0	0	0	0	0	0	0	0	0	0	0	0	0	0	0	0	0	0	0	0	0	0	0	0	
0.0216949	0.0227139	0.0227789	0.0226151	0.0229569	0.0226842	0.0229054	0.0233021	0.0228097	0.0227965	0.0234624	0.0243915	0.0241202	0.0242044	0.0232151	0.0220581	0.0227277	0.0233944	0.0243994	0.024081	0.0230332	0.0233296	0.024207	0.0251316	0.0241528	0.0230863	0.0236658	0.0241108	0.0248425	0.0247211	0.0242597	0.0221662	0.0249738	0.0276623	0.0279821	0.0265706	0.0259967	0.0259167	0.024542	0.0233811	0.0234328	0.023069	0.0241686	0.025243	0.0250756	0.0247456	0.0252535	0.0258485	0.0247542	0.0238832	0.0237081	0.0227944	0.0217704	0.0210571	0.0216451	0.0225308	0.0229379	0.0224604	0.0214825	0.02136	0.0213714	0.0207699	0.0208751	0.0211228	0.0216948	
0.0458258	0.0465101	0.0463158	0.0461483	0.0467263	0.0469155	0.0471342	0.0473501	0.047226	0.0474768	0.0479686	0.048687	0.0486254	0.048681	0.0483303	0.0481661	0.0484244	0.0485154	0.0494591	0.0498246	0.0494858	0.0492157	0.0498471	0.0510479	0.0500631	0.0488794	0.0494013	0.0497601	0.0503752	0.0508574	0.0513493	0.0519498	0.0530487	0.0543397	0.054279	0.0530695	0.0523246	0.0518747	0.0503608	0.048936	0.0492929	0.0499726	0.0510875	0.0519517	0.051366	0.050674	0.050581	0.0511881	0.0500214	0.0489989	0.0485003	0.0476119	0.0462744	0.0454156	0.0461575	0.0468147	0.0466859	0.046119	0.045202	0.0448429	0.0447548	0.0443772	0.0446307	0.0451329	0.0458257	
0.0713239	0.0711504	0.0709126	0.0706748	0.0716288	0.0725828	0.0724735	0.0723642	0.0720608	0.0717574	0.0722921	0.0728269	0.0730671	0.0733072	0.0748113	0.0763154	0.0752672	0.074219	0.0754274	0.0766358	0.0756956	0.0747554	0.0758598	0.0769642	0.0759733	0.0749824	0.0752468	0.0755112	0.0768255	0.0781399	0.0799366	0.0817334	0.0811236	0.0805138	0.0798937	0.0792736	0.0785532	0.0778327	0.0761796	0.0745265	0.0758351	0.0771438	0.0771268	0.0771098	0.0768561	0.0766023	0.0759085	0.0752146	0.0746951	0.0741757	0.0744597	0.0747437	0.0737301	0.0727164	0.0726628	0.0726093	0.0718765	0.0711438	0.0702734	0.069403	0.0701991	0.0709953	0.0712464	0.0714974	0.0713239	
0.0954861	0.0953679	0.0953067	0.0952454	0.0957997	0.096354	0.0962882	0.0962224	0.0956982	0.0951741	0.0957235	0.0962729	0.0971462	0.0980196	0.0987484	0.0994771	0.0990569	0.0986366	0.0991823	0.0997281	0.0996058	0.0994836	0.100709	0.101934	0.101202	0.100469	0.10068	0.100891	0.101894	0.102896	0.104647	0.106399	0.105816	0.105234	0.104627	0.104021	0.103495	0.10297	0.102021	0.101073	0.101327	0.10158	0.101197	0.100814	0.100786	0.100758	0.0995875	0.0984171	0.0980632	0.0977093	0.0977065	0.0977038	0.0973068	0.0969098	0.0971387	0.0973676	0.0969652	0.0965628	0.0956434	0.0947239	0.0949389	0.095154	0.0953791	0.0956042	0.0954861	
0.119648	0.119585	0.119701	0.119816	0.119971	0.120125	0.120103	0.120081	0.119336	0.118591	0.119155	0.119719	0.121225	0.122732	0.122685	0.122639	0.122847	0.123054	0.122937	0.12282	0.123516	0.124212	0.125558	0.126905	0.12643	0.125955	0.126114	0.126272	0.126962	0.127653	0.129358	0.131064	0.130509	0.129954	0.129361	0.128768	0.128437	0.128106	0.127863	0.12762	0.126818	0.126017	0.125267	0.124518	0.124715	0.124913	0.123266	0.12162	0.121431	0.121243	0.120953	0.120664	0.120884	0.121103	0.121615	0.122126	0.122054	0.121982	0.121013	0.120045	0.119679	0.119313	0.119512	0.119711	0.119648	
0.143001	0.14266	0.142764	0.142869	0.143359	0.143848	0.143826	0.143804	0.14299	0.142175	0.14279	0.143405	0.144653	0.145902	0.145479	0.145056	0.145347	0.145637	0.145739	0.14584	0.146681	0.147521	0.148875	0.150228	0.149926	0.149623	0.149442	0.149261	0.150209	0.151156	0.152085	0.153013	0.15249	0.151966	0.151634	0.151302	0.151312	0.151322	0.151374	0.151425	0.150241	0.149056	0.14812	0.147184	0.147104	0.147025	0.145936	0.144848	0.144394	0.14394	0.144078	0.144217	0.144209	0.1442	0.144445	0.14469	0.144602	0.144515	0.144019	0.143523	0.143522	0.143521	0.143432	0.143343	0.143001	
0.166354	0.165734	0.165828	0.165921	0.166746	0.167572	0.16755	0.167528	0.166644	0.16576	0.166425	0.167091	0.168081	0.169071	0.168272	0.167474	0.167847	0.168219	0.16854	0.168861	0.169845	0.17083	0.172191	0.173552	0.173421	0.17329	0.17277	0.172251	0.173455	0.174659	0.174811	0.174963	0.17447	0.173977	0.173907	0.173836	0.174187	0.174538	0.174884	0.17523	0.173663	0.172095	0.170972	0.169849	0.169493	0.169136	0.168606	0.168077	0.167356	0.166636	0.167203	0.16777	0.167534	0.167297	0.167276	0.167254	0.167151	0.167048	0.167025	0.167002	0.167366	0.16773	0.167352	0.166975	0.166354	
0.189738	0.189059	0.188745	0.18843	0.189795	0.19116	0.191159	0.191159	0.190275	0.189391	0.189939	0.190487	0.191163	0.191839	0.191314	0.19079	0.19088	0.190971	0.191386	0.191802	0.192799	0.193796	0.194781	0.195766	0.195471	0.195175	0.19449	0.193804	0.194913	0.196023	0.196583	0.197142	0.196545	0.195947	0.195741	0.195535	0.195973	0.196411	0.196715	0.197019	0.19593	0.194841	0.193421	0.192002	0.191304	0.190606	0.190616	0.190625	0.19024	0.189854	0.190736	0.191618	0.190754	0.189891	0.189562	0.189234	0.189272	0.189311	0.189667	0.190024	0.190617	0.191211	0.190814	0.190416	0.189738	
0.213121	0.212385	0.211662	0.210939	0.212844	0.214749	0.214769	0.21479	0.213906	0.213023	0.213453	0.213882	0.214244	0.214606	0.214356	0.214107	0.213914	0.213722	0.214233	0.214743	0.215753	0.216762	0.217371	0.21798	0.21752	0.21706	0.216209	0.215358	0.216372	0.217386	0.218354	0.219322	0.21862	0.217917	0.217576	0.217234	0.217759	0.218284	0.218546	0.218808	0.218197	0.217587	0.215871	0.214154	0.213115	0.212076	0.212625	0.213173	0.213123	0.213072	0.214269	0.215466	0.213975	0.212484	0.211849	0.211214	0.211394	0.211573	0.21231	0.213047	0.213869	0.214692	0.214275	0.213858	0.213121	
0.235631	0.234932	0.234359	0.233786	0.235573	0.23736	0.237614	0.237869	0.236612	0.235356	0.235896	0.236436	0.236848	0.23726	0.236922	0.236583	0.236509	0.236436	0.236622	0.236808	0.237945	0.239082	0.239301	0.239521	0.239025	0.23853	0.237887	0.237244	0.237836	0.238428	0.239878	0.241329	0.240652	0.239975	0.239375	0.238776	0.239227	0.239678	0.23981	0.239941	0.239537	0.239133	0.237526	0.23592	0.234999	0.234078	0.234692	0.235306	0.235641	0.235976	0.236954	0.237933	0.236352	0.234771	0.234519	0.234267	0.234652	0.235036	0.235679	0.236323	0.23678	0.237238	0.236785	0.236331	0.235632	
0.258142	0.257478	0.257055	0.256632	0.258301	0.259971	0.260459	0.260948	0.259318	0.257688	0.258339	0.25899	0.259452	0.259913	0.259487	0.25906	0.259105	0.259149	0.259011	0.258873	0.260137	0.261401	0.261231	0.261061	0.26053	0.26	0.259565	0.25913	0.2593	0.25947	0.261403	0.263335	0.262684	0.262033	0.261175	0.260317	0.260694	0.261071	0.261073	0.261075	0.260877	0.260679	0.259182	0.257686	0.256883	0.25608	0.256759	0.257439	0.258159	0.258879	0.25964	0.2604	0.25873	0.257059	0.25719	0.257321	0.25791	0.258499	0.259049	0.259599	0.259691	0.259784	0.259294	0.258805	0.258142	
0.280827	0.280036	0.279801	0.279565	0.280938	0.282311	0.282801	0.283291	0.281653	0.280014	0.280656	0.281298	0.28179	0.282282	0.281758	0.281234	0.281423	0.281611	0.281338	0.281065	0.282136	0.283206	0.282755	0.282304	0.281913	0.281523	0.281294	0.281064	0.28108	0.281095	0.28279	0.284485	0.283995	0.283504	0.28289	0.282277	0.282348	0.282419	0.28223	0.282041	0.282014	0.281986	0.280719	0.279451	0.279065	0.278679	0.279267	0.279856	0.280601	0.281347	0.282036	0.282725	0.281458	0.280191	0.280532	0.280873	0.281314	0.281754	0.282267	0.28278	0.282674	0.282569	0.282094	0.281618	0.280827	
0.303512	0.302593	0.302546	0.302499	0.303575	0.304651	0.305143	0.305635	0.303987	0.30234	0.302973	0.303606	0.304129	0.304651	0.30403	0.303409	0.303741	0.304074	0.303666	0.303258	0.304135	0.305011	0.304279	0.303547	0.303296	0.303046	0.303022	0.302999	0.302859	0.30272	0.304177	0.305635	0.305305	0.304976	0.304606	0.304236	0.304002	0.303767	0.303388	0.303008	0.303151	0.303293	0.302255	0.301216	0.301247	0.301278	0.301775	0.302273	0.303044	0.303815	0.304432	0.305049	0.304186	0.303323	0.303875	0.304426	0.304718	0.305009	0.305485	0.305961	0.305658	0.305355	0.304893	0.304431	0.303512	
0.326868	0.325944	0.325986	0.326029	0.32659	0.327151	0.327624	0.328096	0.326769	0.325442	0.325939	0.326435	0.32684	0.327245	0.326548	0.32585	0.326334	0.326818	0.326225	0.325632	0.326272	0.326912	0.326058	0.325203	0.324967	0.32473	0.324717	0.324703	0.324487	0.324271	0.325396	0.32652	0.326473	0.326425	0.326207	0.325988	0.325568	0.325148	0.324696	0.324244	0.324548	0.324851	0.324158	0.323466	0.323888	0.32431	0.324704	0.325098	0.325841	0.326583	0.327255	0.327927	0.327451	0.326975	0.327531	0.328088	0.328233	0.328378	0.328808	0.329239	0.328785	0.32833	0.328062	0.327793	0.326869	
0.350225	0.349294	0.349426	0.349559	0.349605	0.349651	0.350104	0.350557	0.349551	0.348544	0.348904	0.349265	0.349552	0.349839	0.349066	0.348292	0.348928	0.349563	0.348784	0.348005	0.348409	0.348814	0.347836	0.346859	0.346637	0.346415	0.346411	0.346408	0.346115	0.345823	0.346614	0.347405	0.34764	0.347875	0.347807	0.34774	0.347134	0.346529	0.346005	0.34548	0.345945	0.346409	0.346062	0.345715	0.346529	0.347342	0.347633	0.347923	0.348637	0.349351	0.350078	0.350805	0.350715	0.350626	0.351187	0.351749	0.351748	0.351747	0.352132	0.352517	0.351911	0.351306	0.35123	0.351155	0.350225	
0.374145	0.373312	0.373483	0.373655	0.373341	0.373027	0.37339	0.373753	0.373134	0.372515	0.372678	0.372841	0.372968	0.373095	0.372412	0.371729	0.372267	0.372806	0.371982	0.371158	0.3713	0.371442	0.370391	0.369339	0.369002	0.368666	0.368385	0.368105	0.367718	0.367331	0.367828	0.368325	0.368739	0.369152	0.369158	0.369165	0.368543	0.367922	0.367598	0.367274	0.367979	0.368685	0.368757	0.368829	0.369894	0.370958	0.371286	0.371613	0.372358	0.373103	0.373726	0.374349	0.374514	0.374678	0.375195	0.375712	0.37556	0.375408	0.375753	0.376099	0.37546	0.374821	0.3749	0.374979	0.374145	
0.398066	0.397329	0.39754	0.397752	0.397077	0.396403	0.396676	0.396949	0.396718	0.396487	0.396452	0.396417	0.396384	0.396352	0.395759	0.395166	0.395607	0.396049	0.39518	0.394312	0.394191	0.39407	0.392945	0.39182	0.391368	0.390917	0.390359	0.389802	0.38932	0.388838	0.389041	0.389244	0.389837	0.39043	0.39051	0.39059	0.389952	0.389315	0.389191	0.389068	0.390014	0.390961	0.391452	0.391944	0.393259	0.394574	0.394939	0.395303	0.396079	0.396854	0.397374	0.397894	0.398312	0.398731	0.399203	0.399674	0.399371	0.399068	0.399375	0.399681	0.399009	0.398337	0.39857	0.398802	0.398066	
0.422314	0.421674	0.421899	0.422124	0.421409	0.420694	0.420883	0.421072	0.421014	0.420956	0.420847	0.420738	0.420669	0.420599	0.420092	0.419585	0.419864	0.420144	0.419332	0.418519	0.418228	0.417936	0.416788	0.41564	0.414893	0.414146	0.413119	0.412091	0.411321	0.410551	0.410341	0.410131	0.410843	0.411555	0.411771	0.411986	0.41147	0.410953	0.411298	0.411643	0.412974	0.414304	0.415245	0.416186	0.417602	0.419018	0.419479	0.419941	0.420692	0.421443	0.421864	0.422284	0.422714	0.423145	0.423493	0.423842	0.423529	0.423217	0.423467	0.423718	0.423072	0.422426	0.42269	0.422953	0.422314	
0.446561	0.446019	0.446258	0.446497	0.44574	0.444984	0.44509	0.445195	0.44531	0.445425	0.445242	0.445059	0.444953	0.444847	0.444425	0.444004	0.444121	0.444239	0.443483	0.442727	0.442265	0.441803	0.440631	0.43946	0.438418	0.437375	0.435878	0.434381	0.433323	0.432264	0.431641	0.431017	0.431849	0.43268	0.433031	0.433382	0.432987	0.432592	0.433405	0.434218	0.435933	0.437647	0.439038	0.440429	0.441945	0.443462	0.44402	0.444578	0.445305	0.446031	0.446353	0.446675	0.447116	0.447558	0.447784	0.448009	0.447687	0.447365	0.44756	0.447754	0.447135	0.446516	0.44681	0.447103	0.446561	
0.470971	0.470523	0.47074	0.470957	0.470319	0.46968	0.469761	0.469843	0.469984	0.470126	0.469976	0.469827	0.469753	0.469679	0.469393	0.469106	0.469176	0.469246	0.468626	0.468005	0.467536	0.467067	0.465973	0.464879	0.463637	0.462395	0.460414	0.458433	0.456514	0.454595	0.453368	0.452142	0.452895	0.453647	0.45437	0.455092	0.455148	0.455205	0.456963	0.45872	0.460884	0.463049	0.464591	0.466134	0.467579	0.469023	0.469532	0.470042	0.470637	0.471232	0.471414	0.471596	0.471909	0.472222	0.472328	0.472434	0.472122	0.471809	0.471935	0.47206	0.471489	0.470917	0.471168	0.471419	0.470971	
0.49538	0.495026	0.495222	0.495418	0.494897	0.494375	0.494433	0.494491	0.494659	0.494826	0.494711	0.494595	0.494553	0.494512	0.49436	0.494209	0.494231	0.494253	0.493768	0.493284	0.492808	0.492331	0.491314	0.490298	0.488857	0.487416	0.48495	0.482484	0.479705	0.476926	0.475096	0.473267	0.473941	0.474615	0.475708	0.476801	0.477309	0.477818	0.48052	0.483222	0.485836	0.48845	0.490145	0.49184	0.493212	0.494584	0.495045	0.495505	0.495969	0.496432	0.496474	0.496517	0.496701	0.496885	0.496872	0.496859	0.496556	0.496253	0.49631	0.496366	0.495843	0.495319	0.495526	0.495734	0.49538	
0.51964	0.519356	0.519525	0.519694	0.519319	0.518945	0.519002	0.51906	0.519237	0.519413	0.519365	0.519317	0.519354	0.519391	0.519372	0.519352	0.519469	0.519585	0.519347	0.519108	0.518778	0.518448	0.517823	0.517198	0.515839	0.514481	0.511696	0.508912	0.5049	0.500887	0.497151	0.493415	0.493683	0.49395	0.496321	0.498692	0.500919	0.503146	0.506803	0.51046	0.513201	0.515942	0.517368	0.518794	0.519811	0.520827	0.521001	0.521175	0.521411	0.521648	0.521506	0.521365	0.521398	0.521431	0.521306	0.52118	0.520835	0.520489	0.520494	0.520499	0.520058	0.519616	0.51977	0.519923	0.51964	
0.5439	0.543687	0.543829	0.543971	0.543742	0.543514	0.543572	0.543629	0.543815	0.544	0.54402	0.544039	0.544155	0.54427	0.544383	0.544496	0.544707	0.544917	0.544925	0.544932	0.544748	0.544565	0.544332	0.544099	0.542822	0.541545	0.538442	0.53534	0.530095	0.524849	0.519206	0.513563	0.513424	0.513286	0.516934	0.520583	0.524528	0.528473	0.533086	0.537699	0.540566	0.543434	0.544591	0.545749	0.546409	0.54707	0.546957	0.546844	0.546854	0.546863	0.546538	0.546213	0.546095	0.545977	0.545739	0.545501	0.545113	0.544725	0.544678	0.544632	0.544273	0.543914	0.544014	0.544113	0.5439	
0.567752	0.567601	0.567706	0.567812	0.567683	0.567554	0.567617	0.56768	0.567863	0.568046	0.568114	0.568182	0.568352	0.568522	0.568728	0.568934	0.569184	0.569434	0.569685	0.569936	0.570089	0.570241	0.570672	0.571104	0.570401	0.569699	0.566628	0.563556	0.558101	0.552645	0.545128	0.537612	0.536048	0.534484	0.540811	0.547138	0.553568	0.559997	0.564483	0.56897	0.570626	0.572281	0.572453	0.572624	0.572619	0.572615	0.572155	0.571694	0.571448	0.571202	0.57075	0.570298	0.570066	0.569834	0.569552	0.569271	0.568912	0.568552	0.568456	0.56836	0.568075	0.56779	0.567846	0.567903	0.567752	
0.591604	0.591515	0.591584	0.591653	0.591623	0.591594	0.591662	0.59173	0.591911	0.592091	0.592208	0.592324	0.592549	0.592775	0.593073	0.593372	0.593661	0.59395	0.594445	0.594939	0.595428	0.595918	0.597013	0.598108	0.597981	0.597853	0.594813	0.591772	0.586107	0.580441	0.571051	0.56166	0.558671	0.555682	0.564687	0.573694	0.582607	0.591521	0.595881	0.600241	0.600685	0.601129	0.600314	0.599499	0.59883	0.59816	0.597352	0.596545	0.596043	0.595541	0.594962	0.594383	0.594036	0.59369	0.593366	0.593041	0.59271	0.592379	0.592233	0.592087	0.591876	0.591666	0.591679	0.591692	0.591604	
0.61498	0.614924	0.61497	0.615016	0.615016	0.615016	0.61507	0.615124	0.615271	0.615418	0.615525	0.615632	0.615827	0.616022	0.616288	0.616553	0.616818	0.617082	0.61756	0.618037	0.618548	0.619058	0.620193	0.621328	0.621842	0.622357	0.620811	0.619265	0.611833	0.604401	0.593612	0.582823	0.581915	0.581007	0.588213	0.59542	0.6074	0.61938	0.623306	0.627232	0.626588	0.625944	0.624584	0.623223	0.622206	0.621188	0.620306	0.619423	0.618901	0.618379	0.617853	0.617327	0.617028	0.616728	0.616435	0.616142	0.615876	0.61561	0.61548	0.615349	0.615195	0.615041	0.615039	0.615037	0.61498	
0.638357	0.638333	0.638356	0.638379	0.638408	0.638437	0.638477	0.638517	0.638631	0.638746	0.638843	0.63894	0.639104	0.639269	0.639502	0.639735	0.639975	0.640214	0.640674	0.641134	0.641667	0.642199	0.643373	0.644547	0.645704	0.646861	0.64681	0.646758	0.63756	0.628361	0.616173	0.603986	0.605159	0.606332	0.611739	0.617146	0.632192	0.647238	0.650731	0.654223	0.65249	0.650758	0.648853	0.646947	0.645582	0.644217	0.643259	0.642301	0.641759	0.641217	0.640744	0.640272	0.640019	0.639766	0.639504	0.639242	0.639042	0.638842	0.638726	0.63861	0.638513	0.638416	0.638399	0.638382	0.638357	
0.661446	0.661438	0.66144	0.661443	0.661463	0.661484	0.661482	0.66148	0.661551	0.661622	0.661635	0.661647	0.661736	0.661825	0.661906	0.661987	0.662056	0.662125	0.662304	0.662484	0.662675	0.662867	0.663252	0.663637	0.664076	0.664516	0.665009	0.665501	0.662859	0.660216	0.646328	0.63244	0.636114	0.639788	0.647392	0.654997	0.659505	0.664013	0.665729	0.667445	0.667161	0.666877	0.666218	0.665559	0.664869	0.66418	0.663715	0.66325	0.663016	0.662783	0.662555	0.662328	0.662219	0.66211	0.661971	0.661832	0.661753	0.661675	0.661607	0.661538	0.661511	0.661484	0.661469	0.661453	0.661446	
0.684534	0.684542	0.684524	0.684507	0.684519	0.68453	0.684486	0.684442	0.68447	0.684498	0.684426	0.684355	0.684367	0.68438	0.684309	0.684239	0.684137	0.684036	0.683935	0.683833	0.683683	0.683534	0.68313	0.682727	0.682449	0.682171	0.683207	0.684244	0.688158	0.693562	0.688342	0.659654	0.650509	0.671889	0.691052	0.692472	0.685373	0.680787	0.680727	0.680668	0.681831	0.682995	0.683583	0.684171	0.684156	0.684142	0.68417	0.684199	0.684274	0.684349	0.684366	0.684383	0.684418	0.684454	0.684437	0.684421	0.684465	0.684508	0.684488	0.684467	0.68451	0.684552	0.684539	0.684525	0.684534	
0.707562	0.707596	0.707568	0.707541	0.707551	0.707561	0.707493	0.707424	0.707403	0.707383	0.707269	0.707154	0.707082	0.707009	0.706841	0.706673	0.706479	0.706285	0.706	0.705715	0.705424	0.705133	0.704475	0.703817	0.703703	0.70359	0.704454	0.705318	0.708777	0.714315	0.71415	0.68296	0.670386	0.707009	0.720626	0.718417	0.709811	0.702865	0.701471	0.700078	0.701129	0.70218	0.703169	0.704159	0.704548	0.704938	0.705358	0.705779	0.706064	0.706349	0.70654	0.706731	0.706868	0.707006	0.707081	0.707155	0.707251	0.707347	0.707372	0.707398	0.707463	0.707528	0.707528	0.707529	0.707562	
0.730591	0.730649	0.730613	0.730576	0.730584	0.730592	0.730499	0.730405	0.730337	0.730268	0.730111	0.729954	0.729796	0.729638	0.729373	0.729108	0.728821	0.728534	0.728065	0.727596	0.727164	0.726732	0.725819	0.724906	0.724958	0.72501	0.725702	0.726393	0.729396	0.732767	0.732918	0.706706	0.731196	0.736218	0.743482	0.740763	0.733688	0.724944	0.722216	0.719488	0.720426	0.721364	0.722756	0.724147	0.72494	0.725733	0.726546	0.727359	0.727853	0.728348	0.728714	0.729079	0.729319	0.729558	0.729724	0.72989	0.730038	0.730186	0.730257	0.730329	0.730416	0.730503	0.730518	0.730533	0.730591	
0.753637	0.753689	0.753653	0.753617	0.753622	0.753626	0.753533	0.753439	0.753377	0.753314	0.753159	0.753004	0.752874	0.752745	0.752505	0.752266	0.752076	0.751887	0.751523	0.751159	0.750967	0.750776	0.750162	0.749548	0.750169	0.75079	0.752058	0.753326	0.755643	0.757059	0.755576	0.753701	0.75748	0.760736	0.767034	0.766825	0.761164	0.754565	0.751119	0.747673	0.747484	0.747295	0.74805	0.748805	0.749201	0.749598	0.750207	0.750816	0.75117	0.751524	0.75185	0.752177	0.752379	0.75258	0.752752	0.752924	0.753065	0.753205	0.753287	0.753369	0.753458	0.753547	0.753566	0.753585	0.753637	
0.776684	0.776729	0.776694	0.776659	0.77666	0.77666	0.776566	0.776473	0.776417	0.776361	0.776207	0.776054	0.775952	0.775851	0.775638	0.775424	0.775332	0.77524	0.77498	0.774721	0.774771	0.77482	0.774505	0.77419	0.77538	0.776569	0.778414	0.780259	0.78189	0.783465	0.783257	0.783094	0.783379	0.78909	0.792748	0.792861	0.788536	0.784186	0.780022	0.775859	0.774542	0.773226	0.773344	0.773462	0.773462	0.773462	0.773868	0.774274	0.774487	0.7747	0.774987	0.775275	0.775439	0.775603	0.775781	0.775958	0.776092	0.776225	0.776317	0.776408	0.7765	0.776591	0.776615	0.776638	0.776684	
0.800244	0.800288	0.800266	0.800244	0.800261	0.800278	0.800215	0.800152	0.800138	0.800124	0.800028	0.799932	0.799916	0.799899	0.799777	0.799656	0.799705	0.799754	0.799665	0.799577	0.79988	0.800183	0.800242	0.800301	0.801646	0.802991	0.80462	0.80625	0.807856	0.809355	0.810011	0.810907	0.813185	0.816149	0.818271	0.818117	0.814944	0.810719	0.807129	0.803538	0.802001	0.800464	0.799998	0.799533	0.799194	0.798856	0.798954	0.799053	0.799054	0.799055	0.799213	0.799372	0.799433	0.799493	0.799613	0.799732	0.799808	0.799884	0.799954	0.800024	0.800091	0.800158	0.800179	0.8002	0.800244	
0.823804	0.823846	0.823838	0.82383	0.823863	0.823895	0.823863	0.823831	0.823859	0.823888	0.823849	0.823811	0.823879	0.823947	0.823917	0.823888	0.824077	0.824267	0.82435	0.824432	0.824989	0.825546	0.825979	0.826412	0.827913	0.829413	0.830827	0.832241	0.833822	0.835403	0.836453	0.837302	0.839214	0.841225	0.8425	0.84502	0.841136	0.837253	0.834235	0.831218	0.829461	0.827703	0.826653	0.825603	0.824926	0.82425	0.82404	0.823831	0.82362	0.82341	0.82344	0.82347	0.823427	0.823384	0.823445	0.823506	0.823524	0.823543	0.823591	0.82364	0.823682	0.823725	0.823744	0.823762	0.823804	
0.847627	0.847656	0.847664	0.847673	0.84772	0.847767	0.847777	0.847786	0.847858	0.847929	0.847955	0.84798	0.848114	0.848248	0.848321	0.848394	0.848682	0.84897	0.849184	0.849397	0.850037	0.850677	0.85122	0.851763	0.85316	0.854556	0.855748	0.856939	0.858462	0.859985	0.860762	0.861714	0.862892	0.864045	0.865023	0.866107	0.863879	0.861652	0.859079	0.856506	0.854925	0.853345	0.852226	0.851108	0.850313	0.849517	0.849143	0.84877	0.848425	0.84808	0.847992	0.847904	0.84777	0.847635	0.84763	0.847624	0.847578	0.847531	0.847546	0.847561	0.847566	0.847571	0.847585	0.847598	0.847627	
0.87145	0.871466	0.87149	0.871515	0.871577	0.871639	0.87169	0.871741	0.871856	0.87197	0.87206	0.87215	0.87235	0.872549	0.872725	0.8729	0.873286	0.873673	0.874017	0.874362	0.875085	0.875809	0.876461	0.877114	0.878407	0.8797	0.880669	0.881638	0.883102	0.884567	0.885071	0.885576	0.885733	0.885889	0.886541	0.887193	0.886622	0.88605	0.883922	0.881793	0.88039	0.878986	0.8778	0.876613	0.875699	0.874785	0.874246	0.873708	0.873229	0.87275	0.872544	0.872339	0.872113	0.871887	0.871815	0.871743	0.871631	0.871519	0.871501	0.871483	0.87145	0.871417	0.871426	0.871435	0.87145	
0.895436	0.895443	0.895477	0.895512	0.895578	0.895645	0.895726	0.895808	0.895946	0.896085	0.896215	0.896344	0.896578	0.896812	0.897033	0.897253	0.897667	0.89808	0.898454	0.898829	0.899518	0.900207	0.90081	0.901414	0.902544	0.903675	0.904423	0.905171	0.906254	0.907337	0.907669	0.908001	0.908111	0.908221	0.908712	0.909202	0.908845	0.908489	0.907001	0.905513	0.904397	0.903282	0.902184	0.901086	0.900226	0.899365	0.898798	0.898231	0.897726	0.897221	0.89696	0.896699	0.896428	0.896156	0.896041	0.895927	0.895773	0.89562	0.895579	0.895537	0.895479	0.895421	0.895425	0.89543	0.895436	
0.919423	0.91942	0.919465	0.919509	0.91958	0.91965	0.919762	0.919874	0.920037	0.920199	0.920369	0.920539	0.920807	0.921075	0.921341	0.921607	0.922047	0.922487	0.922892	0.923296	0.92395	0.924604	0.925159	0.925713	0.926682	0.92765	0.928177	0.928704	0.929406	0.930108	0.930267	0.930425	0.930489	0.930552	0.930882	0.931211	0.931069	0.930927	0.93008	0.929232	0.928405	0.927578	0.926569	0.92556	0.924752	0.923945	0.92335	0.922754	0.922223	0.921692	0.921376	0.92106	0.920742	0.920425	0.920268	0.92011	0.919916	0.919721	0.919656	0.919591	0.919508	0.919425	0.919425	0.919425	0.919423	
0.943366	0.94335	0.943406	0.943462	0.943524	0.943587	0.943703	0.94382	0.94397	0.944121	0.944305	0.94449	0.944747	0.945005	0.945269	0.945534	0.945927	0.946319	0.94668	0.947041	0.947592	0.948143	0.948583	0.949023	0.949727	0.950431	0.950788	0.951145	0.951632	0.952119	0.952214	0.952309	0.952333	0.952357	0.952614	0.95287	0.952837	0.952803	0.952203	0.951603	0.951059	0.950515	0.949741	0.948966	0.948325	0.947683	0.947158	0.946633	0.946155	0.945676	0.945367	0.945058	0.94474	0.944421	0.944258	0.944095	0.943899	0.943703	0.943637	0.943571	0.943474	0.943376	0.943379	0.943381	0.943366	
0.967309	0.967281	0.967348	0.967415	0.967469	0.967523	0.967644	0.967766	0.967904	0.968042	0.968241	0.96844	0.968687	0.968935	0.969198	0.969461	0.969806	0.970151	0.970469	0.970787	0.971235	0.971682	0.972007	0.972332	0.972772	0.973212	0.973399	0.973587	0.973859	0.974131	0.974162	0.974193	0.974178	0.974162	0.974346	0.974529	0.974604	0.974679	0.974326	0.973973	0.973713	0.973453	0.972913	0.972373	0.971897	0.971421	0.970966	0.970511	0.970086	0.969661	0.969358	0.969056	0.968737	0.968418	0.968249	0.96808	0.967883	0.967685	0.967619	0.967552	0.96744	0.967328	0.967332	0.967337	0.967309	
0.991041	0.991004	0.991072	0.991139	0.991176	0.991213	0.99133	0.991447	0.991557	0.991668	0.991843	0.992017	0.992213	0.992409	0.992625	0.99284	0.993106	0.993371	0.993604	0.993838	0.994153	0.994468	0.994679	0.99489	0.995181	0.995473	0.995557	0.995642	0.995787	0.995931	0.995909	0.995887	0.995865	0.995843	0.995991	0.996139	0.996282	0.996425	0.996243	0.996061	0.995927	0.995793	0.995423	0.995053	0.994729	0.994405	0.99406	0.993714	0.993384	0.993054	0.992809	0.992564	0.992295	0.992026	0.991887	0.991747	0.991564	0.991382	0.991328	0.991274	0.991164	0.991055	0.991066	0.991077	0.991041	
1.01477	1.01473	1.0148	1.01486	1.01488	1.0149	1.01502	1.01513	1.01521	1.01529	1.01544	1.01559	1.01574	1.01588	1.01605	1.01622	1.01641	1.01659	1.01674	1.01689	1.01707	1.01725	1.01735	1.01745	1.01759	1.01773	1.01772	1.0177	1.01772	1.01773	1.01766	1.01758	1.01755	1.01752	1.01764	1.01775	1.01796	1.01817	1.01816	1.01815	1.01814	1.01813	1.01793	1.01773	1.01756	1.01739	1.01715	1.01692	1.01668	1.01645	1.01626	1.01607	1.01585	1.01564	1.01552	1.01541	1.01525	1.01508	1.01504	1.015	1.01489	1.01478	1.0148	1.01482	1.01477	
1.03824	1.03819	1.03825	1.03832	1.03832	1.03831	1.03841	1.0385	1.03855	1.03859	1.0387	1.03881	1.0389	1.03898	1.03909	1.0392	1.0393	1.0394	1.03948	1.03955	1.03963	1.03972	1.03973	1.03973	1.03977	1.03981	1.03973	1.03964	1.0396	1.03956	1.03946	1.03937	1.03934	1.03932	1.03941	1.03951	1.03974	1.03997	1.04002	1.04008	1.04018	1.04028	1.04019	1.0401	1.04004	1.03998	1.03985	1.03971	1.03957	1.03943	1.03931	1.03919	1.03903	1.03888	1.03881	1.03874	1.0386	1.03847	1.03845	1.03843	1.03833	1.03824	1.03826	1.03829	1.03824	
1.06171	1.06165	1.06171	1.06177	1.06175	1.06172	1.0618	1.06188	1.06188	1.06189	1.06196	1.06203	1.06206	1.06208	1.06213	1.06218	1.0622	1.06222	1.06222	1.06221	1.0622	1.06218	1.0621	1.06202	1.06196	1.06189	1.06174	1.06158	1.06148	1.06138	1.06127	1.06115	1.06113	1.06111	1.06119	1.06127	1.06152	1.06177	1.06189	1.06201	1.06222	1.06243	1.06245	1.06247	1.06253	1.06258	1.06254	1.0625	1.06245	1.0624	1.06235	1.06231	1.06221	1.06212	1.06209	1.06206	1.06196	1.06186	1.06186	1.06186	1.06178	1.06169	1.06173	1.06177	1.06171	
1.08493	1.08486	1.08492	1.08498	1.08493	1.08489	1.08494	1.085	1.08497	1.08494	1.08497	1.08501	1.08498	1.08495	1.08495	1.08495	1.08491	1.08487	1.08481	1.08474	1.08466	1.08458	1.08445	1.08431	1.0842	1.08408	1.0839	1.08372	1.08361	1.08349	1.08337	1.08325	1.08324	1.08323	1.0833	1.08337	1.08361	1.08386	1.08401	1.08415	1.0844	1.08465	1.08473	1.08482	1.08494	1.08507	1.0851	1.08513	1.08515	1.08517	1.08518	1.08518	1.08514	1.0851	1.08511	1.08512	1.08505	1.08499	1.08502	1.08504	1.08497	1.0849	1.08495	1.085	1.08493	
1.10815	1.10808	1.10814	1.10819	1.10812	1.10806	1.10809	1.10812	1.10805	1.10798	1.10798	1.10798	1.1079	1.10783	1.10778	1.10773	1.10762	1.10752	1.10739	1.10727	1.10713	1.10698	1.10679	1.1066	1.10644	1.10628	1.10607	1.10585	1.10573	1.1056	1.10548	1.10535	1.10535	1.10536	1.10541	1.10546	1.10571	1.10595	1.10612	1.10629	1.10658	1.10687	1.10701	1.10716	1.10736	1.10756	1.10766	1.10776	1.10785	1.10794	1.108	1.10806	1.10807	1.10808	1.10814	1.10819	1.10815	1.10812	1.10817	1.10822	1.10817	1.10811	1.10817	1.10822	1.10815	
1.13123	1.13116	1.1312	1.13125	1.13117	1.13109	1.1311	1.13111	1.13102	1.13092	1.1309	1.13087	1.13075	1.13064	1.13055	1.13047	1.13033	1.13019	1.13004	1.12988	1.12972	1.12955	1.12935	1.12914	1.12897	1.1288	1.12859	1.12838	1.12826	1.12814	1.12802	1.12789	1.12791	1.12792	1.12796	1.12801	1.12824	1.12847	1.12863	1.12879	1.12908	1.12937	1.12954	1.1297	1.12993	1.13015	1.13029	1.13042	1.13055	1.13068	1.13078	1.13087	1.13092	1.13097	1.13105	1.13113	1.13113	1.13112	1.13119	1.13126	1.13122	1.13117	1.13124	1.1313	1.13123	
1.1543	1.15423	1.15427	1.15431	1.15421	1.15412	1.15411	1.15411	1.15399	1.15386	1.15381	1.15375	1.1536	1.15345	1.15333	1.15321	1.15304	1.15286	1.15268	1.1525	1.15231	1.15212	1.1519	1.15167	1.1515	1.15133	1.15112	1.1509	1.15079	1.15068	1.15056	1.15043	1.15046	1.15049	1.15052	1.15055	1.15077	1.15099	1.15114	1.15129	1.15159	1.15188	1.15206	1.15224	1.15249	1.15275	1.15291	1.15307	1.15324	1.15342	1.15355	1.15369	1.15378	1.15386	1.15397	1.15408	1.1541	1.15413	1.15421	1.1543	1.15427	1.15424	1.15431	1.15437	1.1543	
1.17732	1.17725	1.17728	1.17731	1.17721	1.17711	1.17709	1.17708	1.17695	1.17682	1.17675	1.17668	1.17652	1.17637	1.17623	1.1761	1.17592	1.17574	1.17556	1.17537	1.17518	1.175	1.17478	1.17456	1.1744	1.17424	1.17405	1.17385	1.17376	1.17368	1.17357	1.17346	1.17349	1.17353	1.17355	1.17356	1.17376	1.17395	1.17408	1.17421	1.17448	1.17476	1.17493	1.1751	1.17535	1.17561	1.17578	1.17595	1.17613	1.17631	1.17645	1.1766	1.1767	1.17681	1.17692	1.17704	1.17708	1.17711	1.1772	1.1773	1.17727	1.17725	1.17732	1.17739	1.17732	
1.20033	1.20026	1.20029	1.20031	1.20021	1.2001	1.20007	1.20005	1.19991	1.19977	1.19969	1.19961	1.19944	1.19928	1.19914	1.19899	1.19881	1.19862	1.19843	1.19824	1.19805	1.19787	1.19766	1.19744	1.1973	1.19716	1.19698	1.1968	1.19674	1.19667	1.19658	1.19649	1.19653	1.19657	1.19657	1.19658	1.19674	1.19691	1.19702	1.19713	1.19738	1.19763	1.1978	1.19796	1.19822	1.19847	1.19864	1.19882	1.19901	1.1992	1.19936	1.19951	1.19963	1.19975	1.19987	1.2	1.20005	1.20009	1.20019	1.20029	1.20028	1.20026	1.20033	1.2004	1.20033	
1.22344	1.22337	1.2234	1.22342	1.22331	1.2232	1.22317	1.22315	1.223	1.22286	1.22278	1.2227	1.22254	1.22237	1.22224	1.2221	1.22193	1.22176	1.22159	1.22141	1.22126	1.22111	1.22092	1.22073	1.22061	1.22049	1.22033	1.22016	1.22011	1.22005	1.21995	1.21986	1.2199	1.21994	1.21995	1.21996	1.22012	1.22028	1.22037	1.22047	1.22069	1.22091	1.22106	1.2212	1.22143	1.22165	1.2218	1.22196	1.22213	1.22231	1.22246	1.22261	1.22272	1.22284	1.22297	1.22309	1.22314	1.22319	1.22329	1.22339	1.22338	1.22337	1.22344	1.22351	1.22344	
1.24655	1.24648	1.2465	1.24652	1.24641	1.2463	1.24627	1.24624	1.2461	1.24596	1.24587	1.24579	1.24563	1.24547	1.24534	1.24521	1.24505	1.2449	1.24474	1.24459	1.24447	1.24435	1.24418	1.24402	1.24392	1.24382	1.24368	1.24353	1.24348	1.24343	1.24333	1.24323	1.24327	1.24332	1.24333	1.24333	1.24349	1.24364	1.24372	1.2438	1.244	1.2442	1.24432	1.24445	1.24464	1.24483	1.24496	1.24509	1.24526	1.24542	1.24556	1.2457	1.24582	1.24593	1.24606	1.24619	1.24624	1.24629	1.24639	1.2465	1.24649	1.24648	1.24655	1.24662	1.24655	
1.2698	1.26974	1.26976	1.26978	1.26968	1.26957	1.26955	1.26952	1.26939	1.26925	1.26918	1.2691	1.26896	1.26882	1.2687	1.26859	1.26846	1.26833	1.26819	1.26805	1.26793	1.26781	1.26765	1.26749	1.26742	1.26735	1.26724	1.26712	1.2671	1.26707	1.267	1.26692	1.26696	1.26701	1.267	1.267	1.26712	1.26724	1.26729	1.26735	1.26751	1.26767	1.26778	1.26789	1.26808	1.26827	1.26839	1.26851	1.26866	1.26881	1.26893	1.26905	1.26915	1.26925	1.26937	1.26948	1.26953	1.26958	1.26967	1.26976	1.26975	1.26974	1.26981	1.26987	1.2698	
1.29306	1.293	1.29302	1.29303	1.29294	1.29284	1.29282	1.29279	1.29267	1.29255	1.29249	1.29242	1.29229	1.29216	1.29207	1.29197	1.29186	1.29175	1.29163	1.29151	1.29139	1.29127	1.29112	1.29096	1.29092	1.29088	1.29079	1.29071	1.29071	1.29072	1.29066	1.29061	1.29065	1.2907	1.29068	1.29067	1.29075	1.29084	1.29087	1.29089	1.29102	1.29114	1.29124	1.29134	1.29153	1.29171	1.29182	1.29194	1.29206	1.29219	1.29229	1.2924	1.29248	1.29257	1.29268	1.29278	1.29282	1.29286	1.29294	1.29303	1.29302	1.29301	1.29306	1.29312	1.29306	
1.31653	1.31647	1.31649	1.31651	1.31642	1.31633	1.31631	1.31629	1.31618	1.31607	1.31602	1.31596	1.31586	1.31575	1.31567	1.31559	1.31549	1.31539	1.31527	1.31516	1.31509	1.31501	1.31491	1.3148	1.31478	1.31476	1.31469	1.31463	1.31464	1.31465	1.31461	1.31457	1.31461	1.31465	1.31463	1.31461	1.31468	1.31475	1.31477	1.31478	1.31488	1.31498	1.31504	1.3151	1.31524	1.31537	1.31546	1.31554	1.31567	1.31579	1.31588	1.31598	1.31605	1.31612	1.31621	1.3163	1.31633	1.31636	1.31643	1.31651	1.3165	1.31648	1.31653	1.31658	1.31653	
1.34	1.33995	1.33996	1.33998	1.3399	1.33982	1.33981	1.33979	1.33969	1.3396	1.33955	1.3395	1.33942	1.33934	1.33928	1.33921	1.33912	1.33902	1.33892	1.33882	1.33878	1.33875	1.3387	1.33864	1.33864	1.33864	1.33859	1.33855	1.33857	1.33859	1.33856	1.33852	1.33856	1.3386	1.33858	1.33856	1.33862	1.33867	1.33867	1.33867	1.33874	1.33881	1.33884	1.33887	1.33895	1.33903	1.33909	1.33915	1.33927	1.33939	1.33948	1.33956	1.33961	1.33966	1.33974	1.33981	1.33983	1.33985	1.33992	1.33999	1.33998	1.33996	1.34	1.34005	1.34	
1.36366	1.36362	1.36364	1.36365	1.36357	1.3635	1.36349	1.36349	1.3634	1.36331	1.36328	1.36325	1.36318	1.36311	1.36306	1.363	1.36293	1.36285	1.36279	1.36272	1.36271	1.36269	1.36265	1.36261	1.36262	1.36262	1.36259	1.36255	1.36257	1.36259	1.36256	1.36253	1.36257	1.3626	1.36258	1.36257	1.36261	1.36266	1.36266	1.36266	1.36272	1.36277	1.36279	1.3628	1.36286	1.36292	1.36296	1.363	1.36308	1.36316	1.36324	1.36332	1.36336	1.3634	1.36346	1.36353	1.36353	1.36354	1.36361	1.36367	1.36365	1.36362	1.36366	1.3637	1.36366	
1.38733	1.38729	1.38731	1.38732	1.38725	1.38718	1.38718	1.38718	1.3871	1.38703	1.38702	1.387	1.38695	1.38689	1.38684	1.38678	1.38674	1.38669	1.38666	1.38663	1.38663	1.38662	1.3866	1.38658	1.38659	1.38661	1.38658	1.38656	1.38657	1.38658	1.38656	1.38654	1.38657	1.3866	1.38659	1.38657	1.38661	1.38665	1.38665	1.38665	1.38669	1.38673	1.38673	1.38674	1.38677	1.38681	1.38683	1.38686	1.38689	1.38693	1.387	1.38708	1.38711	1.38715	1.38719	1.38724	1.38723	1.38723	1.38729	1.38735	1.38732	1.38729	1.38732	1.38736	1.38733	
1.41113	1.41109	1.41112	1.41114	1.41107	1.41099	1.411	1.41101	1.41095	1.41088	1.41088	1.41087	1.41082	1.41077	1.41074	1.41071	1.41068	1.41065	1.41063	1.41061	1.41062	1.41062	1.4106	1.41059	1.4106	1.41061	1.4106	1.41058	1.41059	1.41061	1.4106	1.41058	1.41061	1.41063	1.41062	1.41061	1.41063	1.41066	1.41066	1.41066	1.41069	1.41072	1.41072	1.41072	1.41075	1.41078	1.41079	1.41081	1.41083	1.41086	1.4109	1.41095	1.41098	1.411	1.41104	1.41109	1.41108	1.41107	1.41112	1.41117	1.41113	1.41109	1.41113	1.41117	1.41113	
1.43494	1.4349	1.43492	1.43495	1.43488	1.43481	1.43482	1.43484	1.43479	1.43474	1.43474	1.43474	1.4347	1.43465	1.43464	1.43463	1.43462	1.43461	1.4346	1.4346	1.4346	1.43461	1.43461	1.4346	1.43461	1.43462	1.43461	1.4346	1.43462	1.43464	1.43463	1.43462	1.43464	1.43466	1.43465	1.43464	1.43466	1.43468	1.43467	1.43466	1.43469	1.43471	1.43471	1.43471	1.43473	1.43475	1.43475	1.43476	1.43477	1.43478	1.4348	1.43482	1.43484	1.43486	1.4349	1.43494	1.43492	1.4349	1.43494	1.43499	1.43494	1.4349	1.43494	1.43498	1.43494	
1.45879	1.45868	1.45874	1.4588	1.45874	1.45869	1.4587	1.45871	1.45868	1.45864	1.45865	1.45865	1.45862	1.4586	1.45859	1.45859	1.45858	1.45858	1.45857	1.45857	1.45858	1.45859	1.45858	1.45858	1.45859	1.4586	1.4586	1.45859	1.45861	1.45862	1.45862	1.45861	1.45863	1.45864	1.45864	1.45863	1.45865	1.45866	1.45865	1.45865	1.45867	1.45868	1.45868	1.45868	1.4587	1.45871	1.45871	1.45872	1.45872	1.45873	1.45875	1.45876	1.45877	1.45878	1.4588	1.45882	1.45881	1.45879	1.45882	1.45886	1.45882	1.45878	1.45884	1.45891	1.45879	
1.48265	1.48246	1.48255	1.48264	1.4826	1.48256	1.48257	1.48258	1.48256	1.48254	1.48255	1.48255	1.48255	1.48254	1.48254	1.48254	1.48254	1.48254	1.48254	1.48254	1.48255	1.48256	1.48256	1.48256	1.48257	1.48258	1.48258	1.48258	1.48259	1.4826	1.48261	1.48261	1.48262	1.48263	1.48263	1.48263	1.48263	1.48264	1.48264	1.48264	1.48265	1.48265	1.48265	1.48266	1.48266	1.48267	1.48267	1.48267	1.48268	1.48268	1.48269	1.4827	1.4827	1.48269	1.4827	1.48271	1.4827	1.48269	1.48271	1.48272	1.48269	1.48265	1.48275	1.48285	1.48265	
1.50751	1.50751	1.50751	1.50751	1.50751	1.50751	1.50751	1.50751	1.50751	1.50751	1.50751	1.50751	1.50751	1.50751	1.50751	1.50751	1.50751	1.50751	1.50751	1.50751	1.50751	1.50751	1.50751	1.50751	1.50751	1.50751	1.50751	1.50751	1.50751	1.50751	1.50751	1.50751	1.50751	1.50751	1.50751	1.50751	1.50751	1.50751	1.50751	1.50751	1.50751	1.50751	1.50751	1.50751	1.50751	1.50751	1.50751	1.50751	1.50751	1.50751	1.50751	1.50751	1.50751	1.50751	1.50751	1.50751	1.50751	1.50751	1.50751	1.50751	1.50751	1.50751	1.50751	1.50751	1.50751	
