x=200	y=90	z=200	n=65	len=1
b
0.678382	0.678382	0.678382	0.678382	0.678382	0.678382	0.678382	0.678382	0.678382	0.678382	0.678382	0.678382	0.678382	0.678382	0.678382	0.678382	0.678382	0.678382	0.678382	0.678382	0.678382	0.678382	0.678382	0.678382	0.678382	0.678382	0.678382	0.678382	0.678382	0.678382	0.678382	0.678382	0.678382	0.678382	0.678382	0.678382	0.678382	0.678382	0.678382	0.678382	0.678382	0.678382	0.678382	0.678382	0.678382	0.678382	0.678382	0.678382	0.678382	0.678382	0.678382	0.678382	0.678382	0.678382	0.678382	0.678382	0.678382	0.678382	0.678382	0.678382	0.678382	0.678382	0.678382	0.678382	0.678382	
0.6787	0.67883	0.678825	0.67882	0.678934	0.679048	0.679118	0.679187	0.679191	0.679195	0.679326	0.679458	0.679506	0.679554	0.679716	0.679879	0.679831	0.679783	0.680017	0.680251	0.680268	0.680286	0.680668	0.681051	0.680797	0.680543	0.679592	0.67864	0.677122	0.675603	0.68011	0.684618	0.688975	0.693332	0.688305	0.683279	0.680882	0.678486	0.679312	0.680138	0.679925	0.679712	0.67945	0.679188	0.678941	0.678693	0.678751	0.678808	0.678814	0.67882	0.678726	0.678633	0.678522	0.678412	0.678389	0.678365	0.678421	0.678476	0.678436	0.678396	0.678509	0.678623	0.678597	0.67857	0.6787	
0.678835	0.678934	0.678929	0.678923	0.679038	0.679153	0.679213	0.679273	0.67927	0.679267	0.679394	0.679522	0.67957	0.679619	0.679795	0.679972	0.679921	0.679871	0.680131	0.680391	0.680442	0.680494	0.680978	0.681463	0.681222	0.680981	0.679837	0.678693	0.677326	0.675959	0.680925	0.685892	0.689927	0.693961	0.688959	0.683956	0.681369	0.678783	0.679578	0.680373	0.680169	0.679964	0.679658	0.679352	0.679099	0.678846	0.678889	0.678933	0.678946	0.678959	0.678857	0.678755	0.678666	0.678576	0.678558	0.678539	0.678597	0.678655	0.678625	0.678595	0.678669	0.678743	0.67874	0.678737	0.678835	
0.67897	0.679037	0.679032	0.679027	0.679142	0.679257	0.679307	0.679358	0.679349	0.679339	0.679462	0.679585	0.679634	0.679683	0.679874	0.680065	0.680012	0.679959	0.680245	0.680531	0.680617	0.680703	0.681289	0.681874	0.681646	0.681418	0.680082	0.678746	0.67753	0.676314	0.68174	0.687167	0.690878	0.69459	0.689612	0.684634	0.681857	0.679079	0.679843	0.680608	0.680412	0.680216	0.679866	0.679515	0.679258	0.679	0.679028	0.679057	0.679078	0.679099	0.678988	0.678877	0.678809	0.678741	0.678726	0.678712	0.678773	0.678834	0.678814	0.678794	0.678828	0.678862	0.678883	0.678903	0.67897	
0.679032	0.679078	0.679077	0.679076	0.679181	0.679285	0.679329	0.679372	0.679361	0.679349	0.679461	0.679573	0.679621	0.679669	0.679868	0.680067	0.680015	0.679964	0.680267	0.680571	0.680687	0.680803	0.681488	0.682172	0.681928	0.681684	0.680045	0.678405	0.677408	0.676412	0.681867	0.687323	0.690784	0.694245	0.689537	0.684829	0.681972	0.679114	0.679896	0.680679	0.680485	0.68029	0.679917	0.679544	0.6793	0.679055	0.679075	0.679096	0.679127	0.679158	0.679041	0.678924	0.678867	0.67881	0.6788	0.678791	0.678845	0.6789	0.678892	0.678884	0.678899	0.678915	0.678951	0.678987	0.679032	
0.679095	0.679119	0.679122	0.679125	0.679219	0.679314	0.67935	0.679387	0.679373	0.679359	0.67946	0.679561	0.679608	0.679655	0.679862	0.680068	0.680018	0.679968	0.68029	0.680611	0.680757	0.680904	0.681687	0.682469	0.68221	0.681951	0.680007	0.678064	0.677287	0.67651	0.681994	0.687478	0.69069	0.693901	0.689463	0.685024	0.682087	0.679149	0.67995	0.68075	0.680557	0.680364	0.679968	0.679573	0.679342	0.67911	0.679122	0.679135	0.679176	0.679217	0.679095	0.678972	0.678925	0.678879	0.678874	0.678869	0.678918	0.678966	0.67897	0.678973	0.67897	0.678967	0.679019	0.679071	0.679095	
0.679063	0.679034	0.679068	0.679101	0.679113	0.679124	0.679148	0.679171	0.679154	0.679137	0.679211	0.679285	0.679323	0.67936	0.679548	0.679736	0.679672	0.679607	0.67993	0.680252	0.680517	0.680783	0.68167	0.682557	0.68228	0.682002	0.679623	0.677244	0.67632	0.675396	0.680087	0.684777	0.68753	0.690283	0.687085	0.683886	0.681482	0.679077	0.679909	0.68074	0.68046	0.68018	0.67974	0.679299	0.679142	0.678985	0.678987	0.678989	0.679077	0.679166	0.679057	0.678948	0.678922	0.678896	0.678896	0.678895	0.678936	0.678978	0.678991	0.679004	0.678982	0.678961	0.679026	0.679092	0.679063	
0.679031	0.678949	0.679014	0.679078	0.679007	0.678935	0.678945	0.678955	0.678935	0.678915	0.678962	0.679009	0.679037	0.679065	0.679234	0.679403	0.679325	0.679246	0.67957	0.679894	0.680277	0.680661	0.681653	0.682644	0.682349	0.682053	0.679239	0.676425	0.675353	0.674282	0.678179	0.682076	0.684371	0.686665	0.684706	0.682748	0.680876	0.679005	0.679868	0.68073	0.680363	0.679997	0.679511	0.679025	0.678942	0.678859	0.678851	0.678843	0.678978	0.679114	0.679019	0.678924	0.678919	0.678914	0.678918	0.678922	0.678955	0.678989	0.679012	0.679035	0.678995	0.678955	0.679034	0.679113	0.679031	
0.678846	0.67873	0.678791	0.678852	0.678764	0.678675	0.678679	0.678683	0.678666	0.678649	0.678682	0.678714	0.678731	0.678748	0.678887	0.679026	0.678925	0.678824	0.679113	0.679402	0.67976	0.680118	0.681362	0.682606	0.682312	0.682017	0.678959	0.675901	0.674475	0.67305	0.675651	0.678253	0.680712	0.683172	0.682228	0.681283	0.680063	0.678843	0.679492	0.68014	0.679731	0.679322	0.678987	0.678653	0.678643	0.678633	0.678617	0.678602	0.67873	0.678857	0.678789	0.678721	0.678741	0.678761	0.678788	0.678815	0.678818	0.678821	0.678873	0.678925	0.678842	0.678759	0.67886	0.678961	0.678846	
0.67866	0.678511	0.678569	0.678626	0.678521	0.678415	0.678413	0.678411	0.678397	0.678384	0.678401	0.678419	0.678424	0.67843	0.678539	0.678649	0.678525	0.678402	0.678656	0.67891	0.679242	0.679575	0.681072	0.682568	0.682275	0.681982	0.678679	0.675377	0.673598	0.671818	0.673124	0.674429	0.677054	0.679679	0.679749	0.679818	0.679249	0.678681	0.679115	0.67955	0.679099	0.678647	0.678464	0.678281	0.678344	0.678406	0.678384	0.678361	0.678481	0.6786	0.678559	0.678518	0.678564	0.678609	0.678658	0.678708	0.67868	0.678653	0.678734	0.678816	0.678689	0.678563	0.678686	0.67881	0.67866	
0.67845	0.678274	0.678341	0.678408	0.678262	0.678117	0.678116	0.678115	0.678098	0.678082	0.678084	0.678086	0.678079	0.678073	0.678151	0.678228	0.678097	0.677965	0.678177	0.678389	0.6787	0.67901	0.680624	0.682239	0.682081	0.681923	0.678562	0.675201	0.673269	0.671337	0.671633	0.67193	0.674436	0.676942	0.677808	0.678675	0.678564	0.678453	0.678505	0.678558	0.678315	0.678073	0.677938	0.677804	0.677926	0.678049	0.678033	0.678017	0.678155	0.678293	0.678282	0.678271	0.678336	0.6784	0.678471	0.678542	0.678499	0.678455	0.678555	0.678655	0.678509	0.678363	0.678495	0.678626	0.67845	
0.67824	0.678038	0.678113	0.678189	0.678004	0.677819	0.677818	0.677818	0.6778	0.677781	0.677767	0.677753	0.677734	0.677715	0.677762	0.677808	0.677668	0.677528	0.677698	0.677868	0.678157	0.678446	0.680177	0.681909	0.681886	0.681864	0.678445	0.675025	0.672941	0.670856	0.670143	0.66943	0.671817	0.674205	0.675868	0.677531	0.677879	0.678226	0.677895	0.677565	0.677531	0.677498	0.677412	0.677326	0.677509	0.677692	0.677682	0.677672	0.677828	0.677985	0.678004	0.678024	0.678108	0.678191	0.678284	0.678377	0.678317	0.678258	0.678376	0.678494	0.678329	0.678164	0.678304	0.678443	0.67824	
0.678014	0.677796	0.677877	0.677957	0.677749	0.677541	0.677546	0.677551	0.67753	0.67751	0.677487	0.677464	0.677436	0.677408	0.677428	0.677449	0.677297	0.677145	0.67725	0.677354	0.677567	0.67778	0.679413	0.681045	0.681415	0.681786	0.67883	0.675874	0.673901	0.671929	0.670316	0.668703	0.670866	0.67303	0.675017	0.677004	0.677412	0.67782	0.677375	0.67693	0.676971	0.677011	0.676922	0.676833	0.677055	0.677278	0.67728	0.677282	0.677452	0.677622	0.677675	0.677728	0.677828	0.677928	0.678046	0.678164	0.678093	0.678022	0.67816	0.678298	0.678121	0.677944	0.678088	0.678232	0.678014	
0.677788	0.677555	0.67764	0.677724	0.677494	0.677264	0.677274	0.677284	0.677261	0.677239	0.677207	0.677176	0.677138	0.6771	0.677095	0.677089	0.676925	0.676761	0.676801	0.676841	0.676978	0.677115	0.678648	0.680181	0.680945	0.681708	0.679215	0.676723	0.674862	0.673001	0.670488	0.667975	0.669915	0.671856	0.674166	0.676477	0.676946	0.677415	0.676855	0.676296	0.67641	0.676525	0.676432	0.676339	0.676601	0.676863	0.676878	0.676892	0.677075	0.677258	0.677346	0.677433	0.677548	0.677664	0.677808	0.677952	0.677869	0.677786	0.677944	0.678102	0.677912	0.677723	0.677872	0.67802	0.677788	
0.67762	0.677389	0.677474	0.677559	0.677322	0.677085	0.677101	0.677118	0.677092	0.677067	0.677034	0.677001	0.676957	0.676914	0.676894	0.676874	0.676699	0.676525	0.676493	0.676462	0.676485	0.676507	0.677874	0.679241	0.680277	0.681313	0.67955	0.677788	0.676609	0.675429	0.672493	0.669557	0.670783	0.67201	0.674176	0.676341	0.676724	0.677106	0.676533	0.67596	0.6761	0.67624	0.676082	0.675925	0.676204	0.676483	0.676513	0.676542	0.676737	0.676932	0.677049	0.677167	0.677291	0.677415	0.677581	0.677748	0.677666	0.677585	0.677753	0.677922	0.67774	0.677557	0.677704	0.67785	0.67762	
0.677452	0.677223	0.677308	0.677393	0.677149	0.676906	0.676929	0.676952	0.676923	0.676895	0.67686	0.676825	0.676776	0.676728	0.676693	0.676658	0.676473	0.676289	0.676186	0.676083	0.675992	0.6759	0.677101	0.678301	0.679609	0.680918	0.679886	0.678853	0.678355	0.677858	0.674498	0.671138	0.671651	0.672164	0.674185	0.676205	0.676501	0.676797	0.67621	0.675623	0.675789	0.675955	0.675732	0.67551	0.675807	0.676104	0.676148	0.676192	0.676399	0.676605	0.676753	0.6769	0.677034	0.677167	0.677355	0.677544	0.677464	0.677383	0.677563	0.677742	0.677567	0.677392	0.677536	0.67768	0.677452	
0.677369	0.67715	0.677233	0.677317	0.677074	0.676831	0.676861	0.67689	0.676856	0.676823	0.676797	0.676771	0.676719	0.676666	0.676628	0.67659	0.676402	0.676213	0.676063	0.675913	0.675737	0.675562	0.676499	0.677436	0.678579	0.679721	0.679613	0.679504	0.679153	0.678802	0.676382	0.673962	0.673962	0.673961	0.675066	0.676171	0.676348	0.676525	0.676013	0.675501	0.675669	0.675837	0.675551	0.675265	0.675559	0.675852	0.675909	0.675965	0.676177	0.676389	0.676558	0.676727	0.676863	0.676999	0.677201	0.677402	0.677334	0.677266	0.677448	0.677631	0.67747	0.677309	0.677448	0.677588	0.677369	
0.677286	0.677076	0.677158	0.677241	0.676998	0.676756	0.676792	0.676829	0.67679	0.676751	0.676734	0.676717	0.676661	0.676605	0.676563	0.676522	0.67633	0.676138	0.67594	0.675742	0.675483	0.675223	0.675897	0.676571	0.677548	0.678525	0.67934	0.680155	0.679951	0.679747	0.678267	0.676787	0.676273	0.675758	0.675947	0.676136	0.676195	0.676254	0.675817	0.67538	0.67555	0.67572	0.67537	0.675021	0.67531	0.6756	0.675669	0.675739	0.675955	0.676172	0.676363	0.676553	0.676692	0.676831	0.677046	0.677261	0.677204	0.677148	0.677334	0.67752	0.677373	0.677226	0.677361	0.677496	0.677286	
0.677289	0.677101	0.677178	0.677255	0.677046	0.676837	0.676895	0.676953	0.676888	0.676823	0.676829	0.676835	0.67675	0.676664	0.676618	0.676571	0.676374	0.676178	0.675951	0.675724	0.675416	0.675108	0.675573	0.676038	0.676654	0.67727	0.678853	0.680436	0.68015	0.679864	0.679189	0.678514	0.677763	0.677011	0.676651	0.676292	0.676191	0.67609	0.675787	0.675484	0.675633	0.675781	0.675383	0.674984	0.675249	0.675514	0.675583	0.675653	0.675867	0.676082	0.676283	0.676483	0.676622	0.67676	0.67698	0.677199	0.677155	0.677111	0.677295	0.677479	0.677351	0.677222	0.677349	0.677476	0.677289	
0.677291	0.677127	0.677198	0.677269	0.677093	0.676917	0.676997	0.677077	0.676986	0.676895	0.676924	0.676953	0.676839	0.676724	0.676672	0.67662	0.676419	0.676217	0.675962	0.675706	0.67535	0.674994	0.67525	0.675506	0.67576	0.676015	0.678366	0.680717	0.680349	0.679981	0.680111	0.680241	0.679253	0.678265	0.677356	0.676447	0.676187	0.675927	0.675758	0.675589	0.675715	0.675842	0.675395	0.674947	0.675187	0.675427	0.675497	0.675566	0.675779	0.675991	0.676202	0.676413	0.676551	0.676689	0.676913	0.677138	0.677106	0.677075	0.677257	0.677439	0.677329	0.677219	0.677337	0.677456	0.677291	
0.677541	0.677431	0.677487	0.677542	0.677411	0.677279	0.677348	0.677416	0.677328	0.67724	0.677269	0.677297	0.677181	0.677064	0.677017	0.67697	0.676771	0.676572	0.676307	0.676042	0.675542	0.675042	0.675188	0.675334	0.675334	0.675335	0.677629	0.679923	0.679255	0.678587	0.679735	0.680884	0.680279	0.679674	0.679087	0.6785	0.677481	0.676462	0.676009	0.675556	0.675743	0.675929	0.675538	0.675148	0.675316	0.675484	0.675564	0.675644	0.675849	0.676054	0.676278	0.676502	0.676631	0.67676	0.67697	0.67718	0.677217	0.677254	0.677407	0.677561	0.677512	0.677463	0.677557	0.67765	0.677541	
0.67779	0.677736	0.677776	0.677816	0.677729	0.677642	0.677699	0.677755	0.67767	0.677585	0.677613	0.677642	0.677523	0.677405	0.677362	0.677319	0.677123	0.676926	0.676652	0.676378	0.675734	0.67509	0.675126	0.675163	0.674909	0.674655	0.676892	0.67913	0.678162	0.677193	0.67936	0.681526	0.681305	0.681084	0.680819	0.680553	0.678776	0.676998	0.676261	0.675523	0.67577	0.676016	0.675682	0.675349	0.675444	0.67554	0.67563	0.675721	0.675918	0.676116	0.676353	0.67659	0.676711	0.676832	0.677027	0.677222	0.677327	0.677432	0.677558	0.677684	0.677695	0.677707	0.677776	0.677844	0.67779	
0.67807	0.678059	0.678085	0.678111	0.678065	0.678019	0.678069	0.678118	0.678032	0.677945	0.677977	0.678009	0.677878	0.677747	0.677706	0.677665	0.677465	0.677264	0.677079	0.676895	0.676236	0.675577	0.6754	0.675224	0.674858	0.674493	0.676076	0.677659	0.676842	0.676026	0.678298	0.68057	0.681125	0.68168	0.68279	0.683899	0.680987	0.678075	0.676785	0.675495	0.675818	0.67614	0.675979	0.675819	0.675916	0.676013	0.676069	0.676125	0.676305	0.676485	0.676692	0.676898	0.677019	0.677139	0.677307	0.677475	0.677579	0.677683	0.677791	0.677899	0.677942	0.677985	0.678033	0.678081	0.67807	
0.678351	0.678383	0.678394	0.678405	0.678401	0.678396	0.678439	0.678481	0.678393	0.678306	0.678341	0.678376	0.678233	0.678089	0.67805	0.678012	0.677807	0.677602	0.677507	0.677412	0.676738	0.676064	0.675674	0.675285	0.674808	0.674331	0.675259	0.676188	0.675523	0.674858	0.677236	0.679614	0.680945	0.682276	0.684761	0.687245	0.683198	0.679151	0.677309	0.675467	0.675866	0.676265	0.676277	0.676289	0.676387	0.676486	0.676508	0.676529	0.676692	0.676854	0.67703	0.677207	0.677326	0.677445	0.677587	0.677728	0.677831	0.677933	0.678023	0.678113	0.678188	0.678263	0.678291	0.678318	0.678351	
0.67869	0.67876	0.678757	0.678753	0.678785	0.678817	0.678846	0.678876	0.678795	0.678715	0.678747	0.67878	0.678631	0.678482	0.67845	0.678417	0.6782	0.677983	0.677917	0.677851	0.67726	0.676668	0.676274	0.675879	0.675203	0.674526	0.675156	0.675786	0.67516	0.674533	0.675567	0.676601	0.67891	0.681219	0.685335	0.689451	0.685039	0.680627	0.678095	0.675563	0.676036	0.676509	0.676695	0.676882	0.676953	0.677023	0.677003	0.676983	0.677117	0.677251	0.677406	0.67756	0.677672	0.677785	0.677898	0.678011	0.678136	0.67826	0.678324	0.678388	0.678495	0.678603	0.678611	0.67862	0.67869	
0.679029	0.679137	0.679119	0.679102	0.679169	0.679237	0.679254	0.67927	0.679197	0.679125	0.679154	0.679183	0.679029	0.678876	0.678849	0.678822	0.678593	0.678365	0.678328	0.678291	0.677782	0.677272	0.676873	0.676473	0.675598	0.674722	0.675053	0.675383	0.674796	0.674209	0.673899	0.673588	0.676876	0.680163	0.68591	0.691657	0.68688	0.682104	0.678881	0.675658	0.676206	0.676753	0.677114	0.677475	0.677518	0.677561	0.677499	0.677437	0.677542	0.677648	0.677781	0.677914	0.678019	0.678124	0.678209	0.678294	0.678441	0.678588	0.678625	0.678662	0.678802	0.678942	0.678931	0.678921	0.679029	
0.679339	0.679468	0.67944	0.679413	0.679502	0.679591	0.679595	0.679598	0.679537	0.679476	0.679497	0.679519	0.67937	0.679221	0.679201	0.679181	0.678957	0.678732	0.678706	0.678679	0.678237	0.677796	0.677532	0.677268	0.676442	0.675616	0.675546	0.675476	0.674944	0.674412	0.673215	0.672017	0.67509	0.678163	0.685247	0.692331	0.687591	0.682851	0.679454	0.676058	0.676562	0.677066	0.677571	0.678076	0.678105	0.678133	0.678036	0.677939	0.678018	0.678098	0.678205	0.678312	0.678409	0.678506	0.678565	0.678623	0.678771	0.678919	0.678936	0.678953	0.679105	0.679256	0.679233	0.67921	0.679339	
0.679649	0.679799	0.679762	0.679724	0.679834	0.679944	0.679935	0.679926	0.679877	0.679827	0.679841	0.679855	0.679711	0.679566	0.679553	0.679541	0.67932	0.6791	0.679084	0.679068	0.678693	0.678319	0.67819	0.678062	0.677286	0.67651	0.676039	0.675568	0.675092	0.674615	0.672531	0.670446	0.673304	0.676163	0.684583	0.693004	0.688301	0.683598	0.680027	0.676457	0.676918	0.677379	0.678028	0.678678	0.678692	0.678705	0.678573	0.678441	0.678494	0.678548	0.678629	0.678709	0.678799	0.678889	0.678921	0.678952	0.679102	0.679251	0.679248	0.679245	0.679408	0.679571	0.679535	0.679499	0.679649	
0.679862	0.680013	0.679971	0.67993	0.680045	0.68016	0.680142	0.680124	0.680086	0.680049	0.680054	0.68006	0.679928	0.679796	0.679786	0.679776	0.679568	0.679361	0.67935	0.679339	0.679022	0.678706	0.678609	0.678512	0.677892	0.677272	0.676887	0.676501	0.675992	0.675482	0.67254	0.669598	0.671443	0.673289	0.683035	0.692782	0.688219	0.683656	0.680314	0.676972	0.677336	0.6777	0.678438	0.679176	0.679161	0.679147	0.679009	0.67887	0.678906	0.678941	0.678999	0.679056	0.679136	0.679215	0.679227	0.679239	0.679376	0.679513	0.679498	0.679483	0.679636	0.67979	0.67975	0.679711	0.679862	
0.680074	0.680226	0.680181	0.680135	0.680255	0.680375	0.680349	0.680322	0.680296	0.680271	0.680267	0.680264	0.680145	0.680026	0.680019	0.680011	0.679816	0.679622	0.679616	0.67961	0.679352	0.679094	0.679028	0.678962	0.678498	0.678034	0.677734	0.677434	0.676892	0.676349	0.672549	0.668749	0.669582	0.670415	0.681486	0.692559	0.688136	0.683714	0.6806	0.677487	0.677754	0.678022	0.678847	0.679673	0.679631	0.679588	0.679444	0.6793	0.679317	0.679335	0.679369	0.679403	0.679472	0.679541	0.679534	0.679526	0.679651	0.679775	0.679747	0.67972	0.679865	0.68001	0.679966	0.679922	0.680074	
0.68017	0.680314	0.680267	0.680221	0.680337	0.680453	0.680418	0.680383	0.680369	0.680356	0.680339	0.680321	0.680218	0.680114	0.680101	0.680089	0.679913	0.679737	0.679725	0.679713	0.679503	0.679293	0.679221	0.679148	0.678794	0.678439	0.678392	0.678345	0.677576	0.676807	0.669524	0.66224	0.662837	0.663434	0.67712	0.690807	0.686151	0.681494	0.679512	0.67753	0.6779	0.678269	0.67913	0.679991	0.679917	0.679842	0.679705	0.679567	0.679579	0.679591	0.679608	0.679625	0.679683	0.679741	0.679722	0.679703	0.679811	0.679919	0.679886	0.679853	0.679981	0.680109	0.680067	0.680026	0.68017	
0.680265	0.680401	0.680354	0.680307	0.680419	0.680532	0.680488	0.680444	0.680442	0.680441	0.68041	0.680379	0.68029	0.680202	0.680184	0.680166	0.680009	0.679852	0.679834	0.679816	0.679654	0.679492	0.679413	0.679334	0.67909	0.678845	0.679051	0.679256	0.678261	0.676484	0.671715	0.652399	0.636858	0.65514	0.684243	0.691373	0.684705	0.679273	0.678423	0.677574	0.678045	0.678517	0.679413	0.680308	0.680202	0.680096	0.679966	0.679835	0.679841	0.679847	0.679847	0.679847	0.679894	0.67994	0.67991	0.67988	0.679972	0.680064	0.680025	0.679986	0.680097	0.680208	0.680169	0.68013	0.680265	
0.680188	0.680262	0.680228	0.680193	0.680261	0.680328	0.680284	0.680239	0.680263	0.680286	0.680237	0.680188	0.680166	0.680144	0.680114	0.680084	0.679964	0.679844	0.679819	0.679793	0.679662	0.679531	0.679412	0.679294	0.679128	0.678962	0.679359	0.679757	0.680088	0.678238	0.671788	0.646088	0.630967	0.654823	0.683278	0.687462	0.681565	0.678335	0.677987	0.67764	0.678342	0.679044	0.679742	0.680441	0.680313	0.680185	0.680063	0.679941	0.679948	0.679956	0.679946	0.679936	0.679974	0.680013	0.679978	0.679943	0.680012	0.68008	0.680043	0.680006	0.680091	0.680176	0.680145	0.680114	0.680188	
0.680111	0.680124	0.680102	0.68008	0.680102	0.680124	0.680079	0.680035	0.680083	0.680131	0.680064	0.679998	0.680041	0.680085	0.680044	0.680003	0.67992	0.679836	0.679804	0.679771	0.679671	0.67957	0.679412	0.679254	0.679166	0.679079	0.679668	0.680257	0.681915	0.683901	0.677326	0.648941	0.636521	0.6594	0.68341	0.686061	0.680156	0.677397	0.677551	0.677706	0.678638	0.67957	0.680072	0.680574	0.680423	0.680273	0.68016	0.680046	0.680055	0.680064	0.680045	0.680025	0.680055	0.680085	0.680045	0.680006	0.680052	0.680097	0.680062	0.680026	0.680085	0.680143	0.680121	0.680098	0.680111	
0.679787	0.679787	0.679779	0.679771	0.679779	0.679787	0.679757	0.679728	0.679756	0.679785	0.679738	0.679692	0.679709	0.679726	0.679686	0.679646	0.67959	0.679534	0.67948	0.679425	0.679357	0.679288	0.678984	0.67868	0.678514	0.678348	0.679501	0.680655	0.683888	0.690448	0.685252	0.658498	0.648205	0.667745	0.686969	0.686361	0.679761	0.677456	0.677846	0.678236	0.679071	0.679906	0.680136	0.680365	0.680217	0.680069	0.680027	0.679985	0.680002	0.680018	0.679978	0.679938	0.679928	0.679919	0.679878	0.679836	0.679837	0.679839	0.679812	0.679786	0.679794	0.679803	0.679795	0.679787	0.679787	
0.679463	0.67945	0.679456	0.679462	0.679456	0.67945	0.679436	0.679421	0.67943	0.679439	0.679412	0.679386	0.679376	0.679366	0.679328	0.67929	0.67926	0.679231	0.679155	0.67908	0.679043	0.679006	0.678556	0.678107	0.677861	0.677616	0.679334	0.681053	0.685861	0.694183	0.69125	0.668074	0.659592	0.680173	0.694813	0.687215	0.679678	0.677516	0.67814	0.678765	0.679503	0.680242	0.680199	0.680156	0.68001	0.679864	0.679894	0.679924	0.679948	0.679973	0.679911	0.67985	0.679802	0.679753	0.679709	0.679666	0.679623	0.67958	0.679563	0.679545	0.679504	0.679463	0.67947	0.679476	0.679463	
0.679079	0.679036	0.679051	0.679066	0.679036	0.679006	0.679001	0.678996	0.679002	0.679009	0.678986	0.678964	0.678968	0.678973	0.678934	0.678896	0.678877	0.678857	0.678771	0.678685	0.678599	0.678514	0.678021	0.677528	0.677033	0.676537	0.678482	0.680426	0.685205	0.694831	0.692205	0.670577	0.667104	0.688047	0.702409	0.687377	0.679654	0.677859	0.678507	0.679156	0.679574	0.679992	0.679802	0.679611	0.679518	0.679425	0.679463	0.679501	0.679525	0.67955	0.67951	0.679471	0.679439	0.679408	0.679376	0.679344	0.679293	0.679241	0.679231	0.679221	0.679157	0.679094	0.679108	0.679122	0.679079	
0.678694	0.678622	0.678646	0.67867	0.678616	0.678562	0.678566	0.678571	0.678575	0.678578	0.67856	0.678542	0.678561	0.67858	0.678541	0.678502	0.678493	0.678484	0.678387	0.67829	0.678156	0.678022	0.677486	0.67695	0.676204	0.675458	0.677629	0.681219	0.686653	0.692732	0.698258	0.658765	0.686774	0.692855	0.701241	0.685918	0.679533	0.678201	0.678874	0.679547	0.679645	0.679742	0.679404	0.679066	0.679026	0.678986	0.679032	0.679079	0.679102	0.679126	0.679109	0.679092	0.679077	0.679063	0.679042	0.679022	0.678962	0.678902	0.678899	0.678896	0.678811	0.678725	0.678746	0.678767	0.678694	
0.678252	0.678171	0.678199	0.678228	0.678164	0.678101	0.678114	0.678128	0.678123	0.678117	0.678108	0.678098	0.678113	0.678127	0.678091	0.678055	0.678045	0.678035	0.67793	0.677825	0.677668	0.677511	0.676958	0.676404	0.675511	0.674617	0.676784	0.680045	0.685293	0.688161	0.688757	0.70889	0.705643	0.704354	0.693761	0.682384	0.678335	0.678693	0.67893	0.679166	0.679114	0.679062	0.678881	0.678699	0.678652	0.678604	0.678637	0.67867	0.678686	0.678702	0.678685	0.678669	0.678651	0.678633	0.678617	0.678601	0.678536	0.678472	0.678473	0.678473	0.67838	0.678287	0.67831	0.678333	0.678252	
0.677809	0.67772	0.677753	0.677786	0.677713	0.67764	0.677662	0.677685	0.67767	0.677656	0.677655	0.677655	0.677664	0.677674	0.677641	0.677608	0.677597	0.677586	0.677474	0.677361	0.67718	0.677	0.676429	0.675859	0.674817	0.673775	0.675939	0.678132	0.683524	0.684019	0.68751	0.721137	0.712338	0.706804	0.685084	0.678081	0.6775	0.679128	0.679379	0.678785	0.678584	0.678382	0.678357	0.678332	0.678277	0.678222	0.678242	0.678261	0.67827	0.678278	0.678262	0.678245	0.678225	0.678204	0.678192	0.678179	0.67811	0.678041	0.678046	0.678051	0.67795	0.677849	0.677874	0.677899	0.677809	
0.677408	0.677327	0.677357	0.677388	0.677318	0.677249	0.677275	0.677302	0.677281	0.67726	0.677265	0.677271	0.677271	0.67727	0.677243	0.677215	0.677188	0.677161	0.677051	0.676941	0.676732	0.676523	0.675988	0.675453	0.674335	0.673216	0.675312	0.676664	0.68277	0.684058	0.677516	0.699173	0.70214	0.70308	0.679689	0.674485	0.677001	0.678694	0.678167	0.677852	0.677898	0.677945	0.677937	0.677928	0.677848	0.677768	0.677772	0.677777	0.677788	0.677798	0.677786	0.677774	0.677764	0.677754	0.677744	0.677734	0.677677	0.677621	0.677624	0.677628	0.677539	0.67745	0.677469	0.677489	0.677408	
0.677007	0.676935	0.676962	0.67699	0.676924	0.676859	0.676888	0.676918	0.676891	0.676863	0.676875	0.676888	0.676877	0.676866	0.676844	0.676821	0.676779	0.676737	0.676629	0.676522	0.676284	0.676046	0.675546	0.675046	0.673852	0.672657	0.674685	0.675083	0.680748	0.68465	0.680535	0.687809	0.699507	0.685769	0.674943	0.672859	0.675837	0.6766	0.676443	0.676918	0.677213	0.677508	0.677516	0.677525	0.677419	0.677313	0.677303	0.677293	0.677306	0.677318	0.677311	0.677303	0.677303	0.677303	0.677296	0.677288	0.677244	0.6772	0.677203	0.677205	0.677127	0.67705	0.677065	0.677079	0.677007	
0.676721	0.67667	0.67669	0.67671	0.676658	0.676607	0.676635	0.676663	0.676633	0.676602	0.676618	0.676633	0.67661	0.676586	0.676569	0.676552	0.676496	0.676439	0.676344	0.676249	0.676029	0.67581	0.675345	0.67488	0.673838	0.672795	0.67348	0.67217	0.675032	0.679982	0.682941	0.683323	0.68734	0.680249	0.674767	0.673372	0.675598	0.676645	0.676469	0.676449	0.676697	0.676945	0.676986	0.677027	0.676953	0.676878	0.676873	0.676868	0.676887	0.676906	0.676902	0.676897	0.676911	0.676926	0.676918	0.67691	0.676888	0.676867	0.676865	0.676862	0.676811	0.676759	0.676765	0.676771	0.676721	
0.676434	0.676406	0.676418	0.676431	0.676393	0.676355	0.676382	0.676409	0.676375	0.676341	0.67636	0.676378	0.676342	0.676307	0.676295	0.676283	0.676213	0.676142	0.676059	0.675977	0.675775	0.675573	0.675143	0.674713	0.673823	0.672934	0.672274	0.67032	0.669334	0.671337	0.674794	0.683714	0.686181	0.681196	0.67725	0.675322	0.676495	0.677494	0.676873	0.67598	0.676182	0.676383	0.676456	0.676529	0.676486	0.676444	0.676443	0.676442	0.676468	0.676494	0.676492	0.67649	0.676519	0.676549	0.67654	0.676532	0.676533	0.676533	0.676526	0.67652	0.676494	0.676468	0.676465	0.676462	0.676434	
0.676284	0.676276	0.676282	0.676288	0.676263	0.676239	0.676262	0.676286	0.676252	0.676217	0.676236	0.676256	0.676209	0.676162	0.676156	0.67615	0.676064	0.675978	0.675914	0.675851	0.675651	0.675451	0.67514	0.67483	0.674071	0.673313	0.67222	0.671138	0.668717	0.667045	0.669225	0.68039	0.686247	0.68485	0.680739	0.679244	0.679359	0.678751	0.677398	0.675553	0.675717	0.675882	0.676002	0.676123	0.676126	0.67613	0.676145	0.676159	0.676195	0.676231	0.676232	0.676232	0.676274	0.676317	0.676307	0.676298	0.676318	0.676339	0.676327	0.676316	0.676314	0.676312	0.676302	0.676292	0.676284	
0.676135	0.676147	0.676146	0.676145	0.676134	0.676122	0.676143	0.676164	0.676128	0.676093	0.676113	0.676133	0.676076	0.676018	0.676018	0.676017	0.675915	0.675814	0.67577	0.675726	0.675527	0.675328	0.675137	0.674946	0.674319	0.673692	0.672166	0.67064	0.669754	0.668388	0.666981	0.672262	0.683525	0.687695	0.684579	0.683751	0.682787	0.679898	0.677512	0.675126	0.675253	0.67538	0.675548	0.675716	0.675766	0.675817	0.675846	0.675876	0.675922	0.675968	0.675971	0.675974	0.67603	0.676085	0.676075	0.676064	0.676104	0.676144	0.676128	0.676113	0.676135	0.676156	0.676139	0.676122	0.676135	
0.676105	0.676138	0.676131	0.676123	0.676124	0.676126	0.676142	0.676158	0.676123	0.676089	0.676106	0.676124	0.676055	0.675987	0.675988	0.67599	0.67588	0.675769	0.675732	0.675694	0.675502	0.675309	0.675173	0.675037	0.674582	0.674127	0.673125	0.672123	0.670717	0.670011	0.668738	0.670993	0.679306	0.686626	0.687518	0.686816	0.683861	0.67843	0.676647	0.674865	0.675017	0.67517	0.675363	0.675556	0.67562	0.675684	0.675722	0.675759	0.67581	0.67586	0.675864	0.675867	0.675931	0.675994	0.675982	0.675971	0.676023	0.676074	0.676056	0.676038	0.676077	0.676116	0.676094	0.676072	0.676105	
0.676076	0.67613	0.676115	0.676101	0.676115	0.676129	0.676141	0.676153	0.676119	0.676084	0.676099	0.676114	0.676035	0.675955	0.675959	0.675963	0.675844	0.675725	0.675694	0.675663	0.675477	0.67529	0.675208	0.675127	0.674844	0.674562	0.674084	0.673606	0.671681	0.669756	0.668473	0.66719	0.673711	0.681091	0.685311	0.684674	0.681374	0.676963	0.675783	0.674604	0.674782	0.67496	0.675178	0.675396	0.675474	0.675551	0.675597	0.675643	0.675697	0.675752	0.675757	0.675761	0.675832	0.675902	0.67589	0.675877	0.675941	0.676005	0.675984	0.675964	0.67602	0.676076	0.676049	0.676022	0.676076	
0.676261	0.676325	0.676309	0.676294	0.676318	0.676343	0.676348	0.676353	0.676324	0.676294	0.676307	0.676319	0.676238	0.676158	0.676167	0.676176	0.676049	0.675922	0.675909	0.675896	0.675713	0.67553	0.675476	0.675422	0.675173	0.674923	0.674604	0.674285	0.673245	0.672206	0.671322	0.670439	0.673172	0.675853	0.678447	0.678314	0.677102	0.67518	0.67504	0.6749	0.675047	0.675194	0.67537	0.675546	0.675588	0.675631	0.675671	0.67571	0.675768	0.675825	0.675831	0.675837	0.675921	0.676005	0.675988	0.675971	0.676058	0.676145	0.676123	0.6761	0.676175	0.676249	0.676223	0.676196	0.676261	
0.676446	0.676521	0.676504	0.676486	0.676522	0.676557	0.676556	0.676554	0.676529	0.676504	0.676514	0.676523	0.676442	0.676361	0.676375	0.676389	0.676254	0.676119	0.676124	0.67613	0.67595	0.67577	0.675744	0.675717	0.675501	0.675284	0.675124	0.674964	0.67481	0.674656	0.674172	0.673689	0.672634	0.671579	0.671713	0.671847	0.672622	0.673398	0.674297	0.675196	0.675312	0.675427	0.675561	0.675695	0.675703	0.675711	0.675744	0.675777	0.675838	0.675899	0.675905	0.675912	0.67601	0.676108	0.676086	0.676065	0.676175	0.676285	0.676261	0.676237	0.67633	0.676423	0.676397	0.676371	0.676446	
0.676643	0.676708	0.676696	0.676684	0.676716	0.676748	0.676746	0.676745	0.676723	0.676701	0.676709	0.676718	0.676644	0.67657	0.676584	0.676598	0.676477	0.676356	0.676361	0.676367	0.676213	0.67606	0.67604	0.67602	0.675844	0.675668	0.67556	0.675452	0.675292	0.675132	0.674819	0.674506	0.673905	0.673303	0.673436	0.673568	0.674041	0.674514	0.67506	0.675605	0.67569	0.675774	0.675875	0.675976	0.675992	0.676008	0.676041	0.676073	0.676123	0.676173	0.676176	0.676179	0.67626	0.67634	0.676322	0.676304	0.676397	0.676489	0.67647	0.67645	0.676533	0.676615	0.676597	0.676578	0.676643	
0.67684	0.676895	0.676888	0.676882	0.67691	0.676939	0.676937	0.676936	0.676917	0.676898	0.676905	0.676912	0.676846	0.676779	0.676793	0.676807	0.6767	0.676593	0.676598	0.676603	0.676476	0.676349	0.676336	0.676323	0.676188	0.676052	0.675996	0.675941	0.675774	0.675608	0.675465	0.675323	0.675176	0.675028	0.675159	0.675289	0.67546	0.67563	0.675822	0.676015	0.676068	0.676122	0.67619	0.676258	0.676281	0.676305	0.676337	0.676369	0.676408	0.676447	0.676447	0.676447	0.676509	0.676571	0.676558	0.676544	0.676618	0.676693	0.676678	0.676662	0.676735	0.676808	0.676796	0.676785	0.67684	
0.677064	0.677097	0.6771	0.677102	0.677121	0.67714	0.677141	0.677143	0.677126	0.67711	0.677117	0.677124	0.677072	0.677019	0.677032	0.677044	0.67696	0.676877	0.67688	0.676883	0.676787	0.676691	0.676676	0.676661	0.676564	0.676467	0.676404	0.676342	0.676231	0.676119	0.675992	0.675864	0.675774	0.675683	0.675784	0.675884	0.676015	0.676147	0.676289	0.676432	0.67647	0.676508	0.676569	0.676629	0.676647	0.676666	0.676691	0.676717	0.676744	0.676772	0.676771	0.676771	0.676816	0.676861	0.676851	0.67684	0.676894	0.676948	0.67694	0.676931	0.676982	0.677032	0.677032	0.677031	0.677064	
0.677288	0.677299	0.677311	0.677322	0.677332	0.677341	0.677345	0.67735	0.677336	0.677323	0.67733	0.677337	0.677298	0.677259	0.67727	0.677281	0.677221	0.677161	0.677162	0.677162	0.677098	0.677034	0.677016	0.676999	0.67694	0.676882	0.676812	0.676742	0.676687	0.676631	0.676519	0.676406	0.676372	0.676338	0.676409	0.676479	0.676571	0.676663	0.676757	0.67685	0.676872	0.676894	0.676947	0.677	0.677014	0.677027	0.677045	0.677064	0.67708	0.677097	0.677096	0.677095	0.677122	0.67715	0.677144	0.677137	0.67717	0.677203	0.677201	0.6772	0.677228	0.677257	0.677267	0.677277	0.677288	
0.67748	0.677465	0.677485	0.677505	0.677503	0.677501	0.67751	0.677519	0.677508	0.677497	0.677505	0.677513	0.677491	0.677469	0.677477	0.677485	0.677455	0.677426	0.67742	0.677414	0.677388	0.677362	0.677338	0.677314	0.677298	0.677283	0.677225	0.677168	0.677149	0.677129	0.677047	0.676965	0.676959	0.676952	0.676994	0.677035	0.677103	0.677172	0.677231	0.677291	0.677313	0.677336	0.677364	0.677393	0.677398	0.677404	0.677414	0.677424	0.677426	0.677428	0.677426	0.677425	0.677429	0.677434	0.677433	0.677431	0.677436	0.67744	0.677447	0.677453	0.677453	0.677453	0.677474	0.677495	0.67748	
0.677671	0.67763	0.677659	0.677689	0.677675	0.677661	0.677674	0.677688	0.677679	0.677671	0.67768	0.677689	0.677684	0.677678	0.677683	0.677688	0.677689	0.67769	0.677678	0.677666	0.677678	0.67769	0.677659	0.677629	0.677656	0.677684	0.677639	0.677593	0.677611	0.677628	0.677576	0.677525	0.677546	0.677567	0.677579	0.67759	0.677635	0.67768	0.677706	0.677732	0.677754	0.677777	0.677781	0.677786	0.677783	0.677781	0.677782	0.677784	0.677771	0.677759	0.677757	0.677755	0.677736	0.677718	0.677721	0.677725	0.677702	0.677678	0.677693	0.677707	0.677678	0.677649	0.67768	0.677712	0.677671	
0.677814	0.677754	0.677789	0.677824	0.677801	0.677778	0.677796	0.677813	0.677807	0.6778	0.67781	0.677821	0.677828	0.677836	0.677839	0.677841	0.677866	0.67789	0.677873	0.677856	0.677897	0.677937	0.677898	0.677858	0.677914	0.67797	0.677914	0.677858	0.677899	0.67794	0.677875	0.677809	0.677853	0.677898	0.677891	0.677884	0.677947	0.67801	0.678019	0.678029	0.678056	0.678084	0.678078	0.678073	0.678068	0.678062	0.678059	0.678055	0.678033	0.67801	0.678009	0.678007	0.677971	0.677936	0.677944	0.677951	0.677906	0.67786	0.67788	0.677899	0.677849	0.677798	0.677837	0.677875	0.677814	
0.677957	0.677877	0.677918	0.67796	0.677928	0.677895	0.677917	0.677939	0.677934	0.677929	0.677941	0.677952	0.677973	0.677993	0.677994	0.677994	0.678043	0.678091	0.678069	0.678047	0.678116	0.678185	0.678136	0.678088	0.678172	0.678256	0.678189	0.678122	0.678187	0.678253	0.678173	0.678093	0.67816	0.678228	0.678203	0.678177	0.678259	0.67834	0.678333	0.678325	0.678358	0.678391	0.678375	0.678359	0.678352	0.678344	0.678335	0.678327	0.678294	0.678261	0.67826	0.67826	0.678207	0.678154	0.678166	0.678178	0.67811	0.678043	0.678067	0.678092	0.67802	0.677948	0.677993	0.678037	0.677957	
0.678051	0.677964	0.678007	0.678051	0.678013	0.677974	0.677998	0.678022	0.678018	0.678015	0.678027	0.678039	0.678069	0.678098	0.678096	0.678095	0.678153	0.678211	0.678189	0.678167	0.678248	0.678328	0.678278	0.678228	0.678325	0.678422	0.678353	0.678283	0.67836	0.678436	0.678359	0.678282	0.678357	0.678431	0.678399	0.678366	0.678445	0.678524	0.678505	0.678486	0.678527	0.678568	0.678545	0.678522	0.678512	0.678502	0.678491	0.678479	0.678441	0.678403	0.678403	0.678402	0.678341	0.67828	0.678294	0.678307	0.678231	0.678155	0.678181	0.678206	0.678128	0.67805	0.678094	0.678138	0.678051	
0.678144	0.67805	0.678096	0.678142	0.678098	0.678053	0.678079	0.678106	0.678103	0.6781	0.678113	0.678126	0.678164	0.678202	0.678199	0.678195	0.678263	0.678331	0.678309	0.678287	0.678379	0.678472	0.67842	0.678367	0.678478	0.678588	0.678516	0.678445	0.678532	0.678619	0.678546	0.678472	0.678553	0.678634	0.678595	0.678555	0.678631	0.678708	0.678678	0.678647	0.678696	0.678745	0.678715	0.678685	0.678673	0.678661	0.678646	0.678631	0.678588	0.678545	0.678545	0.678545	0.678475	0.678406	0.678422	0.678437	0.678353	0.678268	0.678294	0.678319	0.678236	0.678152	0.678195	0.678238	0.678144	
0.678201	0.67812	0.678158	0.678197	0.678159	0.678121	0.678144	0.678167	0.678165	0.678163	0.678175	0.678187	0.67822	0.678253	0.678251	0.678249	0.678307	0.678366	0.678349	0.678331	0.678412	0.678493	0.67845	0.678406	0.678505	0.678604	0.67854	0.678476	0.678558	0.678639	0.678571	0.678504	0.67858	0.678655	0.678617	0.678579	0.678651	0.678723	0.678693	0.678663	0.678706	0.678749	0.67872	0.678691	0.678681	0.678672	0.678658	0.678644	0.678604	0.678565	0.678565	0.678566	0.678499	0.678433	0.678449	0.678465	0.678388	0.678312	0.678334	0.678356	0.678283	0.678209	0.678245	0.678282	0.678201	
0.678257	0.678189	0.67822	0.678251	0.67822	0.678189	0.678209	0.678228	0.678227	0.678226	0.678237	0.678248	0.678276	0.678304	0.678304	0.678304	0.678352	0.678401	0.678388	0.678376	0.678446	0.678515	0.67848	0.678444	0.678532	0.67862	0.678564	0.678508	0.678584	0.678659	0.678597	0.678535	0.678606	0.678676	0.67864	0.678603	0.678671	0.678739	0.678709	0.67868	0.678717	0.678754	0.678725	0.678697	0.67869	0.678683	0.67867	0.678657	0.678621	0.678584	0.678586	0.678587	0.678523	0.678459	0.678476	0.678492	0.678424	0.678355	0.678374	0.678394	0.67833	0.678266	0.678296	0.678325	0.678257	
0.678306	0.678263	0.678282	0.678301	0.678282	0.678263	0.678275	0.678288	0.678287	0.678287	0.678294	0.6783	0.678318	0.678336	0.678336	0.678336	0.67837	0.678403	0.678394	0.678385	0.67843	0.678475	0.678457	0.678439	0.678488	0.678538	0.678513	0.678487	0.678526	0.678565	0.678537	0.678509	0.678543	0.678578	0.678557	0.678537	0.678574	0.678611	0.678593	0.678575	0.678596	0.678616	0.678598	0.678581	0.678576	0.678572	0.678564	0.678556	0.678534	0.678512	0.678513	0.678513	0.678476	0.678439	0.678447	0.678456	0.678413	0.678369	0.678383	0.678396	0.678354	0.678312	0.67833	0.678348	0.678306	
0.678355	0.678338	0.678345	0.678352	0.678345	0.678337	0.678342	0.678347	0.678347	0.678348	0.67835	0.678353	0.678361	0.678369	0.678369	0.678369	0.678387	0.678405	0.6784	0.678394	0.678414	0.678434	0.678433	0.678433	0.678445	0.678456	0.678461	0.678466	0.678468	0.678471	0.678477	0.678483	0.678481	0.678479	0.678474	0.67847	0.678477	0.678484	0.678477	0.67847	0.678474	0.678479	0.678472	0.678465	0.678463	0.678461	0.678458	0.678454	0.678447	0.67844	0.67844	0.678439	0.678429	0.678418	0.678419	0.67842	0.678401	0.678383	0.678391	0.678399	0.678378	0.678358	0.678365	0.678371	0.678355	
0.678382	0.678382	0.678382	0.678382	0.678382	0.678382	0.678382	0.678382	0.678382	0.678382	0.678382	0.678382	0.678382	0.678382	0.678382	0.678382	0.678382	0.678382	0.678382	0.678382	0.678382	0.678382	0.678382	0.678382	0.678382	0.678382	0.678382	0.678382	0.678382	0.678382	0.678382	0.678382	0.678382	0.678382	0.678382	0.678382	0.678382	0.678382	0.678382	0.678382	0.678382	0.678382	0.678382	0.678382	0.678382	0.678382	0.678382	0.678382	0.678382	0.678382	0.678382	0.678382	0.678382	0.678382	0.678382	0.678382	0.678382	0.678382	0.678382	0.678382	0.678382	0.678382	0.678382	0.678382	0.678382	
