x=200	y=105	z=200	n=65	len=1
b
0.791445	0.791445	0.791445	0.791445	0.791445	0.791445	0.791445	0.791445	0.791445	0.791445	0.791445	0.791445	0.791445	0.791445	0.791445	0.791445	0.791445	0.791445	0.791445	0.791445	0.791445	0.791445	0.791445	0.791445	0.791445	0.791445	0.791445	0.791445	0.791445	0.791445	0.791445	0.791445	0.791445	0.791445	0.791445	0.791445	0.791445	0.791445	0.791445	0.791445	0.791445	0.791445	0.791445	0.791445	0.791445	0.791445	0.791445	0.791445	0.791445	0.791445	0.791445	0.791445	0.791445	0.791445	0.791445	0.791445	0.791445	0.791445	0.791445	0.791445	0.791445	0.791445	0.791445	0.791445	0.791445	
0.791448	0.79145	0.791449	0.791448	0.791448	0.791449	0.791448	0.791448	0.791448	0.791449	0.791448	0.791448	0.791449	0.791449	0.791449	0.791448	0.791449	0.791449	0.791449	0.791449	0.791449	0.79145	0.791449	0.791449	0.79145	0.79145	0.79145	0.791449	0.79145	0.79145	0.79145	0.79145	0.79145	0.79145	0.79145	0.791449	0.79145	0.79145	0.79145	0.791449	0.79145	0.79145	0.791449	0.791449	0.791449	0.79145	0.791449	0.791449	0.791449	0.791449	0.791449	0.791449	0.791449	0.791449	0.791449	0.791448	0.791448	0.791449	0.791448	0.791448	0.791448	0.791448	0.791448	0.791447	0.791448	
0.791455	0.791458	0.791456	0.791455	0.791455	0.791456	0.791455	0.791454	0.791455	0.791456	0.791455	0.791454	0.791456	0.791457	0.791456	0.791455	0.791457	0.791458	0.791458	0.791457	0.791458	0.79146	0.791459	0.791458	0.791459	0.79146	0.791459	0.791458	0.79146	0.791461	0.79146	0.791459	0.79146	0.791461	0.79146	0.791459	0.79146	0.791461	0.79146	0.791458	0.791459	0.79146	0.791459	0.791458	0.791458	0.791459	0.791458	0.791457	0.791457	0.791458	0.791457	0.791456	0.791457	0.791457	0.791456	0.791455	0.791456	0.791456	0.791455	0.791454	0.791455	0.791455	0.791454	0.791452	0.791455	
0.791462	0.791467	0.791464	0.791461	0.791462	0.791463	0.791462	0.79146	0.791462	0.791464	0.791462	0.791461	0.791463	0.791466	0.791464	0.791462	0.791465	0.791467	0.791466	0.791465	0.791467	0.791469	0.791468	0.791466	0.791469	0.791471	0.791469	0.791467	0.791469	0.791471	0.79147	0.791468	0.79147	0.791471	0.79147	0.791468	0.791469	0.791471	0.791469	0.791467	0.791469	0.79147	0.791468	0.791466	0.791467	0.791469	0.791467	0.791465	0.791466	0.791467	0.791465	0.791463	0.791464	0.791466	0.791464	0.791462	0.791463	0.791464	0.791462	0.79146	0.791461	0.791461	0.791459	0.791457	0.791462	
0.79147	0.791475	0.791472	0.791468	0.79147	0.791471	0.791469	0.791467	0.79147	0.791472	0.79147	0.791468	0.791471	0.791474	0.791472	0.79147	0.791474	0.791477	0.791475	0.791473	0.791476	0.79148	0.791478	0.791476	0.791479	0.791481	0.79148	0.791478	0.79148	0.791483	0.791481	0.791478	0.791481	0.791483	0.791481	0.791478	0.79148	0.791482	0.79148	0.791477	0.791479	0.791481	0.791478	0.791476	0.791477	0.791479	0.791476	0.791473	0.791475	0.791476	0.791474	0.791471	0.791473	0.791474	0.791472	0.791469	0.791471	0.791472	0.79147	0.791468	0.791468	0.791469	0.791466	0.791464	0.79147	
0.791477	0.791484	0.79148	0.791476	0.791477	0.791479	0.791477	0.791475	0.791477	0.79148	0.791478	0.791476	0.79148	0.791483	0.791481	0.791479	0.791482	0.791486	0.791484	0.791482	0.791486	0.79149	0.791488	0.791486	0.791489	0.791492	0.79149	0.791488	0.791491	0.791494	0.791492	0.791489	0.791492	0.791494	0.791492	0.791489	0.791491	0.791493	0.79149	0.791487	0.791489	0.791491	0.791488	0.791485	0.791487	0.791489	0.791485	0.791482	0.791484	0.791485	0.791482	0.791479	0.791481	0.791483	0.79148	0.791477	0.791479	0.79148	0.791478	0.791475	0.791476	0.791476	0.791473	0.79147	0.791477	
0.791484	0.791491	0.791487	0.791482	0.791484	0.791486	0.791483	0.791481	0.791484	0.791487	0.791485	0.791483	0.791487	0.791491	0.791488	0.791486	0.79149	0.791495	0.791492	0.79149	0.791494	0.791499	0.791496	0.791494	0.791498	0.791502	0.791499	0.791497	0.7915	0.791503	0.791501	0.791498	0.791501	0.791504	0.791501	0.791498	0.7915	0.791503	0.791499	0.791496	0.791498	0.7915	0.791497	0.791493	0.791495	0.791497	0.791494	0.79149	0.791492	0.791493	0.79149	0.791487	0.791489	0.79149	0.791487	0.791484	0.791486	0.791487	0.791485	0.791482	0.791483	0.791483	0.79148	0.791476	0.791484	
0.79149	0.791499	0.791494	0.791489	0.791491	0.791492	0.79149	0.791488	0.791491	0.791495	0.791492	0.79149	0.791494	0.791498	0.791496	0.791494	0.791498	0.791503	0.791501	0.791498	0.791503	0.791507	0.791505	0.791502	0.791507	0.791511	0.791508	0.791505	0.791509	0.791513	0.79151	0.791507	0.79151	0.791513	0.79151	0.791506	0.791509	0.791512	0.791508	0.791505	0.791507	0.79151	0.791506	0.791502	0.791504	0.791506	0.791502	0.791498	0.7915	0.791502	0.791498	0.791494	0.791496	0.791498	0.791494	0.791491	0.791493	0.791495	0.791492	0.791489	0.791489	0.79149	0.791486	0.791482	0.79149	
0.791496	0.791505	0.7915	0.791495	0.791497	0.791499	0.791497	0.791494	0.791498	0.791502	0.791499	0.791497	0.791502	0.791506	0.791504	0.791502	0.791506	0.791511	0.791509	0.791507	0.791512	0.791516	0.791514	0.791512	0.791516	0.791521	0.791518	0.791516	0.79152	0.791524	0.791521	0.791518	0.791521	0.791525	0.791521	0.791517	0.79152	0.791523	0.791519	0.791515	0.791517	0.791519	0.791515	0.791511	0.791513	0.791514	0.79151	0.791506	0.791508	0.791509	0.791506	0.791502	0.791503	0.791505	0.791502	0.791498	0.7915	0.791501	0.791498	0.791496	0.791496	0.791497	0.791493	0.791488	0.791496	
0.791503	0.791511	0.791506	0.791502	0.791504	0.791506	0.791503	0.791501	0.791505	0.791509	0.791507	0.791504	0.791509	0.791513	0.791511	0.791509	0.791514	0.791519	0.791517	0.791516	0.791521	0.791525	0.791524	0.791522	0.791526	0.791531	0.791529	0.791527	0.791531	0.791535	0.791532	0.79153	0.791533	0.791536	0.791532	0.791529	0.791531	0.791533	0.791529	0.791525	0.791527	0.791529	0.791524	0.79152	0.791522	0.791523	0.791519	0.791515	0.791516	0.791517	0.791513	0.791509	0.791511	0.791512	0.791509	0.791505	0.791507	0.791508	0.791505	0.791502	0.791503	0.791503	0.791499	0.791495	0.791503	
0.791507	0.791513	0.791509	0.791505	0.791507	0.791509	0.791507	0.791505	0.791509	0.791513	0.791511	0.791509	0.791513	0.791518	0.791516	0.791514	0.791519	0.791524	0.791522	0.79152	0.791525	0.79153	0.791528	0.791526	0.791531	0.791535	0.791533	0.791531	0.791535	0.791539	0.791536	0.791534	0.791537	0.79154	0.791537	0.791533	0.791535	0.791538	0.791534	0.791529	0.791531	0.791533	0.791529	0.791525	0.791526	0.791527	0.791523	0.791519	0.79152	0.791521	0.791518	0.791514	0.791515	0.791516	0.791513	0.79151	0.791511	0.791512	0.791509	0.791507	0.791507	0.791507	0.791504	0.7915	0.791507	
0.791511	0.791516	0.791513	0.791509	0.791511	0.791513	0.791511	0.79151	0.791513	0.791517	0.791515	0.791514	0.791518	0.791522	0.791521	0.791519	0.791524	0.791528	0.791526	0.791525	0.791529	0.791534	0.791532	0.791531	0.791535	0.791539	0.791537	0.791536	0.791539	0.791543	0.791541	0.791538	0.791541	0.791544	0.791541	0.791537	0.79154	0.791542	0.791538	0.791534	0.791535	0.791537	0.791533	0.791529	0.79153	0.791531	0.791528	0.791524	0.791525	0.791525	0.791522	0.791519	0.791519	0.79152	0.791517	0.791514	0.791515	0.791516	0.791514	0.791511	0.791511	0.791512	0.791509	0.791506	0.791511	
0.791514	0.791518	0.791515	0.791512	0.791514	0.791516	0.791515	0.791513	0.791517	0.79152	0.791519	0.791518	0.791522	0.791526	0.791525	0.791524	0.791528	0.791532	0.791531	0.791531	0.791535	0.791539	0.791539	0.791538	0.791542	0.791546	0.791546	0.791545	0.791549	0.791553	0.791551	0.79155	0.791553	0.791555	0.791552	0.791548	0.791549	0.79155	0.791546	0.791542	0.791543	0.791543	0.791539	0.791535	0.791535	0.791536	0.791532	0.791529	0.791529	0.791529	0.791526	0.791523	0.791523	0.791523	0.791521	0.791518	0.791519	0.791519	0.791517	0.791515	0.791515	0.791515	0.791513	0.79151	0.791514	
0.791517	0.79152	0.791518	0.791515	0.791517	0.791519	0.791518	0.791517	0.79152	0.791523	0.791523	0.791522	0.791526	0.791529	0.791529	0.791528	0.791532	0.791536	0.791536	0.791536	0.79154	0.791544	0.791545	0.791545	0.791549	0.791553	0.791554	0.791555	0.791559	0.791562	0.791562	0.791562	0.791565	0.791567	0.791562	0.791558	0.791559	0.791559	0.791554	0.79155	0.79155	0.79155	0.791545	0.791541	0.791541	0.79154	0.791537	0.791533	0.791533	0.791533	0.79153	0.791527	0.791527	0.791527	0.791524	0.791522	0.791522	0.791523	0.791521	0.791519	0.791519	0.791519	0.791517	0.791515	0.791517	
0.79152	0.791521	0.79152	0.791518	0.79152	0.791522	0.791521	0.79152	0.791523	0.791526	0.791526	0.791525	0.791529	0.791532	0.791532	0.791532	0.791535	0.791539	0.791539	0.79154	0.791544	0.791547	0.791548	0.791549	0.791553	0.791556	0.791557	0.791558	0.791561	0.791565	0.791564	0.791564	0.791566	0.791569	0.791565	0.791561	0.791561	0.791562	0.791558	0.791553	0.791553	0.791553	0.791549	0.791544	0.791544	0.791543	0.79154	0.791537	0.791536	0.791536	0.791533	0.79153	0.79153	0.791529	0.791527	0.791525	0.791525	0.791525	0.791523	0.791521	0.791522	0.791522	0.79152	0.791518	0.79152	
0.791522	0.791522	0.791521	0.79152	0.791522	0.791524	0.791524	0.791523	0.791526	0.791529	0.791529	0.791528	0.791532	0.791535	0.791535	0.791535	0.791539	0.791542	0.791543	0.791543	0.791547	0.791551	0.791552	0.791553	0.791556	0.79156	0.791561	0.791562	0.791564	0.791567	0.791566	0.791566	0.791568	0.79157	0.791567	0.791563	0.791564	0.791566	0.791561	0.791556	0.791556	0.791556	0.791552	0.791548	0.791547	0.791547	0.791543	0.79154	0.791539	0.791538	0.791536	0.791533	0.791532	0.791532	0.79153	0.791528	0.791528	0.791527	0.791526	0.791524	0.791525	0.791525	0.791524	0.791522	0.791522	
0.791525	0.791524	0.791524	0.791523	0.791525	0.791527	0.791526	0.791526	0.791529	0.791532	0.791532	0.791532	0.791535	0.791538	0.791539	0.791539	0.791543	0.791547	0.791548	0.791549	0.791553	0.791557	0.791559	0.791562	0.791566	0.79157	0.791574	0.791578	0.791583	0.791588	0.791592	0.791597	0.791599	0.791601	0.791593	0.791585	0.791583	0.791581	0.791574	0.791567	0.791566	0.791565	0.79156	0.791555	0.791553	0.791552	0.791548	0.791545	0.791543	0.791542	0.791539	0.791537	0.791536	0.791535	0.791533	0.791531	0.79153	0.79153	0.791529	0.791527	0.791528	0.791528	0.791527	0.791526	0.791525	
0.791528	0.791526	0.791526	0.791525	0.791527	0.79153	0.791529	0.791529	0.791532	0.791535	0.791535	0.791535	0.791538	0.791542	0.791543	0.791544	0.791547	0.791551	0.791553	0.791555	0.791559	0.791564	0.791567	0.791571	0.791576	0.791581	0.791587	0.791594	0.791601	0.791609	0.791618	0.791628	0.791629	0.791631	0.791619	0.791607	0.791601	0.791596	0.791587	0.791578	0.791576	0.791573	0.791567	0.791561	0.791559	0.791557	0.791553	0.791549	0.791548	0.791546	0.791543	0.79154	0.791539	0.791538	0.791536	0.791534	0.791533	0.791533	0.791531	0.79153	0.79153	0.791531	0.79153	0.791529	0.791528	
0.79153	0.791528	0.791528	0.791528	0.79153	0.791532	0.791532	0.791532	0.791535	0.791538	0.791538	0.791539	0.791542	0.791546	0.791547	0.791548	0.791552	0.791556	0.791558	0.791561	0.791565	0.79157	0.791574	0.791578	0.791582	0.791587	0.791594	0.791601	0.791606	0.791611	0.791618	0.791624	0.791627	0.791629	0.791618	0.791608	0.791606	0.791604	0.791594	0.791584	0.791582	0.791581	0.791574	0.791567	0.791565	0.791563	0.791559	0.791554	0.791552	0.79155	0.791547	0.791544	0.791543	0.791541	0.791539	0.791537	0.791536	0.791536	0.791534	0.791533	0.791533	0.791534	0.791533	0.791532	0.79153	
0.791533	0.791531	0.791531	0.791531	0.791533	0.791535	0.791535	0.791535	0.791538	0.791541	0.791542	0.791542	0.791546	0.79155	0.791551	0.791552	0.791557	0.791561	0.791564	0.791566	0.791571	0.791576	0.79158	0.791585	0.791589	0.791594	0.791601	0.791608	0.791611	0.791614	0.791617	0.791621	0.791624	0.791627	0.791618	0.791608	0.79161	0.791612	0.791601	0.791589	0.791589	0.791588	0.79158	0.791573	0.791571	0.791568	0.791564	0.791559	0.791556	0.791554	0.791551	0.791548	0.791546	0.791544	0.791542	0.79154	0.791539	0.791538	0.791537	0.791535	0.791536	0.791537	0.791536	0.791535	0.791533	
0.791537	0.791535	0.791535	0.791535	0.791537	0.79154	0.79154	0.79154	0.791543	0.791546	0.791547	0.791547	0.791552	0.791556	0.791558	0.791559	0.791565	0.79157	0.791574	0.791577	0.791584	0.79159	0.791597	0.791604	0.791611	0.791618	0.791632	0.791646	0.791659	0.791672	0.791699	0.791726	0.791729	0.791732	0.791699	0.791666	0.791658	0.79165	0.791632	0.791614	0.791611	0.791607	0.791597	0.791586	0.791583	0.79158	0.791574	0.791568	0.791565	0.791561	0.791558	0.791554	0.791552	0.79155	0.791547	0.791545	0.791544	0.791543	0.791541	0.791539	0.79154	0.79154	0.79154	0.791539	0.791537	
0.791541	0.791539	0.791539	0.791538	0.791541	0.791544	0.791544	0.791544	0.791548	0.791551	0.791552	0.791553	0.791558	0.791562	0.791565	0.791567	0.791573	0.791579	0.791584	0.791588	0.791596	0.791604	0.791613	0.791622	0.791632	0.791642	0.791664	0.791685	0.791708	0.791731	0.791781	0.791831	0.791833	0.791836	0.79178	0.791723	0.791706	0.791688	0.791664	0.791639	0.791632	0.791625	0.791613	0.7916	0.791595	0.791591	0.791584	0.791577	0.791573	0.791569	0.791565	0.791561	0.791558	0.791555	0.791552	0.79155	0.791548	0.791547	0.791545	0.791543	0.791544	0.791544	0.791543	0.791543	0.791541	
0.791546	0.791545	0.791544	0.791544	0.791547	0.79155	0.79155	0.79155	0.791554	0.791558	0.791559	0.79156	0.791565	0.791571	0.791573	0.791575	0.791583	0.79159	0.791595	0.7916	0.791608	0.791617	0.791627	0.791638	0.791647	0.791656	0.79168	0.791704	0.791713	0.791722	0.791766	0.79181	0.791814	0.791818	0.791764	0.79171	0.791709	0.791709	0.79168	0.791651	0.791646	0.791642	0.791627	0.791612	0.791607	0.791602	0.791595	0.791587	0.791582	0.791578	0.791573	0.791569	0.791565	0.791562	0.791559	0.791556	0.791555	0.791553	0.791551	0.791549	0.791549	0.79155	0.791549	0.791548	0.791546	
0.791552	0.791551	0.79155	0.79155	0.791553	0.791556	0.791556	0.791556	0.791561	0.791565	0.791566	0.791567	0.791573	0.791579	0.791582	0.791584	0.791592	0.7916	0.791606	0.791611	0.79162	0.79163	0.791642	0.791654	0.791662	0.79167	0.791697	0.791723	0.791718	0.791712	0.79175	0.791788	0.791794	0.7918	0.791748	0.791696	0.791713	0.79173	0.791696	0.791662	0.79166	0.791658	0.791641	0.791624	0.791619	0.791614	0.791605	0.791597	0.791592	0.791587	0.791582	0.791577	0.791573	0.791569	0.791566	0.791563	0.791561	0.791559	0.791557	0.791555	0.791555	0.791555	0.791554	0.791552	0.791552	
0.791559	0.791559	0.791558	0.791557	0.791561	0.791565	0.791564	0.791564	0.791569	0.791575	0.791575	0.791576	0.791584	0.791591	0.791594	0.791597	0.791607	0.791617	0.791623	0.791629	0.791642	0.791655	0.79167	0.791686	0.791701	0.791716	0.791754	0.791793	0.791828	0.791863	0.791938	0.792014	0.792018	0.792023	0.791936	0.791848	0.791825	0.791802	0.791754	0.791707	0.791699	0.791691	0.79167	0.791648	0.791641	0.791633	0.791623	0.791613	0.791606	0.7916	0.791594	0.791588	0.791584	0.791579	0.791576	0.791572	0.79157	0.791567	0.791565	0.791562	0.791562	0.791562	0.791561	0.791559	0.791559	
0.791566	0.791567	0.791566	0.791565	0.791569	0.791573	0.791572	0.791572	0.791578	0.791584	0.791585	0.791586	0.791595	0.791603	0.791606	0.791609	0.791621	0.791633	0.791641	0.791648	0.791664	0.791679	0.791699	0.791718	0.791739	0.791761	0.791812	0.791863	0.791938	0.792014	0.792127	0.792239	0.792242	0.792246	0.792123	0.792001	0.791937	0.791874	0.791813	0.791752	0.791738	0.791724	0.791698	0.791672	0.791662	0.791653	0.79164	0.791628	0.791621	0.791613	0.791606	0.7916	0.791595	0.791589	0.791585	0.791581	0.791579	0.791576	0.791573	0.79157	0.79157	0.791569	0.791568	0.791566	0.791566	
0.791575	0.791576	0.791575	0.791574	0.791578	0.791582	0.791582	0.791581	0.791588	0.791595	0.791596	0.791597	0.791607	0.791617	0.79162	0.791623	0.791637	0.791651	0.791659	0.791668	0.791686	0.791704	0.791727	0.79175	0.79177	0.791791	0.791868	0.791945	0.791934	0.791922	0.79235	0.792778	0.792782	0.792787	0.792342	0.791897	0.791926	0.791955	0.791866	0.791777	0.791767	0.791757	0.791726	0.791695	0.791684	0.791672	0.791659	0.791646	0.791636	0.791627	0.79162	0.791613	0.791607	0.7916	0.791596	0.791592	0.791588	0.791585	0.791582	0.791579	0.791578	0.791578	0.791576	0.791574	0.791575	
0.791583	0.791585	0.791583	0.791582	0.791587	0.791592	0.791591	0.79159	0.791598	0.791606	0.791607	0.791607	0.791619	0.79163	0.791634	0.791637	0.791653	0.791669	0.791678	0.791687	0.791708	0.791728	0.791755	0.791782	0.791802	0.791821	0.791924	0.792028	0.791929	0.79183	0.792573	0.793316	0.793322	0.793328	0.792561	0.791793	0.791915	0.792036	0.791919	0.791802	0.791796	0.79179	0.791754	0.791718	0.791705	0.791692	0.791678	0.791663	0.791652	0.791641	0.791634	0.791626	0.791619	0.791612	0.791607	0.791603	0.791598	0.791594	0.791591	0.791588	0.791587	0.791586	0.791584	0.791581	0.791583	
0.791592	0.791594	0.791593	0.791591	0.791597	0.791602	0.791601	0.7916	0.791609	0.791618	0.791619	0.79162	0.791633	0.791646	0.79165	0.791653	0.791672	0.791691	0.791701	0.791711	0.791737	0.791762	0.791791	0.79182	0.791848	0.791876	0.791977	0.792079	0.792032	0.791985	0.792833	0.793681	0.793682	0.793682	0.792806	0.791929	0.792013	0.792096	0.791975	0.791853	0.791841	0.791829	0.79179	0.791751	0.791734	0.791717	0.791701	0.791685	0.791671	0.791658	0.79165	0.791642	0.791633	0.791624	0.791619	0.791614	0.79161	0.791605	0.791601	0.791598	0.791596	0.791595	0.791593	0.79159	0.791592	
0.791601	0.791604	0.791602	0.791601	0.791606	0.791612	0.791611	0.79161	0.79162	0.79163	0.791631	0.791632	0.791647	0.791662	0.791666	0.79167	0.791692	0.791714	0.791724	0.791735	0.791765	0.791796	0.791827	0.791857	0.791894	0.791931	0.79203	0.79213	0.792135	0.792139	0.793093	0.794179	0.794561	0.794151	0.793176	0.792065	0.792111	0.792156	0.79203	0.791904	0.791886	0.791868	0.791826	0.791783	0.791762	0.791741	0.791724	0.791706	0.791691	0.791675	0.791666	0.791657	0.791647	0.791637	0.791632	0.791626	0.791621	0.791615	0.791611	0.791607	0.791606	0.791604	0.791601	0.791599	0.791601	
0.791611	0.791614	0.791612	0.79161	0.791616	0.791623	0.791622	0.791621	0.791632	0.791643	0.791644	0.791644	0.791662	0.791679	0.791683	0.791686	0.791713	0.791739	0.791749	0.791759	0.7918	0.791842	0.791868	0.791895	0.791964	0.792033	0.792105	0.792177	0.792318	0.792459	0.793493	0.794785	0.795431	0.794741	0.793458	0.792387	0.792297	0.792207	0.792103	0.792	0.791953	0.791906	0.791866	0.791826	0.791796	0.791766	0.791748	0.791731	0.791711	0.791692	0.791683	0.791674	0.791662	0.791649	0.791644	0.791639	0.791632	0.791625	0.791621	0.791618	0.791615	0.791613	0.79161	0.791608	0.791611	
0.79162	0.791624	0.791622	0.79162	0.791626	0.791633	0.791632	0.791631	0.791643	0.791656	0.791656	0.791657	0.791676	0.791696	0.7917	0.791703	0.791734	0.791765	0.791774	0.791783	0.791835	0.791887	0.79191	0.791932	0.792034	0.792135	0.79218	0.792225	0.792502	0.793017	0.794047	0.795732	0.796569	0.795679	0.793996	0.792954	0.792564	0.792258	0.792177	0.792095	0.79202	0.791944	0.791907	0.791869	0.79183	0.791791	0.791773	0.791755	0.791732	0.791709	0.7917	0.791691	0.791676	0.791662	0.791657	0.791651	0.791643	0.791636	0.791632	0.791628	0.791625	0.791623	0.79162	0.791617	0.79162	
0.79163	0.791634	0.791632	0.791629	0.791637	0.791644	0.791643	0.791642	0.791656	0.791669	0.79167	0.79167	0.791693	0.791715	0.791718	0.791722	0.791758	0.791793	0.791803	0.791812	0.791875	0.791939	0.79196	0.79198	0.792116	0.792252	0.792284	0.792316	0.792765	0.793552	0.794863	0.797236	0.7992	0.797175	0.794748	0.79348	0.79289	0.792351	0.792277	0.792203	0.792098	0.791992	0.791955	0.791919	0.791869	0.791819	0.791801	0.791784	0.791756	0.791728	0.791718	0.791709	0.791692	0.791676	0.79167	0.791665	0.791656	0.791647	0.791643	0.791639	0.791635	0.791632	0.791629	0.791626	0.79163	
0.79164	0.791645	0.791642	0.791639	0.791647	0.791655	0.791654	0.791653	0.791668	0.791683	0.791683	0.791684	0.791709	0.791734	0.791737	0.79174	0.791781	0.791822	0.791831	0.79184	0.791916	0.791991	0.79201	0.792028	0.792199	0.792369	0.792388	0.792406	0.793029	0.794119	0.795711	0.798786	0.801383	0.798618	0.795575	0.794039	0.793215	0.792443	0.792377	0.792311	0.792175	0.79204	0.792004	0.791968	0.791908	0.791848	0.79183	0.791812	0.791779	0.791747	0.791737	0.791728	0.791709	0.79169	0.791684	0.791678	0.791668	0.791658	0.791654	0.791649	0.791646	0.791642	0.791638	0.791635	0.79164	
0.79165	0.791656	0.791653	0.791649	0.791658	0.791667	0.791665	0.791664	0.791681	0.791698	0.791698	0.791698	0.791726	0.791755	0.791757	0.79176	0.791808	0.791855	0.791863	0.79187	0.791961	0.792052	0.792065	0.792077	0.792295	0.792512	0.792505	0.792498	0.793255	0.794625	0.796275	0.799518	0.801812	0.79913	0.796209	0.794553	0.793524	0.792542	0.79249	0.792439	0.792264	0.792089	0.792058	0.792026	0.791952	0.791877	0.79186	0.791843	0.791805	0.791766	0.791757	0.791748	0.791726	0.791704	0.791698	0.791693	0.791681	0.791669	0.791665	0.791661	0.791657	0.791652	0.791648	0.791645	0.79165	
0.79166	0.791667	0.791663	0.79166	0.791669	0.791678	0.791677	0.791675	0.791694	0.791713	0.791713	0.791712	0.791744	0.791775	0.791778	0.79178	0.791834	0.791888	0.791894	0.7919	0.792007	0.792114	0.79212	0.792126	0.79239	0.792654	0.792622	0.79259	0.79348	0.795066	0.796576	0.79968	0.801736	0.799274	0.796683	0.795026	0.793814	0.792641	0.792604	0.792566	0.792352	0.792138	0.792111	0.792084	0.791995	0.791907	0.791891	0.791875	0.791831	0.791786	0.791777	0.791768	0.791743	0.791718	0.791713	0.791707	0.791694	0.79168	0.791677	0.791673	0.791667	0.791662	0.791658	0.791654	0.79166	
0.791672	0.79168	0.791676	0.791671	0.791681	0.791692	0.79169	0.791688	0.791709	0.791729	0.791728	0.791728	0.791763	0.791798	0.7918	0.791801	0.791863	0.791924	0.791928	0.791933	0.792056	0.79218	0.79218	0.792181	0.792489	0.792798	0.79275	0.792702	0.793687	0.795467	0.796768	0.799565	0.801578	0.799315	0.797047	0.795472	0.794092	0.792758	0.792729	0.7927	0.792447	0.792193	0.79217	0.792147	0.792043	0.79194	0.791925	0.791911	0.791859	0.791807	0.791799	0.791791	0.791762	0.791734	0.791729	0.791723	0.791708	0.791694	0.79169	0.791686	0.79168	0.791674	0.791669	0.791665	0.791672	
0.791684	0.791693	0.791688	0.791683	0.791694	0.791705	0.791703	0.791701	0.791723	0.791745	0.791744	0.791744	0.791782	0.79182	0.791822	0.791823	0.791891	0.79196	0.791963	0.791966	0.792106	0.792246	0.792241	0.792236	0.792589	0.792941	0.792877	0.792813	0.793893	0.795837	0.796949	0.799475	0.801021	0.799229	0.797344	0.795887	0.794355	0.792875	0.792854	0.792834	0.792541	0.792248	0.792229	0.79221	0.792091	0.791972	0.791959	0.791946	0.791887	0.791829	0.791821	0.791813	0.791782	0.79175	0.791745	0.79174	0.791723	0.791707	0.791703	0.791699	0.791692	0.791686	0.791681	0.791675	0.791684	
0.791694	0.791704	0.791699	0.791693	0.791705	0.791717	0.791715	0.791713	0.791737	0.791761	0.791761	0.79176	0.791802	0.791843	0.791844	0.791844	0.791921	0.791998	0.791998	0.791999	0.792157	0.792315	0.792304	0.792292	0.792688	0.793084	0.793012	0.792939	0.79406	0.79614	0.797073	0.799231	0.799972	0.798965	0.797589	0.796253	0.794606	0.79299	0.792984	0.792978	0.792641	0.792304	0.792291	0.792279	0.792142	0.792006	0.791995	0.791984	0.791917	0.79185	0.791843	0.791836	0.791801	0.791765	0.791761	0.791756	0.791737	0.791718	0.791715	0.791711	0.791704	0.791696	0.79169	0.791684	0.791694	
0.791704	0.791715	0.791709	0.791703	0.791716	0.791729	0.791727	0.791725	0.791751	0.791778	0.791777	0.791775	0.791821	0.791867	0.791866	0.791866	0.791951	0.792036	0.792034	0.792033	0.792209	0.792385	0.792367	0.792349	0.792788	0.793228	0.793146	0.793065	0.794228	0.796361	0.797094	0.798853	0.798835	0.798585	0.797819	0.796567	0.794845	0.793105	0.793113	0.793121	0.79274	0.792359	0.792354	0.792348	0.792194	0.792039	0.79203	0.792022	0.791947	0.791872	0.791866	0.79186	0.79182	0.791781	0.791777	0.791772	0.791751	0.79173	0.791727	0.791724	0.791715	0.791706	0.7917	0.791693	0.791704	
0.79171	0.791721	0.791715	0.791709	0.791723	0.791737	0.791735	0.791733	0.791762	0.791791	0.791789	0.791787	0.791838	0.791888	0.791887	0.791886	0.79198	0.792074	0.79207	0.792066	0.792261	0.792456	0.792431	0.792406	0.792886	0.793365	0.793278	0.79319	0.794321	0.796522	0.797035	0.798395	0.797824	0.798382	0.798051	0.79683	0.795077	0.793222	0.79324	0.793257	0.792836	0.792415	0.792417	0.792419	0.792245	0.792071	0.792066	0.79206	0.791976	0.791891	0.791887	0.791882	0.791837	0.791792	0.791789	0.791785	0.791761	0.791737	0.791734	0.791732	0.791722	0.791712	0.791706	0.7917	0.79171	
0.791716	0.791727	0.791721	0.791715	0.79173	0.791745	0.791743	0.79174	0.791772	0.791803	0.791801	0.791799	0.791855	0.79191	0.791908	0.791906	0.792009	0.792112	0.792106	0.7921	0.792313	0.792527	0.792495	0.792464	0.792983	0.793503	0.793409	0.793315	0.794415	0.796608	0.796865	0.797649	0.797727	0.798237	0.79812	0.796982	0.795259	0.79334	0.793366	0.793392	0.792932	0.792472	0.79248	0.792489	0.792296	0.792104	0.792101	0.792099	0.792005	0.791911	0.791907	0.791904	0.791854	0.791804	0.791801	0.791799	0.791771	0.791744	0.791742	0.79174	0.791729	0.791718	0.791712	0.791706	0.791716	
0.79172	0.791729	0.791723	0.791718	0.791734	0.79175	0.791747	0.791745	0.791779	0.791813	0.79181	0.791808	0.791868	0.791929	0.791926	0.791923	0.792035	0.792148	0.792139	0.792131	0.792363	0.792596	0.792557	0.792519	0.793075	0.793631	0.793533	0.793435	0.794447	0.79664	0.796541	0.7969	0.797215	0.797813	0.797957	0.796993	0.795333	0.793456	0.793486	0.793516	0.793021	0.792526	0.792542	0.792558	0.792346	0.792134	0.792135	0.792137	0.792032	0.791927	0.791926	0.791924	0.791868	0.791812	0.791811	0.791809	0.791779	0.791749	0.791747	0.791746	0.791733	0.791721	0.791715	0.79171	0.79172	
0.791723	0.791732	0.791726	0.791721	0.791738	0.791755	0.791752	0.79175	0.791786	0.791822	0.791819	0.791816	0.791882	0.791948	0.791944	0.79194	0.792062	0.792184	0.792173	0.792162	0.792413	0.792665	0.792619	0.792574	0.793167	0.79376	0.793657	0.793555	0.794478	0.79668	0.796154	0.795654	0.796909	0.797279	0.797616	0.796916	0.795332	0.793573	0.793606	0.793639	0.793109	0.792579	0.792604	0.792628	0.792396	0.792165	0.79217	0.792174	0.792059	0.791944	0.791944	0.791945	0.791883	0.791821	0.79182	0.791819	0.791786	0.791753	0.791752	0.791751	0.791738	0.791724	0.791719	0.791714	0.791723	
0.791725	0.791733	0.791727	0.791722	0.79174	0.791757	0.791755	0.791752	0.791791	0.791829	0.791826	0.791822	0.791893	0.791964	0.791959	0.791954	0.792086	0.792218	0.792204	0.792191	0.792461	0.79273	0.79268	0.79263	0.793252	0.793875	0.793777	0.793679	0.794528	0.79676	0.795829	0.794191	0.79524	0.796774	0.797161	0.796776	0.795291	0.793673	0.793715	0.793756	0.793192	0.792627	0.792662	0.792696	0.792444	0.792192	0.792201	0.792211	0.792084	0.791957	0.79196	0.791963	0.791895	0.791826	0.791827	0.791827	0.791792	0.791756	0.791755	0.791755	0.79174	0.791725	0.791721	0.791717	0.791725	
0.791726	0.791733	0.791728	0.791724	0.791742	0.79176	0.791758	0.791755	0.791795	0.791836	0.791832	0.791828	0.791904	0.79198	0.791974	0.791968	0.79211	0.792251	0.792236	0.792221	0.792508	0.792796	0.792741	0.792685	0.793338	0.79399	0.793896	0.793802	0.794578	0.796907	0.795681	0.793034	0.793164	0.795721	0.796678	0.796556	0.795212	0.793773	0.793824	0.793874	0.793275	0.792675	0.79272	0.792765	0.792492	0.792218	0.792233	0.792247	0.792109	0.791971	0.791976	0.791981	0.791906	0.791832	0.791834	0.791836	0.791797	0.791758	0.791758	0.791758	0.791742	0.791727	0.791723	0.791719	0.791726	
0.791725	0.791729	0.791726	0.791722	0.791742	0.791761	0.791758	0.791755	0.791799	0.791842	0.791838	0.791833	0.791914	0.791995	0.791988	0.791981	0.792131	0.792282	0.792265	0.792248	0.792551	0.792854	0.792798	0.792742	0.793412	0.794082	0.794014	0.793946	0.794642	0.79712	0.795822	0.792952	0.791267	0.795887	0.796404	0.796345	0.795091	0.793864	0.793919	0.793975	0.793349	0.792723	0.792777	0.792831	0.792538	0.792245	0.792264	0.792282	0.792133	0.791984	0.791991	0.791998	0.791918	0.791837	0.79184	0.791843	0.791801	0.791759	0.79176	0.79176	0.791743	0.791725	0.791723	0.791721	0.791725	
0.791725	0.791726	0.791723	0.791721	0.791742	0.791763	0.791759	0.791756	0.791802	0.791848	0.791843	0.791839	0.791924	0.792009	0.792001	0.791994	0.792153	0.792312	0.792294	0.792276	0.792594	0.792912	0.792855	0.792799	0.793486	0.794172	0.794131	0.794089	0.794706	0.797378	0.796292	0.79355	0.791717	0.796875	0.796273	0.796211	0.794973	0.793954	0.794015	0.794076	0.793424	0.792771	0.792834	0.792897	0.792584	0.792272	0.792295	0.792317	0.792157	0.791997	0.792006	0.792015	0.791929	0.791843	0.791847	0.791851	0.791805	0.791759	0.791761	0.791763	0.791743	0.791724	0.791724	0.791724	0.791725	
0.791724	0.791721	0.791721	0.791721	0.791743	0.791765	0.791761	0.791758	0.791806	0.791854	0.791849	0.791844	0.791933	0.792023	0.792015	0.792006	0.792174	0.792341	0.792322	0.792304	0.792635	0.792967	0.792912	0.792857	0.793564	0.794271	0.794246	0.794222	0.794789	0.797656	0.797012	0.794061	0.791492	0.795637	0.795976	0.796028	0.794883	0.793999	0.794088	0.794177	0.793494	0.792811	0.792887	0.792963	0.79263	0.792296	0.792325	0.792353	0.792181	0.792009	0.792021	0.792033	0.791941	0.791848	0.791854	0.791859	0.79181	0.791761	0.791763	0.791766	0.791745	0.791724	0.791725	0.791726	0.791724	
0.791723	0.791717	0.791719	0.791721	0.791744	0.791767	0.791763	0.79176	0.79181	0.79186	0.791855	0.79185	0.791943	0.792036	0.792028	0.792019	0.792194	0.792369	0.79235	0.792331	0.792677	0.793022	0.792968	0.792915	0.793642	0.79437	0.794362	0.794355	0.794872	0.797783	0.797464	0.794129	0.789607	0.791314	0.795154	0.795727	0.794823	0.794044	0.794161	0.794277	0.793564	0.79285	0.79294	0.79303	0.792675	0.79232	0.792355	0.792389	0.792205	0.792021	0.792036	0.792051	0.791952	0.791853	0.79186	0.791867	0.791815	0.791763	0.791766	0.791769	0.791746	0.791723	0.791726	0.791729	0.791723	
0.791725	0.791718	0.791721	0.791723	0.791746	0.79177	0.791766	0.791763	0.791815	0.791867	0.791861	0.791856	0.791953	0.792051	0.792042	0.792032	0.792214	0.792396	0.792377	0.792358	0.792713	0.793068	0.793019	0.792969	0.793688	0.794407	0.794446	0.794485	0.79492	0.797781	0.797397	0.794452	0.78776	0.789466	0.79477	0.795562	0.794846	0.794179	0.79427	0.79436	0.793636	0.792912	0.793003	0.793095	0.792723	0.792351	0.792389	0.792426	0.792231	0.792036	0.792053	0.79207	0.791965	0.79186	0.791868	0.791876	0.791821	0.791765	0.791769	0.791773	0.791749	0.791725	0.791729	0.791732	0.791725	
0.791727	0.79172	0.791722	0.791724	0.791749	0.791773	0.791769	0.791765	0.79182	0.791874	0.791868	0.791862	0.791963	0.792065	0.792056	0.792046	0.792235	0.792423	0.792404	0.792385	0.79275	0.793115	0.793069	0.793023	0.793734	0.794445	0.79453	0.794616	0.794969	0.797596	0.796543	0.793797	0.789221	0.791266	0.795305	0.795712	0.794983	0.794314	0.794379	0.794444	0.793709	0.792974	0.793067	0.79316	0.792771	0.792383	0.792423	0.792464	0.792257	0.792051	0.79207	0.792089	0.791978	0.791867	0.791876	0.791885	0.791827	0.791768	0.791773	0.791777	0.791752	0.791727	0.791731	0.791735	0.791727	
0.791731	0.791722	0.791725	0.791728	0.791752	0.791777	0.791773	0.79177	0.791826	0.791882	0.791875	0.791869	0.791975	0.792081	0.792071	0.79206	0.792255	0.792449	0.792431	0.792414	0.792787	0.79316	0.793125	0.793091	0.793789	0.794487	0.794695	0.794904	0.794907	0.796968	0.79326	0.788344	0.786533	0.795113	0.796338	0.796103	0.795232	0.794556	0.794554	0.794552	0.793789	0.793026	0.793127	0.793228	0.79282	0.792412	0.792457	0.792502	0.792285	0.792067	0.792089	0.792111	0.791993	0.791875	0.791886	0.791897	0.791835	0.791773	0.791778	0.791783	0.791757	0.79173	0.791735	0.79174	0.791731	
0.791735	0.791725	0.791728	0.791731	0.791756	0.791782	0.791778	0.791774	0.791832	0.791891	0.791883	0.791876	0.791986	0.792097	0.792085	0.792074	0.792275	0.792475	0.792459	0.792442	0.792823	0.793205	0.793182	0.793159	0.793844	0.79453	0.79486	0.795191	0.794846	0.795254	0.778644	0.776156	0.775027	0.796407	0.797459	0.796663	0.795562	0.794799	0.79473	0.794661	0.793869	0.793078	0.793187	0.793296	0.792869	0.792441	0.79249	0.79254	0.792312	0.792084	0.792108	0.792132	0.792008	0.791883	0.791896	0.791909	0.791843	0.791777	0.791783	0.791789	0.791761	0.791733	0.791739	0.791745	0.791735	
0.791741	0.791731	0.791734	0.791737	0.791763	0.791789	0.791785	0.791781	0.791842	0.791902	0.791894	0.791887	0.792	0.792113	0.792101	0.792089	0.792296	0.792502	0.792484	0.792466	0.792849	0.793232	0.793213	0.793194	0.793893	0.794593	0.79488	0.795168	0.795193	0.79553	0.777979	0.769003	0.783174	0.798101	0.798557	0.797529	0.795969	0.795054	0.794911	0.794769	0.79397	0.793171	0.79327	0.793368	0.792925	0.792481	0.79253	0.792579	0.792342	0.792104	0.79213	0.792156	0.792026	0.791895	0.791909	0.791923	0.791854	0.791785	0.791792	0.791799	0.791769	0.791739	0.791745	0.791752	0.791741	
0.791748	0.791736	0.79174	0.791743	0.79177	0.791797	0.791793	0.791789	0.791851	0.791914	0.791905	0.791897	0.792014	0.79213	0.792117	0.792105	0.792317	0.792529	0.792509	0.792489	0.792875	0.79326	0.793244	0.793229	0.793942	0.794656	0.7949	0.795144	0.795539	0.797783	0.796603	0.792114	0.799083	0.800018	0.800692	0.798907	0.796416	0.795309	0.795093	0.794876	0.794071	0.793265	0.793353	0.793441	0.792981	0.792522	0.79257	0.792619	0.792372	0.792125	0.792153	0.79218	0.792044	0.791908	0.791923	0.791938	0.791865	0.791793	0.7918	0.791808	0.791776	0.791745	0.791752	0.79176	0.791748	
0.791758	0.791746	0.79175	0.791753	0.791781	0.791808	0.791804	0.791799	0.791863	0.791927	0.791918	0.791909	0.792028	0.792146	0.792132	0.792118	0.792331	0.792543	0.792521	0.7925	0.792889	0.793278	0.793249	0.79322	0.793987	0.794753	0.79499	0.795226	0.79581	0.799172	0.801923	0.807814	0.797596	0.798068	0.802309	0.800368	0.796859	0.795213	0.795101	0.794989	0.794152	0.793316	0.793405	0.793495	0.793024	0.792554	0.792604	0.792655	0.7924	0.792145	0.792175	0.792204	0.792063	0.791922	0.791939	0.791955	0.79188	0.791804	0.791812	0.79182	0.791787	0.791754	0.791762	0.791769	0.791758	
0.791767	0.791756	0.791759	0.791763	0.791791	0.791819	0.791814	0.79181	0.791875	0.79194	0.791931	0.791922	0.792042	0.792162	0.792147	0.792132	0.792345	0.792558	0.792534	0.79251	0.792903	0.793296	0.793254	0.793212	0.794031	0.794851	0.79508	0.795308	0.79608	0.79974	0.804858	0.813286	0.790599	0.792817	0.803133	0.800817	0.796989	0.795118	0.79511	0.795102	0.794234	0.793366	0.793457	0.793549	0.793067	0.792586	0.792639	0.792691	0.792428	0.792166	0.792197	0.792228	0.792082	0.791937	0.791954	0.791972	0.791894	0.791816	0.791824	0.791833	0.791798	0.791764	0.791771	0.791779	0.791767	
0.791779	0.791768	0.791771	0.791774	0.791803	0.791831	0.791826	0.791822	0.791888	0.791954	0.791944	0.791935	0.792056	0.792177	0.79216	0.792144	0.792355	0.792567	0.792538	0.79251	0.792886	0.793263	0.79321	0.793158	0.793963	0.794768	0.794965	0.795161	0.794484	0.797202	0.800931	0.80859	0.805528	0.799018	0.800888	0.798705	0.796412	0.794773	0.794899	0.795025	0.794198	0.793371	0.79346	0.793548	0.793079	0.79261	0.792666	0.792721	0.792454	0.792186	0.792218	0.79225	0.792102	0.791953	0.791971	0.791989	0.791909	0.791828	0.791837	0.791846	0.791811	0.791775	0.791782	0.791789	0.791779	
0.79179	0.79178	0.791782	0.791785	0.791814	0.791843	0.791838	0.791833	0.791901	0.791968	0.791958	0.791948	0.79207	0.792192	0.792174	0.792156	0.792366	0.792576	0.792543	0.792509	0.792869	0.793229	0.793166	0.793103	0.793894	0.794686	0.79485	0.795699	0.794116	0.789936	0.79071	0.79448	0.812482	0.807715	0.79618	0.792414	0.794803	0.79513	0.794953	0.794947	0.794162	0.793376	0.793462	0.793547	0.793091	0.792634	0.792693	0.792752	0.792479	0.792207	0.79224	0.792273	0.79212	0.791968	0.791987	0.792006	0.791923	0.791841	0.79185	0.79186	0.791823	0.791786	0.791793	0.791799	0.79179	
0.7918	0.791791	0.791793	0.791795	0.791824	0.791854	0.791849	0.791844	0.791912	0.79198	0.791969	0.791958	0.79208	0.792202	0.792182	0.792162	0.792364	0.792565	0.792527	0.792488	0.792807	0.793125	0.793035	0.792945	0.793756	0.794568	0.793512	0.793814	0.789675	0.778349	0.779064	0.783645	0.800498	0.793991	0.780607	0.780592	0.793183	0.794828	0.79473	0.794702	0.794042	0.793382	0.793446	0.79351	0.793079	0.792648	0.792705	0.792761	0.792492	0.792223	0.792257	0.792291	0.792137	0.791982	0.792001	0.792021	0.791936	0.791852	0.791862	0.791872	0.791834	0.791795	0.791802	0.791809	0.7918	
0.79181	0.791802	0.791803	0.791805	0.791835	0.791865	0.791859	0.791854	0.791923	0.791992	0.79198	0.791969	0.792091	0.792212	0.792191	0.792169	0.792362	0.792554	0.792511	0.792467	0.792744	0.793021	0.792904	0.792786	0.793618	0.794449	0.792175	0.789765	0.784731	0.777781	0.779047	0.782967	0.790719	0.775273	0.771147	0.783661	0.792194	0.794385	0.794381	0.794456	0.793922	0.793388	0.79343	0.793473	0.793068	0.792662	0.792716	0.79277	0.792505	0.79224	0.792275	0.79231	0.792153	0.791995	0.792016	0.792036	0.79195	0.791863	0.791874	0.791884	0.791845	0.791805	0.791812	0.791818	0.79181	
0.791824	0.791816	0.791818	0.79182	0.791849	0.791878	0.791874	0.791869	0.791938	0.792006	0.791995	0.791985	0.792104	0.792223	0.792201	0.79218	0.792359	0.792539	0.792492	0.792445	0.792668	0.792891	0.792719	0.792546	0.79182	0.791094	0.786437	0.782835	0.775497	0.771719	0.784209	0.794872	0.788371	0.780604	0.781774	0.78756	0.791375	0.793427	0.793682	0.794013	0.7937	0.793386	0.793416	0.793446	0.793061	0.792675	0.792727	0.792779	0.792519	0.792259	0.792295	0.792332	0.792172	0.792013	0.792035	0.792056	0.791967	0.791878	0.79189	0.791901	0.79186	0.791819	0.791825	0.791831	0.791824	
0.791838	0.791831	0.791833	0.791834	0.791863	0.791892	0.791888	0.791885	0.791952	0.79202	0.792011	0.792001	0.792117	0.792233	0.792212	0.79219	0.792357	0.792525	0.792474	0.792423	0.792592	0.792761	0.792534	0.792306	0.790022	0.78775	0.780237	0.770935	0.764979	0.768217	0.787394	0.798901	0.788065	0.781184	0.78396	0.784923	0.788374	0.79187	0.792653	0.793569	0.793477	0.793385	0.793402	0.79342	0.793054	0.792689	0.792738	0.792787	0.792532	0.792277	0.792315	0.792353	0.792192	0.792031	0.792053	0.792076	0.791985	0.791893	0.791905	0.791917	0.791875	0.791833	0.791839	0.791845	0.791838	
0.791445	0.791445	0.791445	0.791445	0.791445	0.791445	0.791445	0.791445	0.791445	0.791445	0.791445	0.791445	0.791445	0.791445	0.791445	0.791445	0.791445	0.791445	0.791445	0.791445	0.791445	0.791445	0.791445	0.791445	0.791445	0.791444	0.791443	0.791442	0.791441	0.791442	0.791444	0.791446	0.791444	0.791443	0.791444	0.791443	0.791444	0.791445	0.791445	0.791445	0.791445	0.791445	0.791445	0.791445	0.791445	0.791445	0.791445	0.791445	0.791445	0.791445	0.791445	0.791445	0.791445	0.791445	0.791445	0.791445	0.791445	0.791445	0.791445	0.791445	0.791445	0.791445	0.791445	0.791445	0.791445	
