R,v,vx,vy,vz
-100,0.556372,-0.556372,-8.61096e-06,-1.63513e-07
-99,0.556643,-0.556643,-8.48682e-06,-1.59142e-07
-98,0.556915,-0.556915,-8.37893e-06,-1.54778e-07
-97,0.557187,-0.557187,-8.29628e-06,-1.50406e-07
-96,0.557459,-0.557459,-8.21357e-06,-1.46237e-07
-95,0.557731,-0.557731,-8.1312e-06,-1.42967e-07
-94,0.558002,-0.558002,-8.04867e-06,-1.39738e-07
-93,0.558274,-0.558274,-7.96599e-06,-1.3655e-07
-92,0.558546,-0.558546,-7.88316e-06,-1.33404e-07
-91,0.558818,-0.558818,-7.80017e-06,-1.30299e-07
-90,0.55909,-0.55909,-7.71529e-06,-1.27203e-07
-89,0.559362,-0.559362,-7.62865e-06,-1.24119e-07
-88,0.559634,-0.559634,-7.54184e-06,-1.21079e-07
-87,0.559905,-0.559905,-7.45485e-06,-1.18083e-07
-86,0.560177,-0.560177,-7.36768e-06,-1.1513e-07
-85,0.560449,-0.560449,-7.28035e-06,-1.12222e-07
-84,0.560721,-0.560721,-7.19283e-06,-1.09357e-07
-83,0.560993,-0.560993,-7.10515e-06,-1.06536e-07
-82,0.561265,-0.561265,-7.03436e-06,-1.03749e-07
-81,0.561537,-0.561537,-6.97262e-06,-1.00999e-07
-80,0.561809,-0.561809,-6.91077e-06,-9.82925e-08
-79,0.562081,-0.562081,-6.8488e-06,-9.56293e-08
-78,0.562353,-0.562353,-6.78671e-06,-9.30093e-08
-77,0.562625,-0.562625,-6.7245e-06,-9.04326e-08
-76,0.562897,-0.562897,-6.66218e-06,-8.78992e-08
-75,0.563169,-0.563169,-6.59974e-06,-8.54091e-08
-74,0.563441,-0.563441,-6.54305e-06,-8.29501e-08
-73,0.563713,-0.563713,-6.48792e-06,-8.05322e-08
-72,0.563985,-0.563985,-6.43269e-06,-7.81591e-08
-71,0.564257,-0.564257,-6.37736e-06,-7.58306e-08
-70,0.564529,-0.564529,-6.32192e-06,-7.35468e-08
-69,0.564801,-0.564801,-6.26639e-06,-7.13078e-08
-68,0.565073,-0.565073,-6.21075e-06,-6.91134e-08
-67,0.565345,-0.565345,-6.155e-06,-6.69637e-08
-66,0.565617,-0.565617,-6.11444e-06,-6.48625e-08
-65,0.565889,-0.565889,-6.07536e-06,-6.28053e-08
-64,0.566161,-0.566161,-6.03621e-06,-6.07917e-08
-63,0.566433,-0.566433,-5.997e-06,-5.88215e-08
-62,0.566705,-0.566705,-5.95771e-06,-5.6895e-08
-61,0.566977,-0.566977,-5.91835e-06,-5.50119e-08
-60,0.567249,-0.567249,-5.87892e-06,-5.31724e-08
-59,0.567521,-0.567521,-5.83923e-06,-5.13772e-08
-58,0.567793,-0.567793,-5.79432e-06,-4.96469e-08
-57,0.568065,-0.568065,-5.74933e-06,-4.79616e-08
-56,0.568337,-0.568337,-5.70424e-06,-4.63214e-08
-55,0.568609,-0.568609,-5.65907e-06,-4.47263e-08
-54,0.568882,-0.568882,-5.61381e-06,-4.31762e-08
-53,0.569154,-0.569154,-5.56846e-06,-4.16711e-08
-52,0.569426,-0.569426,-5.52303e-06,-4.02111e-08
-51,0.569698,-0.569698,-5.47934e-06,-3.87968e-08
-50,0.56997,-0.56997,-5.44488e-06,-3.74301e-08
-49,0.570242,-0.570242,-5.41036e-06,-3.6107e-08
-48,0.570514,-0.570514,-5.37578e-06,-3.48277e-08
-47,0.570786,-0.570786,-5.34113e-06,-3.3592e-08
-46,0.571058,-0.571058,-5.30642e-06,-3.24e-08
-45,0.571331,-0.571331,-5.27165e-06,-3.12516e-08
-44,0.571603,-0.571603,-5.23682e-06,-3.0147e-08
-43,0.571875,-0.571875,-5.20283e-06,-2.90912e-08
-42,0.572147,-0.572147,-5.17097e-06,-2.80924e-08
-41,0.572419,-0.572419,-5.13906e-06,-2.71384e-08
-40,0.572691,-0.572691,-5.10709e-06,-2.62293e-08
-39,0.572963,-0.572963,-5.07506e-06,-2.53649e-08
-38,0.573236,-0.573236,-5.04297e-06,-2.45454e-08
-37,0.573508,-0.573508,-5.01083e-06,-2.37707e-08
-36,0.57378,-0.57378,-4.97863e-06,-2.30408e-08
-35,0.574052,-0.574052,-4.94933e-06,-2.23503e-08
-34,0.574324,-0.574324,-4.92406e-06,-2.16964e-08
-33,0.574596,-0.574596,-4.89875e-06,-2.10861e-08
-32,0.574869,-0.574869,-4.8733e-06,-2.04804e-08
-31,0.575141,-0.575141,-4.84614e-06,-1.92176e-08
-30,0.575413,-0.575413,-4.81893e-06,-1.79967e-08
-29,0.575685,-0.575685,-4.79167e-06,-1.68177e-08
-28,0.575957,-0.575957,-4.76436e-06,-1.56806e-08
-27,0.576229,-0.576229,-4.73421e-06,-1.46072e-08
-26,0.576502,-0.576502,-4.70172e-06,-1.35921e-08
-25,0.576774,-0.576774,-4.66917e-06,-1.26174e-08
-24,0.577046,-0.577046,-4.63656e-06,-1.1683e-08
-23,0.577318,-0.577318,-4.60389e-06,-1.0789e-08
-22,0.57759,-0.57759,-4.57117e-06,-9.93523e-09
-21,0.577863,-0.577863,-4.53838e-06,-9.1218e-09
-20,0.578135,-0.578135,-4.50554e-06,-8.34868e-09
-19,0.578407,-0.578407,-4.47851e-06,-7.67159e-09
-18,0.578679,-0.578679,-4.4542e-06,-7.0616e-09
-17,0.578951,-0.578951,-4.42981e-06,-6.49243e-09
-16,0.579224,-0.579224,-4.40536e-06,-5.96409e-09
-15,0.579496,-0.579496,-4.38083e-06,-5.47656e-09
-14,0.579768,-0.579768,-4.35624e-06,-5.02986e-09
-13,0.58004,-0.58004,-4.33158e-06,-4.62398e-09
-12,0.580313,-0.580313,-4.30685e-06,-4.25892e-09
-11,0.580585,-0.580585,-4.28374e-06,-3.75889e-09
-10,0.580857,-0.580857,-4.26093e-06,-3.25596e-09
-9,0.581129,-0.581129,-4.23801e-06,-2.79193e-09
-8,0.581402,-0.581402,-4.21497e-06,-2.3668e-09
-7,0.581674,-0.581674,-4.19183e-06,-1.98056e-09
-6,0.581946,-0.581946,-4.16858e-06,-1.63321e-09
-5,0.582218,-0.582218,-4.14523e-06,-1.32473e-09
-4,0.58249,-0.58249,-4.12176e-06,-1.05512e-09
-3,0.582763,-0.582763,-4.10261e-06,-1.10384e-09
-2,0.583035,-0.583035,-4.08368e-06,-1.21333e-09
-1,0.583307,-0.583307,-4.06467e-06,-1.36451e-09
0,0.583579,-0.583579,-4.04557e-06,-1.55738e-09
1,0.583579,-0.583579,-4.0267e-06,-1.79704e-09
2,0.583579,-0.583579,-4.00779e-06,-2.07803e-09
3,0.583579,-0.583579,-3.98883e-06,-2.40036e-09
4,0.583579,-0.583579,-3.96906e-06,-2.74229e-09
5,0.583579,-0.583579,-3.93837e-06,-2.80856e-09
6,0.583579,-0.583579,-3.90772e-06,-2.91332e-09
7,0.583579,-0.583579,-3.87712e-06,-3.05656e-09
8,0.583579,-0.583579,-3.84656e-06,-3.23829e-09
9,0.583579,-0.583579,-3.81606e-06,-3.45849e-09
10,0.583579,-0.583579,-3.78559e-06,-3.71718e-09
11,0.583579,-0.583579,-3.75517e-06,-4.01435e-09
12,0.583579,-0.583579,-3.72604e-06,-4.38421e-09
13,0.583579,-0.583579,-3.7021e-06,-4.93654e-09
14,0.583579,-0.583579,-3.67815e-06,-5.52936e-09
15,0.583579,-0.583579,-3.65418e-06,-6.16267e-09
16,0.583579,-0.583579,-3.63021e-06,-6.83646e-09
17,0.583579,-0.583579,-3.60623e-06,-7.55075e-09
18,0.583579,-0.583579,-3.58225e-06,-8.30552e-09
19,0.583579,-0.583579,-3.55825e-06,-9.10078e-09
20,0.583579,-0.583579,-3.53375e-06,-9.91242e-09
21,0.583579,-0.583579,-3.50821e-06,-1.07132e-08
22,0.58358,-0.58358,-3.48267e-06,-1.15534e-08
23,0.58358,-0.58358,-3.45713e-06,-1.24332e-08
24,0.58358,-0.58358,-3.43159e-06,-1.33524e-08
25,0.58358,-0.58358,-3.40605e-06,-1.43112e-08
26,0.58358,-0.58358,-3.38051e-06,-1.53095e-08
27,0.58358,-0.58358,-3.35497e-06,-1.63473e-08
28,0.58358,-0.58358,-3.33024e-06,-1.74486e-08
29,0.58358,-0.58358,-3.30648e-06,-1.86196e-08
30,0.58358,-0.58358,-3.28272e-06,-1.98312e-08
31,0.58358,-0.58358,-3.25896e-06,-2.10835e-08
32,0.58358,-0.58358,-3.2352e-06,-2.23765e-08
33,0.58358,-0.58358,-3.21381e-06,-2.29197e-08
34,0.58358,-0.58358,-3.19255e-06,-2.34576e-08
35,0.58358,-0.58358,-3.17129e-06,-2.40341e-08
36,0.58358,-0.58358,-3.14606e-06,-2.46458e-08
37,0.58358,-0.58358,-3.11796e-06,-2.5295e-08
38,0.58358,-0.58358,-3.08986e-06,-2.59846e-08
39,0.58358,-0.58358,-3.06176e-06,-2.67146e-08
40,0.58358,-0.58358,-3.03366e-06,-2.74849e-08
41,0.583581,-0.583581,-3.00556e-06,-2.82956e-08
42,0.583581,-0.583581,-2.97747e-06,-2.91467e-08
43,0.583581,-0.583581,-2.94938e-06,-3.00382e-08
44,0.583581,-0.583581,-2.92178e-06,-3.09875e-08
45,0.583581,-0.583581,-2.89438e-06,-3.19845e-08
46,0.583581,-0.583581,-2.86698e-06,-3.3022e-08
47,0.583581,-0.583581,-2.83959e-06,-3.41001e-08
48,0.583581,-0.583581,-2.81219e-06,-3.52187e-08
49,0.583581,-0.583581,-2.78479e-06,-3.63778e-08
50,0.583581,-0.583581,-2.7574e-06,-3.75774e-08
51,0.583581,-0.583581,-2.73e-06,-3.88176e-08
52,0.583582,-0.583582,-2.70036e-06,-4.01039e-08
53,0.583582,-0.583582,-2.67029e-06,-4.14351e-08
54,0.583582,-0.583582,-2.64022e-06,-4.28103e-08
55,0.583582,-0.583582,-2.61016e-06,-4.42296e-08
56,0.583582,-0.583582,-2.58009e-06,-4.56929e-08
57,0.583582,-0.583582,-2.55002e-06,-4.72003e-08
58,0.583582,-0.583582,-2.51996e-06,-4.87517e-08
59,0.583582,-0.583582,-2.4899e-06,-5.03472e-08
60,0.583583,-0.583583,-2.45797e-06,-5.20096e-08
61,0.583583,-0.583583,-2.42597e-06,-5.3717e-08
62,0.583583,-0.583583,-2.39397e-06,-5.54686e-08
63,0.583583,-0.583583,-2.36197e-06,-5.72644e-08
64,0.583583,-0.583583,-2.32997e-06,-5.91044e-08
65,0.583583,-0.583583,-2.29796e-06,-6.09886e-08
66,0.583583,-0.583583,-2.26596e-06,-6.29171e-08
67,0.583584,-0.583584,-2.23297e-06,-6.48911e-08
68,0.583584,-0.583584,-2.19065e-06,-6.69223e-08
69,0.583584,-0.583584,-2.14833e-06,-6.89981e-08
70,0.583584,-0.583584,-2.10602e-06,-7.11187e-08
71,0.583584,-0.583584,-2.0637e-06,-7.3284e-08
72,0.583584,-0.583584,-2.02139e-06,-7.5494e-08
73,0.583585,-0.583585,-1.97908e-06,-7.77486e-08
74,0.583585,-0.583585,-1.93678e-06,-8.00479e-08
75,0.583585,-0.583585,-1.89381e-06,-8.23938e-08
76,0.583585,-0.583585,-1.84854e-06,-8.47889e-08
77,0.583585,-0.583585,-1.80327e-06,-8.72261e-08
78,0.583586,-0.583586,-1.75801e-06,-8.97054e-08
79,0.583586,-0.583586,-1.71274e-06,-9.22268e-08
80,0.583586,-0.583586,-1.66748e-06,-9.47903e-08
81,0.583586,-0.583586,-1.62222e-06,-9.73959e-08
82,0.583586,-0.583586,-1.57697e-06,-1.00044e-07
83,0.583587,-0.583587,-1.52883e-06,-1.02757e-07
84,0.583587,-0.583587,-1.47542e-06,-1.05557e-07
85,0.583587,-0.583587,-1.422e-06,-1.08404e-07
86,0.583587,-0.583587,-1.36859e-06,-1.11297e-07
87,0.583588,-0.583588,-1.31518e-06,-1.14236e-07
88,0.583588,-0.583588,-1.26177e-06,-1.17221e-07
89,0.583588,-0.583588,-1.20837e-06,-1.20252e-07
90,0.583588,-0.583588,-1.15496e-06,-1.2333e-07
91,0.583589,-0.583589,-1.09712e-06,-1.26449e-07
92,0.583589,-0.583589,-1.03452e-06,-1.29611e-07
93,0.583589,-0.583589,-9.71907e-07,-1.32819e-07
94,0.58359,-0.58359,-9.09296e-07,-1.36074e-07
95,0.58359,-0.58359,-8.46686e-07,-1.39375e-07
96,0.58359,-0.58359,-7.84074e-07,-1.42722e-07
97,0.583591,-0.583591,-7.20734e-07,-1.47209e-07
98,0.583591,-0.583591,-6.5726e-07,-1.51949e-07
99,0.583591,-0.583591,-5.78703e-07,-1.56719e-07
