R,v,vx,vy,vz
-100,0.557667,-0.557667,-4.8545e-06,-1.44858e-07
-99,0.557934,-0.557934,-4.82234e-06,-1.42659e-07
-98,0.558202,-0.558202,-4.79482e-06,-1.40461e-07
-97,0.55847,-0.55847,-4.77451e-06,-1.38258e-07
-96,0.558737,-0.558737,-4.75418e-06,-1.36088e-07
-95,0.559005,-0.559005,-4.73388e-06,-1.34041e-07
-94,0.559273,-0.559273,-4.71355e-06,-1.32005e-07
-93,0.55954,-0.55954,-4.69318e-06,-1.29981e-07
-92,0.559808,-0.559808,-4.67277e-06,-1.27969e-07
-91,0.560076,-0.560076,-4.65233e-06,-1.25968e-07
-90,0.560344,-0.560344,-4.63093e-06,-1.23967e-07
-89,0.560611,-0.560611,-4.60863e-06,-1.21968e-07
-88,0.560879,-0.560879,-4.5863e-06,-1.19981e-07
-87,0.561147,-0.561147,-4.56391e-06,-1.18006e-07
-86,0.561415,-0.561415,-4.54149e-06,-1.16044e-07
-85,0.561682,-0.561682,-4.51902e-06,-1.14094e-07
-84,0.56195,-0.56195,-4.49651e-06,-1.12156e-07
-83,0.562218,-0.562218,-4.47395e-06,-1.1023e-07
-82,0.562485,-0.562485,-4.45538e-06,-1.08311e-07
-81,0.562753,-0.562753,-4.43893e-06,-1.06402e-07
-80,0.563021,-0.563021,-4.42246e-06,-1.04504e-07
-79,0.563289,-0.563289,-4.40595e-06,-1.02619e-07
-78,0.563556,-0.563556,-4.38942e-06,-1.00745e-07
-77,0.563824,-0.563824,-4.37285e-06,-9.88841e-08
-76,0.564092,-0.564092,-4.35626e-06,-9.7035e-08
-75,0.56436,-0.56436,-4.33963e-06,-9.5198e-08
-74,0.564627,-0.564627,-4.32393e-06,-9.33663e-08
-73,0.564895,-0.564895,-4.30846e-06,-9.15452e-08
-72,0.565163,-0.565163,-4.29297e-06,-8.97367e-08
-71,0.565431,-0.565431,-4.27745e-06,-8.79408e-08
-70,0.565698,-0.565698,-4.26191e-06,-8.61575e-08
-69,0.565966,-0.565966,-4.24633e-06,-8.43868e-08
-68,0.566234,-0.566234,-4.23072e-06,-8.26286e-08
-67,0.566502,-0.566502,-4.21509e-06,-8.08831e-08
-66,0.566769,-0.566769,-4.20419e-06,-7.9145e-08
-65,0.567037,-0.567037,-4.19376e-06,-7.74186e-08
-64,0.567305,-0.567305,-4.18331e-06,-7.57044e-08
-63,0.567573,-0.567573,-4.17285e-06,-7.40023e-08
-62,0.567841,-0.567841,-4.16236e-06,-7.23125e-08
-61,0.568108,-0.568108,-4.15186e-06,-7.06349e-08
-60,0.568376,-0.568376,-4.14135e-06,-6.89695e-08
-59,0.568644,-0.568644,-4.13075e-06,-6.73164e-08
-58,0.568912,-0.568912,-4.11835e-06,-6.56798e-08
-57,0.569179,-0.569179,-4.10594e-06,-6.4056e-08
-56,0.569447,-0.569447,-4.0935e-06,-6.24449e-08
-55,0.569715,-0.569715,-4.08104e-06,-6.08466e-08
-54,0.569983,-0.569983,-4.06856e-06,-5.92611e-08
-53,0.57025,-0.57025,-4.05605e-06,-5.76883e-08
-52,0.570518,-0.570518,-4.04352e-06,-5.61284e-08
-51,0.570786,-0.570786,-4.0314e-06,-5.45809e-08
-50,0.571054,-0.571054,-4.02145e-06,-5.3045e-08
-49,0.571322,-0.571322,-4.01149e-06,-5.15213e-08
-48,0.571589,-0.571589,-4.00152e-06,-5.00099e-08
-47,0.571857,-0.571857,-3.99152e-06,-4.85109e-08
-46,0.572125,-0.572125,-3.98151e-06,-4.70242e-08
-45,0.572393,-0.572393,-3.97148e-06,-4.55498e-08
-44,0.572661,-0.572661,-3.96144e-06,-4.40877e-08
-43,0.572928,-0.572928,-3.95151e-06,-4.26392e-08
-42,0.573196,-0.573196,-3.94189e-06,-4.12062e-08
-41,0.573464,-0.573464,-3.93226e-06,-3.97861e-08
-40,0.573732,-0.573732,-3.92262e-06,-3.83787e-08
-39,0.573999,-0.573999,-3.91295e-06,-3.69842e-08
-38,0.574267,-0.574267,-3.90327e-06,-3.56024e-08
-37,0.574535,-0.574535,-3.89357e-06,-3.42334e-08
-36,0.574803,-0.574803,-3.88386e-06,-3.28772e-08
-35,0.575071,-0.575071,-3.87523e-06,-3.15354e-08
-34,0.575338,-0.575338,-3.8681e-06,-3.02085e-08
-33,0.575606,-0.575606,-3.86095e-06,-2.88944e-08
-32,0.575874,-0.575874,-3.85377e-06,-2.75884e-08
-31,0.576142,-0.576142,-3.84616e-06,-2.62115e-08
-30,0.57641,-0.57641,-3.83853e-06,-2.48472e-08
-29,0.576677,-0.576677,-3.83089e-06,-2.34954e-08
-28,0.576945,-0.576945,-3.82324e-06,-2.21563e-08
-27,0.577213,-0.577213,-3.81432e-06,-2.08267e-08
-26,0.577481,-0.577481,-3.80436e-06,-1.95066e-08
-25,0.577749,-0.577749,-3.79438e-06,-1.81985e-08
-24,0.578016,-0.578016,-3.78438e-06,-1.69022e-08
-23,0.578284,-0.578284,-3.77436e-06,-1.56179e-08
-22,0.578552,-0.578552,-3.76433e-06,-1.43455e-08
-21,0.57882,-0.57882,-3.75428e-06,-1.3085e-08
-20,0.579088,-0.579088,-3.74421e-06,-1.18364e-08
-19,0.579356,-0.579356,-3.73518e-06,-1.06087e-08
-18,0.579623,-0.579623,-3.72663e-06,-9.39771e-09
-17,0.579891,-0.579891,-3.71807e-06,-8.19946e-09
-16,0.580159,-0.580159,-3.7095e-06,-7.01391e-09
-15,0.580427,-0.580427,-3.70092e-06,-5.84105e-09
-14,0.580695,-0.580695,-3.69234e-06,-4.68088e-09
-13,0.580962,-0.580962,-3.68374e-06,-3.53342e-09
-12,0.58123,-0.58123,-3.67513e-06,-2.39865e-09
-11,0.581498,-0.581498,-3.66675e-06,-1.20818e-09
-10,0.581766,-0.581766,-3.65842e-06,-1.32826e-11
-9,0.582034,-0.582034,-3.65008e-06,1.16979e-09
-8,0.582302,-0.582302,-3.64172e-06,2.34104e-09
-7,0.582569,-0.582569,-3.63336e-06,3.50046e-09
-6,0.582837,-0.582837,-3.625e-06,4.64805e-09
-5,0.583105,-0.583105,-3.61662e-06,5.78382e-09
-4,0.583373,-0.583373,-3.60823e-06,6.90776e-09
-3,0.583641,-0.583641,-3.60377e-06,7.81066e-09
-2,0.583908,-0.583908,-3.59953e-06,8.68563e-09
-1,0.584176,-0.584176,-3.59525e-06,9.54698e-09
0,0.584444,-0.584444,-3.59092e-06,1.03947e-08
1,0.584444,-0.584444,-3.58732e-06,1.12211e-08
2,0.584444,-0.584444,-3.58369e-06,1.20339e-08
3,0.584444,-0.584444,-3.58001e-06,1.28331e-08
4,0.584444,-0.584444,-3.57591e-06,1.36297e-08
5,0.584444,-0.584444,-3.56602e-06,1.4576e-08
6,0.584444,-0.584444,-3.55613e-06,1.55099e-08
7,0.584444,-0.584444,-3.54626e-06,1.64314e-08
8,0.584444,-0.584444,-3.5364e-06,1.73405e-08
9,0.584444,-0.584444,-3.52655e-06,1.82373e-08
10,0.584444,-0.584444,-3.51671e-06,1.91216e-08
11,0.584444,-0.584444,-3.50689e-06,1.99936e-08
12,0.584444,-0.584444,-3.49746e-06,2.0845e-08
13,0.584444,-0.584444,-3.48965e-06,2.16494e-08
14,0.584444,-0.584444,-3.48185e-06,2.24407e-08
15,0.584444,-0.584444,-3.47404e-06,2.3219e-08
16,0.584444,-0.584444,-3.46623e-06,2.39841e-08
17,0.584444,-0.584444,-3.45843e-06,2.47361e-08
18,0.584444,-0.584444,-3.45062e-06,2.54751e-08
19,0.584444,-0.584444,-3.44281e-06,2.62009e-08
20,0.584444,-0.584444,-3.43477e-06,2.69213e-08
21,0.584444,-0.584444,-3.42624e-06,2.76451e-08
22,0.584444,-0.584444,-3.41772e-06,2.83559e-08
23,0.584444,-0.584444,-3.40919e-06,2.90539e-08
24,0.584444,-0.584444,-3.40066e-06,2.97391e-08
25,0.584444,-0.584444,-3.39214e-06,3.04114e-08
26,0.584444,-0.584444,-3.38361e-06,3.10708e-08
27,0.584444,-0.584444,-3.37509e-06,3.17174e-08
28,0.584445,-0.584445,-3.36714e-06,3.2345e-08
29,0.584445,-0.584445,-3.35991e-06,3.29521e-08
30,0.584445,-0.584445,-3.35267e-06,3.35457e-08
31,0.584445,-0.584445,-3.34543e-06,3.41261e-08
32,0.584445,-0.584445,-3.33819e-06,3.46931e-08
33,0.584445,-0.584445,-3.33147e-06,3.53844e-08
34,0.584445,-0.584445,-3.32478e-06,3.60707e-08
35,0.584445,-0.584445,-3.31809e-06,3.67444e-08
36,0.584445,-0.584445,-3.30965e-06,3.7411e-08
37,0.584445,-0.584445,-3.29994e-06,3.80681e-08
38,0.584445,-0.584445,-3.29024e-06,3.87117e-08
39,0.584445,-0.584445,-3.28054e-06,3.93418e-08
40,0.584445,-0.584445,-3.27084e-06,3.99584e-08
41,0.584445,-0.584445,-3.26114e-06,4.05615e-08
42,0.584445,-0.584445,-3.25144e-06,4.11511e-08
43,0.584445,-0.584445,-3.24174e-06,4.17272e-08
44,0.584445,-0.584445,-3.2321e-06,4.22812e-08
45,0.584445,-0.584445,-3.22248e-06,4.28184e-08
46,0.584445,-0.584445,-3.21286e-06,4.33424e-08
47,0.584445,-0.584445,-3.20325e-06,4.38532e-08
48,0.584445,-0.584445,-3.19363e-06,4.43507e-08
49,0.584445,-0.584445,-3.18401e-06,4.48351e-08
50,0.584445,-0.584445,-3.1744e-06,4.53062e-08
51,0.584445,-0.584445,-3.16478e-06,4.57641e-08
52,0.584445,-0.584445,-3.15395e-06,4.62056e-08
53,0.584445,-0.584445,-3.1429e-06,4.66325e-08
54,0.584446,-0.584446,-3.13184e-06,4.70455e-08
55,0.584446,-0.584446,-3.12078e-06,4.74444e-08
56,0.584446,-0.584446,-3.10972e-06,4.78295e-08
57,0.584446,-0.584446,-3.09867e-06,4.82005e-08
58,0.584446,-0.584446,-3.08762e-06,4.85576e-08
59,0.584446,-0.584446,-3.07656e-06,4.89007e-08
60,0.584446,-0.584446,-3.06601e-06,4.92191e-08
61,0.584446,-0.584446,-3.05548e-06,4.95234e-08
62,0.584446,-0.584446,-3.04495e-06,4.98139e-08
63,0.584446,-0.584446,-3.03442e-06,5.00906e-08
64,0.584446,-0.584446,-3.02389e-06,5.03536e-08
65,0.584446,-0.584446,-3.01336e-06,5.06028e-08
66,0.584446,-0.584446,-3.00283e-06,5.08382e-08
67,0.584446,-0.584446,-2.9918e-06,5.10592e-08
68,0.584446,-0.584446,-2.97605e-06,5.1261e-08
69,0.584446,-0.584446,-2.96029e-06,5.14483e-08
70,0.584446,-0.584446,-2.94453e-06,5.16213e-08
71,0.584447,-0.584447,-2.92878e-06,5.17798e-08
72,0.584447,-0.584447,-2.91303e-06,5.1924e-08
73,0.584447,-0.584447,-2.89727e-06,5.20538e-08
74,0.584447,-0.584447,-2.88152e-06,5.21692e-08
75,0.584447,-0.584447,-2.86556e-06,5.22699e-08
76,0.584447,-0.584447,-2.84888e-06,5.23552e-08
77,0.584447,-0.584447,-2.83221e-06,5.24265e-08
78,0.584447,-0.584447,-2.81553e-06,5.2484e-08
79,0.584447,-0.584447,-2.79885e-06,5.25276e-08
80,0.584447,-0.584447,-2.78217e-06,5.25573e-08
81,0.584447,-0.584447,-2.7655e-06,5.25731e-08
82,0.584447,-0.584447,-2.74882e-06,5.25749e-08
83,0.584448,-0.584448,-2.73079e-06,5.25599e-08
84,0.584448,-0.584448,-2.7103e-06,5.2525e-08
85,0.584448,-0.584448,-2.6898e-06,5.24755e-08
86,0.584448,-0.584448,-2.66931e-06,5.24113e-08
87,0.584448,-0.584448,-2.64881e-06,5.23326e-08
88,0.584448,-0.584448,-2.62832e-06,5.22393e-08
89,0.584448,-0.584448,-2.60783e-06,5.21313e-08
90,0.584448,-0.584448,-2.58733e-06,5.20088e-08
91,0.584448,-0.584448,-2.56653e-06,5.18764e-08
92,0.584448,-0.584448,-2.54537e-06,5.17348e-08
93,0.584449,-0.584449,-2.52422e-06,5.15792e-08
94,0.584449,-0.584449,-2.50307e-06,5.14095e-08
95,0.584449,-0.584449,-2.48192e-06,5.12257e-08
96,0.584449,-0.584449,-2.46077e-06,5.10278e-08
97,0.584449,-0.584449,-2.4395e-06,5.06725e-08
98,0.584449,-0.584449,-2.41822e-06,5.02751e-08
99,0.584449,-0.584449,-2.39032e-06,4.98691e-08
