R,v,vx,vy,vz
-100,0.557051,-0.557051,-6.40609e-06,-1.61876e-07
-99,0.557321,-0.557321,-6.33623e-06,-1.58686e-07
-98,0.557591,-0.557591,-6.27618e-06,-1.55501e-07
-97,0.55786,-0.55786,-6.23137e-06,-1.52315e-07
-96,0.55813,-0.55813,-6.18651e-06,-1.49223e-07
-95,0.5584,-0.5584,-6.14178e-06,-1.46526e-07
-94,0.558669,-0.558669,-6.09697e-06,-1.43853e-07
-93,0.558939,-0.558939,-6.05208e-06,-1.41205e-07
-92,0.559209,-0.559209,-6.0071e-06,-1.38581e-07
-91,0.559478,-0.559478,-5.96204e-06,-1.35981e-07
-90,0.559748,-0.559748,-5.91492e-06,-1.33382e-07
-89,0.560018,-0.560018,-5.86591e-06,-1.30786e-07
-88,0.560288,-0.560288,-5.81679e-06,-1.28217e-07
-87,0.560557,-0.560557,-5.76758e-06,-1.25673e-07
-86,0.560827,-0.560827,-5.71827e-06,-1.23157e-07
-85,0.561097,-0.561097,-5.66886e-06,-1.20666e-07
-84,0.561366,-0.561366,-5.61935e-06,-1.18202e-07
-83,0.561636,-0.561636,-5.56974e-06,-1.15764e-07
-82,0.561906,-0.561906,-5.52952e-06,-1.13344e-07
-81,0.562176,-0.562176,-5.49432e-06,-1.10946e-07
-80,0.562445,-0.562445,-5.45906e-06,-1.08573e-07
-79,0.562715,-0.562715,-5.42373e-06,-1.06227e-07
-78,0.562985,-0.562985,-5.38833e-06,-1.03906e-07
-77,0.563255,-0.563255,-5.35286e-06,-1.01611e-07
-76,0.563524,-0.563524,-5.31733e-06,-9.93414e-08
-75,0.563794,-0.563794,-5.28172e-06,-9.70979e-08
-74,0.564064,-0.564064,-5.24894e-06,-9.48668e-08
-73,0.564334,-0.564334,-5.2169e-06,-9.26585e-08
-72,0.564603,-0.564603,-5.18481e-06,-9.04771e-08
-71,0.564873,-0.564873,-5.15266e-06,-8.83226e-08
-70,0.565143,-0.565143,-5.12044e-06,-8.61949e-08
-69,0.565413,-0.565413,-5.08817e-06,-8.40941e-08
-68,0.565683,-0.565683,-5.05584e-06,-8.20201e-08
-67,0.565952,-0.565952,-5.02345e-06,-7.99731e-08
-66,0.566222,-0.566222,-5.0006e-06,-7.79489e-08
-65,0.566492,-0.566492,-4.97869e-06,-7.59505e-08
-64,0.566762,-0.566762,-4.95674e-06,-7.39782e-08
-63,0.567032,-0.567032,-4.93475e-06,-7.2032e-08
-62,0.567301,-0.567301,-4.91273e-06,-7.0112e-08
-61,0.567571,-0.567571,-4.89067e-06,-6.82181e-08
-60,0.567841,-0.567841,-4.86857e-06,-6.63503e-08
-59,0.568111,-0.568111,-4.84629e-06,-6.4509e-08
-58,0.568381,-0.568381,-4.82014e-06,-6.27036e-08
-57,0.568651,-0.568651,-4.79395e-06,-6.0925e-08
-56,0.56892,-0.56892,-4.7677e-06,-5.91733e-08
-55,0.56919,-0.56919,-4.7414e-06,-5.74484e-08
-54,0.56946,-0.56946,-4.71505e-06,-5.57504e-08
-53,0.56973,-0.56973,-4.68865e-06,-5.40792e-08
-52,0.57,-0.57,-4.6622e-06,-5.24349e-08
-51,0.570269,-0.570269,-4.63672e-06,-5.08179e-08
-50,0.570539,-0.570539,-4.61642e-06,-4.92299e-08
-49,0.570809,-0.570809,-4.59609e-06,-4.7668e-08
-48,0.571079,-0.571079,-4.57572e-06,-4.61321e-08
-47,0.571349,-0.571349,-4.55531e-06,-4.46223e-08
-46,0.571619,-0.571619,-4.53486e-06,-4.31385e-08
-45,0.571889,-0.571889,-4.51438e-06,-4.16808e-08
-44,0.572158,-0.572158,-4.49386e-06,-4.02492e-08
-43,0.572428,-0.572428,-4.47378e-06,-3.88474e-08
-42,0.572698,-0.572698,-4.45481e-06,-3.74815e-08
-41,0.572968,-0.572968,-4.4358e-06,-3.61426e-08
-40,0.573238,-0.573238,-4.41677e-06,-3.48307e-08
-39,0.573508,-0.573508,-4.39769e-06,-3.35458e-08
-38,0.573778,-0.573778,-4.37859e-06,-3.22879e-08
-37,0.574047,-0.574047,-4.35945e-06,-3.1057e-08
-36,0.574317,-0.574317,-4.34028e-06,-2.98531e-08
-35,0.574587,-0.574587,-4.32306e-06,-2.86756e-08
-34,0.574857,-0.574857,-4.30853e-06,-2.75238e-08
-33,0.575127,-0.575127,-4.29398e-06,-2.63984e-08
-32,0.575397,-0.575397,-4.27936e-06,-2.52826e-08
-31,0.575667,-0.575667,-4.26389e-06,-2.38934e-08
-30,0.575937,-0.575937,-4.24838e-06,-2.25299e-08
-29,0.576206,-0.576206,-4.23285e-06,-2.11921e-08
-28,0.576476,-0.576476,-4.21729e-06,-1.98799e-08
-27,0.576746,-0.576746,-4.19939e-06,-1.85877e-08
-26,0.577016,-0.577016,-4.17957e-06,-1.73154e-08
-25,0.577286,-0.577286,-4.15972e-06,-1.60674e-08
-24,0.577556,-0.577556,-4.13984e-06,-1.48437e-08
-23,0.577826,-0.577826,-4.11993e-06,-1.36443e-08
-22,0.578096,-0.578096,-4.09998e-06,-1.24693e-08
-21,0.578366,-0.578366,-4.08e-06,-1.13186e-08
-20,0.578635,-0.578635,-4.05999e-06,-1.01923e-08
-19,0.578905,-0.578905,-4.04291e-06,-9.13578e-09
-18,0.579175,-0.579175,-4.02722e-06,-8.12629e-09
-17,0.579445,-0.579445,-4.01149e-06,-7.14241e-09
-16,0.579715,-0.579715,-3.99575e-06,-6.18415e-09
-15,0.579985,-0.579985,-3.97998e-06,-5.25151e-09
-14,0.580255,-0.580255,-3.96418e-06,-4.3445e-09
-13,0.580525,-0.580525,-3.94837e-06,-3.46311e-09
-12,0.580795,-0.580795,-3.93252e-06,-2.60736e-09
-11,0.581065,-0.581065,-3.91784e-06,-1.67724e-09
-10,0.581335,-0.581335,-3.90339e-06,-7.47152e-10
-9,0.581604,-0.581604,-3.88889e-06,1.59214e-10
-8,0.581874,-0.581874,-3.87434e-06,1.04186e-09
-7,0.582144,-0.582144,-3.85974e-06,1.9008e-09
-6,0.582414,-0.582414,-3.84509e-06,2.73604e-09
-5,0.582684,-0.582684,-3.83039e-06,3.54758e-09
-4,0.582954,-0.582954,-3.81564e-06,4.33543e-09
-3,0.583224,-0.583224,-3.80557e-06,4.86438e-09
-2,0.583494,-0.583494,-3.79575e-06,5.35105e-09
-1,0.583764,-0.583764,-3.78586e-06,5.81151e-09
0,0.584034,-0.584034,-3.77589e-06,6.24576e-09
1,0.584034,-0.584034,-3.76643e-06,6.64608e-09
2,0.584034,-0.584034,-3.75691e-06,7.02019e-09
3,0.584034,-0.584034,-3.74734e-06,7.3681e-09
4,0.584034,-0.584034,-3.7371e-06,7.70603e-09
5,0.584034,-0.584034,-3.7179e-06,8.25462e-09
6,0.584034,-0.584034,-3.69873e-06,8.77897e-09
7,0.584034,-0.584034,-3.67959e-06,9.2791e-09
8,0.584034,-0.584034,-3.66047e-06,9.75498e-09
9,0.584034,-0.584034,-3.64139e-06,1.02066e-08
10,0.584034,-0.584034,-3.62234e-06,1.0634e-08
11,0.584034,-0.584034,-3.60332e-06,1.10372e-08
12,0.584034,-0.584034,-3.58512e-06,1.1397e-08
13,0.584034,-0.584034,-3.57025e-06,1.16516e-08
14,0.584034,-0.584034,-3.55538e-06,1.18807e-08
15,0.584034,-0.584034,-3.5405e-06,1.20843e-08
16,0.584034,-0.584034,-3.52562e-06,1.22625e-08
17,0.584034,-0.584034,-3.51074e-06,1.24152e-08
18,0.584034,-0.584034,-3.49585e-06,1.25424e-08
19,0.584034,-0.584034,-3.48096e-06,1.26442e-08
20,0.584034,-0.584034,-3.46573e-06,1.27363e-08
21,0.584034,-0.584034,-3.44977e-06,1.28368e-08
22,0.584034,-0.584034,-3.43381e-06,1.29125e-08
23,0.584034,-0.584034,-3.41786e-06,1.29634e-08
24,0.584034,-0.584034,-3.4019e-06,1.29895e-08
25,0.584034,-0.584034,-3.38594e-06,1.29909e-08
26,0.584034,-0.584034,-3.36999e-06,1.29675e-08
27,0.584034,-0.584034,-3.35403e-06,1.29193e-08
28,0.584034,-0.584034,-3.33882e-06,1.28339e-08
29,0.584034,-0.584034,-3.32451e-06,1.27078e-08
30,0.584034,-0.584034,-3.31021e-06,1.25559e-08
31,0.584034,-0.584034,-3.2959e-06,1.23782e-08
32,0.584034,-0.584034,-3.28159e-06,1.21748e-08
33,0.584034,-0.584034,-3.26844e-06,1.23148e-08
34,0.584034,-0.584034,-3.25535e-06,1.24509e-08
35,0.584034,-0.584034,-3.24226e-06,1.25626e-08
36,0.584035,-0.584035,-3.2262e-06,1.26589e-08
37,0.584035,-0.584035,-3.208e-06,1.2736e-08
38,0.584035,-0.584035,-3.18981e-06,1.27871e-08
39,0.584035,-0.584035,-3.17161e-06,1.28123e-08
40,0.584035,-0.584035,-3.15341e-06,1.28115e-08
41,0.584035,-0.584035,-3.13522e-06,1.27846e-08
42,0.584035,-0.584035,-3.11703e-06,1.27319e-08
43,0.584035,-0.584035,-3.09884e-06,1.26531e-08
44,0.584035,-0.584035,-3.08101e-06,1.25355e-08
45,0.584035,-0.584035,-3.06334e-06,1.23872e-08
46,0.584035,-0.584035,-3.04566e-06,1.22135e-08
47,0.584035,-0.584035,-3.02799e-06,1.20144e-08
48,0.584035,-0.584035,-3.01032e-06,1.17899e-08
49,0.584035,-0.584035,-2.99264e-06,1.15399e-08
50,0.584035,-0.584035,-2.97497e-06,1.12646e-08
51,0.584035,-0.584035,-2.95729e-06,1.09639e-08
52,0.584036,-0.584036,-2.93812e-06,1.06328e-08
53,0.584036,-0.584036,-2.91866e-06,1.02739e-08
54,0.584036,-0.584036,-2.89919e-06,9.88807e-09
55,0.584036,-0.584036,-2.87973e-06,9.47536e-09
56,0.584036,-0.584036,-2.86027e-06,9.03573e-09
57,0.584036,-0.584036,-2.84081e-06,8.56919e-09
58,0.584036,-0.584036,-2.82135e-06,8.07574e-09
59,0.584036,-0.584036,-2.80189e-06,7.55537e-09
60,0.584036,-0.584036,-2.78187e-06,6.99202e-09
61,0.584036,-0.584036,-2.76184e-06,6.40144e-09
62,0.584036,-0.584036,-2.7418e-06,5.7842e-09
63,0.584037,-0.584037,-2.72176e-06,5.1403e-09
64,0.584037,-0.584037,-2.70172e-06,4.46973e-09
65,0.584037,-0.584037,-2.68168e-06,3.7725e-09
66,0.584037,-0.584037,-2.66165e-06,3.04861e-09
67,0.584037,-0.584037,-2.64079e-06,2.29722e-09
68,0.584037,-0.584037,-2.61212e-06,1.51043e-09
69,0.584037,-0.584037,-2.58345e-06,6.9569e-10
70,0.584037,-0.584037,-2.55479e-06,-1.47002e-10
71,0.584037,-0.584037,-2.52613e-06,-1.01765e-09
72,0.584038,-0.584038,-2.49746e-06,-1.91624e-09
73,0.584038,-0.584038,-2.4688e-06,-2.84279e-09
74,0.584038,-0.584038,-2.44014e-06,-3.79729e-09
75,0.584038,-0.584038,-2.41114e-06,-4.7805e-09
76,0.584038,-0.584038,-2.38093e-06,-5.79404e-09
77,0.584038,-0.584038,-2.35072e-06,-6.83515e-09
78,0.584038,-0.584038,-2.32051e-06,-7.90381e-09
79,0.584039,-0.584039,-2.2903e-06,-9.00002e-09
80,0.584039,-0.584039,-2.26009e-06,-1.01238e-08
81,0.584039,-0.584039,-2.22988e-06,-1.12751e-08
82,0.584039,-0.584039,-2.19967e-06,-1.2454e-08
83,0.584039,-0.584039,-2.1677e-06,-1.367e-08
84,0.584039,-0.584039,-2.13251e-06,-1.49318e-08
85,0.584039,-0.584039,-2.09732e-06,-1.62221e-08
86,0.58404,-0.58404,-2.06214e-06,-1.75411e-08
87,0.58404,-0.58404,-2.02695e-06,-1.88886e-08
88,0.58404,-0.58404,-1.99176e-06,-2.02648e-08
89,0.58404,-0.58404,-1.95658e-06,-2.16695e-08
90,0.58404,-0.58404,-1.9214e-06,-2.31028e-08
91,0.58404,-0.58404,-1.88433e-06,-2.45554e-08
92,0.584041,-0.584041,-1.84524e-06,-2.60256e-08
93,0.584041,-0.584041,-1.80614e-06,-2.7523e-08
94,0.584041,-0.584041,-1.76705e-06,-2.90476e-08
95,0.584041,-0.584041,-1.72796e-06,-3.05994e-08
96,0.584041,-0.584041,-1.68886e-06,-3.21784e-08
97,0.584042,-0.584042,-1.64944e-06,-3.42671e-08
98,0.584042,-0.584042,-1.60996e-06,-3.64753e-08
99,0.584042,-0.584042,-1.55972e-06,-3.87049e-08
