R,v,vx,vy,vz
-100,0.555193,-0.555193,-3.82987e-05,-1.86418e-05
-99,0.555462,-0.555462,-3.90724e-05,-1.9113e-05
-98,0.55573,-0.55573,-4.00344e-05,-1.97438e-05
-97,0.555998,-0.555998,-4.12886e-05,-2.06264e-05
-96,0.556265,-0.556265,-4.25474e-05,-2.14667e-05
-95,0.556533,-0.556533,-4.37988e-05,-2.2209e-05
-94,0.556801,-0.556801,-4.50514e-05,-2.29086e-05
-93,0.557068,-0.557068,-4.63053e-05,-2.35657e-05
-92,0.557336,-0.557336,-4.75605e-05,-2.418e-05
-91,0.557603,-0.557603,-4.88169e-05,-2.47517e-05
-90,0.55787,-0.55787,-5.06324e-05,-2.56674e-05
-89,0.558134,-0.558134,-5.29599e-05,-2.68756e-05
-88,0.558399,-0.558399,-5.52882e-05,-2.80164e-05
-87,0.558664,-0.558664,-5.76173e-05,-2.90899e-05
-86,0.558928,-0.558928,-5.99472e-05,-3.00959e-05
-85,0.559193,-0.559193,-6.2278e-05,-3.10345e-05
-84,0.559458,-0.559458,-6.46096e-05,-3.19057e-05
-83,0.559722,-0.559722,-6.69421e-05,-3.27095e-05
-82,0.559984,-0.559984,-7.0195e-05,-3.42192e-05
-81,0.560244,-0.560244,-7.39377e-05,-3.60428e-05
-80,0.560504,-0.560504,-7.76749e-05,-3.77577e-05
-79,0.560764,-0.560764,-8.14065e-05,-3.93639e-05
-78,0.561024,-0.561024,-8.51326e-05,-4.08612e-05
-77,0.561284,-0.561284,-8.88531e-05,-4.22497e-05
-76,0.561544,-0.561544,-9.25682e-05,-4.35294e-05
-75,0.561804,-0.561804,-9.62777e-05,-4.47004e-05
-74,0.562058,-0.562058,-0.000102375,-4.73515e-05
-73,0.562309,-0.562309,-0.000109131,-5.02754e-05
-72,0.562561,-0.562561,-0.000115866,-5.30125e-05
-71,0.562813,-0.562813,-0.000122579,-5.55628e-05
-70,0.563064,-0.563064,-0.00012927,-5.79262e-05
-69,0.563315,-0.563315,-0.00013594,-6.01027e-05
-68,0.563566,-0.563566,-0.000142589,-6.20924e-05
-67,0.563817,-0.563817,-0.000149216,-6.38951e-05
-66,0.564056,-0.564056,-0.000159575,-6.89371e-05
-65,0.564293,-0.564293,-0.000170242,-7.39977e-05
-64,0.56453,-0.56453,-0.000180832,-7.87207e-05
-63,0.564766,-0.564766,-0.000191344,-8.31061e-05
-62,0.565002,-0.565002,-0.000201779,-8.71536e-05
-61,0.565237,-0.565237,-0.000212138,-9.08633e-05
-60,0.565472,-0.565472,-0.000222419,-9.42351e-05
-59,0.565706,-0.565706,-0.00023293,-9.75293e-05
-58,0.565912,-0.565912,-0.00025148,-0.000107301
-57,0.566116,-0.566116,-0.000269818,-0.000116435
-56,0.56632,-0.56632,-0.000287943,-0.00012493
-55,0.566523,-0.566522,-0.000305857,-0.000132788
-54,0.566724,-0.566724,-0.000323559,-0.000140007
-53,0.566924,-0.566924,-0.00034105,-0.000146587
-52,0.567123,-0.567123,-0.00035833,-0.000152529
-51,0.56731,-0.56731,-0.000376791,-0.000160424
-50,0.567443,-0.567443,-0.000401841,-0.000180464
-49,0.567572,-0.567572,-0.000426227,-0.000199211
-48,0.567699,-0.567699,-0.000449948,-0.000216663
-47,0.567823,-0.567823,-0.000473007,-0.00023282
-46,0.567944,-0.567943,-0.000495405,-0.000247682
-45,0.568061,-0.568061,-0.000517141,-0.000261247
-44,0.568176,-0.568175,-0.000538217,-0.000273514
-43,0.568259,-0.568258,-0.000562736,-0.000293579
-42,0.568267,-0.568267,-0.000595961,-0.000333479
-41,0.568269,-0.568269,-0.000627707,-0.000370836
-40,0.568265,-0.568264,-0.000657976,-0.000405647
-39,0.568253,-0.568253,-0.00068677,-0.000437912
-38,0.568235,-0.568234,-0.000714093,-0.00046763
-37,0.56821,-0.568209,-0.000739946,-0.000494798
-36,0.568178,-0.568177,-0.000764332,-0.000519417
-35,0.567887,-0.567886,-0.00081161,-0.000558565
-34,0.567231,-0.56723,-0.000890001,-0.000617256
-33,0.566551,-0.566549,-0.000965764,-0.000671518
-32,0.565854,-0.565852,-0.00104044,-0.000720156
-31,0.565283,-0.565281,-0.00114247,-0.000740364
-30,0.564724,-0.564722,-0.00124659,-0.000751257
-29,0.564179,-0.564177,-0.00135281,-0.00075283
-28,0.563646,-0.563644,-0.0014611,-0.00074508
-27,0.563287,-0.563285,-0.00129118,-0.000756867
-26,0.563067,-0.563066,-0.000898283,-0.000760018
-25,0.562851,-0.56285,-0.000512804,-0.000724207
-24,0.56264,-0.56264,-0.000134762,-0.00064935
-23,0.562435,-0.562434,0.000235827,-0.000535361
-22,0.562234,-0.562234,0.000598946,-0.000382155
-21,0.562038,-0.562038,0.000954576,-0.000189648
-20,0.561848,-0.561846,0.0013027,4.22453e-05
-19,0.558541,-0.558538,0.00186415,-5.18062e-05
-18,0.553843,-0.553837,0.00250832,-0.000202267
-17,0.549249,-0.54924,0.00312787,-0.000220999
-16,0.544758,-0.544745,0.00372277,-0.000107586
-15,0.540371,-0.540354,0.00429298,0.000138388
-14,0.536087,-0.536065,0.00483849,0.000517342
-13,0.531908,-0.53188,0.00535925,0.00102969
-12,0.527834,-0.527799,0.00585525,0.00167585
-11,0.516541,-0.51647,0.0084814,-0.00123664
-10,0.503733,-0.503582,0.0114334,-0.00461915
-9,0.491165,-0.490902,0.0141798,-0.0075583
-8,0.47883,-0.478432,0.0167212,-0.0100522
-7,0.381593,-0.373741,0.0764682,-0.0091173
-6,0.344927,-0.330737,0.0977961,-0.00490258
-5,0.263042,-0.246427,0.0855862,-0.0337592
-4,0.185619,-0.159382,0.0673941,-0.0671558
-3,0.144176,0.0574186,0.131859,-0.010143
-2,0.414404,0.307142,-0.0948211,-0.261539
-1,0.863396,0.575759,-0.348236,-0.541005
0,0.691503,0.397224,-0.354293,-0.441436
1,0.150597,-0.0344595,-0.0948333,-0.111798
2,0.174732,-0.0538768,-0.125367,-0.109141
3,0.200269,-0.132278,-0.116318,-0.0952903
4,0.249756,-0.210079,-0.106584,-0.0829752
5,0.311431,-0.287279,-0.0961661,-0.0721959
6,0.375919,-0.36075,-0.0844837,-0.0635401
7,0.413098,-0.403136,-0.0671779,-0.0601579
8,0.481025,-0.478992,-0.0129199,-0.0422366
9,0.497045,-0.495153,-0.0120959,-0.0416082
10,0.512363,-0.510608,-0.0112247,-0.0408525
11,0.526977,-0.525358,-0.0103063,-0.0399696
12,0.538892,-0.53744,-0.00906188,-0.0384892
13,0.542188,-0.541026,-0.00674322,-0.0348332
14,0.545482,-0.544586,-0.00460734,-0.0309063
15,0.548778,-0.548121,-0.00265421,-0.0267086
16,0.552079,-0.55163,-0.000883859,-0.02224
17,0.555389,-0.555113,0.000703729,-0.0175005
18,0.558714,-0.558571,0.00210855,-0.0124901
19,0.562059,-0.562003,0.0033306,-0.00720884
20,0.564941,-0.564915,0.0039657,-0.00363126
21,0.566719,-0.566692,0.0037097,-0.00411127
22,0.568368,-0.568339,0.00348645,-0.00458101
23,0.569887,-0.569855,0.00329593,-0.00504048
24,0.571275,-0.57124,0.00313814,-0.00548969
25,0.572534,-0.572495,0.00301309,-0.00592863
26,0.573662,-0.573619,0.00292077,-0.0063573
27,0.57466,-0.574612,0.00286119,-0.0067757
28,0.575338,-0.575292,0.002842,-0.00672803
29,0.575765,-0.575726,0.00282296,-0.00610053
30,0.576212,-0.576179,0.0027789,-0.00544283
31,0.576678,-0.576652,0.00270982,-0.00475491
32,0.577165,-0.577144,0.00261571,-0.00403678
33,0.577622,-0.577608,0.00245017,-0.00320541
34,0.578066,-0.578056,0.00228755,-0.00238638
35,0.578497,-0.578491,0.00213127,-0.00158559
36,0.578812,-0.578807,0.00198328,-0.00125338
37,0.579048,-0.579044,0.00183873,-0.00124947
38,0.579285,-0.579281,0.00169506,-0.00124302
39,0.579522,-0.579519,0.00155229,-0.00123405
40,0.57976,-0.579757,0.00141041,-0.00122254
41,0.579998,-0.579995,0.00126941,-0.00120851
42,0.580237,-0.580235,0.00112931,-0.00119195
43,0.580476,-0.580474,0.000990092,-0.00117285
44,0.580607,-0.580606,0.000918523,-0.00109196
45,0.580693,-0.580692,0.000875381,-0.000987578
46,0.580778,-0.580776,0.000833221,-0.000884645
47,0.580861,-0.58086,0.000792043,-0.000783165
48,0.580943,-0.580943,0.000751848,-0.00068314
49,0.581025,-0.581024,0.000712634,-0.000584568
50,0.581105,-0.581104,0.000674403,-0.00048745
51,0.581184,-0.581184,0.000637154,-0.000391786
52,0.581268,-0.581267,0.000595915,-0.000365778
53,0.581352,-0.581352,0.000554176,-0.000352774
54,0.581436,-0.581436,0.000512857,-0.000339383
55,0.58152,-0.58152,0.000471957,-0.000325603
56,0.581604,-0.581603,0.000431478,-0.000311436
57,0.581687,-0.581687,0.000391418,-0.000296881
58,0.581771,-0.58177,0.000351778,-0.000281938
59,0.581854,-0.581854,0.000312557,-0.000266607
60,0.581892,-0.581892,0.000297667,-0.000251869
61,0.581929,-0.581929,0.000283772,-0.000237085
62,0.581965,-0.581965,0.000270033,-0.000222227
63,0.582002,-0.582002,0.00025645,-0.000207295
64,0.582038,-0.582038,0.000243022,-0.000192288
65,0.582074,-0.582074,0.000229749,-0.000177207
66,0.58211,-0.58211,0.000216632,-0.000162052
67,0.582145,-0.582145,0.000203839,-0.000147793
68,0.582176,-0.582176,0.000192778,-0.00014266
69,0.582206,-0.582205,0.000181807,-0.000137381
70,0.582235,-0.582235,0.000170928,-0.000131956
71,0.582265,-0.582265,0.00016014,-0.000126385
72,0.582295,-0.582295,0.000149444,-0.000120668
73,0.582324,-0.582324,0.000138839,-0.000114805
74,0.582354,-0.582354,0.000128325,-0.000108796
75,0.582381,-0.582381,0.000119113,-0.000103228
76,0.582399,-0.582399,0.00011415,-9.95822e-05
77,0.582417,-0.582417,0.000109216,-9.58438e-05
78,0.582435,-0.582435,0.000104311,-9.20127e-05
79,0.582453,-0.582453,9.94345e-05,-8.80889e-05
80,0.58247,-0.58247,9.45875e-05,-8.40723e-05
81,0.582488,-0.582488,8.97695e-05,-7.9963e-05
82,0.582506,-0.582506,8.49806e-05,-7.57609e-05
83,0.582522,-0.582522,8.06467e-05,-7.22487e-05
84,0.582535,-0.582535,7.71162e-05,-7.00962e-05
85,0.582548,-0.582548,7.3604e-05,-6.7875e-05
86,0.582561,-0.582561,7.01099e-05,-6.55852e-05
87,0.582574,-0.582574,6.66341e-05,-6.32266e-05
88,0.582587,-0.582587,6.31764e-05,-6.07994e-05
89,0.5826,-0.5826,5.9737e-05,-5.83035e-05
90,0.582613,-0.582613,5.63159e-05,-5.57388e-05
91,0.582624,-0.582624,5.36875e-05,-5.36779e-05
92,0.582634,-0.582634,5.19018e-05,-5.21812e-05
93,0.582643,-0.582643,5.01217e-05,-5.0638e-05
94,0.582652,-0.582652,4.83471e-05,-4.90484e-05
95,0.582661,-0.582661,4.6578e-05,-4.74125e-05
96,0.582671,-0.582671,4.48144e-05,-4.57301e-05
97,0.58268,-0.58268,4.30695e-05,-4.39261e-05
98,0.582689,-0.582689,4.13326e-05,-4.20715e-05
99,0.582697,-0.582697,3.98453e-05,-4.06721e-05
