R,v,vx,vy,vz
-100,0.556539,-0.556539,-8.01082e-06,-1.65322e-07
-99,0.55681,-0.55681,-7.90154e-06,-1.61255e-07
-98,0.557082,-0.557082,-7.80679e-06,-1.57195e-07
-97,0.557353,-0.557353,-7.7346e-06,-1.53127e-07
-96,0.557624,-0.557624,-7.66235e-06,-1.49231e-07
-95,0.557896,-0.557896,-7.59038e-06,-1.46084e-07
-94,0.558167,-0.558167,-7.51827e-06,-1.42974e-07
-93,0.558438,-0.558438,-7.44602e-06,-1.39901e-07
-92,0.55871,-0.55871,-7.37365e-06,-1.36865e-07
-91,0.558981,-0.558981,-7.30113e-06,-1.33866e-07
-90,0.559252,-0.559252,-7.22657e-06,-1.30872e-07
-89,0.559524,-0.559524,-7.15011e-06,-1.27888e-07
-88,0.559795,-0.559795,-7.07349e-06,-1.24942e-07
-87,0.560066,-0.560066,-6.99671e-06,-1.22036e-07
-86,0.560338,-0.560338,-6.91978e-06,-1.19169e-07
-85,0.560609,-0.560609,-6.8427e-06,-1.16341e-07
-84,0.56088,-0.56088,-6.76547e-06,-1.13552e-07
-83,0.561152,-0.561152,-6.68808e-06,-1.10802e-07
-82,0.561423,-0.561423,-6.62558e-06,-1.08081e-07
-81,0.561694,-0.561694,-6.57106e-06,-1.05392e-07
-80,0.561966,-0.561966,-6.51643e-06,-1.02742e-07
-79,0.562237,-0.562237,-6.4617e-06,-1.0013e-07
-78,0.562509,-0.562509,-6.40686e-06,-9.75574e-08
-77,0.56278,-0.56278,-6.35192e-06,-9.50232e-08
-76,0.563052,-0.563052,-6.29688e-06,-9.25276e-08
-75,0.563323,-0.563323,-6.24173e-06,-9.00706e-08
-74,0.563594,-0.563594,-6.19154e-06,-8.7638e-08
-73,0.563866,-0.563866,-6.1427e-06,-8.52412e-08
-72,0.564137,-0.564137,-6.09377e-06,-8.28843e-08
-71,0.564409,-0.564409,-6.04475e-06,-8.05673e-08
-70,0.56468,-0.56468,-5.99563e-06,-7.82903e-08
-69,0.564952,-0.564952,-5.94643e-06,-7.60531e-08
-68,0.565223,-0.565223,-5.89714e-06,-7.38558e-08
-67,0.565495,-0.565495,-5.84775e-06,-7.16984e-08
-66,0.565766,-0.565766,-5.81204e-06,-6.958e-08
-65,0.566038,-0.566038,-5.77767e-06,-6.75001e-08
-64,0.566309,-0.566309,-5.74325e-06,-6.54587e-08
-63,0.566581,-0.566581,-5.70876e-06,-6.34558e-08
-62,0.566852,-0.566852,-5.67421e-06,-6.14913e-08
-61,0.567124,-0.567124,-5.6396e-06,-5.95654e-08
-60,0.567395,-0.567395,-5.60492e-06,-5.76779e-08
-59,0.567667,-0.567667,-5.57001e-06,-5.58296e-08
-58,0.567938,-0.567938,-5.53014e-06,-5.4039e-08
-57,0.56821,-0.56821,-5.4902e-06,-5.22886e-08
-56,0.568481,-0.568481,-5.45018e-06,-5.05782e-08
-55,0.568753,-0.568753,-5.41008e-06,-4.8908e-08
-54,0.569024,-0.569024,-5.36991e-06,-4.72779e-08
-53,0.569296,-0.569296,-5.32965e-06,-4.56879e-08
-52,0.569567,-0.569567,-5.28932e-06,-4.41381e-08
-51,0.569839,-0.569839,-5.25053e-06,-4.26291e-08
-50,0.57011,-0.57011,-5.21991e-06,-4.11628e-08
-49,0.570382,-0.570382,-5.18924e-06,-3.97355e-08
-48,0.570654,-0.570654,-5.15851e-06,-3.83471e-08
-47,0.570925,-0.570925,-5.12772e-06,-3.69976e-08
-46,0.571197,-0.571197,-5.09688e-06,-3.5687e-08
-45,0.571468,-0.571468,-5.06599e-06,-3.44154e-08
-44,0.57174,-0.57174,-5.03503e-06,-3.31826e-08
-43,0.572011,-0.572011,-5.00482e-06,-3.19951e-08
-42,0.572283,-0.572283,-4.97648e-06,-3.08627e-08
-41,0.572555,-0.572555,-4.94809e-06,-2.97704e-08
-40,0.572826,-0.572826,-4.91965e-06,-2.87184e-08
-39,0.573098,-0.573098,-4.89116e-06,-2.77065e-08
-38,0.573369,-0.573369,-4.86262e-06,-2.67348e-08
-37,0.573641,-0.573641,-4.83402e-06,-2.58033e-08
-36,0.573913,-0.573913,-4.80538e-06,-2.4912e-08
-35,0.574184,-0.574184,-4.77938e-06,-2.40585e-08
-34,0.574456,-0.574456,-4.75702e-06,-2.32408e-08
-33,0.574727,-0.574727,-4.73463e-06,-2.24622e-08
-32,0.574999,-0.574999,-4.71212e-06,-2.16901e-08
-31,0.575271,-0.575271,-4.68818e-06,-2.0376e-08
-30,0.575542,-0.575542,-4.66419e-06,-1.90996e-08
-29,0.575814,-0.575814,-4.64016e-06,-1.78608e-08
-28,0.576085,-0.576085,-4.61609e-06,-1.66597e-08
-27,0.576357,-0.576357,-4.58922e-06,-1.5512e-08
-26,0.576629,-0.576629,-4.56006e-06,-1.44139e-08
-25,0.5769,-0.5769,-4.53085e-06,-1.33518e-08
-24,0.577172,-0.577172,-4.50159e-06,-1.23258e-08
-23,0.577443,-0.577443,-4.47228e-06,-1.1336e-08
-22,0.577715,-0.577715,-4.44292e-06,-1.03822e-08
-21,0.577987,-0.577987,-4.41351e-06,-9.46456e-09
-20,0.578258,-0.578258,-4.38405e-06,-8.583e-09
-19,0.57853,-0.57853,-4.35964e-06,-7.79952e-09
-18,0.578802,-0.578802,-4.3376e-06,-7.08239e-09
-17,0.579073,-0.579073,-4.3155e-06,-6.40245e-09
-16,0.579345,-0.579345,-4.29334e-06,-5.75969e-09
-15,0.579617,-0.579617,-4.27113e-06,-5.15413e-09
-14,0.579888,-0.579888,-4.24887e-06,-4.58576e-09
-13,0.58016,-0.58016,-4.22655e-06,-4.05458e-09
-12,0.580432,-0.580432,-4.20417e-06,-3.56059e-09
-11,0.580703,-0.580703,-4.18341e-06,-2.94682e-09
-10,0.580975,-0.580975,-4.16295e-06,-2.33056e-09
-9,0.581247,-0.581247,-4.14239e-06,-1.74907e-09
-8,0.581518,-0.581518,-4.12174e-06,-1.20233e-09
-7,0.58179,-0.58179,-4.101e-06,-6.90356e-10
-6,0.582062,-0.582062,-4.08016e-06,-2.13124e-10
-5,0.582333,-0.582333,-4.05923e-06,2.29368e-10
-4,0.582605,-0.582605,-4.0382e-06,6.37128e-10
-3,0.582877,-0.582877,-4.02156e-06,7.28689e-10
-2,0.583148,-0.583148,-4.00515e-06,7.63031e-10
-1,0.58342,-0.58342,-3.98865e-06,7.5937e-10
0,0.583692,-0.583692,-3.97207e-06,7.17696e-10
1,0.583692,-0.583692,-3.95579e-06,6.31701e-10
2,0.583692,-0.583692,-3.93945e-06,5.07951e-10
3,0.583692,-0.583692,-3.92306e-06,3.46444e-10
4,0.583692,-0.583692,-3.9059e-06,1.68217e-10
5,0.583692,-0.583692,-3.87817e-06,2.59276e-10
6,0.583692,-0.583692,-3.85049e-06,3.15423e-10
7,0.583692,-0.583692,-3.82285e-06,3.36658e-10
8,0.583692,-0.583692,-3.79526e-06,3.22981e-10
9,0.583692,-0.583692,-3.7677e-06,2.74391e-10
10,0.583692,-0.583692,-3.74019e-06,1.9089e-10
11,0.583692,-0.583692,-3.71272e-06,7.24769e-11
12,0.583692,-0.583692,-3.68643e-06,-1.1125e-10
13,0.583692,-0.583692,-3.66491e-06,-4.57678e-10
14,0.583692,-0.583692,-3.64339e-06,-8.40473e-10
15,0.583692,-0.583692,-3.62185e-06,-1.25963e-09
16,0.583692,-0.583692,-3.60031e-06,-1.71516e-09
17,0.583692,-0.583692,-3.57876e-06,-2.20706e-09
18,0.583692,-0.583692,-3.5572e-06,-2.73532e-09
19,0.583692,-0.583692,-3.53563e-06,-3.29995e-09
20,0.583692,-0.583692,-3.51361e-06,-3.876e-09
21,0.583692,-0.583692,-3.49063e-06,-4.43548e-09
22,0.583692,-0.583692,-3.46765e-06,-5.03073e-09
23,0.583692,-0.583692,-3.44468e-06,-5.66175e-09
24,0.583692,-0.583692,-3.4217e-06,-6.32854e-09
25,0.583692,-0.583692,-3.39872e-06,-7.03109e-09
26,0.583692,-0.583692,-3.37574e-06,-7.76942e-09
27,0.583692,-0.583692,-3.35276e-06,-8.54352e-09
28,0.583692,-0.583692,-3.33057e-06,-9.37154e-09
29,0.583692,-0.583692,-3.30934e-06,-1.02582e-08
30,0.583692,-0.583692,-3.28811e-06,-1.11818e-08
31,0.583692,-0.583692,-3.26687e-06,-1.21422e-08
32,0.583692,-0.583692,-3.24563e-06,-1.31394e-08
33,0.583692,-0.583692,-3.22641e-06,-1.35033e-08
34,0.583692,-0.583692,-3.2073e-06,-1.38648e-08
35,0.583692,-0.583692,-3.18819e-06,-1.42612e-08
36,0.583692,-0.583692,-3.16536e-06,-1.46846e-08
37,0.583692,-0.583692,-3.13984e-06,-1.51385e-08
38,0.583692,-0.583692,-3.11432e-06,-1.56289e-08
39,0.583693,-0.583693,-3.08881e-06,-1.6156e-08
40,0.583693,-0.583693,-3.06329e-06,-1.67197e-08
41,0.583693,-0.583693,-3.03778e-06,-1.73199e-08
42,0.583693,-0.583693,-3.01227e-06,-1.79568e-08
43,0.583693,-0.583693,-2.98676e-06,-1.86302e-08
44,0.583693,-0.583693,-2.96176e-06,-1.93576e-08
45,0.583693,-0.583693,-2.93696e-06,-2.01285e-08
46,0.583693,-0.583693,-2.91217e-06,-2.09358e-08
47,0.583693,-0.583693,-2.88737e-06,-2.17795e-08
48,0.583693,-0.583693,-2.86258e-06,-2.26595e-08
49,0.583693,-0.583693,-2.83779e-06,-2.3576e-08
50,0.583693,-0.583693,-2.81299e-06,-2.45288e-08
51,0.583694,-0.583694,-2.7882e-06,-2.55179e-08
52,0.583694,-0.583694,-2.76138e-06,-2.65485e-08
53,0.583694,-0.583694,-2.73416e-06,-2.7619e-08
54,0.583694,-0.583694,-2.70694e-06,-2.87288e-08
55,0.583694,-0.583694,-2.67973e-06,-2.98779e-08
56,0.583694,-0.583694,-2.65252e-06,-3.10662e-08
57,0.583694,-0.583694,-2.62531e-06,-3.22938e-08
58,0.583694,-0.583694,-2.5981e-06,-3.35607e-08
59,0.583694,-0.583694,-2.57089e-06,-3.48668e-08
60,0.583695,-0.583695,-2.54192e-06,-3.62337e-08
61,0.583695,-0.583695,-2.51288e-06,-3.76408e-08
62,0.583695,-0.583695,-2.48385e-06,-3.90875e-08
63,0.583695,-0.583695,-2.45481e-06,-4.05736e-08
64,0.583695,-0.583695,-2.42577e-06,-4.20993e-08
65,0.583695,-0.583695,-2.39674e-06,-4.36645e-08
66,0.583695,-0.583695,-2.3677e-06,-4.52693e-08
67,0.583695,-0.583695,-2.33772e-06,-4.69149e-08
68,0.583696,-0.583696,-2.29882e-06,-4.8614e-08
69,0.583696,-0.583696,-2.25993e-06,-5.03539e-08
70,0.583696,-0.583696,-2.22103e-06,-5.21345e-08
71,0.583696,-0.583696,-2.18214e-06,-5.39558e-08
72,0.583696,-0.583696,-2.14325e-06,-5.58178e-08
73,0.583696,-0.583696,-2.10436e-06,-5.77206e-08
74,0.583697,-0.583697,-2.06547e-06,-5.9664e-08
75,0.583697,-0.583697,-2.02608e-06,-6.16505e-08
76,0.583697,-0.583697,-1.98496e-06,-6.36848e-08
77,0.583697,-0.583697,-1.94384e-06,-6.57583e-08
78,0.583697,-0.583697,-1.90272e-06,-6.78708e-08
79,0.583698,-0.583698,-1.8616e-06,-7.00225e-08
80,0.583698,-0.583698,-1.82049e-06,-7.22134e-08
81,0.583698,-0.583698,-1.77937e-06,-7.44434e-08
82,0.583698,-0.583698,-1.73825e-06,-7.67125e-08
83,0.583698,-0.583698,-1.69453e-06,-7.90339e-08
84,0.583699,-0.583699,-1.64603e-06,-8.14193e-08
85,0.583699,-0.583699,-1.59753e-06,-8.3845e-08
86,0.583699,-0.583699,-1.54904e-06,-8.63111e-08
87,0.583699,-0.583699,-1.50055e-06,-8.88175e-08
88,0.5837,-0.5837,-1.45205e-06,-9.13642e-08
89,0.5837,-0.5837,-1.40357e-06,-9.39513e-08
90,0.5837,-0.5837,-1.35508e-06,-9.65787e-08
91,0.5837,-0.5837,-1.30277e-06,-9.92425e-08
92,0.583701,-0.583701,-1.24635e-06,-1.01943e-07
93,0.583701,-0.583701,-1.18993e-06,-1.04684e-07
94,0.583701,-0.583701,-1.13351e-06,-1.07465e-07
95,0.583701,-0.583701,-1.07709e-06,-1.10288e-07
96,0.583702,-0.583702,-1.02067e-06,-1.13151e-07
97,0.583702,-0.583702,-9.63634e-07,-1.16978e-07
98,0.583702,-0.583702,-9.06491e-07,-1.21022e-07
99,0.583702,-0.583702,-8.35467e-07,-1.25109e-07
