R,v,vx,vy,vz
-100,0.557936,-0.557936,-4.30448e-06,-1.34058e-07
-99,0.558203,-0.558203,-4.2864e-06,-1.32298e-07
-98,0.55847,-0.55847,-4.27078e-06,-1.30538e-07
-97,0.558737,-0.558737,-4.25896e-06,-1.28775e-07
-96,0.559004,-0.559004,-4.24713e-06,-1.27025e-07
-95,0.55927,-0.55927,-4.23529e-06,-1.25321e-07
-94,0.559537,-0.559537,-4.22343e-06,-1.23624e-07
-93,0.559804,-0.559804,-4.21155e-06,-1.21933e-07
-92,0.560071,-0.560071,-4.19965e-06,-1.20248e-07
-91,0.560338,-0.560338,-4.18773e-06,-1.18569e-07
-90,0.560605,-0.560605,-4.17551e-06,-1.1689e-07
-89,0.560871,-0.560871,-4.16301e-06,-1.15212e-07
-88,0.561138,-0.561138,-4.15049e-06,-1.1354e-07
-87,0.561405,-0.561405,-4.13794e-06,-1.11875e-07
-86,0.561672,-0.561672,-4.12538e-06,-1.10217e-07
-85,0.561939,-0.561939,-4.11278e-06,-1.08566e-07
-84,0.562206,-0.562206,-4.10017e-06,-1.06921e-07
-83,0.562472,-0.562472,-4.08753e-06,-1.05283e-07
-82,0.562739,-0.562739,-4.07695e-06,-1.03649e-07
-81,0.563006,-0.563006,-4.06748e-06,-1.0202e-07
-80,0.563273,-0.563273,-4.05798e-06,-1.00398e-07
-79,0.56354,-0.56354,-4.04847e-06,-9.8783e-08
-78,0.563807,-0.563807,-4.03895e-06,-9.71744e-08
-77,0.564074,-0.564074,-4.0294e-06,-9.55725e-08
-76,0.56434,-0.56434,-4.01984e-06,-9.39773e-08
-75,0.564607,-0.564607,-4.01026e-06,-9.23888e-08
-74,0.564874,-0.564874,-4.00114e-06,-9.08032e-08
-73,0.565141,-0.565141,-3.99213e-06,-8.92236e-08
-72,0.565408,-0.565408,-3.98311e-06,-8.7651e-08
-71,0.565675,-0.565675,-3.97407e-06,-8.60855e-08
-70,0.565942,-0.565942,-3.96501e-06,-8.45271e-08
-69,0.566209,-0.566209,-3.95594e-06,-8.29758e-08
-68,0.566475,-0.566475,-3.94685e-06,-8.14315e-08
-67,0.566742,-0.566742,-3.93775e-06,-7.98943e-08
-66,0.567009,-0.567009,-3.93116e-06,-7.8361e-08
-65,0.567276,-0.567276,-3.92482e-06,-7.68344e-08
-64,0.567543,-0.567543,-3.91847e-06,-7.53148e-08
-63,0.56781,-0.56781,-3.91211e-06,-7.38022e-08
-62,0.568077,-0.568077,-3.90574e-06,-7.22965e-08
-61,0.568343,-0.568343,-3.89936e-06,-7.07978e-08
-60,0.56861,-0.56861,-3.89297e-06,-6.93062e-08
-59,0.568877,-0.568877,-3.88654e-06,-6.78214e-08
-58,0.569144,-0.569144,-3.87934e-06,-6.63416e-08
-57,0.569411,-0.569411,-3.87213e-06,-6.4869e-08
-56,0.569678,-0.569678,-3.86491e-06,-6.34037e-08
-55,0.569945,-0.569945,-3.85767e-06,-6.19456e-08
-54,0.570212,-0.570212,-3.85042e-06,-6.04948e-08
-53,0.570478,-0.570478,-3.84316e-06,-5.90512e-08
-52,0.570745,-0.570745,-3.83588e-06,-5.76149e-08
-51,0.571012,-0.571012,-3.82882e-06,-5.61848e-08
-50,0.571279,-0.571279,-3.82286e-06,-5.4757e-08
-49,0.571546,-0.571546,-3.8169e-06,-5.33363e-08
-48,0.571813,-0.571813,-3.81093e-06,-5.19226e-08
-47,0.57208,-0.57208,-3.80495e-06,-5.05161e-08
-46,0.572347,-0.572347,-3.79895e-06,-4.91166e-08
-45,0.572614,-0.572614,-3.79295e-06,-4.77241e-08
-44,0.57288,-0.57288,-3.78694e-06,-4.63388e-08
-43,0.573147,-0.573147,-3.78097e-06,-4.49578e-08
-42,0.573414,-0.573414,-3.77514e-06,-4.35775e-08
-41,0.573681,-0.573681,-3.76929e-06,-4.22044e-08
-40,0.573948,-0.573948,-3.76343e-06,-4.08386e-08
-39,0.574215,-0.574215,-3.75757e-06,-3.948e-08
-38,0.574482,-0.574482,-3.75169e-06,-3.81287e-08
-37,0.574749,-0.574749,-3.7458e-06,-3.67847e-08
-36,0.575015,-0.575015,-3.73991e-06,-3.54479e-08
-35,0.575282,-0.575282,-3.73461e-06,-3.41146e-08
-34,0.575549,-0.575549,-3.73013e-06,-3.27833e-08
-33,0.575816,-0.575816,-3.72564e-06,-3.14593e-08
-32,0.576083,-0.576083,-3.72113e-06,-3.01408e-08
-31,0.57635,-0.57635,-3.71632e-06,-2.87977e-08
-30,0.576617,-0.576617,-3.71151e-06,-2.74618e-08
-29,0.576884,-0.576884,-3.70669e-06,-2.61333e-08
-28,0.577151,-0.577151,-3.70186e-06,-2.4812e-08
-27,0.577417,-0.577417,-3.69638e-06,-2.34891e-08
-26,0.577684,-0.577684,-3.69035e-06,-2.21657e-08
-25,0.577951,-0.577951,-3.68431e-06,-2.08493e-08
-24,0.578218,-0.578218,-3.67826e-06,-1.95397e-08
-23,0.578485,-0.578485,-3.6722e-06,-1.82371e-08
-22,0.578752,-0.578752,-3.66613e-06,-1.69413e-08
-21,0.579019,-0.579019,-3.66005e-06,-1.56524e-08
-20,0.579286,-0.579286,-3.65396e-06,-1.43703e-08
-19,0.579553,-0.579553,-3.64824e-06,-1.30955e-08
-18,0.57982,-0.57982,-3.64269e-06,-1.18283e-08
-17,0.580086,-0.580086,-3.63714e-06,-1.05685e-08
-16,0.580353,-0.580353,-3.63158e-06,-9.31624e-09
-15,0.58062,-0.58062,-3.62602e-06,-8.07143e-09
-14,0.580887,-0.580887,-3.62044e-06,-6.8341e-09
-13,0.581154,-0.581154,-3.61487e-06,-5.60425e-09
-12,0.581421,-0.581421,-3.60928e-06,-4.38188e-09
-11,0.581688,-0.581688,-3.60376e-06,-3.07215e-09
-10,0.581955,-0.581955,-3.59825e-06,-1.74675e-09
-9,0.582222,-0.582222,-3.59275e-06,-4.28292e-10
-8,0.582489,-0.582489,-3.58725e-06,8.83229e-10
-7,0.582755,-0.582755,-3.58175e-06,2.18781e-09
-6,0.583022,-0.583022,-3.57625e-06,3.48545e-09
-5,0.583289,-0.583289,-3.57075e-06,4.77614e-09
-4,0.583556,-0.583556,-3.56526e-06,6.05989e-09
-3,0.583823,-0.583823,-3.56271e-06,7.11629e-09
-2,0.58409,-0.58409,-3.56033e-06,8.14932e-09
-1,0.584357,-0.584357,-3.55792e-06,9.17406e-09
0,0.584624,-0.584624,-3.55548e-06,1.01905e-08
1,0.584624,-0.584624,-3.55378e-06,1.11919e-08
2,0.584624,-0.584624,-3.55205e-06,1.2185e-08
3,0.584624,-0.584624,-3.55031e-06,1.31698e-08
4,0.584624,-0.584624,-3.54826e-06,1.41569e-08
5,0.584624,-0.584624,-3.54221e-06,1.52881e-08
6,0.584624,-0.584624,-3.53616e-06,1.64117e-08
7,0.584624,-0.584624,-3.53011e-06,1.75277e-08
8,0.584624,-0.584624,-3.52407e-06,1.86361e-08
9,0.584624,-0.584624,-3.51804e-06,1.97369e-08
10,0.584624,-0.584624,-3.51201e-06,2.08301e-08
11,0.584624,-0.584624,-3.50598e-06,2.19158e-08
12,0.584624,-0.584624,-3.50016e-06,2.29838e-08
13,0.584624,-0.584624,-3.49518e-06,2.40017e-08
14,0.584624,-0.584624,-3.49019e-06,2.50117e-08
15,0.584624,-0.584624,-3.48521e-06,2.60137e-08
16,0.584624,-0.584624,-3.48022e-06,2.70077e-08
17,0.584624,-0.584624,-3.47523e-06,2.79938e-08
18,0.584624,-0.584624,-3.47024e-06,2.89718e-08
19,0.584624,-0.584624,-3.46525e-06,2.99419e-08
20,0.584624,-0.584624,-3.46017e-06,3.09096e-08
21,0.584624,-0.584624,-3.45488e-06,3.18809e-08
22,0.584624,-0.584624,-3.44959e-06,3.28442e-08
23,0.584624,-0.584624,-3.44431e-06,3.37995e-08
24,0.584624,-0.584624,-3.43902e-06,3.47468e-08
25,0.584624,-0.584624,-3.43373e-06,3.56862e-08
26,0.584624,-0.584624,-3.42845e-06,3.66175e-08
27,0.584624,-0.584624,-3.42316e-06,3.75408e-08
28,0.584624,-0.584624,-3.41818e-06,3.84435e-08
29,0.584624,-0.584624,-3.41357e-06,3.93225e-08
30,0.584624,-0.584624,-3.40897e-06,4.01933e-08
31,0.584624,-0.584624,-3.40436e-06,4.10558e-08
32,0.584624,-0.584624,-3.39975e-06,4.191e-08
33,0.584624,-0.584624,-3.39548e-06,4.28328e-08
34,0.584624,-0.584624,-3.39122e-06,4.37521e-08
35,0.584624,-0.584624,-3.38696e-06,4.46637e-08
36,0.584624,-0.584624,-3.38171e-06,4.55693e-08
37,0.584624,-0.584624,-3.37573e-06,4.64679e-08
38,0.584624,-0.584624,-3.36976e-06,4.73582e-08
39,0.584624,-0.584624,-3.36378e-06,4.82402e-08
40,0.584624,-0.584624,-3.35781e-06,4.91137e-08
41,0.584624,-0.584624,-3.35183e-06,4.99789e-08
42,0.584624,-0.584624,-3.34586e-06,5.08357e-08
43,0.584625,-0.584625,-3.33988e-06,5.16841e-08
44,0.584625,-0.584625,-3.33385e-06,5.25122e-08
45,0.584625,-0.584625,-3.32779e-06,5.33271e-08
46,0.584625,-0.584625,-3.32173e-06,5.41338e-08
47,0.584625,-0.584625,-3.31566e-06,5.49323e-08
48,0.584625,-0.584625,-3.3096e-06,5.57226e-08
49,0.584625,-0.584625,-3.30354e-06,5.65047e-08
50,0.584625,-0.584625,-3.29748e-06,5.72786e-08
51,0.584625,-0.584625,-3.29142e-06,5.80442e-08
52,0.584625,-0.584625,-3.28443e-06,5.8798e-08
53,0.584625,-0.584625,-3.27727e-06,5.95423e-08
54,0.584625,-0.584625,-3.2701e-06,6.02781e-08
55,0.584625,-0.584625,-3.26294e-06,6.10051e-08
56,0.584625,-0.584625,-3.25578e-06,6.17235e-08
57,0.584625,-0.584625,-3.24862e-06,6.24333e-08
58,0.584625,-0.584625,-3.24146e-06,6.31344e-08
59,0.584625,-0.584625,-3.2343e-06,6.38269e-08
60,0.584625,-0.584625,-3.22755e-06,6.45012e-08
61,0.584625,-0.584625,-3.22082e-06,6.51667e-08
62,0.584625,-0.584625,-3.21409e-06,6.58237e-08
63,0.584625,-0.584625,-3.20736e-06,6.64721e-08
64,0.584625,-0.584625,-3.20063e-06,6.7112e-08
65,0.584625,-0.584625,-3.1939e-06,6.77433e-08
66,0.584625,-0.584625,-3.18717e-06,6.8366e-08
67,0.584625,-0.584625,-3.18013e-06,6.89799e-08
68,0.584625,-0.584625,-3.17014e-06,6.95813e-08
69,0.584625,-0.584625,-3.16014e-06,7.01738e-08
70,0.584626,-0.584626,-3.15015e-06,7.07574e-08
71,0.584626,-0.584626,-3.14016e-06,7.1332e-08
72,0.584626,-0.584626,-3.13017e-06,7.18976e-08
73,0.584626,-0.584626,-3.12017e-06,7.24543e-08
74,0.584626,-0.584626,-3.11018e-06,7.3002e-08
75,0.584626,-0.584626,-3.10006e-06,7.35405e-08
76,0.584626,-0.584626,-3.08947e-06,7.40692e-08
77,0.584626,-0.584626,-3.07888e-06,7.45893e-08
78,0.584626,-0.584626,-3.0683e-06,7.51007e-08
79,0.584626,-0.584626,-3.05771e-06,7.56034e-08
80,0.584626,-0.584626,-3.04712e-06,7.60975e-08
81,0.584626,-0.584626,-3.03653e-06,7.65829e-08
82,0.584626,-0.584626,-3.02595e-06,7.70596e-08
83,0.584626,-0.584626,-3.01437e-06,7.7526e-08
84,0.584626,-0.584626,-3.001e-06,7.79806e-08
85,0.584626,-0.584626,-2.98762e-06,7.84261e-08
86,0.584626,-0.584626,-2.97424e-06,7.88626e-08
87,0.584627,-0.584627,-2.96087e-06,7.92901e-08
88,0.584627,-0.584627,-2.94749e-06,7.97085e-08
89,0.584627,-0.584627,-2.93412e-06,8.01178e-08
90,0.584627,-0.584627,-2.92074e-06,8.05181e-08
91,0.584627,-0.584627,-2.90732e-06,8.0912e-08
92,0.584627,-0.584627,-2.89386e-06,8.13e-08
93,0.584627,-0.584627,-2.8804e-06,8.16791e-08
94,0.584627,-0.584627,-2.86693e-06,8.20495e-08
95,0.584627,-0.584627,-2.85347e-06,8.24111e-08
96,0.584627,-0.584627,-2.84e-06,8.2764e-08
97,0.584627,-0.584627,-2.8265e-06,8.30563e-08
98,0.584627,-0.584627,-2.81298e-06,8.33295e-08
99,0.584627,-0.584627,-2.79518e-06,8.3597e-08
