R,v,vx,vy,vz
-100,0.554452,-0.554452,-7.65614e-05,1.8702e-05
-99,0.554718,-0.554718,-7.88148e-05,1.92161e-05
-98,0.554982,-0.554982,-8.16129e-05,1.95885e-05
-97,0.555244,-0.555244,-8.52518e-05,1.97301e-05
-96,0.555506,-0.555506,-8.88882e-05,1.99564e-05
-95,0.555769,-0.555769,-9.23709e-05,2.03581e-05
-94,0.556031,-0.556031,-9.58444e-05,2.08474e-05
-93,0.556293,-0.556293,-9.93086e-05,2.14243e-05
-92,0.556555,-0.556555,-0.000102764,2.20887e-05
-91,0.556817,-0.556817,-0.000106209,2.28407e-05
-90,0.557076,-0.557076,-0.0001108,2.32419e-05
-89,0.557332,-0.557332,-0.000116428,2.33659e-05
-88,0.557589,-0.557589,-0.000122032,2.36261e-05
-87,0.557845,-0.557845,-0.000127613,2.40223e-05
-86,0.558101,-0.558101,-0.00013317,2.45546e-05
-85,0.558357,-0.558357,-0.000138703,2.52231e-05
-84,0.558613,-0.558613,-0.000144213,2.60278e-05
-83,0.558869,-0.558869,-0.0001497,2.69688e-05
-82,0.559119,-0.559119,-0.000157388,2.71552e-05
-81,0.559366,-0.559366,-0.000166231,2.70645e-05
-80,0.559613,-0.559613,-0.00017503,2.71892e-05
-79,0.55986,-0.55986,-0.000183785,2.75293e-05
-78,0.560106,-0.560106,-0.000192497,2.80848e-05
-77,0.560352,-0.560352,-0.000201165,2.88559e-05
-76,0.560598,-0.560598,-0.000209789,2.98425e-05
-75,0.560844,-0.560844,-0.000218371,3.10447e-05
-74,0.561079,-0.561079,-0.000232114,3.04623e-05
-73,0.56131,-0.56131,-0.000247245,2.96594e-05
-72,0.561541,-0.561541,-0.000262281,2.92199e-05
-71,0.561771,-0.561771,-0.000277222,2.91439e-05
-70,0.562001,-0.562001,-0.000292068,2.94316e-05
-69,0.562231,-0.562231,-0.00030682,3.00831e-05
-68,0.56246,-0.56246,-0.000321477,3.10985e-05
-67,0.562689,-0.562689,-0.00033604,3.24778e-05
-66,0.562891,-0.56289,-0.000358773,2.94415e-05
-65,0.563088,-0.563088,-0.000382139,2.6536e-05
-64,0.563285,-0.563285,-0.000405293,2.4261e-05
-63,0.563481,-0.563481,-0.000428234,2.26166e-05
-62,0.563676,-0.563676,-0.000450963,2.16031e-05
-61,0.56387,-0.56387,-0.00047348,2.12206e-05
-60,0.564064,-0.564064,-0.000495786,2.14695e-05
-59,0.564255,-0.564255,-0.000518243,2.18874e-05
-58,0.564406,-0.564406,-0.000550048,1.07354e-05
-57,0.564556,-0.564555,-0.00058141,5.45707e-07
-56,0.564704,-0.564703,-0.000612329,-8.68187e-06
-55,0.56485,-0.564849,-0.000642806,-1.69476e-05
-54,0.564995,-0.564994,-0.000672841,-2.42518e-05
-53,0.565138,-0.565137,-0.000702435,-3.05946e-05
-52,0.565279,-0.565279,-0.000731586,-3.59765e-05
-51,0.565401,-0.5654,-0.000768026,-4.17389e-05
-50,0.565427,-0.565427,-0.000843494,-5.35391e-05
-49,0.56545,-0.565449,-0.000918915,-6.47056e-05
-48,0.565469,-0.565468,-0.000994295,-7.52446e-05
-47,0.565484,-0.565483,-0.00106964,-8.51619e-05
-46,0.565496,-0.565495,-0.00114495,-9.44635e-05
-45,0.565504,-0.565502,-0.00122023,-0.000103155
-44,0.565508,-0.565506,-0.0012955,-0.000111243
-43,0.5655,-0.565498,-0.00140354,-0.00010169
-42,0.565471,-0.565468,-0.00159112,-4.78068e-05
-41,0.565439,-0.565436,-0.00177941,1.074e-05
-40,0.565404,-0.565401,-0.00196841,7.39534e-05
-39,0.565367,-0.565363,-0.00215814,0.000141836
-38,0.565328,-0.565323,-0.00234859,0.000214392
-37,0.565285,-0.56528,-0.00253976,0.000291624
-36,0.56524,-0.565234,-0.00273167,0.000373535
-35,0.565016,-0.565008,-0.00296304,0.000533674
-34,0.564549,-0.564539,-0.00324589,0.000815469
-33,0.564081,-0.564069,-0.00352611,0.00112464
-32,0.563617,-0.563602,-0.00380357,0.00146028
-31,0.563213,-0.563196,-0.00407448,0.00179892
-30,0.562814,-0.562793,-0.00433966,0.00215208
-29,0.562419,-0.562394,-0.00459907,0.00251975
-28,0.562029,-0.562,-0.00485266,0.0029019
-27,0.560917,-0.560888,-0.00485037,0.00308557
-26,0.559236,-0.559208,-0.00463944,0.00318915
-25,0.557582,-0.557554,-0.00442493,0.00341005
-24,0.555956,-0.555928,-0.00420698,0.00374856
-23,0.554358,-0.554328,-0.00398574,0.00420494
-22,0.552789,-0.552755,-0.00376136,0.00477945
-21,0.551248,-0.55121,-0.00353398,0.00547236
-20,0.549737,-0.549691,-0.00330374,0.00628394
-19,0.542997,-0.542977,-0.00131098,0.00445707
-18,0.533898,-0.533893,0.00144473,0.00172937
-17,0.524943,-0.524927,0.0041162,-0.000538008
-16,0.516129,-0.51608,0.00670337,-0.00234396
-15,0.51644,-0.516284,0.0070187,-0.0105405
-14,0.511091,-0.510856,0.00875028,-0.012786
-13,0.48564,-0.484657,0.0201938,-0.0233734
-12,0.45427,-0.45168,0.0338274,-0.034669
-11,0.422741,-0.417858,0.0467412,-0.0438189
-10,0.39102,-0.383197,0.0589359,-0.0508252
-9,0.323421,-0.305135,0.0851719,-0.0651118
-8,0.2562,-0.216204,0.112297,-0.0792698
-7,0.206709,-0.124405,0.137387,-0.0915241
-6,0.192382,-0.0297552,0.160451,-0.101886
-5,0.266832,0.106317,0.0868474,-0.22881
-4,0.447827,0.251524,-0.00262566,-0.37051
-3,0.719454,0.681593,0.0944208,-0.210073
-2,1.91408,1.26373,-0.331227,-1.39893
-1,3.5083,2.01143,-0.850491,-2.74572
0,4.30371,2.70213,-1.30596,-3.08463
1,4.91374,3.20413,-1.683,-3.32354
2,3.24104,1.98232,-1.30071,-2.20973
3,1.74083,0.893112,-0.92104,-1.17666
4,0.978499,0.581015,-0.469632,-0.631924
5,0.282317,0.262349,-0.038386,-0.0969637
6,0.175744,0.0654276,0.10692,0.123181
7,0.42796,-0.142909,0.240252,0.324046
8,0.232719,-0.1962,0.0964875,0.0797098
9,0.298729,-0.270265,0.101695,0.0765124
10,0.366964,-0.343265,0.104966,0.0762482
11,0.385893,-0.36968,0.0914173,0.0623939
12,0.409397,-0.399077,0.077043,0.0490693
13,0.437373,-0.431456,0.061843,0.0362745
14,0.465567,-0.462405,0.0477982,0.0254889
15,0.482243,-0.480158,0.0399476,0.0202521
16,0.524301,-0.523713,0.0238473,0.00689144
17,0.531989,-0.531551,0.0200372,0.00806263
18,0.540028,-0.539706,0.0160405,0.0094787
19,0.548421,-0.548179,0.0118572,0.0111396
20,0.554659,-0.554463,0.00875381,0.0118352
21,0.555712,-0.55556,0.00827444,0.0100748
22,0.556744,-0.556627,0.00782778,0.00832726
23,0.557754,-0.557666,0.00741382,0.00659247
24,0.558742,-0.558676,0.00703258,0.00487047
25,0.559706,-0.559658,0.00668405,0.00316126
26,0.560649,-0.56061,0.00636823,0.00146484
27,0.561568,-0.561535,0.00608512,-0.000218783
28,0.562649,-0.562618,0.0057923,-0.00107029
29,0.563988,-0.563961,0.0054447,-0.000900261
30,0.56538,-0.565357,0.00508042,-0.000702297
31,0.566826,-0.566806,0.00469945,-0.000476396
32,0.568324,-0.568308,0.00430179,-0.000222559
33,0.569953,-0.56994,0.00387046,9.88877e-05
34,0.57156,-0.57155,0.00344156,0.000419295
35,0.57314,-0.573131,0.0030166,0.000735609
36,0.574005,-0.573998,0.00277441,0.000783273
37,0.574367,-0.574361,0.00266165,0.000646255
38,0.57473,-0.574725,0.00254755,0.000519319
39,0.575095,-0.57509,0.00243213,0.000402465
40,0.575461,-0.575456,0.00231537,0.000295692
41,0.575827,-0.575823,0.00219729,0.000199002
42,0.576195,-0.576192,0.00207788,0.000112393
43,0.576564,-0.576561,0.00195714,3.58664e-05
44,0.576896,-0.576893,0.00184492,2.53116e-05
45,0.57721,-0.577207,0.00173731,4.00296e-05
46,0.57752,-0.577518,0.00163058,5.57027e-05
47,0.577828,-0.577826,0.00152474,7.23308e-05
48,0.578132,-0.578131,0.00141977,8.99138e-05
49,0.578434,-0.578432,0.00131568,0.000108452
50,0.578732,-0.578731,0.00121248,0.000127945
51,0.579027,-0.579026,0.00111016,0.000148393
52,0.579193,-0.579192,0.0010501,0.000136844
53,0.579333,-0.579333,0.000997998,0.000120644
54,0.579475,-0.579474,0.000945726,0.00010626
55,0.579616,-0.579616,0.000893285,9.36929e-05
56,0.579759,-0.579758,0.000840674,8.29423e-05
57,0.579901,-0.579901,0.000787893,7.40084e-05
58,0.580045,-0.580044,0.000734943,6.68912e-05
59,0.580188,-0.580188,0.000681824,6.15907e-05
60,0.580283,-0.580282,0.000648027,5.90844e-05
61,0.580375,-0.580374,0.000615164,5.71583e-05
62,0.580467,-0.580466,0.000582561,5.57563e-05
63,0.580558,-0.580558,0.000550217,5.48785e-05
64,0.580649,-0.580649,0.000518132,5.45248e-05
65,0.58074,-0.580739,0.000486308,5.46952e-05
66,0.58083,-0.58083,0.000454742,5.53898e-05
67,0.580917,-0.580917,0.000424474,5.60239e-05
68,0.580976,-0.580976,0.000404193,5.15954e-05
69,0.581036,-0.581036,0.000383901,4.76548e-05
70,0.581096,-0.581096,0.000363599,4.42022e-05
71,0.581156,-0.581156,0.000343286,4.12376e-05
72,0.581216,-0.581216,0.000322962,3.87609e-05
73,0.581276,-0.581276,0.000302627,3.67722e-05
74,0.581337,-0.581337,0.000282282,3.52714e-05
75,0.581392,-0.581392,0.000264085,3.4015e-05
76,0.58143,-0.58143,0.000253407,3.22447e-05
77,0.581468,-0.581468,0.000242793,3.07059e-05
78,0.581506,-0.581506,0.000232244,2.93985e-05
79,0.581544,-0.581544,0.00022176,2.83224e-05
80,0.581581,-0.581581,0.00021134,2.74778e-05
81,0.581619,-0.581619,0.000200984,2.68645e-05
82,0.581657,-0.581657,0.000190693,2.64827e-05
83,0.581691,-0.581691,0.000181287,2.57638e-05
84,0.581719,-0.581719,0.000173408,2.41936e-05
85,0.581747,-0.581747,0.000165535,2.2796e-05
86,0.581775,-0.581775,0.000157668,2.1571e-05
87,0.581803,-0.581803,0.000149806,2.05186e-05
88,0.581831,-0.581831,0.00014195,1.96389e-05
89,0.58186,-0.58186,0.000134099,1.89318e-05
90,0.581888,-0.581888,0.000126254,1.83974e-05
91,0.581912,-0.581912,0.000120205,1.7715e-05
92,0.581931,-0.581931,0.000116098,1.68088e-05
93,0.58195,-0.581949,0.000112007,1.60061e-05
94,0.581968,-0.581968,0.000107933,1.53068e-05
95,0.581987,-0.581987,0.000103875,1.47111e-05
96,0.582006,-0.582006,9.98328e-05,1.42188e-05
97,0.582026,-0.582026,9.58318e-05,1.38775e-05
98,0.582045,-0.582045,9.1836e-05,1.36474e-05
99,0.582062,-0.582062,8.83239e-05,1.31656e-05
