R,v,vx,vy,vz
-100,0.553794,-0.553793,-5.35782e-05,0.000699518
-99,0.554061,-0.55406,-5.50926e-05,0.00071891
-98,0.554325,-0.554325,-5.70058e-05,0.000740651
-97,0.554586,-0.554585,-5.95023e-05,0.000765996
-96,0.554847,-0.554846,-6.18956e-05,0.000791507
-95,0.555108,-0.555107,-6.37718e-05,0.000816858
-94,0.555369,-0.555368,-6.56182e-05,0.000842404
-93,0.555631,-0.55563,-6.74346e-05,0.000868142
-92,0.555892,-0.555891,-6.92211e-05,0.000894075
-91,0.556154,-0.556153,-7.09778e-05,0.000920201
-90,0.556411,-0.55641,-7.2808e-05,0.000950418
-89,0.556664,-0.556663,-7.46413e-05,0.000984502
-88,0.556917,-0.556916,-7.63637e-05,0.00101892
-87,0.557171,-0.55717,-7.7975e-05,0.00105367
-86,0.557424,-0.557423,-7.94751e-05,0.00108875
-85,0.557679,-0.557677,-8.08637e-05,0.00112416
-84,0.557933,-0.557932,-8.21406e-05,0.00115991
-83,0.558188,-0.558186,-8.33057e-05,0.00119598
-82,0.55843,-0.558429,-8.64706e-05,0.00123932
-81,0.558667,-0.558666,-9.06638e-05,0.00128691
-80,0.558905,-0.558903,-9.47512e-05,0.00133508
-79,0.559142,-0.55914,-9.87327e-05,0.00138382
-78,0.55938,-0.559378,-0.000102608,0.00143314
-77,0.559619,-0.559617,-0.000106378,0.00148304
-76,0.559858,-0.559856,-0.000110041,0.00153351
-75,0.560097,-0.560095,-0.000113598,0.00158455
-74,0.560319,-0.560316,-0.000119244,0.00164633
-73,0.560536,-0.560533,-0.000125247,0.00171191
-72,0.560753,-0.56075,-0.000130961,0.00177847
-71,0.560971,-0.560968,-0.000136386,0.00184599
-70,0.561189,-0.561186,-0.00014152,0.00191448
-69,0.561408,-0.561405,-0.000146364,0.00198394
-68,0.561627,-0.561623,-0.000150916,0.00205436
-67,0.561847,-0.561843,-0.000155175,0.00212576
-66,0.562004,-0.561999,-0.000169315,0.00222019
-65,0.562155,-0.56215,-0.000184217,0.00231772
-64,0.562307,-0.562301,-0.000198843,0.0024161
-63,0.562459,-0.562453,-0.000213193,0.00251532
-62,0.562611,-0.562605,-0.000227267,0.00261539
-61,0.562764,-0.562757,-0.000241064,0.00271628
-60,0.562917,-0.56291,-0.000254583,0.00281801
-59,0.56307,-0.563062,-0.000268302,0.00292338
-58,0.563195,-0.563187,-0.000294946,0.00310509
-57,0.563321,-0.563312,-0.000322152,0.00328793
-56,0.563447,-0.563437,-0.000349922,0.00347189
-55,0.563574,-0.563562,-0.000378259,0.00365697
-54,0.563701,-0.563688,-0.000407166,0.00384315
-53,0.563828,-0.563813,-0.000436648,0.00403042
-52,0.563955,-0.563939,-0.000466706,0.00421878
-51,0.56407,-0.564052,-0.000532635,0.00443688
-50,0.564121,-0.5641,-0.000779402,0.00480477
-49,0.564182,-0.564158,-0.00102863,0.00517915
-48,0.564253,-0.564224,-0.00128033,0.00556001
-47,0.564333,-0.564299,-0.0015345,0.00594736
-46,0.564422,-0.564384,-0.00179116,0.00634119
-45,0.564522,-0.564478,-0.00205031,0.00674151
-44,0.56463,-0.56458,-0.00231195,0.0071483
-43,0.564684,-0.564626,-0.00266708,0.0076173
-42,0.564589,-0.56452,-0.00324546,0.00824325
-41,0.564502,-0.564419,-0.0038284,0.00890064
-40,0.564423,-0.564324,-0.00441592,0.00958953
-39,0.564352,-0.564235,-0.00500801,0.01031
-38,0.564288,-0.564152,-0.00560469,0.0110621
-37,0.564233,-0.564075,-0.00620595,0.011846
-36,0.564186,-0.564003,-0.00681181,0.0126617
-35,0.563368,-0.563164,-0.00751655,0.0131511
-34,0.561475,-0.561257,-0.00834467,0.0131999
-33,0.559574,-0.559341,-0.00916249,0.0133071
-32,0.557668,-0.557417,-0.00996302,0.013475
-31,0.555828,-0.555556,-0.0106255,0.0137803
-30,0.55402,-0.553723,-0.0112705,0.0142182
-29,0.552244,-0.551918,-0.011898,0.014789
-28,0.550501,-0.550141,-0.0125081,0.0154929
-27,0.545601,-0.545234,-0.0124004,0.0156922
-26,0.53821,-0.537855,-0.0116955,0.0156491
-25,0.530963,-0.530611,-0.0109642,0.0159277
-24,0.523862,-0.523502,-0.0102066,0.0165284
-23,0.51691,-0.516529,-0.00942269,0.0174516
-22,0.510107,-0.509692,-0.00861259,0.0186975
-21,0.50346,-0.502992,-0.00777633,0.0202664
-20,0.496971,-0.496428,-0.00691397,0.0221588
-19,0.481693,-0.48106,-0.00706176,0.0236548
-18,0.462031,-0.46127,-0.00775805,0.0253379
-17,0.442173,-0.441229,-0.00852867,0.0275866
-16,0.422138,-0.420938,-0.009374,0.0303996
-15,0.396316,-0.394945,0.00837662,0.0318459
-14,0.374418,-0.372286,0.0141474,0.037303
-13,0.330097,-0.325509,0.018134,0.0517641
-12,0.279913,-0.270749,0.0202328,0.0680919
-11,0.231589,-0.214844,0.0207592,0.0839299
-10,0.187467,-0.157794,0.0197216,0.0992767
-9,0.104102,-0.0961881,-0.00909136,0.0387615
-8,0.0772888,-0.0422525,-0.0467082,-0.0447953
-7,0.208405,0.179794,-0.064122,0.0836367
-6,0.201981,0.186352,-0.071505,-0.0309248
-5,0.236178,0.154489,-0.0851086,-0.157066
-4,1.22084,0.326361,-0.365681,-1.11814
-3,2.43407,0.39349,-0.676771,-2.30475
-2,6.24728,-2.67174,-1.15517,-5.52774
-1,10.4937,-5.70142,-1.62185,-8.65921
0,8.57915,-4.9832,-1.22761,-6.87477
1,7.17559,-4.53313,-0.916795,-5.48628
2,4.25934,-3.32201,-0.563373,-2.60554
3,1.96463,-1.85656,-0.132458,0.628801
4,1.67552,-1.65393,-0.149326,0.222671
5,1.52969,-1.50343,-0.168941,-0.226088
6,1.35214,-1.34231,-0.11847,-0.111539
7,1.18099,-1.17922,-0.0646241,-0.00271597
8,1.15949,-1.15813,-0.00770306,0.0555518
9,1.12739,-1.12177,0.0461266,0.102471
10,1.08589,-1.07306,0.0898464,0.140022
11,0.987873,-0.979587,0.0599187,0.112743
12,0.887897,-0.88345,0.0284574,0.0840737
13,0.786522,-0.784652,-0.00453737,0.0540151
14,0.70869,-0.707445,-0.0289805,0.0303937
15,0.713417,-0.712426,-0.0192468,0.0323029
16,0.718063,-0.71725,-0.00931367,0.0328724
17,0.721082,-0.720267,0.0011508,0.0342721
18,0.716723,-0.715845,0.0075662,0.0346527
19,0.69576,-0.694899,0.00675532,0.0339384
20,0.675084,-0.674255,0.00632995,0.0328355
21,0.654696,-0.653915,0.0062901,0.0313439
22,0.638778,-0.638028,0.00640583,0.0302688
23,0.630476,-0.629732,0.00608085,0.0299985
24,0.620739,-0.619904,0.0030485,0.0320394
25,0.61748,-0.616833,0.00331668,0.0280499
26,0.614207,-0.613732,0.00358206,0.0239048
27,0.610926,-0.6106,0.00384464,0.0196041
28,0.607881,-0.607629,0.00402146,0.0170353
29,0.605082,-0.604837,0.00410245,0.01672
30,0.602219,-0.601981,0.00419168,0.0164016
31,0.599292,-0.599061,0.00428913,0.0160801
32,0.596302,-0.596077,0.00439482,0.0157556
33,0.593009,-0.592792,0.00446636,0.0154163
34,0.589839,-0.589629,0.00449358,0.015057
35,0.586809,-0.586608,0.00447749,0.0146779
36,0.585499,-0.585315,0.00419371,0.014055
37,0.585365,-0.585203,0.00374964,0.0132584
38,0.585235,-0.585093,0.00332007,0.0124529
39,0.585107,-0.584984,0.002905,0.0116385
40,0.584982,-0.584877,0.00250444,0.0108153
41,0.58486,-0.584771,0.00211839,0.00998309
42,0.584741,-0.584667,0.00174685,0.00914201
43,0.584624,-0.584563,0.00138981,0.00829204
44,0.584292,-0.584237,0.00126404,0.00795167
45,0.583891,-0.583838,0.00122605,0.00781534
46,0.583515,-0.583463,0.00118397,0.00766974
47,0.583162,-0.583113,0.0011378,0.00751488
48,0.582834,-0.582786,0.00108754,0.00735074
49,0.582529,-0.582484,0.0010332,0.00717733
50,0.582249,-0.582206,0.000974764,0.00699464
51,0.581992,-0.581952,0.000912242,0.00680269
52,0.58192,-0.581883,0.000850908,0.006461
53,0.581884,-0.581851,0.000792287,0.00609411
54,0.581852,-0.581823,0.000735866,0.0057303
55,0.581824,-0.581799,0.000681645,0.00536957
56,0.581801,-0.581779,0.000629625,0.00501191
57,0.581781,-0.581762,0.000579805,0.00465734
58,0.581766,-0.58175,0.000532185,0.00430584
59,0.581755,-0.581741,0.000486765,0.00395742
60,0.581721,-0.581709,0.000462535,0.00381111
61,0.581692,-0.58168,0.00043856,0.0036711
62,0.581667,-0.581656,0.00041413,0.00353038
63,0.581647,-0.581637,0.000389244,0.00338893
64,0.581631,-0.581622,0.000363904,0.00324677
65,0.58162,-0.581612,0.00033811,0.00310388
66,0.581614,-0.581607,0.00031186,0.00296027
67,0.581613,-0.581606,0.000286799,0.00281971
68,0.581609,-0.581603,0.000277276,0.00271476
69,0.581607,-0.581601,0.000267942,0.00261
70,0.581607,-0.581602,0.000258796,0.00250544
71,0.581608,-0.581603,0.000249838,0.00240108
72,0.581611,-0.581607,0.000241069,0.00229692
73,0.581616,-0.581612,0.000232487,0.00219295
74,0.581622,-0.581618,0.000224094,0.00208918
75,0.58163,-0.581626,0.000215565,0.00199385
76,0.581638,-0.581635,0.000205987,0.00192716
77,0.581647,-0.581644,0.000196405,0.00186045
78,0.581658,-0.581655,0.000186819,0.00179371
79,0.58167,-0.581667,0.000177228,0.00172694
80,0.581683,-0.58168,0.000167634,0.00166014
81,0.581697,-0.581695,0.000158035,0.00159332
82,0.581712,-0.58171,0.000148432,0.00152646
83,0.581725,-0.581723,0.000140653,0.00146726
84,0.58173,-0.581729,0.000136183,0.00142215
85,0.581736,-0.581735,0.000131651,0.00137707
86,0.581743,-0.581742,0.000127055,0.00133201
87,0.581751,-0.581749,0.000122397,0.00128697
88,0.581759,-0.581757,0.000117676,0.00124195
89,0.581767,-0.581766,0.000112892,0.00119696
90,0.581777,-0.581775,0.000108045,0.00115198
91,0.581785,-0.581784,0.000103946,0.00111299
92,0.581793,-0.581792,0.000100727,0.00108043
93,0.581801,-0.5818,9.75411e-05,0.00104787
94,0.58181,-0.581809,9.43891e-05,0.00101532
95,0.581819,-0.581818,9.12707e-05,0.000982776
96,0.581828,-0.581828,8.81857e-05,0.000950239
97,0.581839,-0.581838,8.4969e-05,0.000916814
98,0.581849,-0.581849,8.1671e-05,0.000883367
99,0.581857,-0.581857,7.86846e-05,0.000855713
