R,v,vx,vy,vz
-100,0.554287,-0.554284,0.000157388,0.00188156
-99,0.554575,-0.554571,0.00016315,0.00193436
-98,0.55486,-0.554857,0.000169216,0.00199383
-97,0.555142,-0.555138,0.000175808,0.00206357
-96,0.555425,-0.555421,0.000182686,0.00213355
-95,0.555709,-0.555705,0.000190637,0.00220286
-94,0.555994,-0.555989,0.000198712,0.00227254
-93,0.556279,-0.556274,0.00020691,0.00234258
-92,0.556565,-0.556559,0.000215232,0.00241299
-91,0.556851,-0.556846,0.000223678,0.00248376
-90,0.557135,-0.557129,0.000235263,0.00256574
-89,0.557416,-0.557409,0.000249912,0.00265824
-88,0.557698,-0.557691,0.000264919,0.00275143
-87,0.557981,-0.557973,0.000280286,0.0028453
-86,0.558264,-0.558256,0.000296013,0.00293986
-85,0.558549,-0.558541,0.000312101,0.0030351
-84,0.558834,-0.558826,0.000328553,0.00313102
-83,0.559121,-0.559111,0.000345368,0.00322762
-82,0.559396,-0.559386,0.000363924,0.00334358
-81,0.559665,-0.559654,0.000383699,0.00347062
-80,0.559936,-0.559924,0.000403978,0.00359879
-79,0.560207,-0.560195,0.000424762,0.00372807
-78,0.56048,-0.560467,0.000446053,0.00385849
-77,0.560754,-0.56074,0.000467852,0.00399003
-76,0.561029,-0.561014,0.000490161,0.00412269
-75,0.561305,-0.561289,0.000512981,0.00425648
-74,0.561562,-0.561544,0.000545229,0.00442855
-73,0.561813,-0.561794,0.000580932,0.00461252
-72,0.562066,-0.562045,0.000617615,0.00479787
-71,0.562319,-0.562296,0.000655279,0.00498461
-70,0.562573,-0.562549,0.000693928,0.00517272
-69,0.562829,-0.562803,0.000733564,0.00536221
-68,0.563085,-0.563057,0.00077419,0.00555307
-67,0.563342,-0.563312,0.000815808,0.00574531
-66,0.563569,-0.563536,0.000860902,0.00602968
-65,0.563794,-0.563758,0.00090707,0.00632466
-64,0.564022,-0.563982,0.000954052,0.00662098
-63,0.564251,-0.564208,0.00100185,0.00691863
-62,0.564484,-0.564436,0.00105047,0.00721759
-61,0.564718,-0.564667,0.0010999,0.00751787
-60,0.564954,-0.564899,0.00115015,0.00781945
-59,0.565192,-0.565132,0.0011987,0.0081304
-58,0.565413,-0.565345,0.00117995,0.00866035
-57,0.565641,-0.565565,0.00116141,0.00919501
-56,0.565877,-0.565792,0.00114305,0.00973437
-55,0.566119,-0.566025,0.00112488,0.0102784
-54,0.56637,-0.566265,0.00110688,0.0108271
-53,0.566627,-0.566512,0.00108907,0.0113805
-52,0.566893,-0.566766,0.00107143,0.0119386
-51,0.567175,-0.567036,0.00101241,0.0125351
-50,0.567522,-0.567365,0.000742991,0.0133176
-49,0.567887,-0.567711,0.000474369,0.0141214
-48,0.56827,-0.568074,0.000206558,0.0149465
-47,0.568673,-0.568454,-6.04296e-05,0.015793
-46,0.569094,-0.56885,-0.000326584,0.016661
-45,0.569535,-0.569264,-0.000591894,0.0175503
-44,0.569995,-0.569695,-0.000856349,0.0184612
-43,0.570099,-0.569768,-0.00123256,0.0193743
-42,0.56931,-0.568945,-0.0018751,0.0202794
-41,0.568528,-0.568126,-0.00250986,0.0212322
-40,0.567755,-0.56731,-0.00313685,0.0222327
-39,0.566989,-0.566498,-0.00375602,0.0232811
-38,0.566232,-0.56569,-0.00436737,0.0243774
-37,0.565483,-0.564885,-0.00497088,0.0255218
-36,0.564744,-0.564084,-0.00556651,0.0267143
-35,0.563043,-0.562336,-0.00588633,0.0275971
-34,0.559955,-0.55922,-0.00584423,0.0280643
-33,0.556782,-0.556016,-0.0058132,0.0286181
-32,0.553546,-0.552742,-0.00577922,0.0292644
-31,0.550687,-0.549833,-0.0054567,0.0301553
-30,0.547927,-0.547013,-0.0050509,0.0312353
-29,0.545268,-0.54428,-0.0045616,0.0325047
-28,0.542713,-0.541634,-0.00398858,0.0339639
-27,0.535206,-0.533993,-0.00298748,0.0358852
-26,0.523653,-0.52224,-0.00155482,0.0383993
-25,0.512193,-0.510522,4.83184e-05,0.0413352
-24,0.50084,-0.498839,0.00182327,0.0446923
-23,0.506793,-0.504013,0.00338202,0.0528992
-22,0.500617,-0.497292,0.00401628,0.0574622
-21,0.485991,-0.481598,0.00859063,0.0646234
-20,0.466516,-0.460446,0.0153905,0.0734184
-19,0.447004,-0.438731,0.0223124,0.0826417
-18,0.427569,-0.416457,0.0293545,0.0922921
-17,0.397475,-0.37695,0.0287758,0.122747
-16,0.36828,-0.329203,0.024422,0.163275
-15,0.35504,-0.289048,0.0209132,0.205103
-14,0.352347,-0.252445,0.0170799,0.24521
-13,0.365744,-0.268731,-0.0108672,0.247858
-12,0.408102,-0.34473,-0.0508623,0.212418
-11,0.419452,-0.0486597,-0.0584508,0.412499
-10,0.499902,-0.0881314,-0.118457,0.477601
-9,0.587169,-0.200366,-0.191563,0.517614
-8,0.925989,-0.736981,-0.270187,0.491238
-7,1.66949,-1.61197,-0.356516,0.248345
-6,2.9037,-2.7993,-0.425237,-0.643837
-5,4.38396,-4.05706,-0.509493,-1.58108
-4,6.42774,-5.89203,-0.661014,-2.48252
-3,8.34487,-7.63192,-0.834109,-3.2703
-2,9.72142,-8.98012,-0.966883,-3.59564
-1,10.8739,-10.1247,-1.11914,-3.80518
0,8.92636,-8.30327,-1.01974,-3.11379
1,7.40179,-6.89246,-0.947349,-2.52646
2,4.58533,-4.42146,-0.507867,-1.10364
3,1.63288,-1.57998,0.0268601,0.411383
4,1.64465,-1.63682,-0.0337047,0.156724
5,1.76505,-1.75505,-0.107701,-0.153535
6,1.40604,-1.40097,-0.0792543,-0.0891325
7,1.04636,-1.04477,-0.0484207,-0.0312672
8,1.11904,-1.11819,-0.0228937,-0.0371014
9,1.10779,-1.10666,-0.00740373,-0.0494163
10,1.07847,-1.07686,0.00508644,-0.0587838
11,0.983761,-0.982455,-0.00933739,-0.0498022
12,0.885643,-0.884371,-0.0250399,-0.0402963
13,0.784316,-0.782605,-0.042021,-0.030266
14,0.70754,-0.705161,-0.0539669,-0.0211606
15,0.724232,-0.722648,-0.0444718,-0.01775
16,0.741337,-0.74036,-0.034577,-0.0158391
17,0.755722,-0.755211,-0.0238946,-0.0141559
18,0.757079,-0.756795,-0.0166057,-0.0124551
19,0.731133,-0.730892,-0.016529,-0.00884323
20,0.706292,-0.706086,-0.0161418,-0.00552489
21,0.682555,-0.682375,-0.0154441,-0.00250007
22,0.668207,-0.668068,-0.0136305,-0.000663785
23,0.66909,-0.66901,-0.0103759,-0.000510826
24,0.669628,-0.669588,-0.0073088,-0.000294761
25,0.669816,-0.669802,-0.00442933,-1.5589e-05
26,0.666481,-0.666473,-0.00320253,0.00117743
27,0.658796,-0.658774,-0.00402443,0.0035424
28,0.65133,-0.651286,-0.00479015,0.00586856
29,0.644085,-0.644009,-0.00549968,0.00815589
30,0.639683,-0.639591,-0.0060415,0.00900535
31,0.638127,-0.638042,-0.00645977,0.00814781
32,0.636544,-0.636468,-0.00689191,0.00702044
33,0.634937,-0.63487,-0.00733792,0.00562323
34,0.634151,-0.634097,-0.00643034,0.00514094
35,0.634021,-0.633981,-0.0043763,0.00568567
36,0.633845,-0.633809,-0.002297,0.00637124
37,0.633624,-0.633583,-0.000192459,0.00719765
38,0.628479,-0.628433,-2.32571e-05,0.00759218
39,0.620284,-0.620237,-0.00109947,0.00750952
40,0.606301,-0.606253,-0.00425967,0.00637254
41,0.605111,-0.605063,-0.0040064,0.00644565
42,0.603947,-0.603901,-0.00376274,0.00650238
43,0.602811,-0.602765,-0.00352867,0.00654272
44,0.601399,-0.601357,-0.00326937,0.0062729
45,0.599883,-0.599847,-0.00299953,0.00588226
46,0.598389,-0.598357,-0.00273252,0.00549441
47,0.596916,-0.596889,-0.00246832,0.00510937
48,0.595464,-0.595441,-0.00220694,0.00472713
49,0.594033,-0.594014,-0.00194837,0.00434768
50,0.592624,-0.592608,-0.00169262,0.00397104
51,0.591235,-0.591223,-0.00143969,0.00359719
52,0.590744,-0.59073,-0.0013371,0.00376336
53,0.590427,-0.590412,-0.00126204,0.00401468
54,0.590112,-0.590096,-0.00118551,0.00424487
55,0.589801,-0.589783,-0.0011075,0.00445395
56,0.589492,-0.589473,-0.00102801,0.00464191
57,0.589187,-0.589167,-0.000947053,0.00480876
58,0.588884,-0.588863,-0.000864621,0.00495449
59,0.588584,-0.588562,-0.000780716,0.0050791
60,0.588316,-0.588296,-0.00076706,0.00481286
61,0.588052,-0.588034,-0.000755968,0.00453754
62,0.587792,-0.587776,-0.000744959,0.0042665
63,0.587534,-0.58752,-0.000734034,0.00399975
64,0.58728,-0.587268,-0.000723192,0.00373727
65,0.587029,-0.587019,-0.000712433,0.00347907
66,0.586782,-0.586772,-0.000701757,0.00322516
67,0.586541,-0.586533,-0.000687586,0.00299524
68,0.586346,-0.586338,-0.0006395,0.00295324
69,0.586153,-0.586145,-0.00059164,0.00290813
70,0.585961,-0.585954,-0.000544006,0.00285992
71,0.585771,-0.585764,-0.000496596,0.00280859
72,0.585583,-0.585576,-0.000449412,0.00275415
73,0.585396,-0.58539,-0.000402453,0.00269661
74,0.585211,-0.585205,-0.000355719,0.00263595
75,0.585047,-0.585041,-0.000318718,0.00256923
76,0.584952,-0.584946,-0.000314693,0.00249088
77,0.584857,-0.584852,-0.00031056,0.00241222
78,0.584763,-0.584759,-0.000306319,0.00233325
79,0.58467,-0.584666,-0.00030197,0.00225396
80,0.584578,-0.584574,-0.000297513,0.00217436
81,0.584486,-0.584482,-0.000292947,0.00209445
82,0.584395,-0.584392,-0.000288274,0.00201423
83,0.584307,-0.584304,-0.000279763,0.00194659
84,0.584224,-0.584221,-0.000264477,0.00190207
85,0.584142,-0.584139,-0.000249342,0.0018569
86,0.58406,-0.584057,-0.000234358,0.00181106
87,0.583979,-0.583976,-0.000219525,0.00176457
88,0.583899,-0.583896,-0.000204843,0.00171741
89,0.583819,-0.583817,-0.000190311,0.0016696
90,0.58374,-0.583738,-0.000175931,0.00162113
91,0.583676,-0.583674,-0.000166478,0.00157734
92,0.583627,-0.583624,-0.000162163,0.00153888
93,0.583577,-0.583575,-0.000157787,0.0015001
94,0.583529,-0.583527,-0.000153349,0.00146099
95,0.58348,-0.583478,-0.00014885,0.00142154
96,0.583432,-0.58343,-0.00014429,0.00138177
97,0.583384,-0.583382,-0.000139974,0.00134045
98,0.583336,-0.583334,-0.000135772,0.0012987
99,0.583293,-0.583292,-0.000130882,0.00126444
