R,v,vx,vy,vz
-100,0.553844,-0.553843,1.50127e-05,0.00124745
-99,0.554116,-0.554114,1.58865e-05,0.0012822
-98,0.554385,-0.554383,1.66344e-05,0.00132121
-97,0.554649,-0.554647,1.72369e-05,0.00136678
-96,0.554913,-0.554911,1.80175e-05,0.00141257
-95,0.555179,-0.555177,1.94822e-05,0.00145798
-94,0.555444,-0.555442,2.09988e-05,0.00150367
-93,0.55571,-0.555708,2.25676e-05,0.00154965
-92,0.555977,-0.555975,2.41886e-05,0.00159593
-91,0.556244,-0.556242,2.58617e-05,0.0016425
-90,0.556506,-0.556503,2.85563e-05,0.00169623
-89,0.556763,-0.55676,3.22959e-05,0.00175671
-88,0.55702,-0.557018,3.6226e-05,0.00181772
-87,0.557279,-0.557276,4.03471e-05,0.00187925
-86,0.557538,-0.557534,4.46598e-05,0.00194131
-85,0.557797,-0.557793,4.91647e-05,0.00200389
-84,0.558057,-0.558053,5.38623e-05,0.00206699
-83,0.558318,-0.558314,5.87531e-05,0.00213062
-82,0.558563,-0.558559,6.22569e-05,0.00220653
-81,0.558801,-0.558796,6.51198e-05,0.0022896
-80,0.55904,-0.559035,6.81947e-05,0.00237356
-79,0.559279,-0.559274,7.14825e-05,0.00245842
-78,0.55952,-0.559514,7.49838e-05,0.00254418
-77,0.559761,-0.559754,7.86993e-05,0.00263084
-76,0.560002,-0.559996,8.26296e-05,0.00271839
-75,0.560245,-0.560238,8.67754e-05,0.00280685
-74,0.560464,-0.560457,9.24252e-05,0.00291503
-73,0.560677,-0.560669,9.89241e-05,0.00302982
-72,0.560891,-0.560883,0.000105941,0.00314593
-71,0.561106,-0.561096,0.000113479,0.00326336
-70,0.561321,-0.561311,0.000121538,0.00338211
-69,0.561537,-0.561526,0.000130121,0.00350217
-68,0.561753,-0.561741,0.000139229,0.00362355
-67,0.56197,-0.561958,0.000148864,0.00374624
-66,0.562122,-0.562108,0.00015067,0.00391749
-65,0.562267,-0.562252,0.000151999,0.00409472
-64,0.562413,-0.562397,0.000153695,0.0042731
-63,0.562561,-0.562543,0.000155759,0.00445263
-62,0.562709,-0.562689,0.000158194,0.0046333
-61,0.562857,-0.562837,0.000160999,0.0048151
-60,0.563007,-0.562985,0.000164177,0.00499803
-59,0.563155,-0.563132,0.000166148,0.00518692
-58,0.563262,-0.563235,0.00012573,0.00550729
-57,0.563371,-0.563341,8.46934e-05,0.0058303
-56,0.563483,-0.563449,4.30336e-05,0.00615594
-55,0.563597,-0.56356,7.44589e-07,0.00648418
-54,0.563714,-0.563672,-4.21793e-05,0.00681502
-53,0.563833,-0.563787,-8.57439e-05,0.00714844
-52,0.563954,-0.563904,-0.000129955,0.00748445
-51,0.564075,-0.564021,-0.000217772,0.00785643
-50,0.564192,-0.564129,-0.000525477,0.00840721
-49,0.564319,-0.564247,-0.000835821,0.00897186
-48,0.564458,-0.564377,-0.00114881,0.0095504
-47,0.564609,-0.564516,-0.00146443,0.0101428
-46,0.564772,-0.564667,-0.0017827,0.0107492
-45,0.564947,-0.564828,-0.00210361,0.0113695
-44,0.565133,-0.565,-0.00242716,0.0120038
-43,0.565104,-0.564956,-0.00288182,0.0126356
-42,0.56454,-0.564373,-0.00364566,0.013258
-41,0.563987,-0.563798,-0.00440696,0.0139193
-40,0.563446,-0.563232,-0.00516574,0.0146195
-39,0.562916,-0.562675,-0.00592198,0.0153589
-38,0.562398,-0.562127,-0.0066757,0.0161373
-37,0.561892,-0.561587,-0.00742689,0.0169551
-36,0.561399,-0.561057,-0.00817555,0.0178122
-35,0.559935,-0.559564,-0.00890683,0.0183142
-34,0.557068,-0.556683,-0.0096245,0.0183379
-33,0.554124,-0.553721,-0.0103527,0.0184339
-32,0.551114,-0.550688,-0.0110823,0.0186056
-31,0.548331,-0.54788,-0.0116429,0.0189478
-30,0.545616,-0.545134,-0.0121758,0.0194364
-29,0.542969,-0.542449,-0.0126812,0.0200717
-28,0.54039,-0.539827,-0.013159,0.0208541
-27,0.534084,-0.533505,-0.0133721,0.0209521
-26,0.524717,-0.524141,-0.01335,0.0206295
-25,0.515386,-0.514802,-0.0132828,0.0205988
-24,0.506091,-0.50549,-0.0131703,0.0208602
-23,0.496835,-0.496203,-0.0130123,0.0214135
-22,0.48762,-0.486943,-0.0128087,0.022259
-21,0.478447,-0.47771,-0.0125592,0.0233967
-20,0.469322,-0.468504,-0.0122638,0.0248265
-19,0.454321,-0.453513,-0.0144071,0.022936
-18,0.436807,-0.43602,-0.0178929,0.0191529
-17,0.419649,-0.418822,-0.0215855,0.015095
-16,0.402872,-0.401921,-0.0254848,0.0107605
-15,0.37912,-0.374254,-0.00229089,0.0605005
-14,0.362049,-0.353321,0.00325671,0.0789511
-13,0.315447,-0.29536,-0.00417564,0.110688
-12,0.271444,-0.229539,-0.0162337,0.14398
-11,0.24348,-0.166908,-0.0293616,0.17482
-10,0.233958,-0.107434,-0.0435475,0.203219
-9,0.203911,-0.175325,-0.0915282,0.0496326
-8,0.386457,-0.308407,-0.152502,-0.176004
-7,0.356975,-0.158324,-0.18523,0.260873
-6,0.284139,-0.175993,-0.215949,0.0559236
-5,0.566563,-0.359364,-0.272464,-0.34295
-4,2.96181,-1.95951,-0.677724,-2.11503
-3,5.51478,-3.68448,-1.10846,-3.95079
-2,8.43053,-6.24702,-1.38028,-5.49031
-1,11.1015,-8.59864,-1.62958,-6.83014
0,9.04366,-7.16448,-1.22125,-5.38206
1,7.56307,-6.17672,-0.910378,-4.26841
2,4.60196,-4.14326,-0.507435,-1.93752
3,1.84996,-1.72545,-0.00155157,0.66722
4,1.69628,-1.67476,-0.055693,0.263481
5,1.70253,-1.68808,-0.117789,-0.187396
6,1.41355,-1.40762,-0.0807126,-0.101053
7,1.12717,-1.12627,-0.0412014,-0.0184595
8,1.17097,-1.17084,-0.00938887,0.01502
9,1.14325,-1.14292,0.0191598,0.0197163
10,1.09982,-1.09876,0.0419017,0.0241358
11,1.0004,-1.00005,0.019313,0.0182011
12,0.898095,-0.898004,-0.0048507,0.0118587
13,0.793218,-0.792611,-0.0305893,0.00510864
14,0.713263,-0.71156,-0.0492508,0.000461125
15,0.725347,-0.724312,-0.0386088,0.00333016
16,0.737572,-0.737039,-0.0276576,0.00464946
17,0.747228,-0.747027,-0.0162393,0.006034
18,0.745295,-0.745203,-0.00904805,0.007464
19,0.719037,-0.718886,-0.0104716,0.0103964
20,0.69372,-0.693507,-0.0114729,0.0128321
21,0.669338,-0.669067,-0.0120521,0.0147709
22,0.654085,-0.653816,-0.0111666,0.0150607
23,0.653896,-0.653715,-0.00838557,0.0128983
24,0.653441,-0.653332,-0.00581243,0.0104528
25,0.65272,-0.652665,-0.00344722,0.00772419
26,0.650758,-0.650727,-0.00138309,0.00626265
27,0.647383,-0.647345,0.000511374,0.00701681
28,0.644035,-0.643981,0.00243414,0.00797655
29,0.640716,-0.640636,0.00438522,0.00914185
30,0.634774,-0.634675,0.00439597,0.0103204
31,0.626072,-0.625969,0.00231053,0.0111322
32,0.613185,-0.613072,-0.0030797,0.0113468
33,0.611363,-0.611248,-0.00327579,0.0114235
34,0.609538,-0.60942,-0.00347268,0.0114643
35,0.60773,-0.60761,-0.0036742,0.0114662
36,0.605551,-0.605438,-0.00342784,0.0112078
37,0.603138,-0.603035,-0.00286265,0.0107784
38,0.600778,-0.600684,-0.00230787,0.0103462
39,0.598471,-0.598386,-0.0017635,0.00991133
40,0.596217,-0.59614,-0.00122954,0.00947364
41,0.594017,-0.593947,-0.00070599,0.00903319
42,0.591869,-0.591807,-0.000192854,0.00858998
43,0.589775,-0.589719,0.00030987,0.008144
44,0.589074,-0.58902,0.000340963,0.00790988
45,0.588931,-0.58888,0.000184289,0.00774857
46,0.588789,-0.58874,3.16574e-05,0.0075696
47,0.588647,-0.588601,-0.000116932,0.00737297
48,0.588506,-0.588463,-0.000261478,0.0071587
49,0.588366,-0.588325,-0.000401982,0.00692677
50,0.588226,-0.588188,-0.000538444,0.00667719
51,0.588088,-0.588052,-0.000670863,0.00640996
52,0.587693,-0.58766,-0.000628233,0.00618433
53,0.587257,-0.587226,-0.000553323,0.00596749
54,0.586831,-0.586803,-0.000479777,0.00574925
55,0.586415,-0.586388,-0.000407597,0.00552962
56,0.586008,-0.585984,-0.000336782,0.00530858
57,0.585611,-0.585589,-0.000267332,0.00508615
58,0.585224,-0.585204,-0.000199248,0.00486232
59,0.584847,-0.584829,-0.000132528,0.00463709
60,0.584725,-0.584708,-0.00013409,0.00449012
61,0.584614,-0.584598,-0.000137433,0.00434347
62,0.584504,-0.584489,-0.000140183,0.00419433
63,0.584397,-0.584383,-0.000142341,0.00404271
64,0.584291,-0.584278,-0.000143906,0.00388861
65,0.584187,-0.584175,-0.00014488,0.00373203
66,0.584085,-0.584074,-0.000145261,0.00357297
67,0.583984,-0.583974,-0.000144235,0.00341562
68,0.583887,-0.583877,-0.000135305,0.00329712
69,0.583791,-0.583782,-0.000126618,0.00317859
70,0.583698,-0.58369,-0.000118173,0.00306001
71,0.583607,-0.5836,-0.00010997,0.0029414
72,0.583519,-0.583512,-0.000102009,0.00282274
73,0.583433,-0.583427,-9.42894e-05,0.00270405
74,0.583349,-0.583344,-8.68123e-05,0.00258532
75,0.583274,-0.583269,-8.00648e-05,0.00247776
76,0.583219,-0.583214,-7.50575e-05,0.00240861
77,0.583165,-0.58316,-6.99785e-05,0.00233871
78,0.583111,-0.583107,-6.48279e-05,0.00226805
79,0.583059,-0.583055,-5.96056e-05,0.00219665
80,0.583008,-0.583004,-5.43117e-05,0.00212449
81,0.582958,-0.582954,-4.89461e-05,0.00205158
82,0.582909,-0.582905,-4.35088e-05,0.00197792
83,0.582866,-0.582863,-3.93391e-05,0.00191057
84,0.582834,-0.582831,-3.76662e-05,0.00185581
85,0.582803,-0.5828,-3.6085e-05,0.00180086
86,0.582773,-0.58277,-3.45955e-05,0.00174572
87,0.582743,-0.582741,-3.31976e-05,0.00169039
88,0.582714,-0.582712,-3.18915e-05,0.00163487
89,0.582686,-0.582684,-3.06771e-05,0.00157915
90,0.582659,-0.582657,-2.95544e-05,0.00152325
91,0.582634,-0.582632,-2.80337e-05,0.00147571
92,0.582612,-0.58261,-2.59806e-05,0.00143716
93,0.58259,-0.582588,-2.3889e-05,0.0013984
94,0.582568,-0.582567,-2.17586e-05,0.00135942
95,0.582547,-0.582546,-1.95895e-05,0.00132023
96,0.582527,-0.582525,-1.73818e-05,0.00128082
97,0.582507,-0.582505,-1.53807e-05,0.00123998
98,0.582487,-0.582486,-1.35037e-05,0.00119888
99,0.582471,-0.58247,-1.24965e-05,0.00116436
