R,v,vx,vy,vz
-100,0.554635,-0.554631,0.00023366,0.0020859
-99,0.554934,-0.55493,0.000242703,0.00214573
-98,0.555232,-0.555228,0.000252496,0.0022135
-97,0.555529,-0.555524,0.000263503,0.00229347
-96,0.555827,-0.555822,0.000274842,0.00237365
-95,0.556126,-0.55612,0.000287342,0.00245287
-94,0.556425,-0.55642,0.000299995,0.00253242
-93,0.556726,-0.55672,0.000312801,0.00261231
-92,0.557027,-0.55702,0.00032576,0.00269252
-91,0.557329,-0.557322,0.000338874,0.00277307
-90,0.55763,-0.557623,0.000356869,0.0028672
-89,0.557931,-0.557923,0.000379553,0.00297404
-88,0.558234,-0.558225,0.000402663,0.00308151
-87,0.558537,-0.558528,0.0004262,0.00318963
-86,0.558842,-0.558832,0.000450164,0.00329839
-85,0.559147,-0.559137,0.000474557,0.0034078
-84,0.559454,-0.559442,0.000499381,0.00351785
-83,0.559762,-0.55975,0.000524635,0.00362854
-82,0.560062,-0.560049,0.000554569,0.00376349
-81,0.56036,-0.560346,0.000587362,0.00391209
-80,0.560659,-0.560644,0.000620766,0.00406174
-79,0.56096,-0.560944,0.000654782,0.00421243
-78,0.561262,-0.561244,0.000689413,0.00436417
-77,0.561565,-0.561547,0.000724659,0.00451695
-76,0.561871,-0.561851,0.000760524,0.00467078
-75,0.562177,-0.562156,0.000797008,0.00482565
-74,0.56247,-0.562447,0.000849916,0.00503115
-73,0.562761,-0.562736,0.000908398,0.00525185
-72,0.563053,-0.563026,0.000968031,0.00547371
-71,0.563347,-0.563317,0.00102882,0.00569671
-70,0.563642,-0.56361,0.00109076,0.00592086
-69,0.563939,-0.563905,0.00115386,0.00614614
-68,0.564238,-0.564201,0.00121813,0.00637257
-67,0.564538,-0.564498,0.00128355,0.00660012
-66,0.56483,-0.564786,0.00136094,0.00694879
-65,0.565124,-0.565075,0.00144039,0.00731095
-64,0.565422,-0.565368,0.00152081,0.00767438
-63,0.565724,-0.565665,0.0016022,0.00803906
-62,0.566029,-0.565964,0.00168456,0.00840499
-61,0.566338,-0.566267,0.00176789,0.00877216
-60,0.56665,-0.566573,0.00185219,0.00914055
-59,0.566966,-0.566883,0.00193526,0.00951985
-58,0.567298,-0.567203,0.0019604,0.0101619
-57,0.56764,-0.567534,0.00198652,0.0108093
-56,0.567994,-0.567875,0.00201359,0.011462
-55,0.568358,-0.568225,0.00204164,0.01212
-54,0.568734,-0.568587,0.00207065,0.0127834
-53,0.569121,-0.568958,0.00210062,0.0134521
-52,0.569519,-0.56934,0.00213155,0.014126
-51,0.56993,-0.569733,0.00212552,0.0148538
-50,0.570369,-0.570146,0.00192898,0.0158448
-49,0.570829,-0.570577,0.00173514,0.0168616
-48,0.57131,-0.571027,0.00154403,0.0179043
-47,0.571812,-0.571496,0.00135567,0.0189729
-46,0.572336,-0.571983,0.00117007,0.0200673
-45,0.572881,-0.572488,0.000987252,0.0211878
-44,0.573448,-0.573012,0.000807234,0.0223343
-43,0.573683,-0.573203,0.000572273,0.0234577
-42,0.57308,-0.572556,0.000207348,0.024504
-41,0.572489,-0.571916,-0.000144637,0.0255999
-40,0.57191,-0.571284,-0.000483652,0.0267454
-39,0.571344,-0.57066,-0.000809663,0.0279406
-38,0.570792,-0.570044,-0.00112264,0.0291857
-37,0.570252,-0.569435,-0.00142255,0.0304806
-36,0.569726,-0.568834,-0.00170936,0.0318255
-35,0.56789,-0.566908,-0.00166169,0.0333507
-34,0.564178,-0.56308,-0.00117253,0.0351526
-33,0.560373,-0.559145,-0.000687656,0.037072
-32,0.556506,-0.55513,-0.000187194,0.0391132
-31,0.553143,-0.551593,0.000729397,0.0413854
-30,0.549878,-0.548124,0.00176652,0.043855
-29,0.546714,-0.544724,0.00292461,0.0465221
-28,0.543656,-0.541392,0.0042041,0.0493868
-27,0.535578,-0.533003,0.00627573,0.0520847
-26,0.523555,-0.520605,0.0090832,0.0547532
-25,0.51183,-0.508422,0.0120994,0.0577096
-24,0.500418,-0.496455,0.0153268,0.0609523
-23,0.512986,-0.507268,0.0238062,0.072577
-22,0.508882,-0.501941,0.0278634,0.0789908
-21,0.493017,-0.48246,0.0339786,0.0956196
-20,0.471355,-0.454321,0.0412047,0.118616
-19,0.45113,-0.425187,0.0484973,0.142769
-18,0.432946,-0.395062,0.0558551,0.168073
-17,0.40019,-0.336408,0.0511662,0.210627
-16,0.374388,-0.264584,0.0407258,0.261731
-15,0.365827,-0.17312,0.0456521,0.319021
-14,0.392719,-0.141807,0.0234873,0.365469
-13,0.424514,-0.132143,-0.00702245,0.403362
-12,0.480094,-0.115931,-0.0585479,0.462193
-11,0.5733,-0.0996392,-0.121574,0.55133
-10,0.763142,-0.496765,-0.190054,0.547257
-9,1.1981,-1.05734,-0.263019,0.498291
-8,1.92819,-1.89477,-0.308698,0.180225
-7,3.05592,-3.01276,-0.368418,-0.35518
-6,4.52943,-4.37062,-0.4935,-1.08159
-5,6.02449,-5.72317,-0.636542,-1.77048
-4,7.59406,-7.21399,-0.760584,-2.24713
-3,9.0191,-8.58349,-0.90044,-2.61862
-2,10.2507,-9.8072,-1.04169,-2.79474
-1,11.3018,-10.8595,-1.19733,-2.89284
0,9.32974,-8.94389,-1.07843,-2.42648
1,7.75244,-7.42148,-0.97771,-2.01643
2,4.72576,-4.61728,-0.513535,-0.865963
3,1.52853,-1.49474,0.0381809,0.317358
4,1.57396,-1.5698,-0.0268698,0.111213
5,1.70371,-1.69408,-0.106759,-0.146047
6,1.35933,-1.35411,-0.0793656,-0.0886694
7,1.0142,-1.01228,-0.049301,-0.0383519
8,1.09001,-1.0885,-0.0239714,-0.0522002
9,1.08516,-1.08304,-0.0110869,-0.0668323
10,1.06214,-1.05927,-0.00066158,-0.0780182
11,0.970675,-0.968365,-0.0134047,-0.065578
12,0.875774,-0.87378,-0.0273349,-0.0523595
13,0.777627,-0.775519,-0.0424521,-0.0383629
14,0.70353,-0.701054,-0.0529254,-0.0260166
15,0.721401,-0.719731,-0.0435514,-0.022587
16,0.739768,-0.738712,-0.0337302,-0.0205857
17,0.755482,-0.754896,-0.0230595,-0.0188017
18,0.757822,-0.757467,-0.0157937,-0.0170157
19,0.731895,-0.731603,-0.0158937,-0.0132056
20,0.707052,-0.706812,-0.0157165,-0.00956096
21,0.683292,-0.683094,-0.0152622,-0.00608171
22,0.668866,-0.668714,-0.0136966,-0.00387367
23,0.669586,-0.669491,-0.0106393,-0.0037355
24,0.669949,-0.669894,-0.00775646,-0.00359885
25,0.669951,-0.669923,-0.00504797,-0.00346372
26,0.666741,-0.666724,-0.00393784,-0.00259985
27,0.65966,-0.659642,-0.00480694,-0.000816731
28,0.65285,-0.652826,-0.00560768,0.000833584
29,0.64631,-0.646275,-0.00634008,0.0023511
30,0.642595,-0.642553,-0.00655281,0.00337514
31,0.641641,-0.641599,-0.00628552,0.00390215
32,0.64063,-0.640587,-0.00604592,0.00432557
33,0.639562,-0.639518,-0.00583402,0.0046454
34,0.638306,-0.638267,-0.00482839,0.00519501
35,0.636882,-0.636845,-0.00312374,0.00610527
36,0.635395,-0.635354,-0.00138488,0.00715583
37,0.633847,-0.633792,0.000388192,0.00834671
38,0.628596,-0.628539,0.000197522,0.00845066
39,0.62109,-0.621042,-0.00126206,0.00761785
40,0.608864,-0.608825,-0.00508826,0.00474044
41,0.607689,-0.60765,-0.00508984,0.00457423
42,0.606499,-0.606462,-0.00508317,0.00439884
43,0.605296,-0.60526,-0.00506823,0.00421426
44,0.603643,-0.603611,-0.00466849,0.00419492
45,0.601842,-0.601813,-0.00412306,0.00424255
46,0.600079,-0.600053,-0.00358977,0.00428616
47,0.598353,-0.598329,-0.00306863,0.00432575
48,0.596664,-0.596643,-0.00255963,0.00436132
49,0.595013,-0.594993,-0.00206278,0.00439287
50,0.593399,-0.593381,-0.00157807,0.00442041
51,0.591823,-0.591805,-0.00110551,0.00444392
52,0.591424,-0.591407,-0.00107521,0.00441229
53,0.591246,-0.591229,-0.00112409,0.00435844
54,0.591062,-0.591045,-0.00116715,0.00429156
55,0.590872,-0.590856,-0.0012044,0.00421165
56,0.590677,-0.590662,-0.00123584,0.00411871
57,0.590477,-0.590462,-0.00126146,0.00401275
58,0.590271,-0.590257,-0.00128127,0.00389375
59,0.59006,-0.590046,-0.00129527,0.00376173
60,0.589656,-0.589643,-0.00121614,0.00368357
61,0.589251,-0.589239,-0.00113578,0.0036058
62,0.588854,-0.588842,-0.00105738,0.00352627
63,0.588463,-0.588452,-0.000980945,0.00344498
64,0.588079,-0.588068,-0.000906469,0.00336193
65,0.587701,-0.587691,-0.000833955,0.00327712
66,0.58733,-0.58732,-0.000763402,0.00319055
67,0.586984,-0.586975,-0.000698317,0.00310345
68,0.586821,-0.586813,-0.000667126,0.00302617
69,0.586658,-0.586651,-0.000635241,0.00294684
70,0.586495,-0.586488,-0.000602663,0.00286543
71,0.586332,-0.586325,-0.000569392,0.00278196
72,0.586169,-0.586163,-0.000535427,0.00269643
73,0.586006,-0.586,-0.000500768,0.00260883
74,0.585842,-0.585837,-0.000465417,0.00251916
75,0.585687,-0.585682,-0.00043477,0.00243293
76,0.585561,-0.585556,-0.000422692,0.00236475
77,0.585436,-0.585431,-0.000410819,0.00229626
78,0.585313,-0.585308,-0.000399149,0.00222746
79,0.585191,-0.585187,-0.000387683,0.00215836
80,0.58507,-0.585066,-0.000376421,0.00208895
81,0.584951,-0.584947,-0.000365363,0.00201923
82,0.584833,-0.58483,-0.000354508,0.00194921
83,0.584725,-0.584722,-0.000341394,0.00188917
84,0.584632,-0.584629,-0.00032385,0.0018474
85,0.58454,-0.584537,-0.000306345,0.00180483
86,0.584448,-0.584445,-0.000288879,0.00176146
87,0.584356,-0.584354,-0.000271452,0.0017173
88,0.584265,-0.584263,-0.000254064,0.00167233
89,0.584175,-0.584172,-0.000236715,0.00162657
90,0.584085,-0.584083,-0.000219405,0.00158002
91,0.58401,-0.584008,-0.000208022,0.00153808
92,0.583952,-0.58395,-0.000202965,0.00150152
93,0.583894,-0.583893,-0.000197878,0.00146464
94,0.583837,-0.583835,-0.000192761,0.00142744
95,0.58378,-0.583779,-0.000187613,0.0013899
96,0.583724,-0.583722,-0.000182435,0.00135205
97,0.583667,-0.583665,-0.000177492,0.00131265
98,0.583611,-0.583609,-0.000172644,0.00127277
99,0.58356,-0.583559,-0.000166412,0.00124016
