R,v,vx,vy,vz
-100,0.554802,-0.554802,-5.45924e-05,-9.26838e-06
-99,0.55507,-0.55507,-5.59934e-05,-9.44072e-06
-98,0.555338,-0.555338,-5.77632e-05,-9.77835e-06
-97,0.555603,-0.555603,-6.01035e-05,-1.03789e-05
-96,0.555869,-0.555869,-6.24479e-05,-1.09195e-05
-95,0.556134,-0.556134,-6.47223e-05,-1.13179e-05
-94,0.5564,-0.5564,-6.69938e-05,-1.16553e-05
-93,0.556666,-0.556666,-6.92623e-05,-1.19318e-05
-92,0.556931,-0.556931,-7.15279e-05,-1.21472e-05
-91,0.557197,-0.557197,-7.37905e-05,-1.23017e-05
-90,0.55746,-0.55746,-7.69369e-05,-1.28291e-05
-89,0.557722,-0.557722,-8.08864e-05,-1.36662e-05
-88,0.557983,-0.557983,-8.48251e-05,-1.44068e-05
-87,0.558244,-0.558244,-8.87528e-05,-1.50509e-05
-86,0.558506,-0.558506,-9.26697e-05,-1.55986e-05
-85,0.558767,-0.558767,-9.65758e-05,-1.60497e-05
-84,0.559028,-0.559028,-0.000100471,-1.64043e-05
-83,0.559289,-0.559289,-0.000104356,-1.66624e-05
-82,0.559546,-0.559546,-0.000109844,-1.77186e-05
-81,0.559801,-0.559801,-0.000116176,-1.91102e-05
-80,0.560056,-0.560056,-0.000122479,-2.03461e-05
-79,0.56031,-0.56031,-0.000128755,-2.14263e-05
-78,0.560565,-0.560565,-0.000135003,-2.23506e-05
-77,0.560819,-0.560819,-0.000141224,-2.31191e-05
-76,0.561073,-0.561073,-0.000147416,-2.37317e-05
-75,0.561327,-0.561327,-0.000153582,-2.41885e-05
-74,0.561572,-0.561572,-0.000163649,-2.63432e-05
-73,0.561815,-0.561815,-0.000174769,-2.8773e-05
-72,0.562057,-0.562057,-0.000185821,-3.09399e-05
-71,0.562299,-0.562299,-0.000196806,-3.28438e-05
-70,0.562541,-0.562541,-0.000207723,-3.44846e-05
-69,0.562782,-0.562782,-0.000218574,-3.58623e-05
-68,0.563024,-0.563024,-0.000229357,-3.69768e-05
-67,0.563264,-0.563264,-0.000240074,-3.7828e-05
-66,0.563486,-0.563486,-0.000257106,-4.26387e-05
-65,0.563704,-0.563704,-0.00027462,-4.7418e-05
-64,0.563922,-0.563922,-0.000291962,-5.17256e-05
-63,0.56414,-0.564139,-0.000309132,-5.55615e-05
-62,0.564356,-0.564356,-0.00032613,-5.89253e-05
-61,0.564572,-0.564572,-0.000342956,-6.1817e-05
-60,0.564787,-0.564786,-0.000359611,-6.42363e-05
-59,0.564999,-0.564999,-0.000376386,-6.65676e-05
-58,0.56518,-0.56518,-0.000400639,-7.85051e-05
-57,0.565358,-0.565358,-0.000424441,-8.95709e-05
-56,0.565535,-0.565535,-0.000447791,-9.97645e-05
-55,0.565711,-0.565711,-0.00047069,-0.000109085
-54,0.565885,-0.565884,-0.000493139,-0.000117533
-53,0.566057,-0.566056,-0.000515138,-0.000125107
-52,0.566227,-0.566227,-0.000536687,-0.000131807
-51,0.566379,-0.566378,-0.000561594,-0.000140493
-50,0.56644,-0.566439,-0.000605207,-0.000162656
-49,0.566496,-0.566496,-0.00064807,-0.000183661
-48,0.566548,-0.566548,-0.000690186,-0.000203509
-47,0.566595,-0.566595,-0.000731559,-0.000222201
-46,0.566639,-0.566638,-0.00077219,-0.000239738
-45,0.566677,-0.566676,-0.000812083,-0.000256122
-44,0.566711,-0.56671,-0.00085124,-0.000271355
-43,0.566727,-0.566726,-0.000900787,-0.000290236
-42,0.566704,-0.566703,-0.000976044,-0.000318611
-41,0.566676,-0.566675,-0.00104998,-0.000344397
-40,0.566641,-0.56664,-0.00112258,-0.000367595
-39,0.5666,-0.566599,-0.00119387,-0.000388207
-38,0.566553,-0.566552,-0.00126384,-0.000406233
-37,0.5665,-0.566499,-0.0013325,-0.000421675
-36,0.566441,-0.566439,-0.00139984,-0.000434534
-35,0.56613,-0.566128,-0.0014959,-0.000406768
-34,0.565466,-0.565463,-0.00163029,-0.000317627
-33,0.564782,-0.564779,-0.00176118,-0.000216592
-32,0.564086,-0.564083,-0.00189005,-0.000102748
-31,0.563514,-0.563511,-0.00204312,3.78684e-05
-30,0.562953,-0.562949,-0.00219542,0.000188103
-29,0.562404,-0.562399,-0.00234691,0.000347945
-28,0.561865,-0.561859,-0.00249756,0.000517383
-27,0.560987,-0.560982,-0.00228746,0.000706676
-26,0.559829,-0.559826,-0.0017863,0.000968682
-25,0.558678,-0.558675,-0.00128962,0.00131107
-24,0.557534,-0.55753,-0.000797521,0.00173407
-23,0.556395,-0.556391,-0.000310109,0.0022379
-22,0.555264,-0.555257,0.000172512,0.00282278
-21,0.55414,-0.554129,0.00065024,0.00348893
-20,0.553023,-0.553006,0.00112297,0.00423657
-19,0.549578,-0.549561,0.00281004,0.00326208
-18,0.545151,-0.545125,0.00503632,0.00168885
-17,0.540868,-0.54082,0.00721817,0.000404954
-16,0.536729,-0.536647,0.00935565,-0.000588722
-15,0.532731,-0.532606,0.0114488,-0.00129127
-14,0.528872,-0.528697,0.0134977,-0.00170179
-13,0.525153,-0.524921,0.0155024,-0.00181938
-12,0.521572,-0.521277,0.017463,-0.00164313
-11,0.501808,-0.50145,0.0158503,-0.0104098
-10,0.478628,-0.477982,0.013147,-0.0211031
-9,0.455991,-0.454786,0.0101752,-0.031517
-8,0.433923,-0.431863,0.00693611,-0.04165
-7,0.175116,-0.135915,0.109382,-0.0151137
-6,0.141721,-0.0153758,0.140745,-0.00626887
-5,0.148507,0.0606119,0.0828748,-0.107295
-4,0.255103,0.130234,0.0113569,-0.219061
-3,0.44873,0.417632,0.023304,-0.162477
-2,1.25543,0.886619,-0.342304,-0.820269
-1,2.27786,1.43623,-0.801665,-1.57582
0,2.68023,1.6821,-1.14752,-1.74281
1,2.96855,1.8598,-1.3868,-1.85207
2,1.72208,1.11485,-0.807932,-1.03436
3,0.57391,0.426978,-0.256786,-0.284821
4,0.360705,0.0881542,-0.202267,-0.28535
5,0.170349,-0.0809759,-0.0914442,-0.118742
6,0.248754,-0.246158,0.0112634,0.0340305
7,0.301229,-0.300627,0.0145815,0.012234
8,0.356023,-0.355509,0.0176882,-0.00730836
9,0.412053,-0.410803,0.0205833,-0.0245965
10,0.462212,-0.460179,0.0227941,-0.0368291
11,0.479035,-0.477375,0.0221906,-0.0330896
12,0.496942,-0.495668,0.0211344,-0.0286064
13,0.515961,-0.515058,0.0196255,-0.0233796
14,0.532686,-0.53208,0.0175264,-0.0183953
15,0.538091,-0.537648,0.0146662,-0.0161562
16,0.546125,-0.545939,0.00694506,-0.0124194
17,0.551131,-0.551009,0.00647662,-0.00959552
18,0.556193,-0.556123,0.00590247,-0.00653163
19,0.561315,-0.561281,0.00522261,-0.00322778
20,0.565079,-0.565059,0.00467153,-0.000980081
21,0.565848,-0.565828,0.00458435,-0.00135583
22,0.56658,-0.56656,0.00450655,-0.0016962
23,0.567275,-0.567254,0.00443811,-0.00200117
24,0.567934,-0.567912,0.00437903,-0.00227075
25,0.568555,-0.568533,0.00432933,-0.00250494
26,0.569139,-0.569117,0.00428899,-0.00270374
27,0.569686,-0.569663,0.00425802,-0.00286715
28,0.570373,-0.570351,0.00414937,-0.00284826
29,0.57127,-0.57125,0.00392853,-0.00262543
30,0.572174,-0.572157,0.00369558,-0.00238147
31,0.573085,-0.573071,0.00345053,-0.00211639
32,0.574004,-0.573992,0.00319339,-0.00183017
33,0.574919,-0.57491,0.00289676,-0.00146775
34,0.575818,-0.575811,0.00260391,-0.00110733
35,0.576701,-0.576696,0.00231683,-0.000752689
36,0.577203,-0.577199,0.00214261,-0.000613011
37,0.577439,-0.577435,0.00204656,-0.000622784
38,0.577676,-0.577673,0.00194965,-0.000628242
39,0.577915,-0.577912,0.00185188,-0.000629385
40,0.578155,-0.578152,0.00175326,-0.000626214
41,0.578397,-0.578395,0.00165378,-0.000618728
42,0.578641,-0.578638,0.00155344,-0.000606928
43,0.578885,-0.578883,0.00145225,-0.000590812
44,0.579087,-0.579086,0.00136491,-0.000541687
45,0.57927,-0.579268,0.00128475,-0.000480568
46,0.579449,-0.579448,0.00120605,-0.00041996
47,0.579627,-0.579626,0.00112881,-0.000359864
48,0.579802,-0.579801,0.00105304,-0.00030028
49,0.579975,-0.579974,0.000978741,-0.000241207
50,0.580146,-0.580145,0.000905904,-0.000182646
51,0.580314,-0.580314,0.000834532,-0.000124597
52,0.580425,-0.580424,0.000786314,-0.000116763
53,0.580525,-0.580525,0.000742389,-0.00011769
54,0.580626,-0.580626,0.000698424,-0.000117601
55,0.580727,-0.580727,0.000654418,-0.000116496
56,0.580829,-0.580829,0.000610371,-0.000114375
57,0.580932,-0.580931,0.000566283,-0.000111238
58,0.581035,-0.581034,0.000522155,-0.000107085
59,0.581138,-0.581138,0.000477986,-0.000101917
60,0.581197,-0.581197,0.000454974,-9.34898e-05
61,0.581254,-0.581253,0.000432994,-8.48001e-05
62,0.58131,-0.58131,0.00041131,-7.59407e-05
63,0.581366,-0.581366,0.000389924,-6.69115e-05
64,0.581422,-0.581422,0.000368834,-5.77125e-05
65,0.581478,-0.581478,0.00034804,-4.83439e-05
66,0.581533,-0.581533,0.000327543,-3.88055e-05
67,0.581587,-0.581587,0.000307716,-3.00386e-05
68,0.581629,-0.581629,0.000291599,-2.99964e-05
69,0.581672,-0.581672,0.000275519,-2.96614e-05
70,0.581714,-0.581714,0.000259478,-2.90338e-05
71,0.581757,-0.581757,0.000243474,-2.81135e-05
72,0.5818,-0.5818,0.000227507,-2.69006e-05
73,0.581842,-0.581842,0.000211579,-2.53949e-05
74,0.581885,-0.581885,0.000195688,-2.35965e-05
75,0.581924,-0.581924,0.000181798,-2.1744e-05
76,0.581949,-0.581949,0.000174761,-2.05217e-05
77,0.581974,-0.581974,0.000167778,-1.91639e-05
78,0.581999,-0.581999,0.000160846,-1.76707e-05
79,0.582024,-0.582024,0.000153967,-1.6042e-05
80,0.582049,-0.582049,0.000147141,-1.42778e-05
81,0.582074,-0.582073,0.000140367,-1.23782e-05
82,0.582098,-0.582098,0.000133646,-1.03432e-05
83,0.582121,-0.582121,0.000127301,-8.94529e-06
84,0.582141,-0.582141,0.000121581,-8.84748e-06
85,0.58216,-0.58216,0.000115877,-8.64033e-06
86,0.582179,-0.582179,0.00011019,-8.32384e-06
87,0.582199,-0.582199,0.00010452,-7.898e-06
88,0.582218,-0.582218,9.88664e-05,-7.36282e-06
89,0.582238,-0.582238,9.32294e-05,-6.7183e-06
90,0.582257,-0.582257,8.76092e-05,-5.96444e-06
91,0.582273,-0.582273,8.33851e-05,-5.46164e-06
92,0.582286,-0.582286,8.06578e-05,-5.26822e-06
93,0.582299,-0.582299,7.79405e-05,-5.00686e-06
94,0.582312,-0.582312,7.5233e-05,-4.67756e-06
95,0.582325,-0.582325,7.25355e-05,-4.28031e-06
96,0.582338,-0.582338,6.98479e-05,-3.81513e-06
97,0.582351,-0.582351,6.72002e-05,-3.23782e-06
98,0.582365,-0.582365,6.45588e-05,-2.58765e-06
99,0.582376,-0.582376,6.21916e-05,-2.29679e-06
