R,v,vx,vy,vz
-100,0.555797,-0.555797,-1.09739e-05,-1.50323e-07
-99,0.55607,-0.55607,-1.07906e-05,-1.44911e-07
-98,0.556344,-0.556344,-1.06304e-05,-1.3951e-07
-97,0.556617,-0.556617,-1.05059e-05,-1.341e-07
-96,0.556891,-0.556891,-1.03813e-05,-1.29013e-07
-95,0.557165,-0.557165,-1.02574e-05,-1.2539e-07
-94,0.557438,-0.557438,-1.01332e-05,-1.21823e-07
-93,0.557712,-0.557712,-1.00088e-05,-1.18314e-07
-92,0.557985,-0.557985,-9.88414e-06,-1.14863e-07
-91,0.558259,-0.558259,-9.75924e-06,-1.11469e-07
-90,0.558533,-0.558533,-9.63346e-06,-1.08082e-07
-89,0.558806,-0.558806,-9.50684e-06,-1.04708e-07
-88,0.55908,-0.55908,-9.37997e-06,-1.01396e-07
-87,0.559354,-0.559354,-9.25284e-06,-9.8144e-08
-86,0.559627,-0.559627,-9.12545e-06,-9.4953e-08
-85,0.559901,-0.559901,-8.99781e-06,-9.18228e-08
-84,0.560175,-0.560175,-8.86992e-06,-8.87534e-08
-83,0.560449,-0.560449,-8.74177e-06,-8.57448e-08
-82,0.560722,-0.560722,-8.63828e-06,-8.27794e-08
-81,0.560996,-0.560996,-8.54799e-06,-7.98647e-08
-80,0.56127,-0.56127,-8.45754e-06,-7.70099e-08
-79,0.561544,-0.561544,-8.36691e-06,-7.42151e-08
-78,0.561818,-0.561818,-8.2761e-06,-7.14802e-08
-77,0.562091,-0.562091,-8.18513e-06,-6.88052e-08
-76,0.562365,-0.562365,-8.09398e-06,-6.61902e-08
-75,0.562639,-0.562639,-8.00267e-06,-6.36351e-08
-74,0.562913,-0.562913,-7.92019e-06,-6.11204e-08
-73,0.563187,-0.563187,-7.84012e-06,-5.86617e-08
-72,0.563461,-0.563461,-7.7599e-06,-5.62646e-08
-71,0.563735,-0.563735,-7.67952e-06,-5.39293e-08
-70,0.564008,-0.564008,-7.599e-06,-5.16558e-08
-69,0.564282,-0.564282,-7.51833e-06,-4.94439e-08
-68,0.564556,-0.564556,-7.43751e-06,-4.72938e-08
-67,0.56483,-0.56483,-7.35653e-06,-4.52054e-08
-66,0.565104,-0.565104,-7.29676e-06,-4.31754e-08
-65,0.565378,-0.565378,-7.23906e-06,-4.12058e-08
-64,0.565652,-0.565652,-7.18125e-06,-3.92969e-08
-63,0.565926,-0.565926,-7.12333e-06,-3.74486e-08
-62,0.5662,-0.5662,-7.06531e-06,-3.5661e-08
-61,0.566474,-0.566474,-7.00719e-06,-3.3934e-08
-60,0.566748,-0.566748,-6.94896e-06,-3.22677e-08
-59,0.567022,-0.567022,-6.89041e-06,-3.06629e-08
-58,0.567296,-0.567296,-6.82587e-06,-2.91439e-08
-57,0.56757,-0.56757,-6.7612e-06,-2.76873e-08
-56,0.567844,-0.567844,-6.6964e-06,-2.62933e-08
-55,0.568118,-0.568118,-6.63148e-06,-2.49617e-08
-54,0.568392,-0.568392,-6.56643e-06,-2.36926e-08
-53,0.568665,-0.568665,-6.50125e-06,-2.24861e-08
-52,0.568939,-0.568939,-6.43594e-06,-2.1342e-08
-51,0.569213,-0.569213,-6.37314e-06,-2.0261e-08
-50,0.569488,-0.569488,-6.32358e-06,-1.92448e-08
-49,0.569762,-0.569762,-6.27393e-06,-1.82892e-08
-48,0.570036,-0.570036,-6.22419e-06,-1.73945e-08
-47,0.57031,-0.57031,-6.17436e-06,-1.65605e-08
-46,0.570584,-0.570584,-6.12444e-06,-1.57873e-08
-45,0.570858,-0.570858,-6.07442e-06,-1.50748e-08
-44,0.571132,-0.571132,-6.02432e-06,-1.44231e-08
-43,0.571406,-0.571406,-5.97546e-06,-1.38436e-08
-42,0.57168,-0.57168,-5.92974e-06,-1.33534e-08
-41,0.571954,-0.571954,-5.88394e-06,-1.29253e-08
-40,0.572228,-0.572228,-5.83806e-06,-1.25595e-08
-39,0.572502,-0.572502,-5.79209e-06,-1.22558e-08
-38,0.572776,-0.572776,-5.74604e-06,-1.20144e-08
-37,0.57305,-0.57305,-5.6999e-06,-1.18351e-08
-36,0.573324,-0.573324,-5.65369e-06,-1.1718e-08
-35,0.573598,-0.573598,-5.61158e-06,-1.16805e-08
-34,0.573873,-0.573873,-5.57514e-06,-1.17292e-08
-33,0.574147,-0.574147,-5.53865e-06,-1.18405e-08
-32,0.574421,-0.574421,-5.50195e-06,-1.19503e-08
-31,0.574695,-0.574695,-5.46251e-06,-1.09719e-08
-30,0.574969,-0.574969,-5.423e-06,-1.00514e-08
-29,0.575243,-0.575243,-5.38342e-06,-9.18886e-09
-28,0.575517,-0.575517,-5.34376e-06,-8.38432e-09
-27,0.575791,-0.575791,-5.30129e-06,-7.71571e-09
-26,0.576066,-0.576066,-5.25648e-06,-7.16656e-09
-25,0.57634,-0.57634,-5.21156e-06,-6.67242e-09
-24,0.576614,-0.576614,-5.16655e-06,-6.2333e-09
-23,0.576888,-0.576888,-5.12144e-06,-5.84918e-09
-22,0.577162,-0.577162,-5.07623e-06,-5.52007e-09
-21,0.577436,-0.577436,-5.03092e-06,-5.24595e-09
-20,0.57771,-0.57771,-4.98551e-06,-5.02682e-09
-19,0.577985,-0.577985,-4.94846e-06,-4.88655e-09
-18,0.578259,-0.578259,-4.91529e-06,-4.81155e-09
-17,0.578533,-0.578533,-4.882e-06,-4.79033e-09
-16,0.578807,-0.578807,-4.84858e-06,-4.82286e-09
-15,0.579081,-0.579081,-4.81503e-06,-4.90913e-09
-14,0.579356,-0.579356,-4.78135e-06,-5.04914e-09
-13,0.57963,-0.57963,-4.74755e-06,-5.24287e-09
-12,0.579904,-0.579904,-4.71361e-06,-5.49029e-09
-11,0.580178,-0.580178,-4.68066e-06,-5.57944e-09
-10,0.580452,-0.580452,-4.64781e-06,-5.67219e-09
-9,0.580727,-0.580727,-4.61482e-06,-5.81921e-09
-8,0.581001,-0.581001,-4.58168e-06,-6.02051e-09
-7,0.581275,-0.581275,-4.54838e-06,-6.2761e-09
-6,0.581549,-0.581549,-4.51494e-06,-6.58597e-09
-5,0.581823,-0.581823,-4.48134e-06,-6.95013e-09
-4,0.582098,-0.582098,-4.4476e-06,-7.36859e-09
-3,0.582372,-0.582372,-4.41827e-06,-8.14344e-09
-2,0.582646,-0.582646,-4.38916e-06,-8.99536e-09
-1,0.58292,-0.58292,-4.35996e-06,-9.90364e-09
0,0.583194,-0.583194,-4.33068e-06,-1.08683e-08
1,0.583194,-0.583194,-4.30137e-06,-1.18887e-08
2,0.583194,-0.583194,-4.27203e-06,-1.2965e-08
3,0.583194,-0.583194,-4.24266e-06,-1.40971e-08
4,0.583194,-0.583194,-4.21246e-06,-1.52626e-08
5,0.583194,-0.583194,-4.17067e-06,-1.61577e-08
6,0.583194,-0.583194,-4.12892e-06,-1.71058e-08
7,0.583194,-0.583194,-4.08722e-06,-1.81069e-08
8,0.583194,-0.583194,-4.04557e-06,-1.91611e-08
9,0.583194,-0.583194,-4.00397e-06,-2.02682e-08
10,0.583194,-0.583194,-3.96242e-06,-2.14283e-08
11,0.583194,-0.583194,-3.92092e-06,-2.26414e-08
12,0.583194,-0.583194,-3.88099e-06,-2.39455e-08
13,0.583194,-0.583194,-3.84743e-06,-2.54613e-08
14,0.583194,-0.583194,-3.81385e-06,-2.70313e-08
15,0.583194,-0.583194,-3.78026e-06,-2.86554e-08
16,0.583194,-0.583194,-3.74665e-06,-3.03337e-08
17,0.583194,-0.583194,-3.71303e-06,-3.20662e-08
18,0.583194,-0.583194,-3.67939e-06,-3.38529e-08
19,0.583194,-0.583194,-3.64574e-06,-3.56938e-08
20,0.583194,-0.583194,-3.61145e-06,-3.75539e-08
21,0.583194,-0.583194,-3.57586e-06,-3.93942e-08
22,0.583194,-0.583194,-3.54027e-06,-4.12878e-08
23,0.583194,-0.583194,-3.50468e-06,-4.32347e-08
24,0.583194,-0.583194,-3.46909e-06,-4.52349e-08
25,0.583194,-0.583194,-3.4335e-06,-4.72884e-08
26,0.583194,-0.583194,-3.39792e-06,-4.93951e-08
27,0.583194,-0.583194,-3.36233e-06,-5.15552e-08
28,0.583194,-0.583194,-3.32764e-06,-5.37979e-08
29,0.583195,-0.583195,-3.29404e-06,-5.6131e-08
30,0.583195,-0.583195,-3.26044e-06,-5.85191e-08
31,0.583195,-0.583195,-3.22684e-06,-6.09621e-08
32,0.583195,-0.583195,-3.19324e-06,-6.34601e-08
33,0.583195,-0.583195,-3.16353e-06,-6.47184e-08
34,0.583195,-0.583195,-3.13405e-06,-6.59557e-08
35,0.583195,-0.583195,-3.10456e-06,-6.7244e-08
36,0.583195,-0.583195,-3.07007e-06,-6.85625e-08
37,0.583195,-0.583195,-3.03196e-06,-6.99201e-08
38,0.583195,-0.583195,-2.99384e-06,-7.13328e-08
39,0.583195,-0.583195,-2.95573e-06,-7.28005e-08
40,0.583195,-0.583195,-2.91762e-06,-7.43233e-08
41,0.583195,-0.583195,-2.87951e-06,-7.59011e-08
42,0.583195,-0.583195,-2.84141e-06,-7.7534e-08
43,0.583196,-0.583196,-2.8033e-06,-7.9222e-08
44,0.583196,-0.583196,-2.76559e-06,-8.09645e-08
45,0.583196,-0.583196,-2.72803e-06,-8.27643e-08
46,0.583196,-0.583196,-2.69047e-06,-8.4622e-08
47,0.583196,-0.583196,-2.65291e-06,-8.65377e-08
48,0.583196,-0.583196,-2.61534e-06,-8.85111e-08
49,0.583196,-0.583196,-2.57778e-06,-9.05425e-08
50,0.583196,-0.583196,-2.54021e-06,-9.26318e-08
51,0.583196,-0.583196,-2.50265e-06,-9.4779e-08
52,0.583197,-0.583197,-2.46269e-06,-9.69892e-08
53,0.583197,-0.583197,-2.42225e-06,-9.92621e-08
54,0.583197,-0.583197,-2.38182e-06,-1.01597e-07
55,0.583197,-0.583197,-2.34139e-06,-1.03994e-07
56,0.583197,-0.583197,-2.30095e-06,-1.06454e-07
57,0.583197,-0.583197,-2.26051e-06,-1.08975e-07
58,0.583197,-0.583197,-2.22007e-06,-1.11559e-07
59,0.583198,-0.583198,-2.17963e-06,-1.14204e-07
60,0.583198,-0.583198,-2.13676e-06,-1.16948e-07
61,0.583198,-0.583198,-2.09381e-06,-1.1975e-07
62,0.583198,-0.583198,-2.05085e-06,-1.22609e-07
63,0.583198,-0.583198,-2.0079e-06,-1.25525e-07
64,0.583199,-0.583199,-1.96495e-06,-1.28498e-07
65,0.583199,-0.583199,-1.922e-06,-1.31528e-07
66,0.583199,-0.583199,-1.87905e-06,-1.34615e-07
67,0.583199,-0.583199,-1.8348e-06,-1.37762e-07
68,0.583199,-0.583199,-1.77823e-06,-1.40986e-07
69,0.5832,-0.5832,-1.72167e-06,-1.44266e-07
70,0.5832,-0.5832,-1.66511e-06,-1.47601e-07
71,0.5832,-0.5832,-1.60856e-06,-1.50991e-07
72,0.5832,-0.5832,-1.55202e-06,-1.54436e-07
73,0.5832,-0.5832,-1.49549e-06,-1.57937e-07
74,0.583201,-0.583201,-1.43896e-06,-1.61493e-07
75,0.583201,-0.583201,-1.38128e-06,-1.65132e-07
76,0.583201,-0.583201,-1.31954e-06,-1.68928e-07
77,0.583201,-0.583201,-1.2578e-06,-1.72788e-07
78,0.583202,-0.583202,-1.19606e-06,-1.76712e-07
79,0.583202,-0.583202,-1.13432e-06,-1.80701e-07
80,0.583202,-0.583202,-1.07258e-06,-1.84753e-07
81,0.583203,-0.583203,-1.01083e-06,-1.8887e-07
82,0.583203,-0.583203,-9.49091e-07,-1.93052e-07
83,0.583203,-0.583203,-8.83563e-07,-1.97316e-07
84,0.583203,-0.583203,-8.11091e-07,-2.01681e-07
85,0.583204,-0.583204,-7.38618e-07,-2.06113e-07
86,0.583204,-0.583204,-6.66143e-07,-2.10613e-07
87,0.583204,-0.583204,-5.93668e-07,-2.15181e-07
88,0.583205,-0.583205,-5.21191e-07,-2.19816e-07
89,0.583205,-0.583205,-4.48712e-07,-2.24518e-07
90,0.583205,-0.583205,-3.76233e-07,-2.29288e-07
91,0.583206,-0.583206,-2.96961e-07,-2.34078e-07
92,0.583206,-0.583206,-2.10377e-07,-2.38879e-07
93,0.583207,-0.583207,-1.23794e-07,-2.43741e-07
94,0.583207,-0.583207,-3.72124e-08,-2.48664e-07
95,0.583207,-0.583207,4.93677e-08,-2.53648e-07
96,0.583208,-0.583208,1.35947e-07,-2.58693e-07
97,0.583208,-0.583208,2.23779e-07,-2.65611e-07
98,0.583209,-0.583209,3.11843e-07,-2.72936e-07
99,0.583209,-0.583209,4.20662e-07,-2.80391e-07
