R,v,vx,vy,vz
-100,0.555959,-0.555959,-1.02539e-05,-1.5561e-07
-99,0.556232,-0.556232,-1.00886e-05,-1.50497e-07
-98,0.556505,-0.556505,-9.94432e-06,-1.45391e-07
-97,0.556778,-0.556778,-9.8326e-06,-1.40271e-07
-96,0.557051,-0.557051,-9.7208e-06,-1.35438e-07
-95,0.557324,-0.557324,-9.60953e-06,-1.31893e-07
-94,0.557598,-0.557598,-9.49804e-06,-1.284e-07
-93,0.557871,-0.557871,-9.38635e-06,-1.24961e-07
-92,0.558144,-0.558144,-9.27444e-06,-1.21575e-07
-91,0.558417,-0.558417,-9.16233e-06,-1.18242e-07
-90,0.55869,-0.55869,-9.04898e-06,-1.1492e-07
-89,0.558963,-0.558963,-8.93446e-06,-1.11613e-07
-88,0.559236,-0.559236,-8.81972e-06,-1.08363e-07
-87,0.55951,-0.55951,-8.70475e-06,-1.05169e-07
-86,0.559783,-0.559783,-8.58954e-06,-1.0203e-07
-85,0.560056,-0.560056,-8.47411e-06,-9.89473e-08
-84,0.560329,-0.560329,-8.35844e-06,-9.59206e-08
-83,0.560602,-0.560602,-8.24255e-06,-9.29497e-08
-82,0.560876,-0.560876,-8.14897e-06,-9.00188e-08
-81,0.561149,-0.561149,-8.06735e-06,-8.71347e-08
-80,0.561422,-0.561422,-7.98558e-06,-8.43059e-08
-79,0.561696,-0.561696,-7.90365e-06,-8.15323e-08
-78,0.561969,-0.561969,-7.82156e-06,-7.8814e-08
-77,0.562242,-0.562242,-7.73932e-06,-7.6151e-08
-76,0.562515,-0.562515,-7.65693e-06,-7.35431e-08
-75,0.562789,-0.562789,-7.57437e-06,-7.09905e-08
-74,0.563062,-0.563062,-7.49974e-06,-6.84763e-08
-73,0.563335,-0.563335,-7.42726e-06,-6.6014e-08
-72,0.563609,-0.563609,-7.35464e-06,-6.36085e-08
-71,0.563882,-0.563882,-7.28189e-06,-6.126e-08
-70,0.564155,-0.564155,-7.209e-06,-5.89683e-08
-69,0.564429,-0.564429,-7.13598e-06,-5.67335e-08
-68,0.564702,-0.564702,-7.06282e-06,-5.45556e-08
-67,0.564976,-0.564976,-6.98952e-06,-5.24346e-08
-66,0.565249,-0.565249,-6.9356e-06,-5.03723e-08
-65,0.565522,-0.565522,-6.88357e-06,-4.83662e-08
-64,0.565796,-0.565796,-6.83144e-06,-4.6416e-08
-63,0.566069,-0.566069,-6.77923e-06,-4.45218e-08
-62,0.566343,-0.566343,-6.72691e-06,-4.26835e-08
-61,0.566616,-0.566616,-6.6745e-06,-4.09011e-08
-60,0.566889,-0.566889,-6.622e-06,-3.91747e-08
-59,0.567163,-0.567163,-6.5692e-06,-3.75051e-08
-58,0.567436,-0.567436,-6.51061e-06,-3.59159e-08
-57,0.56771,-0.56771,-6.4519e-06,-3.4384e-08
-56,0.567983,-0.567983,-6.39309e-06,-3.29097e-08
-55,0.568257,-0.568257,-6.33415e-06,-3.14927e-08
-54,0.56853,-0.56853,-6.2751e-06,-3.01333e-08
-53,0.568803,-0.568803,-6.21594e-06,-2.88312e-08
-52,0.569077,-0.569077,-6.15666e-06,-2.75867e-08
-51,0.56935,-0.56935,-6.09966e-06,-2.64004e-08
-50,0.569624,-0.569624,-6.05471e-06,-2.52751e-08
-49,0.569897,-0.569897,-6.00968e-06,-2.42055e-08
-48,0.570171,-0.570171,-5.96456e-06,-2.31916e-08
-47,0.570444,-0.570444,-5.91936e-06,-2.22335e-08
-46,0.570718,-0.570718,-5.87408e-06,-2.13311e-08
-45,0.570991,-0.570991,-5.82872e-06,-2.04845e-08
-44,0.571265,-0.571265,-5.78328e-06,-1.96936e-08
-43,0.571538,-0.571538,-5.73896e-06,-1.89683e-08
-42,0.571812,-0.571812,-5.69748e-06,-1.83232e-08
-41,0.572085,-0.572085,-5.65592e-06,-1.77352e-08
-40,0.572359,-0.572359,-5.61428e-06,-1.72044e-08
-39,0.572633,-0.572633,-5.57257e-06,-1.67307e-08
-38,0.572906,-0.572906,-5.53079e-06,-1.63143e-08
-37,0.57318,-0.57318,-5.48893e-06,-1.59549e-08
-36,0.573453,-0.573453,-5.447e-06,-1.56528e-08
-35,0.573727,-0.573727,-5.40878e-06,-1.5416e-08
-34,0.574,-0.574,-5.37571e-06,-1.52472e-08
-33,0.574274,-0.574274,-5.34258e-06,-1.51353e-08
-32,0.574547,-0.574547,-5.30926e-06,-1.50233e-08
-31,0.574821,-0.574821,-5.27353e-06,-1.39479e-08
-30,0.575095,-0.575095,-5.23773e-06,-1.29255e-08
-29,0.575368,-0.575368,-5.20186e-06,-1.19561e-08
-28,0.575642,-0.575642,-5.16594e-06,-1.10398e-08
-27,0.575915,-0.575915,-5.12716e-06,-1.02352e-08
-26,0.576189,-0.576189,-5.08601e-06,-9.53023e-09
-25,0.576462,-0.576462,-5.04478e-06,-8.87674e-09
-24,0.576736,-0.576736,-5.00347e-06,-8.27468e-09
-23,0.57701,-0.57701,-4.96207e-06,-7.72405e-09
-22,0.577283,-0.577283,-4.92059e-06,-7.22484e-09
-21,0.577557,-0.577557,-4.87902e-06,-6.77706e-09
-20,0.57783,-0.57783,-4.83737e-06,-6.38068e-09
-19,0.578104,-0.578104,-4.80339e-06,-6.07931e-09
-18,0.578378,-0.578378,-4.77297e-06,-5.84871e-09
-17,0.578651,-0.578651,-4.74244e-06,-5.66798e-09
-16,0.578925,-0.578925,-4.71181e-06,-5.53713e-09
-15,0.579199,-0.579199,-4.68107e-06,-5.45613e-09
-14,0.579472,-0.579472,-4.65021e-06,-5.42499e-09
-13,0.579746,-0.579746,-4.61925e-06,-5.44368e-09
-12,0.580019,-0.580019,-4.58817e-06,-5.51219e-09
-11,0.580293,-0.580293,-4.55836e-06,-5.42014e-09
-10,0.580567,-0.580567,-4.52874e-06,-5.32701e-09
-9,0.58084,-0.58084,-4.49898e-06,-5.28298e-09
-8,0.581114,-0.581114,-4.46908e-06,-5.28806e-09
-7,0.581388,-0.581388,-4.43905e-06,-5.34224e-09
-6,0.581661,-0.581661,-4.40887e-06,-5.44553e-09
-5,0.581935,-0.581935,-4.37855e-06,-5.59793e-09
-4,0.582209,-0.582209,-4.34809e-06,-5.79945e-09
-3,0.582482,-0.582482,-4.32188e-06,-6.34097e-09
-2,0.582756,-0.582756,-4.29588e-06,-6.95426e-09
-1,0.58303,-0.58303,-4.2698e-06,-7.61943e-09
0,0.583303,-0.583303,-4.24363e-06,-8.33647e-09
1,0.583303,-0.583303,-4.21751e-06,-9.1069e-09
2,0.583303,-0.583303,-4.19135e-06,-9.9287e-09
3,0.583303,-0.583303,-4.16516e-06,-1.08019e-08
4,0.583303,-0.583303,-4.13814e-06,-1.17037e-08
5,0.583303,-0.583303,-4.09969e-06,-1.2326e-08
6,0.583303,-0.583303,-4.06129e-06,-1.29974e-08
7,0.583303,-0.583303,-4.02294e-06,-1.3718e-08
8,0.583303,-0.583303,-3.98464e-06,-1.44878e-08
9,0.583303,-0.583303,-3.94639e-06,-1.53066e-08
10,0.583303,-0.583303,-3.90819e-06,-1.61747e-08
11,0.583303,-0.583303,-3.87004e-06,-1.70919e-08
12,0.583303,-0.583303,-3.83338e-06,-1.80966e-08
13,0.583303,-0.583303,-3.80279e-06,-1.93113e-08
14,0.583303,-0.583303,-3.77219e-06,-2.05761e-08
15,0.583303,-0.583303,-3.74157e-06,-2.18911e-08
16,0.583303,-0.583303,-3.71094e-06,-2.32562e-08
17,0.583303,-0.583303,-3.6803e-06,-2.46715e-08
18,0.583303,-0.583303,-3.64964e-06,-2.6137e-08
19,0.583303,-0.583303,-3.61897e-06,-2.76526e-08
20,0.583303,-0.583303,-3.5877e-06,-2.91867e-08
21,0.583303,-0.583303,-3.5552e-06,-3.07034e-08
22,0.583303,-0.583303,-3.52269e-06,-3.22692e-08
23,0.583303,-0.583303,-3.49018e-06,-3.38842e-08
24,0.583303,-0.583303,-3.45768e-06,-3.55483e-08
25,0.583303,-0.583303,-3.42517e-06,-3.72616e-08
26,0.583303,-0.583303,-3.39267e-06,-3.9024e-08
27,0.583303,-0.583303,-3.36016e-06,-4.08356e-08
28,0.583303,-0.583303,-3.32853e-06,-4.27239e-08
29,0.583303,-0.583303,-3.29796e-06,-4.46962e-08
30,0.583303,-0.583303,-3.26738e-06,-4.67192e-08
31,0.583304,-0.583304,-3.23681e-06,-4.8793e-08
32,0.583304,-0.583304,-3.20623e-06,-5.09175e-08
33,0.583304,-0.583304,-3.17907e-06,-5.19554e-08
34,0.583304,-0.583304,-3.1521e-06,-5.29778e-08
35,0.583304,-0.583304,-3.12513e-06,-5.4048e-08
36,0.583304,-0.583304,-3.09348e-06,-5.5156e-08
37,0.583304,-0.583304,-3.05844e-06,-5.63067e-08
38,0.583304,-0.583304,-3.0234e-06,-5.7508e-08
39,0.583304,-0.583304,-2.98836e-06,-5.87597e-08
40,0.583304,-0.583304,-2.95333e-06,-6.00619e-08
41,0.583304,-0.583304,-2.91829e-06,-6.14147e-08
42,0.583304,-0.583304,-2.88326e-06,-6.28179e-08
43,0.583304,-0.583304,-2.84823e-06,-6.42716e-08
44,0.583305,-0.583305,-2.81359e-06,-6.57799e-08
45,0.583305,-0.583305,-2.77911e-06,-6.7342e-08
46,0.583305,-0.583305,-2.74463e-06,-6.89564e-08
47,0.583305,-0.583305,-2.71015e-06,-7.06233e-08
48,0.583305,-0.583305,-2.67567e-06,-7.23426e-08
49,0.583305,-0.583305,-2.64119e-06,-7.41144e-08
50,0.583305,-0.583305,-2.60671e-06,-7.59385e-08
51,0.583305,-0.583305,-2.57223e-06,-7.7815e-08
52,0.583305,-0.583305,-2.53529e-06,-7.97436e-08
53,0.583306,-0.583306,-2.49787e-06,-8.17291e-08
54,0.583306,-0.583306,-2.46045e-06,-8.3772e-08
55,0.583306,-0.583306,-2.42302e-06,-8.58722e-08
56,0.583306,-0.583306,-2.3856e-06,-8.80298e-08
57,0.583306,-0.583306,-2.34817e-06,-9.02447e-08
58,0.583306,-0.583306,-2.31075e-06,-9.2517e-08
59,0.583306,-0.583306,-2.27332e-06,-9.48467e-08
60,0.583307,-0.583307,-2.23382e-06,-9.72691e-08
61,0.583307,-0.583307,-2.19426e-06,-9.97464e-08
62,0.583307,-0.583307,-2.15469e-06,-1.02277e-07
63,0.583307,-0.583307,-2.11512e-06,-1.04861e-07
64,0.583307,-0.583307,-2.07555e-06,-1.07499e-07
65,0.583307,-0.583307,-2.03598e-06,-1.1019e-07
66,0.583308,-0.583308,-1.99641e-06,-1.12935e-07
67,0.583308,-0.583308,-1.95565e-06,-1.15734e-07
68,0.583308,-0.583308,-1.90364e-06,-1.18599e-07
69,0.583308,-0.583308,-1.85164e-06,-1.21515e-07
70,0.583308,-0.583308,-1.79964e-06,-1.24481e-07
71,0.583309,-0.583309,-1.74765e-06,-1.275e-07
72,0.583309,-0.583309,-1.69566e-06,-1.30569e-07
73,0.583309,-0.583309,-1.64368e-06,-1.33689e-07
74,0.583309,-0.583309,-1.59171e-06,-1.36861e-07
75,0.583309,-0.583309,-1.53866e-06,-1.40106e-07
76,0.58331,-0.58331,-1.48183e-06,-1.43484e-07
77,0.58331,-0.58331,-1.42501e-06,-1.4692e-07
78,0.58331,-0.58331,-1.36819e-06,-1.50413e-07
79,0.583311,-0.583311,-1.31137e-06,-1.53964e-07
80,0.583311,-0.583311,-1.25454e-06,-1.57572e-07
81,0.583311,-0.583311,-1.19772e-06,-1.61237e-07
82,0.583311,-0.583311,-1.1409e-06,-1.6496e-07
83,0.583312,-0.583312,-1.08061e-06,-1.68765e-07
84,0.583312,-0.583312,-1.01393e-06,-1.72677e-07
85,0.583312,-0.583312,-9.47246e-07,-1.76652e-07
86,0.583312,-0.583312,-8.80564e-07,-1.80689e-07
87,0.583313,-0.583313,-8.13882e-07,-1.84788e-07
88,0.583313,-0.583313,-7.47198e-07,-1.8895e-07
89,0.583313,-0.583313,-6.80515e-07,-1.93173e-07
90,0.583314,-0.583314,-6.1383e-07,-1.9746e-07
91,0.583314,-0.583314,-5.41075e-07,-2.01759e-07
92,0.583314,-0.583314,-4.61784e-07,-2.06064e-07
93,0.583315,-0.583315,-3.82493e-07,-2.10425e-07
94,0.583315,-0.583315,-3.03202e-07,-2.14842e-07
95,0.583315,-0.583315,-2.23912e-07,-2.19316e-07
96,0.583316,-0.583316,-1.44622e-07,-2.23845e-07
97,0.583316,-0.583316,-6.42464e-08,-2.30018e-07
98,0.583317,-0.583317,1.63294e-08,-2.3655e-07
99,0.583317,-0.583317,1.15793e-07,-2.43174e-07
