R,v,vx,vy,vz
-100,0.558285,-0.558285,-7.97548e-07,-2.85706e-08
-99,0.558551,-0.558551,-7.94723e-07,-2.82642e-08
-98,0.558817,-0.558817,-7.92227e-07,-2.79577e-08
-97,0.559082,-0.559082,-7.90242e-07,-2.76501e-08
-96,0.559348,-0.559348,-7.88216e-07,-2.73335e-08
-95,0.559614,-0.559614,-7.85987e-07,-2.69623e-08
-94,0.55988,-0.55988,-7.83753e-07,-2.65915e-08
-93,0.560145,-0.560145,-7.81516e-07,-2.62212e-08
-92,0.560411,-0.560411,-7.79274e-07,-2.58513e-08
-91,0.560677,-0.560677,-7.77028e-07,-2.54818e-08
-90,0.560942,-0.560942,-7.7484e-07,-2.51111e-08
-89,0.561208,-0.561208,-7.72703e-07,-2.47393e-08
-88,0.561474,-0.561474,-7.70563e-07,-2.43682e-08
-87,0.561739,-0.561739,-7.68419e-07,-2.39976e-08
-86,0.562005,-0.562005,-7.66271e-07,-2.36276e-08
-85,0.562271,-0.562271,-7.64118e-07,-2.32582e-08
-84,0.562537,-0.562537,-7.61962e-07,-2.28894e-08
-83,0.562802,-0.562802,-7.59802e-07,-2.25213e-08
-82,0.563068,-0.563068,-7.57925e-07,-2.21529e-08
-81,0.563334,-0.563334,-7.56199e-07,-2.17847e-08
-80,0.563599,-0.563599,-7.5447e-07,-2.14171e-08
-79,0.563865,-0.563865,-7.52738e-07,-2.10502e-08
-78,0.564131,-0.564131,-7.51002e-07,-2.06839e-08
-77,0.564396,-0.564396,-7.49264e-07,-2.03182e-08
-76,0.564662,-0.564662,-7.47523e-07,-1.99531e-08
-75,0.564928,-0.564928,-7.45778e-07,-1.95887e-08
-74,0.565194,-0.565194,-7.44126e-07,-1.92242e-08
-73,0.565459,-0.565459,-7.42497e-07,-1.88601e-08
-72,0.565725,-0.565725,-7.40865e-07,-1.84967e-08
-71,0.565991,-0.565991,-7.3923e-07,-1.81339e-08
-70,0.566256,-0.566256,-7.37592e-07,-1.77718e-08
-69,0.566522,-0.566522,-7.35951e-07,-1.74103e-08
-68,0.566788,-0.566788,-7.34307e-07,-1.70494e-08
-67,0.567053,-0.567053,-7.3266e-07,-1.66892e-08
-66,0.567319,-0.567319,-7.31319e-07,-1.63293e-08
-65,0.567585,-0.567585,-7.30007e-07,-1.59699e-08
-64,0.567851,-0.567851,-7.28692e-07,-1.56112e-08
-63,0.568116,-0.568116,-7.27375e-07,-1.52531e-08
-62,0.568382,-0.568382,-7.26056e-07,-1.48956e-08
-61,0.568648,-0.568648,-7.24735e-07,-1.45388e-08
-60,0.568913,-0.568913,-7.23411e-07,-1.41825e-08
-59,0.569179,-0.569179,-7.22085e-07,-1.38269e-08
-58,0.569445,-0.569445,-7.20771e-07,-1.34714e-08
-57,0.56971,-0.56971,-7.19454e-07,-1.31166e-08
-56,0.569976,-0.569976,-7.18135e-07,-1.27624e-08
-55,0.570242,-0.570242,-7.16814e-07,-1.24089e-08
-54,0.570508,-0.570508,-7.15489e-07,-1.20561e-08
-53,0.570773,-0.570773,-7.14163e-07,-1.1704e-08
-52,0.571039,-0.571039,-7.12833e-07,-1.13525e-08
-51,0.571305,-0.571305,-7.11522e-07,-1.1002e-08
-50,0.57157,-0.57157,-7.10314e-07,-1.06533e-08
-49,0.571836,-0.571836,-7.09103e-07,-1.03052e-08
-48,0.572102,-0.572102,-7.0789e-07,-9.95794e-09
-47,0.572367,-0.572367,-7.06674e-07,-9.61133e-09
-46,0.572633,-0.572633,-7.05456e-07,-9.26542e-09
-45,0.572899,-0.572899,-7.04236e-07,-8.92021e-09
-44,0.573165,-0.573165,-7.03014e-07,-8.57569e-09
-43,0.57343,-0.57343,-7.01828e-07,-8.23125e-09
-42,0.573696,-0.573696,-7.00736e-07,-7.88603e-09
-41,0.573962,-0.573962,-6.99641e-07,-7.54155e-09
-40,0.574227,-0.574227,-6.98543e-07,-7.1978e-09
-39,0.574493,-0.574493,-6.97444e-07,-6.85479e-09
-38,0.574759,-0.574759,-6.96342e-07,-6.51252e-09
-37,0.575025,-0.575025,-6.95239e-07,-6.17097e-09
-36,0.57529,-0.57529,-6.94133e-07,-5.83016e-09
-35,0.575556,-0.575556,-6.93049e-07,-5.49642e-09
-34,0.575822,-0.575822,-6.91998e-07,-5.17243e-09
-33,0.576087,-0.576087,-6.90946e-07,-4.84962e-09
-32,0.576353,-0.576353,-6.89904e-07,-4.53075e-09
-31,0.576619,-0.576619,-6.89081e-07,-4.26251e-09
-30,0.576884,-0.576884,-6.88258e-07,-3.99558e-09
-29,0.57715,-0.57715,-6.87433e-07,-3.72997e-09
-28,0.577416,-0.577416,-6.86607e-07,-3.46567e-09
-27,0.577682,-0.577682,-6.85937e-07,-3.18343e-09
-26,0.577947,-0.577947,-6.85396e-07,-2.8864e-09
-25,0.578213,-0.578213,-6.84853e-07,-2.59021e-09
-24,0.578479,-0.578479,-6.8431e-07,-2.29487e-09
-23,0.578744,-0.578744,-6.83766e-07,-2.00038e-09
-22,0.57901,-0.57901,-6.8322e-07,-1.70672e-09
-21,0.579276,-0.579276,-6.82674e-07,-1.41391e-09
-20,0.579541,-0.579541,-6.82126e-07,-1.12195e-09
-19,0.579807,-0.579807,-6.80844e-07,-9.10381e-10
-18,0.580073,-0.580073,-6.79206e-07,-7.37818e-10
-17,0.580339,-0.580339,-6.77559e-07,-5.66692e-10
-16,0.580604,-0.580604,-6.75903e-07,-3.97003e-10
-15,0.58087,-0.58087,-6.74237e-07,-2.28752e-10
-14,0.581136,-0.581136,-6.72562e-07,-6.19403e-11
-13,0.581401,-0.581401,-6.70878e-07,1.0343e-10
-12,0.581667,-0.581667,-6.69184e-07,2.67359e-10
-11,0.581933,-0.581933,-6.68847e-07,6.37542e-10
-10,0.582199,-0.582199,-6.68843e-07,1.05637e-09
-9,0.582464,-0.582464,-6.68849e-07,1.47429e-09
-8,0.58273,-0.58273,-6.68863e-07,1.89129e-09
-7,0.582996,-0.582996,-6.68888e-07,2.30738e-09
-6,0.583261,-0.583261,-6.68921e-07,2.72255e-09
-5,0.583527,-0.583527,-6.68963e-07,3.13682e-09
-4,0.583793,-0.583793,-6.69015e-07,3.55016e-09
-3,0.584058,-0.584058,-6.68076e-07,3.62485e-09
-2,0.584324,-0.584324,-6.6705e-07,3.67357e-09
-1,0.58459,-0.58459,-6.66005e-07,3.71945e-09
0,0.584856,-0.584856,-6.6494e-07,3.7625e-09
1,0.584856,-0.584856,-6.64024e-07,3.7942e-09
2,0.584856,-0.584856,-6.63091e-07,3.8236e-09
3,0.584856,-0.584856,-6.62142e-07,3.85068e-09
4,0.584856,-0.584856,-6.61233e-07,3.89389e-09
5,0.584856,-0.584856,-6.61118e-07,4.20305e-09
6,0.584856,-0.584856,-6.61005e-07,4.51086e-09
7,0.584856,-0.584856,-6.60895e-07,4.8173e-09
8,0.584856,-0.584856,-6.60787e-07,5.12238e-09
9,0.584856,-0.584856,-6.60682e-07,5.4261e-09
10,0.584856,-0.584856,-6.6058e-07,5.72846e-09
11,0.584856,-0.584856,-6.6048e-07,6.02946e-09
12,0.584856,-0.584856,-6.60068e-07,6.29514e-09
13,0.584856,-0.584856,-6.58336e-07,6.41763e-09
14,0.584856,-0.584856,-6.56598e-07,6.53865e-09
15,0.584856,-0.584856,-6.54854e-07,6.65819e-09
16,0.584856,-0.584856,-6.53103e-07,6.77625e-09
17,0.584856,-0.584856,-6.51346e-07,6.89284e-09
18,0.584856,-0.584856,-6.49583e-07,7.00795e-09
19,0.584856,-0.584856,-6.47813e-07,7.12159e-09
20,0.584856,-0.584856,-6.46441e-07,7.2751e-09
21,0.584856,-0.584856,-6.45919e-07,7.51413e-09
22,0.584856,-0.584856,-6.45397e-07,7.75162e-09
23,0.584856,-0.584856,-6.44876e-07,7.98758e-09
24,0.584856,-0.584856,-6.44356e-07,8.222e-09
25,0.584856,-0.584856,-6.43837e-07,8.45489e-09
26,0.584856,-0.584856,-6.43318e-07,8.68623e-09
27,0.584856,-0.584856,-6.42801e-07,8.91605e-09
28,0.584856,-0.584856,-6.42091e-07,9.11914e-09
29,0.584856,-0.584856,-6.41147e-07,9.28996e-09
30,0.584856,-0.584856,-6.40201e-07,9.45913e-09
31,0.584856,-0.584856,-6.39255e-07,9.62667e-09
32,0.584856,-0.584856,-6.38309e-07,9.79256e-09
33,0.584856,-0.584856,-6.37247e-07,9.948e-09
34,0.584856,-0.584856,-6.36179e-07,1.01019e-08
35,0.584856,-0.584856,-6.35109e-07,1.02547e-08
36,0.584856,-0.584856,-6.34053e-07,1.04207e-08
37,0.584856,-0.584856,-6.33005e-07,1.05953e-08
38,0.584856,-0.584856,-6.31957e-07,1.07682e-08
39,0.584856,-0.584856,-6.30908e-07,1.09393e-08
40,0.584856,-0.584856,-6.29859e-07,1.11087e-08
41,0.584856,-0.584856,-6.2881e-07,1.12763e-08
42,0.584856,-0.584856,-6.2776e-07,1.14422e-08
43,0.584856,-0.584856,-6.2671e-07,1.16063e-08
44,0.584856,-0.584856,-6.25528e-07,1.17642e-08
45,0.584856,-0.584856,-6.24292e-07,1.19185e-08
46,0.584856,-0.584856,-6.23055e-07,1.20711e-08
47,0.584856,-0.584856,-6.21818e-07,1.22221e-08
48,0.584856,-0.584856,-6.2058e-07,1.23713e-08
49,0.584856,-0.584856,-6.19341e-07,1.25188e-08
50,0.584856,-0.584856,-6.18102e-07,1.26646e-08
51,0.584856,-0.584856,-6.16862e-07,1.28087e-08
52,0.584856,-0.584856,-6.15478e-07,1.29526e-08
53,0.584856,-0.584856,-6.14065e-07,1.3095e-08
54,0.584856,-0.584856,-6.12651e-07,1.32357e-08
55,0.584856,-0.584856,-6.11238e-07,1.33746e-08
56,0.584856,-0.584856,-6.09824e-07,1.35116e-08
57,0.584856,-0.584856,-6.0841e-07,1.36469e-08
58,0.584856,-0.584856,-6.06996e-07,1.37805e-08
59,0.584856,-0.584856,-6.05581e-07,1.39122e-08
60,0.584856,-0.584856,-6.0415e-07,1.40409e-08
61,0.584856,-0.584856,-6.02718e-07,1.41679e-08
62,0.584856,-0.584856,-6.01286e-07,1.42931e-08
63,0.584856,-0.584856,-5.99853e-07,1.44166e-08
64,0.584856,-0.584856,-5.9842e-07,1.45383e-08
65,0.584856,-0.584856,-5.96987e-07,1.46584e-08
66,0.584856,-0.584856,-5.95553e-07,1.47766e-08
67,0.584856,-0.584856,-5.94075e-07,1.48931e-08
68,0.584856,-0.584856,-5.92179e-07,1.50077e-08
69,0.584856,-0.584856,-5.90282e-07,1.51205e-08
70,0.584856,-0.584856,-5.88386e-07,1.52315e-08
71,0.584856,-0.584856,-5.86489e-07,1.53408e-08
72,0.584856,-0.584856,-5.84591e-07,1.54483e-08
73,0.584856,-0.584856,-5.82694e-07,1.5554e-08
74,0.584856,-0.584856,-5.80797e-07,1.5658e-08
75,0.584856,-0.584856,-5.78867e-07,1.57604e-08
76,0.584856,-0.584856,-5.76826e-07,1.58615e-08
77,0.584856,-0.584856,-5.74784e-07,1.59608e-08
78,0.584856,-0.584856,-5.72742e-07,1.60584e-08
79,0.584856,-0.584856,-5.707e-07,1.61543e-08
80,0.584856,-0.584856,-5.68658e-07,1.62485e-08
81,0.584856,-0.584856,-5.66615e-07,1.6341e-08
82,0.584856,-0.584856,-5.64572e-07,1.64317e-08
83,0.584856,-0.584856,-5.62327e-07,1.65209e-08
84,0.584856,-0.584856,-5.59709e-07,1.66084e-08
85,0.584856,-0.584856,-5.57092e-07,1.66942e-08
86,0.584856,-0.584856,-5.54474e-07,1.67783e-08
87,0.584856,-0.584856,-5.51857e-07,1.68605e-08
88,0.584856,-0.584856,-5.49239e-07,1.69411e-08
89,0.584856,-0.584856,-5.46621e-07,1.70199e-08
90,0.584856,-0.584856,-5.44003e-07,1.70969e-08
91,0.584856,-0.584856,-5.41334e-07,1.71734e-08
92,0.584856,-0.584856,-5.3861e-07,1.72495e-08
93,0.584856,-0.584856,-5.35885e-07,1.73239e-08
94,0.584856,-0.584856,-5.3316e-07,1.73966e-08
95,0.584856,-0.584856,-5.30435e-07,1.74675e-08
96,0.584856,-0.584856,-5.2771e-07,1.75367e-08
97,0.584856,-0.584856,-5.25162e-07,1.76484e-08
98,0.584856,-0.584856,-5.22647e-07,1.77667e-08
99,0.584856,-0.584856,-5.19432e-07,1.78857e-08
