R,v,vx,vy,vz
-100,0.554099,-0.554096,9.51185e-05,0.00165487
-99,0.55438,-0.554378,9.87175e-05,0.00170129
-98,0.554659,-0.554657,0.000102456,0.00175356
-97,0.554935,-0.554932,0.000106463,0.00181484
-96,0.555211,-0.555207,0.000110714,0.00187636
-95,0.555488,-0.555484,0.000115882,0.00193732
-94,0.555765,-0.555762,0.000121147,0.00199863
-93,0.556043,-0.55604,0.00012651,0.00206028
-92,0.556322,-0.556318,0.00013197,0.00212228
-91,0.556601,-0.556597,0.000137528,0.00218463
-90,0.556877,-0.556872,0.000145338,0.00225685
-89,0.557149,-0.557144,0.00015537,0.00233836
-88,0.557422,-0.557417,0.000165701,0.00242052
-87,0.557696,-0.55769,0.000176331,0.00250332
-86,0.55797,-0.557964,0.000187262,0.00258677
-85,0.558245,-0.558239,0.000198493,0.00267087
-84,0.558521,-0.558515,0.000210027,0.00275561
-83,0.558798,-0.558791,0.000221863,0.002841
-82,0.559062,-0.559054,0.000234308,0.00294336
-81,0.559319,-0.559311,0.00024731,0.00305552
-80,0.559577,-0.559568,0.000260727,0.00316876
-79,0.559836,-0.559826,0.000274559,0.00328311
-78,0.560096,-0.560086,0.000288808,0.00339854
-77,0.560357,-0.560346,0.000303474,0.00351507
-76,0.560619,-0.560608,0.00031856,0.0036327
-75,0.560883,-0.56087,0.000334066,0.00375142
-74,0.561123,-0.561109,0.000356068,0.00390153
-73,0.561357,-0.561342,0.000380606,0.00406166
-72,0.561592,-0.561576,0.000406007,0.00422327
-71,0.561828,-0.561811,0.000432273,0.00438634
-70,0.562065,-0.562046,0.000459407,0.00455088
-69,0.562302,-0.562282,0.000487412,0.00471689
-68,0.56254,-0.562519,0.00051629,0.00488436
-67,0.562779,-0.562756,0.000546042,0.00505329
-66,0.562969,-0.562944,0.0005766,0.00529798
-65,0.563155,-0.563127,0.000607932,0.00555168
-64,0.563343,-0.563312,0.000640041,0.00580683
-63,0.563532,-0.563499,0.000672929,0.0060634
-62,0.563722,-0.563687,0.000706598,0.00632139
-61,0.563914,-0.563876,0.000741049,0.0065808
-60,0.564108,-0.564066,0.000776284,0.0068416
-59,0.564301,-0.564256,0.000809978,0.00711075
-58,0.564459,-0.564408,0.000781805,0.00756865
-57,0.564622,-0.564564,0.000753623,0.00803087
-56,0.56479,-0.564725,0.000725426,0.0084974
-55,0.564962,-0.564891,0.000697209,0.00896823
-54,0.56514,-0.565061,0.000668967,0.00944336
-53,0.565323,-0.565236,0.000640695,0.00992278
-52,0.565512,-0.565416,0.000612388,0.0104065
-51,0.565708,-0.565602,0.000540534,0.0109277
-50,0.565927,-0.565808,0.000247588,0.0116312
-49,0.566162,-0.566028,-4.56815e-05,0.0123541
-48,0.566413,-0.566261,-0.000339267,0.0130964
-47,0.566679,-0.566509,-0.00063316,0.0138583
-46,0.56696,-0.56677,-0.000927354,0.0146397
-45,0.567258,-0.567046,-0.00122184,0.0154407
-44,0.567571,-0.567336,-0.00151661,0.0162613
-43,0.567581,-0.567321,-0.00193379,0.0170758
-42,0.566835,-0.566547,-0.00264128,0.0178649
-41,0.566097,-0.565779,-0.00334205,0.0187003
-40,0.565369,-0.565015,-0.00403609,0.0195819
-39,0.56465,-0.564257,-0.00472339,0.0205099
-38,0.56394,-0.563504,-0.00540394,0.0214845
-37,0.56324,-0.562757,-0.00607772,0.0225056
-36,0.56255,-0.562015,-0.00674472,0.0235735
-35,0.560844,-0.560271,-0.00728499,0.0242819
-34,0.557673,-0.557082,-0.00766985,0.0245034
-33,0.554417,-0.553803,-0.00807021,0.0248049
-32,0.551094,-0.550453,-0.0084759,0.0251896
-31,0.54813,-0.547457,-0.00867892,0.0257445
-30,0.545266,-0.544553,-0.00882837,0.0264549
-29,0.542503,-0.541741,-0.00892415,0.027321
-28,0.539842,-0.539023,-0.00896615,0.0283431
-27,0.532898,-0.532016,-0.00858003,0.0294211
-26,0.522446,-0.521482,-0.00779535,0.0307567
-25,0.512071,-0.510993,-0.00690627,0.0324851
-24,0.50178,-0.50055,-0.00591205,0.0346065
-23,0.50141,-0.499882,-0.00483339,0.0388171
-22,0.493157,-0.491407,-0.00454812,0.0412616
-21,0.478898,-0.47691,-0.00210523,0.0435412
-20,0.461082,-0.458811,0.00157898,0.0456772
-19,0.443002,-0.440372,0.00536517,0.0479012
-18,0.424676,-0.421596,0.00925232,0.0502139
-17,0.396959,-0.390072,0.0115083,0.0727194
-16,0.368095,-0.3526,0.0125522,0.104925
-15,0.348164,-0.317738,0.0139477,0.141655
-14,0.335007,-0.282626,0.0150216,0.179239
-13,0.314243,-0.245962,-0.00312164,0.195554
-12,0.299293,-0.2286,-0.0299677,0.190841
-11,0.281045,-0.077729,-0.029989,0.268412
-10,0.301823,-0.0217339,-0.0727764,0.29211
-9,0.327423,0.0190204,-0.125882,0.301658
-8,0.485822,-0.254143,-0.213894,0.354519
-7,0.862838,-0.750426,-0.314317,0.287323
-6,1.41716,-1.33789,-0.391187,-0.255666
-5,2.33459,-2.08439,-0.483785,-0.933588
-4,4.97377,-4.30925,-0.644557,-2.3986
-3,7.58338,-6.51377,-0.821047,-3.79531
-2,9.63341,-8.45559,-0.952819,-4.51637
-1,11.3939,-10.1432,-1.10531,-5.07108
0,9.33973,-8.34251,-1.02074,-4.07321
1,7.84421,-7.05372,-0.979138,-3.28906
2,4.8021,-4.53939,-0.533586,-1.47287
3,1.68224,-1.60168,0.0128201,0.514174
4,1.64192,-1.6293,-0.043223,0.198548
5,1.73176,-1.72017,-0.110608,-0.166674
6,1.40054,-1.39497,-0.0783265,-0.0971189
7,1.06924,-1.06784,-0.0440664,-0.032167
8,1.13632,-1.13592,-0.0206792,-0.0216994
9,1.11811,-1.11773,-0.00178759,-0.0291253
10,1.08289,-1.08226,0.0133797,-0.0344186
11,0.987264,-0.986803,-0.00301765,-0.0299966
12,0.888348,-0.887743,-0.0207789,-0.0253516
13,0.786363,-0.785083,-0.039904,-0.0204836
14,0.708872,-0.706678,-0.0535036,-0.0155885
15,0.724082,-0.722656,-0.0437428,-0.0122073
16,0.7396,-0.738763,-0.0336233,-0.0103392
17,0.7524,-0.752005,-0.0228093,-0.00862208
18,0.752733,-0.752541,-0.0155375,-0.00690548
19,0.727042,-0.726864,-0.0156809,-0.00348875
20,0.702421,-0.70225,-0.0154813,-0.000439463
21,0.678866,-0.678698,-0.0149388,0.00224239
22,0.664537,-0.664397,-0.0131794,0.00359531
23,0.665207,-0.665127,-0.00985009,0.00305716
24,0.665544,-0.665506,-0.00671787,0.00248946
25,0.665547,-0.665533,-0.00378275,0.00189222
26,0.662425,-0.662417,-0.00218769,0.0023845
27,0.655443,-0.655424,-0.00219702,0.00446191
28,0.648614,-0.648576,-0.00215037,0.00659576
29,0.641938,-0.641875,-0.00204773,0.00878604
30,0.637903,-0.637822,-0.00278026,0.00978767
31,0.636597,-0.636514,-0.00445676,0.00924892
32,0.635331,-0.635246,-0.00613999,0.00840968
33,0.634108,-0.634018,-0.00782994,0.00726994
34,0.63331,-0.633225,-0.00789329,0.00675846
35,0.632812,-0.632739,-0.00660492,0.00702142
36,0.632283,-0.632217,-0.00531207,0.00738121
37,0.631721,-0.63166,-0.00401473,0.00783782
38,0.626089,-0.626029,-0.00329854,0.00801173
39,0.617282,-0.617225,-0.00295199,0.00787382
40,0.602252,-0.602203,-0.00312732,0.00705135
41,0.600378,-0.600333,-0.00246278,0.00690457
42,0.598555,-0.598514,-0.00181998,0.00675016
43,0.596783,-0.596746,-0.0011989,0.00658813
44,0.59579,-0.595755,-0.00109622,0.00635844
45,0.595103,-0.595071,-0.00119496,0.00609231
46,0.594417,-0.594387,-0.00128664,0.00581371
47,0.59373,-0.593703,-0.00137125,0.00552264
48,0.593044,-0.593019,-0.0014488,0.00521911
49,0.592358,-0.592336,-0.0015193,0.00490311
50,0.591673,-0.591653,-0.00158272,0.00457465
51,0.590987,-0.59097,-0.00163909,0.00423373
52,0.59042,-0.590402,-0.00150655,0.0043076
53,0.589886,-0.589867,-0.00134041,0.00445136
54,0.589363,-0.589344,-0.00117675,0.00458196
55,0.588853,-0.588833,-0.00101558,0.00469942
56,0.588354,-0.588333,-0.000856881,0.00480373
57,0.587866,-0.587845,-0.000700668,0.00489489
58,0.587391,-0.587369,-0.000546937,0.0049729
59,0.586927,-0.586905,-0.000395689,0.00503777
60,0.586769,-0.586749,-0.000411394,0.00479665
61,0.586623,-0.586605,-0.000431986,0.00454675
62,0.586477,-0.586461,-0.000451658,0.00429855
63,0.586331,-0.586317,-0.000470409,0.00405207
64,0.586186,-0.586173,-0.000488239,0.0038073
65,0.586041,-0.58603,-0.000505149,0.00356423
66,0.585896,-0.585887,-0.000521139,0.00332287
67,0.585748,-0.58574,-0.000530841,0.00309996
68,0.585566,-0.585558,-0.000489329,0.00303606
69,0.585386,-0.585379,-0.000448361,0.00297032
70,0.585209,-0.585202,-0.000407937,0.00290272
71,0.585035,-0.585028,-0.000368057,0.00283327
72,0.584863,-0.584856,-0.000328721,0.00276198
73,0.584693,-0.584687,-0.000289928,0.00268883
74,0.584526,-0.58452,-0.000251679,0.00261383
75,0.584381,-0.584376,-0.000221779,0.0025375
76,0.584304,-0.584299,-0.00021903,0.00246193
77,0.584228,-0.584223,-0.000216089,0.00238583
78,0.584152,-0.584148,-0.000212957,0.00230919
79,0.584077,-0.584073,-0.000209633,0.00223203
80,0.584003,-0.583999,-0.000206118,0.00215433
81,0.583929,-0.583925,-0.000202412,0.00207611
82,0.583855,-0.583852,-0.000198513,0.00199735
83,0.583785,-0.583782,-0.000192239,0.00192927
84,0.58372,-0.583716,-0.000182012,0.00188127
85,0.583655,-0.583652,-0.000171958,0.00183283
86,0.583591,-0.583588,-0.000162077,0.00178393
87,0.583528,-0.583525,-0.00015237,0.00173458
88,0.583465,-0.583463,-0.000142836,0.00168479
89,0.583404,-0.583402,-0.000133476,0.00163454
90,0.583343,-0.583341,-0.000124289,0.00158384
91,0.583292,-0.58329,-0.000117741,0.00153908
92,0.583252,-0.58325,-0.000113841,0.00150086
93,0.583212,-0.58321,-0.000109872,0.00146233
94,0.583173,-0.583171,-0.000105836,0.0014235
95,0.583133,-0.583132,-0.000101732,0.00138436
96,0.583094,-0.583093,-9.75606e-05,0.00134492
97,0.583056,-0.583054,-9.36285e-05,0.00130396
98,0.583017,-0.583016,-8.98233e-05,0.00126265
99,0.582984,-0.582983,-8.63408e-05,0.00122838
