R,v,vx,vy,vz
-100,0.557401,-0.557401,-5.47699e-06,-1.52908e-07
-99,0.557669,-0.557669,-5.42959e-06,-1.50277e-07
-98,0.557938,-0.557938,-5.38906e-06,-1.47647e-07
-97,0.558206,-0.558206,-5.35919e-06,-1.45012e-07
-96,0.558475,-0.558475,-5.32928e-06,-1.42435e-07
-95,0.558743,-0.558743,-5.29945e-06,-1.40089e-07
-94,0.559012,-0.559012,-5.26957e-06,-1.37759e-07
-93,0.55928,-0.55928,-5.23964e-06,-1.35446e-07
-92,0.559549,-0.559549,-5.20965e-06,-1.33151e-07
-91,0.559818,-0.559818,-5.17961e-06,-1.30873e-07
-90,0.560086,-0.560086,-5.14799e-06,-1.28596e-07
-89,0.560355,-0.560355,-5.11492e-06,-1.26324e-07
-88,0.560623,-0.560623,-5.08179e-06,-1.2407e-07
-87,0.560892,-0.560892,-5.04859e-06,-1.21834e-07
-86,0.56116,-0.56116,-5.01533e-06,-1.19616e-07
-85,0.561429,-0.561429,-4.982e-06,-1.17417e-07
-84,0.561698,-0.561698,-4.9486e-06,-1.15235e-07
-83,0.561966,-0.561966,-4.91514e-06,-1.13071e-07
-82,0.562235,-0.562235,-4.88784e-06,-1.10919e-07
-81,0.562503,-0.562503,-4.86382e-06,-1.08782e-07
-80,0.562772,-0.562772,-4.83977e-06,-1.06663e-07
-79,0.563041,-0.563041,-4.81567e-06,-1.04561e-07
-78,0.563309,-0.563309,-4.79152e-06,-1.02477e-07
-77,0.563578,-0.563578,-4.76733e-06,-1.00412e-07
-76,0.563847,-0.563847,-4.74309e-06,-9.83635e-08
-75,0.564115,-0.564115,-4.71881e-06,-9.63333e-08
-74,0.564384,-0.564384,-4.69614e-06,-9.43118e-08
-73,0.564652,-0.564652,-4.67391e-06,-9.23062e-08
-72,0.564921,-0.564921,-4.65163e-06,-9.03192e-08
-71,0.56519,-0.56519,-4.62932e-06,-8.83508e-08
-70,0.565458,-0.565458,-4.60696e-06,-8.6401e-08
-69,0.565727,-0.565727,-4.58456e-06,-8.44698e-08
-68,0.565996,-0.565996,-4.56212e-06,-8.25571e-08
-67,0.566264,-0.566264,-4.53964e-06,-8.0663e-08
-66,0.566533,-0.566533,-4.52403e-06,-7.8784e-08
-65,0.566802,-0.566802,-4.50909e-06,-7.69227e-08
-64,0.56707,-0.56707,-4.49414e-06,-7.50796e-08
-63,0.567339,-0.567339,-4.47915e-06,-7.32546e-08
-62,0.567607,-0.567607,-4.46415e-06,-7.14477e-08
-61,0.567876,-0.567876,-4.44911e-06,-6.96589e-08
-60,0.568145,-0.568145,-4.43406e-06,-6.78882e-08
-59,0.568413,-0.568413,-4.41887e-06,-6.61359e-08
-58,0.568682,-0.568682,-4.40089e-06,-6.44076e-08
-57,0.568951,-0.568951,-4.38287e-06,-6.2698e-08
-56,0.569219,-0.569219,-4.36481e-06,-6.10069e-08
-55,0.569488,-0.569488,-4.34673e-06,-5.93345e-08
-54,0.569757,-0.569757,-4.3286e-06,-5.76808e-08
-53,0.570025,-0.570025,-4.31045e-06,-5.60457e-08
-52,0.570294,-0.570294,-4.29226e-06,-5.44292e-08
-51,0.570563,-0.570563,-4.2747e-06,-5.28315e-08
-50,0.570831,-0.570831,-4.26053e-06,-5.1253e-08
-49,0.5711,-0.5711,-4.24633e-06,-4.96926e-08
-48,0.571369,-0.571369,-4.2321e-06,-4.81501e-08
-47,0.571637,-0.571637,-4.21785e-06,-4.66256e-08
-46,0.571906,-0.571906,-4.20357e-06,-4.51191e-08
-45,0.572175,-0.572175,-4.18927e-06,-4.36306e-08
-44,0.572443,-0.572443,-4.17494e-06,-4.21602e-08
-43,0.572712,-0.572712,-4.16086e-06,-4.07101e-08
-42,0.572981,-0.572981,-4.14739e-06,-3.92842e-08
-41,0.57325,-0.57325,-4.13389e-06,-3.7877e-08
-40,0.573518,-0.573518,-4.12037e-06,-3.64885e-08
-39,0.573787,-0.573787,-4.10683e-06,-3.51186e-08
-38,0.574056,-0.574056,-4.09327e-06,-3.37674e-08
-37,0.574324,-0.574324,-4.07968e-06,-3.24349e-08
-36,0.574593,-0.574593,-4.06607e-06,-3.1121e-08
-35,0.574862,-0.574862,-4.05395e-06,-2.98273e-08
-34,0.57513,-0.57513,-4.04389e-06,-2.85542e-08
-33,0.575399,-0.575399,-4.03381e-06,-2.72995e-08
-32,0.575668,-0.575668,-4.02369e-06,-2.60538e-08
-31,0.575936,-0.575936,-4.01295e-06,-2.46576e-08
-30,0.576205,-0.576205,-4.0022e-06,-2.32795e-08
-29,0.576474,-0.576474,-3.99143e-06,-2.19195e-08
-28,0.576743,-0.576743,-3.98063e-06,-2.05776e-08
-27,0.577011,-0.577011,-3.96804e-06,-1.92474e-08
-26,0.57728,-0.57728,-3.95398e-06,-1.79294e-08
-25,0.577549,-0.577549,-3.93989e-06,-1.66286e-08
-24,0.577817,-0.577817,-3.92578e-06,-1.53448e-08
-23,0.578086,-0.578086,-3.91164e-06,-1.40781e-08
-22,0.578355,-0.578355,-3.89748e-06,-1.28286e-08
-21,0.578624,-0.578624,-3.8833e-06,-1.15961e-08
-20,0.578892,-0.578892,-3.86909e-06,-1.03807e-08
-19,0.579161,-0.579161,-3.85665e-06,-9.20516e-09
-18,0.57943,-0.57943,-3.84503e-06,-8.05829e-09
-17,0.579698,-0.579698,-3.83341e-06,-6.92952e-09
-16,0.579967,-0.579967,-3.82176e-06,-5.81884e-09
-15,0.580236,-0.580236,-3.81011e-06,-4.72626e-09
-14,0.580505,-0.580505,-3.79844e-06,-3.65179e-09
-13,0.580773,-0.580773,-3.78676e-06,-2.59541e-09
-12,0.581042,-0.581042,-3.77507e-06,-1.55714e-09
-11,0.581311,-0.581311,-3.76396e-06,-4.6037e-10
-10,0.581579,-0.581579,-3.75297e-06,6.37686e-10
-9,0.581848,-0.581848,-3.74195e-06,1.71884e-09
-8,0.582117,-0.582117,-3.73092e-06,2.78311e-09
-7,0.582386,-0.582386,-3.71986e-06,3.83047e-09
-6,0.582654,-0.582654,-3.70877e-06,4.86095e-09
-5,0.582923,-0.582923,-3.69767e-06,5.87455e-09
-4,0.583192,-0.583192,-3.68654e-06,6.87126e-09
-3,0.583461,-0.583461,-3.67991e-06,7.63542e-09
-2,0.583729,-0.583729,-3.67354e-06,8.366e-09
-1,0.583998,-0.583998,-3.6671e-06,9.07774e-09
0,0.584267,-0.584267,-3.66061e-06,9.77063e-09
1,0.584267,-0.584267,-3.65477e-06,1.04366e-08
2,0.584267,-0.584267,-3.64887e-06,1.10837e-08
3,0.584267,-0.584267,-3.64294e-06,1.1712e-08
4,0.584267,-0.584267,-3.63645e-06,1.23346e-08
5,0.584267,-0.584267,-3.62261e-06,1.31304e-08
6,0.584267,-0.584267,-3.60878e-06,1.3909e-08
7,0.584267,-0.584267,-3.59498e-06,1.46703e-08
8,0.584267,-0.584267,-3.5812e-06,1.54142e-08
9,0.584267,-0.584267,-3.56744e-06,1.61409e-08
10,0.584267,-0.584267,-3.5537e-06,1.68502e-08
11,0.584267,-0.584267,-3.53998e-06,1.75422e-08
12,0.584267,-0.584267,-3.52684e-06,1.82041e-08
13,0.584267,-0.584267,-3.51607e-06,1.87945e-08
14,0.584267,-0.584267,-3.50529e-06,1.93667e-08
15,0.584267,-0.584267,-3.49451e-06,1.99205e-08
16,0.584267,-0.584267,-3.48373e-06,2.04559e-08
17,0.584267,-0.584267,-3.47295e-06,2.09731e-08
18,0.584267,-0.584267,-3.46217e-06,2.1472e-08
19,0.584267,-0.584267,-3.45139e-06,2.19525e-08
20,0.584267,-0.584267,-3.44032e-06,2.2425e-08
21,0.584267,-0.584267,-3.42864e-06,2.29012e-08
22,0.584267,-0.584267,-3.41695e-06,2.33596e-08
23,0.584267,-0.584267,-3.40527e-06,2.38002e-08
24,0.584267,-0.584267,-3.39359e-06,2.42229e-08
25,0.584267,-0.584267,-3.38191e-06,2.46278e-08
26,0.584267,-0.584267,-3.37022e-06,2.50148e-08
27,0.584267,-0.584267,-3.35854e-06,2.5384e-08
28,0.584267,-0.584267,-3.34756e-06,2.57279e-08
29,0.584267,-0.584267,-3.33744e-06,2.60444e-08
30,0.584267,-0.584267,-3.32732e-06,2.63423e-08
31,0.584267,-0.584267,-3.31719e-06,2.66217e-08
32,0.584267,-0.584267,-3.30707e-06,2.68825e-08
33,0.584267,-0.584267,-3.29769e-06,2.7349e-08
34,0.584267,-0.584267,-3.28836e-06,2.78103e-08
35,0.584267,-0.584267,-3.27902e-06,2.8254e-08
36,0.584267,-0.584267,-3.26735e-06,2.86867e-08
37,0.584268,-0.584268,-3.25397e-06,2.91056e-08
38,0.584268,-0.584268,-3.24059e-06,2.95058e-08
39,0.584268,-0.584268,-3.22722e-06,2.98872e-08
40,0.584268,-0.584268,-3.21384e-06,3.02498e-08
41,0.584268,-0.584268,-3.20047e-06,3.05937e-08
42,0.584268,-0.584268,-3.1871e-06,3.09188e-08
43,0.584268,-0.584268,-3.17373e-06,3.12251e-08
44,0.584268,-0.584268,-3.16054e-06,3.15031e-08
45,0.584268,-0.584268,-3.14742e-06,3.17588e-08
46,0.584268,-0.584268,-3.13431e-06,3.19961e-08
47,0.584268,-0.584268,-3.1212e-06,3.22151e-08
48,0.584268,-0.584268,-3.10808e-06,3.24158e-08
49,0.584268,-0.584268,-3.09497e-06,3.25981e-08
50,0.584268,-0.584268,-3.08186e-06,3.27621e-08
51,0.584268,-0.584268,-3.06874e-06,3.29077e-08
52,0.584268,-0.584268,-3.05429e-06,3.30309e-08
53,0.584268,-0.584268,-3.03958e-06,3.3134e-08
54,0.584268,-0.584268,-3.02488e-06,3.32177e-08
55,0.584268,-0.584268,-3.01017e-06,3.3282e-08
56,0.584269,-0.584269,-2.99546e-06,3.3327e-08
57,0.584269,-0.584269,-2.98076e-06,3.33526e-08
58,0.584269,-0.584269,-2.96606e-06,3.33588e-08
59,0.584269,-0.584269,-2.95135e-06,3.33456e-08
60,0.584269,-0.584269,-2.93688e-06,3.33006e-08
61,0.584269,-0.584269,-2.92242e-06,3.3236e-08
62,0.584269,-0.584269,-2.90795e-06,3.31524e-08
63,0.584269,-0.584269,-2.89349e-06,3.30497e-08
64,0.584269,-0.584269,-2.87902e-06,3.29279e-08
65,0.584269,-0.584269,-2.86456e-06,3.27871e-08
66,0.584269,-0.584269,-2.85009e-06,3.26273e-08
67,0.584269,-0.584269,-2.83497e-06,3.24477e-08
68,0.584269,-0.584269,-2.81363e-06,3.22422e-08
69,0.58427,-0.58427,-2.7923e-06,3.20168e-08
70,0.58427,-0.58427,-2.77096e-06,3.17714e-08
71,0.58427,-0.58427,-2.74963e-06,3.1506e-08
72,0.58427,-0.58427,-2.72829e-06,3.12207e-08
73,0.58427,-0.58427,-2.70696e-06,3.09153e-08
74,0.58427,-0.58427,-2.68563e-06,3.059e-08
75,0.58427,-0.58427,-2.66401e-06,3.02442e-08
76,0.58427,-0.58427,-2.64137e-06,2.98767e-08
77,0.58427,-0.58427,-2.61874e-06,2.94898e-08
78,0.58427,-0.58427,-2.5961e-06,2.90835e-08
79,0.584271,-0.584271,-2.57346e-06,2.86578e-08
80,0.584271,-0.584271,-2.55083e-06,2.82127e-08
81,0.584271,-0.584271,-2.52819e-06,2.77482e-08
82,0.584271,-0.584271,-2.50555e-06,2.72642e-08
83,0.584271,-0.584271,-2.48133e-06,2.67564e-08
84,0.584271,-0.584271,-2.4542e-06,2.622e-08
85,0.584271,-0.584271,-2.42707e-06,2.56633e-08
86,0.584271,-0.584271,-2.39995e-06,2.5086e-08
87,0.584272,-0.584272,-2.37282e-06,2.44884e-08
88,0.584272,-0.584272,-2.3457e-06,2.38702e-08
89,0.584272,-0.584272,-2.31857e-06,2.32316e-08
90,0.584272,-0.584272,-2.29145e-06,2.25726e-08
91,0.584272,-0.584272,-2.26354e-06,2.18996e-08
92,0.584272,-0.584272,-2.23478e-06,2.12136e-08
93,0.584272,-0.584272,-2.20602e-06,2.05079e-08
94,0.584273,-0.584273,-2.17726e-06,1.97823e-08
95,0.584273,-0.584273,-2.14849e-06,1.90369e-08
96,0.584273,-0.584273,-2.11973e-06,1.82718e-08
97,0.584273,-0.584273,-2.09078e-06,1.72174e-08
98,0.584273,-0.584273,-2.06179e-06,1.60917e-08
99,0.584273,-0.584273,-2.02439e-06,1.49534e-08
