y	b	u.x	u.y	u.z	
0.390625	0.00301059	0.18039	-0.000634498	-0.00411273
2.40294	0.0184912	0.882127	-0.000857507	-0.00392951
4.41525	0.0340667	1.17405	-0.000280682	-0.00325041
6.42756	0.0494187	1.0301	-0.00240154	-0.00158139
8.43987	0.0648875	1.0362	-0.00422208	-0.000246546
10.4522	0.0801432	1.02973	-0.00388623	0.000342278
12.4645	0.0952141	1.01234	-0.00167832	0.000283458
14.4768	0.110285	0.99494	0.00052958	0.000224637
16.4891	0.125378	0.986378	0.00121598	0.000161421
18.5014	0.140501	0.989552	-0.000119337	9.23641e-05
20.5137	0.155623	0.992726	-0.00145466	2.3307e-05
22.526	0.170744	0.994217	-0.0018839	-2.15478e-05
24.5383	0.185863	0.992188	-0.000418622	-1.5798e-05
26.5507	0.200981	0.990159	0.00104666	-1.00481e-05
28.563	0.216101	0.989223	0.00192508	-5.31291e-06
30.5753	0.231227	0.992215	0.000693949	-4.22482e-06
32.5876	0.246352	0.995207	-0.000537181	-3.13673e-06
34.5999	0.261479	0.997652	-0.00148627	-2.03056e-06
36.6122	0.276615	0.995748	-0.000193842	-7.80614e-07
38.6245	0.29175	0.993844	0.00109859	4.69331e-07
40.6368	0.306886	0.991965	0.00237614	1.70915e-06
42.6491	0.322026	0.99431	0.00113913	1.23676e-06
44.6615	0.337167	0.996655	-9.78918e-05	7.64369e-07
46.6738	0.352307	0.999	-0.00133491	2.91979e-07
48.6861	0.367452	0.997641	-0.000333138	1.45582e-07
50.6984	0.382597	0.99587	0.000917395	3.54066e-08
52.7107	0.397742	0.994099	0.00216793	-7.47685e-08
54.723	0.412888	0.995275	0.0014324	-2.02964e-07
56.7353	0.428035	0.997216	0.000181952	-3.35831e-07
58.7476	0.443182	0.999156	-0.00106849	-4.68699e-07
60.7599	0.45833	0.998618	-0.000611157	-3.57823e-07
62.7722	0.473478	0.996956	0.000619799	-1.36531e-07
64.7846	0.488626	0.995295	0.00185076	8.476e-08
66.7969	0.503772	0.995578	0.00164428	-3.139e-06
68.8092	0.518918	0.997255	0.000406905	-8.83348e-06
70.8215	0.534064	0.998933	-0.000830469	-1.4528e-05
72.8338	0.549214	0.998973	-0.00089999	-5.00963e-05
74.8461	0.564368	0.997215	0.000313705	-0.000118489
76.8584	0.579502	0.99572	0.00156291	-0.000245112
78.8707	0.594635	0.992325	0.00179116	7.33348e-06
80.883	0.609988	1.00011	0.000758612	-0.000388432
82.8954	0.625381	1.01122	-0.000413906	-0.000387343
84.9077	0.640485	1.00996	-0.000924609	-0.000230421
86.92	0.655476	1.00485	0.000253597	-0.000251178
88.9323	0.670535	1.00199	0.00121351	-0.000560941
90.9446	0.685626	1.00172	0.00205872	0.000129215
92.9569	0.700737	1.00188	0.000907937	0.000186997
94.9692	0.715852	1.00138	-0.000223356	0.000317711
96.9815	0.730994	1.00109	-0.00111153	0.000527996
98.9938	0.746185	0.999304	0.00010349	0.000262221
101.006	0.761397	0.996026	0.00112166	0.000144912
103.018	0.776599	0.995107	0.00222153	1.40405e-05
105.031	0.791799	0.996604	0.001419	1.44951e-05
107.043	0.806976	0.997931	0.000289124	-7.06927e-06
109.055	0.822163	0.999336	-0.00077467	-1.81602e-05
111.068	0.837319	0.998933	-2.08755e-05	-1.50939e-05
113.08	0.852471	0.998278	0.000962595	-8.01388e-06
115.092	0.867623	0.997582	0.0019956	-1.53041e-06
117.105	0.882775	0.998059	0.00151687	1.84611e-07
119.117	0.897928	0.998958	0.000493892	1.82935e-07
121.129	0.91308	0.999857	-0.000529085	1.81259e-07
123.142	0.928234	0.999774	-0.000294682	7.22311e-08
125.154	0.94339	0.999113	0.000680067	-1.00007e-07
127.166	0.958546	0.998451	0.00165482	-2.72244e-07
129.178	0.973702	0.998501	0.001596	-2.78277e-07
131.191	0.988859	0.999197	0.00059651	-1.33042e-07
133.203	1.00402	0.999894	-0.000402984	1.21941e-08
135.215	1.01917	1.00008	-0.000588884	7.19858e-08
137.228	1.03433	0.999547	0.000359694	1.2634e-08
139.24	1.04949	0.999016	0.00130827	-4.67178e-08
141.252	1.06465	0.998819	0.00165731	-7.18557e-08
143.265	1.07981	0.99936	0.000682786	-2.14621e-08
145.277	1.09497	0.9999	-0.000291737	2.89315e-08
147.289	1.11013	1.00025	-0.0008748	6.35759e-08
149.302	1.12529	0.999839	5.21145e-05	3.74711e-08
151.314	1.14045	0.999432	0.000979029	1.13662e-08
153.326	1.15561	0.999107	0.00171806	-1.00702e-08
155.339	1.17077	0.999514	0.000765971	1.0513e-08
157.351	1.18593	0.99992	-0.000186115	3.10962e-08
159.363	1.20109	1.00033	-0.0011382	5.16794e-08
161.375	1.21626	1.00004	-0.000240155	3.64758e-08
163.388	1.23142	0.999745	0.000668855	2.10601e-08
165.4	1.24658	0.999452	0.00157786	5.64447e-09
167.412	1.26174	0.999673	0.000850217	1.12316e-08
169.425	1.2769	0.999958	-8.33851e-05	1.94616e-08
171.437	1.29206	1.00024	-0.00101699	2.76917e-08
173.449	1.30722	1.00016	-0.000519142	2.18847e-08
175.462	1.32238	0.999975	0.000376946	1.21725e-08
177.474	1.33754	0.99979	0.00127303	2.4602e-09
179.486	1.35271	0.999848	0.000940748	2.4891e-09
181.499	1.36787	1.00002	2.09578e-05	7.17698e-09
183.511	1.38303	1.0002	-0.000898833	1.18649e-08
185.523	1.39819	1.00023	-0.000786586	7.7299e-09
187.535	1.41335	1.00015	0.000102379	-3.04521e-09
189.548	1.42851	1.00008	0.000991343	-1.38203e-08
191.56	1.44367	1.00007	0.00104273	-1.4603e-08
193.572	1.45883	1.00016	0.000129279	-3.8749e-09
195.585	1.474	1.00024	-0.000784173	6.85318e-09
197.597	1.48922	1.00029	-0.00105335	1.37319e-08
199.609	1.50454	1.00029	-0.000171242	1.37319e-08
