x=200	y=200	z=100	n=65	len=1
b
-0.000304114	0.0235549	0.0471098	0.0706647	0.0942196	0.117774	0.141329	0.164884	0.188439	0.211994	0.235549	0.259104	0.282659	0.306214	0.329768	0.353323	0.376878	0.400433	0.423988	0.447543	0.471098	0.494653	0.518208	0.541762	0.565317	0.588872	0.612427	0.635982	0.659537	0.683092	0.706647	0.730202	0.753757	0.777311	0.800866	0.824421	0.847976	0.871531	0.895086	0.918641	0.942196	0.965751	0.989305	1.01286	1.03642	1.05997	1.08352	1.10708	1.13063	1.15419	1.17774	1.2013	1.22485	1.24841	1.27196	1.29552	1.31907	1.34263	1.36618	1.38974	1.41329	1.43685	1.4604	1.48396	1.5078	
-3.04114e-10	0.023859	0.04772	0.071581	0.0954502	0.119319	0.143199	0.167079	0.190967	0.214856	0.238738	0.262621	0.28647	0.310318	0.334104	0.357889	0.381566	0.405242	0.428833	0.452424	0.476034	0.499645	0.523273	0.546902	0.568504	0.590107	0.610604	0.631101	0.653294	0.675486	0.700791	0.726096	0.749733	0.773371	0.797403	0.821435	0.846331	0.871227	0.892638	0.914048	0.934186	0.954324	0.976446	0.998568	1.02347	1.04837	1.07362	1.09887	1.12357	1.14827	1.17253	1.19679	1.22082	1.24484	1.26878	1.29272	1.31662	1.34052	1.36439	1.38826	1.41211	1.43597	1.45982	1.48367	1.50751	
0	0.0237887	0.0475794	0.0713701	0.0951703	0.11897	0.142782	0.166593	0.190412	0.214232	0.238044	0.261856	0.28564	0.309423	0.333149	0.356876	0.380517	0.404158	0.427723	0.451289	0.474939	0.498589	0.522357	0.546125	0.568092	0.590059	0.611191	0.632324	0.655752	0.67918	0.704105	0.72903	0.75069	0.77235	0.795784	0.819217	0.844709	0.8702	0.893011	0.915821	0.936586	0.95735	0.978547	0.999745	1.02394	1.04813	1.07337	1.09861	1.12337	1.14814	1.17251	1.19688	1.22099	1.2451	1.26907	1.29304	1.31693	1.34082	1.36467	1.38851	1.41232	1.43613	1.45993	1.48372	1.50751	
0	0.0237184	0.0474388	0.0711592	0.0948904	0.118621	0.142364	0.166106	0.189857	0.213608	0.23735	0.261092	0.28481	0.308528	0.332195	0.355862	0.379468	0.403074	0.426614	0.450154	0.473844	0.497533	0.52144	0.545348	0.56768	0.590011	0.611779	0.633546	0.65821	0.682873	0.707419	0.731965	0.751647	0.771329	0.794164	0.816999	0.843086	0.869173	0.893384	0.917594	0.938985	0.960375	0.980648	1.00092	1.02441	1.04789	1.07312	1.09834	1.12318	1.14801	1.17249	1.19697	1.22116	1.24535	1.26936	1.29336	1.31724	1.34113	1.36495	1.38876	1.41253	1.43629	1.46004	1.48378	1.50751	
0	0.0236722	0.0473468	0.0710214	0.0947074	0.118393	0.142092	0.165791	0.189501	0.213212	0.236917	0.260623	0.284316	0.308009	0.331668	0.355326	0.378955	0.402584	0.426175	0.449766	0.473558	0.49735	0.521352	0.545354	0.567711	0.590068	0.612132	0.634195	0.659294	0.684392	0.708452	0.732512	0.751557	0.770603	0.793606	0.816609	0.843304	0.869998	0.894763	0.919527	0.941193	0.962858	0.983326	1.00379	1.02653	1.04926	1.07397	1.09868	1.12345	1.14821	1.17269	1.19717	1.22137	1.24557	1.26958	1.29359	1.31746	1.34133	1.36512	1.38892	1.41265	1.43639	1.4601	1.48382	1.50751	
0	0.0236261	0.0472548	0.0708835	0.0945244	0.118165	0.14182	0.165475	0.189145	0.212815	0.236485	0.260155	0.283823	0.307491	0.331141	0.354791	0.378442	0.402094	0.425736	0.449378	0.473273	0.497167	0.521264	0.545361	0.567743	0.590125	0.612485	0.634844	0.660378	0.685911	0.709485	0.733059	0.751467	0.769876	0.793047	0.816219	0.843521	0.870824	0.896142	0.92146	0.943401	0.965341	0.986004	1.00667	1.02864	1.05062	1.07482	1.09902	1.12371	1.14841	1.17289	1.19737	1.22157	1.24578	1.26979	1.29381	1.31767	1.34152	1.3653	1.38907	1.41278	1.43649	1.46017	1.48385	1.50751	
0	0.0235714	0.0471459	0.0707205	0.0943089	0.117897	0.141503	0.165108	0.188734	0.212361	0.235997	0.259633	0.283285	0.306937	0.330597	0.354257	0.377953	0.40165	0.42538	0.449109	0.473119	0.497128	0.521249	0.545369	0.567803	0.590236	0.612828	0.635419	0.661128	0.686838	0.710042	0.733246	0.750655	0.768064	0.792547	0.817031	0.845156	0.873282	0.898592	0.923902	0.945902	0.967902	0.988549	1.0092	1.03114	1.05309	1.07695	1.10081	1.12517	1.14952	1.17381	1.19809	1.22218	1.24628	1.27023	1.29419	1.318	1.34182	1.36555	1.38929	1.41295	1.43662	1.46026	1.48389	1.50751	
0	0.0235167	0.0470371	0.0705575	0.0940934	0.117629	0.141185	0.164741	0.188324	0.211907	0.235509	0.259111	0.282746	0.306382	0.330052	0.353722	0.377464	0.401207	0.425024	0.448841	0.472965	0.497089	0.521233	0.545377	0.567863	0.590348	0.613171	0.635994	0.661879	0.687764	0.710599	0.733434	0.749843	0.766252	0.792047	0.817843	0.846791	0.87574	0.901042	0.926344	0.948403	0.970462	0.991094	1.01173	1.03364	1.05556	1.07908	1.1026	1.12662	1.15064	1.17472	1.19881	1.22279	1.24678	1.27067	1.29457	1.31834	1.34211	1.3658	1.3895	1.41313	1.43675	1.46034	1.48394	1.50751	
0	0.0234638	0.0469322	0.0704006	0.0938861	0.117372	0.140881	0.16439	0.187932	0.211474	0.235046	0.258618	0.282239	0.30586	0.329536	0.353212	0.376979	0.400746	0.424646	0.448546	0.472768	0.496989	0.520973	0.544957	0.567167	0.589377	0.612371	0.635365	0.661517	0.687669	0.710139	0.732609	0.748499	0.764389	0.79393	0.823471	0.851191	0.87891	0.903912	0.928914	0.950923	0.972933	0.99363	1.01433	1.03612	1.05792	1.08118	1.10443	1.12817	1.1519	1.1758	1.1997	1.22357	1.24744	1.27125	1.29506	1.31876	1.34247	1.36611	1.38975	1.41332	1.4369	1.46044	1.48399	1.50751	
0	0.023411	0.0468273	0.0702437	0.0936788	0.117114	0.140577	0.164039	0.18754	0.211042	0.234583	0.258125	0.281732	0.305338	0.32902	0.352702	0.376493	0.400284	0.424268	0.448251	0.47257	0.49689	0.520714	0.544538	0.566472	0.588407	0.611571	0.634736	0.661155	0.687574	0.70968	0.731785	0.747156	0.762527	0.795812	0.829098	0.85559	0.882081	0.906782	0.931484	0.953443	0.975403	0.996166	1.01693	1.03861	1.06029	1.08327	1.10626	1.12971	1.15316	1.17688	1.20059	1.22434	1.24809	1.27182	1.29555	1.31919	1.34283	1.36641	1.39	1.41352	1.43704	1.46054	1.48404	1.50751	
0	0.0233599	0.0467261	0.0700923	0.0934786	0.116865	0.140282	0.163699	0.187159	0.210619	0.234128	0.257636	0.281218	0.3048	0.328462	0.352124	0.375889	0.399653	0.423612	0.447571	0.471797	0.496023	0.519593	0.543163	0.564868	0.586573	0.609178	0.631783	0.657585	0.683388	0.705787	0.728186	0.745124	0.762062	0.798442	0.834822	0.859643	0.884463	0.909087	0.93371	0.955588	0.977466	0.998374	1.01928	1.04099	1.06269	1.08546	1.10822	1.13145	1.15467	1.17818	1.2017	1.2253	1.24891	1.27252	1.29614	1.3197	1.34326	1.36677	1.39029	1.41375	1.43721	1.46065	1.48409	1.50751	
0	0.0233089	0.0466249	0.069941	0.0932784	0.116616	0.139988	0.163359	0.186778	0.210196	0.233672	0.257147	0.280704	0.304261	0.327904	0.351547	0.375284	0.399022	0.422956	0.446891	0.471023	0.495156	0.518473	0.541789	0.563264	0.58474	0.606785	0.62883	0.654016	0.679202	0.701894	0.724586	0.743092	0.761598	0.801072	0.840546	0.863697	0.886846	0.911391	0.935937	0.957732	0.979528	1.00058	1.02164	1.04336	1.06509	1.08764	1.11018	1.13318	1.15617	1.17949	1.20281	1.22626	1.24972	1.27323	1.29674	1.32021	1.34369	1.36713	1.39058	1.41398	1.43738	1.46076	1.48415	1.50751	
0	0.023262	0.0465318	0.0698017	0.0930932	0.116385	0.139713	0.16304	0.186416	0.209791	0.233226	0.256662	0.280176	0.303691	0.32728	0.350869	0.374524	0.398179	0.42198	0.445781	0.469661	0.493541	0.516502	0.539464	0.560402	0.58134	0.602735	0.624131	0.648406	0.672681	0.695281	0.71788	0.739952	0.762024	0.803144	0.844264	0.866201	0.888137	0.912775	0.937413	0.959206	0.980998	1.00224	1.02348	1.04529	1.0671	1.08952	1.11194	1.13478	1.15763	1.18078	1.20394	1.22726	1.25058	1.27397	1.29737	1.32076	1.34415	1.36752	1.39089	1.41422	1.43756	1.46088	1.4842	1.50751	
0	0.0232151	0.0464387	0.0696624	0.0929081	0.116154	0.139438	0.162721	0.186053	0.209385	0.232781	0.256176	0.279649	0.303121	0.326656	0.350191	0.373764	0.397337	0.421004	0.444672	0.468299	0.491926	0.514532	0.537138	0.557539	0.577939	0.598686	0.619432	0.642796	0.66616	0.688667	0.711174	0.736812	0.76245	0.805216	0.847982	0.868706	0.889429	0.914159	0.938889	0.960679	0.982468	1.0039	1.02533	1.04722	1.0691	1.0914	1.11369	1.13639	1.15908	1.18208	1.20507	1.22825	1.25144	1.27472	1.29801	1.32131	1.34461	1.3679	1.3912	1.41447	1.43774	1.461	1.48426	1.50751	
0	0.0231732	0.0463554	0.0695376	0.0927411	0.115945	0.139186	0.162427	0.185715	0.209002	0.232351	0.255699	0.279112	0.302524	0.325977	0.34943	0.372884	0.396338	0.419825	0.443311	0.466673	0.490034	0.512324	0.534615	0.554665	0.574716	0.595266	0.615817	0.639181	0.662546	0.683779	0.705013	0.73356	0.762107	0.805633	0.84916	0.869497	0.889832	0.914672	0.939512	0.961395	0.983278	1.0049	1.02652	1.04849	1.07046	1.09274	1.11502	1.13765	1.16028	1.18318	1.20608	1.22916	1.25224	1.27543	1.29861	1.32183	1.34505	1.36828	1.3915	1.41471	1.43792	1.46112	1.48432	1.50751	
0	0.0231314	0.0462721	0.0694128	0.0925741	0.115735	0.138934	0.162133	0.185376	0.208619	0.23192	0.255221	0.278575	0.301928	0.325299	0.34867	0.372005	0.39534	0.418645	0.441951	0.465047	0.488142	0.510116	0.532091	0.551792	0.571492	0.591847	0.612202	0.635567	0.658932	0.678892	0.698852	0.730308	0.761764	0.806051	0.850339	0.870287	0.890235	0.915184	0.940134	0.962111	0.984088	1.0059	1.02771	1.04976	1.07181	1.09407	1.11634	1.13891	1.16148	1.18429	1.20709	1.23007	1.25304	1.27613	1.29922	1.32236	1.3455	1.36865	1.3918	1.41495	1.43809	1.46124	1.48438	1.50751	
0	0.0230966	0.0462025	0.0693084	0.0924331	0.115558	0.138719	0.161879	0.185079	0.208279	0.231531	0.254782	0.278067	0.301352	0.324633	0.347914	0.371126	0.394337	0.417467	0.440596	0.463471	0.486347	0.508178	0.530009	0.549542	0.569076	0.589439	0.609802	0.633281	0.656759	0.676762	0.696764	0.728955	0.761145	0.80496	0.848776	0.869152	0.889528	0.91476	0.939992	0.962177	0.984361	1.00633	1.02829	1.05041	1.07253	1.09484	1.11714	1.13971	1.16228	1.18506	1.20784	1.23076	1.25368	1.2767	1.29973	1.3228	1.34588	1.36897	1.39206	1.41516	1.43825	1.46134	1.48443	1.50751	
0	0.0230618	0.0461329	0.069204	0.0922922	0.11538	0.138503	0.161625	0.184783	0.20794	0.231141	0.254343	0.277559	0.300775	0.323967	0.347159	0.370247	0.393335	0.416288	0.439241	0.461896	0.484551	0.506239	0.527926	0.547293	0.56666	0.587031	0.607402	0.630994	0.654587	0.674632	0.694677	0.727602	0.760526	0.803869	0.847213	0.868017	0.888821	0.914336	0.93985	0.962242	0.984634	1.00675	1.02887	1.05106	1.07325	1.0956	1.11795	1.14052	1.16308	1.18583	1.20859	1.23146	1.25433	1.27728	1.30023	1.32325	1.34626	1.36929	1.39233	1.41536	1.4384	1.46144	1.48448	1.50751	
0	0.023036	0.0460809	0.0691259	0.092186	0.115246	0.138338	0.161429	0.18455	0.20767	0.230825	0.253981	0.277132	0.300284	0.323399	0.346513	0.3695	0.392487	0.415316	0.438145	0.460666	0.483188	0.504871	0.526555	0.545895	0.565235	0.585819	0.606402	0.629717	0.653032	0.674603	0.696174	0.728676	0.761179	0.802617	0.844056	0.865425	0.886794	0.912236	0.937679	0.960864	0.984049	1.00652	1.02899	1.05124	1.0735	1.09592	1.11833	1.14093	1.16352	1.18627	1.20901	1.23188	1.25474	1.27766	1.30058	1.32356	1.34653	1.36953	1.39252	1.41552	1.43852	1.46152	1.48452	1.50751	
0	0.0230102	0.046029	0.0690479	0.0920799	0.115112	0.138173	0.161233	0.184317	0.207401	0.23051	0.253619	0.276706	0.299793	0.32283	0.345868	0.368754	0.391639	0.414344	0.437049	0.459436	0.481824	0.503504	0.525184	0.544497	0.563811	0.584606	0.605401	0.628439	0.651477	0.674574	0.697671	0.729751	0.761831	0.801365	0.840898	0.862833	0.884767	0.910137	0.935507	0.959486	0.983465	1.00628	1.0291	1.05142	1.07375	1.09623	1.11871	1.14133	1.16396	1.1867	1.20944	1.2323	1.25515	1.27804	1.30093	1.32387	1.34681	1.36976	1.39271	1.41567	1.43863	1.46159	1.48455	1.50751	
0	0.0229952	0.0459987	0.0690022	0.0920174	0.115033	0.138074	0.161115	0.184175	0.207234	0.230311	0.253387	0.276427	0.299467	0.322452	0.345437	0.368259	0.391081	0.41371	0.436339	0.458655	0.48097	0.502639	0.524308	0.543693	0.563078	0.584818	0.606559	0.629723	0.652888	0.677321	0.701755	0.734421	0.767088	0.80288	0.838672	0.861137	0.883601	0.908629	0.933656	0.957719	0.981782	1.00493	1.02808	1.05078	1.07349	1.09613	1.11877	1.14144	1.16411	1.18686	1.20961	1.23248	1.25534	1.27822	1.30111	1.32404	1.34696	1.36989	1.39282	1.41576	1.4387	1.46164	1.48457	1.50751	
0	0.0229802	0.0459683	0.0689565	0.0919549	0.114953	0.137975	0.160997	0.184033	0.207068	0.230112	0.253155	0.276148	0.299141	0.322074	0.345007	0.367765	0.390523	0.413077	0.43563	0.457873	0.480116	0.501774	0.523433	0.542889	0.562346	0.585031	0.607716	0.631007	0.654298	0.680068	0.705838	0.739092	0.772345	0.804395	0.836445	0.85944	0.882436	0.907121	0.931806	0.955953	0.9801	1.00358	1.02706	1.05014	1.07323	1.09602	1.11882	1.14154	1.16426	1.18702	1.20978	1.23265	1.25553	1.27841	1.30129	1.3242	1.34711	1.37002	1.39293	1.41585	1.43877	1.46168	1.4846	1.50751	
0	0.0229747	0.0459572	0.0689396	0.0919314	0.114923	0.137937	0.16095	0.183974	0.206997	0.230025	0.253052	0.276021	0.29899	0.321895	0.344799	0.367528	0.390256	0.412771	0.435286	0.457501	0.479715	0.501304	0.522892	0.542512	0.562132	0.586667	0.611202	0.634379	0.657557	0.684345	0.711134	0.745296	0.779457	0.807525	0.835592	0.858753	0.881914	0.906248	0.930581	0.954659	0.978736	1.00226	1.02579	1.04897	1.07216	1.09513	1.11811	1.14105	1.164	1.18688	1.20975	1.23265	1.25555	1.27845	1.30134	1.32425	1.34716	1.37006	1.39297	1.41588	1.43879	1.4617	1.4846	1.50751	
0	0.0229693	0.045946	0.0689228	0.0919079	0.114893	0.137898	0.160903	0.183915	0.206927	0.229938	0.252949	0.275894	0.298839	0.321715	0.344591	0.36729	0.389989	0.412466	0.434942	0.457128	0.479315	0.500834	0.522352	0.542135	0.561918	0.588303	0.614688	0.637752	0.660815	0.688623	0.71643	0.7515	0.786569	0.810655	0.83474	0.858066	0.881392	0.905374	0.929356	0.953365	0.977373	1.00094	1.02452	1.0478	1.07108	1.09424	1.1174	1.14057	1.16374	1.18673	1.20972	1.23265	1.25558	1.27848	1.30139	1.3243	1.34721	1.37011	1.39301	1.41591	1.43882	1.46171	1.48461	1.50751	
0	0.0229833	0.0459731	0.0689628	0.0919578	0.114953	0.137961	0.160969	0.183973	0.206977	0.229966	0.252955	0.275893	0.298831	0.321699	0.344567	0.367263	0.389959	0.412426	0.434894	0.457147	0.4794	0.500939	0.522478	0.542906	0.563334	0.59081	0.618286	0.64149	0.664694	0.69322	0.721746	0.756485	0.791223	0.812656	0.834089	0.857642	0.881194	0.9046	0.928006	0.952134	0.976261	0.999814	1.02337	1.04678	1.07018	1.0934	1.11662	1.13981	1.16301	1.18607	1.20914	1.23215	1.25516	1.27814	1.30111	1.32408	1.34704	1.36998	1.39291	1.41584	1.43877	1.46168	1.4846	1.50751	
0	0.0229974	0.0460001	0.0690028	0.0920076	0.115012	0.138023	0.161034	0.184031	0.207028	0.229994	0.252961	0.275891	0.298822	0.321682	0.344542	0.367235	0.389928	0.412387	0.434847	0.457166	0.479485	0.501045	0.522605	0.543677	0.56475	0.593316	0.621883	0.645228	0.668572	0.697817	0.727062	0.76147	0.795877	0.814658	0.833438	0.857217	0.880996	0.903826	0.926655	0.950902	0.975149	0.998684	1.02222	1.04575	1.06928	1.09256	1.11583	1.13905	1.16228	1.18542	1.20855	1.23165	1.25475	1.27779	1.30084	1.32385	1.34687	1.36984	1.39282	1.41577	1.43872	1.46165	1.48458	1.50751	
0	0.0230221	0.0460495	0.069077	0.092108	0.115139	0.138179	0.16122	0.184255	0.20729	0.23031	0.253329	0.276316	0.299302	0.322211	0.345119	0.367893	0.390666	0.413219	0.435772	0.458251	0.48073	0.502083	0.523435	0.545152	0.566869	0.596515	0.626162	0.650263	0.674364	0.704442	0.734521	0.765827	0.797132	0.813459	0.829786	0.854172	0.878559	0.901433	0.924308	0.949288	0.974268	0.997649	1.02103	1.04462	1.06821	1.09157	1.11493	1.13824	1.16155	1.18476	1.20797	1.23113	1.25429	1.27738	1.30047	1.32353	1.34659	1.3696	1.39262	1.41561	1.4386	1.46157	1.48454	1.50751	
0	0.0230469	0.046099	0.0691511	0.0922084	0.115266	0.138335	0.161405	0.184479	0.207553	0.230625	0.253697	0.27674	0.299782	0.322739	0.345697	0.368551	0.391404	0.414051	0.436698	0.459337	0.481975	0.503121	0.524266	0.546627	0.568989	0.599714	0.63044	0.655298	0.680155	0.711067	0.741979	0.770183	0.798388	0.812261	0.826133	0.851127	0.876122	0.899041	0.92196	0.947673	0.973386	0.996615	1.01984	1.04349	1.06714	1.09058	1.11403	1.13743	1.16082	1.18411	1.20739	1.23061	1.25382	1.27697	1.30011	1.3232	1.3463	1.36936	1.39242	1.41545	1.43848	1.46149	1.4845	1.50751	
0	0.0230857	0.0461766	0.0692675	0.0923643	0.115461	0.138571	0.161682	0.184798	0.207914	0.231031	0.254148	0.277246	0.300343	0.323376	0.346408	0.369369	0.392329	0.415132	0.437935	0.460787	0.48364	0.505115	0.52659	0.550179	0.573768	0.605315	0.636862	0.662203	0.687543	0.719261	0.750978	0.770525	0.790072	0.804522	0.818972	0.844427	0.869883	0.894038	0.918193	0.945236	0.972279	0.995423	1.01857	1.04225	1.06593	1.08945	1.11297	1.13644	1.1599	1.18327	1.20663	1.22992	1.25321	1.27642	1.29964	1.32279	1.34595	1.36906	1.39217	1.41526	1.43834	1.4614	1.48446	1.50751	
0	0.0231244	0.0462541	0.0693838	0.0925203	0.115657	0.138807	0.161958	0.185116	0.208275	0.231437	0.2546	0.277752	0.300904	0.324012	0.34712	0.370187	0.393254	0.416213	0.439171	0.462238	0.485305	0.507109	0.528914	0.553731	0.578548	0.610916	0.643285	0.669108	0.694931	0.727454	0.766371	0.787994	0.789578	0.796123	0.813656	0.83777	0.863643	0.889034	0.914425	0.942798	0.971171	0.994231	1.01729	1.04101	1.06472	1.08832	1.11191	1.13545	1.15898	1.18243	1.20587	1.22924	1.2526	1.27588	1.29917	1.32238	1.3456	1.36877	1.39193	1.41506	1.4382	1.4613	1.48441	1.50751	
0	0.0231739	0.0463534	0.0695328	0.0927205	0.115908	0.139113	0.162317	0.185535	0.208753	0.231984	0.255216	0.278453	0.30169	0.32491	0.34813	0.371351	0.394572	0.417782	0.440991	0.464427	0.487862	0.510705	0.533549	0.559193	0.584837	0.618025	0.651212	0.679334	0.707456	0.734328	0.766258	0.770117	0.773031	0.786545	0.80619	0.829894	0.855228	0.883242	0.911257	0.940186	0.969115	0.992418	1.01572	1.03954	1.06336	1.08706	1.11075	1.13437	1.15798	1.1815	1.20503	1.22847	1.2519	1.27525	1.29861	1.32189	1.34517	1.3684	1.39163	1.41482	1.43802	1.46118	1.48435	1.50751	
0	0.0232234	0.0464526	0.0696818	0.0929207	0.11616	0.139418	0.162677	0.185954	0.209231	0.232531	0.255832	0.279154	0.302476	0.325808	0.34914	0.372516	0.395891	0.419351	0.442811	0.466615	0.490419	0.514302	0.538184	0.564655	0.591127	0.625133	0.65914	0.689561	0.716528	0.73831	0.759937	0.764246	0.765466	0.782354	0.801014	0.82291	0.846812	0.87745	0.908088	0.937574	0.96706	0.990605	1.01415	1.03807	1.062	1.0858	1.1096	1.13329	1.15698	1.18058	1.20418	1.22769	1.2512	1.27463	1.29805	1.3214	1.34474	1.36804	1.39133	1.41459	1.43784	1.46107	1.48429	1.50751	
0	0.0232809	0.0465679	0.0698549	0.0931534	0.116452	0.139773	0.163095	0.18644	0.209786	0.233166	0.256546	0.279965	0.303383	0.326845	0.350306	0.373856	0.397406	0.421138	0.44487	0.469052	0.493233	0.517964	0.542695	0.56943	0.596165	0.63003	0.663895	0.695925	0.729135	0.738334	0.745783	0.759057	0.762897	0.780895	0.797691	0.817353	0.841017	0.873656	0.906295	0.935208	0.964121	0.988218	1.01231	1.03641	1.06051	1.08444	1.10837	1.13215	1.15594	1.17962	1.2033	1.22688	1.25047	1.27396	1.29745	1.32087	1.34429	1.36765	1.39101	1.41433	1.43764	1.46094	1.48423	1.50751	
0	0.0233383	0.0466832	0.0700281	0.0933861	0.116744	0.140128	0.163512	0.186927	0.210341	0.233801	0.25726	0.280776	0.304291	0.327881	0.351472	0.375197	0.398922	0.422926	0.44693	0.471488	0.496047	0.521627	0.547207	0.574205	0.601204	0.634927	0.669283	0.710772	0.738958	0.741715	0.7405	0.758402	0.752294	0.783656	0.795721	0.814153	0.835222	0.869862	0.904502	0.932843	0.961183	0.985832	1.01048	1.03475	1.05903	1.08308	1.10714	1.13101	1.15489	1.17865	1.20241	1.22607	1.24973	1.2733	1.29686	1.32035	1.34383	1.36726	1.39068	1.41407	1.43745	1.46081	1.48416	1.50751	
0	0.0233995	0.0468059	0.0702124	0.0936335	0.117055	0.140505	0.163954	0.18744	0.210925	0.234465	0.258005	0.281615	0.305226	0.328936	0.352645	0.376522	0.4004	0.424599	0.448799	0.473601	0.498404	0.524295	0.550186	0.57708	0.603974	0.634475	0.66497	0.698235	0.728892	0.742341	0.739336	0.75837	0.761901	0.785877	0.793188	0.814329	0.838703	0.871256	0.903809	0.931284	0.958759	0.983766	1.00877	1.0332	1.05763	1.08179	1.10596	1.12992	1.15389	1.17772	1.20155	1.22528	1.24901	1.27264	1.29627	1.31982	1.34337	1.36686	1.39035	1.4138	1.43725	1.46068	1.4841	1.50751	
0	0.0234607	0.0469287	0.0703967	0.0938809	0.117365	0.140881	0.164396	0.187953	0.211509	0.235129	0.258749	0.282455	0.306162	0.32999	0.353818	0.377848	0.401878	0.426273	0.450668	0.475715	0.500761	0.526963	0.553165	0.579955	0.606745	0.634022	0.661299	0.682384	0.705124	0.738391	0.745087	0.759321	0.774118	0.771998	0.792022	0.819133	0.842184	0.87265	0.903116	0.929726	0.956335	0.981701	1.00707	1.03165	1.05623	1.08051	1.10479	1.12883	1.15288	1.17679	1.2007	1.22449	1.24829	1.27198	1.29568	1.3193	1.34291	1.36647	1.39003	1.41354	1.43706	1.46054	1.48403	1.50751	
0	0.0235216	0.0470506	0.0705796	0.0941259	0.117672	0.141251	0.16483	0.188453	0.212076	0.235768	0.259459	0.283245	0.307031	0.330947	0.354864	0.378992	0.403121	0.427599	0.452078	0.477138	0.502197	0.528376	0.554555	0.581074	0.607594	0.633576	0.659558	0.680162	0.693811	0.720282	0.750323	0.759142	0.778262	0.775146	0.808404	0.827052	0.845656	0.874287	0.902918	0.92899	0.955062	0.980461	1.00586	1.03048	1.05511	1.07945	1.10379	1.12789	1.152	1.17596	1.19992	1.22377	1.24762	1.27138	1.29513	1.31881	1.34248	1.3661	1.38972	1.41329	1.43687	1.46042	1.48397	1.50751	
0	0.0235825	0.0471725	0.0707626	0.0943708	0.117979	0.141621	0.165263	0.188953	0.212643	0.236406	0.260169	0.284034	0.3079	0.331905	0.355911	0.380137	0.404364	0.428926	0.453488	0.478561	0.503633	0.529789	0.555944	0.582194	0.608443	0.63313	0.657817	0.67794	0.697086	0.727961	0.750118	0.759719	0.780158	0.771984	0.818275	0.832572	0.851072	0.875804	0.902719	0.928254	0.953789	0.97922	1.00465	1.02932	1.05399	1.07839	1.10279	1.12695	1.15111	1.17513	1.19915	1.22305	1.24696	1.27077	1.29458	1.31831	1.34205	1.36573	1.3894	1.41304	1.43668	1.46029	1.48391	1.50751	
0	0.0236389	0.0472853	0.0709317	0.0945964	0.118261	0.141959	0.165657	0.189403	0.21315	0.236969	0.260787	0.284708	0.308629	0.332684	0.35674	0.381002	0.405264	0.429815	0.454366	0.479357	0.504348	0.530343	0.556339	0.582236	0.608133	0.632675	0.657217	0.679874	0.7021	0.742137	0.753874	0.759964	0.776936	0.770414	0.818625	0.833548	0.853443	0.877031	0.90265	0.927957	0.953264	0.978584	1.0039	1.02856	1.05323	1.07763	1.10204	1.12622	1.15041	1.17446	1.19851	1.22245	1.24639	1.27025	1.2941	1.31789	1.34167	1.3654	1.38913	1.41282	1.43651	1.46018	1.48385	1.50751	
0	0.0236954	0.0473981	0.0711009	0.0948219	0.118543	0.142297	0.16605	0.189853	0.213656	0.237531	0.261406	0.285382	0.309358	0.333464	0.357569	0.381867	0.406165	0.430704	0.455243	0.480154	0.505064	0.530898	0.556733	0.582278	0.607823	0.632219	0.656616	0.681809	0.706874	0.738862	0.758723	0.75892	0.765156	0.78527	0.813769	0.831924	0.853338	0.876957	0.90258	0.92766	0.952739	0.977948	1.00316	1.02781	1.05247	1.07687	1.10128	1.12549	1.1497	1.17378	1.19787	1.22185	1.24583	1.26973	1.29363	1.31746	1.34129	1.36507	1.38885	1.4126	1.43634	1.46007	1.48379	1.50751	
0	0.023744	0.0474949	0.0712459	0.0950142	0.118783	0.142581	0.16638	0.190226	0.214072	0.237984	0.261896	0.285902	0.309907	0.334026	0.358145	0.382434	0.406722	0.431221	0.455719	0.480522	0.505325	0.530791	0.556257	0.581535	0.606813	0.632144	0.657474	0.685493	0.714048	0.735295	0.744434	0.76755	0.771344	0.773627	0.803907	0.82671	0.850773	0.875812	0.901811	0.927143	0.952476	0.977579	1.00268	1.02734	1.05199	1.07638	1.10077	1.12498	1.14919	1.17328	1.19738	1.22138	1.24538	1.26931	1.29324	1.31711	1.34098	1.3648	1.38862	1.41241	1.4362	1.45998	1.48375	1.50751	
0	0.0237927	0.0475918	0.0713909	0.0952065	0.119022	0.142866	0.16671	0.190598	0.214487	0.238436	0.262386	0.286421	0.310457	0.334589	0.358721	0.383	0.407279	0.431737	0.456196	0.48089	0.505585	0.530683	0.555782	0.580793	0.605803	0.632068	0.658332	0.689177	0.719567	0.741089	0.745184	0.764572	0.769773	0.776203	0.784123	0.812681	0.844771	0.874057	0.900667	0.926851	0.952212	0.97721	1.00221	1.02686	1.05152	1.07588	1.10025	1.12446	1.14868	1.17278	1.19689	1.22091	1.24494	1.2689	1.29286	1.31676	1.34067	1.36453	1.3884	1.41223	1.43606	1.45988	1.4837	1.50751	
0	0.0238308	0.0476674	0.071504	0.0953554	0.119207	0.143083	0.16696	0.190875	0.214791	0.238759	0.262727	0.28677	0.310813	0.334938	0.359064	0.383318	0.407573	0.431979	0.456385	0.48101	0.505635	0.530396	0.555157	0.58019	0.605223	0.631488	0.657752	0.686464	0.71862	0.742658	0.752297	0.766904	0.771949	0.766075	0.772003	0.79364	0.839022	0.871671	0.899978	0.926742	0.952223	0.97712	1.00202	1.02666	1.0513	1.07563	1.09996	1.12417	1.14837	1.17247	1.19658	1.2206	1.24463	1.26861	1.29259	1.31651	1.34044	1.36433	1.38823	1.41209	1.43596	1.45981	1.48367	1.50751	
0	0.023869	0.0477431	0.0716171	0.0955043	0.119391	0.1433	0.167209	0.191152	0.215095	0.239081	0.263068	0.287119	0.31117	0.335288	0.359406	0.383636	0.407867	0.43222	0.456574	0.481129	0.505684	0.530108	0.554532	0.579587	0.604642	0.630907	0.657172	0.683751	0.712508	0.739755	0.756593	0.759922	0.766276	0.767078	0.765388	0.788656	0.834872	0.870313	0.899778	0.926763	0.952235	0.97703	1.00182	1.02645	1.05108	1.07538	1.09968	1.12387	1.14806	1.17216	1.19626	1.2203	1.24433	1.26832	1.29231	1.31626	1.34021	1.36413	1.38805	1.41195	1.43585	1.45974	1.48363	1.50751	
0	0.0238947	0.0477935	0.0716924	0.0956018	0.119511	0.143439	0.167367	0.191323	0.215279	0.239271	0.263263	0.287311	0.311359	0.335458	0.359558	0.383756	0.407954	0.432256	0.456559	0.480883	0.505207	0.529572	0.553938	0.57865	0.603363	0.628673	0.653983	0.679854	0.706628	0.734576	0.753931	0.753873	0.760669	0.766528	0.769041	0.796504	0.840659	0.872261	0.900724	0.927173	0.952678	0.97742	1.00216	1.02661	1.05105	1.07532	1.09958	1.12375	1.14793	1.17201	1.1961	1.22013	1.24416	1.26815	1.29215	1.31611	1.34007	1.36401	1.38795	1.41187	1.43579	1.4597	1.48361	1.50751	
0	0.0239203	0.047844	0.0717676	0.0956994	0.119631	0.143578	0.167524	0.191493	0.215463	0.23946	0.263458	0.287503	0.311547	0.335629	0.35971	0.383875	0.40804	0.432293	0.456545	0.480638	0.50473	0.529037	0.553343	0.577713	0.602083	0.626438	0.650794	0.675956	0.701904	0.728476	0.749245	0.757872	0.759466	0.765256	0.763886	0.813274	0.847342	0.875684	0.902477	0.928183	0.953121	0.97781	1.0025	1.02676	1.05102	1.07525	1.09949	1.12364	1.14779	1.17186	1.19593	1.21996	1.24399	1.26799	1.29199	1.31596	1.33993	1.36388	1.38784	1.41178	1.43572	1.45965	1.48358	1.50751	
0	0.0239343	0.0478713	0.0718082	0.0957512	0.119694	0.143649	0.167604	0.191576	0.215549	0.239543	0.263537	0.287574	0.311611	0.335673	0.359736	0.383797	0.407859	0.431982	0.456105	0.480164	0.504222	0.528343	0.552465	0.576598	0.600731	0.624812	0.648893	0.673328	0.697637	0.722704	0.746719	0.762398	0.760751	0.765239	0.785664	0.824625	0.852198	0.878639	0.904376	0.929504	0.954219	0.97864	1.00306	1.02724	1.05141	1.07555	1.09968	1.12373	1.14778	1.17183	1.19588	1.2199	1.24392	1.26792	1.29192	1.31589	1.33986	1.36382	1.38778	1.41173	1.43568	1.45963	1.48357	1.50751	
0	0.0239483	0.0478986	0.0718488	0.095803	0.119757	0.14372	0.167684	0.191659	0.215635	0.239625	0.263616	0.287645	0.311674	0.335718	0.359762	0.383719	0.407677	0.431672	0.455666	0.47969	0.503714	0.52765	0.551586	0.575483	0.599379	0.623185	0.646991	0.670699	0.694546	0.718285	0.741273	0.761403	0.772795	0.785119	0.808056	0.832007	0.85668	0.881618	0.906591	0.930953	0.955316	0.97947	1.00362	1.02772	1.05181	1.07584	1.09987	1.12382	1.14776	1.1718	1.19584	1.21985	1.24386	1.26785	1.29185	1.31582	1.3398	1.36376	1.38773	1.41169	1.43565	1.4596	1.48356	1.50751	
0	0.023953	0.0479073	0.0718617	0.0958186	0.119776	0.143739	0.167703	0.191676	0.215649	0.239631	0.263613	0.287579	0.311545	0.335526	0.359508	0.383451	0.407394	0.43133	0.455265	0.479177	0.503089	0.526909	0.550729	0.574465	0.598201	0.621821	0.645441	0.668859	0.69214	0.715101	0.73734	0.757791	0.775958	0.794075	0.814516	0.836796	0.86019	0.884152	0.908221	0.932271	0.956321	0.980306	1.00429	1.02826	1.05223	1.07619	1.10015	1.12409	1.14803	1.17201	1.19599	1.21994	1.2439	1.26787	1.29184	1.31581	1.33978	1.36375	1.38772	1.41168	1.43564	1.4596	1.48356	1.50751	
0	0.0239576	0.0479161	0.0718746	0.0958342	0.119794	0.143758	0.167723	0.191693	0.215663	0.239637	0.263611	0.287514	0.311416	0.335335	0.359254	0.383182	0.40711	0.430988	0.454865	0.478665	0.502464	0.526168	0.549871	0.573447	0.597023	0.620457	0.64389	0.667019	0.690148	0.71245	0.734843	0.755866	0.776019	0.796224	0.817402	0.839711	0.862948	0.8864	0.909852	0.933589	0.957326	0.981142	1.00496	1.02881	1.05266	1.07655	1.10043	1.12436	1.14829	1.17221	1.19614	1.22004	1.24394	1.26789	1.29183	1.3158	1.33977	1.36374	1.3877	1.41166	1.43563	1.45959	1.48355	1.50751	
0	0.0239467	0.0478924	0.0718381	0.0957831	0.119728	0.143673	0.167618	0.191562	0.215506	0.239445	0.263384	0.287286	0.311187	0.335081	0.358976	0.38285	0.406725	0.430546	0.454368	0.478111	0.501854	0.525492	0.54913	0.572624	0.596119	0.619446	0.642772	0.665825	0.688877	0.711312	0.73348	0.754987	0.776154	0.797432	0.819165	0.841613	0.86439	0.887715	0.911039	0.934624	0.958208	0.981914	1.00562	1.0294	1.05317	1.077	1.10083	1.1247	1.14858	1.17247	1.19636	1.22026	1.24415	1.26808	1.292	1.31595	1.33989	1.36383	1.38778	1.41172	1.43567	1.45962	1.48357	1.50751	
0	0.0239357	0.0478687	0.0718017	0.0957319	0.119662	0.143588	0.167514	0.191431	0.215349	0.239253	0.263157	0.287058	0.310959	0.334828	0.358697	0.382518	0.406339	0.430105	0.453871	0.477557	0.501244	0.524816	0.548388	0.571802	0.595215	0.618434	0.641654	0.664631	0.687607	0.710173	0.73274	0.754493	0.776247	0.798244	0.820241	0.843037	0.865832	0.88903	0.912227	0.935658	0.95909	0.982686	1.00628	1.02998	1.05368	1.07745	1.10122	1.12504	1.14886	1.17272	1.19658	1.22047	1.24437	1.26827	1.29218	1.31609	1.34	1.36393	1.38785	1.41178	1.43571	1.45965	1.48358	1.50751	
0	0.0239163	0.0478306	0.0717449	0.0956561	0.119567	0.143472	0.167377	0.191272	0.215167	0.239047	0.262927	0.286792	0.310656	0.334488	0.35832	0.382106	0.405892	0.429619	0.453346	0.476993	0.500639	0.524176	0.547713	0.571104	0.594495	0.617706	0.640917	0.663902	0.686887	0.709545	0.732203	0.754319	0.776435	0.798707	0.820979	0.843817	0.866656	0.889839	0.913023	0.936416	0.95981	0.983359	1.00691	1.03056	1.05422	1.07795	1.10167	1.12546	1.14924	1.17306	1.19689	1.22075	1.24461	1.26848	1.29236	1.31625	1.34014	1.36405	1.38795	1.41186	1.43577	1.45968	1.4836	1.50751	
0	0.0238969	0.0477925	0.0716882	0.0955804	0.119473	0.143357	0.167241	0.191113	0.214986	0.238841	0.262697	0.286525	0.310353	0.334148	0.357943	0.381693	0.405444	0.429133	0.452821	0.476428	0.500035	0.523536	0.547038	0.570407	0.593776	0.616978	0.64018	0.663173	0.686167	0.708917	0.731667	0.754145	0.776623	0.79917	0.821716	0.844598	0.867479	0.890649	0.913819	0.937174	0.960529	0.984032	1.00754	1.03114	1.05475	1.07844	1.10212	1.12587	1.14962	1.17341	1.1972	1.22102	1.24484	1.26869	1.29254	1.31641	1.34028	1.36416	1.38805	1.41194	1.43583	1.45972	1.48362	1.50751	
0	0.0238705	0.0477394	0.0716083	0.0954729	0.119338	0.143193	0.167049	0.190893	0.214736	0.238562	0.262387	0.286186	0.309985	0.33375	0.357515	0.381235	0.404956	0.428616	0.452277	0.475861	0.499445	0.522932	0.546419	0.569786	0.593153	0.616376	0.639599	0.662647	0.685694	0.708553	0.731411	0.754075	0.776739	0.799454	0.82217	0.84513	0.86809	0.891276	0.914462	0.937815	0.961168	0.984652	1.00814	1.03172	1.0553	1.07896	1.10262	1.12633	1.15005	1.17381	1.19757	1.22136	1.24515	1.26897	1.2928	1.31664	1.34047	1.36433	1.38818	1.41204	1.43591	1.45978	1.48364	1.50751	
0	0.0238442	0.0476863	0.0715284	0.0953655	0.119203	0.14303	0.166858	0.190672	0.214487	0.238282	0.262077	0.285846	0.309616	0.333351	0.357087	0.380777	0.404467	0.4281	0.451733	0.475294	0.498855	0.522328	0.5458	0.569165	0.59253	0.615774	0.639018	0.66212	0.685222	0.708188	0.731154	0.754005	0.776855	0.799739	0.822623	0.845662	0.868701	0.891903	0.915105	0.938455	0.961806	0.985272	1.00874	1.03229	1.05585	1.07948	1.10311	1.12679	1.15048	1.17421	1.19794	1.2217	1.24547	1.26926	1.29305	1.31686	1.34067	1.36449	1.38832	1.41215	1.43599	1.45983	1.48367	1.50751	
0	0.0238119	0.0476219	0.0714319	0.095237	0.119042	0.142838	0.166634	0.190417	0.2142	0.237964	0.261729	0.285469	0.309209	0.332917	0.356625	0.380291	0.403958	0.427573	0.451188	0.474739	0.49829	0.521763	0.545237	0.568618	0.591999	0.615278	0.638557	0.66172	0.684883	0.707939	0.730995	0.753964	0.776932	0.799927	0.822922	0.846039	0.869156	0.892401	0.915647	0.939012	0.962377	0.985841	1.00931	1.03285	1.05639	1.08	1.10361	1.12727	1.15094	1.17464	1.19834	1.22208	1.24581	1.26957	1.29333	1.31711	1.34089	1.36469	1.38848	1.41228	1.43609	1.45989	1.4837	1.50751	
0	0.0237797	0.0475575	0.0713353	0.0951085	0.118882	0.142646	0.16641	0.190162	0.213913	0.237647	0.261381	0.285091	0.308802	0.332482	0.356163	0.379806	0.403449	0.427046	0.450643	0.474183	0.497724	0.521198	0.544673	0.56807	0.591468	0.614782	0.638096	0.661321	0.684545	0.707691	0.730836	0.753922	0.777009	0.800115	0.823221	0.846416	0.869611	0.8929	0.916189	0.939568	0.962947	0.98641	1.00987	1.0334	1.05694	1.08053	1.10412	1.12776	1.15139	1.17507	1.19875	1.22245	1.24616	1.26989	1.29362	1.31737	1.34112	1.36488	1.38864	1.41241	1.43618	1.45996	1.48373	1.50751	
0	0.0237438	0.0474859	0.0712281	0.094966	0.118704	0.142434	0.166164	0.189883	0.213601	0.237304	0.261007	0.28469	0.308373	0.332029	0.355686	0.379311	0.402935	0.42652	0.450106	0.473644	0.497182	0.520665	0.544148	0.567569	0.59099	0.614344	0.637698	0.660982	0.684267	0.707491	0.730716	0.753898	0.77708	0.800275	0.82347	0.846728	0.869987	0.893319	0.916651	0.940056	0.963461	0.986933	1.01041	1.03394	1.05747	1.08105	1.10463	1.12825	1.15186	1.17552	1.19917	1.22285	1.24653	1.27023	1.29393	1.31764	1.34136	1.36509	1.38882	1.41255	1.43629	1.46003	1.48377	1.50751	
0	0.0237079	0.0474144	0.0711209	0.0948235	0.118526	0.142222	0.165918	0.189603	0.213289	0.236961	0.260634	0.284288	0.307943	0.331576	0.355209	0.378815	0.402421	0.425995	0.449568	0.473104	0.496639	0.520132	0.543624	0.567068	0.590512	0.613906	0.6373	0.660644	0.683988	0.707292	0.730595	0.753873	0.777151	0.800435	0.823719	0.847041	0.870363	0.893738	0.917112	0.940544	0.963975	0.987457	1.01094	1.03447	1.058	1.08156	1.10513	1.12873	1.15234	1.17597	1.19959	1.22325	1.2469	1.27057	1.29424	1.31792	1.34161	1.3653	1.38899	1.41269	1.4364	1.4601	1.48381	1.50751	
0	0.0236716	0.0473421	0.0710125	0.09468	0.118347	0.142009	0.165671	0.189325	0.21298	0.236623	0.260266	0.283896	0.307526	0.331139	0.354752	0.378344	0.401936	0.425503	0.449071	0.472609	0.496148	0.519654	0.54316	0.56663	0.5901	0.613533	0.636967	0.660364	0.683761	0.707129	0.730497	0.753846	0.777196	0.80055	0.823904	0.847285	0.870667	0.894086	0.917504	0.940964	0.964423	0.987921	1.01142	1.03495	1.05848	1.08205	1.10561	1.1292	1.15279	1.1764	1.20001	1.22363	1.24726	1.2709	1.29454	1.3182	1.34185	1.36551	1.38917	1.41284	1.4365	1.46017	1.48384	1.50751	
0	0.0236353	0.0472698	0.0709042	0.0945365	0.118169	0.141797	0.165425	0.189048	0.21267	0.236285	0.259899	0.283504	0.307109	0.330702	0.354295	0.377873	0.401451	0.425012	0.448573	0.472115	0.495656	0.519176	0.542695	0.566192	0.589688	0.613161	0.636634	0.660084	0.683534	0.706966	0.730399	0.75382	0.777241	0.800665	0.824089	0.84753	0.870971	0.894434	0.917896	0.941384	0.964872	0.988385	1.0119	1.03543	1.05897	1.08253	1.10608	1.12966	1.15324	1.17683	1.20042	1.22402	1.24762	1.27124	1.29485	1.31847	1.34209	1.36572	1.38935	1.41298	1.43661	1.46024	1.48388	1.50751	
0	0.0236032	0.0472059	0.0708086	0.09441	0.118011	0.14161	0.165209	0.188804	0.2124	0.23599	0.259581	0.283166	0.306751	0.330328	0.353905	0.377474	0.401043	0.424601	0.448159	0.471706	0.495252	0.518786	0.542319	0.565839	0.589359	0.612864	0.63637	0.659863	0.683355	0.706837	0.730319	0.753795	0.777271	0.800748	0.824225	0.847712	0.871199	0.894698	0.918198	0.941712	0.965227	0.988756	1.01229	1.03583	1.05937	1.08293	1.10648	1.13005	1.15362	1.17719	1.20077	1.22435	1.24794	1.27153	1.29512	1.31871	1.34231	1.36591	1.3895	1.4131	1.43671	1.46031	1.48391	1.50751	
0	0.0235711	0.0471421	0.070713	0.0942835	0.117854	0.141423	0.164993	0.188561	0.21213	0.235696	0.259263	0.282828	0.306392	0.329954	0.353516	0.377075	0.400634	0.42419	0.447745	0.471297	0.494848	0.518396	0.541943	0.565486	0.589029	0.612568	0.636107	0.659642	0.683177	0.706708	0.73024	0.75377	0.7773	0.800831	0.824361	0.847894	0.871426	0.894963	0.9185	0.942041	0.965582	0.989128	1.01267	1.03622	1.05977	1.08333	1.10688	1.13044	1.154	1.17756	1.20112	1.22469	1.24825	1.27182	1.29538	1.31895	1.34252	1.36609	1.38966	1.41323	1.4368	1.46037	1.48394	1.50751	
-1.62329e-05	0.0235549	0.0471098	0.0706647	0.0942196	0.117774	0.141329	0.164884	0.188439	0.211994	0.235549	0.259104	0.282659	0.306214	0.329768	0.353323	0.376878	0.400433	0.423988	0.447543	0.471098	0.494653	0.518208	0.541762	0.565317	0.588872	0.612427	0.635982	0.659537	0.683092	0.706647	0.730202	0.753757	0.777311	0.800866	0.824421	0.847976	0.871531	0.895086	0.918641	0.942196	0.965751	0.989305	1.01286	1.03642	1.05997	1.08352	1.10708	1.13063	1.15419	1.17774	1.2013	1.22485	1.24841	1.27196	1.29552	1.31907	1.34263	1.36618	1.38974	1.41329	1.43685	1.4604	1.48396	1.50753	
