x=110	y=200	z=200	n=65	len=1
b
0	0	0	0	0	0	0	0	0	0	0	0	0	0	0	0	0	0	0	0	0	0	0	0	0	0	0	0	0	0	0	0	0	0	0	0	0	0	0	0	0	0	0	0	0	0	0	0	0	0	0	0	0	0	0	0	0	0	0	0	0	0	0	0	0	
0.0237457	0.0237391	0.0237247	0.0237103	0.0237083	0.0237063	0.0237099	0.0237135	0.0237077	0.023702	0.023696	0.0236901	0.0236786	0.023667	0.0236558	0.0236445	0.0236305	0.0236166	0.023603	0.0235894	0.0235749	0.0235605	0.0235468	0.023533	0.0235213	0.0235096	0.0234989	0.0234881	0.0234829	0.0234777	0.0234738	0.0234699	0.0234729	0.0234759	0.0234796	0.0234833	0.0234931	0.0235028	0.0235131	0.0235234	0.0235365	0.0235495	0.0235631	0.0235768	0.0235904	0.023604	0.0236185	0.0236329	0.0236448	0.0236567	0.02367	0.0236833	0.023692	0.0237007	0.0237137	0.0237266	0.0237325	0.0237383	0.0237551	0.0237719	0.0237748	0.0237777	0.023765	0.0237523	0.0237457	
0.0475	0.0474987	0.0474822	0.0474658	0.0474572	0.0474486	0.0474457	0.0474427	0.0474284	0.047414	0.0474003	0.0473866	0.0473636	0.0473405	0.047318	0.0472954	0.0472678	0.0472402	0.0472132	0.0471862	0.0471576	0.0471289	0.0471012	0.0470735	0.0470506	0.0470276	0.0470054	0.0469832	0.0469735	0.0469637	0.0469549	0.0469461	0.0469531	0.04696	0.0469669	0.0469738	0.0469941	0.0470145	0.0470348	0.0470551	0.0470818	0.0471085	0.0471358	0.0471631	0.0471905	0.047218	0.0472463	0.0472746	0.0472986	0.0473225	0.0473483	0.0473742	0.0473915	0.0474087	0.0474312	0.0474536	0.0474636	0.0474735	0.0474943	0.0475151	0.0475173	0.0475196	0.0475104	0.0475013	0.0475	
0.0712543	0.0712583	0.0712397	0.0712212	0.0712061	0.071191	0.0711815	0.0711719	0.071149	0.0711261	0.0711046	0.0710831	0.0710486	0.071014	0.0709802	0.0709464	0.0709051	0.0708639	0.0708234	0.070783	0.0707402	0.0706973	0.0706556	0.0706139	0.0705798	0.0705456	0.070512	0.0704784	0.070464	0.0704497	0.070436	0.0704223	0.0704333	0.0704442	0.0704542	0.0704642	0.0704952	0.0705262	0.0705565	0.0705868	0.0706272	0.0706676	0.0707085	0.0707494	0.0707907	0.0708319	0.0708742	0.0709164	0.0709523	0.0709883	0.0710267	0.071065	0.0710909	0.0711168	0.0711487	0.0711805	0.0711947	0.0712088	0.0712335	0.0712583	0.0712599	0.0712614	0.0712559	0.0712503	0.0712543	
0.0950247	0.095028	0.0950146	0.0950013	0.0949819	0.0949626	0.0949442	0.0949257	0.0948938	0.094862	0.0948323	0.0948026	0.0947573	0.0947119	0.0946678	0.0946237	0.094568	0.0945124	0.094459	0.0944055	0.0943475	0.0942895	0.0942332	0.0941769	0.0941295	0.094082	0.0940369	0.0939917	0.0939711	0.0939504	0.0939326	0.0939149	0.0939299	0.0939449	0.0939597	0.0939745	0.0940171	0.0940596	0.0941009	0.0941423	0.0941976	0.0942529	0.094308	0.094363	0.0944183	0.0944736	0.0945293	0.094585	0.0946327	0.0946804	0.0947299	0.0947793	0.094813	0.0948466	0.0948848	0.094923	0.0949414	0.0949599	0.0949835	0.0950071	0.0950116	0.0950161	0.0950188	0.0950215	0.0950247	
0.118795	0.118798	0.118789	0.118781	0.118758	0.118734	0.118707	0.118679	0.118639	0.118598	0.11856	0.118522	0.118466	0.11841	0.118355	0.118301	0.118231	0.118161	0.118094	0.118028	0.117955	0.117882	0.117811	0.11774	0.117679	0.117618	0.117562	0.117505	0.117478	0.117451	0.117429	0.117407	0.117427	0.117446	0.117465	0.117485	0.117539	0.117593	0.117645	0.117698	0.117768	0.117838	0.117907	0.117977	0.118046	0.118115	0.118184	0.118254	0.118313	0.118373	0.118433	0.118494	0.118535	0.118576	0.118621	0.118665	0.118688	0.118711	0.118733	0.118756	0.118763	0.118771	0.118782	0.118793	0.118795	
0.142587	0.14258	0.142573	0.142566	0.142542	0.142518	0.142489	0.14246	0.142413	0.142366	0.142322	0.142278	0.142212	0.142146	0.142083	0.14202	0.141937	0.141853	0.141774	0.141695	0.141605	0.141516	0.14143	0.141345	0.141269	0.141192	0.141122	0.141051	0.141017	0.140984	0.140957	0.140929	0.140955	0.14098	0.141004	0.141028	0.141096	0.141164	0.141229	0.141294	0.14138	0.141467	0.14155	0.141633	0.141716	0.1418	0.141882	0.141964	0.142034	0.142104	0.142172	0.14224	0.142289	0.142337	0.142387	0.142436	0.142464	0.142491	0.142518	0.142544	0.142558	0.142571	0.142583	0.142594	0.142587	
0.16638	0.166363	0.166357	0.166351	0.166326	0.166302	0.166271	0.16624	0.166187	0.166134	0.166084	0.166034	0.165959	0.165883	0.165811	0.16574	0.165642	0.165545	0.165453	0.165362	0.165256	0.16515	0.16505	0.16495	0.164858	0.164766	0.164681	0.164597	0.164557	0.164517	0.164484	0.164451	0.164483	0.164515	0.164543	0.164572	0.164654	0.164736	0.164813	0.16489	0.164993	0.165095	0.165192	0.16529	0.165387	0.165484	0.165579	0.165674	0.165755	0.165835	0.165911	0.165987	0.166043	0.166098	0.166152	0.166206	0.166239	0.166272	0.166302	0.166332	0.166352	0.166372	0.166384	0.166396	0.16638	
0.190199	0.19018	0.190175	0.190171	0.190144	0.190117	0.190086	0.190054	0.189996	0.189939	0.189887	0.189834	0.189751	0.189668	0.189591	0.189514	0.189405	0.189296	0.189194	0.189092	0.188968	0.188845	0.188729	0.188614	0.188502	0.188391	0.18829	0.188189	0.188138	0.188087	0.18805	0.188012	0.188053	0.188094	0.18813	0.188167	0.188267	0.188366	0.188458	0.18855	0.18867	0.18879	0.1889	0.189011	0.189123	0.189235	0.189339	0.189443	0.18953	0.189618	0.189699	0.189781	0.189841	0.189902	0.189958	0.190014	0.190051	0.190087	0.190119	0.19015	0.19017	0.190191	0.190205	0.190219	0.190199	
0.214019	0.213998	0.213994	0.21399	0.213962	0.213933	0.2139	0.213867	0.213806	0.213744	0.213689	0.213634	0.213543	0.213452	0.21337	0.213288	0.213168	0.213048	0.212935	0.212823	0.212681	0.212539	0.212408	0.212278	0.212147	0.212017	0.211899	0.211781	0.211719	0.211657	0.211615	0.211573	0.211623	0.211672	0.211717	0.211762	0.211879	0.211997	0.212103	0.212209	0.212346	0.212484	0.212608	0.212732	0.212859	0.212985	0.213098	0.213211	0.213306	0.2134	0.213488	0.213576	0.21364	0.213705	0.213763	0.213822	0.213862	0.213902	0.213935	0.213968	0.213989	0.21401	0.214025	0.214041	0.214019	
0.237858	0.237835	0.237833	0.23783	0.237801	0.237771	0.237741	0.237712	0.237649	0.237587	0.237533	0.237478	0.237384	0.23729	0.237208	0.237126	0.236996	0.236867	0.236751	0.236635	0.236476	0.236317	0.236173	0.236028	0.235872	0.235716	0.23558	0.235444	0.235367	0.23529	0.235241	0.235192	0.235257	0.235322	0.235376	0.235429	0.235568	0.235707	0.235829	0.23595	0.236108	0.236265	0.236401	0.236537	0.236673	0.236808	0.236925	0.237043	0.237143	0.237243	0.237331	0.237419	0.237486	0.237553	0.237611	0.237668	0.237708	0.237748	0.23778	0.237812	0.237832	0.237852	0.237867	0.237881	0.237858	
0.261698	0.261673	0.261672	0.26167	0.26164	0.26161	0.261583	0.261556	0.261493	0.261429	0.261376	0.261323	0.261225	0.261127	0.261045	0.260963	0.260824	0.260686	0.260566	0.260447	0.260271	0.260096	0.259937	0.259778	0.259597	0.259416	0.259261	0.259107	0.259015	0.258923	0.258867	0.258811	0.258891	0.258971	0.259034	0.259096	0.259257	0.259418	0.259555	0.259692	0.259869	0.260046	0.260194	0.260342	0.260487	0.260631	0.260753	0.260874	0.26098	0.261086	0.261174	0.261262	0.261331	0.2614	0.261458	0.261515	0.261555	0.261595	0.261625	0.261656	0.261675	0.261694	0.261708	0.261722	0.261698	
0.285547	0.285524	0.285524	0.285523	0.285494	0.285465	0.285444	0.285422	0.285362	0.285302	0.285257	0.285213	0.285117	0.285021	0.284945	0.284869	0.284729	0.284588	0.284471	0.284355	0.284166	0.283977	0.28381	0.283644	0.283434	0.283225	0.283044	0.282863	0.282746	0.282628	0.282569	0.28251	0.282613	0.282717	0.282797	0.282878	0.283065	0.283252	0.283406	0.283559	0.28375	0.283942	0.284094	0.284247	0.284397	0.284547	0.284665	0.284784	0.284889	0.284994	0.285075	0.285157	0.285222	0.285287	0.285336	0.285386	0.285423	0.285459	0.285486	0.285513	0.285529	0.285545	0.285558	0.285571	0.285547	
0.309397	0.309374	0.309376	0.309377	0.309349	0.309321	0.309304	0.309288	0.309231	0.309175	0.309139	0.309103	0.309009	0.308915	0.308845	0.308775	0.308633	0.308491	0.308376	0.308262	0.30806	0.307858	0.307684	0.307511	0.307272	0.307034	0.306826	0.306619	0.306477	0.306334	0.306271	0.306208	0.306335	0.306463	0.306561	0.306659	0.306873	0.307087	0.307257	0.307426	0.307632	0.307837	0.307994	0.308151	0.308307	0.308463	0.308578	0.308693	0.308797	0.308901	0.308977	0.309052	0.309112	0.309173	0.309215	0.309257	0.30929	0.309323	0.309346	0.309369	0.309383	0.309396	0.309408	0.30942	0.309397	
0.333235	0.333214	0.333218	0.333222	0.333197	0.333173	0.333165	0.333157	0.333108	0.33306	0.333038	0.333016	0.332932	0.332848	0.3328	0.332751	0.332615	0.33248	0.332383	0.332287	0.332077	0.331868	0.3317	0.331533	0.331257	0.330981	0.330749	0.330518	0.330333	0.330149	0.330078	0.330008	0.330181	0.330354	0.330468	0.330583	0.330825	0.331068	0.33125	0.331431	0.331648	0.331865	0.332018	0.332171	0.332323	0.332476	0.332577	0.332678	0.332769	0.33286	0.332918	0.332977	0.333027	0.333078	0.333108	0.333138	0.333163	0.333189	0.333204	0.333219	0.333229	0.333239	0.333248	0.333257	0.333235	
0.357073	0.357053	0.35706	0.357067	0.357046	0.357025	0.357025	0.357026	0.356985	0.356945	0.356937	0.356928	0.356855	0.356781	0.356754	0.356727	0.356598	0.356469	0.35639	0.356312	0.356095	0.355878	0.355716	0.355555	0.355242	0.354928	0.354672	0.354416	0.35419	0.353963	0.353885	0.353808	0.354027	0.354246	0.354376	0.354506	0.354778	0.35505	0.355243	0.355437	0.355665	0.355893	0.356042	0.35619	0.35634	0.356489	0.356576	0.356662	0.35674	0.356818	0.35686	0.356901	0.356942	0.356982	0.357	0.357018	0.357036	0.357054	0.357062	0.35707	0.357076	0.357081	0.357087	0.357094	0.357073	
0.38087	0.380852	0.380863	0.380873	0.38086	0.380847	0.38086	0.380874	0.380847	0.38082	0.380833	0.380847	0.380792	0.380737	0.38074	0.380744	0.380638	0.380533	0.380498	0.380464	0.380262	0.380061	0.379935	0.379809	0.379461	0.379114	0.378821	0.378528	0.378236	0.377943	0.377865	0.377786	0.378077	0.378367	0.378532	0.378696	0.378992	0.379288	0.379479	0.37967	0.37989	0.380109	0.380228	0.380347	0.380471	0.380595	0.380648	0.3807	0.380756	0.380811	0.380825	0.38084	0.380862	0.380884	0.380883	0.380881	0.380886	0.380891	0.380887	0.380883	0.380883	0.380883	0.380885	0.380888	0.38087	
0.404666	0.404651	0.404665	0.404679	0.404674	0.404668	0.404695	0.404722	0.404708	0.404695	0.40473	0.404765	0.404729	0.404692	0.404727	0.404761	0.404679	0.404596	0.404607	0.404617	0.40443	0.404244	0.404154	0.404064	0.403681	0.403299	0.40297	0.40264	0.402281	0.401923	0.401844	0.401765	0.402126	0.402488	0.402687	0.402886	0.403207	0.403527	0.403716	0.403904	0.404114	0.404325	0.404414	0.404503	0.404602	0.404701	0.40472	0.404738	0.404771	0.404804	0.404791	0.404778	0.404782	0.404786	0.404765	0.404743	0.404736	0.404729	0.404713	0.404696	0.404691	0.404685	0.404683	0.404681	0.404666	
0.428391	0.428378	0.428396	0.428414	0.428417	0.428421	0.428461	0.428501	0.428507	0.428513	0.428575	0.428638	0.428634	0.428629	0.428713	0.428796	0.428759	0.428722	0.42881	0.428897	0.428751	0.428605	0.428621	0.428637	0.428224	0.42781	0.427516	0.427222	0.42675	0.426279	0.426173	0.426067	0.426538	0.427009	0.427209	0.42741	0.427735	0.42806	0.428213	0.428366	0.428543	0.42872	0.428749	0.428778	0.428828	0.428878	0.42884	0.428803	0.428796	0.428789	0.428735	0.428682	0.428659	0.428637	0.42859	0.428543	0.428521	0.4285	0.42847	0.42844	0.428428	0.428416	0.42841	0.428403	0.428391	
0.452115	0.452105	0.452127	0.452148	0.452161	0.452174	0.452227	0.45228	0.452305	0.45233	0.45242	0.45251	0.452538	0.452567	0.452698	0.45283	0.452839	0.452847	0.453012	0.453178	0.453072	0.452967	0.453088	0.45321	0.452766	0.452322	0.452062	0.451803	0.451219	0.450635	0.450502	0.45037	0.45095	0.45153	0.451732	0.451933	0.452263	0.452594	0.452711	0.452828	0.452971	0.453115	0.453083	0.453052	0.453054	0.453055	0.452961	0.452867	0.452821	0.452774	0.45268	0.452586	0.452537	0.452488	0.452416	0.452343	0.452307	0.45227	0.452227	0.452183	0.452165	0.452147	0.452136	0.452125	0.452115	
0.475729	0.475723	0.475748	0.475773	0.475797	0.475821	0.475888	0.475956	0.476003	0.47605	0.47617	0.476291	0.476359	0.476427	0.476615	0.476804	0.476876	0.476947	0.477224	0.477502	0.477497	0.477491	0.477849	0.478207	0.477761	0.477315	0.477147	0.47698	0.476269	0.475558	0.475417	0.475276	0.475999	0.476722	0.476889	0.477056	0.477311	0.477566	0.477577	0.477589	0.477643	0.477696	0.477545	0.477394	0.477317	0.47724	0.477066	0.476891	0.47679	0.476689	0.476547	0.476404	0.476322	0.476241	0.476141	0.476041	0.475987	0.475934	0.475876	0.475818	0.475793	0.475767	0.475751	0.475735	0.475729	
0.499343	0.499341	0.49937	0.499398	0.499433	0.499468	0.49955	0.499632	0.499701	0.49977	0.499921	0.500071	0.500179	0.500287	0.500532	0.500778	0.500913	0.501047	0.501436	0.501825	0.501921	0.502016	0.50261	0.503204	0.502756	0.502308	0.502233	0.502157	0.501319	0.500481	0.500332	0.500182	0.501048	0.501915	0.502047	0.502179	0.502359	0.502538	0.502444	0.50235	0.502314	0.502278	0.502007	0.501735	0.50158	0.501425	0.50117	0.500915	0.50076	0.500604	0.500413	0.500222	0.500108	0.499993	0.499866	0.499738	0.499668	0.499598	0.499525	0.499453	0.49942	0.499388	0.499367	0.499345	0.499343	
0.52282	0.522821	0.522852	0.522883	0.522927	0.522971	0.523064	0.523157	0.523246	0.523336	0.52351	0.523684	0.523832	0.523979	0.524278	0.524576	0.524796	0.525016	0.525545	0.526074	0.526397	0.52672	0.52781	0.528899	0.528555	0.528211	0.528457	0.528703	0.527598	0.526493	0.526367	0.526242	0.527246	0.52825	0.528139	0.528027	0.527976	0.527925	0.527599	0.527273	0.527075	0.526877	0.526448	0.52602	0.525748	0.525476	0.525132	0.524787	0.52457	0.524353	0.524115	0.523878	0.523732	0.523587	0.523436	0.523285	0.523199	0.523113	0.52303	0.522946	0.522908	0.52287	0.522844	0.522819	0.52282	
0.546297	0.546302	0.546334	0.546367	0.546421	0.546474	0.546578	0.546681	0.546791	0.546901	0.547099	0.547297	0.547484	0.547671	0.548023	0.548374	0.54868	0.548985	0.549654	0.550323	0.550874	0.551424	0.553009	0.554594	0.554354	0.554114	0.554681	0.555249	0.553877	0.552504	0.552403	0.552302	0.553443	0.554585	0.55423	0.553875	0.553594	0.553312	0.552754	0.552196	0.551836	0.551475	0.55089	0.550305	0.549916	0.549527	0.549093	0.548659	0.54838	0.548101	0.547817	0.547534	0.547357	0.547181	0.547006	0.546831	0.54673	0.546629	0.546535	0.54644	0.546396	0.546351	0.546322	0.546293	0.546297	
0.569616	0.569623	0.569656	0.569689	0.569747	0.569806	0.569914	0.570022	0.570145	0.570267	0.57048	0.570692	0.570909	0.571125	0.571515	0.571905	0.572285	0.572665	0.573479	0.574294	0.575084	0.575874	0.578065	0.580255	0.581645	0.583034	0.587056	0.591079	0.587265	0.58345	0.581197	0.578944	0.580179	0.581414	0.581266	0.581119	0.580248	0.579377	0.578367	0.577357	0.576654	0.575951	0.575156	0.574361	0.573838	0.573316	0.572789	0.572261	0.57193	0.571598	0.571279	0.57096	0.570762	0.570564	0.570375	0.570187	0.570077	0.569967	0.569867	0.569766	0.569719	0.569672	0.56964	0.569609	0.569616	
0.592934	0.592943	0.592977	0.59301	0.593074	0.593138	0.59325	0.593362	0.593498	0.593634	0.593861	0.594088	0.594333	0.594579	0.595008	0.595436	0.59589	0.596344	0.597305	0.598265	0.599295	0.600325	0.60312	0.605916	0.608935	0.611955	0.619432	0.626909	0.620652	0.614396	0.609991	0.605587	0.606915	0.608242	0.608303	0.608363	0.606903	0.605442	0.60398	0.602517	0.601471	0.600426	0.599421	0.598416	0.59776	0.597105	0.596484	0.595863	0.59548	0.595096	0.594741	0.594386	0.594167	0.593947	0.593744	0.593542	0.593423	0.593305	0.593199	0.593093	0.593043	0.592993	0.592959	0.592924	0.592934	
0.616095	0.616107	0.616137	0.616167	0.616228	0.616289	0.616392	0.616496	0.616631	0.616766	0.616977	0.617188	0.61743	0.617672	0.618068	0.618463	0.618908	0.619353	0.620213	0.621073	0.622143	0.623214	0.627174	0.631135	0.640001	0.648867	0.656811	0.664755	0.655782	0.646809	0.639934	0.633059	0.633933	0.634807	0.634164	0.633521	0.631618	0.629715	0.628173	0.626631	0.625468	0.624305	0.623041	0.621778	0.621025	0.620272	0.619645	0.619018	0.618617	0.618216	0.617867	0.617518	0.617297	0.617076	0.616878	0.61668	0.616564	0.616448	0.616349	0.61625	0.616201	0.616152	0.616117	0.616083	0.616095	
0.639256	0.63927	0.639296	0.639323	0.639381	0.639439	0.639535	0.63963	0.639764	0.639898	0.640093	0.640288	0.640526	0.640764	0.641127	0.64149	0.641926	0.642361	0.643121	0.643882	0.644992	0.646102	0.651228	0.656354	0.671066	0.685779	0.69419	0.704013	0.690373	0.679221	0.669876	0.66053	0.660951	0.661372	0.660026	0.658679	0.656333	0.653987	0.652365	0.650744	0.649464	0.648184	0.646661	0.645139	0.64429	0.64344	0.642807	0.642174	0.641755	0.641336	0.640993	0.640649	0.640427	0.640205	0.640012	0.639819	0.639705	0.639591	0.639499	0.639407	0.639359	0.63931	0.639276	0.639241	0.639256	
0.662264	0.662278	0.662297	0.662317	0.66237	0.662422	0.6625	0.662578	0.662693	0.662808	0.662963	0.663117	0.663314	0.663512	0.66378	0.664048	0.664376	0.664703	0.665165	0.665628	0.666282	0.666937	0.669689	0.672441	0.683526	0.69461	0.70267	0.710961	0.704528	0.692825	0.686374	0.679923	0.681939	0.683956	0.683852	0.683748	0.680503	0.677258	0.675392	0.673526	0.672076	0.670626	0.669096	0.667566	0.666711	0.665856	0.665325	0.664794	0.66442	0.664046	0.663755	0.663465	0.663272	0.663079	0.662915	0.662751	0.662654	0.662556	0.662474	0.662392	0.662352	0.662311	0.66228	0.66225	0.662264	
0.685272	0.685286	0.685298	0.685311	0.685358	0.685405	0.685466	0.685526	0.685622	0.685719	0.685832	0.685945	0.686102	0.686259	0.686433	0.686606	0.686825	0.687044	0.687209	0.687373	0.687572	0.687771	0.688149	0.688528	0.695984	0.703441	0.711149	0.718857	0.712643	0.706705	0.700287	0.697288	0.700653	0.702543	0.702741	0.70494	0.704087	0.699497	0.69675	0.696308	0.694688	0.693069	0.691531	0.689993	0.689132	0.688271	0.687843	0.687414	0.687085	0.686755	0.686518	0.686281	0.686117	0.685953	0.685819	0.685684	0.685602	0.68552	0.685449	0.685377	0.685344	0.685311	0.685285	0.685258	0.685272	
0.708182	0.708192	0.708199	0.708206	0.708241	0.708276	0.70831	0.708343	0.708411	0.708479	0.708539	0.708599	0.7087	0.7088	0.708867	0.708934	0.709045	0.709156	0.709104	0.709051	0.708977	0.708903	0.708195	0.707486	0.710479	0.713472	0.717148	0.720823	0.719469	0.719721	0.718074	0.720122	0.732799	0.729184	0.713531	0.72167	0.722676	0.716847	0.717695	0.719387	0.716981	0.714575	0.713007	0.711439	0.710785	0.710132	0.709871	0.70961	0.709389	0.709169	0.709018	0.708867	0.708757	0.708647	0.708557	0.708466	0.708411	0.708357	0.708306	0.708254	0.708234	0.708213	0.708193	0.708173	0.708182	
0.731092	0.731098	0.731099	0.7311	0.731124	0.731146	0.731154	0.731161	0.7312	0.731239	0.731246	0.731253	0.731297	0.731341	0.731301	0.731261	0.731265	0.731268	0.730998	0.730729	0.730382	0.730036	0.72824	0.726444	0.724974	0.723503	0.723146	0.722788	0.726296	0.729654	0.732796	0.743698	0.748427	0.75001	0.741932	0.737298	0.730659	0.725944	0.734749	0.743635	0.74027	0.736081	0.734483	0.732886	0.732439	0.731992	0.731899	0.731805	0.731694	0.731582	0.731517	0.731453	0.731397	0.731342	0.731295	0.731248	0.731221	0.731193	0.731162	0.731131	0.731124	0.731116	0.731101	0.731087	0.731092	
0.753961	0.753962	0.753955	0.753947	0.753956	0.753965	0.753944	0.753923	0.75393	0.753937	0.753889	0.753842	0.753829	0.753816	0.753682	0.753547	0.753457	0.753367	0.752946	0.752526	0.752084	0.751642	0.74996	0.748279	0.747225	0.74617	0.74429	0.74241	0.743215	0.735203	0.73822	0.747161	0.759427	0.776627	0.767992	0.746359	0.731592	0.733869	0.750007	0.759969	0.757403	0.754182	0.753874	0.753566	0.753617	0.753667	0.753748	0.75383	0.753858	0.753886	0.753915	0.753944	0.753954	0.753963	0.753967	0.75397	0.753974	0.753978	0.75397	0.753963	0.753968	0.753974	0.753967	0.753959	0.753961	
0.776829	0.776827	0.776811	0.776794	0.776788	0.776783	0.776734	0.776685	0.77666	0.776634	0.776532	0.77643	0.77636	0.776291	0.776062	0.775834	0.77565	0.775467	0.774895	0.774322	0.773785	0.773248	0.771681	0.770114	0.769476	0.768837	0.765435	0.762032	0.760134	0.756598	0.760753	0.774955	0.775008	0.760355	0.768822	0.744188	0.732368	0.742719	0.763179	0.771604	0.772628	0.772282	0.773265	0.774247	0.774794	0.775341	0.775598	0.775854	0.776022	0.776189	0.776312	0.776435	0.77651	0.776585	0.776639	0.776692	0.776727	0.776762	0.776779	0.776795	0.776813	0.776832	0.776832	0.776832	0.776829	
0.799718	0.799718	0.799691	0.799664	0.799643	0.799623	0.799554	0.799486	0.799432	0.799378	0.799236	0.799094	0.798976	0.798859	0.798574	0.798289	0.798041	0.797793	0.797186	0.796579	0.796025	0.795471	0.794113	0.792754	0.792288	0.791822	0.790368	0.788914	0.788034	0.790129	0.793766	0.793921	0.768843	0.756609	0.747262	0.739334	0.743884	0.75966	0.775777	0.786927	0.791342	0.793108	0.794449	0.795791	0.796549	0.797307	0.797706	0.798106	0.798365	0.798624	0.798821	0.799019	0.799141	0.799264	0.799359	0.799453	0.799513	0.799573	0.799613	0.799652	0.799679	0.799706	0.799712	0.799718	0.799718	
0.822607	0.822609	0.822572	0.822534	0.822498	0.822463	0.822374	0.822286	0.822204	0.822122	0.821939	0.821757	0.821592	0.821427	0.821086	0.820744	0.820432	0.820119	0.819477	0.818836	0.818265	0.817694	0.816544	0.815395	0.815101	0.814808	0.815301	0.815795	0.815934	0.816124	0.813535	0.805635	0.793301	0.772588	0.760632	0.757485	0.769966	0.778301	0.794692	0.811083	0.812508	0.813933	0.815634	0.817336	0.818304	0.819273	0.819816	0.820358	0.820708	0.821059	0.82133	0.821602	0.821772	0.821943	0.822079	0.822214	0.822299	0.822384	0.822447	0.822509	0.822544	0.82258	0.822592	0.822605	0.822607	
0.845583	0.845586	0.845544	0.845502	0.845456	0.845411	0.845312	0.845213	0.845115	0.845017	0.844818	0.844618	0.844433	0.844249	0.843896	0.843543	0.843219	0.842895	0.842287	0.841679	0.841142	0.840606	0.839658	0.838709	0.83826	0.837811	0.837952	0.838093	0.837813	0.836642	0.832014	0.82509	0.820673	0.811743	0.799868	0.797455	0.804921	0.813265	0.823933	0.834602	0.835794	0.836985	0.838561	0.840136	0.84102	0.841903	0.84248	0.843056	0.84343	0.843803	0.844107	0.84441	0.844602	0.844794	0.844953	0.845112	0.845209	0.845307	0.845386	0.845465	0.845505	0.845546	0.845563	0.84558	0.845583	
0.868558	0.868563	0.868516	0.868469	0.868414	0.868359	0.86825	0.86814	0.868027	0.867913	0.867696	0.867478	0.867275	0.867071	0.866706	0.866341	0.866006	0.865671	0.865096	0.864522	0.86402	0.863519	0.862771	0.862023	0.861418	0.860814	0.860602	0.86039	0.859692	0.858995	0.854053	0.849112	0.842878	0.836645	0.836675	0.836704	0.842466	0.848228	0.853175	0.858121	0.85908	0.860038	0.861487	0.862936	0.863735	0.864534	0.865144	0.865754	0.866151	0.866548	0.866883	0.867219	0.867432	0.867646	0.867827	0.868009	0.868119	0.86823	0.868325	0.86842	0.868466	0.868512	0.868533	0.868554	0.868558	
0.891669	0.891672	0.891627	0.891581	0.891525	0.891468	0.891354	0.89124	0.891122	0.891003	0.890789	0.890575	0.890379	0.890183	0.889843	0.889503	0.889195	0.888886	0.888378	0.887871	0.887426	0.886982	0.886383	0.885784	0.885264	0.884743	0.884552	0.884361	0.88362	0.882878	0.879918	0.876958	0.872977	0.868997	0.869367	0.869738	0.872966	0.876194	0.879296	0.882397	0.883231	0.884064	0.885248	0.886432	0.887107	0.887782	0.888345	0.888907	0.889274	0.889641	0.889973	0.890306	0.890513	0.890721	0.890909	0.891098	0.891211	0.891324	0.891424	0.891523	0.891571	0.891619	0.891642	0.891665	0.891669	
0.914779	0.914781	0.914737	0.914694	0.914635	0.914577	0.914458	0.91434	0.914216	0.914093	0.913883	0.913672	0.913484	0.913296	0.912981	0.912666	0.912383	0.912101	0.91166	0.91122	0.910832	0.910445	0.909995	0.909545	0.909109	0.908672	0.908502	0.908333	0.907547	0.906762	0.905783	0.904804	0.903077	0.901349	0.90206	0.902771	0.903466	0.90416	0.905416	0.906672	0.907381	0.908091	0.90901	0.909929	0.91048	0.911031	0.911545	0.91206	0.912397	0.912735	0.913064	0.913392	0.913594	0.913797	0.913992	0.914186	0.914302	0.914418	0.914522	0.914626	0.914676	0.914726	0.914751	0.914777	0.914779	
0.93805	0.938051	0.938012	0.937973	0.937918	0.937864	0.937756	0.937648	0.937536	0.937424	0.937236	0.937047	0.936878	0.936708	0.936435	0.936162	0.935925	0.935688	0.935328	0.934969	0.934669	0.93437	0.934029	0.933689	0.933378	0.933067	0.932954	0.932841	0.932333	0.931825	0.931254	0.930683	0.929578	0.928474	0.928751	0.929029	0.929459	0.929889	0.930687	0.931484	0.93199	0.932497	0.933184	0.933871	0.934296	0.934722	0.935161	0.935599	0.935887	0.936176	0.936469	0.936762	0.936944	0.937126	0.937308	0.93749	0.937597	0.937703	0.937802	0.937902	0.937949	0.937996	0.938023	0.93805	0.93805	
0.961321	0.96132	0.961286	0.961252	0.961202	0.961151	0.961054	0.960957	0.960856	0.960754	0.960588	0.960423	0.960271	0.96012	0.959889	0.959658	0.959466	0.959275	0.958996	0.958718	0.958506	0.958294	0.958064	0.957833	0.957647	0.957462	0.957406	0.95735	0.957119	0.956888	0.956725	0.956561	0.95608	0.955599	0.955443	0.955286	0.955452	0.955617	0.955957	0.956296	0.956599	0.956902	0.957358	0.957813	0.958113	0.958413	0.958776	0.959139	0.959377	0.959616	0.959874	0.960131	0.960293	0.960455	0.960625	0.960794	0.960891	0.960988	0.961083	0.961178	0.961222	0.961266	0.961294	0.961323	0.961321	
0.984752	0.984749	0.984723	0.984696	0.984652	0.984608	0.984527	0.984446	0.984361	0.984275	0.984139	0.984003	0.983881	0.983759	0.983577	0.983394	0.983249	0.983103	0.9829	0.982698	0.982554	0.98241	0.982268	0.982126	0.982023	0.98192	0.981937	0.981954	0.981867	0.981779	0.981751	0.981723	0.981453	0.981183	0.980959	0.980734	0.980745	0.980756	0.980915	0.981074	0.981212	0.981351	0.981661	0.981972	0.982174	0.982376	0.982658	0.98294	0.98312	0.9833	0.983516	0.983732	0.983863	0.983994	0.984142	0.98429	0.984371	0.984452	0.984538	0.984625	0.984662	0.984699	0.984727	0.984756	0.984752	
1.00818	1.00818	1.00816	1.00814	1.0081	1.00806	1.008	1.00794	1.00787	1.0078	1.00769	1.00758	1.00749	1.0074	1.00726	1.00713	1.00703	1.00693	1.0068	1.00668	1.0066	1.00653	1.00647	1.00642	1.0064	1.00638	1.00647	1.00656	1.00661	1.00667	1.00678	1.00689	1.00683	1.00677	1.00647	1.00618	1.00604	1.00589	1.00587	1.00585	1.00583	1.0058	1.00597	1.00613	1.00623	1.00634	1.00654	1.00674	1.00686	1.00698	1.00716	1.00733	1.00743	1.00753	1.00766	1.00779	1.00785	1.00792	1.00799	1.00807	1.0081	1.00813	1.00816	1.00819	1.00818	
1.03176	1.03176	1.03175	1.03173	1.0317	1.03167	1.03163	1.03158	1.03153	1.03147	1.0314	1.03133	1.03126	1.0312	1.03111	1.03102	1.03096	1.0309	1.03084	1.03077	1.03074	1.03071	1.03072	1.03072	1.03074	1.03077	1.03089	1.03101	1.03109	1.03117	1.03131	1.03145	1.03142	1.03138	1.03113	1.03087	1.03069	1.03051	1.03042	1.03034	1.03026	1.03018	1.03026	1.03034	1.03038	1.03042	1.03056	1.03069	1.03077	1.03084	1.03097	1.03111	1.03117	1.03124	1.03134	1.03145	1.03149	1.03154	1.03161	1.03167	1.03169	1.03172	1.03174	1.03177	1.03176	
1.05534	1.05534	1.05533	1.05533	1.05531	1.05528	1.05525	1.05522	1.05519	1.05515	1.05511	1.05507	1.05503	1.055	1.05496	1.05492	1.0549	1.05488	1.05487	1.05486	1.05488	1.0549	1.05496	1.05502	1.05509	1.05516	1.05531	1.05547	1.05557	1.05567	1.05584	1.05602	1.05601	1.05599	1.05578	1.05557	1.05534	1.05512	1.05497	1.05482	1.05469	1.05455	1.05455	1.05455	1.05453	1.0545	1.05457	1.05465	1.05467	1.0547	1.05479	1.05488	1.05491	1.05495	1.05503	1.05511	1.05514	1.05516	1.05522	1.05527	1.05528	1.0553	1.05532	1.05535	1.05534	
1.07904	1.07904	1.07904	1.07904	1.07903	1.07901	1.079	1.07899	1.07897	1.07895	1.07893	1.07891	1.0789	1.07889	1.07888	1.07888	1.07889	1.0789	1.07893	1.07897	1.07901	1.07906	1.07916	1.07926	1.07935	1.07943	1.0796	1.07977	1.07987	1.07998	1.08013	1.08029	1.0803	1.0803	1.0801	1.07991	1.0797	1.07948	1.07932	1.07916	1.079	1.07884	1.07879	1.07874	1.07868	1.07862	1.07864	1.07867	1.07866	1.07865	1.0787	1.07876	1.07877	1.07878	1.07883	1.07889	1.0789	1.07891	1.07895	1.07899	1.079	1.07901	1.07903	1.07905	1.07904	
1.10275	1.10274	1.10275	1.10276	1.10275	1.10275	1.10275	1.10275	1.10275	1.10275	1.10275	1.10276	1.10277	1.10278	1.10281	1.10284	1.10288	1.10292	1.103	1.10307	1.10315	1.10322	1.10336	1.10349	1.1036	1.10371	1.10389	1.10407	1.10418	1.10429	1.10443	1.10456	1.10459	1.10461	1.10443	1.10425	1.10405	1.10385	1.10367	1.10349	1.10331	1.10312	1.10303	1.10294	1.10284	1.10273	1.10271	1.10269	1.10264	1.1026	1.10262	1.10264	1.10262	1.1026	1.10264	1.10267	1.10266	1.10266	1.10269	1.10272	1.10272	1.10271	1.10273	1.10275	1.10275	
1.12653	1.12653	1.12654	1.12655	1.12655	1.12655	1.12657	1.12659	1.12659	1.1266	1.12663	1.12666	1.12669	1.12671	1.12677	1.12682	1.12688	1.12693	1.12703	1.12713	1.12722	1.12731	1.12746	1.12761	1.12772	1.12783	1.12801	1.12819	1.12829	1.12839	1.12851	1.12864	1.12865	1.12866	1.12851	1.12836	1.12817	1.12799	1.12781	1.12764	1.12745	1.12727	1.12716	1.12705	1.12693	1.1268	1.12676	1.12671	1.12664	1.12657	1.12657	1.12656	1.12653	1.12649	1.12651	1.12652	1.1265	1.12648	1.1265	1.12652	1.12651	1.1265	1.12652	1.12654	1.12653	
1.15032	1.15031	1.15033	1.15035	1.15035	1.15036	1.15039	1.15042	1.15044	1.15046	1.15051	1.15056	1.1506	1.15064	1.15072	1.15081	1.15088	1.15094	1.15107	1.15119	1.15129	1.15139	1.15155	1.15172	1.15184	1.15195	1.15213	1.1523	1.1524	1.15249	1.1526	1.15271	1.15271	1.1527	1.15258	1.15247	1.1523	1.15213	1.15196	1.15179	1.1516	1.15141	1.15128	1.15116	1.15102	1.15088	1.15081	1.15073	1.15064	1.15055	1.15052	1.15049	1.15043	1.15038	1.15037	1.15037	1.15034	1.15031	1.15032	1.15032	1.15031	1.1503	1.15031	1.15032	1.15032	
1.17415	1.17415	1.17417	1.1742	1.1742	1.17421	1.17425	1.17429	1.17432	1.17434	1.17441	1.17447	1.17452	1.17457	1.17466	1.17476	1.17483	1.17491	1.17504	1.17518	1.17528	1.17538	1.17555	1.17572	1.17583	1.17594	1.17611	1.17627	1.17636	1.17644	1.17654	1.17663	1.17662	1.17662	1.17652	1.17642	1.17627	1.17612	1.17596	1.17581	1.17562	1.17544	1.17531	1.17518	1.17503	1.17489	1.1748	1.17471	1.17461	1.17451	1.17446	1.17442	1.17435	1.17429	1.17427	1.17425	1.17421	1.17418	1.17418	1.17418	1.17416	1.17414	1.17415	1.17416	1.17415	
1.19799	1.19798	1.19801	1.19804	1.19805	1.19807	1.19811	1.19816	1.19819	1.19823	1.1983	1.19838	1.19843	1.19849	1.1986	1.1987	1.19879	1.19888	1.19902	1.19917	1.19927	1.19938	1.19955	1.19971	1.19982	1.19993	1.20008	1.20024	1.20031	1.20039	1.20047	1.20055	1.20054	1.20053	1.20045	1.20037	1.20024	1.20011	1.19996	1.19982	1.19965	1.19947	1.19934	1.1992	1.19905	1.1989	1.1988	1.1987	1.19858	1.19847	1.19841	1.19835	1.19827	1.1982	1.19817	1.19814	1.19809	1.19804	1.19804	1.19803	1.198	1.19798	1.19799	1.198	1.19799	
1.22185	1.22184	1.22187	1.2219	1.22191	1.22193	1.22198	1.22203	1.22207	1.2221	1.22218	1.22226	1.22232	1.22239	1.2225	1.22261	1.22269	1.22278	1.22292	1.22307	1.22317	1.22327	1.22343	1.22359	1.22369	1.22379	1.22394	1.22408	1.22415	1.22421	1.22429	1.22436	1.22435	1.22433	1.22427	1.2242	1.22408	1.22396	1.22383	1.2237	1.22354	1.22338	1.22325	1.22312	1.22297	1.22282	1.22272	1.22262	1.2225	1.22239	1.22232	1.22225	1.22217	1.22209	1.22205	1.22202	1.22197	1.22192	1.2219	1.22189	1.22186	1.22184	1.22185	1.22185	1.22185	
1.2457	1.24569	1.24572	1.24575	1.24577	1.24579	1.24584	1.2459	1.24594	1.24598	1.24606	1.24615	1.24621	1.24628	1.24639	1.24651	1.2466	1.24668	1.24682	1.24697	1.24706	1.24716	1.24731	1.24747	1.24756	1.24765	1.24779	1.24793	1.24798	1.24804	1.24811	1.24817	1.24815	1.24814	1.24808	1.24803	1.24792	1.24781	1.24769	1.24757	1.24743	1.24728	1.24715	1.24703	1.24689	1.24675	1.24664	1.24654	1.24642	1.2463	1.24623	1.24615	1.24607	1.24598	1.24594	1.2459	1.24584	1.24579	1.24577	1.24575	1.24572	1.2457	1.2457	1.24571	1.2457	
1.26955	1.26954	1.26957	1.2696	1.26962	1.26964	1.26969	1.26975	1.26979	1.26983	1.26991	1.27	1.27006	1.27013	1.27024	1.27035	1.27043	1.27052	1.27065	1.27078	1.27088	1.27097	1.27111	1.27125	1.27134	1.27142	1.27154	1.27166	1.27171	1.27176	1.27182	1.27188	1.27186	1.27185	1.2718	1.27176	1.27166	1.27156	1.27146	1.27136	1.27122	1.27109	1.27097	1.27085	1.27072	1.27059	1.27049	1.27039	1.27027	1.27016	1.27009	1.27001	1.26993	1.26985	1.2698	1.26975	1.2697	1.26964	1.26962	1.2696	1.26958	1.26955	1.26955	1.26956	1.26955	
1.2934	1.29339	1.29342	1.29345	1.29347	1.29349	1.29354	1.2936	1.29364	1.29368	1.29376	1.29385	1.29391	1.29397	1.29408	1.29419	1.29427	1.29435	1.29447	1.2946	1.29469	1.29478	1.29491	1.29504	1.29511	1.29519	1.29529	1.2954	1.29544	1.29549	1.29554	1.29559	1.29557	1.29555	1.29552	1.29548	1.2954	1.29532	1.29523	1.29514	1.29501	1.29489	1.29478	1.29467	1.29455	1.29443	1.29433	1.29423	1.29413	1.29402	1.29395	1.29387	1.29379	1.29371	1.29366	1.29361	1.29355	1.2935	1.29348	1.29346	1.29343	1.2934	1.2934	1.29341	1.2934	
1.31723	1.31722	1.31725	1.31728	1.3173	1.31731	1.31737	1.31742	1.31746	1.3175	1.31757	1.31765	1.31771	1.31777	1.31787	1.31797	1.31804	1.31811	1.31823	1.31834	1.31842	1.3185	1.31862	1.31873	1.3188	1.31886	1.31896	1.31905	1.31909	1.31913	1.31917	1.31921	1.3192	1.31918	1.31915	1.31912	1.31905	1.31898	1.3189	1.31882	1.31872	1.31861	1.31851	1.31842	1.3183	1.31819	1.3181	1.31801	1.31792	1.31782	1.31775	1.31768	1.3176	1.31753	1.31748	1.31743	1.31738	1.31733	1.31731	1.31728	1.31726	1.31723	1.31723	1.31724	1.31723	
1.34106	1.34105	1.34108	1.34111	1.34112	1.34114	1.34119	1.34124	1.34128	1.34131	1.34138	1.34145	1.34151	1.34156	1.34165	1.34174	1.34181	1.34187	1.34198	1.34209	1.34216	1.34222	1.34233	1.34243	1.34248	1.34254	1.34262	1.34271	1.34274	1.34276	1.3428	1.34284	1.34283	1.34281	1.34279	1.34277	1.3427	1.34264	1.34258	1.34251	1.34242	1.34233	1.34224	1.34216	1.34206	1.34196	1.34187	1.34179	1.3417	1.34162	1.34155	1.34148	1.34141	1.34134	1.3413	1.34126	1.34121	1.34116	1.34113	1.34111	1.34109	1.34106	1.34106	1.34107	1.34106	
1.36486	1.36486	1.36488	1.36491	1.36492	1.36494	1.36498	1.36502	1.36506	1.36509	1.36515	1.36521	1.36526	1.36531	1.36539	1.36547	1.36553	1.36558	1.36567	1.36577	1.36582	1.36588	1.36597	1.36606	1.36611	1.36616	1.36622	1.36629	1.36632	1.36634	1.36638	1.36641	1.36639	1.36638	1.36636	1.36635	1.36629	1.36624	1.36619	1.36613	1.36605	1.36597	1.3659	1.36583	1.36574	1.36566	1.36559	1.36551	1.36544	1.36536	1.3653	1.36524	1.36518	1.36512	1.36508	1.36504	1.365	1.36495	1.36493	1.36491	1.36489	1.36487	1.36487	1.36487	1.36486	
1.38867	1.38866	1.38869	1.38871	1.38872	1.38873	1.38877	1.38881	1.38884	1.38886	1.38892	1.38897	1.38901	1.38905	1.38912	1.38919	1.38924	1.38929	1.38937	1.38945	1.38949	1.38954	1.38962	1.38969	1.38973	1.38977	1.38983	1.38988	1.3899	1.38992	1.38995	1.38997	1.38996	1.38995	1.38994	1.38993	1.38988	1.38984	1.3898	1.38975	1.38969	1.38962	1.38956	1.3895	1.38943	1.38936	1.3893	1.38924	1.38917	1.3891	1.38905	1.389	1.38895	1.38889	1.38886	1.38882	1.38879	1.38875	1.38873	1.38871	1.38869	1.38867	1.38867	1.38867	1.38867	
1.41245	1.41245	1.41246	1.41248	1.41249	1.4125	1.41253	1.41256	1.41258	1.41261	1.41265	1.4127	1.41273	1.41276	1.41282	1.41287	1.41291	1.41295	1.41302	1.41308	1.41312	1.41316	1.41321	1.41327	1.4133	1.41334	1.41338	1.41343	1.41344	1.41346	1.41348	1.4135	1.41349	1.41348	1.41347	1.41346	1.41343	1.41339	1.41336	1.41332	1.41327	1.41322	1.41317	1.41312	1.41307	1.41301	1.41296	1.41291	1.41286	1.4128	1.41276	1.41272	1.41268	1.41263	1.4126	1.41258	1.41255	1.41252	1.4125	1.41249	1.41247	1.41245	1.41245	1.41245	1.41245	
1.43623	1.43623	1.43624	1.43625	1.43626	1.43627	1.43629	1.43632	1.43633	1.43635	1.43639	1.43642	1.43644	1.43647	1.43651	1.43656	1.43659	1.43662	1.43666	1.43671	1.43674	1.43677	1.43681	1.43686	1.43688	1.4369	1.43694	1.43697	1.43698	1.43699	1.43701	1.43702	1.43702	1.43701	1.437	1.437	1.43697	1.43694	1.43692	1.43689	1.43686	1.43682	1.43678	1.43675	1.4367	1.43666	1.43662	1.43659	1.43654	1.4365	1.43647	1.43644	1.43641	1.43637	1.43635	1.43633	1.4363	1.43628	1.43627	1.43626	1.43625	1.43623	1.43623	1.43623	1.43623	
1.45999	1.45999	1.46	1.46001	1.46001	1.46002	1.46004	1.46005	1.46006	1.46007	1.4601	1.46012	1.46014	1.46015	1.46018	1.46021	1.46023	1.46025	1.46028	1.46031	1.46033	1.46035	1.46038	1.46041	1.46043	1.46044	1.46047	1.46049	1.4605	1.4605	1.46051	1.46052	1.46052	1.46051	1.46051	1.4605	1.46049	1.46047	1.46045	1.46044	1.46041	1.46039	1.46036	1.46034	1.46031	1.46028	1.46026	1.46023	1.4602	1.46018	1.46015	1.46013	1.46011	1.46009	1.46007	1.46006	1.46004	1.46003	1.46002	1.46001	1.46	1.45999	1.46	1.46	1.45999	
1.48376	1.48376	1.48376	1.48376	1.48377	1.48377	1.48378	1.48379	1.48379	1.4838	1.48381	1.48382	1.48383	1.48384	1.48385	1.48387	1.48388	1.48389	1.4839	1.48392	1.48393	1.48394	1.48395	1.48397	1.48397	1.48398	1.48399	1.48401	1.48401	1.48401	1.48402	1.48402	1.48402	1.48402	1.48402	1.48401	1.484	1.484	1.48399	1.48398	1.48397	1.48395	1.48394	1.48393	1.48392	1.4839	1.48389	1.48388	1.48386	1.48385	1.48384	1.48383	1.48382	1.4838	1.4838	1.48379	1.48378	1.48377	1.48377	1.48377	1.48376	1.48376	1.48376	1.48376	1.48376	
1.50751	1.50751	1.50751	1.50751	1.50751	1.50751	1.50751	1.50751	1.50751	1.50751	1.50751	1.50751	1.50751	1.50751	1.50751	1.50751	1.50751	1.50751	1.50751	1.50751	1.50751	1.50751	1.50751	1.50751	1.50751	1.50751	1.50751	1.50751	1.50751	1.50751	1.50751	1.50751	1.50751	1.50751	1.50751	1.50751	1.50751	1.50751	1.50751	1.50751	1.50751	1.50751	1.50751	1.50751	1.50751	1.50751	1.50751	1.50751	1.50751	1.50751	1.50751	1.50751	1.50751	1.50751	1.50751	1.50751	1.50751	1.50751	1.50751	1.50751	1.50751	1.50751	1.50751	1.50751	1.50751	
