x=200	y=75	z=200	n=65	len=1
b
0.565318	0.565318	0.565318	0.565318	0.565318	0.565318	0.565318	0.565318	0.565318	0.565318	0.565318	0.565318	0.565318	0.565318	0.565318	0.565318	0.565318	0.565318	0.565318	0.565318	0.565318	0.565318	0.565318	0.565318	0.565318	0.565318	0.565318	0.565318	0.565318	0.565318	0.565318	0.565318	0.565318	0.565318	0.565318	0.565318	0.565318	0.565318	0.565318	0.565318	0.565318	0.565318	0.565318	0.565318	0.565318	0.565318	0.565318	0.565318	0.565318	0.565318	0.565318	0.565318	0.565318	0.565318	0.565318	0.565318	0.565318	0.565318	0.565318	0.565318	0.565318	0.565318	0.565318	0.565318	0.565318	
0.566038	0.565994	0.56603	0.566066	0.565999	0.565933	0.56588	0.565828	0.565681	0.565533	0.565336	0.565138	0.56482	0.564502	0.564047	0.563592	0.562959	0.562326	0.56157	0.560814	0.55984	0.558866	0.558509	0.558151	0.558393	0.558635	0.559394	0.560153	0.56188	0.563607	0.564134	0.56466	0.564978	0.565296	0.563785	0.562274	0.561012	0.559749	0.558687	0.557624	0.558735	0.559847	0.560088	0.56033	0.561204	0.562078	0.562525	0.562972	0.563399	0.563825	0.564214	0.564602	0.564769	0.564935	0.565212	0.565488	0.565523	0.565558	0.56574	0.565922	0.565903	0.565884	0.565984	0.566083	0.566038	
0.565979	0.565936	0.565967	0.565999	0.565931	0.565863	0.565805	0.565747	0.565602	0.565457	0.56525	0.565043	0.564723	0.564404	0.563933	0.563461	0.562802	0.562143	0.561348	0.560552	0.559518	0.558484	0.558017	0.55755	0.557789	0.558027	0.558568	0.559108	0.560712	0.562315	0.56316	0.564004	0.564448	0.564892	0.563818	0.562744	0.561517	0.56029	0.558884	0.557477	0.558523	0.559568	0.559776	0.559985	0.560938	0.561891	0.562351	0.56281	0.563274	0.563738	0.564133	0.564529	0.564705	0.564882	0.565156	0.565431	0.565472	0.565513	0.565687	0.565861	0.565846	0.565831	0.565927	0.566022	0.565979	
0.56592	0.565878	0.565904	0.565931	0.565862	0.565793	0.56573	0.565666	0.565524	0.565381	0.565164	0.564947	0.564626	0.564305	0.563818	0.563331	0.562646	0.56196	0.561126	0.560291	0.559196	0.558101	0.557525	0.556949	0.557185	0.55742	0.557742	0.558064	0.559543	0.561023	0.562186	0.563349	0.563919	0.564489	0.563852	0.563214	0.562022	0.560831	0.559081	0.557331	0.55831	0.559289	0.559464	0.559639	0.560671	0.561703	0.562176	0.562648	0.563149	0.56365	0.564053	0.564455	0.564642	0.564829	0.565101	0.565374	0.56542	0.565467	0.565633	0.565799	0.565788	0.565777	0.56587	0.565962	0.56592	
0.565916	0.565873	0.565899	0.565925	0.565857	0.56579	0.565727	0.565664	0.565522	0.56538	0.565164	0.564948	0.564622	0.564296	0.563804	0.563313	0.562615	0.561917	0.561057	0.560197	0.559054	0.55791	0.557202	0.556493	0.556646	0.556798	0.557059	0.557321	0.558938	0.560555	0.562054	0.563554	0.564256	0.564958	0.564805	0.564653	0.563127	0.561602	0.559436	0.55727	0.558086	0.558901	0.559073	0.559246	0.560387	0.561527	0.562038	0.56255	0.563089	0.563629	0.564047	0.564465	0.564656	0.564848	0.56512	0.565392	0.565437	0.565482	0.565645	0.565807	0.565794	0.56578	0.56587	0.565959	0.565916	
0.565912	0.565869	0.565894	0.565919	0.565852	0.565786	0.565723	0.565661	0.56552	0.56538	0.565164	0.564948	0.564617	0.564286	0.56379	0.563294	0.562583	0.561873	0.560988	0.560104	0.558911	0.557719	0.556878	0.556037	0.556107	0.556177	0.556377	0.556578	0.558332	0.560087	0.561922	0.563758	0.564592	0.565426	0.565759	0.566091	0.564232	0.562372	0.559791	0.55721	0.557861	0.558513	0.558683	0.558853	0.560102	0.561352	0.561901	0.562451	0.563029	0.563607	0.564041	0.564475	0.564671	0.564867	0.565138	0.56541	0.565453	0.565497	0.565656	0.565815	0.565799	0.565784	0.565869	0.565955	0.565912	
0.565943	0.5659	0.565923	0.565947	0.565882	0.565817	0.565756	0.565695	0.565558	0.565421	0.565208	0.564995	0.564672	0.564349	0.563858	0.563367	0.562658	0.561949	0.561039	0.560129	0.558883	0.557636	0.556684	0.555731	0.555625	0.555518	0.555708	0.555898	0.557859	0.559821	0.562202	0.564583	0.56563	0.566677	0.566951	0.567225	0.565017	0.562808	0.559693	0.556577	0.557092	0.557608	0.557958	0.558309	0.559704	0.561099	0.56173	0.562361	0.562977	0.563592	0.564042	0.564493	0.564704	0.564916	0.565188	0.565459	0.565503	0.565546	0.565699	0.565853	0.565837	0.565821	0.565903	0.565986	0.565943	
0.565973	0.56593	0.565952	0.565974	0.565911	0.565848	0.565789	0.56573	0.565596	0.565461	0.565252	0.565043	0.564727	0.564412	0.563926	0.56344	0.562733	0.562026	0.56109	0.560155	0.558854	0.557554	0.556489	0.555425	0.555143	0.55486	0.555039	0.555218	0.557387	0.559556	0.562481	0.565407	0.566667	0.567928	0.568143	0.568358	0.565801	0.563244	0.559594	0.555944	0.556323	0.556703	0.557234	0.557764	0.559305	0.560846	0.561559	0.562272	0.562924	0.563576	0.564044	0.564511	0.564738	0.564964	0.565237	0.565509	0.565552	0.565595	0.565743	0.565891	0.565875	0.565859	0.565937	0.566016	0.565973	
0.56602	0.565976	0.565999	0.566022	0.565962	0.565902	0.565848	0.565795	0.56567	0.565545	0.56535	0.565154	0.564857	0.564559	0.564086	0.563612	0.56293	0.562248	0.561296	0.560343	0.559034	0.557724	0.556509	0.555294	0.554805	0.554316	0.554393	0.55447	0.556814	0.559158	0.562591	0.566024	0.567433	0.568841	0.568804	0.568768	0.565827	0.562885	0.558859	0.554833	0.555308	0.555782	0.556575	0.557368	0.559018	0.560668	0.561458	0.562247	0.562939	0.563631	0.56412	0.564608	0.564834	0.56506	0.565328	0.565595	0.565632	0.56567	0.565812	0.565953	0.565933	0.565913	0.565988	0.566063	0.56602	
0.566067	0.566023	0.566046	0.566069	0.566012	0.565955	0.565908	0.56586	0.565745	0.565629	0.565447	0.565266	0.564986	0.564706	0.564245	0.563785	0.563128	0.562471	0.561501	0.560532	0.559213	0.557895	0.556529	0.555162	0.554467	0.553771	0.553746	0.553721	0.556241	0.55876	0.562701	0.566642	0.568198	0.569754	0.569466	0.569177	0.565852	0.562526	0.558124	0.553722	0.554292	0.554862	0.555917	0.556972	0.558731	0.56049	0.561356	0.562223	0.562954	0.563686	0.564195	0.564705	0.564931	0.565157	0.565418	0.56568	0.565713	0.565745	0.56588	0.566015	0.565992	0.565968	0.566039	0.566111	0.566067	
0.566124	0.566079	0.566103	0.566126	0.566072	0.566019	0.565977	0.565936	0.565828	0.565721	0.565552	0.565382	0.56512	0.564858	0.564418	0.563977	0.563352	0.562727	0.56178	0.560833	0.559523	0.558214	0.556746	0.555278	0.554362	0.553447	0.553163	0.552879	0.555286	0.557693	0.562177	0.566661	0.568307	0.569953	0.568927	0.567902	0.564146	0.560389	0.556405	0.552421	0.553275	0.55413	0.555445	0.55676	0.558582	0.560405	0.561338	0.562271	0.563041	0.563812	0.56433	0.564849	0.565069	0.565288	0.565539	0.56579	0.565815	0.56584	0.565966	0.566091	0.566063	0.566036	0.566102	0.566168	0.566124	
0.566181	0.566136	0.566159	0.566183	0.566133	0.566082	0.566047	0.566011	0.565912	0.565814	0.565656	0.565499	0.565255	0.565011	0.56459	0.564169	0.563576	0.562982	0.562058	0.561133	0.559833	0.558534	0.556964	0.555395	0.554258	0.553122	0.552579	0.552037	0.554332	0.556627	0.561653	0.56668	0.568416	0.570152	0.568389	0.566626	0.562439	0.558252	0.554686	0.551119	0.552258	0.553398	0.554973	0.556549	0.558434	0.56032	0.561319	0.562319	0.563128	0.563938	0.564465	0.564993	0.565206	0.56542	0.56566	0.5659	0.565918	0.565935	0.566051	0.566167	0.566135	0.566104	0.566165	0.566226	0.566181	
0.566249	0.566204	0.566227	0.566251	0.566205	0.566159	0.56613	0.566101	0.566013	0.565925	0.565784	0.565643	0.565422	0.565201	0.564806	0.564412	0.563862	0.563312	0.562412	0.561512	0.560294	0.559076	0.55741	0.555745	0.554389	0.553034	0.552202	0.55137	0.553155	0.554941	0.559602	0.564263	0.566159	0.568054	0.565422	0.56279	0.558791	0.554791	0.552389	0.549986	0.551495	0.553003	0.554755	0.556506	0.558454	0.560402	0.561505	0.562609	0.563403	0.564197	0.564703	0.565209	0.565403	0.565598	0.565819	0.56604	0.566046	0.566052	0.566155	0.566258	0.566221	0.566185	0.56624	0.566295	0.566249	
0.566318	0.566272	0.566295	0.566319	0.566277	0.566235	0.566213	0.566191	0.566114	0.566036	0.565911	0.565786	0.565589	0.565391	0.565023	0.564654	0.564148	0.563641	0.562766	0.56189	0.560754	0.559618	0.557856	0.556095	0.554521	0.552946	0.551824	0.550703	0.551979	0.553255	0.557551	0.561847	0.563901	0.565956	0.562455	0.558955	0.555142	0.55133	0.550092	0.548854	0.550731	0.552608	0.554536	0.556464	0.558474	0.560484	0.561692	0.5629	0.563678	0.564456	0.56494	0.565425	0.5656	0.565776	0.565978	0.56618	0.566174	0.566169	0.566259	0.56635	0.566308	0.566266	0.566315	0.566364	0.566318	
0.56639	0.566343	0.566366	0.56639	0.566352	0.566314	0.566299	0.566285	0.566219	0.566153	0.566046	0.565939	0.565766	0.565594	0.565259	0.564924	0.564469	0.564015	0.563187	0.562358	0.561311	0.560265	0.558542	0.556819	0.555147	0.553475	0.551926	0.550378	0.550879	0.551381	0.55415	0.55692	0.559156	0.561392	0.557585	0.553778	0.550797	0.547815	0.547992	0.548169	0.550342	0.552515	0.5547	0.556886	0.558967	0.561048	0.562223	0.563399	0.564104	0.564809	0.565254	0.565698	0.565843	0.565988	0.566162	0.566336	0.566317	0.566297	0.566372	0.566447	0.566399	0.566351	0.566394	0.566436	0.56639	
0.566461	0.566414	0.566437	0.566461	0.566427	0.566394	0.566386	0.566379	0.566324	0.56627	0.56618	0.566091	0.565944	0.565797	0.565495	0.565193	0.564791	0.564389	0.563608	0.562826	0.561869	0.560911	0.559227	0.557543	0.555773	0.554003	0.552028	0.550053	0.54978	0.549507	0.55075	0.551993	0.55441	0.556827	0.552715	0.548602	0.546451	0.544299	0.545892	0.547484	0.549953	0.552422	0.554865	0.557307	0.559459	0.561612	0.562754	0.563897	0.56453	0.565163	0.565567	0.565972	0.566086	0.5662	0.566347	0.566493	0.566459	0.566425	0.566485	0.566545	0.566491	0.566437	0.566473	0.566509	0.566461	
0.566536	0.566488	0.566512	0.566535	0.566506	0.566477	0.566478	0.566478	0.566436	0.566394	0.566324	0.566254	0.566134	0.566014	0.565753	0.565491	0.565144	0.564797	0.564085	0.563373	0.562518	0.561662	0.560061	0.558459	0.556824	0.555189	0.552804	0.550419	0.549083	0.547748	0.547902	0.548056	0.550502	0.552948	0.54846	0.543973	0.542829	0.541685	0.544512	0.547339	0.550319	0.553299	0.555986	0.558674	0.560603	0.562533	0.563533	0.564533	0.565072	0.565611	0.565951	0.566291	0.566365	0.566438	0.56655	0.566662	0.566611	0.56656	0.566603	0.566646	0.566586	0.566526	0.566555	0.566584	0.566536	
0.566611	0.566563	0.566586	0.56661	0.566585	0.566561	0.566569	0.566577	0.566547	0.566517	0.566468	0.566418	0.566325	0.566232	0.56601	0.565789	0.565497	0.565206	0.564563	0.56392	0.563167	0.562413	0.560895	0.559376	0.557875	0.556375	0.55358	0.550785	0.548387	0.545989	0.545054	0.544119	0.546594	0.549069	0.544206	0.539343	0.539207	0.539071	0.543133	0.547195	0.550685	0.554176	0.557108	0.56004	0.561747	0.563454	0.564311	0.565168	0.565613	0.566059	0.566335	0.566611	0.566643	0.566676	0.566754	0.566831	0.566764	0.566696	0.566722	0.566748	0.566682	0.566616	0.566637	0.566659	0.566611	
0.566684	0.566636	0.56666	0.566683	0.566664	0.566644	0.566661	0.566677	0.566659	0.566642	0.566614	0.566585	0.566519	0.566453	0.566277	0.566101	0.565862	0.565624	0.565069	0.564515	0.563847	0.563179	0.561799	0.56042	0.558996	0.557572	0.554764	0.551957	0.548386	0.544815	0.543337	0.541858	0.544217	0.546576	0.541743	0.53691	0.537457	0.538004	0.543391	0.548778	0.552564	0.55635	0.558982	0.561614	0.563047	0.56448	0.565184	0.565889	0.566219	0.566549	0.566744	0.56694	0.566928	0.566917	0.566957	0.566997	0.566913	0.566829	0.566837	0.566846	0.566774	0.566703	0.566717	0.566732	0.566684	
0.566757	0.566709	0.566733	0.566756	0.566742	0.566727	0.566752	0.566776	0.566772	0.566767	0.56676	0.566753	0.566713	0.566674	0.566544	0.566413	0.566227	0.566042	0.565576	0.565111	0.564527	0.563944	0.562704	0.561464	0.560116	0.558768	0.555948	0.553129	0.548385	0.543641	0.54162	0.539598	0.541841	0.544083	0.53928	0.534477	0.535707	0.536936	0.543648	0.550361	0.554442	0.558524	0.560856	0.563188	0.564347	0.565506	0.566058	0.566609	0.566824	0.567039	0.567154	0.567269	0.567213	0.567157	0.567159	0.567162	0.567061	0.566961	0.566952	0.566943	0.566867	0.56679	0.566797	0.566804	0.566757	
0.566828	0.566781	0.566805	0.566829	0.56682	0.566811	0.566843	0.566876	0.566884	0.566892	0.566907	0.566922	0.566909	0.566897	0.566815	0.566734	0.566598	0.566462	0.566096	0.565731	0.565213	0.564694	0.56363	0.562565	0.561165	0.559766	0.556991	0.554216	0.548691	0.543166	0.541014	0.538863	0.541063	0.543264	0.538706	0.534149	0.535886	0.537623	0.54556	0.553496	0.557147	0.560798	0.562773	0.564748	0.565662	0.566576	0.566942	0.567308	0.56741	0.567511	0.567543	0.567575	0.567479	0.567382	0.567348	0.567314	0.567199	0.567085	0.56706	0.567035	0.566953	0.566872	0.566873	0.566874	0.566828	
0.566898	0.566853	0.566877	0.566901	0.566897	0.566894	0.566935	0.566976	0.566997	0.567018	0.567054	0.567091	0.567105	0.56712	0.567087	0.567055	0.566969	0.566883	0.566617	0.566351	0.565898	0.565445	0.564555	0.563665	0.562214	0.560763	0.558033	0.555303	0.548997	0.542692	0.540409	0.538127	0.540285	0.542444	0.538132	0.533821	0.536066	0.538311	0.547471	0.556631	0.559852	0.563073	0.564691	0.566309	0.566977	0.567645	0.567826	0.568006	0.567995	0.567984	0.567933	0.567882	0.567744	0.567607	0.567536	0.567466	0.567337	0.567208	0.567167	0.567126	0.56704	0.566955	0.56695	0.566944	0.566898	
0.566964	0.56692	0.566945	0.566969	0.566971	0.566974	0.567023	0.567072	0.567106	0.56714	0.567197	0.567255	0.567297	0.567338	0.567355	0.567371	0.567335	0.5673	0.567138	0.566975	0.566586	0.566196	0.565481	0.564765	0.563195	0.561624	0.558812	0.556	0.54961	0.54322	0.541603	0.539986	0.542212	0.544438	0.541461	0.538485	0.541091	0.543697	0.551606	0.559516	0.562361	0.565206	0.566424	0.567642	0.568089	0.568537	0.568547	0.568558	0.568464	0.568371	0.568251	0.568131	0.567962	0.567794	0.567694	0.567594	0.567454	0.567315	0.56726	0.567206	0.567118	0.567029	0.567019	0.567008	0.566964	
0.56703	0.566987	0.567012	0.567037	0.567045	0.567053	0.56711	0.567167	0.567214	0.567261	0.567341	0.56742	0.567488	0.567556	0.567622	0.567687	0.567702	0.567716	0.567658	0.5676	0.567273	0.566946	0.566406	0.565865	0.564176	0.562486	0.559592	0.556698	0.550223	0.543748	0.542796	0.541844	0.544138	0.546431	0.544791	0.54315	0.546116	0.549082	0.555742	0.562401	0.56487	0.567339	0.568157	0.568974	0.569202	0.569429	0.569269	0.569109	0.568933	0.568758	0.568568	0.568379	0.56818	0.567981	0.567852	0.567722	0.567571	0.567421	0.567353	0.567286	0.567195	0.567104	0.567088	0.567072	0.56703	
0.56709	0.56705	0.567076	0.567101	0.567115	0.567129	0.567193	0.567257	0.567317	0.567377	0.567476	0.567574	0.56767	0.567766	0.567877	0.567989	0.56806	0.568131	0.568171	0.56821	0.567982	0.567754	0.567364	0.566973	0.565216	0.563458	0.56051	0.557563	0.551883	0.546204	0.54619	0.546176	0.548391	0.550607	0.55039	0.550172	0.552539	0.554906	0.559865	0.564824	0.566898	0.568972	0.569429	0.569886	0.569959	0.570032	0.569759	0.569486	0.569258	0.569029	0.568794	0.568558	0.56834	0.568122	0.567971	0.567821	0.567665	0.567508	0.567431	0.567353	0.567261	0.567169	0.56715	0.56713	0.56709	
0.56715	0.567112	0.567139	0.567165	0.567185	0.567205	0.567276	0.567347	0.56742	0.567493	0.567611	0.567729	0.567852	0.567976	0.568133	0.56829	0.568418	0.568546	0.568683	0.56882	0.568691	0.568563	0.568322	0.568081	0.566256	0.564431	0.561429	0.558427	0.553544	0.548661	0.549584	0.550507	0.552645	0.554783	0.555989	0.557194	0.558962	0.56073	0.563989	0.567248	0.568926	0.570604	0.570701	0.570798	0.570716	0.570635	0.570249	0.569863	0.569582	0.569301	0.569019	0.568737	0.568499	0.568262	0.568091	0.56792	0.567758	0.567596	0.567508	0.567421	0.567328	0.567235	0.567211	0.567188	0.56715	
0.567203	0.567168	0.567195	0.567222	0.567247	0.567273	0.56735	0.567427	0.567512	0.567596	0.56773	0.567865	0.568014	0.568163	0.56836	0.568556	0.568742	0.568928	0.569151	0.569374	0.569377	0.569379	0.569278	0.569176	0.56744	0.565704	0.562926	0.560148	0.556389	0.55263	0.553495	0.55436	0.555964	0.557569	0.559393	0.561218	0.562692	0.564166	0.566458	0.568749	0.570151	0.571554	0.571421	0.571289	0.571132	0.570976	0.57053	0.570084	0.569776	0.569469	0.569161	0.568853	0.568605	0.568358	0.568175	0.567992	0.567827	0.567662	0.567569	0.567476	0.567383	0.56729	0.567264	0.567238	0.567203	
0.567256	0.567224	0.567251	0.567279	0.56731	0.56734	0.567424	0.567507	0.567603	0.567699	0.56785	0.568	0.568175	0.56835	0.568586	0.568822	0.569066	0.56931	0.569619	0.569928	0.570062	0.570196	0.570233	0.570271	0.568624	0.566977	0.564423	0.56187	0.559235	0.556599	0.557406	0.558214	0.559284	0.560355	0.562798	0.565241	0.566422	0.567602	0.568926	0.57025	0.571377	0.572504	0.572142	0.571779	0.571548	0.571317	0.570811	0.570304	0.569971	0.569637	0.569303	0.568969	0.568712	0.568454	0.568259	0.568064	0.567896	0.567729	0.56763	0.567531	0.567438	0.567345	0.567317	0.567288	0.567256	
0.5673	0.567271	0.5673	0.567328	0.567363	0.567398	0.567486	0.567573	0.567679	0.567785	0.567946	0.568108	0.568304	0.5685	0.568762	0.569024	0.569318	0.569612	0.569983	0.570353	0.57062	0.570888	0.571056	0.571225	0.569895	0.568565	0.566419	0.564273	0.56242	0.560566	0.560595	0.560625	0.561257	0.561889	0.564527	0.567166	0.568177	0.569188	0.570076	0.570964	0.571952	0.572939	0.572469	0.571999	0.571741	0.571483	0.570954	0.570424	0.570077	0.56973	0.569385	0.569039	0.568777	0.568515	0.568314	0.568113	0.567945	0.567777	0.567675	0.567573	0.567482	0.56739	0.56736	0.56733	0.5673	
0.567345	0.567319	0.567348	0.567377	0.567417	0.567456	0.567548	0.56764	0.567755	0.56787	0.568043	0.568215	0.568432	0.568649	0.568937	0.569226	0.56957	0.569915	0.570346	0.570778	0.571179	0.57158	0.571879	0.572179	0.571166	0.570153	0.568414	0.566676	0.565605	0.564533	0.563784	0.563036	0.563229	0.563422	0.566256	0.569091	0.569932	0.570774	0.571226	0.571679	0.572527	0.573374	0.572796	0.572218	0.571934	0.57165	0.571097	0.570544	0.570184	0.569823	0.569466	0.569109	0.568843	0.568576	0.568369	0.568162	0.567993	0.567825	0.56772	0.567615	0.567525	0.567435	0.567403	0.567372	0.567345	
0.567381	0.567357	0.567386	0.567415	0.567458	0.567501	0.567595	0.567689	0.56781	0.567931	0.56811	0.568288	0.568517	0.568746	0.569049	0.569351	0.569726	0.5701	0.570568	0.571036	0.571521	0.572006	0.572422	0.572838	0.572184	0.57153	0.570284	0.569037	0.568282	0.567527	0.566256	0.564984	0.564861	0.564739	0.567341	0.569943	0.57064	0.571337	0.57166	0.571983	0.572722	0.573461	0.572855	0.572248	0.571952	0.571656	0.571114	0.570572	0.570214	0.569857	0.5695	0.569144	0.568878	0.568612	0.568402	0.568193	0.568025	0.567858	0.567752	0.567646	0.567558	0.567469	0.567437	0.567405	0.567381	
0.567416	0.567395	0.567424	0.567454	0.5675	0.567546	0.567642	0.567738	0.567865	0.567992	0.568177	0.568361	0.568603	0.568844	0.569161	0.569477	0.569881	0.570285	0.570789	0.571294	0.571863	0.572433	0.572965	0.573497	0.573202	0.572907	0.572153	0.571398	0.57096	0.570521	0.568727	0.566932	0.566493	0.566055	0.568425	0.570795	0.571347	0.5719	0.572094	0.572288	0.572917	0.573547	0.572913	0.572279	0.57197	0.571661	0.57113	0.570599	0.570244	0.56989	0.569534	0.569178	0.568913	0.568647	0.568436	0.568224	0.568057	0.56789	0.567783	0.567676	0.56759	0.567503	0.56747	0.567437	0.567416	
0.567441	0.567422	0.567452	0.567481	0.567529	0.567577	0.567673	0.56777	0.567899	0.568029	0.568215	0.568401	0.568648	0.568895	0.569217	0.569539	0.569957	0.570374	0.570894	0.571413	0.572023	0.572632	0.573229	0.573826	0.573785	0.573745	0.573335	0.572926	0.572653	0.57238	0.570593	0.568805	0.568501	0.568197	0.569832	0.571468	0.571809	0.572151	0.572318	0.572486	0.57305	0.573614	0.572984	0.572353	0.571998	0.571643	0.571115	0.570588	0.570226	0.569865	0.569516	0.569167	0.568908	0.568649	0.568443	0.568236	0.568072	0.567909	0.567802	0.567695	0.567611	0.567526	0.567493	0.56746	0.567441	
0.567466	0.56745	0.567479	0.567508	0.567558	0.567608	0.567705	0.567801	0.567934	0.568066	0.568254	0.568442	0.568694	0.568946	0.569274	0.569601	0.570032	0.570463	0.570998	0.571532	0.572182	0.572831	0.573493	0.574155	0.574369	0.574582	0.574518	0.574454	0.574347	0.574239	0.572459	0.570679	0.570508	0.570338	0.57124	0.572141	0.572271	0.572401	0.572543	0.572685	0.573183	0.573681	0.573054	0.572428	0.572026	0.571625	0.571101	0.570577	0.570208	0.56984	0.569497	0.569155	0.568903	0.568652	0.56845	0.568248	0.568087	0.567927	0.567821	0.567714	0.567632	0.567549	0.567516	0.567483	0.567466	
0.567481	0.567466	0.567495	0.567524	0.567574	0.567625	0.567721	0.567818	0.567951	0.568084	0.568271	0.568458	0.568711	0.568964	0.569287	0.569611	0.570041	0.570471	0.570994	0.571517	0.572161	0.572805	0.573481	0.574158	0.574551	0.574944	0.575054	0.575164	0.575205	0.575247	0.573791	0.572335	0.572989	0.573643	0.573734	0.573825	0.573528	0.573231	0.573261	0.57329	0.573545	0.5738	0.573161	0.572523	0.572061	0.5716	0.571081	0.570562	0.570185	0.569807	0.569471	0.569136	0.568884	0.568632	0.568434	0.568237	0.568083	0.567929	0.567826	0.567722	0.567642	0.567562	0.567529	0.567497	0.567481	
0.567496	0.567482	0.567511	0.567539	0.56759	0.567642	0.567738	0.567834	0.567968	0.568101	0.568288	0.568474	0.568727	0.568981	0.5693	0.56962	0.57005	0.570479	0.57099	0.571501	0.572139	0.572778	0.57347	0.574161	0.574734	0.575306	0.575589	0.575873	0.576064	0.576255	0.575123	0.573991	0.575469	0.576947	0.576228	0.575508	0.574784	0.574061	0.573978	0.573896	0.573908	0.573919	0.573269	0.572618	0.572096	0.571575	0.571062	0.570548	0.570162	0.569775	0.569446	0.569116	0.568864	0.568612	0.568419	0.568227	0.568078	0.56793	0.567831	0.567731	0.567652	0.567574	0.567542	0.56751	0.567496	
0.567501	0.567489	0.567517	0.567545	0.567596	0.567647	0.56774	0.567833	0.567963	0.568093	0.568272	0.568451	0.568696	0.568942	0.569247	0.569553	0.569965	0.570376	0.570858	0.571341	0.571948	0.572556	0.573203	0.57385	0.574512	0.575173	0.575638	0.576102	0.576428	0.576754	0.576096	0.575438	0.577384	0.57933	0.578196	0.577061	0.57606	0.575059	0.574748	0.574437	0.574182	0.573927	0.573268	0.57261	0.572046	0.571483	0.570983	0.570482	0.570094	0.569706	0.56939	0.569073	0.568827	0.56858	0.568394	0.568208	0.568062	0.567915	0.567818	0.567721	0.567648	0.567574	0.567543	0.567513	0.567501	
0.567506	0.567496	0.567523	0.567551	0.567601	0.567652	0.567741	0.567831	0.567958	0.568085	0.568257	0.568428	0.568665	0.568903	0.569194	0.569486	0.56988	0.570274	0.570727	0.57118	0.571757	0.572334	0.572937	0.573539	0.57429	0.575041	0.575686	0.576331	0.576792	0.577252	0.577069	0.576886	0.579299	0.581712	0.580163	0.578615	0.577336	0.576058	0.575518	0.574978	0.574456	0.573934	0.573268	0.572602	0.571996	0.57139	0.570903	0.570417	0.570027	0.569637	0.569334	0.56903	0.568789	0.568549	0.568369	0.568189	0.568045	0.5679	0.567806	0.567712	0.567643	0.567573	0.567544	0.567515	0.567506	
0.567494	0.567486	0.567512	0.567539	0.567587	0.567636	0.567723	0.56781	0.567932	0.568054	0.568218	0.568381	0.568606	0.56883	0.569104	0.569378	0.569749	0.570121	0.570548	0.570975	0.571533	0.572091	0.572677	0.573263	0.574044	0.574824	0.57548	0.576135	0.57679	0.577445	0.577553	0.577661	0.579943	0.582226	0.580588	0.57895	0.577678	0.576406	0.575786	0.575167	0.57443	0.573694	0.573043	0.572391	0.571787	0.571182	0.570723	0.570265	0.56989	0.569515	0.569228	0.568942	0.568711	0.568481	0.568311	0.568141	0.568006	0.56787	0.567782	0.567693	0.567626	0.567559	0.567531	0.567503	0.567494	
0.567483	0.567476	0.567501	0.567527	0.567574	0.567621	0.567705	0.567789	0.567906	0.568023	0.568179	0.568335	0.568546	0.568757	0.569014	0.56927	0.569619	0.569968	0.570369	0.57077	0.571309	0.571848	0.572417	0.572986	0.573797	0.574608	0.575273	0.575938	0.576788	0.577637	0.578037	0.578436	0.580588	0.58274	0.581013	0.579286	0.578019	0.576753	0.576055	0.575356	0.574405	0.573454	0.572817	0.57218	0.571577	0.570973	0.570543	0.570113	0.569753	0.569393	0.569123	0.568853	0.568633	0.568413	0.568254	0.568094	0.567967	0.56784	0.567757	0.567675	0.567609	0.567544	0.567517	0.56749	0.567483	
0.567454	0.567448	0.567472	0.567497	0.567541	0.567586	0.567665	0.567745	0.567856	0.567966	0.568114	0.568261	0.568461	0.56866	0.568902	0.569143	0.569472	0.5698	0.570175	0.57055	0.571057	0.571565	0.572104	0.572644	0.573398	0.574153	0.574841	0.575528	0.576485	0.577441	0.577839	0.578236	0.579473	0.58071	0.579415	0.57812	0.577244	0.576368	0.575581	0.574794	0.573887	0.57298	0.572401	0.571821	0.571274	0.570727	0.570329	0.569931	0.569593	0.569255	0.569003	0.568751	0.568543	0.568335	0.568185	0.568035	0.567913	0.567791	0.567713	0.567634	0.567572	0.56751	0.567485	0.56746	0.567454	
0.567425	0.567421	0.567444	0.567467	0.567509	0.56755	0.567626	0.567701	0.567805	0.567909	0.568048	0.568187	0.568376	0.568564	0.56879	0.569017	0.569325	0.569633	0.569981	0.570329	0.570805	0.571282	0.571791	0.572301	0.573	0.573699	0.574408	0.575117	0.576181	0.577245	0.57764	0.578035	0.578358	0.57868	0.577817	0.576954	0.576468	0.575982	0.575107	0.574232	0.573369	0.572506	0.571984	0.571462	0.570971	0.57048	0.570114	0.569748	0.569433	0.569118	0.568884	0.56865	0.568454	0.568258	0.568117	0.567976	0.567859	0.567742	0.567668	0.567594	0.567535	0.567476	0.567453	0.56743	0.567425	
0.567385	0.56738	0.567403	0.567425	0.567464	0.567504	0.567575	0.567647	0.567745	0.567842	0.567973	0.568103	0.568278	0.568453	0.568663	0.568872	0.569155	0.569439	0.569757	0.570074	0.570507	0.57094	0.571397	0.571854	0.572484	0.573115	0.573728	0.574342	0.57524	0.576139	0.576375	0.576612	0.576876	0.577141	0.576397	0.575652	0.575221	0.574789	0.574078	0.573367	0.572703	0.572039	0.571559	0.571079	0.570641	0.570203	0.569869	0.569534	0.569246	0.568958	0.568742	0.568526	0.568344	0.568162	0.568031	0.567901	0.567791	0.567682	0.567613	0.567544	0.567488	0.567433	0.567411	0.56739	0.567385	
0.567345	0.56734	0.567362	0.567383	0.56742	0.567457	0.567525	0.567593	0.567684	0.567776	0.567897	0.568019	0.568181	0.568343	0.568535	0.568727	0.568986	0.569245	0.569532	0.569819	0.570209	0.570599	0.571003	0.571406	0.571969	0.572532	0.573049	0.573566	0.574299	0.575032	0.575111	0.575189	0.575395	0.575601	0.574976	0.574351	0.573973	0.573595	0.573049	0.572502	0.572037	0.571571	0.571134	0.570696	0.570311	0.569927	0.569623	0.56932	0.569059	0.568798	0.568601	0.568403	0.568235	0.568067	0.567946	0.567825	0.567724	0.567622	0.567558	0.567494	0.567442	0.567389	0.567369	0.567349	0.567345	
0.56729	0.567287	0.567307	0.567327	0.567362	0.567396	0.56746	0.567523	0.567608	0.567692	0.567805	0.567917	0.568066	0.568215	0.568391	0.568566	0.568802	0.569038	0.569296	0.569553	0.569904	0.570254	0.570607	0.570959	0.571451	0.571942	0.572366	0.572791	0.573394	0.573998	0.574111	0.574224	0.574422	0.57462	0.574064	0.573507	0.573189	0.572872	0.5724	0.571927	0.571512	0.571097	0.570714	0.570332	0.569988	0.569645	0.569373	0.569101	0.568864	0.568627	0.568447	0.568267	0.568112	0.567958	0.567847	0.567736	0.567641	0.567546	0.567488	0.567429	0.56738	0.567331	0.567312	0.567294	0.56729	
0.567236	0.567234	0.567253	0.567272	0.567303	0.567335	0.567394	0.567453	0.567531	0.567609	0.567712	0.567815	0.567951	0.568087	0.568246	0.568405	0.568618	0.568831	0.569059	0.569288	0.569598	0.569909	0.570211	0.570513	0.570932	0.571352	0.571684	0.572015	0.57249	0.572964	0.573112	0.573259	0.573449	0.573639	0.573151	0.572663	0.572406	0.572149	0.571751	0.571353	0.570988	0.570623	0.570295	0.569967	0.569665	0.569363	0.569123	0.568882	0.568669	0.568456	0.568294	0.568131	0.56799	0.567848	0.567747	0.567646	0.567558	0.567471	0.567417	0.567364	0.567318	0.567272	0.567256	0.567239	0.567236	
0.567167	0.567165	0.567183	0.5672	0.56723	0.567259	0.567313	0.567368	0.56744	0.567511	0.567606	0.5677	0.567824	0.567948	0.568092	0.568236	0.568427	0.568618	0.568822	0.569025	0.569299	0.569573	0.569837	0.570101	0.57046	0.57082	0.571099	0.571378	0.57177	0.572162	0.572264	0.572367	0.572518	0.57267	0.572296	0.571923	0.571711	0.5715	0.571157	0.570814	0.570503	0.570193	0.569904	0.569614	0.569351	0.569088	0.568873	0.568658	0.568468	0.568278	0.568131	0.567984	0.567856	0.567727	0.567635	0.567543	0.567462	0.567382	0.567333	0.567284	0.567242	0.567199	0.567184	0.567169	0.567167	
0.567098	0.567096	0.567113	0.567129	0.567156	0.567183	0.567233	0.567283	0.567348	0.567413	0.567499	0.567585	0.567697	0.567809	0.567937	0.568067	0.568236	0.568405	0.568584	0.568763	0.569	0.569237	0.569463	0.569688	0.569988	0.570288	0.570514	0.57074	0.57105	0.57136	0.571417	0.571474	0.571587	0.5717	0.571441	0.571183	0.571017	0.570851	0.570563	0.570276	0.570019	0.569762	0.569512	0.569262	0.569038	0.568813	0.568624	0.568434	0.568267	0.5681	0.567968	0.567837	0.567722	0.567606	0.567523	0.567439	0.567366	0.567293	0.567249	0.567205	0.567166	0.567127	0.567113	0.567099	0.567098	
0.567015	0.567014	0.567029	0.567044	0.567069	0.567093	0.567139	0.567185	0.567244	0.567303	0.567381	0.567459	0.56756	0.56766	0.567776	0.567891	0.568042	0.568193	0.56835	0.568507	0.568716	0.568924	0.569117	0.56931	0.569568	0.569826	0.570013	0.5702	0.570455	0.57071	0.570755	0.5708	0.570884	0.570967	0.570768	0.570569	0.570431	0.570293	0.570049	0.569804	0.569589	0.569373	0.569156	0.568939	0.568744	0.568549	0.568382	0.568215	0.568066	0.567918	0.5678	0.567683	0.567579	0.567475	0.5674	0.567325	0.567258	0.567192	0.567152	0.567112	0.567076	0.56704	0.567028	0.567016	0.567015	
0.566932	0.566932	0.566946	0.56696	0.566981	0.567003	0.567045	0.567087	0.56714	0.567193	0.567263	0.567333	0.567422	0.567512	0.567614	0.567715	0.567848	0.567981	0.568116	0.568252	0.568431	0.568611	0.568771	0.568932	0.569148	0.569364	0.569512	0.569659	0.569859	0.570059	0.570092	0.570126	0.570181	0.570235	0.570095	0.569956	0.569845	0.569734	0.569534	0.569333	0.569158	0.568984	0.5688	0.568616	0.568451	0.568285	0.568141	0.567996	0.567866	0.567736	0.567633	0.567529	0.567437	0.567344	0.567277	0.56721	0.567151	0.567091	0.567055	0.567019	0.566987	0.566954	0.566943	0.566933	0.566932	
0.566836	0.566836	0.566849	0.566861	0.566881	0.566901	0.566938	0.566976	0.567024	0.567072	0.567134	0.567197	0.567276	0.567356	0.567446	0.567536	0.567653	0.56777	0.567888	0.568007	0.568162	0.568318	0.568456	0.568595	0.568778	0.568961	0.569085	0.569209	0.569375	0.569541	0.569568	0.569595	0.569645	0.569694	0.569573	0.569451	0.569362	0.569273	0.569104	0.568935	0.568786	0.568638	0.568479	0.568321	0.568177	0.568034	0.567907	0.567781	0.567666	0.567552	0.567461	0.567369	0.567287	0.567205	0.567145	0.567085	0.567032	0.566978	0.566946	0.566914	0.566885	0.566855	0.566846	0.566836	0.566836	
0.56674	0.566741	0.566752	0.566763	0.566781	0.566798	0.566832	0.566866	0.566908	0.56695	0.567005	0.567061	0.56713	0.5672	0.567279	0.567357	0.567458	0.567559	0.56766	0.567762	0.567894	0.568025	0.568141	0.568257	0.568408	0.568558	0.568659	0.56876	0.568891	0.569023	0.569043	0.569064	0.569109	0.569153	0.56905	0.568946	0.568878	0.568811	0.568673	0.568536	0.568414	0.568291	0.568158	0.568025	0.567904	0.567783	0.567674	0.567565	0.567467	0.567369	0.567289	0.567209	0.567137	0.567065	0.567012	0.56696	0.566913	0.566865	0.566837	0.566809	0.566783	0.566757	0.566748	0.56674	0.56674	
0.566633	0.566634	0.566644	0.566654	0.56667	0.566685	0.566715	0.566745	0.566783	0.56682	0.566869	0.566917	0.566979	0.56704	0.567109	0.567177	0.567265	0.567353	0.567441	0.567528	0.567641	0.567755	0.567853	0.567952	0.568079	0.568207	0.568291	0.568375	0.568484	0.568593	0.568611	0.568629	0.568662	0.568696	0.568616	0.568536	0.568476	0.568417	0.568302	0.568186	0.568083	0.567979	0.567866	0.567752	0.567648	0.567544	0.56745	0.567357	0.567271	0.567185	0.567116	0.567046	0.566983	0.566919	0.566873	0.566827	0.566785	0.566743	0.566719	0.566694	0.566671	0.566647	0.56664	0.566632	0.566633	
0.566526	0.566527	0.566536	0.566545	0.566559	0.566572	0.566598	0.566625	0.566657	0.56669	0.566732	0.566774	0.566827	0.56688	0.566939	0.566997	0.567072	0.567147	0.567221	0.567294	0.567389	0.567485	0.567565	0.567646	0.567751	0.567856	0.567923	0.56799	0.568076	0.568163	0.568178	0.568193	0.568216	0.568239	0.568182	0.568126	0.568074	0.568023	0.56793	0.567837	0.567752	0.567667	0.567573	0.567479	0.567392	0.567306	0.567227	0.567148	0.567075	0.567001	0.566942	0.566883	0.566828	0.566773	0.566734	0.566695	0.566658	0.566621	0.5666	0.566579	0.566558	0.566538	0.566531	0.566525	0.566526	
0.56641	0.566411	0.566419	0.566427	0.566439	0.56645	0.566473	0.566496	0.566524	0.566553	0.566589	0.566626	0.566671	0.566717	0.566768	0.566818	0.566882	0.566947	0.567009	0.567072	0.567153	0.567234	0.567302	0.56737	0.567458	0.567546	0.567602	0.567657	0.567729	0.567801	0.567813	0.567825	0.567845	0.567864	0.567816	0.567768	0.567726	0.567684	0.567607	0.567529	0.567457	0.567385	0.567307	0.567228	0.567153	0.567079	0.567012	0.566946	0.566883	0.56682	0.566769	0.566719	0.566671	0.566623	0.56659	0.566556	0.566524	0.566492	0.566474	0.566456	0.566438	0.56642	0.566414	0.566409	0.56641	
0.566294	0.566295	0.566302	0.566309	0.566319	0.566329	0.566348	0.566368	0.566392	0.566416	0.566447	0.566477	0.566516	0.566555	0.566597	0.566639	0.566692	0.566746	0.566798	0.56685	0.566916	0.566983	0.567038	0.567094	0.567165	0.567236	0.56728	0.567325	0.567382	0.567439	0.567448	0.567456	0.567473	0.56749	0.56745	0.567411	0.567378	0.567345	0.567283	0.567221	0.567162	0.567104	0.56704	0.566976	0.566915	0.566853	0.566798	0.566743	0.566691	0.566638	0.566596	0.566554	0.566514	0.566473	0.566445	0.566417	0.56639	0.566362	0.566348	0.566333	0.566317	0.566302	0.566297	0.566293	0.566294	
0.566173	0.566174	0.56618	0.566185	0.566194	0.566202	0.566219	0.566236	0.566256	0.566276	0.566302	0.566328	0.566361	0.566393	0.566429	0.566464	0.566509	0.566554	0.566597	0.56664	0.566695	0.566751	0.566797	0.566842	0.566901	0.566959	0.566996	0.567033	0.567079	0.567125	0.567133	0.567141	0.567153	0.567165	0.567134	0.567104	0.567075	0.567046	0.566996	0.566946	0.566897	0.566848	0.566796	0.566744	0.566692	0.56664	0.566595	0.56655	0.566505	0.566461	0.566426	0.566392	0.566358	0.566323	0.5663	0.566277	0.566253	0.56623	0.566218	0.566205	0.566192	0.566179	0.566175	0.566172	0.566173	
0.566052	0.566053	0.566058	0.566062	0.566069	0.566076	0.56609	0.566103	0.56612	0.566137	0.566158	0.566179	0.566206	0.566232	0.566261	0.566289	0.566325	0.566362	0.566396	0.566431	0.566475	0.566519	0.566555	0.566591	0.566637	0.566683	0.566712	0.566741	0.566776	0.566811	0.566818	0.566825	0.566832	0.56684	0.566818	0.566797	0.566772	0.566748	0.56671	0.566672	0.566632	0.566592	0.566552	0.566511	0.566469	0.566428	0.566392	0.566357	0.56632	0.566284	0.566257	0.566229	0.566201	0.566173	0.566155	0.566136	0.566117	0.566098	0.566088	0.566078	0.566067	0.566056	0.566053	0.56605	0.566052	
0.565928	0.565929	0.565933	0.565937	0.565942	0.565948	0.565959	0.56597	0.565984	0.565997	0.566014	0.566031	0.566053	0.566074	0.566097	0.56612	0.566149	0.566178	0.566206	0.566233	0.566268	0.566303	0.566332	0.566361	0.566398	0.566434	0.566457	0.56648	0.566507	0.566535	0.56654	0.566546	0.566552	0.566557	0.56654	0.566523	0.566504	0.566484	0.566454	0.566424	0.566392	0.56636	0.566328	0.566296	0.566262	0.566229	0.566201	0.566173	0.566144	0.566114	0.566093	0.566071	0.566048	0.566025	0.566011	0.565996	0.56598	0.565965	0.565957	0.565949	0.56594	0.565931	0.565929	0.565927	0.565928	
0.565804	0.565805	0.565808	0.565811	0.565816	0.56582	0.565828	0.565837	0.565847	0.565857	0.56587	0.565884	0.5659	0.565916	0.565933	0.565951	0.565972	0.565994	0.566015	0.566036	0.566062	0.566088	0.56611	0.566132	0.566158	0.566185	0.566202	0.566219	0.566239	0.566259	0.566263	0.566267	0.566271	0.566275	0.566262	0.56625	0.566235	0.56622	0.566198	0.566176	0.566152	0.566128	0.566105	0.566081	0.566056	0.56603	0.56601	0.565989	0.565967	0.565944	0.565928	0.565912	0.565895	0.565878	0.565867	0.565856	0.565844	0.565832	0.565826	0.565821	0.565814	0.565807	0.565805	0.565803	0.565804	
0.565687	0.565687	0.56569	0.565692	0.565695	0.565698	0.565704	0.565711	0.565718	0.565726	0.565736	0.565745	0.565757	0.565769	0.565782	0.565795	0.565811	0.565827	0.565843	0.565858	0.565877	0.565896	0.565912	0.565928	0.565948	0.565967	0.56598	0.565992	0.566007	0.566021	0.566024	0.566027	0.56603	0.566033	0.566024	0.566014	0.566003	0.565992	0.565976	0.56596	0.565942	0.565925	0.565907	0.56589	0.565872	0.565853	0.565838	0.565822	0.565806	0.56579	0.565778	0.565766	0.565753	0.56574	0.565732	0.565724	0.565715	0.565707	0.565702	0.565698	0.565693	0.565688	0.565687	0.565686	0.565687	
0.565569	0.565569	0.565571	0.565572	0.565574	0.565576	0.56558	0.565585	0.56559	0.565595	0.565601	0.565607	0.565615	0.565623	0.565631	0.565639	0.56565	0.56566	0.56567	0.56568	0.565692	0.565704	0.565715	0.565725	0.565737	0.565749	0.565758	0.565766	0.565775	0.565783	0.565786	0.565788	0.565789	0.56579	0.565785	0.565779	0.565772	0.565765	0.565754	0.565744	0.565733	0.565721	0.56571	0.565699	0.565687	0.565676	0.565666	0.565656	0.565645	0.565635	0.565627	0.56562	0.565611	0.565603	0.565598	0.565593	0.565587	0.565581	0.565579	0.565576	0.565573	0.565569	0.565569	0.565568	0.565569	
0.565468	0.565469	0.565469	0.56547	0.565472	0.565473	0.565475	0.565478	0.565481	0.565484	0.565487	0.565491	0.565496	0.5655	0.565505	0.56551	0.565516	0.565522	0.565528	0.565534	0.565541	0.565549	0.565555	0.565561	0.565568	0.565575	0.56558	0.565585	0.56559	0.565595	0.565597	0.565598	0.565599	0.5656	0.565596	0.565593	0.565589	0.565584	0.565578	0.565572	0.565565	0.565559	0.565552	0.565545	0.565538	0.565532	0.565526	0.56552	0.565514	0.565507	0.565503	0.565498	0.565494	0.565489	0.565486	0.565483	0.565479	0.565476	0.565474	0.565473	0.565471	0.565469	0.565468	0.565468	0.565468	
0.565368	0.565368	0.565368	0.565368	0.565369	0.565369	0.56537	0.565371	0.565372	0.565373	0.565374	0.565375	0.565376	0.565378	0.565379	0.565381	0.565383	0.565385	0.565387	0.565388	0.565391	0.565393	0.565395	0.565397	0.565399	0.565401	0.565403	0.565404	0.565406	0.565408	0.565408	0.565408	0.565409	0.565409	0.565408	0.565406	0.565405	0.565404	0.565402	0.5654	0.565398	0.565396	0.565394	0.565392	0.56539	0.565388	0.565386	0.565384	0.565382	0.56538	0.565379	0.565377	0.565376	0.565374	0.565373	0.565372	0.565371	0.56537	0.565369	0.565369	0.565368	0.565368	0.565368	0.565368	0.565368	
0.565318	0.565318	0.565318	0.565318	0.565318	0.565318	0.565318	0.565318	0.565318	0.565318	0.565318	0.565318	0.565318	0.565318	0.565318	0.565318	0.565318	0.565318	0.565318	0.565318	0.565318	0.565318	0.565318	0.565318	0.565318	0.565318	0.565318	0.565318	0.565318	0.565318	0.565318	0.565318	0.565318	0.565318	0.565318	0.565318	0.565318	0.565318	0.565318	0.565318	0.565318	0.565318	0.565318	0.565318	0.565318	0.565318	0.565318	0.565318	0.565318	0.565318	0.565318	0.565318	0.565318	0.565318	0.565318	0.565318	0.565318	0.565318	0.565318	0.565318	0.565318	0.565318	0.565318	0.565318	0.565318	
