x=115	y=200	z=200	n=65	len=1
b
0	0	0	0	0	0	0	0	0	0	0	0	0	0	0	0	0	0	0	0	0	0	0	0	0	0	0	0	0	0	0	0	0	0	0	0	0	0	0	0	0	0	0	0	0	0	0	0	0	0	0	0	0	0	0	0	0	0	0	0	0	0	0	0	0	
0.0237978	0.0237934	0.0237793	0.0237651	0.023763	0.023761	0.0237658	0.0237705	0.023766	0.0237615	0.0237575	0.0237534	0.0237437	0.023734	0.0237249	0.0237159	0.023704	0.0236921	0.023681	0.0236699	0.0236574	0.0236449	0.0236334	0.0236219	0.0236118	0.0236017	0.0235925	0.0235833	0.0235787	0.0235742	0.0235708	0.0235674	0.0235703	0.0235731	0.0235764	0.0235796	0.0235884	0.0235972	0.0236059	0.0236146	0.023626	0.0236373	0.0236487	0.0236601	0.0236718	0.0236834	0.0236952	0.0237071	0.0237171	0.0237271	0.023738	0.0237488	0.0237557	0.0237627	0.0237737	0.0237848	0.0237893	0.0237939	0.0238095	0.023825	0.0238265	0.023828	0.023815	0.0238021	0.0237978	
0.0476021	0.0476044	0.0475879	0.0475715	0.0475633	0.047555	0.0475547	0.0475544	0.0475428	0.0475312	0.0475212	0.0475113	0.047492	0.0474728	0.0474549	0.047437	0.0474135	0.04739	0.0473681	0.0473462	0.0473216	0.047297	0.047274	0.047251	0.0472312	0.0472114	0.0471926	0.0471738	0.0471653	0.0471568	0.0471492	0.0471416	0.0471482	0.0471547	0.0471605	0.0471664	0.0471847	0.047203	0.04722	0.0472369	0.0472602	0.0472834	0.047306	0.0473287	0.047352	0.0473754	0.0473984	0.0474215	0.0474416	0.0474617	0.0474825	0.0475034	0.0475172	0.047531	0.0475497	0.0475684	0.0475759	0.0475834	0.0476021	0.0476208	0.0476205	0.0476202	0.04761	0.0475998	0.0476021	
0.0714064	0.0714153	0.0713966	0.0713779	0.0713635	0.0713491	0.0713437	0.0713383	0.0713196	0.0713008	0.071285	0.0712692	0.0712404	0.0712116	0.0711849	0.0711581	0.071123	0.0710879	0.0710552	0.0710225	0.0709858	0.0709491	0.0709146	0.07088	0.0708506	0.0708212	0.0707927	0.0707643	0.0707518	0.0707393	0.0707276	0.0707158	0.070726	0.0707362	0.0707447	0.0707532	0.0707811	0.0708089	0.070834	0.0708592	0.0708944	0.0709295	0.0709634	0.0709972	0.0710323	0.0710674	0.0711016	0.0711359	0.071166	0.0711962	0.0712271	0.071258	0.0712787	0.0712994	0.0713257	0.071352	0.0713624	0.0713728	0.0713947	0.0714166	0.0714145	0.0714124	0.0714049	0.0713975	0.0714064	
0.0952213	0.0952301	0.0952165	0.095203	0.095185	0.0951671	0.095154	0.0951409	0.0951148	0.0950886	0.0950666	0.0950445	0.0950071	0.0949697	0.0949352	0.0949008	0.0948537	0.0948066	0.0947639	0.0947213	0.094672	0.0946227	0.0945766	0.0945304	0.0944897	0.094449	0.0944114	0.0943737	0.0943561	0.0943384	0.0943232	0.0943079	0.0943219	0.0943358	0.0943483	0.0943608	0.0943983	0.0944358	0.0944701	0.0945044	0.0945521	0.0945999	0.094645	0.09469	0.0947366	0.0947832	0.0948283	0.0948733	0.0949127	0.094952	0.0949914	0.0950307	0.0950574	0.0950841	0.0951149	0.0951457	0.0951592	0.0951726	0.0951924	0.0952121	0.0952121	0.0952121	0.0952123	0.0952125	0.0952213	
0.119036	0.119045	0.119037	0.119028	0.119007	0.118985	0.118964	0.118944	0.11891	0.118876	0.118848	0.11882	0.118774	0.118728	0.118686	0.118643	0.118584	0.118525	0.118473	0.11842	0.118358	0.118296	0.118239	0.118181	0.118129	0.118077	0.11803	0.117983	0.11796	0.117937	0.117919	0.1179	0.117918	0.117935	0.117952	0.117968	0.118016	0.118063	0.118106	0.11815	0.11821	0.11827	0.118327	0.118383	0.118441	0.118499	0.118555	0.118611	0.118659	0.118708	0.118756	0.118803	0.118836	0.118869	0.118904	0.118939	0.118956	0.118972	0.11899	0.119008	0.11901	0.119012	0.11902	0.119027	0.119036	
0.142864	0.142864	0.142857	0.14285	0.142829	0.142808	0.142786	0.142764	0.142726	0.142687	0.142655	0.142623	0.14257	0.142516	0.142468	0.14242	0.142351	0.142281	0.142219	0.142157	0.142083	0.142008	0.14194	0.141871	0.141807	0.141742	0.141684	0.141627	0.141598	0.14157	0.141547	0.141524	0.141547	0.14157	0.14159	0.14161	0.141669	0.141728	0.141781	0.141834	0.141907	0.14198	0.142047	0.142113	0.142182	0.142251	0.142317	0.142382	0.142438	0.142494	0.142547	0.1426	0.142638	0.142676	0.142714	0.142752	0.142772	0.142792	0.142812	0.142832	0.14284	0.142848	0.142856	0.142864	0.142864	
0.166692	0.166683	0.166677	0.166671	0.166651	0.16663	0.166607	0.166584	0.166541	0.166499	0.166463	0.166427	0.166365	0.166304	0.166251	0.166197	0.166117	0.166038	0.165966	0.165894	0.165807	0.16572	0.165641	0.165561	0.165484	0.165407	0.165339	0.16527	0.165236	0.165203	0.165175	0.165148	0.165177	0.165205	0.165228	0.165251	0.165322	0.165393	0.165455	0.165518	0.165604	0.16569	0.165767	0.165844	0.165924	0.166004	0.166078	0.166153	0.166217	0.166281	0.166339	0.166397	0.16644	0.166482	0.166524	0.166565	0.166588	0.166612	0.166635	0.166657	0.16667	0.166684	0.166692	0.166701	0.166692	
0.190535	0.190523	0.190519	0.190515	0.190494	0.190472	0.190449	0.190427	0.190381	0.190335	0.190298	0.190261	0.190195	0.190129	0.190073	0.190017	0.18993	0.189842	0.189765	0.189688	0.189586	0.189485	0.189396	0.189307	0.189215	0.189124	0.189044	0.188964	0.188922	0.18888	0.188849	0.188818	0.188853	0.188889	0.188918	0.188947	0.189031	0.189116	0.189188	0.189261	0.18936	0.189459	0.189545	0.189631	0.189722	0.189812	0.189891	0.189971	0.190039	0.190107	0.190168	0.190229	0.190274	0.19032	0.190361	0.190402	0.190428	0.190454	0.190477	0.1905	0.190514	0.190527	0.190537	0.190547	0.190535	
0.214378	0.214363	0.214361	0.214359	0.214337	0.214314	0.214291	0.214269	0.21422	0.214171	0.214134	0.214096	0.214025	0.213954	0.213896	0.213837	0.213742	0.213647	0.213564	0.213482	0.213366	0.21325	0.213151	0.213053	0.212946	0.21284	0.212749	0.212657	0.212607	0.212556	0.212522	0.212487	0.21253	0.212573	0.212608	0.212643	0.212741	0.212839	0.212921	0.213004	0.213116	0.213227	0.213323	0.213419	0.21352	0.21362	0.213704	0.213789	0.213861	0.213933	0.213997	0.214061	0.214109	0.214157	0.214198	0.21424	0.214269	0.214297	0.21432	0.214343	0.214357	0.21437	0.214382	0.214393	0.214378	
0.238227	0.238211	0.23821	0.238209	0.238187	0.238165	0.238146	0.238127	0.238079	0.238032	0.237997	0.237962	0.237889	0.237817	0.237762	0.237707	0.237606	0.237505	0.237424	0.237344	0.237218	0.237092	0.236986	0.236881	0.236756	0.23663	0.236529	0.236427	0.236365	0.236303	0.236264	0.236224	0.236278	0.236333	0.236373	0.236413	0.236526	0.23664	0.236732	0.236825	0.23695	0.237076	0.237177	0.237278	0.237382	0.237486	0.237571	0.237656	0.23773	0.237804	0.237866	0.237927	0.237975	0.238023	0.238063	0.238102	0.238129	0.238156	0.238177	0.238198	0.23821	0.238223	0.238233	0.238244	0.238227	
0.262076	0.262058	0.262059	0.262059	0.262037	0.262016	0.262001	0.261985	0.261939	0.261892	0.261859	0.261827	0.261753	0.26168	0.261628	0.261576	0.26147	0.261364	0.261285	0.261206	0.261069	0.260933	0.260821	0.260709	0.260565	0.260421	0.260308	0.260196	0.260123	0.26005	0.260006	0.259962	0.260027	0.260092	0.260138	0.260183	0.260312	0.260441	0.260543	0.260645	0.260785	0.260924	0.26103	0.261137	0.261245	0.261353	0.261438	0.261523	0.261599	0.261675	0.261734	0.261793	0.261842	0.26189	0.261927	0.261964	0.26199	0.262015	0.262034	0.262053	0.262064	0.262076	0.262085	0.262095	0.262076	
0.285922	0.285904	0.285906	0.285909	0.285889	0.285868	0.285859	0.28585	0.285807	0.285765	0.285742	0.28572	0.285651	0.285582	0.285539	0.285496	0.285392	0.285288	0.285217	0.285145	0.285003	0.28486	0.284751	0.284642	0.284481	0.28432	0.284195	0.284071	0.28398	0.28389	0.283842	0.283795	0.283877	0.283958	0.284014	0.28407	0.284216	0.284362	0.284471	0.28458	0.284724	0.284868	0.284973	0.285077	0.285185	0.285293	0.285371	0.285448	0.285521	0.285593	0.285644	0.285694	0.285735	0.285777	0.285806	0.285834	0.285856	0.285877	0.285891	0.285905	0.285914	0.285923	0.285931	0.285939	0.285922	
0.309767	0.30975	0.309754	0.309759	0.30974	0.309721	0.309717	0.309714	0.309676	0.309637	0.309626	0.309614	0.309549	0.309484	0.30945	0.309416	0.309314	0.309212	0.309148	0.309085	0.308937	0.308788	0.308681	0.308575	0.308397	0.308219	0.308082	0.307945	0.307837	0.307729	0.307679	0.307628	0.307726	0.307824	0.307891	0.307957	0.30812	0.308282	0.308398	0.308514	0.308663	0.308812	0.308915	0.309017	0.309126	0.309234	0.309304	0.309374	0.309443	0.309512	0.309553	0.309594	0.309629	0.309664	0.309684	0.309704	0.309721	0.309739	0.309748	0.309758	0.309765	0.309771	0.309777	0.309784	0.309767	
0.333588	0.333571	0.333578	0.333586	0.333571	0.333556	0.33356	0.333565	0.333536	0.333506	0.333508	0.33351	0.333457	0.333404	0.333393	0.333383	0.333292	0.333201	0.333161	0.333121	0.332972	0.332824	0.332735	0.332646	0.332447	0.332249	0.332109	0.33197	0.331835	0.331699	0.331644	0.331589	0.331714	0.331838	0.331909	0.331979	0.332157	0.332335	0.332451	0.332568	0.332718	0.332868	0.33296	0.333052	0.333151	0.33325	0.333302	0.333354	0.333406	0.333457	0.333481	0.333505	0.333529	0.333553	0.33356	0.333567	0.333577	0.333586	0.333589	0.333591	0.333594	0.333596	0.3336	0.333604	0.333588	
0.357408	0.357393	0.357403	0.357413	0.357402	0.357391	0.357403	0.357416	0.357396	0.357375	0.357391	0.357407	0.357365	0.357324	0.357337	0.35735	0.357271	0.357191	0.357174	0.357157	0.357008	0.35686	0.356789	0.356718	0.356498	0.356278	0.356137	0.355995	0.355832	0.35567	0.35561	0.355551	0.355701	0.355852	0.355927	0.356001	0.356194	0.356387	0.356504	0.356621	0.356773	0.356925	0.357005	0.357086	0.357176	0.357265	0.357299	0.357333	0.357368	0.357403	0.357409	0.357415	0.357428	0.357441	0.357436	0.357431	0.357432	0.357434	0.357429	0.357425	0.357423	0.357421	0.357423	0.357424	0.357408	
0.381176	0.381163	0.381176	0.381189	0.381185	0.381181	0.381207	0.381232	0.381225	0.381218	0.381255	0.381292	0.381269	0.381246	0.381289	0.381332	0.381277	0.381222	0.381251	0.381281	0.381155	0.38103	0.381008	0.380985	0.380754	0.380523	0.380387	0.380252	0.38005	0.379849	0.379782	0.379715	0.379908	0.380101	0.380185	0.38027	0.380465	0.38066	0.380762	0.380864	0.380996	0.381128	0.381173	0.381219	0.381279	0.381339	0.381338	0.381337	0.381349	0.381361	0.38134	0.38132	0.381314	0.381309	0.381285	0.381261	0.381251	0.38124	0.381224	0.381208	0.381201	0.381194	0.381192	0.381189	0.381176	
0.404943	0.404932	0.404949	0.404965	0.404969	0.404972	0.405011	0.405049	0.405055	0.405061	0.405119	0.405177	0.405172	0.405168	0.405241	0.405313	0.405283	0.405253	0.405329	0.405405	0.405303	0.4052	0.405226	0.405253	0.40501	0.404767	0.404638	0.404509	0.404268	0.404028	0.403954	0.40388	0.404115	0.40435	0.404444	0.404538	0.404735	0.404933	0.40502	0.405107	0.405219	0.405331	0.405341	0.405351	0.405382	0.405413	0.405377	0.405341	0.40533	0.405318	0.405271	0.405225	0.405201	0.405177	0.405135	0.405092	0.405069	0.405046	0.405018	0.404991	0.404979	0.404967	0.404961	0.404955	0.404943	
0.428631	0.428622	0.428642	0.428662	0.428673	0.428685	0.428735	0.428784	0.428807	0.428831	0.428913	0.428995	0.429021	0.429047	0.429164	0.429281	0.429295	0.429309	0.429458	0.429606	0.429552	0.429498	0.429627	0.429755	0.429519	0.429283	0.42923	0.429178	0.428893	0.428609	0.4285	0.428391	0.428661	0.42893	0.428998	0.429065	0.429251	0.429437	0.429481	0.429525	0.429595	0.429666	0.429615	0.429565	0.429543	0.429521	0.429433	0.429344	0.429294	0.429244	0.429159	0.429075	0.429026	0.428978	0.428912	0.428847	0.428811	0.428775	0.428735	0.428696	0.428678	0.42866	0.42865	0.42864	0.428631	
0.452318	0.452312	0.452335	0.452358	0.452378	0.452397	0.452458	0.45252	0.45256	0.4526	0.452707	0.452814	0.45287	0.452926	0.453088	0.45325	0.453308	0.453366	0.453587	0.453807	0.453801	0.453795	0.454027	0.454258	0.454028	0.453798	0.453822	0.453847	0.453518	0.45319	0.453046	0.452902	0.453206	0.45351	0.453551	0.453593	0.453767	0.453941	0.453942	0.453943	0.453972	0.454001	0.45389	0.453778	0.453703	0.453629	0.453488	0.453347	0.453258	0.453169	0.453047	0.452925	0.452852	0.452779	0.45269	0.452602	0.452553	0.452504	0.452452	0.452401	0.452377	0.452353	0.452339	0.452325	0.452318	
0.475893	0.47589	0.475916	0.475942	0.475971	0.476	0.476074	0.476147	0.476206	0.476265	0.476398	0.476531	0.476622	0.476712	0.476925	0.477138	0.477251	0.477365	0.477686	0.478007	0.478088	0.478168	0.47861	0.479052	0.478837	0.478622	0.478867	0.479111	0.478737	0.478362	0.478154	0.477946	0.478276	0.478606	0.478581	0.478555	0.478647	0.478739	0.47865	0.47856	0.478499	0.478437	0.478221	0.478005	0.477856	0.477707	0.477496	0.477285	0.477145	0.477005	0.476841	0.476677	0.476575	0.476473	0.476361	0.476249	0.476185	0.476121	0.476057	0.475994	0.475964	0.475934	0.475915	0.475896	0.475893	
0.499468	0.499468	0.499497	0.499525	0.499564	0.499603	0.499689	0.499774	0.499852	0.49993	0.500089	0.500248	0.500373	0.500498	0.500762	0.501025	0.501194	0.501363	0.501785	0.502206	0.502374	0.502542	0.503194	0.503845	0.503646	0.503446	0.503911	0.504376	0.503955	0.503534	0.503262	0.50299	0.503346	0.503702	0.50361	0.503518	0.503528	0.503538	0.503358	0.503178	0.503025	0.502872	0.502553	0.502233	0.502009	0.501784	0.501503	0.501222	0.501032	0.500841	0.500635	0.500429	0.500299	0.500168	0.500032	0.499897	0.499818	0.499739	0.499663	0.499586	0.49955	0.499514	0.499491	0.499468	0.499468	
0.522912	0.522915	0.522945	0.522975	0.523022	0.523068	0.523162	0.523257	0.523352	0.523447	0.523625	0.523803	0.523962	0.52412	0.524429	0.524738	0.52498	0.525222	0.525772	0.526322	0.526686	0.527049	0.528148	0.529247	0.529099	0.528951	0.530041	0.531131	0.530664	0.530197	0.529743	0.529289	0.529506	0.529723	0.529291	0.528859	0.528668	0.528477	0.52816	0.527843	0.52757	0.527296	0.526837	0.526378	0.526052	0.525725	0.525365	0.525005	0.524761	0.524517	0.524271	0.524025	0.523868	0.52371	0.523555	0.523399	0.523307	0.523216	0.52313	0.523045	0.523004	0.522963	0.522936	0.52291	0.522912	
0.546357	0.546362	0.546394	0.546425	0.546479	0.546534	0.546636	0.546739	0.546852	0.546964	0.547161	0.547359	0.54755	0.547742	0.548097	0.548451	0.548765	0.54908	0.549759	0.550439	0.550997	0.551556	0.553103	0.554649	0.554553	0.554456	0.556172	0.557887	0.557374	0.55686	0.556224	0.555588	0.555667	0.555745	0.554973	0.554201	0.553808	0.553415	0.552962	0.552509	0.552114	0.55172	0.551122	0.550524	0.550095	0.549665	0.549226	0.548787	0.54849	0.548193	0.547907	0.547621	0.547437	0.547253	0.547077	0.546902	0.546797	0.546692	0.546598	0.546503	0.546457	0.546411	0.546381	0.546352	0.546357	
0.569653	0.56966	0.569692	0.569724	0.569782	0.56984	0.569946	0.570052	0.570175	0.570298	0.570502	0.570706	0.570917	0.571128	0.571507	0.571885	0.572257	0.572628	0.573413	0.574197	0.57496	0.575723	0.577712	0.579702	0.580579	0.581456	0.58505	0.588645	0.587371	0.586096	0.584068	0.582039	0.58197	0.581901	0.580914	0.579928	0.579148	0.578369	0.577725	0.57708	0.576517	0.575954	0.575165	0.574376	0.573842	0.573309	0.572814	0.572319	0.571974	0.571628	0.571317	0.571006	0.570804	0.570601	0.570414	0.570227	0.570115	0.570004	0.569905	0.569805	0.569757	0.569709	0.569677	0.569645	0.569653	
0.592948	0.592958	0.59299	0.593022	0.593084	0.593147	0.593256	0.593365	0.593498	0.593631	0.593842	0.594053	0.594284	0.594514	0.594917	0.59532	0.595748	0.596177	0.597066	0.597956	0.598923	0.59989	0.602322	0.604754	0.606605	0.608456	0.613929	0.619402	0.617368	0.615333	0.611912	0.60849	0.608273	0.608057	0.606856	0.605655	0.604489	0.603323	0.602487	0.601652	0.600921	0.600189	0.599208	0.598227	0.59759	0.596952	0.596402	0.595852	0.595457	0.595062	0.594726	0.59439	0.59417	0.59395	0.593751	0.593552	0.593433	0.593315	0.593211	0.593107	0.593057	0.593007	0.592973	0.592939	0.592948	
0.616083	0.616093	0.61612	0.616147	0.616208	0.616269	0.616368	0.616468	0.616596	0.616724	0.616918	0.617112	0.617336	0.617561	0.617926	0.61829	0.618705	0.61912	0.619899	0.620678	0.621648	0.622619	0.625457	0.628294	0.633274	0.638254	0.644637	0.651019	0.648505	0.64599	0.640449	0.634908	0.633219	0.631531	0.630815	0.630098	0.628773	0.627447	0.626696	0.625945	0.625038	0.62413	0.622869	0.621608	0.620859	0.620109	0.619528	0.618946	0.618541	0.618136	0.617805	0.617473	0.617256	0.617039	0.616849	0.61666	0.616547	0.616433	0.616333	0.616234	0.616186	0.616139	0.616105	0.616072	0.616083	
0.639217	0.639229	0.639251	0.639273	0.639332	0.639391	0.639481	0.63957	0.639694	0.639817	0.639994	0.64017	0.640389	0.640608	0.640934	0.64126	0.641662	0.642064	0.642732	0.6434	0.644374	0.645348	0.648592	0.651835	0.659944	0.668052	0.675344	0.682637	0.679642	0.676647	0.668986	0.661325	0.658165	0.655005	0.654773	0.654541	0.653057	0.651572	0.650906	0.650239	0.649155	0.648071	0.64653	0.644988	0.644128	0.643267	0.642654	0.642041	0.641626	0.641211	0.640884	0.640556	0.640342	0.640128	0.639948	0.639768	0.63966	0.639551	0.639456	0.63936	0.639315	0.639271	0.639238	0.639205	0.639217	
0.662226	0.662237	0.662253	0.662269	0.662321	0.662372	0.662443	0.662513	0.662618	0.662724	0.66286	0.662997	0.663177	0.663357	0.663594	0.663831	0.664132	0.664434	0.664848	0.665262	0.665863	0.666465	0.668283	0.670101	0.676069	0.682037	0.688126	0.694216	0.690758	0.6873	0.681785	0.676271	0.678384	0.680497	0.679489	0.678481	0.677222	0.675963	0.675562	0.675161	0.673197	0.671232	0.669428	0.667624	0.666701	0.665777	0.665235	0.664694	0.664315	0.663935	0.663656	0.663376	0.663189	0.663003	0.662849	0.662696	0.662603	0.662511	0.662429	0.662347	0.66231	0.662273	0.662243	0.662214	0.662226	
0.685235	0.685246	0.685256	0.685266	0.685309	0.685353	0.685404	0.685456	0.685543	0.68563	0.685727	0.685824	0.685964	0.686105	0.686253	0.686401	0.686602	0.686804	0.686963	0.687123	0.687352	0.687581	0.687974	0.688367	0.692194	0.696021	0.700908	0.705794	0.701873	0.698018	0.692384	0.690139	0.695721	0.703441	0.704825	0.700304	0.698639	0.700293	0.69985	0.700084	0.697238	0.694392	0.692326	0.69026	0.689273	0.688286	0.687816	0.687346	0.687003	0.68666	0.686428	0.686195	0.686037	0.685878	0.685751	0.685623	0.685546	0.68547	0.685402	0.685335	0.685305	0.685275	0.685249	0.685223	0.685235	
0.70815	0.708157	0.708162	0.708167	0.7082	0.708232	0.708259	0.708286	0.708346	0.708406	0.708454	0.708501	0.708589	0.708678	0.708728	0.708778	0.708878	0.708977	0.708929	0.708881	0.708824	0.708767	0.708193	0.707618	0.708741	0.709864	0.711744	0.713624	0.711927	0.709782	0.707169	0.711546	0.724277	0.735785	0.735601	0.730913	0.720821	0.723714	0.726812	0.723491	0.719894	0.716298	0.714072	0.711846	0.711036	0.710226	0.709912	0.709598	0.709358	0.709118	0.708963	0.708808	0.7087	0.708592	0.708505	0.708418	0.708367	0.708316	0.708267	0.708219	0.708201	0.708183	0.708163	0.708144	0.70815	
0.731066	0.731069	0.731069	0.731069	0.73109	0.731112	0.731114	0.731116	0.731149	0.731182	0.73118	0.731179	0.731214	0.73125	0.731203	0.731155	0.731153	0.731151	0.730895	0.73064	0.730296	0.729953	0.728411	0.726869	0.725289	0.723708	0.722581	0.721455	0.721981	0.722152	0.724381	0.735676	0.750445	0.749483	0.765433	0.748846	0.739259	0.740839	0.746714	0.747836	0.742864	0.738204	0.735817	0.733431	0.732798	0.732165	0.732007	0.731849	0.731712	0.731575	0.731498	0.731421	0.731363	0.731306	0.73126	0.731213	0.731188	0.731163	0.731133	0.731103	0.731097	0.731092	0.731078	0.731064	0.731066	
0.753945	0.753944	0.753936	0.753928	0.753937	0.753945	0.753921	0.753898	0.753902	0.753906	0.753854	0.753802	0.753785	0.753768	0.753631	0.753493	0.753401	0.75331	0.752899	0.752488	0.752055	0.751622	0.75008	0.748537	0.747363	0.746188	0.744265	0.742342	0.742119	0.735701	0.736795	0.750753	0.759874	0.760533	0.764584	0.759624	0.747027	0.747662	0.753462	0.758189	0.757311	0.755088	0.754527	0.753966	0.753903	0.75384	0.753875	0.75391	0.753914	0.753918	0.753929	0.753941	0.753946	0.75395	0.753951	0.753952	0.753957	0.753962	0.753954	0.753946	0.753953	0.75396	0.753953	0.753946	0.753945	
0.776824	0.77682	0.776804	0.776788	0.776783	0.776778	0.776729	0.77668	0.776655	0.77663	0.776527	0.776425	0.776356	0.776286	0.776058	0.775831	0.775649	0.775468	0.774902	0.774337	0.773814	0.773291	0.771749	0.770206	0.769437	0.768668	0.765949	0.763229	0.762258	0.760303	0.761561	0.769116	0.779621	0.758107	0.757278	0.755322	0.746267	0.749292	0.756996	0.765252	0.770254	0.771972	0.773236	0.7745	0.775007	0.775514	0.775743	0.775971	0.776116	0.77626	0.776361	0.776461	0.776528	0.776595	0.776643	0.776691	0.776725	0.77676	0.776775	0.77679	0.776809	0.776829	0.776829	0.776828	0.776824	
0.799724	0.799721	0.799697	0.799672	0.799655	0.799637	0.799569	0.7995	0.79945	0.7994	0.799264	0.799127	0.799018	0.798909	0.798636	0.798364	0.798133	0.797901	0.797319	0.796737	0.796218	0.795698	0.794353	0.793008	0.792432	0.791857	0.790354	0.788851	0.788594	0.790655	0.794744	0.805808	0.775038	0.786154	0.754787	0.747268	0.747228	0.75405	0.768329	0.781953	0.788824	0.79254	0.794195	0.795849	0.796644	0.797439	0.797825	0.798212	0.798461	0.79871	0.798888	0.799065	0.799181	0.799297	0.799384	0.799472	0.799531	0.79959	0.799626	0.799662	0.799689	0.799717	0.799721	0.799726	0.799724	
0.822623	0.822622	0.82259	0.822557	0.822527	0.822497	0.822408	0.82232	0.822245	0.822171	0.822	0.82183	0.821681	0.821532	0.821214	0.820897	0.820616	0.820335	0.819737	0.819138	0.818622	0.818105	0.816958	0.81581	0.815428	0.815045	0.814759	0.814473	0.81493	0.815372	0.816844	0.816194	0.817737	0.807983	0.782784	0.764709	0.762908	0.774012	0.792575	0.807371	0.81024	0.813108	0.815153	0.817198	0.818281	0.819364	0.819908	0.820453	0.820807	0.82116	0.821415	0.821669	0.821834	0.821999	0.822126	0.822253	0.822336	0.82242	0.822477	0.822533	0.822569	0.822604	0.822614	0.822624	0.822623	
0.845599	0.845601	0.845565	0.845528	0.84549	0.845451	0.845352	0.845253	0.845164	0.845075	0.844888	0.844701	0.844533	0.844366	0.844035	0.843705	0.843412	0.843118	0.842545	0.841971	0.841482	0.840993	0.840026	0.839059	0.838627	0.838195	0.83786	0.837526	0.83742	0.837077	0.837014	0.836019	0.831993	0.821345	0.805661	0.794693	0.797173	0.809134	0.82182	0.83198	0.834152	0.836323	0.838141	0.839959	0.840968	0.841977	0.842558	0.843138	0.843521	0.843903	0.844191	0.844478	0.844666	0.844855	0.845005	0.845155	0.845252	0.84535	0.84542	0.845491	0.845531	0.845571	0.845584	0.845596	0.845599	
0.868575	0.868581	0.86854	0.868499	0.868452	0.868406	0.868296	0.868187	0.868082	0.867978	0.867775	0.867572	0.867385	0.867199	0.866857	0.866514	0.866207	0.865901	0.865353	0.864804	0.864342	0.86388	0.863094	0.862309	0.861826	0.861344	0.860961	0.860578	0.85991	0.859279	0.859286	0.857656	0.850481	0.840805	0.833409	0.831089	0.836799	0.846512	0.851551	0.85659	0.858064	0.859538	0.861129	0.862719	0.863655	0.864591	0.865207	0.865824	0.866235	0.866646	0.866967	0.867288	0.867499	0.86771	0.867883	0.868056	0.868168	0.86828	0.868364	0.868449	0.868494	0.868538	0.868554	0.868569	0.868575	
0.891672	0.891676	0.891634	0.891592	0.891541	0.89149	0.891379	0.891269	0.891166	0.891063	0.890862	0.890662	0.890476	0.89029	0.889963	0.889635	0.889345	0.889055	0.888558	0.888061	0.887656	0.887251	0.886596	0.885941	0.885502	0.885063	0.884701	0.88434	0.883538	0.88245	0.881741	0.879976	0.875484	0.870453	0.867578	0.867376	0.870304	0.87467	0.877907	0.881145	0.882375	0.883605	0.884905	0.886204	0.886988	0.887773	0.888347	0.888922	0.889311	0.889699	0.890019	0.890338	0.890553	0.890767	0.890943	0.891119	0.891233	0.891347	0.89144	0.891532	0.89158	0.891627	0.891647	0.891667	0.891672	
0.914769	0.914772	0.914729	0.914686	0.91463	0.914574	0.914462	0.914351	0.914249	0.914148	0.91395	0.913752	0.913567	0.913382	0.913069	0.912756	0.912483	0.91221	0.911764	0.911319	0.91097	0.910621	0.910097	0.909574	0.909178	0.908782	0.908442	0.908101	0.907167	0.906232	0.905618	0.905004	0.902759	0.900514	0.900595	0.900677	0.901753	0.902828	0.904264	0.905699	0.906686	0.907672	0.908681	0.909689	0.910322	0.910955	0.911488	0.912021	0.912387	0.912752	0.913071	0.913389	0.913606	0.913824	0.914003	0.914182	0.914298	0.914415	0.914516	0.914616	0.914666	0.914717	0.914741	0.914766	0.914769	
0.938024	0.938026	0.937987	0.937948	0.937896	0.937843	0.937739	0.937635	0.937534	0.937433	0.937251	0.937068	0.936899	0.936731	0.936456	0.936182	0.935945	0.935708	0.935333	0.934958	0.934662	0.934367	0.93396	0.933553	0.933229	0.932904	0.932646	0.932388	0.931684	0.93098	0.930474	0.929968	0.928402	0.926835	0.926965	0.927096	0.927811	0.928526	0.929525	0.930524	0.931263	0.932001	0.93278	0.933558	0.934069	0.934579	0.935043	0.935506	0.935823	0.936141	0.936432	0.936724	0.936919	0.937114	0.937289	0.937463	0.937571	0.93768	0.937777	0.937874	0.937922	0.93797	0.937996	0.938022	0.938024	
0.961279	0.96128	0.961245	0.961211	0.961161	0.961112	0.961015	0.960919	0.960818	0.960718	0.960552	0.960385	0.960232	0.960079	0.959844	0.959609	0.959408	0.959206	0.958902	0.958598	0.958355	0.958113	0.957822	0.957532	0.957279	0.957027	0.956851	0.956675	0.956201	0.955728	0.95533	0.954932	0.954044	0.953156	0.953335	0.953514	0.953869	0.954224	0.954786	0.955349	0.95584	0.95633	0.956879	0.957428	0.957816	0.958204	0.958597	0.958991	0.95926	0.959529	0.959794	0.960059	0.960232	0.960405	0.960574	0.960743	0.960844	0.960946	0.961039	0.961133	0.961178	0.961224	0.961251	0.961278	0.961279	
0.984683	0.984682	0.984654	0.984625	0.984581	0.984537	0.984454	0.984371	0.984284	0.984197	0.984056	0.983915	0.983786	0.983657	0.983463	0.983268	0.983104	0.98294	0.982703	0.982466	0.98228	0.982094	0.981882	0.981671	0.981485	0.981299	0.981196	0.981094	0.980786	0.980477	0.980269	0.980061	0.979468	0.978875	0.978931	0.978987	0.979153	0.97932	0.979685	0.980051	0.980366	0.98068	0.981089	0.981498	0.981788	0.982077	0.982398	0.982718	0.982934	0.98315	0.983379	0.983608	0.983753	0.983899	0.98405	0.984202	0.984289	0.984377	0.984463	0.98455	0.984589	0.984629	0.984656	0.984683	0.984683	
1.00809	1.00808	1.00806	1.00804	1.008	1.00796	1.00789	1.00782	1.00775	1.00768	1.00756	1.00745	1.00734	1.00724	1.00708	1.00693	1.0068	1.00667	1.0065	1.00634	1.0062	1.00607	1.00594	1.00581	1.00569	1.00557	1.00554	1.00551	1.00537	1.00523	1.00521	1.00519	1.00489	1.00459	1.00453	1.00446	1.00444	1.00442	1.00458	1.00475	1.00489	1.00503	1.0053	1.00557	1.00576	1.00595	1.0062	1.00644	1.00661	1.00677	1.00696	1.00716	1.00727	1.00739	1.00753	1.00766	1.00773	1.00781	1.00789	1.00797	1.008	1.00803	1.00806	1.00809	1.00809	
1.03163	1.03163	1.03161	1.0316	1.03156	1.03153	1.03148	1.03142	1.03136	1.0313	1.03122	1.03113	1.03105	1.03097	1.03085	1.03074	1.03065	1.03055	1.03044	1.03033	1.03024	1.03015	1.03008	1.03001	1.02993	1.02986	1.02988	1.02989	1.0298	1.02971	1.02974	1.02977	1.02955	1.02934	1.02926	1.02919	1.02912	1.02904	1.02913	1.02921	1.02927	1.02933	1.02952	1.0297	1.02982	1.02995	1.03013	1.03032	1.03044	1.03056	1.03071	1.03087	1.03096	1.03105	1.03116	1.03127	1.03133	1.03139	1.03146	1.03153	1.03155	1.03158	1.03161	1.03163	1.03163	
1.05517	1.05517	1.05516	1.05515	1.05513	1.0551	1.05506	1.05502	1.05498	1.05493	1.05487	1.05481	1.05475	1.0547	1.05462	1.05455	1.05449	1.05444	1.05438	1.05432	1.05427	1.05423	1.05422	1.0542	1.05418	1.05415	1.05421	1.05427	1.05424	1.0542	1.05427	1.05434	1.05421	1.05408	1.054	1.05392	1.0538	1.05367	1.05367	1.05367	1.05365	1.05364	1.05373	1.05383	1.05389	1.05394	1.05407	1.0542	1.05427	1.05434	1.05446	1.05458	1.05464	1.0547	1.05479	1.05489	1.05493	1.05497	1.05503	1.05509	1.05511	1.05513	1.05515	1.05518	1.05517	
1.07884	1.07884	1.07883	1.07883	1.07881	1.07879	1.07877	1.07874	1.07871	1.07868	1.07864	1.0786	1.07857	1.07853	1.07849	1.07845	1.07842	1.07839	1.07837	1.07835	1.07834	1.07833	1.07835	1.07838	1.07838	1.07838	1.07847	1.07855	1.07854	1.07853	1.07861	1.07869	1.0786	1.07851	1.07843	1.07834	1.07821	1.07808	1.07804	1.07801	1.07795	1.07789	1.07793	1.07798	1.07799	1.078	1.07808	1.07816	1.0782	1.07823	1.07832	1.0784	1.07844	1.07848	1.07855	1.07862	1.07865	1.07868	1.07872	1.07877	1.07879	1.0788	1.07882	1.07884	1.07884	
1.1025	1.1025	1.1025	1.10251	1.10249	1.10248	1.10247	1.10246	1.10244	1.10243	1.10241	1.1024	1.10238	1.10236	1.10236	1.10235	1.10235	1.10235	1.10237	1.10239	1.10241	1.10242	1.10249	1.10255	1.10258	1.10262	1.10272	1.10282	1.10285	1.10287	1.10295	1.10303	1.10299	1.10295	1.10286	1.10276	1.10262	1.10248	1.10241	1.10234	1.10224	1.10214	1.10213	1.10213	1.10209	1.10205	1.10209	1.10213	1.10212	1.10212	1.10218	1.10223	1.10224	1.10225	1.1023	1.10235	1.10237	1.10238	1.10242	1.10246	1.10246	1.10247	1.10249	1.10251	1.1025	
1.12626	1.12625	1.12626	1.12627	1.12626	1.12626	1.12626	1.12626	1.12625	1.12625	1.12625	1.12626	1.12625	1.12625	1.12627	1.12629	1.1263	1.12632	1.12637	1.12641	1.12644	1.12648	1.12656	1.12665	1.1267	1.12674	1.12685	1.12696	1.12699	1.12702	1.1271	1.12718	1.12714	1.1271	1.12702	1.12694	1.12681	1.12667	1.12659	1.12651	1.12639	1.12628	1.12625	1.12621	1.12615	1.12609	1.1261	1.12611	1.12608	1.12606	1.12609	1.12612	1.12611	1.1261	1.12614	1.12617	1.12617	1.12617	1.1262	1.12623	1.12623	1.12623	1.12625	1.12626	1.12626	
1.15001	1.15001	1.15002	1.15003	1.15003	1.15003	1.15004	1.15006	1.15006	1.15007	1.15009	1.15012	1.15013	1.15015	1.15019	1.15023	1.15026	1.15029	1.15036	1.15043	1.15048	1.15053	1.15064	1.15075	1.15081	1.15086	1.15098	1.1511	1.15114	1.15117	1.15125	1.15133	1.15129	1.15125	1.15119	1.15112	1.15099	1.15086	1.15077	1.15068	1.15055	1.15042	1.15036	1.1503	1.15022	1.15014	1.15012	1.15009	1.15005	1.15	1.15	1.15	1.14998	1.14995	1.14997	1.14998	1.14997	1.14996	1.14998	1.15	1.14999	1.14999	1.15	1.15002	1.15001	
1.17383	1.17382	1.17384	1.17386	1.17386	1.17386	1.17388	1.17391	1.17392	1.17393	1.17397	1.174	1.17403	1.17405	1.17411	1.17416	1.17421	1.17425	1.17433	1.17442	1.17447	1.17453	1.17465	1.17476	1.17482	1.17488	1.175	1.17511	1.17515	1.17519	1.17526	1.17533	1.1753	1.17527	1.17521	1.17515	1.17503	1.17491	1.17482	1.17473	1.1746	1.17447	1.1744	1.17433	1.17424	1.17414	1.1741	1.17406	1.174	1.17394	1.17393	1.17392	1.17388	1.17384	1.17384	1.17385	1.17383	1.17381	1.17382	1.17383	1.17382	1.17381	1.17382	1.17383	1.17383	
1.19764	1.19764	1.19766	1.19768	1.19769	1.19769	1.19772	1.19776	1.19777	1.19779	1.19784	1.19789	1.19792	1.19795	1.19802	1.1981	1.19815	1.1982	1.1983	1.1984	1.19847	1.19853	1.19865	1.19877	1.19884	1.1989	1.19901	1.19913	1.19917	1.1992	1.19927	1.19933	1.1993	1.19928	1.19923	1.19918	1.19907	1.19897	1.19887	1.19878	1.19865	1.19852	1.19844	1.19836	1.19825	1.19815	1.19809	1.19803	1.19796	1.19788	1.19785	1.19783	1.19778	1.19773	1.19772	1.19771	1.19768	1.19765	1.19765	1.19766	1.19764	1.19763	1.19764	1.19765	1.19764	
1.22149	1.22149	1.22151	1.22153	1.22154	1.22155	1.22158	1.22162	1.22164	1.22166	1.22172	1.22177	1.22181	1.22185	1.22193	1.222	1.22206	1.22212	1.22222	1.22232	1.22239	1.22245	1.22257	1.22269	1.22275	1.22282	1.22293	1.22304	1.22307	1.22311	1.22316	1.22322	1.2232	1.22317	1.22313	1.22309	1.22299	1.22289	1.2228	1.22271	1.22259	1.22247	1.22239	1.2223	1.2222	1.22209	1.22203	1.22196	1.22188	1.2218	1.22176	1.22173	1.22167	1.22162	1.2216	1.22158	1.22155	1.22152	1.22151	1.22151	1.22149	1.22148	1.22149	1.2215	1.22149	
1.24534	1.24533	1.24536	1.24538	1.24539	1.2454	1.24544	1.24548	1.24551	1.24553	1.24559	1.24565	1.2457	1.24574	1.24583	1.24591	1.24597	1.24603	1.24614	1.24624	1.24631	1.24637	1.24649	1.2466	1.24667	1.24673	1.24684	1.24694	1.24698	1.24701	1.24706	1.24712	1.24709	1.24707	1.24703	1.247	1.2469	1.24681	1.24673	1.24665	1.24653	1.24641	1.24633	1.24625	1.24614	1.24603	1.24596	1.24589	1.24581	1.24572	1.24568	1.24563	1.24557	1.24551	1.24548	1.24546	1.24542	1.24538	1.24538	1.24537	1.24535	1.24533	1.24534	1.24535	1.24534	
1.2692	1.26919	1.26921	1.26924	1.26925	1.26926	1.2693	1.26934	1.26937	1.2694	1.26946	1.26952	1.26957	1.26961	1.26969	1.26978	1.26984	1.26989	1.27	1.2701	1.27016	1.27023	1.27034	1.27045	1.27051	1.27056	1.27066	1.27076	1.27079	1.27082	1.27087	1.27091	1.27089	1.27087	1.27084	1.27081	1.27073	1.27064	1.27057	1.2705	1.27039	1.27028	1.2702	1.27012	1.27001	1.26991	1.26984	1.26977	1.26969	1.26961	1.26956	1.26951	1.26944	1.26938	1.26935	1.26933	1.26929	1.26925	1.26924	1.26923	1.26921	1.26919	1.26919	1.2692	1.2692	
1.29305	1.29305	1.29307	1.29309	1.29311	1.29312	1.29316	1.2932	1.29323	1.29326	1.29332	1.29339	1.29343	1.29348	1.29356	1.29364	1.2937	1.29376	1.29386	1.29395	1.29402	1.29408	1.29419	1.29429	1.29435	1.2944	1.29449	1.29457	1.2946	1.29463	1.29467	1.29471	1.29469	1.29467	1.29465	1.29462	1.29455	1.29448	1.29441	1.29435	1.29425	1.29414	1.29406	1.29398	1.29389	1.29379	1.29372	1.29365	1.29357	1.29349	1.29344	1.29339	1.29332	1.29326	1.29323	1.29319	1.29315	1.29311	1.2931	1.29309	1.29307	1.29305	1.29305	1.29306	1.29305	
1.3169	1.3169	1.31692	1.31694	1.31695	1.31697	1.31701	1.31705	1.31708	1.3171	1.31716	1.31722	1.31727	1.31731	1.31739	1.31746	1.31752	1.31757	1.31766	1.31775	1.31781	1.31787	1.31796	1.31806	1.31811	1.31815	1.31823	1.31831	1.31833	1.31836	1.31839	1.31843	1.31841	1.31839	1.31837	1.31835	1.31829	1.31823	1.31817	1.31811	1.31802	1.31793	1.31786	1.31779	1.3177	1.31761	1.31754	1.31748	1.3174	1.31733	1.31728	1.31723	1.31717	1.31711	1.31708	1.31705	1.31701	1.31697	1.31695	1.31694	1.31692	1.3169	1.3169	1.31691	1.3169	
1.34075	1.34075	1.34077	1.34079	1.3408	1.34081	1.34085	1.34089	1.34092	1.34095	1.341	1.34106	1.3411	1.34114	1.34121	1.34128	1.34133	1.34138	1.34147	1.34155	1.34161	1.34166	1.34174	1.34182	1.34187	1.34191	1.34198	1.34205	1.34207	1.34209	1.34212	1.34215	1.34213	1.34212	1.3421	1.34209	1.34203	1.34198	1.34193	1.34188	1.3418	1.34172	1.34166	1.34159	1.34151	1.34143	1.34137	1.3413	1.34123	1.34116	1.34112	1.34107	1.34101	1.34096	1.34093	1.3409	1.34086	1.34082	1.3408	1.34079	1.34077	1.34075	1.34075	1.34076	1.34075	
1.36459	1.36459	1.36461	1.36463	1.36464	1.36465	1.36468	1.36472	1.36474	1.36477	1.36482	1.36487	1.3649	1.36494	1.365	1.36506	1.36511	1.36515	1.36523	1.3653	1.36535	1.36539	1.36546	1.36554	1.36557	1.36561	1.36567	1.36573	1.36574	1.36576	1.36579	1.36581	1.3658	1.36579	1.36577	1.36576	1.36571	1.36567	1.36562	1.36558	1.36552	1.36545	1.36539	1.36534	1.36527	1.36519	1.36514	1.36509	1.36502	1.36496	1.36492	1.36488	1.36483	1.36478	1.36475	1.36472	1.36469	1.36465	1.36464	1.36463	1.36461	1.36459	1.36459	1.3646	1.36459	
1.38843	1.38843	1.38844	1.38846	1.38847	1.38848	1.38851	1.38854	1.38856	1.38858	1.38863	1.38867	1.3887	1.38873	1.38879	1.38885	1.38888	1.38892	1.38899	1.38905	1.38909	1.38912	1.38919	1.38925	1.38928	1.38931	1.38936	1.38941	1.38942	1.38943	1.38945	1.38948	1.38947	1.38945	1.38944	1.38943	1.3894	1.38936	1.38932	1.38929	1.38923	1.38918	1.38913	1.38908	1.38902	1.38896	1.38892	1.38887	1.38881	1.38876	1.38872	1.38868	1.38864	1.3886	1.38857	1.38855	1.38852	1.38849	1.38848	1.38846	1.38845	1.38843	1.38843	1.38843	1.38843	
1.41225	1.41225	1.41227	1.41228	1.41229	1.4123	1.41232	1.41235	1.41236	1.41238	1.41242	1.41245	1.41248	1.4125	1.41255	1.41259	1.41262	1.41266	1.41271	1.41276	1.41279	1.41282	1.41287	1.41292	1.41294	1.41296	1.413	1.41304	1.41305	1.41306	1.41308	1.4131	1.41309	1.41308	1.41307	1.41307	1.41304	1.41301	1.41298	1.41295	1.41291	1.41286	1.41282	1.41279	1.41274	1.41269	1.41265	1.41261	1.41257	1.41252	1.41249	1.41246	1.41243	1.41239	1.41237	1.41235	1.41233	1.4123	1.41229	1.41228	1.41227	1.41225	1.41226	1.41226	1.41225	
1.43608	1.43608	1.43609	1.4361	1.4361	1.43611	1.43613	1.43615	1.43616	1.43618	1.4362	1.43623	1.43625	1.43627	1.4363	1.43634	1.43636	1.43639	1.43643	1.43647	1.43649	1.43651	1.43655	1.43659	1.4366	1.43662	1.43665	1.43668	1.43669	1.4367	1.43671	1.43672	1.43672	1.43671	1.4367	1.4367	1.43668	1.43665	1.43663	1.43661	1.43658	1.43655	1.43652	1.43649	1.43645	1.43642	1.43639	1.43636	1.43632	1.43629	1.43626	1.43624	1.43621	1.43619	1.43617	1.43615	1.43613	1.43612	1.43611	1.4361	1.43609	1.43608	1.43608	1.43608	1.43608	
1.45989	1.45989	1.4599	1.4599	1.45991	1.45991	1.45993	1.45994	1.45995	1.45996	1.45997	1.45999	1.46001	1.46002	1.46004	1.46007	1.46008	1.4601	1.46013	1.46015	1.46017	1.46018	1.46021	1.46023	1.46024	1.46026	1.46027	1.46029	1.4603	1.4603	1.46031	1.46032	1.46032	1.46031	1.46031	1.46031	1.46029	1.46028	1.46026	1.46025	1.46023	1.4602	1.46019	1.46017	1.46014	1.46012	1.4601	1.46008	1.46006	1.46003	1.46002	1.46	1.45998	1.45996	1.45995	1.45994	1.45993	1.45992	1.45991	1.45991	1.4599	1.45989	1.45989	1.45989	1.45989	
1.4837	1.4837	1.48371	1.48371	1.48371	1.48371	1.48372	1.48373	1.48373	1.48374	1.48375	1.48376	1.48376	1.48377	1.48378	1.48379	1.4838	1.48381	1.48382	1.48384	1.48384	1.48385	1.48386	1.48388	1.48388	1.48389	1.4839	1.48391	1.48391	1.48391	1.48392	1.48392	1.48392	1.48392	1.48392	1.48391	1.48391	1.4839	1.48389	1.48389	1.48387	1.48386	1.48385	1.48384	1.48383	1.48382	1.48381	1.4838	1.48379	1.48378	1.48377	1.48376	1.48375	1.48374	1.48374	1.48373	1.48372	1.48372	1.48371	1.48371	1.48371	1.4837	1.4837	1.48371	1.4837	
1.50751	1.50751	1.50751	1.50751	1.50751	1.50751	1.50751	1.50751	1.50751	1.50751	1.50751	1.50751	1.50751	1.50751	1.50751	1.50751	1.50751	1.50751	1.50751	1.50751	1.50751	1.50751	1.50751	1.50751	1.50751	1.50751	1.50751	1.50751	1.50751	1.50751	1.50751	1.50751	1.50751	1.50751	1.50751	1.50751	1.50751	1.50751	1.50751	1.50751	1.50751	1.50751	1.50751	1.50751	1.50751	1.50751	1.50751	1.50751	1.50751	1.50751	1.50751	1.50751	1.50751	1.50751	1.50751	1.50751	1.50751	1.50751	1.50751	1.50751	1.50751	1.50751	1.50751	1.50751	1.50751	
