x=110	y=200	z=200	n=65	len=1
b
0	0	0	0	0	0	0	0	0	0	0	0	0	0	0	0	0	0	0	0	0	0	0	0	0	0	0	0	0	0	0	0	0	0	0	0	0	0	0	0	0	0	0	0	0	0	0	0	0	0	0	0	0	0	0	0	0	0	0	0	0	0	0	0	0	
0.0235943	0.0235893	0.0235745	0.0235598	0.0235612	0.0235625	0.0235652	0.0235679	0.0235653	0.0235627	0.0235565	0.0235502	0.0235425	0.0235347	0.0235238	0.023513	0.0235021	0.0234913	0.0234782	0.023465	0.0234531	0.0234411	0.0234285	0.023416	0.0234056	0.0233952	0.0233861	0.0233769	0.0233707	0.0233644	0.0233607	0.023357	0.0233565	0.023356	0.0233584	0.0233608	0.023366	0.0233712	0.0233789	0.0233865	0.0233961	0.0234057	0.0234168	0.0234278	0.02344	0.0234523	0.0234647	0.0234771	0.0234892	0.0235012	0.0235126	0.023524	0.0235337	0.0235434	0.0235552	0.0235669	0.023575	0.023583	0.0235983	0.0236135	0.0236191	0.0236246	0.023612	0.0235994	0.0235943	
0.0471963	0.0471986	0.0471821	0.0471656	0.047163	0.0471604	0.0471558	0.0471512	0.047143	0.0471348	0.0471203	0.0471059	0.0470901	0.0470744	0.0470527	0.047031	0.0470097	0.0469883	0.0469622	0.0469361	0.0469124	0.0468888	0.0468634	0.046838	0.0468174	0.0467968	0.0467779	0.046759	0.046747	0.0467349	0.0467269	0.0467189	0.0467186	0.0467182	0.0467228	0.0467273	0.0467385	0.0467498	0.0467651	0.0467804	0.0468004	0.0468205	0.0468427	0.0468649	0.0468895	0.0469142	0.0469385	0.0469628	0.0469867	0.0470106	0.0470325	0.0470545	0.0470739	0.0470933	0.0471133	0.0471333	0.0471474	0.0471614	0.0471799	0.0471984	0.0472054	0.0472125	0.0472033	0.0471941	0.0471963	
0.0707983	0.0708079	0.0707896	0.0707714	0.0707648	0.0707582	0.0707464	0.0707346	0.0707207	0.0707069	0.0706842	0.0706615	0.0706378	0.0706141	0.0705816	0.0705491	0.0705172	0.0704854	0.0704463	0.0704072	0.0703718	0.0703365	0.0702982	0.07026	0.0702292	0.0701984	0.0701698	0.0701412	0.0701233	0.0701054	0.0700931	0.0700809	0.0700807	0.0700805	0.0700871	0.0700938	0.070111	0.0701283	0.0701513	0.0701743	0.0702047	0.0702352	0.0702686	0.070302	0.070339	0.0703761	0.0704122	0.0704484	0.0704842	0.0705199	0.0705525	0.070585	0.0706142	0.0706433	0.0706715	0.0706997	0.0707198	0.0707398	0.0707615	0.0707832	0.0707918	0.0708004	0.0707946	0.0707887	0.0707983	
0.094414	0.0944255	0.0944118	0.094398	0.0943895	0.0943809	0.0943601	0.0943393	0.0943194	0.0942995	0.094268	0.0942365	0.0942051	0.0941737	0.0941307	0.0940877	0.0940457	0.0940037	0.093952	0.0939003	0.0938529	0.0938055	0.0937543	0.093703	0.0936606	0.0936181	0.0935794	0.0935407	0.0935153	0.0934898	0.0934737	0.0934575	0.0934565	0.0934555	0.0934655	0.0934755	0.0934988	0.0935221	0.0935545	0.0935869	0.0936284	0.0936698	0.0937154	0.0937609	0.0938104	0.0938599	0.0939079	0.0939559	0.0940032	0.0940506	0.0940929	0.0941352	0.0941738	0.0942125	0.0942464	0.0942803	0.0943065	0.0943327	0.094353	0.0943733	0.0943865	0.0943997	0.0944011	0.0944025	0.094414	
0.11803	0.118043	0.118034	0.118025	0.118014	0.118004	0.117974	0.117944	0.117918	0.117892	0.117852	0.117812	0.117772	0.117733	0.11768	0.117626	0.117574	0.117522	0.117458	0.117393	0.117334	0.117275	0.11721	0.117146	0.117092	0.117038	0.116989	0.11694	0.116907	0.116874	0.116854	0.116834	0.116832	0.116831	0.116844	0.116857	0.116887	0.116916	0.116958	0.117	0.117052	0.117105	0.117162	0.11722	0.117282	0.117344	0.117404	0.117463	0.117522	0.117581	0.117633	0.117685	0.117734	0.117782	0.117821	0.117861	0.117893	0.117926	0.117944	0.117963	0.117981	0.117999	0.118008	0.118016	0.11803	
0.141666	0.141673	0.141663	0.141654	0.141645	0.141636	0.141605	0.141573	0.141544	0.141515	0.141468	0.141421	0.141375	0.141329	0.141266	0.141203	0.141141	0.141079	0.141003	0.140927	0.140855	0.140784	0.140706	0.140628	0.140562	0.140496	0.140436	0.140376	0.140334	0.140293	0.140268	0.140244	0.140242	0.14024	0.140257	0.140274	0.140311	0.140347	0.140399	0.140451	0.140515	0.140579	0.140649	0.140718	0.140793	0.140868	0.140939	0.14101	0.141079	0.141149	0.14121	0.14127	0.141326	0.141383	0.141427	0.141472	0.14151	0.141548	0.141571	0.141594	0.141617	0.141641	0.14165	0.141659	0.141666	
0.165302	0.165302	0.165293	0.165284	0.165276	0.165269	0.165236	0.165202	0.16517	0.165138	0.165084	0.165031	0.164978	0.164925	0.164852	0.164779	0.164708	0.164637	0.164548	0.16446	0.164376	0.164292	0.164201	0.16411	0.164032	0.163953	0.163882	0.163811	0.163762	0.163712	0.163683	0.163653	0.163651	0.163649	0.163669	0.16369	0.163734	0.163779	0.16384	0.163902	0.163978	0.164054	0.164135	0.164217	0.164305	0.164392	0.164474	0.164556	0.164636	0.164717	0.164786	0.164855	0.164919	0.164984	0.165033	0.165082	0.165127	0.165171	0.165197	0.165224	0.165254	0.165284	0.165293	0.165302	0.165302	
0.188966	0.188966	0.188957	0.188948	0.18894	0.188931	0.188897	0.188862	0.188829	0.188795	0.188739	0.188682	0.188626	0.188569	0.188489	0.188409	0.188329	0.188249	0.18815	0.18805	0.187954	0.187858	0.187754	0.18765	0.187556	0.187463	0.18738	0.187297	0.187237	0.187177	0.187143	0.18711	0.187106	0.187102	0.187128	0.187155	0.187206	0.187258	0.187332	0.187407	0.187495	0.187584	0.187679	0.187775	0.187874	0.187974	0.188067	0.188159	0.18825	0.18834	0.188415	0.188491	0.188561	0.18863	0.188682	0.188733	0.188781	0.188828	0.188856	0.188884	0.188915	0.188946	0.188957	0.188967	0.188966	
0.212631	0.21263	0.212621	0.212613	0.212603	0.212594	0.212558	0.212523	0.212488	0.212453	0.212393	0.212333	0.212273	0.212213	0.212125	0.212038	0.21195	0.211862	0.211751	0.211641	0.211533	0.211424	0.211306	0.211189	0.211081	0.210973	0.210878	0.210784	0.210712	0.210641	0.210604	0.210566	0.210561	0.210555	0.210587	0.210619	0.210678	0.210737	0.210824	0.210911	0.211013	0.211114	0.211223	0.211332	0.211444	0.211556	0.211659	0.211763	0.211863	0.211963	0.212045	0.212127	0.212202	0.212277	0.212331	0.212385	0.212435	0.212486	0.212515	0.212545	0.212577	0.212609	0.21262	0.212632	0.212631	
0.236324	0.236322	0.236313	0.236305	0.236295	0.236286	0.236251	0.236217	0.236183	0.236149	0.236089	0.236029	0.235969	0.235909	0.23582	0.235732	0.235641	0.23555	0.235432	0.235315	0.235196	0.235078	0.234946	0.234815	0.234691	0.234566	0.234458	0.234349	0.234264	0.23418	0.234138	0.234095	0.234088	0.234081	0.234121	0.234161	0.23423	0.2343	0.234401	0.234502	0.234619	0.234736	0.234858	0.23498	0.235104	0.235227	0.235337	0.235446	0.235551	0.235656	0.235739	0.235821	0.235898	0.235974	0.236028	0.236081	0.236132	0.236183	0.236213	0.236242	0.236274	0.236305	0.236316	0.236327	0.236324	
0.260018	0.260013	0.260005	0.259997	0.259987	0.259978	0.259944	0.25991	0.259877	0.259844	0.259785	0.259726	0.259665	0.259605	0.259516	0.259426	0.259332	0.259237	0.259113	0.25899	0.25886	0.258731	0.258586	0.258442	0.258301	0.25816	0.258037	0.257914	0.257816	0.257719	0.257672	0.257624	0.257616	0.257607	0.257655	0.257702	0.257782	0.257862	0.257977	0.258093	0.258225	0.258357	0.258493	0.258628	0.258763	0.258898	0.259014	0.25913	0.259239	0.259348	0.259432	0.259516	0.259593	0.259671	0.259724	0.259778	0.259829	0.259881	0.25991	0.259939	0.259971	0.260002	0.260012	0.260022	0.260018	
0.283733	0.28373	0.283722	0.283715	0.283707	0.2837	0.28367	0.283641	0.283612	0.283583	0.283528	0.283473	0.283417	0.283362	0.283275	0.283188	0.283096	0.283004	0.28288	0.282756	0.282622	0.282489	0.282337	0.282185	0.282031	0.281876	0.28174	0.281604	0.281491	0.281378	0.281326	0.281275	0.281264	0.281252	0.28131	0.281369	0.281458	0.281547	0.281679	0.281811	0.281955	0.282098	0.282243	0.282388	0.282527	0.282667	0.282783	0.2829	0.283009	0.283117	0.283198	0.283278	0.283352	0.283427	0.283475	0.283524	0.283571	0.283617	0.283642	0.283667	0.283694	0.28372	0.283728	0.283737	0.283733	
0.307449	0.307446	0.30744	0.307434	0.307428	0.307421	0.307396	0.307371	0.307346	0.307322	0.307271	0.307221	0.307169	0.307118	0.307034	0.30695	0.30686	0.30677	0.306646	0.306522	0.306385	0.306247	0.306088	0.305929	0.30576	0.305591	0.305443	0.305294	0.305166	0.305037	0.304981	0.304925	0.304911	0.304897	0.304966	0.305035	0.305133	0.305232	0.30538	0.305529	0.305684	0.30584	0.305993	0.306147	0.306291	0.306435	0.306553	0.30667	0.306778	0.306886	0.306963	0.307041	0.307111	0.307182	0.307226	0.307271	0.307312	0.307353	0.307374	0.307395	0.307417	0.307438	0.307445	0.307452	0.307449	
0.331172	0.331168	0.331164	0.33116	0.331157	0.331154	0.331136	0.331118	0.331102	0.331087	0.331048	0.33101	0.330972	0.330934	0.330865	0.330796	0.330718	0.330641	0.330527	0.330413	0.33028	0.330147	0.329987	0.329828	0.329649	0.329469	0.329309	0.329148	0.329001	0.328855	0.328794	0.328734	0.328715	0.328695	0.328781	0.328867	0.328977	0.329087	0.32925	0.329414	0.329581	0.329748	0.329903	0.330057	0.330199	0.330341	0.330448	0.330554	0.330651	0.330747	0.330809	0.330871	0.330928	0.330986	0.331017	0.331049	0.33108	0.33111	0.331124	0.331138	0.331153	0.331168	0.331173	0.331177	0.331172	
0.354896	0.35489	0.354888	0.354886	0.354886	0.354886	0.354875	0.354864	0.354858	0.354851	0.354825	0.3548	0.354775	0.35475	0.354695	0.354641	0.354576	0.354511	0.354408	0.354305	0.354175	0.354046	0.353887	0.353727	0.353537	0.353347	0.353174	0.353001	0.352837	0.352673	0.352608	0.352543	0.352518	0.352493	0.352596	0.3527	0.352821	0.352942	0.35312	0.353299	0.353478	0.353657	0.353812	0.353968	0.354107	0.354247	0.354343	0.354438	0.354523	0.354608	0.354655	0.354702	0.354746	0.354789	0.354808	0.354827	0.354848	0.354868	0.354874	0.35488	0.354889	0.354899	0.3549	0.354902	0.354896	
0.378615	0.378609	0.37861	0.378611	0.378617	0.378622	0.378622	0.378621	0.378627	0.378634	0.378626	0.378618	0.378613	0.378609	0.378578	0.378548	0.378509	0.37847	0.378393	0.378315	0.378209	0.378102	0.377958	0.377813	0.377627	0.377441	0.37726	0.377079	0.376903	0.376726	0.37665	0.376574	0.376548	0.376523	0.376641	0.376759	0.376889	0.377018	0.377208	0.377398	0.377578	0.377758	0.3779	0.378042	0.378163	0.378285	0.378354	0.378423	0.378483	0.378543	0.378565	0.378587	0.378608	0.378629	0.378629	0.37863	0.378633	0.378637	0.378632	0.378627	0.378627	0.378627	0.378624	0.378621	0.378615	
0.402335	0.402328	0.402332	0.402336	0.402347	0.402358	0.402368	0.402378	0.402397	0.402416	0.402426	0.402435	0.402451	0.402468	0.402461	0.402454	0.402442	0.402429	0.402377	0.402326	0.402242	0.402158	0.402029	0.401899	0.401717	0.401535	0.401346	0.401158	0.400969	0.40078	0.400692	0.400604	0.400579	0.400553	0.400686	0.400819	0.400957	0.401095	0.401295	0.401496	0.401678	0.401859	0.401987	0.402116	0.402219	0.402323	0.402366	0.402409	0.402443	0.402478	0.402474	0.402471	0.40247	0.402469	0.40245	0.402432	0.402419	0.402407	0.40239	0.402374	0.402364	0.402355	0.402348	0.402341	0.402335	
0.42602	0.426011	0.426019	0.426027	0.426044	0.426061	0.426084	0.426108	0.426143	0.426179	0.426213	0.426248	0.426293	0.426339	0.426371	0.426402	0.426433	0.426463	0.42646	0.426458	0.426422	0.426386	0.426299	0.426213	0.426058	0.425902	0.425719	0.425535	0.425333	0.425132	0.425033	0.424933	0.424908	0.424883	0.425045	0.425206	0.42534	0.425473	0.425666	0.425858	0.426031	0.426203	0.426286	0.426369	0.426431	0.426493	0.426484	0.426476	0.426468	0.426459	0.426417	0.426374	0.42634	0.426307	0.426263	0.42622	0.426186	0.426153	0.426122	0.426092	0.426071	0.426051	0.426039	0.426028	0.42602	
0.449704	0.449694	0.449706	0.449717	0.449741	0.449765	0.449801	0.449837	0.44989	0.449943	0.450001	0.45006	0.450135	0.450211	0.45028	0.45035	0.450423	0.450497	0.450544	0.45059	0.450601	0.450613	0.45057	0.450526	0.450398	0.45027	0.450091	0.449912	0.449698	0.449484	0.449373	0.449262	0.449238	0.449213	0.449403	0.449594	0.449723	0.449852	0.450036	0.450221	0.450384	0.450547	0.450584	0.450622	0.450642	0.450663	0.450603	0.450543	0.450492	0.450441	0.450359	0.450277	0.450211	0.450145	0.450076	0.450007	0.449953	0.449898	0.449854	0.44981	0.449778	0.449747	0.449731	0.449715	0.449704	
0.473331	0.47332	0.473336	0.473351	0.473382	0.473413	0.473463	0.473513	0.473584	0.473655	0.473741	0.473826	0.473937	0.474048	0.474163	0.474279	0.474413	0.474547	0.474664	0.474781	0.474879	0.474976	0.475014	0.475051	0.474998	0.474945	0.474798	0.474651	0.474473	0.474294	0.474103	0.473913	0.473985	0.474056	0.474233	0.474409	0.474471	0.474534	0.474692	0.474851	0.474969	0.475088	0.475045	0.475002	0.474947	0.474892	0.474757	0.474623	0.474514	0.474404	0.474273	0.474141	0.474037	0.473933	0.473836	0.473739	0.473662	0.473586	0.473528	0.47347	0.473427	0.473384	0.473363	0.473343	0.473331	
0.496958	0.496946	0.496966	0.496986	0.497023	0.497061	0.497125	0.497189	0.497278	0.497367	0.49748	0.497593	0.497739	0.497884	0.498046	0.498208	0.498403	0.498597	0.498785	0.498973	0.499156	0.49934	0.499458	0.499576	0.499598	0.49962	0.499505	0.499391	0.499248	0.499104	0.498834	0.498564	0.498732	0.498899	0.499062	0.499224	0.49922	0.499216	0.499348	0.499481	0.499555	0.49963	0.499506	0.499382	0.499251	0.499121	0.498912	0.498703	0.498535	0.498367	0.498186	0.498006	0.497863	0.49772	0.497595	0.49747	0.497372	0.497273	0.497201	0.497129	0.497075	0.49702	0.496996	0.496971	0.496958	
0.520503	0.52049	0.520513	0.520536	0.520579	0.520622	0.520698	0.520774	0.520879	0.520985	0.521124	0.521263	0.521447	0.521631	0.521848	0.522065	0.522336	0.522608	0.522898	0.523188	0.523503	0.523817	0.524089	0.52436	0.524504	0.524649	0.524637	0.524625	0.524618	0.52461	0.524193	0.523776	0.52399	0.524204	0.524383	0.524563	0.524414	0.524265	0.524275	0.524285	0.524321	0.524357	0.524091	0.523825	0.523587	0.523349	0.523039	0.52273	0.522489	0.522249	0.522012	0.521776	0.521593	0.52141	0.521258	0.521106	0.520986	0.520866	0.520782	0.520698	0.520635	0.520571	0.520544	0.520516	0.520503	
0.544048	0.544034	0.544061	0.544087	0.544135	0.544184	0.544271	0.544359	0.544481	0.544602	0.544768	0.544934	0.545156	0.545378	0.545649	0.545921	0.54627	0.546618	0.54701	0.547403	0.547849	0.548295	0.548719	0.549143	0.54941	0.549677	0.549769	0.54986	0.549988	0.550116	0.549552	0.548988	0.549248	0.549509	0.549705	0.549902	0.549608	0.549314	0.549202	0.54909	0.549087	0.549083	0.548676	0.548268	0.547923	0.547578	0.547167	0.546756	0.546443	0.54613	0.545839	0.545547	0.545323	0.5451	0.544921	0.544742	0.544601	0.544459	0.544363	0.544266	0.544194	0.544122	0.544092	0.544061	0.544048	
0.567496	0.567483	0.567511	0.56754	0.567591	0.567642	0.567738	0.567833	0.567966	0.568099	0.568284	0.568469	0.568721	0.568973	0.569289	0.569606	0.570032	0.570458	0.570963	0.571468	0.572101	0.572733	0.573416	0.574099	0.574689	0.575279	0.575598	0.575918	0.576136	0.576354	0.575317	0.57428	0.575852	0.577423	0.576621	0.575818	0.575039	0.57426	0.574132	0.574003	0.573962	0.57392	0.573268	0.572616	0.572086	0.571556	0.571045	0.570534	0.570148	0.569761	0.569434	0.569107	0.568856	0.568605	0.568413	0.568222	0.568074	0.567927	0.567828	0.567728	0.567651	0.567574	0.567542	0.56751	0.567496	
0.590945	0.590931	0.590962	0.590993	0.591047	0.5911	0.591204	0.591307	0.591451	0.591596	0.5918	0.592004	0.592286	0.592568	0.592929	0.593291	0.593795	0.594299	0.594916	0.595534	0.596352	0.597171	0.598112	0.599054	0.599967	0.60088	0.601428	0.601977	0.602284	0.602592	0.601082	0.599572	0.602455	0.605338	0.603536	0.601735	0.60047	0.599206	0.599061	0.598917	0.598837	0.598757	0.59786	0.596963	0.596249	0.595535	0.594923	0.594312	0.593852	0.593391	0.593029	0.592667	0.592388	0.59211	0.591906	0.591702	0.591548	0.591394	0.591292	0.59119	0.591107	0.591025	0.590991	0.590958	0.590945	
0.614287	0.614277	0.614307	0.614336	0.614388	0.61444	0.614538	0.614636	0.614776	0.614917	0.615115	0.615312	0.615595	0.615877	0.616246	0.616615	0.617154	0.617693	0.618376	0.619058	0.62004	0.621023	0.622251	0.623479	0.624994	0.626508	0.62771	0.628912	0.628857	0.628801	0.627604	0.626407	0.635239	0.644072	0.639535	0.634998	0.629298	0.623597	0.623981	0.624365	0.62406	0.623755	0.622427	0.621098	0.62008	0.619062	0.618374	0.617686	0.617186	0.616686	0.616321	0.615956	0.615677	0.615399	0.615203	0.615007	0.614855	0.614702	0.614607	0.614511	0.614433	0.614355	0.614326	0.614297	0.614287	
0.63763	0.637624	0.637652	0.63768	0.63773	0.637779	0.637872	0.637965	0.638102	0.638238	0.638429	0.638621	0.638903	0.639186	0.639563	0.639939	0.640513	0.641087	0.641835	0.642583	0.643729	0.644874	0.64639	0.647905	0.65002	0.652136	0.653991	0.655847	0.655429	0.65488	0.652578	0.653279	0.66549	0.684663	0.68869	0.669848	0.654519	0.647988	0.6489	0.649813	0.649283	0.648752	0.646993	0.645233	0.643911	0.64259	0.641825	0.64106	0.64052	0.639981	0.639613	0.639246	0.638967	0.638687	0.6385	0.638312	0.638161	0.63801	0.637921	0.637833	0.637759	0.637685	0.637661	0.637636	0.63763	
0.660881	0.660875	0.660901	0.660927	0.660969	0.66101	0.661091	0.661173	0.66129	0.661407	0.661573	0.66174	0.66199	0.662239	0.662575	0.662911	0.663445	0.663979	0.664687	0.665395	0.666538	0.66768	0.669399	0.671117	0.673861	0.676605	0.67867	0.680735	0.679411	0.678702	0.676851	0.679508	0.690419	0.704985	0.711113	0.696171	0.679174	0.6732	0.674532	0.675865	0.674115	0.672364	0.670209	0.668054	0.666694	0.665335	0.6646	0.663866	0.663367	0.662868	0.662552	0.662236	0.661994	0.661752	0.661597	0.661443	0.661315	0.661187	0.661117	0.661047	0.660984	0.660921	0.660904	0.660887	0.660881	
0.684131	0.684126	0.68415	0.684175	0.684207	0.68424	0.68431	0.684381	0.684478	0.684575	0.684717	0.684859	0.685076	0.685292	0.685588	0.685884	0.686378	0.686871	0.687539	0.688207	0.689346	0.690486	0.692408	0.69433	0.697701	0.701073	0.703349	0.705624	0.703392	0.70021	0.700204	0.705518	0.71574	0.724445	0.720099	0.710877	0.699478	0.698062	0.698974	0.701916	0.698946	0.695977	0.693425	0.690874	0.689477	0.68808	0.687376	0.686671	0.686213	0.685755	0.68549	0.685226	0.685022	0.684817	0.684695	0.684573	0.684469	0.684365	0.684313	0.68426	0.684209	0.684157	0.684147	0.684137	0.684131	
0.707321	0.707315	0.707337	0.707359	0.707381	0.707402	0.70745	0.707498	0.707563	0.707629	0.707722	0.707815	0.707968	0.708121	0.708316	0.708511	0.708869	0.709227	0.709675	0.710123	0.71098	0.711838	0.713481	0.715123	0.718162	0.721202	0.72289	0.724577	0.721863	0.719425	0.722557	0.73761	0.742796	0.723051	0.716702	0.718572	0.71687	0.718903	0.721111	0.720911	0.718217	0.715522	0.713448	0.711374	0.710471	0.709568	0.709185	0.708801	0.708523	0.708245	0.708103	0.707962	0.707836	0.707709	0.707644	0.707579	0.707513	0.707447	0.707421	0.707394	0.707362	0.707329	0.707328	0.707328	0.707321	
0.730512	0.730504	0.730524	0.730544	0.730554	0.730563	0.730589	0.730615	0.730648	0.730682	0.730727	0.730772	0.730861	0.730949	0.731044	0.731138	0.731361	0.731583	0.731812	0.73204	0.732615	0.733189	0.734553	0.735917	0.738623	0.74133	0.74243	0.743531	0.740333	0.736409	0.731719	0.771401	0.745154	0.726531	0.732224	0.736607	0.735066	0.736307	0.739553	0.739923	0.737404	0.735067	0.733471	0.731874	0.731465	0.731056	0.730993	0.73093	0.730833	0.730735	0.730716	0.730698	0.730649	0.730601	0.730593	0.730584	0.730557	0.73053	0.730529	0.730528	0.730515	0.730501	0.73051	0.730519	0.730512	
0.753686	0.753679	0.753693	0.753707	0.753704	0.7537	0.753702	0.753704	0.753701	0.753699	0.75369	0.753682	0.75369	0.753698	0.753677	0.753657	0.753701	0.753746	0.753709	0.753672	0.753832	0.753993	0.754442	0.754891	0.756231	0.75757	0.757818	0.758065	0.755809	0.755431	0.744	0.776277	0.728922	0.74154	0.765722	0.762074	0.754534	0.750936	0.752369	0.751745	0.751085	0.750551	0.751009	0.751467	0.751918	0.752369	0.752659	0.75295	0.753059	0.753168	0.753276	0.753383	0.753423	0.753462	0.753512	0.753562	0.753577	0.753592	0.753619	0.753645	0.753651	0.753656	0.753675	0.753694	0.753686	
0.776861	0.776854	0.776862	0.77687	0.776854	0.776837	0.776815	0.776793	0.776754	0.776715	0.776654	0.776592	0.776519	0.776446	0.77631	0.776175	0.776042	0.775909	0.775606	0.775303	0.77505	0.774796	0.774331	0.773866	0.773838	0.77381	0.773205	0.773626	0.774644	0.771775	0.764861	0.762599	0.736422	0.761949	0.782761	0.781355	0.772735	0.764421	0.763132	0.762858	0.765146	0.766035	0.768547	0.771059	0.77237	0.773682	0.774325	0.774969	0.775285	0.7756	0.775835	0.776069	0.776196	0.776323	0.776431	0.77654	0.776597	0.776655	0.776708	0.776762	0.776787	0.776811	0.77684	0.776868	0.776861	
0.800068	0.800066	0.800066	0.800065	0.800036	0.800007	0.799965	0.799923	0.799854	0.799785	0.799681	0.799578	0.799441	0.799304	0.799081	0.798858	0.798583	0.798308	0.797815	0.797322	0.796726	0.79613	0.794972	0.793813	0.792663	0.791514	0.789174	0.787335	0.782772	0.77155	0.769692	0.769497	0.763848	0.772016	0.777597	0.789634	0.79227	0.78468	0.782125	0.783104	0.786161	0.789205	0.791368	0.793532	0.794872	0.796213	0.796897	0.79758	0.797979	0.798378	0.798668	0.798958	0.799136	0.799315	0.79946	0.799606	0.799692	0.799779	0.799853	0.799928	0.799964	0.800001	0.800035	0.800069	0.800068	
0.823274	0.823279	0.823269	0.82326	0.823218	0.823176	0.823115	0.823053	0.822954	0.822856	0.822709	0.822563	0.822363	0.822162	0.821852	0.821542	0.821125	0.820707	0.820024	0.819341	0.818403	0.817465	0.815612	0.81376	0.811489	0.809218	0.805143	0.802442	0.78573	0.763865	0.769122	0.77443	0.773633	0.777936	0.779627	0.801632	0.814406	0.811303	0.808538	0.809017	0.811074	0.812375	0.81419	0.816005	0.817374	0.818744	0.819468	0.820192	0.820674	0.821156	0.821501	0.821847	0.822077	0.822308	0.82249	0.822671	0.822787	0.822903	0.822998	0.823094	0.823142	0.823191	0.823231	0.82327	0.823274	
0.846544	0.846551	0.846536	0.846522	0.846474	0.846425	0.846352	0.846279	0.846162	0.846046	0.845877	0.845709	0.845473	0.845238	0.84489	0.844543	0.844056	0.843569	0.842847	0.842125	0.841053	0.83998	0.838327	0.836675	0.834306	0.831936	0.828594	0.824097	0.811526	0.794241	0.784527	0.786829	0.795339	0.797296	0.802883	0.823965	0.836169	0.835811	0.834698	0.83453	0.835824	0.837176	0.83849	0.839804	0.84091	0.842017	0.842678	0.84334	0.843812	0.844285	0.844638	0.844991	0.845237	0.845483	0.845679	0.845875	0.846005	0.846135	0.84624	0.846345	0.846401	0.846456	0.846497	0.846538	0.846544	
0.869814	0.869823	0.869804	0.869784	0.869729	0.869674	0.869589	0.869504	0.869371	0.869237	0.869046	0.868854	0.868584	0.868314	0.867929	0.867544	0.866988	0.866431	0.865671	0.86491	0.863702	0.862495	0.861043	0.85959	0.857123	0.854655	0.852045	0.850011	0.841499	0.832574	0.828064	0.829975	0.833033	0.834334	0.842294	0.853757	0.858892	0.860324	0.860026	0.859727	0.860852	0.861978	0.862791	0.863604	0.864447	0.86529	0.865889	0.866488	0.866951	0.867414	0.867774	0.868135	0.868397	0.868659	0.868869	0.869079	0.869223	0.869367	0.869482	0.869596	0.869659	0.869722	0.869763	0.869805	0.869814	
0.89318	0.89319	0.893169	0.893148	0.893091	0.893035	0.892946	0.892858	0.892721	0.892584	0.892393	0.892203	0.891932	0.891662	0.891297	0.890931	0.890401	0.889871	0.889188	0.888505	0.887409	0.886313	0.885114	0.883915	0.881852	0.879789	0.878083	0.876175	0.871156	0.866593	0.86539	0.86711	0.869447	0.872011	0.87667	0.881197	0.883424	0.884636	0.884644	0.884652	0.88554	0.886429	0.887057	0.887685	0.888358	0.889031	0.889542	0.890053	0.890472	0.890891	0.891223	0.891554	0.891803	0.892051	0.892251	0.892451	0.892592	0.892732	0.892844	0.892956	0.893022	0.893089	0.893129	0.89317	0.89318	
0.916546	0.916557	0.916534	0.916511	0.916454	0.916396	0.916304	0.916211	0.916071	0.915931	0.915741	0.915551	0.915281	0.91501	0.914665	0.914319	0.913815	0.91331	0.912705	0.9121	0.911116	0.910132	0.909186	0.908239	0.906581	0.904922	0.90412	0.903319	0.900689	0.89806	0.899295	0.90053	0.902204	0.903877	0.906111	0.908346	0.908647	0.908948	0.909262	0.909577	0.910228	0.91088	0.911323	0.911767	0.91227	0.912772	0.913195	0.913618	0.913993	0.914368	0.914671	0.914974	0.915208	0.915442	0.915633	0.915823	0.91596	0.916096	0.916206	0.916316	0.916386	0.916456	0.916495	0.916535	0.916546	
0.940016	0.940025	0.940003	0.93998	0.939927	0.939874	0.939788	0.939702	0.939574	0.939445	0.939276	0.939106	0.938866	0.938626	0.938332	0.938037	0.937611	0.937184	0.936707	0.936231	0.935464	0.934697	0.934037	0.933376	0.932164	0.930953	0.930471	0.92999	0.928211	0.926431	0.927369	0.928308	0.929487	0.930667	0.932138	0.93361	0.933809	0.934008	0.934261	0.934514	0.934958	0.935403	0.935719	0.936035	0.936419	0.936804	0.937144	0.937483	0.937791	0.938099	0.938357	0.938614	0.938819	0.939023	0.939193	0.939362	0.939487	0.939612	0.93971	0.939808	0.939872	0.939936	0.939971	0.940007	0.940016	
0.963486	0.963494	0.963472	0.963449	0.9634	0.963352	0.963272	0.963193	0.963077	0.96296	0.962811	0.962661	0.962451	0.962242	0.961999	0.961755	0.961406	0.961057	0.96071	0.960362	0.959812	0.959262	0.958888	0.958513	0.957748	0.956983	0.956823	0.956662	0.955732	0.954802	0.955443	0.956085	0.95677	0.957456	0.958165	0.958874	0.958971	0.959069	0.95926	0.959451	0.959688	0.959926	0.960114	0.960303	0.960569	0.960835	0.961092	0.961349	0.96159	0.961831	0.962042	0.962253	0.962429	0.962604	0.962753	0.962901	0.963014	0.963128	0.963214	0.9633	0.963358	0.963417	0.963447	0.963478	0.963486	
0.987048	0.987054	0.987034	0.987014	0.986972	0.98693	0.986861	0.986793	0.986692	0.986592	0.986467	0.986343	0.986167	0.985991	0.985799	0.985608	0.985328	0.985047	0.984797	0.984547	0.984134	0.983721	0.9835	0.98328	0.982765	0.98225	0.982273	0.982296	0.981733	0.98117	0.981722	0.982275	0.982688	0.983102	0.983569	0.984036	0.984016	0.983997	0.984083	0.984169	0.984278	0.984387	0.9845	0.984613	0.984791	0.98497	0.985153	0.985337	0.98552	0.985702	0.985867	0.986031	0.986173	0.986315	0.986436	0.986556	0.986652	0.986748	0.986819	0.986891	0.986941	0.986992	0.987017	0.987042	0.987048	
1.01061	1.01062	1.0106	1.01058	1.01054	1.01051	1.01045	1.01039	1.01031	1.01022	1.01012	1.01002	1.00988	1.00974	1.0096	1.00946	1.00925	1.00904	1.00888	1.00873	1.00846	1.00818	1.00811	1.00805	1.00778	1.00752	1.00772	1.00793	1.00773	1.00754	1.008	1.00846	1.00861	1.00875	1.00897	1.0092	1.00906	1.00893	1.00891	1.00889	1.00887	1.00885	1.00889	1.00892	1.00901	1.0091	1.00921	1.00933	1.00945	1.00957	1.00969	1.00981	1.00992	1.01003	1.01012	1.01021	1.01029	1.01037	1.01042	1.01048	1.01052	1.01057	1.01059	1.01061	1.01061	
1.03425	1.03425	1.03424	1.03422	1.03419	1.03416	1.03412	1.03407	1.03401	1.03394	1.03387	1.03379	1.03368	1.03357	1.03348	1.03339	1.03323	1.03308	1.033	1.03291	1.03273	1.03254	1.03256	1.03258	1.03243	1.03228	1.03253	1.03279	1.03268	1.03258	1.03298	1.03338	1.03346	1.03354	1.03368	1.03382	1.03365	1.03348	1.03342	1.03336	1.03329	1.03322	1.0332	1.03319	1.03322	1.03325	1.03331	1.03337	1.03344	1.03352	1.03359	1.03367	1.03375	1.03382	1.03389	1.03395	1.03401	1.03407	1.03411	1.03415	1.03418	1.03422	1.03423	1.03425	1.03425	
1.05789	1.05789	1.05787	1.05786	1.05784	1.05782	1.05779	1.05775	1.05771	1.05766	1.05761	1.05756	1.05749	1.05741	1.05736	1.05731	1.05722	1.05712	1.05711	1.0571	1.057	1.05691	1.05702	1.05712	1.05708	1.05704	1.05734	1.05764	1.05764	1.05763	1.05796	1.05829	1.05831	1.05833	1.05839	1.05845	1.05824	1.05804	1.05794	1.05784	1.05771	1.05759	1.05752	1.05746	1.05743	1.0574	1.05741	1.05741	1.05744	1.05746	1.0575	1.05753	1.05757	1.05762	1.05765	1.05769	1.05773	1.05777	1.05779	1.05782	1.05784	1.05787	1.05788	1.05788	1.05789	
1.08157	1.08157	1.08157	1.08156	1.08154	1.08153	1.08151	1.08148	1.08145	1.08142	1.08139	1.08137	1.08132	1.08127	1.08126	1.08124	1.08119	1.08113	1.08116	1.08119	1.08115	1.08111	1.08125	1.0814	1.08141	1.08142	1.08172	1.08201	1.08205	1.08209	1.08237	1.08265	1.08265	1.08265	1.08267	1.08268	1.08249	1.0823	1.08218	1.08206	1.08192	1.08177	1.08168	1.08159	1.08153	1.08147	1.08144	1.08141	1.0814	1.0814	1.0814	1.0814	1.08142	1.08144	1.08145	1.08147	1.08149	1.08151	1.08152	1.08154	1.08155	1.08157	1.08157	1.08157	1.08157	
1.10526	1.10526	1.10526	1.10525	1.10524	1.10523	1.10522	1.10522	1.1052	1.10518	1.10518	1.10517	1.10515	1.10513	1.10515	1.10517	1.10515	1.10514	1.10521	1.10529	1.1053	1.10532	1.10549	1.10567	1.10574	1.10581	1.10609	1.10638	1.10647	1.10655	1.10678	1.10701	1.10699	1.10698	1.10695	1.10691	1.10673	1.10655	1.10642	1.10628	1.10612	1.10596	1.10584	1.10573	1.10563	1.10554	1.10547	1.10541	1.10537	1.10533	1.1053	1.10527	1.10527	1.10526	1.10525	1.10525	1.10525	1.10526	1.10526	1.10525	1.10526	1.10527	1.10527	1.10526	1.10526	
1.12898	1.12898	1.12898	1.12897	1.12897	1.12897	1.12897	1.12897	1.12896	1.12896	1.12897	1.12898	1.12898	1.12898	1.12902	1.12906	1.12907	1.12908	1.12918	1.12927	1.12932	1.12936	1.12954	1.12973	1.12981	1.1299	1.13016	1.13043	1.13052	1.13061	1.1308	1.13099	1.13097	1.13096	1.13092	1.13089	1.13073	1.13056	1.13043	1.13029	1.13013	1.12997	1.12984	1.12972	1.12961	1.1295	1.12942	1.12933	1.12927	1.12922	1.12917	1.12913	1.1291	1.12907	1.12905	1.12903	1.12902	1.12902	1.12901	1.129	1.129	1.129	1.12899	1.12898	1.12898	
1.1527	1.1527	1.1527	1.1527	1.1527	1.1527	1.15271	1.15272	1.15273	1.15274	1.15276	1.15279	1.15281	1.15282	1.15289	1.15295	1.15298	1.15302	1.15314	1.15326	1.15333	1.1534	1.15359	1.15378	1.15389	1.154	1.15423	1.15447	1.15457	1.15466	1.15481	1.15497	1.15496	1.15494	1.1549	1.15486	1.15472	1.15457	1.15444	1.15431	1.15414	1.15398	1.15385	1.15371	1.15358	1.15346	1.15336	1.15326	1.15318	1.1531	1.15304	1.15298	1.15293	1.15289	1.15285	1.15282	1.1528	1.15278	1.15276	1.15274	1.15273	1.15272	1.15271	1.1527	1.1527	
1.17642	1.17642	1.17642	1.17642	1.17643	1.17643	1.17645	1.17646	1.17648	1.1765	1.17653	1.17657	1.1766	1.17663	1.1767	1.17677	1.17682	1.17688	1.177	1.17712	1.1772	1.17729	1.17747	1.17766	1.17776	1.17787	1.17809	1.1783	1.17839	1.17848	1.17861	1.17874	1.17873	1.17872	1.17868	1.17864	1.17851	1.17839	1.17826	1.17813	1.17798	1.17783	1.1777	1.17756	1.17744	1.17731	1.1772	1.1771	1.17701	1.17692	1.17685	1.17678	1.17673	1.17667	1.17663	1.17658	1.17655	1.17652	1.1765	1.17647	1.17646	1.17645	1.17644	1.17642	1.17642	
1.20014	1.20014	1.20014	1.20014	1.20015	1.20016	1.20019	1.20021	1.20023	1.20025	1.2003	1.20035	1.20039	1.20043	1.20052	1.2006	1.20067	1.20073	1.20086	1.20099	1.20108	1.20117	1.20135	1.20153	1.20164	1.20175	1.20194	1.20213	1.20222	1.2023	1.20241	1.20251	1.2025	1.20249	1.20246	1.20242	1.20231	1.2022	1.20208	1.20196	1.20182	1.20168	1.20154	1.20141	1.20129	1.20116	1.20105	1.20093	1.20084	1.20075	1.20066	1.20058	1.20052	1.20046	1.2004	1.20034	1.20031	1.20027	1.20024	1.2002	1.20019	1.20017	1.20016	1.20015	1.20014	
1.22385	1.22385	1.22385	1.22386	1.22387	1.22388	1.22391	1.22393	1.22396	1.22399	1.22404	1.22409	1.22414	1.22418	1.22427	1.22435	1.22442	1.22449	1.22462	1.22475	1.22484	1.22493	1.2251	1.22527	1.22537	1.22548	1.22565	1.22582	1.22589	1.22597	1.22606	1.22615	1.22614	1.22613	1.2261	1.22607	1.22597	1.22587	1.22577	1.22566	1.22553	1.2254	1.22527	1.22514	1.22502	1.2249	1.22479	1.22468	1.22458	1.22449	1.22441	1.22432	1.22426	1.22419	1.22413	1.22407	1.22403	1.22399	1.22396	1.22392	1.2239	1.22389	1.22387	1.22386	1.22385	
1.24756	1.24756	1.24756	1.24757	1.24758	1.2476	1.24763	1.24765	1.24769	1.24772	1.24777	1.24783	1.24788	1.24793	1.24802	1.24811	1.24818	1.24825	1.24838	1.2485	1.2486	1.24869	1.24885	1.249	1.2491	1.2492	1.24935	1.2495	1.24957	1.24964	1.24971	1.24978	1.24978	1.24977	1.24975	1.24972	1.24963	1.24955	1.24945	1.24935	1.24924	1.24912	1.249	1.24888	1.24876	1.24864	1.24853	1.24842	1.24833	1.24823	1.24815	1.24806	1.24799	1.24792	1.24786	1.2478	1.24776	1.24772	1.24768	1.24764	1.24762	1.2476	1.24758	1.24757	1.24756	
1.27125	1.27124	1.27125	1.27126	1.27127	1.27129	1.27131	1.27134	1.27138	1.27141	1.27146	1.27152	1.27157	1.27162	1.27171	1.27179	1.27186	1.27193	1.27205	1.27217	1.27226	1.27235	1.27249	1.27263	1.27272	1.27281	1.27294	1.27306	1.27313	1.27319	1.27325	1.27331	1.27331	1.27331	1.27328	1.27326	1.27318	1.27311	1.27302	1.27294	1.27283	1.27273	1.27262	1.27251	1.2724	1.27229	1.27219	1.27209	1.272	1.27191	1.27182	1.27174	1.27167	1.27161	1.27155	1.27149	1.27145	1.2714	1.27136	1.27133	1.27131	1.27128	1.27127	1.27125	1.27125	
1.29494	1.29493	1.29494	1.29494	1.29496	1.29497	1.295	1.29503	1.29507	1.2951	1.29515	1.29521	1.29526	1.29531	1.29539	1.29548	1.29555	1.29562	1.29573	1.29584	1.29592	1.296	1.29613	1.29625	1.29633	1.29641	1.29652	1.29663	1.29668	1.29674	1.29679	1.29684	1.29684	1.29684	1.29682	1.29679	1.29673	1.29667	1.2966	1.29652	1.29643	1.29634	1.29624	1.29614	1.29604	1.29595	1.29585	1.29576	1.29567	1.29558	1.2955	1.29542	1.29536	1.29529	1.29523	1.29517	1.29513	1.29509	1.29505	1.29501	1.29499	1.29497	1.29495	1.29494	1.29494	
1.31859	1.31859	1.3186	1.3186	1.31862	1.31863	1.31866	1.31869	1.31872	1.31875	1.3188	1.31885	1.3189	1.31895	1.31903	1.3191	1.31917	1.31923	1.31933	1.31943	1.3195	1.31958	1.31969	1.3198	1.31987	1.31994	1.32003	1.32013	1.32017	1.32022	1.32026	1.32031	1.32031	1.3203	1.32028	1.32027	1.32021	1.32016	1.3201	1.32003	1.31995	1.31987	1.31978	1.3197	1.31961	1.31952	1.31944	1.31935	1.31927	1.3192	1.31912	1.31905	1.31899	1.31893	1.31887	1.31882	1.31878	1.31874	1.3187	1.31867	1.31865	1.31863	1.31861	1.3186	1.31859	
1.34225	1.34225	1.34225	1.34226	1.34227	1.34229	1.34231	1.34234	1.34237	1.3424	1.34245	1.3425	1.34254	1.34259	1.34266	1.34273	1.34279	1.34285	1.34293	1.34302	1.34309	1.34315	1.34325	1.34334	1.3434	1.34346	1.34354	1.34362	1.34366	1.3437	1.34373	1.34377	1.34377	1.34377	1.34375	1.34374	1.3437	1.34365	1.3436	1.34354	1.34347	1.3434	1.34333	1.34326	1.34318	1.3431	1.34303	1.34295	1.34288	1.34281	1.34274	1.34268	1.34262	1.34256	1.34251	1.34246	1.34242	1.34239	1.34235	1.34232	1.3423	1.34228	1.34227	1.34225	1.34225	
1.36588	1.36588	1.36589	1.36589	1.3659	1.36592	1.36594	1.36596	1.36599	1.36602	1.36606	1.3661	1.36614	1.36618	1.36624	1.3663	1.36635	1.36641	1.36648	1.36656	1.36661	1.36667	1.36675	1.36683	1.36688	1.36693	1.367	1.36707	1.3671	1.36713	1.36716	1.36719	1.36719	1.36719	1.36718	1.36716	1.36713	1.36709	1.36705	1.367	1.36694	1.36688	1.36682	1.36676	1.36669	1.36662	1.36656	1.36649	1.36643	1.36637	1.36631	1.36626	1.36621	1.36616	1.36611	1.36607	1.36604	1.366	1.36597	1.36594	1.36593	1.36591	1.3659	1.36589	1.36588	
1.38951	1.38951	1.38952	1.38952	1.38953	1.38954	1.38956	1.38958	1.38961	1.38963	1.38967	1.38971	1.38974	1.38978	1.38983	1.38988	1.38992	1.38997	1.39003	1.39009	1.39014	1.39019	1.39025	1.39032	1.39036	1.39041	1.39046	1.39051	1.39054	1.39056	1.39059	1.39061	1.39061	1.39061	1.3906	1.39059	1.39056	1.39053	1.3905	1.39046	1.39041	1.39036	1.39031	1.39026	1.3902	1.39015	1.39009	1.39004	1.38999	1.38994	1.38989	1.38984	1.3898	1.38975	1.38972	1.38968	1.38965	1.38962	1.38959	1.38957	1.38955	1.38954	1.38953	1.38952	1.38951	
1.41312	1.41312	1.41313	1.41313	1.41314	1.41315	1.41316	1.41318	1.4132	1.41322	1.41325	1.41328	1.41331	1.41334	1.41338	1.41342	1.41345	1.41349	1.41354	1.41359	1.41363	1.41367	1.41372	1.41377	1.41381	1.41384	1.41388	1.41393	1.41395	1.41397	1.41398	1.414	1.414	1.414	1.41399	1.41399	1.41396	1.41394	1.41391	1.41388	1.41384	1.41381	1.41377	1.41372	1.41368	1.41364	1.41359	1.41355	1.41351	1.41346	1.41343	1.41339	1.41335	1.41332	1.41329	1.41326	1.41323	1.41321	1.41319	1.41317	1.41316	1.41314	1.41313	1.41313	1.41312	
1.43673	1.43673	1.43673	1.43674	1.43675	1.43675	1.43677	1.43678	1.43679	1.43681	1.43683	1.43685	1.43688	1.4369	1.43693	1.43696	1.43699	1.43701	1.43705	1.43709	1.43712	1.43715	1.43719	1.43723	1.43725	1.43728	1.43731	1.43734	1.43735	1.43737	1.43738	1.43739	1.43739	1.43739	1.43739	1.43738	1.43737	1.43735	1.43733	1.43731	1.43728	1.43725	1.43722	1.43719	1.43716	1.43712	1.43709	1.43706	1.43703	1.43699	1.43696	1.43693	1.43691	1.43688	1.43686	1.43684	1.43682	1.4368	1.43678	1.43677	1.43676	1.43675	1.43674	1.43673	1.43673	
1.46033	1.46033	1.46033	1.46033	1.46034	1.46034	1.46035	1.46036	1.46037	1.46038	1.46039	1.46041	1.46042	1.46044	1.46046	1.46048	1.4605	1.46052	1.46054	1.46057	1.46059	1.46061	1.46063	1.46066	1.46067	1.46069	1.46071	1.46073	1.46074	1.46075	1.46076	1.46077	1.46077	1.46077	1.46076	1.46076	1.46075	1.46074	1.46072	1.46071	1.46069	1.46067	1.46065	1.46063	1.46061	1.46059	1.46057	1.46054	1.46052	1.4605	1.46048	1.46046	1.46045	1.46043	1.46041	1.4604	1.46038	1.46037	1.46036	1.46035	1.46034	1.46034	1.46033	1.46033	1.46033	
1.48392	1.48392	1.48392	1.48392	1.48393	1.48393	1.48393	1.48394	1.48394	1.48395	1.48396	1.48396	1.48397	1.48398	1.48399	1.484	1.48401	1.48402	1.48403	1.48404	1.48405	1.48406	1.48408	1.48409	1.4841	1.4841	1.48411	1.48412	1.48413	1.48413	1.48414	1.48414	1.48414	1.48414	1.48414	1.48414	1.48413	1.48413	1.48412	1.48411	1.48411	1.4841	1.48409	1.48408	1.48407	1.48405	1.48404	1.48403	1.48402	1.48401	1.484	1.48399	1.48398	1.48397	1.48397	1.48396	1.48395	1.48395	1.48394	1.48393	1.48393	1.48393	1.48393	1.48392	1.48392	
1.50751	1.50751	1.50751	1.50751	1.50751	1.50751	1.50751	1.50751	1.50751	1.50751	1.50751	1.50751	1.50751	1.50751	1.50751	1.50751	1.50751	1.50751	1.50751	1.50751	1.50751	1.50751	1.50751	1.50751	1.50751	1.50751	1.50751	1.50751	1.50751	1.50751	1.50751	1.50751	1.50751	1.50751	1.50751	1.50751	1.50751	1.50751	1.50751	1.50751	1.50751	1.50751	1.50751	1.50751	1.50751	1.50751	1.50751	1.50751	1.50751	1.50751	1.50751	1.50751	1.50751	1.50751	1.50751	1.50751	1.50751	1.50751	1.50751	1.50751	1.50751	1.50751	1.50751	1.50751	1.50751	
