x=100	y=200	z=200	n=65	len=1
b
0	0	0	0	0	0	0	0	0	0	0	0	0	0	0	0	0	0	0	0	0	0	0	0	0	0	0	0	0	0	0	0	0	0	0	0	0	0	0	0	0	0	0	0	0	0	0	0	0	0	0	0	0	0	0	0	0	0	0	0	0	0	0	0	0	
0.0236181	0.0236072	0.0235926	0.0235779	0.0235761	0.0235744	0.0235756	0.0235769	0.023569	0.0235611	0.0235518	0.0235425	0.0235282	0.0235138	0.0234988	0.0234838	0.0234671	0.0234503	0.0234329	0.0234155	0.0233989	0.0233824	0.0233656	0.0233488	0.023336	0.0233231	0.0233106	0.023298	0.0232927	0.0232873	0.0232826	0.0232779	0.0232809	0.0232838	0.0232875	0.0232913	0.0233015	0.0233117	0.0233234	0.0233351	0.0233499	0.0233648	0.0233813	0.0233979	0.0234141	0.0234302	0.0234487	0.0234671	0.0234818	0.0234965	0.0235141	0.0235317	0.0235432	0.0235546	0.0235712	0.0235877	0.0235959	0.0236041	0.023623	0.0236419	0.0236476	0.0236532	0.0236411	0.023629	0.0236181	
0.0472494	0.0472413	0.0472249	0.0472086	0.0471997	0.0471907	0.0471826	0.0471744	0.0471554	0.0471365	0.0471157	0.047095	0.0470661	0.0470372	0.0470068	0.0469764	0.046943	0.0469096	0.0468746	0.0468396	0.0468065	0.0467734	0.0467393	0.0467051	0.0466797	0.0466542	0.0466281	0.0466021	0.046592	0.0465819	0.0465714	0.0465609	0.0465679	0.0465749	0.0465819	0.0465889	0.0466104	0.0466319	0.0466555	0.0466792	0.0467095	0.0467397	0.0467734	0.0468071	0.0468397	0.0468724	0.0469092	0.0469459	0.0469756	0.0470052	0.0470397	0.0470742	0.0470973	0.0471204	0.0471497	0.047179	0.0471935	0.0472081	0.0472325	0.047257	0.0472641	0.0472713	0.0472644	0.0472575	0.0472494	
0.0708807	0.0708753	0.0708573	0.0708393	0.0708232	0.0708071	0.0707895	0.0707719	0.0707419	0.0707118	0.0706796	0.0706474	0.070604	0.0705605	0.0705147	0.070469	0.070419	0.0703689	0.0703164	0.0702638	0.0702141	0.0701644	0.0701129	0.0700614	0.0700233	0.0699853	0.0699457	0.0699061	0.0698913	0.0698766	0.0698602	0.0698439	0.0698549	0.0698659	0.0698762	0.0698865	0.0699192	0.069952	0.0699877	0.0700233	0.070069	0.0701147	0.0701655	0.0702162	0.0702654	0.0703147	0.0703697	0.0704248	0.0704694	0.070514	0.0705654	0.0706167	0.0706515	0.0706862	0.0707282	0.0707702	0.0707912	0.0708122	0.0708421	0.0708721	0.0708807	0.0708893	0.0708876	0.070886	0.0708807	
0.0945405	0.0945332	0.0945204	0.0945076	0.0944859	0.0944642	0.0944352	0.0944062	0.0943644	0.0943226	0.0942786	0.0942345	0.0941763	0.0941181	0.0940572	0.0939962	0.0939282	0.0938602	0.0937893	0.0937185	0.09365	0.0935815	0.0935109	0.0934404	0.0933869	0.0933335	0.0932791	0.0932247	0.0932028	0.093181	0.0931597	0.0931384	0.0931534	0.0931685	0.093184	0.0931995	0.0932455	0.0932915	0.0933409	0.0933903	0.0934539	0.0935174	0.0935868	0.0936561	0.0937234	0.0937906	0.0938639	0.0939372	0.0939978	0.0940584	0.0941256	0.0941928	0.0942387	0.0942846	0.0943365	0.0943884	0.0944162	0.094444	0.0944749	0.0945059	0.094519	0.094532	0.0945399	0.0945479	0.0945405	
0.1182	0.118191	0.118183	0.118176	0.118149	0.118121	0.118081	0.118041	0.117987	0.117933	0.117877	0.117822	0.117749	0.117676	0.1176	0.117523	0.117437	0.117351	0.117262	0.117173	0.117086	0.116999	0.116909	0.116819	0.116751	0.116682	0.116612	0.116543	0.116514	0.116485	0.116459	0.116433	0.116452	0.116471	0.116492	0.116513	0.116572	0.116631	0.116694	0.116757	0.116839	0.11692	0.117008	0.117096	0.117181	0.117266	0.117358	0.11745	0.117526	0.117603	0.117686	0.117769	0.117826	0.117883	0.117945	0.118007	0.118041	0.118076	0.118108	0.11814	0.118157	0.118175	0.118192	0.11821	0.1182	
0.141902	0.141883	0.141875	0.141867	0.141838	0.141809	0.141764	0.14172	0.141658	0.141595	0.141529	0.141463	0.141376	0.141289	0.141198	0.141107	0.141002	0.140896	0.140788	0.140681	0.140571	0.140462	0.140351	0.14024	0.140152	0.140063	0.139975	0.139888	0.139851	0.139814	0.139781	0.139747	0.139773	0.139799	0.139826	0.139853	0.139928	0.140004	0.140084	0.140164	0.140267	0.140369	0.140478	0.140586	0.140691	0.140795	0.140906	0.141017	0.14111	0.141202	0.141298	0.141395	0.141463	0.141531	0.141602	0.141672	0.141715	0.141757	0.141796	0.141835	0.14186	0.141884	0.141903	0.141922	0.141902	
0.165604	0.165574	0.165566	0.165559	0.165527	0.165496	0.165448	0.1654	0.165328	0.165256	0.16518	0.165104	0.165003	0.164902	0.164796	0.164691	0.164566	0.164441	0.164315	0.164188	0.164057	0.163926	0.163794	0.163661	0.163553	0.163444	0.163338	0.163233	0.163188	0.163143	0.163103	0.163062	0.163095	0.163128	0.16316	0.163193	0.163285	0.163377	0.163474	0.163571	0.163695	0.163818	0.163947	0.164076	0.1642	0.164324	0.164454	0.164585	0.164693	0.164801	0.164911	0.165021	0.1651	0.165179	0.165259	0.165338	0.165388	0.165439	0.165484	0.16553	0.165562	0.165594	0.165614	0.165634	0.165604	
0.189361	0.189329	0.189321	0.189313	0.189277	0.189241	0.18919	0.189139	0.189059	0.18898	0.188897	0.188813	0.188699	0.188585	0.188468	0.188351	0.188207	0.188063	0.187917	0.18777	0.187613	0.187457	0.187299	0.187141	0.187006	0.18687	0.18674	0.186609	0.18655	0.186491	0.186445	0.186398	0.18644	0.186483	0.186526	0.18657	0.186685	0.186801	0.18692	0.187039	0.187189	0.187338	0.18749	0.187641	0.187787	0.187934	0.188082	0.18823	0.188352	0.188475	0.188596	0.188718	0.188807	0.188896	0.188982	0.189068	0.189125	0.189181	0.189231	0.189282	0.189315	0.189348	0.18937	0.189392	0.189361	
0.213117	0.213084	0.213076	0.213068	0.213027	0.212985	0.212931	0.212877	0.21279	0.212704	0.212613	0.212523	0.212396	0.212269	0.21214	0.212011	0.211848	0.211685	0.211518	0.211352	0.211169	0.210987	0.210804	0.210621	0.210459	0.210296	0.210141	0.209985	0.209912	0.209839	0.209787	0.209734	0.209786	0.209838	0.209892	0.209947	0.210086	0.210225	0.210366	0.210507	0.210683	0.210858	0.211032	0.211206	0.211375	0.211545	0.21171	0.211875	0.212012	0.212149	0.212282	0.212416	0.212514	0.212612	0.212705	0.212798	0.212861	0.212924	0.212979	0.213033	0.213067	0.213101	0.213126	0.21315	0.213117	
0.236924	0.23689	0.236882	0.236875	0.23683	0.236786	0.236732	0.236679	0.236587	0.236495	0.236401	0.236307	0.236171	0.236034	0.235897	0.23576	0.235579	0.235398	0.235216	0.235033	0.23482	0.234608	0.234396	0.234183	0.233984	0.233784	0.233596	0.233409	0.233316	0.233223	0.233159	0.233095	0.233166	0.233237	0.233307	0.233376	0.233547	0.233717	0.233887	0.234056	0.234263	0.234471	0.23467	0.23487	0.23506	0.235251	0.235431	0.235611	0.235761	0.235912	0.236052	0.236193	0.236298	0.236404	0.236501	0.236597	0.236664	0.23673	0.236786	0.236842	0.236876	0.236909	0.236934	0.236958	0.236924	
0.260732	0.260697	0.260689	0.260681	0.260634	0.260586	0.260533	0.26048	0.260383	0.260286	0.260189	0.260092	0.259946	0.2598	0.259654	0.259509	0.25931	0.259112	0.258913	0.258714	0.258471	0.258228	0.257987	0.257746	0.257509	0.257273	0.257052	0.256832	0.256719	0.256607	0.256532	0.256456	0.256546	0.256636	0.256721	0.256806	0.257008	0.257209	0.257407	0.257605	0.257844	0.258083	0.258309	0.258534	0.258746	0.258958	0.259152	0.259347	0.259511	0.259675	0.259822	0.25997	0.260083	0.260196	0.260296	0.260397	0.260467	0.260536	0.260594	0.260652	0.260685	0.260718	0.260742	0.260766	0.260732	
0.284582	0.284549	0.284542	0.284535	0.284486	0.284438	0.284388	0.284338	0.284242	0.284145	0.284051	0.283958	0.283807	0.283656	0.283509	0.283362	0.283151	0.282939	0.282728	0.282517	0.282245	0.281972	0.281698	0.281425	0.281137	0.28085	0.280577	0.280303	0.280153	0.280002	0.279923	0.279843	0.279965	0.280086	0.2802	0.280315	0.280563	0.280811	0.281046	0.28128	0.281556	0.281832	0.282079	0.282326	0.282558	0.28279	0.282993	0.283196	0.283368	0.283539	0.283688	0.283836	0.28395	0.284065	0.284162	0.284259	0.284327	0.284396	0.284451	0.284506	0.284537	0.284569	0.284592	0.284615	0.284582	
0.308433	0.308401	0.308395	0.308388	0.308339	0.30829	0.308244	0.308197	0.308101	0.308004	0.307914	0.307823	0.307668	0.307513	0.307364	0.307215	0.306991	0.306767	0.306544	0.306321	0.306018	0.305716	0.30541	0.305104	0.304766	0.304428	0.304101	0.303774	0.303586	0.303397	0.303314	0.30323	0.303383	0.303536	0.30368	0.303824	0.304118	0.304412	0.304684	0.304956	0.305269	0.305581	0.30585	0.306119	0.306371	0.306622	0.306834	0.307046	0.307225	0.307404	0.307553	0.307702	0.307818	0.307934	0.308027	0.30812	0.308188	0.308256	0.308308	0.308361	0.30839	0.30842	0.308442	0.308464	0.308433	
0.332305	0.332275	0.332271	0.332266	0.332219	0.332173	0.332134	0.332096	0.332004	0.331913	0.331834	0.331754	0.331604	0.331453	0.331316	0.331179	0.330948	0.330718	0.330496	0.330273	0.329941	0.32961	0.329277	0.328944	0.328533	0.328122	0.327725	0.327328	0.327078	0.326827	0.326725	0.326622	0.326845	0.327068	0.327257	0.327447	0.3278	0.328152	0.328469	0.328786	0.329137	0.329488	0.329775	0.330061	0.330327	0.330593	0.330802	0.331011	0.331189	0.331366	0.331504	0.331641	0.331751	0.331861	0.331945	0.332028	0.33209	0.332152	0.332197	0.332243	0.332269	0.332296	0.332315	0.332334	0.332305	
0.356177	0.356149	0.356146	0.356144	0.3561	0.356056	0.356025	0.355995	0.355908	0.355822	0.355753	0.355685	0.355539	0.355393	0.355268	0.355142	0.354906	0.35467	0.354448	0.354225	0.353865	0.353504	0.353144	0.352784	0.3523	0.351817	0.351349	0.350882	0.35057	0.350257	0.350135	0.350013	0.350306	0.350599	0.350835	0.35107	0.351481	0.351893	0.352254	0.352615	0.353005	0.353396	0.353699	0.354003	0.354283	0.354563	0.35477	0.354977	0.355153	0.355329	0.355454	0.35558	0.355684	0.355789	0.355862	0.355935	0.355992	0.356048	0.356087	0.356125	0.356148	0.356171	0.356188	0.356204	0.356177	
0.380035	0.380011	0.380012	0.380013	0.379977	0.379942	0.379923	0.379905	0.379831	0.379758	0.37971	0.379662	0.379532	0.379402	0.379303	0.379203	0.378982	0.37876	0.378562	0.378364	0.377994	0.377624	0.377246	0.376869	0.376302	0.375736	0.375126	0.374517	0.374081	0.373645	0.373546	0.373446	0.373856	0.374267	0.37459	0.374914	0.375408	0.375903	0.376308	0.376713	0.377135	0.377557	0.377853	0.37815	0.378422	0.378695	0.378876	0.379057	0.379217	0.379377	0.379477	0.379577	0.379666	0.379755	0.379808	0.37986	0.379906	0.379951	0.379976	0.380002	0.380019	0.380036	0.380048	0.38006	0.380035	
0.403894	0.403872	0.403878	0.403883	0.403855	0.403827	0.403821	0.403815	0.403755	0.403694	0.403666	0.403639	0.403525	0.403412	0.403338	0.403264	0.403058	0.402851	0.402677	0.402502	0.402124	0.401745	0.401349	0.400954	0.400304	0.399655	0.398903	0.398151	0.397592	0.397033	0.396956	0.396879	0.397406	0.397934	0.398346	0.398758	0.399336	0.399913	0.400362	0.400811	0.401265	0.401718	0.402008	0.402297	0.402562	0.402827	0.402982	0.403137	0.403281	0.403426	0.4035	0.403573	0.403647	0.403721	0.403754	0.403786	0.40382	0.403853	0.403866	0.403878	0.403889	0.4039	0.403908	0.403916	0.403894	
0.427701	0.427682	0.427692	0.427702	0.427685	0.427668	0.427678	0.427688	0.427649	0.427609	0.427612	0.427615	0.427534	0.427453	0.427427	0.4274	0.427233	0.427065	0.426951	0.426837	0.426476	0.426115	0.425761	0.425406	0.424657	0.423907	0.423015	0.422123	0.421344	0.420566	0.420455	0.420345	0.421138	0.421932	0.422456	0.422979	0.423628	0.424277	0.424747	0.425218	0.425681	0.426144	0.42639	0.426636	0.426871	0.427107	0.427206	0.427305	0.427413	0.427521	0.427551	0.427581	0.427628	0.427675	0.427677	0.42768	0.427697	0.427714	0.42771	0.427706	0.427711	0.427715	0.427717	0.427719	0.427701	
0.451507	0.451492	0.451507	0.451521	0.451514	0.451508	0.451535	0.451561	0.451543	0.451525	0.451558	0.451592	0.451543	0.451494	0.451515	0.451537	0.451408	0.451279	0.451225	0.451171	0.450828	0.450485	0.450172	0.449859	0.44901	0.44816	0.447127	0.446094	0.445096	0.444099	0.443955	0.443811	0.444871	0.44593	0.446565	0.447201	0.447921	0.448641	0.449133	0.449624	0.450097	0.45057	0.450772	0.450975	0.451181	0.451387	0.45143	0.451474	0.451545	0.451616	0.451603	0.451589	0.451608	0.451627	0.451601	0.451575	0.451575	0.451575	0.451555	0.451535	0.451532	0.45153	0.451526	0.451522	0.451507	
0.475214	0.475204	0.475223	0.475242	0.475249	0.475257	0.475302	0.475347	0.475357	0.475366	0.475438	0.475509	0.475506	0.475503	0.475589	0.475674	0.475617	0.47556	0.475619	0.475678	0.475432	0.475186	0.475067	0.474948	0.47409	0.473233	0.471779	0.470326	0.468922	0.467518	0.467515	0.467513	0.469052	0.470591	0.471414	0.472238	0.472985	0.473733	0.474146	0.47456	0.47497	0.475379	0.475451	0.475522	0.475648	0.475774	0.475721	0.475668	0.475682	0.475696	0.475622	0.475548	0.475529	0.47551	0.475448	0.475387	0.475366	0.475345	0.475306	0.475267	0.475256	0.475244	0.475234	0.475224	0.475214	
0.498921	0.498915	0.498939	0.498963	0.498984	0.499005	0.499069	0.499134	0.499171	0.499208	0.499317	0.499426	0.49947	0.499513	0.499662	0.49981	0.499826	0.499842	0.500013	0.500184	0.500036	0.499887	0.499962	0.500036	0.499171	0.498306	0.496431	0.494557	0.492747	0.490937	0.491076	0.491215	0.493233	0.495251	0.496263	0.497276	0.49805	0.498824	0.49916	0.499496	0.499843	0.500189	0.500129	0.500069	0.500115	0.500162	0.500012	0.499863	0.499819	0.499776	0.499641	0.499507	0.49945	0.499392	0.499295	0.499198	0.499157	0.499115	0.499057	0.499	0.498979	0.498959	0.498943	0.498926	0.498921	
0.522487	0.522486	0.522514	0.522543	0.522577	0.522612	0.522693	0.522774	0.52284	0.522905	0.52305	0.523194	0.523291	0.523388	0.52361	0.523832	0.523951	0.524071	0.524403	0.524736	0.52483	0.524924	0.525479	0.526034	0.525323	0.524611	0.521866	0.519121	0.516123	0.513125	0.513903	0.514682	0.517964	0.521247	0.522501	0.523755	0.52439	0.525024	0.52501	0.524996	0.525132	0.525268	0.524978	0.524687	0.524597	0.524507	0.524235	0.523964	0.523842	0.52372	0.523521	0.523323	0.523225	0.523126	0.522995	0.522864	0.522801	0.522738	0.522664	0.52259	0.522561	0.522533	0.522511	0.522489	0.522487	
0.546054	0.546057	0.54609	0.546122	0.54617	0.546218	0.546316	0.546415	0.546509	0.546603	0.546783	0.546963	0.547113	0.547263	0.547558	0.547853	0.548077	0.548301	0.548794	0.549287	0.549624	0.54996	0.550996	0.552032	0.551475	0.550917	0.547301	0.543684	0.539499	0.535314	0.536731	0.538148	0.542695	0.547243	0.548739	0.550235	0.550729	0.551224	0.55086	0.550496	0.550422	0.550347	0.549826	0.549306	0.549079	0.548851	0.548458	0.548065	0.547864	0.547664	0.547401	0.547139	0.546999	0.54686	0.546695	0.546531	0.546446	0.546362	0.546271	0.54618	0.546144	0.546107	0.546079	0.546052	0.546054	
0.569444	0.569451	0.569485	0.569519	0.569577	0.569634	0.569741	0.569848	0.569963	0.570078	0.570282	0.570486	0.570681	0.570875	0.57123	0.571586	0.571907	0.572227	0.572907	0.573587	0.574183	0.574779	0.576404	0.578029	0.578927	0.579826	0.579371	0.578916	0.573032	0.567149	0.565513	0.563878	0.56943	0.574983	0.57739	0.579798	0.579661	0.579524	0.578235	0.576945	0.576328	0.575711	0.574761	0.57381	0.573374	0.572937	0.57241	0.571883	0.571607	0.57133	0.571017	0.570703	0.57053	0.570358	0.570171	0.569984	0.569885	0.569786	0.569685	0.569585	0.569543	0.569501	0.569469	0.569438	0.569444	
0.592834	0.592845	0.592881	0.592916	0.592983	0.59305	0.593166	0.593282	0.593418	0.593554	0.593782	0.594009	0.594248	0.594487	0.594903	0.595318	0.595736	0.596154	0.59702	0.597887	0.598743	0.599599	0.601812	0.604026	0.60638	0.608734	0.611441	0.614147	0.606566	0.598984	0.594296	0.589609	0.596165	0.602722	0.606042	0.609361	0.608593	0.607824	0.605609	0.603394	0.602234	0.601075	0.599695	0.598315	0.597669	0.597023	0.596363	0.595702	0.595349	0.594996	0.594632	0.594267	0.594061	0.593856	0.593646	0.593437	0.593324	0.59321	0.5931	0.59299	0.592942	0.592894	0.592859	0.592824	0.592834	
0.616041	0.616054	0.616088	0.616121	0.616191	0.616262	0.616378	0.616494	0.616638	0.616782	0.617008	0.617235	0.61749	0.617745	0.618163	0.61858	0.619037	0.619493	0.62035	0.621206	0.622175	0.623143	0.626251	0.629359	0.636539	0.643719	0.646687	0.649655	0.640745	0.631835	0.624279	0.616723	0.63003	0.643337	0.64561	0.647883	0.642772	0.63766	0.633683	0.629705	0.627621	0.625536	0.623809	0.622081	0.621297	0.620512	0.619784	0.619056	0.618659	0.618263	0.617885	0.617508	0.61729	0.617073	0.616863	0.616652	0.616535	0.616418	0.616307	0.616197	0.616148	0.616099	0.616063	0.616027	0.616041	
0.639248	0.639264	0.639294	0.639325	0.6394	0.639475	0.63959	0.639706	0.639858	0.640009	0.640235	0.64046	0.640732	0.641003	0.641423	0.641842	0.642337	0.642831	0.643679	0.644526	0.645606	0.646686	0.650689	0.654692	0.666698	0.678703	0.681933	0.685163	0.674924	0.665395	0.652921	0.643838	0.663895	0.683938	0.68753	0.686405	0.67695	0.667495	0.661756	0.656017	0.653007	0.649998	0.647923	0.645847	0.644924	0.644001	0.643205	0.642409	0.641969	0.64153	0.641139	0.640748	0.640519	0.640291	0.640079	0.639867	0.639746	0.639625	0.639514	0.639403	0.639353	0.639303	0.639267	0.639231	0.639248	
0.662283	0.662302	0.662325	0.662349	0.662416	0.662482	0.66258	0.662677	0.662814	0.66295	0.663141	0.663331	0.66357	0.663809	0.66415	0.664492	0.664899	0.665306	0.665906	0.666506	0.667208	0.66791	0.669954	0.671999	0.681035	0.690072	0.697149	0.704225	0.698108	0.694496	0.677933	0.674834	0.695924	0.729195	0.736391	0.720546	0.707683	0.694821	0.686139	0.677458	0.674547	0.671637	0.669656	0.667674	0.66694	0.666206	0.665589	0.664971	0.664605	0.664239	0.663913	0.663587	0.663388	0.663189	0.663006	0.662824	0.662718	0.662612	0.662515	0.662419	0.662375	0.662331	0.662298	0.662265	0.662283	
0.685319	0.685339	0.685356	0.685374	0.685431	0.685489	0.685569	0.685649	0.68577	0.68589	0.686046	0.686202	0.686408	0.686614	0.686878	0.687141	0.68746	0.68778	0.688133	0.688486	0.68881	0.689134	0.689219	0.689305	0.695373	0.70144	0.712364	0.723287	0.721292	0.722214	0.704167	0.707095	0.729135	0.755731	0.769898	0.76535	0.749964	0.726358	0.707343	0.698899	0.696087	0.693275	0.691388	0.689502	0.688957	0.688412	0.687972	0.687533	0.687241	0.686948	0.686687	0.686427	0.686257	0.686086	0.685933	0.68578	0.685689	0.685598	0.685517	0.685435	0.685397	0.685358	0.685329	0.6853	0.685319	
0.70823	0.708246	0.708257	0.708268	0.708311	0.708355	0.708406	0.708457	0.708546	0.708635	0.708734	0.708832	0.708978	0.709123	0.709276	0.709428	0.709632	0.709835	0.709959	0.710082	0.710198	0.710313	0.709623	0.708933	0.711652	0.714372	0.7228	0.731229	0.73264	0.742131	0.732368	0.726215	0.738333	0.760953	0.774545	0.774329	0.757227	0.729815	0.716458	0.712603	0.711947	0.711291	0.710758	0.710225	0.710113	0.710001	0.70981	0.709619	0.709455	0.709291	0.709135	0.708978	0.708867	0.708756	0.708654	0.708551	0.708489	0.708427	0.708369	0.708311	0.708285	0.708259	0.708237	0.708215	0.70823	
0.731141	0.731152	0.731157	0.731162	0.731191	0.731221	0.731243	0.731264	0.731322	0.73138	0.731421	0.731462	0.731547	0.731633	0.731674	0.731715	0.731803	0.731891	0.731784	0.731677	0.731585	0.731493	0.730027	0.728561	0.727932	0.727303	0.733237	0.73917	0.743988	0.751467	0.750282	0.751226	0.744707	0.758872	0.770527	0.781032	0.757394	0.728554	0.724121	0.726307	0.727807	0.729306	0.730128	0.730949	0.73127	0.73159	0.731648	0.731705	0.73167	0.731634	0.731582	0.731529	0.731477	0.731426	0.731374	0.731322	0.731289	0.731256	0.731221	0.731186	0.731173	0.731161	0.731145	0.73113	0.731141	
0.753997	0.754004	0.753998	0.753993	0.754004	0.754015	0.754004	0.753992	0.754009	0.754026	0.753999	0.753973	0.753984	0.753995	0.753913	0.753831	0.753797	0.753763	0.753469	0.753175	0.752907	0.752638	0.751363	0.750088	0.749889	0.749691	0.752259	0.754828	0.755576	0.757749	0.756715	0.755337	0.759056	0.763891	0.779755	0.777392	0.750589	0.734215	0.74063	0.74873	0.749544	0.750357	0.751337	0.752316	0.752779	0.753242	0.753482	0.753722	0.753802	0.753883	0.753935	0.753986	0.753998	0.75401	0.754014	0.754017	0.754018	0.754018	0.754011	0.754003	0.754004	0.754005	0.753998	0.753991	0.753997	
0.776854	0.776856	0.77684	0.776823	0.776817	0.77681	0.776765	0.776719	0.776696	0.776673	0.776578	0.776483	0.77642	0.776357	0.776153	0.775948	0.775791	0.775634	0.775154	0.774673	0.774228	0.773784	0.7727	0.771616	0.771847	0.772078	0.771282	0.771451	0.769277	0.766522	0.763779	0.760564	0.762896	0.764429	0.768483	0.759133	0.750857	0.757906	0.766307	0.771155	0.771281	0.771408	0.772545	0.773683	0.774289	0.774894	0.775316	0.775738	0.775935	0.776132	0.776288	0.776443	0.776519	0.776595	0.776653	0.776712	0.776746	0.77678	0.7768	0.77682	0.776835	0.77685	0.776851	0.776852	0.776854	
0.799736	0.799739	0.79971	0.799682	0.799657	0.799633	0.799559	0.799486	0.799425	0.799365	0.799219	0.799073	0.798943	0.798814	0.798526	0.798237	0.797971	0.797705	0.797129	0.796553	0.796002	0.795452	0.794402	0.793352	0.793141	0.792929	0.791796	0.789523	0.786064	0.783373	0.779585	0.775187	0.780895	0.778104	0.770161	0.772284	0.777691	0.785681	0.790526	0.793495	0.793431	0.793366	0.794561	0.795757	0.796346	0.796936	0.797458	0.797979	0.798245	0.798512	0.798745	0.798978	0.799104	0.79923	0.799339	0.799449	0.799511	0.799573	0.79962	0.799667	0.799692	0.799717	0.799725	0.799733	0.799736	
0.822618	0.822621	0.822581	0.822541	0.822498	0.822456	0.822354	0.822252	0.822155	0.822057	0.82186	0.821662	0.821467	0.821271	0.820898	0.820526	0.820151	0.819776	0.819104	0.818433	0.817776	0.81712	0.816104	0.815089	0.814434	0.81378	0.81231	0.812001	0.81048	0.808906	0.801369	0.793903	0.797691	0.800496	0.797306	0.800115	0.805457	0.809793	0.812815	0.815836	0.81558	0.815324	0.816577	0.81783	0.818404	0.818977	0.819599	0.820221	0.820556	0.820891	0.821201	0.821512	0.821689	0.821865	0.822025	0.822185	0.822275	0.822366	0.82244	0.822515	0.82255	0.822584	0.822599	0.822615	0.822618	
0.8456	0.845603	0.845558	0.845513	0.845461	0.845409	0.845292	0.845176	0.84506	0.844945	0.844728	0.844511	0.844294	0.844076	0.843687	0.843298	0.842915	0.842532	0.841888	0.841244	0.840639	0.840034	0.83915	0.838266	0.837409	0.836551	0.835862	0.835428	0.83452	0.831464	0.821807	0.813493	0.817352	0.825584	0.82798	0.828232	0.83103	0.834852	0.836767	0.838681	0.838593	0.838504	0.83965	0.840795	0.841276	0.841758	0.842377	0.842997	0.843329	0.843661	0.843998	0.844335	0.844528	0.84472	0.844906	0.845092	0.845195	0.845298	0.845387	0.845477	0.845517	0.845558	0.845577	0.845597	0.8456	
0.868583	0.868586	0.868536	0.868486	0.868424	0.868362	0.868231	0.8681	0.867966	0.867832	0.867596	0.867359	0.867121	0.866882	0.866476	0.86607	0.865679	0.865288	0.864672	0.864056	0.863501	0.862947	0.862196	0.861444	0.860383	0.859323	0.859415	0.859508	0.857017	0.854526	0.841868	0.82921	0.841016	0.852824	0.8557	0.858576	0.859243	0.859911	0.860718	0.861526	0.861605	0.861685	0.862722	0.86376	0.864149	0.864538	0.865156	0.865773	0.866102	0.866432	0.866795	0.867158	0.867367	0.867576	0.867787	0.867998	0.868114	0.868229	0.868334	0.868439	0.868485	0.868531	0.868555	0.86858	0.868583	
0.891721	0.891722	0.891675	0.891628	0.891564	0.891501	0.891373	0.891245	0.891111	0.890977	0.89075	0.890522	0.890294	0.890066	0.889696	0.889325	0.888983	0.888641	0.888121	0.887601	0.887164	0.886726	0.886158	0.885589	0.884905	0.88422	0.884312	0.884404	0.883099	0.881793	0.874225	0.866658	0.873655	0.880654	0.883878	0.887102	0.886313	0.885523	0.885576	0.885629	0.885694	0.885759	0.88655	0.887341	0.887652	0.887964	0.888503	0.889043	0.889335	0.889627	0.889973	0.890318	0.890515	0.890712	0.890921	0.89113	0.891244	0.891357	0.891465	0.891573	0.89162	0.891668	0.891694	0.891721	0.891721	
0.91486	0.914858	0.914814	0.914769	0.914705	0.91464	0.914516	0.914391	0.914257	0.914123	0.913903	0.913684	0.913467	0.913251	0.912916	0.912581	0.912287	0.911994	0.91157	0.911147	0.910826	0.910504	0.910119	0.909735	0.909426	0.909118	0.90921	0.909301	0.909181	0.90906	0.906583	0.904106	0.906295	0.908484	0.912056	0.915628	0.913382	0.911136	0.910434	0.909732	0.909782	0.909832	0.910377	0.910922	0.911155	0.911389	0.911851	0.912313	0.912567	0.912822	0.91315	0.913479	0.913663	0.913848	0.914055	0.914262	0.914374	0.914485	0.914596	0.914707	0.914756	0.914804	0.914833	0.914862	0.91486	
0.938187	0.938183	0.938145	0.938107	0.938049	0.93799	0.937881	0.937772	0.937655	0.937539	0.93735	0.937161	0.936984	0.936807	0.936536	0.936266	0.936047	0.935828	0.935519	0.93521	0.935006	0.934801	0.934578	0.934354	0.934227	0.9341	0.934227	0.934355	0.934481	0.934607	0.93398	0.933354	0.935208	0.937063	0.938038	0.939013	0.937447	0.93588	0.935203	0.934526	0.934448	0.93437	0.934697	0.935024	0.935162	0.935299	0.935658	0.936016	0.936212	0.936407	0.936686	0.936964	0.937117	0.937271	0.937457	0.937644	0.93774	0.937837	0.937941	0.938045	0.938088	0.938131	0.938161	0.938191	0.938187	
0.961514	0.961507	0.961476	0.961445	0.961393	0.96134	0.961246	0.961153	0.961054	0.960955	0.960797	0.960639	0.960501	0.960363	0.960157	0.959951	0.959807	0.959663	0.959468	0.959274	0.959185	0.959097	0.959036	0.958974	0.959028	0.959083	0.959245	0.959408	0.959781	0.960154	0.961378	0.962601	0.964121	0.965641	0.96402	0.962398	0.961511	0.960625	0.959972	0.95932	0.959113	0.958907	0.959017	0.959127	0.959168	0.959209	0.959464	0.95972	0.959856	0.959993	0.960221	0.960449	0.960571	0.960693	0.960859	0.961025	0.961107	0.961189	0.961285	0.961382	0.96142	0.961458	0.961489	0.961521	0.961514	
0.985024	0.985016	0.984995	0.984973	0.984931	0.984889	0.984817	0.984745	0.984669	0.984594	0.984478	0.984362	0.984267	0.984171	0.984034	0.983897	0.983818	0.983739	0.983641	0.983543	0.983543	0.983543	0.983589	0.983634	0.983784	0.983934	0.984194	0.984454	0.984892	0.985331	0.986233	0.987134	0.988218	0.989302	0.988053	0.986804	0.986084	0.985364	0.984734	0.984104	0.983796	0.983487	0.983476	0.983464	0.983422	0.98338	0.983543	0.983705	0.983776	0.983847	0.98402	0.984193	0.984276	0.984359	0.984494	0.984629	0.984689	0.984749	0.984832	0.984915	0.984944	0.984973	0.985003	0.985033	0.985024	
1.00853	1.00852	1.00851	1.0085	1.00847	1.00844	1.00839	1.00834	1.00829	1.00823	1.00816	1.00809	1.00803	1.00798	1.00791	1.00784	1.00783	1.00782	1.00781	1.00781	1.0079	1.00799	1.00814	1.00829	1.00854	1.00879	1.00914	1.0095	1.01	1.01051	1.01109	1.01167	1.01231	1.01296	1.01209	1.01121	1.01066	1.0101	1.0095	1.00889	1.00848	1.00807	1.00793	1.0078	1.00768	1.00755	1.00762	1.00769	1.0077	1.0077	1.00782	1.00794	1.00798	1.00802	1.00813	1.00823	1.00827	1.00831	1.00838	1.00845	1.00847	1.00849	1.00852	1.00854	1.00853	
1.0322	1.03219	1.03219	1.03219	1.03217	1.03215	1.03212	1.03209	1.03206	1.03203	1.032	1.03197	1.03195	1.03194	1.03193	1.03192	1.03195	1.03198	1.03205	1.03212	1.03225	1.03238	1.03259	1.03279	1.03306	1.03333	1.03369	1.03405	1.03449	1.03494	1.03545	1.03595	1.03641	1.03687	1.03619	1.03551	1.03498	1.03445	1.03389	1.03334	1.03293	1.03252	1.03233	1.03214	1.03197	1.0318	1.0318	1.0318	1.03176	1.03172	1.03178	1.03185	1.03186	1.03186	1.03193	1.03201	1.03202	1.03204	1.03209	1.03214	1.03215	1.03216	1.03219	1.03221	1.0322	
1.05587	1.05586	1.05587	1.05588	1.05586	1.05585	1.05585	1.05585	1.05584	1.05584	1.05584	1.05585	1.05587	1.05589	1.05594	1.05599	1.05607	1.05615	1.05629	1.05642	1.0566	1.05677	1.05703	1.05729	1.05758	1.05787	1.05823	1.0586	1.05898	1.05936	1.0598	1.06024	1.06051	1.06078	1.06029	1.0598	1.0593	1.0588	1.05829	1.05778	1.05738	1.05697	1.05673	1.05648	1.05627	1.05605	1.05598	1.05592	1.05583	1.05573	1.05575	1.05576	1.05573	1.0557	1.05574	1.05578	1.05577	1.05577	1.0558	1.05584	1.05584	1.05584	1.05586	1.05588	1.05587	
1.07966	1.07965	1.07966	1.07968	1.07968	1.07968	1.0797	1.07972	1.07973	1.07974	1.07978	1.07982	1.07986	1.07991	1.08	1.08009	1.0802	1.08031	1.08048	1.08065	1.08085	1.08105	1.08133	1.0816	1.08189	1.08217	1.08252	1.08288	1.08321	1.08354	1.08389	1.08423	1.08444	1.08465	1.08422	1.0838	1.08339	1.08297	1.08251	1.08205	1.08167	1.08128	1.08102	1.08075	1.08051	1.08028	1.08017	1.08006	1.07993	1.07981	1.07978	1.07976	1.0797	1.07964	1.07965	1.07966	1.07964	1.07961	1.07963	1.07965	1.07964	1.07963	1.07965	1.07967	1.07966	
1.10345	1.10344	1.10346	1.10349	1.1035	1.1035	1.10354	1.10358	1.10361	1.10364	1.10371	1.10378	1.10385	1.10393	1.10405	1.10418	1.10432	1.10446	1.10467	1.10488	1.1051	1.10532	1.10562	1.10592	1.1062	1.10648	1.10681	1.10715	1.10743	1.10771	1.10797	1.10822	1.10837	1.10851	1.10816	1.1078	1.10747	1.10714	1.10673	1.10633	1.10596	1.10559	1.10531	1.10502	1.10476	1.1045	1.10435	1.10419	1.10404	1.10388	1.10381	1.10375	1.10366	1.10358	1.10356	1.10355	1.1035	1.10346	1.10346	1.10347	1.10345	1.10343	1.10344	1.10346	1.10345	
1.1273	1.12729	1.12732	1.12735	1.12737	1.12738	1.12744	1.12749	1.12753	1.12758	1.12767	1.12776	1.12785	1.12794	1.12809	1.12824	1.12839	1.12854	1.12876	1.12899	1.1292	1.12942	1.12971	1.13001	1.13027	1.13052	1.13084	1.13115	1.13139	1.13163	1.13184	1.13206	1.13215	1.13224	1.13197	1.13169	1.1314	1.13111	1.13075	1.13038	1.13004	1.1297	1.12942	1.12914	1.12888	1.12862	1.12845	1.12828	1.1281	1.12793	1.12784	1.12775	1.12765	1.12755	1.12751	1.12747	1.12741	1.12736	1.12735	1.12734	1.12731	1.12729	1.1273	1.12731	1.1273	
1.15116	1.15114	1.15118	1.15122	1.15124	1.15126	1.15133	1.1514	1.15146	1.15151	1.15163	1.15174	1.15184	1.15195	1.15212	1.15229	1.15245	1.15261	1.15285	1.15309	1.1533	1.15352	1.15381	1.1541	1.15434	1.15457	1.15486	1.15515	1.15535	1.15554	1.15572	1.15589	1.15593	1.15598	1.15578	1.15557	1.15532	1.15507	1.15476	1.15444	1.15412	1.15381	1.15353	1.15326	1.153	1.15273	1.15255	1.15236	1.15217	1.15198	1.15187	1.15176	1.15163	1.15151	1.15146	1.1514	1.15133	1.15125	1.15124	1.15122	1.15118	1.15115	1.15116	1.15117	1.15116	
1.17504	1.17503	1.17507	1.17511	1.17513	1.17516	1.17523	1.17531	1.17537	1.17544	1.17556	1.17568	1.17579	1.1759	1.17608	1.17626	1.17642	1.17658	1.17682	1.17706	1.17726	1.17747	1.17774	1.17802	1.17823	1.17845	1.17871	1.17897	1.17913	1.1793	1.17944	1.17959	1.17962	1.17964	1.17948	1.17931	1.17909	1.17888	1.1786	1.17833	1.17804	1.17776	1.1775	1.17724	1.17698	1.17673	1.17654	1.17635	1.17616	1.17597	1.17584	1.17572	1.17559	1.17546	1.17539	1.17532	1.17524	1.17516	1.17514	1.17511	1.17507	1.17503	1.17504	1.17505	1.17504	
1.19892	1.19891	1.19895	1.19899	1.19902	1.19905	1.19914	1.19922	1.19929	1.19936	1.19949	1.19962	1.19974	1.19985	1.20004	1.20023	1.20039	1.20055	1.20079	1.20103	1.20122	1.20142	1.20168	1.20194	1.20213	1.20232	1.20255	1.20278	1.20292	1.20306	1.20317	1.20329	1.2033	1.20331	1.20317	1.20304	1.20287	1.20269	1.20245	1.20221	1.20196	1.2017	1.20146	1.20122	1.20097	1.20073	1.20053	1.20033	1.20014	1.19995	1.19981	1.19968	1.19954	1.19941	1.19933	1.19925	1.19916	1.19908	1.19904	1.19901	1.19896	1.19892	1.19892	1.19893	1.19892	
1.22278	1.22277	1.22282	1.22286	1.22289	1.22292	1.22301	1.22309	1.22316	1.22323	1.22337	1.2235	1.22361	1.22373	1.22391	1.22409	1.22425	1.2244	1.22463	1.22485	1.22503	1.22521	1.22545	1.22569	1.22586	1.22603	1.22624	1.22645	1.22657	1.22668	1.22678	1.22688	1.22688	1.22688	1.22678	1.22667	1.22652	1.22636	1.22615	1.22594	1.22571	1.22548	1.22526	1.22504	1.22481	1.22459	1.2244	1.22421	1.22402	1.22384	1.2237	1.22357	1.22343	1.2233	1.22321	1.22313	1.22304	1.22295	1.22291	1.22288	1.22283	1.22279	1.22279	1.22279	1.22278	
1.24665	1.24664	1.24668	1.24673	1.24676	1.24679	1.24688	1.24697	1.24704	1.24711	1.24724	1.24738	1.24749	1.2476	1.24778	1.24796	1.24811	1.24825	1.24847	1.24868	1.24884	1.249	1.24922	1.24945	1.2496	1.24975	1.24993	1.25011	1.25021	1.2503	1.25039	1.25047	1.25047	1.25046	1.25038	1.25031	1.25017	1.25003	1.24985	1.24967	1.24947	1.24926	1.24906	1.24886	1.24865	1.24845	1.24827	1.24809	1.24791	1.24773	1.24759	1.24745	1.24732	1.24718	1.24709	1.24701	1.24692	1.24683	1.24679	1.24675	1.2467	1.24665	1.24666	1.24666	1.24665	
1.27047	1.27046	1.2705	1.27055	1.27058	1.27061	1.2707	1.27078	1.27085	1.27092	1.27105	1.27118	1.27128	1.27139	1.27156	1.27173	1.27186	1.27199	1.27219	1.27239	1.27253	1.27268	1.27288	1.27308	1.27321	1.27334	1.2735	1.27366	1.27374	1.27382	1.2739	1.27397	1.27396	1.27395	1.27389	1.27382	1.27371	1.27359	1.27343	1.27328	1.2731	1.27292	1.27274	1.27256	1.27237	1.27218	1.27202	1.27185	1.27168	1.27152	1.27139	1.27126	1.27113	1.271	1.27091	1.27083	1.27074	1.27065	1.27061	1.27057	1.27052	1.27048	1.27048	1.27048	1.27047	
1.2943	1.29429	1.29433	1.29437	1.2944	1.29443	1.29451	1.2946	1.29466	1.29473	1.29485	1.29498	1.29508	1.29517	1.29533	1.29549	1.29561	1.29574	1.29592	1.2961	1.29623	1.29636	1.29654	1.29671	1.29682	1.29693	1.29707	1.29721	1.29728	1.29734	1.2974	1.29746	1.29745	1.29744	1.29739	1.29734	1.29724	1.29715	1.29702	1.29689	1.29674	1.29658	1.29642	1.29626	1.29609	1.29592	1.29576	1.29561	1.29546	1.29531	1.29518	1.29506	1.29494	1.29482	1.29473	1.29465	1.29456	1.29448	1.29444	1.29439	1.29435	1.29431	1.2943	1.2943	1.2943	
1.31807	1.31806	1.3181	1.31813	1.31816	1.31819	1.31827	1.31834	1.31841	1.31847	1.31858	1.31869	1.31878	1.31887	1.31901	1.31916	1.31927	1.31938	1.31954	1.3197	1.31981	1.31993	1.32008	1.32024	1.32033	1.32043	1.32055	1.32067	1.32072	1.32078	1.32083	1.32088	1.32087	1.32086	1.32082	1.32078	1.3207	1.32061	1.3205	1.32039	1.32026	1.32013	1.31999	1.31985	1.3197	1.31955	1.31941	1.31927	1.31913	1.319	1.31888	1.31877	1.31866	1.31855	1.31847	1.31839	1.31832	1.31824	1.3182	1.31816	1.31812	1.31808	1.31808	1.31807	1.31807	
1.34184	1.34183	1.34186	1.3419	1.34193	1.34195	1.34202	1.34209	1.34215	1.3422	1.34231	1.34241	1.34249	1.34257	1.3427	1.34282	1.34292	1.34302	1.34316	1.3433	1.3434	1.34349	1.34363	1.34376	1.34384	1.34392	1.34402	1.34412	1.34417	1.34421	1.34425	1.3443	1.34429	1.34428	1.34425	1.34422	1.34415	1.34408	1.34399	1.3439	1.34378	1.34367	1.34355	1.34344	1.34331	1.34317	1.34305	1.34293	1.34281	1.34269	1.34259	1.34248	1.34238	1.34229	1.34221	1.34214	1.34207	1.342	1.34196	1.34192	1.34189	1.34185	1.34185	1.34184	1.34184	
1.36555	1.36555	1.36558	1.36561	1.36563	1.36566	1.36572	1.36578	1.36583	1.36587	1.36596	1.36605	1.36612	1.36619	1.3663	1.36641	1.3665	1.36658	1.3667	1.36682	1.3669	1.36698	1.3671	1.36721	1.36727	1.36734	1.36743	1.36751	1.36755	1.36758	1.36762	1.36766	1.36765	1.36764	1.36761	1.36759	1.36753	1.36747	1.3674	1.36733	1.36723	1.36713	1.36704	1.36694	1.36683	1.36672	1.36661	1.36651	1.3664	1.3663	1.36621	1.36612	1.36603	1.36595	1.36588	1.36582	1.36576	1.3657	1.36567	1.36563	1.3656	1.36556	1.36556	1.36556	1.36555	
1.38927	1.38926	1.38929	1.38932	1.38934	1.38936	1.38941	1.38946	1.3895	1.38954	1.38962	1.3897	1.38976	1.38981	1.38991	1.39	1.39007	1.39014	1.39024	1.39034	1.39041	1.39047	1.39056	1.39066	1.39071	1.39076	1.39083	1.3909	1.39093	1.39095	1.39099	1.39102	1.39101	1.391	1.39098	1.39096	1.39092	1.39087	1.39081	1.39075	1.39068	1.3906	1.39052	1.39044	1.39035	1.39026	1.39017	1.39009	1.39	1.38991	1.38983	1.38976	1.38968	1.38961	1.38956	1.3895	1.38945	1.3894	1.38937	1.38934	1.38931	1.38928	1.38928	1.38928	1.38927	
1.41294	1.41294	1.41296	1.41298	1.41299	1.41301	1.41305	1.4131	1.41313	1.41316	1.41322	1.41328	1.41333	1.41338	1.41345	1.41353	1.41358	1.41364	1.41372	1.4138	1.41385	1.4139	1.41398	1.41405	1.41409	1.41413	1.41419	1.41424	1.41426	1.41428	1.41431	1.41433	1.41433	1.41432	1.41431	1.41429	1.41425	1.41422	1.41417	1.41413	1.41407	1.414	1.41394	1.41388	1.41381	1.41373	1.41367	1.4136	1.41353	1.41345	1.41339	1.41333	1.41327	1.41321	1.41317	1.41313	1.41308	1.41304	1.41302	1.413	1.41297	1.41295	1.41295	1.41295	1.41294	
1.43661	1.43661	1.43662	1.43664	1.43665	1.43666	1.4367	1.43673	1.43675	1.43678	1.43682	1.43687	1.43691	1.43694	1.437	1.43706	1.4371	1.43714	1.4372	1.43726	1.43729	1.43733	1.43739	1.43744	1.43747	1.4375	1.43754	1.43758	1.4376	1.43761	1.43763	1.43765	1.43764	1.43764	1.43763	1.43762	1.43759	1.43757	1.43753	1.4375	1.43745	1.43741	1.43736	1.43732	1.43726	1.43721	1.43716	1.43711	1.43706	1.437	1.43696	1.43691	1.43686	1.43682	1.43679	1.43675	1.43672	1.43669	1.43667	1.43665	1.43663	1.43662	1.43662	1.43661	1.43661	
1.46025	1.46025	1.46026	1.46027	1.46028	1.46028	1.46031	1.46033	1.46034	1.46036	1.46039	1.46042	1.46045	1.46047	1.46051	1.46055	1.46057	1.4606	1.46064	1.46068	1.4607	1.46073	1.46077	1.4608	1.46082	1.46084	1.46087	1.4609	1.46091	1.46092	1.46093	1.46094	1.46094	1.46093	1.46093	1.46092	1.4609	1.46088	1.46086	1.46084	1.46081	1.46078	1.46075	1.46072	1.46068	1.46065	1.46062	1.46058	1.46055	1.46051	1.46048	1.46045	1.46042	1.46039	1.46037	1.46034	1.46032	1.4603	1.46029	1.46028	1.46026	1.46025	1.46025	1.46025	1.46025	
1.48389	1.48388	1.48389	1.4839	1.4839	1.4839	1.48391	1.48393	1.48393	1.48394	1.48396	1.48397	1.48399	1.484	1.48402	1.48404	1.48405	1.48406	1.48408	1.4841	1.48412	1.48413	1.48415	1.48416	1.48417	1.48418	1.4842	1.48421	1.48421	1.48422	1.48423	1.48423	1.48423	1.48423	1.48422	1.48422	1.48421	1.4842	1.48419	1.48418	1.48417	1.48415	1.48414	1.48412	1.4841	1.48409	1.48407	1.48405	1.48404	1.48402	1.484	1.48399	1.48397	1.48396	1.48395	1.48393	1.48392	1.48391	1.48391	1.4839	1.48389	1.48389	1.48389	1.48389	1.48389	
1.50751	1.50751	1.50751	1.50751	1.50751	1.50751	1.50751	1.50751	1.50751	1.50751	1.50751	1.50751	1.50751	1.50751	1.50751	1.50751	1.50751	1.50751	1.50751	1.50751	1.50751	1.50751	1.50751	1.50751	1.50751	1.50751	1.50751	1.50751	1.50751	1.50751	1.50751	1.50751	1.50751	1.50751	1.50751	1.50751	1.50751	1.50751	1.50751	1.50751	1.50751	1.50751	1.50751	1.50751	1.50751	1.50751	1.50751	1.50751	1.50751	1.50751	1.50751	1.50751	1.50751	1.50751	1.50751	1.50751	1.50751	1.50751	1.50751	1.50751	1.50751	1.50751	1.50751	1.50751	1.50751	
