x=125	y=200	z=200	n=65	len=1
b
0	0	0	0	0	0	0	0	0	0	0	0	0	0	0	0	0	0	0	0	0	0	0	0	0	0	0	0	0	0	0	0	0	0	0	0	0	0	0	0	0	0	0	0	0	0	0	0	0	0	0	0	0	0	0	0	0	0	0	0	0	0	0	0	0	
0.0236671	0.0236664	0.0236528	0.0236392	0.02364	0.0236407	0.0236458	0.0236509	0.0236507	0.0236506	0.0236482	0.0236458	0.0236422	0.0236385	0.0236332	0.0236278	0.0236225	0.0236173	0.0236105	0.0236037	0.0235975	0.0235914	0.0235844	0.0235774	0.0235717	0.0235659	0.0235605	0.0235551	0.0235517	0.0235482	0.023546	0.0235437	0.0235435	0.0235433	0.0235447	0.023546	0.0235491	0.0235521	0.0235566	0.023561	0.0235665	0.023572	0.0235783	0.0235845	0.023591	0.0235974	0.023604	0.0236105	0.0236164	0.0236223	0.0236282	0.023634	0.0236387	0.0236434	0.023651	0.0236586	0.0236623	0.0236661	0.0236783	0.0236906	0.0236918	0.023693	0.0236805	0.0236679	0.0236671	
0.0473385	0.0473466	0.047331	0.0473153	0.0473126	0.0473098	0.0473113	0.0473128	0.04731	0.0473073	0.0473009	0.0472945	0.0472872	0.0472799	0.0472692	0.0472585	0.0472485	0.0472384	0.0472251	0.0472118	0.0472001	0.0471883	0.0471746	0.0471609	0.04715	0.0471391	0.0471282	0.0471173	0.0471108	0.0471043	0.0470995	0.0470947	0.0470948	0.0470949	0.0470973	0.0470997	0.0471063	0.0471129	0.0471216	0.0471302	0.0471415	0.0471528	0.0471648	0.0471768	0.0471896	0.0472024	0.0472148	0.0472272	0.0472388	0.0472503	0.0472614	0.0472724	0.0472818	0.0472913	0.0473032	0.0473152	0.047321	0.0473267	0.0473403	0.0473539	0.0473532	0.0473526	0.0473415	0.0473304	0.0473385	
0.0710098	0.0710268	0.0710091	0.0709914	0.0709852	0.0709789	0.0709768	0.0709746	0.0709693	0.070964	0.0709536	0.0709432	0.0709323	0.0709213	0.0709053	0.0708893	0.0708744	0.0708595	0.0708398	0.07082	0.0708026	0.0707853	0.0707648	0.0707443	0.0707283	0.0707123	0.0706959	0.0706795	0.0706699	0.0706604	0.0706531	0.0706458	0.0706461	0.0706465	0.0706499	0.0706534	0.0706636	0.0706737	0.0706866	0.0706994	0.0707165	0.0707336	0.0707514	0.0707691	0.0707882	0.0708073	0.0708256	0.0708439	0.0708611	0.0708783	0.0708946	0.0709108	0.0709249	0.0709391	0.0709554	0.0709718	0.0709796	0.0709874	0.0710023	0.0710171	0.0710147	0.0710122	0.0710025	0.0709928	0.0710098	
0.0946868	0.0947068	0.0946931	0.0946795	0.0946721	0.0946648	0.0946567	0.0946486	0.0946406	0.0946325	0.0946183	0.094604	0.0945899	0.0945758	0.0945549	0.094534	0.0945149	0.0944958	0.0944705	0.0944452	0.0944228	0.0944004	0.094374	0.0943476	0.0943268	0.094306	0.0942848	0.0942637	0.0942509	0.0942381	0.0942287	0.0942192	0.0942194	0.0942196	0.0942246	0.0942295	0.0942428	0.094256	0.0942731	0.0942902	0.0943123	0.0943343	0.0943574	0.0943806	0.0944053	0.09443	0.0944535	0.094477	0.0944992	0.0945214	0.0945421	0.0945629	0.094581	0.0945992	0.0946171	0.094635	0.0946446	0.0946542	0.0946657	0.0946772	0.0946763	0.0946755	0.0946712	0.0946669	0.0946868	
0.118364	0.118387	0.118377	0.118367	0.118359	0.118351	0.118337	0.118323	0.118312	0.118301	0.118283	0.118265	0.118248	0.11823	0.118204	0.118179	0.118155	0.118132	0.118101	0.11807	0.118043	0.118015	0.117983	0.117951	0.117925	0.1179	0.117874	0.117848	0.117832	0.117816	0.117804	0.117793	0.117793	0.117793	0.117799	0.117806	0.117822	0.117838	0.11786	0.117881	0.117908	0.117935	0.117964	0.117992	0.118022	0.118053	0.118081	0.11811	0.118137	0.118164	0.11819	0.118215	0.118237	0.118259	0.118279	0.118298	0.11831	0.118321	0.118329	0.118337	0.118338	0.118339	0.11834	0.118341	0.118364	
0.142048	0.142065	0.142056	0.142048	0.142042	0.142036	0.142022	0.142008	0.141997	0.141985	0.141965	0.141946	0.141927	0.141908	0.141879	0.14185	0.141824	0.141797	0.141762	0.141726	0.141695	0.141664	0.141626	0.141589	0.141559	0.14153	0.141499	0.141469	0.141451	0.141433	0.141419	0.141405	0.141406	0.141406	0.141414	0.141421	0.14144	0.141459	0.141484	0.141508	0.14154	0.141572	0.141604	0.141637	0.141672	0.141707	0.141739	0.141771	0.141803	0.141834	0.141862	0.141889	0.141913	0.141937	0.141957	0.141976	0.141989	0.142003	0.142011	0.14202	0.142025	0.14203	0.142031	0.142032	0.142048	
0.165733	0.165743	0.165736	0.165728	0.165725	0.165722	0.165708	0.165693	0.165681	0.165669	0.165648	0.165626	0.165607	0.165587	0.165554	0.165522	0.165492	0.165463	0.165422	0.165382	0.165347	0.165312	0.16527	0.165227	0.165193	0.16516	0.165125	0.16509	0.16507	0.165049	0.165034	0.165018	0.165019	0.16502	0.165028	0.165036	0.165058	0.165081	0.165108	0.165136	0.165172	0.165208	0.165245	0.165282	0.165321	0.165361	0.165397	0.165432	0.165468	0.165503	0.165533	0.165563	0.165589	0.165615	0.165634	0.165654	0.165669	0.165684	0.165694	0.165703	0.165712	0.165721	0.165722	0.165723	0.165733	
0.18943	0.189439	0.189432	0.189425	0.189423	0.189421	0.189407	0.189392	0.189382	0.189371	0.189349	0.189328	0.189309	0.18929	0.189258	0.189226	0.189197	0.189168	0.189125	0.189082	0.189045	0.189008	0.188962	0.188915	0.188879	0.188842	0.188804	0.188766	0.188743	0.188721	0.188703	0.188686	0.188687	0.188688	0.188697	0.188707	0.188731	0.188756	0.188786	0.188817	0.188856	0.188896	0.188936	0.188976	0.189018	0.189061	0.189098	0.189136	0.189172	0.189208	0.189237	0.189265	0.18929	0.189315	0.189334	0.189352	0.189367	0.189382	0.189391	0.189399	0.189409	0.189419	0.18942	0.189422	0.18943	
0.213127	0.213134	0.213128	0.213123	0.213122	0.21312	0.213106	0.213091	0.213082	0.213072	0.213051	0.213029	0.213011	0.212994	0.212962	0.21293	0.212901	0.212873	0.212828	0.212783	0.212743	0.212704	0.212654	0.212603	0.212564	0.212525	0.212483	0.212442	0.212417	0.212392	0.212373	0.212354	0.212355	0.212356	0.212366	0.212377	0.212404	0.21243	0.212464	0.212498	0.21254	0.212583	0.212626	0.212669	0.212715	0.212761	0.2128	0.21284	0.212876	0.212913	0.21294	0.212967	0.212992	0.213016	0.213033	0.21305	0.213065	0.21308	0.213088	0.213096	0.213106	0.213117	0.213119	0.213121	0.213127	
0.236831	0.236836	0.236831	0.236827	0.236828	0.236828	0.236816	0.236805	0.236798	0.236791	0.236772	0.236753	0.236739	0.236725	0.236696	0.236668	0.236643	0.236619	0.236577	0.236536	0.2365	0.236464	0.236415	0.236365	0.236327	0.236288	0.236244	0.2362	0.236174	0.236148	0.236127	0.236106	0.236108	0.236111	0.236121	0.236132	0.236161	0.23619	0.236225	0.236259	0.236304	0.236348	0.236389	0.23643	0.236474	0.236517	0.236552	0.236587	0.23662	0.236653	0.236677	0.2367	0.236722	0.236743	0.236757	0.23677	0.236784	0.236797	0.236803	0.236808	0.236817	0.236825	0.236826	0.236826	0.236831	
0.260535	0.260538	0.260535	0.260531	0.260533	0.260536	0.260527	0.260518	0.260514	0.26051	0.260494	0.260477	0.260466	0.260455	0.26043	0.260405	0.260385	0.260364	0.260326	0.260289	0.260256	0.260224	0.260176	0.260127	0.260089	0.26005	0.260004	0.259957	0.259931	0.259905	0.259882	0.259859	0.259862	0.259865	0.259876	0.259886	0.259918	0.25995	0.259986	0.260021	0.260067	0.260113	0.260152	0.260192	0.260233	0.260274	0.260304	0.260335	0.260364	0.260394	0.260413	0.260432	0.260451	0.26047	0.260481	0.260491	0.260503	0.260514	0.260517	0.26052	0.260527	0.260533	0.260533	0.260532	0.260535	
0.284236	0.284238	0.284237	0.284235	0.284239	0.284244	0.28424	0.284236	0.284238	0.284241	0.284232	0.284223	0.284221	0.284219	0.284201	0.284183	0.284171	0.284159	0.284128	0.284097	0.284072	0.284048	0.284005	0.283961	0.28393	0.283898	0.283853	0.283809	0.283787	0.283765	0.283741	0.283717	0.283723	0.283729	0.283737	0.283745	0.283775	0.283806	0.283838	0.283869	0.283911	0.283952	0.283986	0.284019	0.284054	0.284089	0.284112	0.284135	0.284158	0.28418	0.284191	0.284202	0.284212	0.284223	0.284225	0.284228	0.284232	0.284237	0.284235	0.284233	0.284236	0.284238	0.284236	0.284234	0.284236	
0.307938	0.307939	0.307939	0.307939	0.307945	0.307952	0.307953	0.307954	0.307963	0.307971	0.307971	0.30797	0.307976	0.307983	0.307972	0.307961	0.307958	0.307955	0.30793	0.307905	0.307888	0.307872	0.307834	0.307796	0.30777	0.307745	0.307703	0.307661	0.307643	0.307625	0.3076	0.307575	0.307583	0.307592	0.307597	0.307603	0.307632	0.307662	0.30769	0.307718	0.307755	0.307792	0.307819	0.307846	0.307875	0.307904	0.30792	0.307935	0.307951	0.307966	0.307969	0.307971	0.307974	0.307976	0.30797	0.307964	0.307961	0.307959	0.307952	0.307946	0.307944	0.307943	0.30794	0.307937	0.307938	
0.331633	0.331632	0.331634	0.331636	0.331645	0.331655	0.331662	0.331668	0.331685	0.331701	0.33171	0.331719	0.331737	0.331756	0.33176	0.331764	0.331778	0.331792	0.331784	0.331776	0.331778	0.331779	0.331755	0.331731	0.331721	0.331711	0.331676	0.331642	0.331635	0.331628	0.331604	0.331579	0.331594	0.331608	0.331606	0.331605	0.33163	0.331655	0.331671	0.331688	0.331714	0.33174	0.331751	0.331762	0.331775	0.331788	0.331786	0.331783	0.331782	0.331781	0.331768	0.331755	0.331745	0.331735	0.331719	0.331703	0.331692	0.331681	0.331668	0.331656	0.33165	0.331644	0.331639	0.331633	0.331633	
0.355327	0.355325	0.355329	0.355332	0.355345	0.355358	0.355371	0.355383	0.355407	0.35543	0.355449	0.355467	0.355498	0.355529	0.355548	0.355567	0.355598	0.355629	0.355638	0.355647	0.355667	0.355686	0.355676	0.355666	0.355671	0.355676	0.35565	0.355623	0.355627	0.355631	0.355607	0.355583	0.355604	0.355624	0.355615	0.355606	0.355627	0.355648	0.355653	0.355657	0.355673	0.355688	0.355683	0.355678	0.355675	0.355672	0.355651	0.35563	0.355613	0.355595	0.355567	0.355538	0.355516	0.355494	0.355468	0.355442	0.355423	0.355404	0.355385	0.355366	0.355355	0.355345	0.355337	0.355329	0.355327	
0.378993	0.37899	0.378997	0.379003	0.37902	0.379037	0.379058	0.379079	0.379113	0.379147	0.37918	0.379213	0.379262	0.37931	0.379349	0.379389	0.379444	0.379499	0.379533	0.379567	0.379616	0.379665	0.37968	0.379695	0.37973	0.379765	0.379754	0.379744	0.379773	0.379802	0.379776	0.379751	0.379784	0.379817	0.379792	0.379768	0.379776	0.379785	0.379767	0.379749	0.379741	0.379734	0.379701	0.379668	0.379639	0.379609	0.379562	0.379514	0.379473	0.379431	0.379382	0.379332	0.379291	0.379251	0.37921	0.379169	0.379137	0.379105	0.379078	0.379051	0.379034	0.379017	0.379006	0.378996	0.378993	
0.402659	0.402656	0.402664	0.402673	0.402694	0.402715	0.402745	0.402774	0.402819	0.402864	0.402911	0.402959	0.403025	0.403091	0.403151	0.40321	0.40329	0.403369	0.403428	0.403487	0.403566	0.403644	0.403684	0.403724	0.403789	0.403853	0.403859	0.403865	0.403918	0.403972	0.403945	0.403919	0.403964	0.40401	0.403969	0.403929	0.403926	0.403922	0.403882	0.403841	0.40381	0.403779	0.403719	0.403658	0.403602	0.403546	0.403472	0.403398	0.403332	0.403267	0.403196	0.403126	0.403066	0.403007	0.402951	0.402895	0.402851	0.402807	0.402772	0.402736	0.402712	0.402688	0.402675	0.402662	0.402659	
0.426287	0.426283	0.426295	0.426307	0.426332	0.426358	0.426396	0.426434	0.426491	0.426547	0.426611	0.426676	0.426762	0.426849	0.426935	0.427021	0.427133	0.427244	0.42734	0.427436	0.427559	0.427681	0.427763	0.427846	0.427961	0.428076	0.428115	0.428153	0.428259	0.428365	0.428342	0.428319	0.4284	0.42848	0.428395	0.428309	0.428278	0.428246	0.42816	0.428074	0.428	0.427926	0.42782	0.427714	0.427615	0.427516	0.427403	0.427291	0.427193	0.427094	0.426996	0.426899	0.426817	0.426735	0.426662	0.42659	0.426532	0.426474	0.426429	0.426385	0.426354	0.426323	0.426307	0.426291	0.426287	
0.449916	0.449911	0.449926	0.44994	0.44997	0.45	0.450047	0.450095	0.450163	0.45023	0.450311	0.450392	0.4505	0.450607	0.450719	0.450832	0.450976	0.45112	0.451252	0.451385	0.451552	0.451719	0.451843	0.451967	0.452133	0.452299	0.45237	0.452442	0.4526	0.452758	0.452739	0.452719	0.452835	0.45295	0.45282	0.45269	0.45263	0.45257	0.452439	0.452307	0.45219	0.452074	0.451921	0.451769	0.451627	0.451486	0.451335	0.451184	0.451053	0.450921	0.450796	0.450672	0.450567	0.450463	0.450374	0.450284	0.450212	0.45014	0.450087	0.450034	0.449996	0.449957	0.449939	0.44992	0.449916	
0.473488	0.473483	0.4735	0.473517	0.473552	0.473586	0.473643	0.473699	0.473779	0.473859	0.473958	0.474056	0.474187	0.474318	0.474461	0.474604	0.47479	0.474975	0.475156	0.475337	0.475569	0.475801	0.475992	0.476183	0.476434	0.476685	0.47682	0.476955	0.477209	0.477463	0.477451	0.47744	0.477658	0.477876	0.477646	0.477416	0.47727	0.477125	0.476915	0.476705	0.476508	0.476311	0.476092	0.475873	0.475667	0.475461	0.47526	0.475059	0.474884	0.474708	0.474553	0.474397	0.474267	0.474137	0.47403	0.473923	0.473837	0.47375	0.473688	0.473627	0.473581	0.473536	0.473515	0.473493	0.473488	
0.497061	0.497055	0.497075	0.497094	0.497134	0.497173	0.497238	0.497304	0.497396	0.497487	0.497604	0.49772	0.497875	0.49803	0.498204	0.498377	0.498604	0.498831	0.49906	0.49929	0.499587	0.499884	0.500141	0.500399	0.500735	0.501071	0.50127	0.501469	0.501818	0.502167	0.502164	0.502162	0.502482	0.502802	0.502472	0.502142	0.501911	0.50168	0.501391	0.501102	0.500825	0.500549	0.500263	0.499977	0.499706	0.499436	0.499185	0.498934	0.498714	0.498495	0.498309	0.498123	0.497966	0.49781	0.497686	0.497562	0.497461	0.49736	0.49729	0.497219	0.497167	0.497114	0.497091	0.497067	0.497061	
0.520553	0.520547	0.520569	0.520591	0.520632	0.520674	0.520746	0.520817	0.520917	0.521017	0.521146	0.521275	0.521447	0.521619	0.521818	0.522016	0.52228	0.522543	0.522822	0.523102	0.523469	0.523836	0.524181	0.524526	0.525005	0.525483	0.525812	0.526142	0.52666	0.527179	0.527296	0.527413	0.527937	0.528461	0.527889	0.527317	0.526912	0.526508	0.526081	0.525654	0.525212	0.524769	0.524384	0.523998	0.523631	0.523263	0.522961	0.522659	0.522397	0.522136	0.521924	0.521712	0.521536	0.521359	0.521224	0.521089	0.520979	0.52087	0.520796	0.520722	0.520665	0.520608	0.520584	0.520559	0.520553	
0.544046	0.54404	0.544063	0.544087	0.544131	0.544175	0.544253	0.544331	0.544439	0.544547	0.544689	0.54483	0.545019	0.545209	0.545432	0.545655	0.545955	0.546255	0.546584	0.546913	0.547351	0.547788	0.548221	0.548653	0.549274	0.549895	0.550355	0.550815	0.551503	0.552192	0.552428	0.552665	0.553392	0.554119	0.553306	0.552492	0.551914	0.551336	0.550771	0.550207	0.549598	0.54899	0.548505	0.54802	0.547555	0.547089	0.546736	0.546383	0.54608	0.545776	0.545539	0.545302	0.545105	0.544908	0.544762	0.544616	0.544497	0.544379	0.544302	0.544224	0.544163	0.544103	0.544077	0.544051	0.544046	
0.567454	0.567448	0.567472	0.567496	0.567541	0.567585	0.567665	0.567745	0.567855	0.567966	0.568113	0.56826	0.56846	0.56866	0.568901	0.569143	0.569471	0.5698	0.570174	0.570549	0.571057	0.571564	0.572104	0.572643	0.573398	0.574153	0.57484	0.575527	0.576484	0.577441	0.577838	0.578235	0.579472	0.580709	0.579414	0.578119	0.577243	0.576367	0.57558	0.574793	0.573886	0.572979	0.5724	0.571821	0.571273	0.570726	0.570328	0.56993	0.569592	0.569255	0.569003	0.568751	0.568543	0.568335	0.568185	0.568034	0.567912	0.56779	0.567712	0.567634	0.567572	0.567509	0.567484	0.56746	0.567454	
0.590861	0.590855	0.59088	0.590906	0.59095	0.590995	0.591076	0.591158	0.591271	0.591384	0.591537	0.591691	0.591901	0.592111	0.59237	0.59263	0.592987	0.593344	0.593765	0.594185	0.594763	0.59534	0.595986	0.596633	0.597521	0.59841	0.599325	0.60024	0.601465	0.60269	0.603248	0.603805	0.605552	0.6073	0.605523	0.603747	0.602573	0.601398	0.600389	0.59938	0.598175	0.596969	0.596295	0.595622	0.594992	0.594363	0.59392	0.593477	0.593105	0.592734	0.592466	0.5922	0.59198	0.591761	0.591607	0.591453	0.591327	0.591201	0.591122	0.591043	0.59098	0.590916	0.590892	0.590868	0.590861	
0.614194	0.614187	0.614212	0.614237	0.614278	0.61432	0.614397	0.614475	0.614582	0.61469	0.614837	0.614984	0.615188	0.615393	0.615649	0.615905	0.616266	0.616628	0.617065	0.617503	0.618124	0.618744	0.619496	0.620247	0.621323	0.6224	0.62369	0.62498	0.62678	0.62858	0.629351	0.630122	0.631543	0.632963	0.630908	0.628854	0.627525	0.626196	0.625113	0.62403	0.622385	0.620739	0.619927	0.619114	0.618388	0.617661	0.617199	0.616737	0.616355	0.615973	0.615714	0.615455	0.615242	0.615029	0.614886	0.614742	0.614623	0.614503	0.614432	0.614361	0.614301	0.614242	0.614221	0.6142	0.614194	
0.637526	0.637519	0.637543	0.637568	0.637606	0.637645	0.637719	0.637792	0.637894	0.637996	0.638136	0.638277	0.638476	0.638675	0.638927	0.639179	0.639545	0.639912	0.640366	0.64082	0.641485	0.642149	0.643005	0.643861	0.645125	0.64639	0.648055	0.649719	0.652094	0.655474	0.656135	0.656581	0.65722	0.656755	0.655226	0.653647	0.652202	0.650994	0.649837	0.648679	0.646595	0.64451	0.643558	0.642607	0.641783	0.64096	0.640478	0.639996	0.639604	0.639212	0.638961	0.63871	0.638504	0.638297	0.638164	0.638031	0.637918	0.637805	0.637742	0.637678	0.637622	0.637567	0.63755	0.637532	0.637526	
0.660791	0.660784	0.660807	0.660829	0.660861	0.660893	0.660957	0.661021	0.661107	0.661193	0.661314	0.661435	0.661608	0.661781	0.662003	0.662224	0.662555	0.662886	0.663305	0.663723	0.664362	0.665001	0.665873	0.666745	0.66816	0.669575	0.672067	0.674559	0.678944	0.68325	0.686261	0.690143	0.691363	0.686293	0.681653	0.679873	0.677414	0.675043	0.673488	0.671934	0.66978	0.667627	0.666573	0.665519	0.664667	0.663815	0.663367	0.66292	0.662564	0.662207	0.661993	0.661778	0.6616	0.661422	0.661313	0.661204	0.661109	0.661014	0.660964	0.660913	0.660867	0.660821	0.660809	0.660797	0.660791	
0.684056	0.68405	0.68407	0.684091	0.684117	0.684142	0.684195	0.684249	0.68432	0.684391	0.684492	0.684593	0.68474	0.684888	0.685079	0.68527	0.685565	0.68586	0.686243	0.686626	0.68724	0.687853	0.688742	0.68963	0.691195	0.69276	0.696079	0.700132	0.706724	0.713971	0.720156	0.733872	0.734042	0.725736	0.712214	0.706534	0.70236	0.699289	0.696864	0.695188	0.692966	0.690743	0.689587	0.688432	0.687551	0.68667	0.686256	0.685843	0.685523	0.685203	0.685025	0.684846	0.684697	0.684547	0.684462	0.684377	0.6843	0.684222	0.684185	0.684148	0.684111	0.684074	0.684068	0.684063	0.684056	
0.707276	0.707267	0.707286	0.707306	0.707323	0.70734	0.707377	0.707414	0.707462	0.70751	0.707578	0.707646	0.70775	0.707853	0.707984	0.708115	0.70833	0.708545	0.708821	0.709098	0.709583	0.710067	0.710792	0.711516	0.713022	0.714527	0.717958	0.724311	0.732573	0.745559	0.751759	0.748511	0.743559	0.7503	0.74192	0.730999	0.725753	0.722864	0.719851	0.716444	0.71427	0.712097	0.711151	0.710204	0.709572	0.708939	0.708672	0.708404	0.708189	0.707973	0.707867	0.70776	0.707662	0.707564	0.707516	0.707468	0.707417	0.707367	0.707348	0.707328	0.707305	0.707282	0.707283	0.707285	0.707276	
0.730495	0.730483	0.730502	0.73052	0.730529	0.730538	0.730559	0.730579	0.730604	0.730629	0.730664	0.7307	0.730759	0.730818	0.730889	0.73096	0.731095	0.73123	0.7314	0.731569	0.731925	0.732281	0.732842	0.733403	0.734849	0.736744	0.740098	0.744254	0.748856	0.7525	0.751155	0.759187	0.743387	0.747532	0.753091	0.745641	0.743067	0.741086	0.73999	0.737723	0.734982	0.733451	0.732714	0.731977	0.731593	0.731209	0.731087	0.730965	0.730854	0.730744	0.730709	0.730674	0.730627	0.730581	0.73057	0.730559	0.730535	0.730512	0.73051	0.730508	0.730499	0.73049	0.730498	0.730507	0.730495	
0.753703	0.753691	0.753705	0.753719	0.753719	0.753718	0.753721	0.753724	0.753723	0.753722	0.753722	0.753721	0.753728	0.753735	0.753734	0.753733	0.753764	0.753795	0.753815	0.753835	0.753955	0.754075	0.754225	0.754375	0.754699	0.756151	0.756705	0.756301	0.754448	0.756283	0.75689	0.757674	0.744543	0.752037	0.7566	0.751189	0.748929	0.749244	0.752978	0.754385	0.753475	0.753035	0.753078	0.753121	0.753185	0.75325	0.753322	0.753393	0.753424	0.753454	0.753499	0.753545	0.753559	0.753573	0.753601	0.753629	0.753636	0.753642	0.753659	0.753676	0.75368	0.753685	0.753701	0.753716	0.753703	
0.776912	0.776898	0.776908	0.776918	0.776908	0.776898	0.776883	0.776869	0.776842	0.776816	0.776779	0.776742	0.776697	0.776651	0.776579	0.776507	0.776433	0.776359	0.77623	0.776101	0.775985	0.775869	0.775608	0.775348	0.77455	0.773897	0.768917	0.758019	0.754076	0.75377	0.75474	0.75323	0.743315	0.751565	0.759579	0.763666	0.758597	0.756572	0.762361	0.768208	0.771308	0.772619	0.773442	0.774265	0.774778	0.77529	0.775556	0.775822	0.775993	0.776164	0.77629	0.776416	0.776491	0.776566	0.776633	0.7767	0.776736	0.776773	0.776808	0.776844	0.776862	0.776881	0.776903	0.776925	0.776912	
0.800144	0.800135	0.800138	0.80014	0.80012	0.800099	0.80007	0.800041	0.799992	0.799943	0.799876	0.799808	0.799717	0.799626	0.799494	0.799362	0.799198	0.799033	0.79878	0.798528	0.798205	0.797883	0.79729	0.796697	0.795309	0.792616	0.783495	0.763406	0.759338	0.756523	0.76216	0.759816	0.755083	0.75689	0.764864	0.777552	0.775991	0.774442	0.7786	0.785482	0.790805	0.794357	0.795419	0.79648	0.797155	0.797829	0.798188	0.798547	0.798796	0.799046	0.799222	0.799398	0.799515	0.799633	0.799728	0.799824	0.799883	0.799942	0.799994	0.800045	0.800072	0.800099	0.800125	0.800152	0.800144	
0.823375	0.823372	0.823367	0.823362	0.823331	0.8233	0.823257	0.823214	0.823142	0.823071	0.822972	0.822874	0.822738	0.822601	0.822409	0.822217	0.821962	0.821707	0.82133	0.820954	0.820425	0.819897	0.818972	0.818047	0.816068	0.813745	0.805763	0.781488	0.763456	0.764862	0.777926	0.786049	0.774946	0.771348	0.788937	0.796672	0.798023	0.799384	0.803104	0.807884	0.811989	0.816095	0.817395	0.818695	0.819531	0.820368	0.82082	0.821271	0.8216	0.821929	0.822155	0.822381	0.82254	0.8227	0.822824	0.822949	0.82303	0.823112	0.823179	0.823247	0.823282	0.823317	0.823348	0.823378	0.823375	
0.846654	0.846655	0.846645	0.846636	0.846597	0.846559	0.846506	0.846453	0.846366	0.846279	0.846161	0.846044	0.845879	0.845715	0.845492	0.845269	0.844965	0.844662	0.844237	0.843812	0.843211	0.842611	0.841647	0.840684	0.838895	0.836529	0.831784	0.821511	0.805283	0.802123	0.810335	0.814203	0.810992	0.811394	0.81752	0.821624	0.824713	0.827534	0.830109	0.833129	0.83627	0.839411	0.84062	0.841829	0.842621	0.843412	0.843874	0.844336	0.844684	0.845033	0.845279	0.845525	0.845704	0.845884	0.846024	0.846164	0.846258	0.846353	0.84643	0.846508	0.846548	0.846589	0.846621	0.846653	0.846654	
0.869932	0.869937	0.869923	0.869909	0.869864	0.869818	0.869755	0.869691	0.869589	0.869487	0.86935	0.869214	0.869021	0.868829	0.868574	0.86832	0.867968	0.867617	0.867143	0.866669	0.865997	0.865324	0.864323	0.863321	0.861722	0.860008	0.856968	0.852738	0.847908	0.844578	0.844235	0.84407	0.842591	0.843368	0.846586	0.849483	0.852323	0.855566	0.85697	0.858374	0.860551	0.862728	0.863846	0.864964	0.86571	0.866456	0.866929	0.867401	0.867769	0.868136	0.868403	0.868669	0.868868	0.869068	0.869223	0.869379	0.869487	0.869594	0.869681	0.869768	0.869814	0.86986	0.869893	0.869927	0.869932	
0.893282	0.893288	0.893272	0.893256	0.893208	0.89316	0.893093	0.893025	0.892917	0.892809	0.892668	0.892527	0.892328	0.892128	0.891873	0.891618	0.891263	0.890908	0.890453	0.889997	0.88935	0.888703	0.887812	0.886921	0.88558	0.883974	0.881921	0.879528	0.877011	0.874885	0.873538	0.87255	0.871723	0.87223	0.874277	0.876628	0.878826	0.880925	0.8821	0.883274	0.884996	0.886718	0.887626	0.888533	0.889214	0.889895	0.890335	0.890775	0.891127	0.89148	0.891741	0.892001	0.892201	0.892401	0.892558	0.892714	0.892825	0.892936	0.893024	0.893112	0.893162	0.893211	0.893244	0.893277	0.893282	
0.916633	0.916639	0.916621	0.916603	0.916553	0.916502	0.916431	0.916359	0.916245	0.916132	0.915986	0.915841	0.915634	0.915428	0.915172	0.914916	0.914558	0.9142	0.913762	0.913325	0.912703	0.912081	0.911301	0.910521	0.909438	0.908354	0.907008	0.905662	0.904131	0.902601	0.901387	0.900173	0.89995	0.899726	0.90147	0.903214	0.904749	0.906283	0.907229	0.908175	0.909442	0.910709	0.911406	0.912103	0.912718	0.913334	0.913741	0.914148	0.914486	0.914824	0.915079	0.915334	0.915534	0.915735	0.915892	0.91605	0.916164	0.916278	0.916368	0.916457	0.916509	0.916561	0.916594	0.916626	0.916633	
0.940057	0.940063	0.940044	0.940026	0.939976	0.939927	0.939856	0.939786	0.939674	0.939563	0.939424	0.939284	0.939085	0.938887	0.938648	0.93841	0.938076	0.937741	0.93735	0.936959	0.936405	0.935851	0.935199	0.934547	0.93363	0.932713	0.931715	0.930717	0.929474	0.928231	0.927494	0.926756	0.926588	0.92642	0.927754	0.929089	0.930228	0.931368	0.932137	0.932906	0.933876	0.934845	0.93541	0.935976	0.936505	0.937033	0.937391	0.937748	0.938053	0.938357	0.938592	0.938827	0.939015	0.939203	0.939351	0.9395	0.939609	0.939718	0.939803	0.939888	0.939939	0.93999	0.94002	0.940051	0.940057	
0.963481	0.963486	0.963467	0.963449	0.9634	0.963351	0.963282	0.963212	0.963103	0.962995	0.962861	0.962727	0.962537	0.962346	0.962125	0.961905	0.961594	0.961283	0.960938	0.960593	0.960107	0.959621	0.959097	0.958574	0.957822	0.957071	0.956421	0.955772	0.954816	0.953861	0.9536	0.953339	0.953226	0.953113	0.954039	0.954964	0.955708	0.956452	0.957045	0.957637	0.958309	0.958982	0.959415	0.959848	0.960291	0.960733	0.961041	0.961349	0.961619	0.96189	0.962105	0.96232	0.962495	0.962671	0.96281	0.96295	0.963054	0.963158	0.963239	0.96332	0.963369	0.963418	0.963447	0.963476	0.963481	
0.98699	0.986994	0.986976	0.986958	0.986913	0.986867	0.986803	0.986739	0.986638	0.986537	0.986417	0.986297	0.986123	0.98595	0.985757	0.985565	0.985289	0.985013	0.984727	0.984441	0.984023	0.983606	0.983205	0.982803	0.982198	0.981593	0.981134	0.980674	0.979951	0.979228	0.979095	0.978963	0.978888	0.978813	0.979513	0.980213	0.980746	0.981278	0.981737	0.982196	0.982698	0.9832	0.983545	0.983891	0.984242	0.984594	0.984853	0.985113	0.985345	0.985577	0.985763	0.985949	0.986104	0.986259	0.986383	0.986507	0.986602	0.986696	0.986769	0.986841	0.986887	0.986933	0.986959	0.986985	0.98699	
1.0105	1.0105	1.01048	1.01047	1.01043	1.01038	1.01032	1.01026	1.01017	1.01008	1.00997	1.00987	1.00971	1.00955	1.00939	1.00923	1.00898	1.00874	1.00852	1.00829	1.00794	1.00759	1.00731	1.00703	1.00657	1.00611	1.00585	1.00558	1.00509	1.0046	1.00459	1.00459	1.00455	1.00451	1.00499	1.00546	1.00578	1.0061	1.00643	1.00676	1.00709	1.00742	1.00768	1.00793	1.00819	1.00845	1.00867	1.00888	1.00907	1.00926	1.00942	1.00958	1.00971	1.00985	1.00996	1.01006	1.01015	1.01023	1.0103	1.01036	1.01041	1.01045	1.01047	1.01049	1.0105	
1.03408	1.03408	1.03407	1.03405	1.03401	1.03398	1.03393	1.03387	1.03379	1.03371	1.03362	1.03353	1.0334	1.03327	1.03313	1.033	1.0328	1.0326	1.03242	1.03225	1.03196	1.03168	1.03148	1.03128	1.03093	1.03058	1.03041	1.03024	1.02988	1.02952	1.02955	1.02958	1.02955	1.02952	1.02986	1.0302	1.03042	1.03063	1.03088	1.03113	1.03137	1.03161	1.03181	1.03201	1.03221	1.0324	1.03257	1.03274	1.03289	1.03305	1.03318	1.03331	1.03342	1.03353	1.03362	1.03371	1.03378	1.03386	1.03391	1.03396	1.034	1.03404	1.03406	1.03408	1.03408	
1.05766	1.05766	1.05765	1.05763	1.0576	1.05757	1.05753	1.05748	1.05742	1.05735	1.05727	1.0572	1.05709	1.05698	1.05687	1.05677	1.05661	1.05645	1.05633	1.0562	1.05599	1.05578	1.05566	1.05554	1.05529	1.05504	1.05497	1.0549	1.05468	1.05445	1.05452	1.05458	1.05455	1.05452	1.05473	1.05495	1.05505	1.05516	1.05533	1.0555	1.05565	1.05579	1.05594	1.05608	1.05622	1.05635	1.05648	1.0566	1.05672	1.05683	1.05693	1.05703	1.05712	1.05721	1.05728	1.05736	1.05742	1.05748	1.05752	1.05757	1.0576	1.05763	1.05764	1.05766	1.05766	
1.0813	1.0813	1.08128	1.08127	1.08125	1.08122	1.08118	1.08115	1.08109	1.08103	1.08097	1.08092	1.08082	1.08073	1.08066	1.08058	1.08045	1.08032	1.08023	1.08015	1.07998	1.07982	1.07974	1.07967	1.07948	1.0793	1.07927	1.07924	1.07908	1.07892	1.07899	1.07905	1.07903	1.079	1.07916	1.07932	1.07938	1.07944	1.07957	1.07969	1.07979	1.07988	1.07999	1.08009	1.08019	1.08029	1.08038	1.08047	1.08056	1.08064	1.08072	1.0808	1.08087	1.08094	1.08099	1.08105	1.0811	1.08115	1.08118	1.08122	1.08124	1.08127	1.08128	1.08129	1.0813	
1.10493	1.10493	1.10492	1.10491	1.10489	1.10487	1.10484	1.10481	1.10477	1.10472	1.10468	1.10463	1.10456	1.10449	1.10444	1.10438	1.10429	1.10419	1.10414	1.10409	1.10397	1.10386	1.10383	1.1038	1.10368	1.10355	1.10357	1.10358	1.10348	1.10339	1.10346	1.10353	1.1035	1.10348	1.10358	1.10369	1.10371	1.10373	1.10381	1.10388	1.10393	1.10398	1.10404	1.1041	1.10416	1.10422	1.10428	1.10434	1.1044	1.10445	1.10451	1.10456	1.10461	1.10466	1.10471	1.10475	1.10478	1.10482	1.10485	1.10487	1.10489	1.10491	1.10492	1.10493	1.10493	
1.1286	1.1286	1.12859	1.12858	1.12856	1.12855	1.12853	1.12851	1.12847	1.12844	1.12841	1.12838	1.12832	1.12827	1.12823	1.1282	1.12813	1.12805	1.12803	1.128	1.12792	1.12783	1.12783	1.12783	1.12774	1.12766	1.12769	1.12772	1.12765	1.12758	1.12765	1.12772	1.1277	1.12767	1.12775	1.12783	1.12783	1.12784	1.12788	1.12793	1.12796	1.12798	1.12802	1.12805	1.12809	1.12812	1.12816	1.1282	1.12823	1.12827	1.12831	1.12834	1.12838	1.12841	1.12844	1.12847	1.1285	1.12852	1.12854	1.12856	1.12857	1.12859	1.12859	1.1286	1.1286	
1.15227	1.15226	1.15226	1.15225	1.15224	1.15223	1.15221	1.1522	1.15218	1.15215	1.15214	1.15212	1.15208	1.15204	1.15203	1.15202	1.15197	1.15192	1.15192	1.15192	1.15186	1.15181	1.15184	1.15186	1.15181	1.15176	1.15181	1.15186	1.15182	1.15178	1.15184	1.15191	1.15189	1.15187	1.15192	1.15197	1.15196	1.15194	1.15196	1.15199	1.15198	1.15198	1.15199	1.15201	1.15202	1.15203	1.15204	1.15206	1.15207	1.15209	1.15211	1.15213	1.15215	1.15216	1.15218	1.15219	1.15221	1.15223	1.15223	1.15224	1.15225	1.15226	1.15226	1.15227	1.15227	
1.17596	1.17596	1.17595	1.17595	1.17594	1.17593	1.17592	1.17591	1.1759	1.17588	1.17587	1.17586	1.17584	1.17581	1.17581	1.17581	1.17578	1.17575	1.17577	1.17578	1.17575	1.17572	1.17575	1.17579	1.17576	1.17573	1.17579	1.17585	1.17582	1.1758	1.17585	1.17591	1.17589	1.17588	1.17591	1.17595	1.17593	1.17591	1.17592	1.17593	1.17591	1.1759	1.17589	1.17589	1.17589	1.17588	1.17588	1.17588	1.17588	1.17589	1.17589	1.1759	1.1759	1.17591	1.17592	1.17592	1.17593	1.17594	1.17594	1.17595	1.17595	1.17596	1.17596	1.17596	1.17596	
1.19965	1.19965	1.19965	1.19964	1.19964	1.19963	1.19963	1.19963	1.19961	1.1996	1.1996	1.19961	1.19959	1.19958	1.19959	1.19961	1.19959	1.19958	1.19961	1.19964	1.19963	1.19962	1.19967	1.19972	1.19971	1.1997	1.19977	1.19983	1.19982	1.19981	1.19986	1.19992	1.1999	1.19989	1.19991	1.19993	1.19991	1.19988	1.19987	1.19987	1.19984	1.19981	1.19979	1.19978	1.19976	1.19974	1.19972	1.19971	1.1997	1.19968	1.19967	1.19966	1.19966	1.19966	1.19965	1.19965	1.19965	1.19965	1.19965	1.19965	1.19965	1.19965	1.19965	1.19965	1.19965	
1.22335	1.22335	1.22334	1.22334	1.22334	1.22334	1.22334	1.22334	1.22333	1.22333	1.22334	1.22335	1.22334	1.22334	1.22336	1.22338	1.22337	1.22337	1.22341	1.22344	1.22344	1.22344	1.2235	1.22355	1.22355	1.22356	1.22362	1.22368	1.22368	1.22368	1.22373	1.22377	1.22376	1.22375	1.22377	1.22378	1.22375	1.22372	1.22371	1.2237	1.22366	1.22363	1.22361	1.22358	1.22356	1.22353	1.22351	1.22349	1.22347	1.22345	1.22343	1.22342	1.22341	1.2234	1.22339	1.22338	1.22337	1.22337	1.22336	1.22336	1.22336	1.22336	1.22335	1.22335	1.22335	
1.24705	1.24704	1.24704	1.24704	1.24704	1.24704	1.24705	1.24705	1.24706	1.24706	1.24707	1.24709	1.24709	1.24709	1.24712	1.24715	1.24715	1.24716	1.2472	1.24724	1.24725	1.24726	1.24732	1.24738	1.24739	1.24741	1.24747	1.24753	1.24754	1.24755	1.24759	1.24763	1.24762	1.24761	1.24762	1.24763	1.2476	1.24757	1.24755	1.24753	1.24749	1.24745	1.24742	1.24739	1.24735	1.24732	1.24729	1.24726	1.24724	1.24721	1.24719	1.24717	1.24715	1.24714	1.24712	1.24711	1.2471	1.24709	1.24708	1.24707	1.24706	1.24706	1.24705	1.24705	1.24705	
1.27074	1.27074	1.27074	1.27074	1.27075	1.27075	1.27075	1.27076	1.27077	1.27077	1.27079	1.2708	1.27081	1.27082	1.27085	1.27088	1.27089	1.2709	1.27095	1.27099	1.27101	1.27102	1.27108	1.27114	1.27115	1.27117	1.27123	1.27129	1.2713	1.2713	1.27134	1.27138	1.27137	1.27136	1.27137	1.27138	1.27135	1.27132	1.2713	1.27128	1.27124	1.2712	1.27117	1.27113	1.2711	1.27106	1.27103	1.271	1.27097	1.27094	1.27092	1.27089	1.27087	1.27085	1.27083	1.27082	1.27081	1.27079	1.27078	1.27077	1.27076	1.27076	1.27075	1.27075	1.27074	
1.29444	1.29444	1.29444	1.29445	1.29445	1.29445	1.29446	1.29447	1.29448	1.29448	1.2945	1.29452	1.29453	1.29454	1.29458	1.29461	1.29462	1.29464	1.29469	1.29474	1.29476	1.29478	1.29484	1.29489	1.29492	1.29494	1.29499	1.29504	1.29505	1.29506	1.2951	1.29513	1.29512	1.29511	1.29512	1.29512	1.29509	1.29507	1.29504	1.29502	1.29498	1.29495	1.29491	1.29488	1.29484	1.2948	1.29477	1.29473	1.2947	1.29467	1.29464	1.29461	1.29459	1.29457	1.29455	1.29453	1.29451	1.2945	1.29449	1.29447	1.29447	1.29446	1.29445	1.29445	1.29444	
1.31814	1.31813	1.31813	1.31814	1.31814	1.31814	1.31815	1.31816	1.31817	1.31818	1.3182	1.31822	1.31823	1.31824	1.31828	1.31831	1.31833	1.31835	1.31839	1.31843	1.31846	1.31848	1.31853	1.31858	1.3186	1.31862	1.31867	1.31872	1.31873	1.31874	1.31877	1.3188	1.31879	1.31879	1.31879	1.31879	1.31876	1.31874	1.31872	1.3187	1.31866	1.31863	1.3186	1.31856	1.31853	1.31849	1.31846	1.31842	1.31839	1.31836	1.31833	1.3183	1.31828	1.31826	1.31824	1.31822	1.3182	1.31819	1.31818	1.31816	1.31816	1.31815	1.31814	1.31814	1.31814	
1.34183	1.34182	1.34183	1.34183	1.34183	1.34183	1.34184	1.34186	1.34186	1.34187	1.34189	1.34191	1.34193	1.34194	1.34197	1.34201	1.34203	1.34205	1.34209	1.34213	1.34215	1.34218	1.34222	1.34227	1.34229	1.34231	1.34235	1.3424	1.34241	1.34242	1.34244	1.34247	1.34246	1.34246	1.34246	1.34246	1.34244	1.34241	1.34239	1.34237	1.34234	1.34231	1.34228	1.34225	1.34221	1.34218	1.34215	1.34212	1.34209	1.34206	1.34203	1.342	1.34197	1.34195	1.34193	1.34191	1.3419	1.34188	1.34187	1.34185	1.34185	1.34184	1.34183	1.34183	1.34183	
1.36551	1.3655	1.36551	1.36551	1.36551	1.36551	1.36552	1.36553	1.36554	1.36555	1.36557	1.36559	1.3656	1.36562	1.36565	1.36567	1.36569	1.36571	1.36575	1.36579	1.36581	1.36583	1.36587	1.36591	1.36593	1.36595	1.36598	1.36602	1.36603	1.36604	1.36606	1.36608	1.36608	1.36607	1.36607	1.36607	1.36605	1.36604	1.36602	1.366	1.36597	1.36594	1.36592	1.36589	1.36586	1.36583	1.3658	1.36577	1.36574	1.36572	1.36569	1.36566	1.36564	1.36562	1.3656	1.36558	1.36557	1.36556	1.36554	1.36553	1.36552	1.36552	1.36551	1.36551	1.36551	
1.38918	1.38918	1.38918	1.38919	1.38919	1.38919	1.3892	1.38921	1.38922	1.38923	1.38925	1.38926	1.38928	1.38929	1.38932	1.38934	1.38936	1.38938	1.38941	1.38944	1.38946	1.38948	1.38951	1.38955	1.38957	1.38958	1.38961	1.38964	1.38965	1.38966	1.38968	1.3897	1.38969	1.38969	1.38969	1.38969	1.38967	1.38966	1.38964	1.38962	1.3896	1.38958	1.38955	1.38953	1.3895	1.38947	1.38945	1.38942	1.3894	1.38938	1.38935	1.38933	1.38931	1.38929	1.38927	1.38926	1.38924	1.38923	1.38922	1.38921	1.3892	1.3892	1.38919	1.38919	1.38918	
1.41285	1.41285	1.41286	1.41286	1.41286	1.41286	1.41287	1.41288	1.41288	1.41289	1.41291	1.41292	1.41293	1.41294	1.41297	1.41299	1.413	1.41301	1.41304	1.41307	1.41308	1.4131	1.41313	1.41316	1.41317	1.41318	1.41321	1.41323	1.41324	1.41325	1.41326	1.41328	1.41327	1.41327	1.41327	1.41327	1.41326	1.41324	1.41323	1.41322	1.4132	1.41318	1.41316	1.41314	1.41312	1.41309	1.41307	1.41305	1.41303	1.41301	1.413	1.41298	1.41296	1.41294	1.41293	1.41292	1.4129	1.41289	1.41288	1.41288	1.41287	1.41286	1.41286	1.41286	1.41285	
1.43652	1.43652	1.43653	1.43653	1.43653	1.43653	1.43654	1.43654	1.43655	1.43656	1.43657	1.43658	1.43659	1.4366	1.43661	1.43663	1.43664	1.43665	1.43667	1.43669	1.43671	1.43672	1.43674	1.43676	1.43677	1.43678	1.4368	1.43682	1.43683	1.43683	1.43684	1.43685	1.43685	1.43685	1.43685	1.43685	1.43684	1.43683	1.43682	1.43681	1.43679	1.43678	1.43676	1.43675	1.43673	1.43671	1.4367	1.43668	1.43667	1.43665	1.43664	1.43662	1.43661	1.4366	1.43659	1.43657	1.43656	1.43656	1.43655	1.43654	1.43654	1.43653	1.43653	1.43653	1.43652	
1.46019	1.46019	1.46019	1.46019	1.46019	1.46019	1.4602	1.4602	1.46021	1.46021	1.46022	1.46022	1.46023	1.46024	1.46025	1.46026	1.46027	1.46027	1.46029	1.4603	1.46031	1.46032	1.46033	1.46035	1.46036	1.46036	1.46038	1.46039	1.46039	1.4604	1.4604	1.46041	1.46041	1.46041	1.46041	1.46041	1.4604	1.46039	1.46039	1.46038	1.46037	1.46036	1.46035	1.46034	1.46033	1.46031	1.4603	1.46029	1.46028	1.46027	1.46026	1.46025	1.46025	1.46024	1.46023	1.46022	1.46022	1.46021	1.4602	1.4602	1.4602	1.46019	1.46019	1.46019	1.46019	
1.48385	1.48385	1.48385	1.48385	1.48385	1.48385	1.48386	1.48386	1.48386	1.48386	1.48387	1.48387	1.48387	1.48388	1.48388	1.48389	1.48389	1.4839	1.4839	1.48391	1.48391	1.48392	1.48393	1.48393	1.48394	1.48394	1.48395	1.48395	1.48396	1.48396	1.48396	1.48396	1.48396	1.48396	1.48396	1.48396	1.48396	1.48396	1.48395	1.48395	1.48394	1.48394	1.48393	1.48393	1.48392	1.48392	1.48391	1.48391	1.4839	1.4839	1.48389	1.48389	1.48388	1.48388	1.48387	1.48387	1.48387	1.48386	1.48386	1.48386	1.48386	1.48385	1.48385	1.48385	1.48385	
1.50751	1.50751	1.50751	1.50751	1.50751	1.50751	1.50751	1.50751	1.50751	1.50751	1.50751	1.50751	1.50751	1.50751	1.50751	1.50751	1.50751	1.50751	1.50751	1.50751	1.50751	1.50751	1.50751	1.50751	1.50751	1.50751	1.50751	1.50751	1.50751	1.50751	1.50751	1.50751	1.50751	1.50751	1.50751	1.50751	1.50751	1.50751	1.50751	1.50751	1.50751	1.50751	1.50751	1.50751	1.50751	1.50751	1.50751	1.50751	1.50751	1.50751	1.50751	1.50751	1.50751	1.50751	1.50751	1.50751	1.50751	1.50751	1.50751	1.50751	1.50751	1.50751	1.50751	1.50751	1.50751	
