x=200	y=95	z=200	n=65	len=1
b
0.716069	0.716069	0.716069	0.716069	0.716069	0.716069	0.716069	0.716069	0.716069	0.716069	0.716069	0.716069	0.716069	0.716069	0.716069	0.716069	0.716069	0.716069	0.716069	0.716069	0.716069	0.716069	0.716069	0.716069	0.716069	0.716069	0.716069	0.716069	0.716069	0.716069	0.716069	0.716069	0.716069	0.716069	0.716069	0.716069	0.716069	0.716069	0.716069	0.716069	0.716069	0.716069	0.716069	0.716069	0.716069	0.716069	0.716069	0.716069	0.716069	0.716069	0.716069	0.716069	0.716069	0.716069	0.716069	0.716069	0.716069	0.716069	0.716069	0.716069	0.716069	0.716069	0.716069	0.716069	0.716069	
0.716519	0.716484	0.71656	0.716635	0.716614	0.716593	0.716703	0.716812	0.716804	0.716796	0.716965	0.717134	0.717143	0.717152	0.717396	0.717641	0.717641	0.717641	0.717882	0.718123	0.717649	0.717176	0.715731	0.714287	0.714184	0.71408	0.713988	0.713895	0.708433	0.702971	0.697485	0.691999	0.696696	0.701393	0.705789	0.710186	0.71191	0.713633	0.71385	0.714067	0.714516	0.714965	0.715385	0.715804	0.715842	0.71588	0.716132	0.716383	0.716306	0.716229	0.716375	0.71652	0.716439	0.716359	0.716446	0.716533	0.716468	0.716402	0.716465	0.716528	0.716481	0.716434	0.716494	0.716554	0.716519	
0.716511	0.716477	0.716552	0.716626	0.716606	0.716587	0.716697	0.716806	0.716802	0.716797	0.71697	0.717143	0.717163	0.717182	0.717443	0.717704	0.717733	0.717763	0.718055	0.718348	0.718002	0.717656	0.716358	0.715059	0.714613	0.714167	0.713132	0.712098	0.706947	0.701797	0.696789	0.691781	0.69638	0.70098	0.706008	0.711037	0.712059	0.71308	0.713357	0.713634	0.71426	0.714886	0.715379	0.715873	0.715887	0.7159	0.716152	0.716403	0.716318	0.716233	0.716377	0.716522	0.716438	0.716355	0.716442	0.716529	0.716463	0.716396	0.716458	0.716521	0.716473	0.716426	0.716485	0.716544	0.716511	
0.716502	0.71647	0.716543	0.716617	0.716599	0.716581	0.716691	0.716801	0.7168	0.716799	0.716976	0.717153	0.717183	0.717213	0.71749	0.717766	0.717825	0.717884	0.718228	0.718572	0.718355	0.718137	0.716985	0.715832	0.715043	0.714254	0.712277	0.710301	0.705462	0.700623	0.696093	0.691563	0.696065	0.700567	0.706228	0.711888	0.712208	0.712527	0.712864	0.7132	0.714003	0.714806	0.715374	0.715942	0.715931	0.71592	0.716172	0.716424	0.71633	0.716237	0.71638	0.716524	0.716437	0.716351	0.716438	0.716525	0.716458	0.71639	0.716452	0.716513	0.716466	0.716419	0.716477	0.716535	0.716502	
0.716511	0.716481	0.716554	0.716628	0.716614	0.716599	0.716713	0.716826	0.716835	0.716844	0.71703	0.717216	0.717271	0.717326	0.717631	0.717936	0.71806	0.718184	0.718625	0.719066	0.719106	0.719146	0.71834	0.717533	0.715878	0.714223	0.711696	0.70917	0.704625	0.700081	0.696419	0.692757	0.696885	0.701014	0.706486	0.711958	0.711512	0.711065	0.711271	0.711477	0.713047	0.714618	0.715366	0.716113	0.716063	0.716013	0.716288	0.716564	0.71644	0.716316	0.716462	0.716607	0.716504	0.716401	0.716483	0.716564	0.716489	0.716415	0.716472	0.716529	0.716479	0.71643	0.716486	0.716542	0.716511	
0.71652	0.716492	0.716565	0.716638	0.716628	0.716618	0.716734	0.716851	0.716869	0.716888	0.717084	0.717279	0.717359	0.717439	0.717772	0.718106	0.718295	0.718484	0.719022	0.71956	0.719858	0.720156	0.719695	0.719235	0.716713	0.714192	0.711115	0.708039	0.703789	0.699539	0.696745	0.693951	0.697705	0.70146	0.706745	0.712029	0.710816	0.709603	0.709678	0.709753	0.712092	0.714431	0.715358	0.716285	0.716196	0.716106	0.716405	0.716703	0.71655	0.716396	0.716543	0.71669	0.716571	0.716452	0.716528	0.716604	0.716521	0.716439	0.716492	0.716545	0.716493	0.716441	0.716495	0.716549	0.71652	
0.716528	0.716501	0.716573	0.716645	0.716637	0.71663	0.716746	0.716863	0.716888	0.716913	0.717112	0.717311	0.717407	0.717503	0.717851	0.7182	0.718437	0.718674	0.719278	0.719882	0.720388	0.720894	0.720743	0.720592	0.717578	0.714564	0.711094	0.707624	0.703519	0.699414	0.697625	0.695836	0.700076	0.704317	0.708175	0.712033	0.709415	0.706797	0.707198	0.707599	0.710898	0.714197	0.715419	0.71664	0.716492	0.716343	0.716641	0.71694	0.716739	0.716538	0.716665	0.716793	0.716654	0.716516	0.716579	0.716643	0.716554	0.716465	0.716513	0.716561	0.716507	0.716452	0.716504	0.716556	0.716528	
0.716537	0.71651	0.716581	0.716653	0.716647	0.716641	0.716758	0.716875	0.716907	0.716938	0.71714	0.717343	0.717455	0.717566	0.717931	0.718295	0.718579	0.718864	0.719534	0.720205	0.720918	0.721632	0.721791	0.72195	0.718443	0.714936	0.711072	0.707208	0.703248	0.699288	0.698504	0.69772	0.702447	0.707174	0.709606	0.712138	0.709661	0.70399	0.704718	0.705445	0.709704	0.713963	0.715479	0.716995	0.716787	0.716579	0.716878	0.717176	0.716928	0.71668	0.716788	0.716896	0.716738	0.71658	0.716631	0.716682	0.716586	0.716491	0.716534	0.716578	0.716521	0.716464	0.716514	0.716563	0.716537	
0.716549	0.716523	0.716593	0.716663	0.716659	0.716655	0.716771	0.716888	0.716924	0.71696	0.717164	0.717367	0.71749	0.717613	0.717986	0.718359	0.718675	0.71899	0.719708	0.720426	0.721287	0.722148	0.722522	0.722896	0.719642	0.716388	0.711935	0.707483	0.703382	0.699281	0.698842	0.698404	0.704789	0.711175	0.711975	0.713587	0.70888	0.700859	0.702405	0.703951	0.708992	0.714032	0.7159	0.717767	0.717424	0.717081	0.717292	0.717503	0.717192	0.716882	0.716949	0.717016	0.716837	0.716658	0.716695	0.716731	0.716628	0.716525	0.716563	0.7166	0.716541	0.716481	0.716528	0.716575	0.716549	
0.716561	0.716536	0.716604	0.716673	0.716671	0.716669	0.716785	0.7169	0.716942	0.716983	0.717187	0.717391	0.717525	0.717659	0.718041	0.718424	0.71877	0.719117	0.719882	0.720647	0.721656	0.722665	0.723253	0.723842	0.720841	0.717839	0.712798	0.707758	0.703516	0.699274	0.69918	0.699087	0.707131	0.715176	0.714343	0.715838	0.707959	0.697727	0.700092	0.702457	0.70828	0.714102	0.71632	0.718538	0.718061	0.717583	0.717707	0.717831	0.717457	0.717084	0.71711	0.717137	0.716936	0.716736	0.716758	0.71678	0.71667	0.71656	0.716591	0.716622	0.71656	0.716498	0.716542	0.716586	0.716561	
0.716572	0.716547	0.716613	0.716679	0.716678	0.716677	0.716792	0.716906	0.716949	0.716993	0.717196	0.717399	0.717538	0.717676	0.718061	0.718447	0.718806	0.719164	0.719949	0.720734	0.721816	0.722898	0.72364	0.724381	0.721945	0.719509	0.714676	0.709842	0.704909	0.699975	0.699266	0.698556	0.707711	0.716867	0.715309	0.717558	0.706842	0.695496	0.698688	0.701881	0.708595	0.715309	0.717442	0.719576	0.718861	0.718147	0.718147	0.718146	0.717718	0.717291	0.717272	0.717253	0.717036	0.716818	0.716823	0.716828	0.716712	0.716595	0.716619	0.716644	0.716579	0.716515	0.716556	0.716596	0.716572	
0.716582	0.716558	0.716622	0.716685	0.716686	0.716686	0.716799	0.716911	0.716957	0.717003	0.717205	0.717407	0.71755	0.717693	0.718081	0.71847	0.718841	0.719212	0.720016	0.72082	0.721976	0.723132	0.724026	0.724921	0.72305	0.721179	0.716553	0.711927	0.706302	0.700677	0.699351	0.698026	0.708292	0.718558	0.716275	0.71769	0.705407	0.693264	0.697285	0.701305	0.70891	0.716515	0.718564	0.720613	0.719662	0.718711	0.718586	0.718461	0.71798	0.717498	0.717434	0.71737	0.717135	0.716899	0.716888	0.716876	0.716753	0.71663	0.716648	0.716665	0.716598	0.716532	0.716569	0.716607	0.716582	
0.716592	0.716568	0.716629	0.71669	0.716691	0.716691	0.716803	0.716914	0.71696	0.717006	0.717207	0.717408	0.717552	0.717696	0.718084	0.718472	0.718845	0.719219	0.720026	0.720833	0.721997	0.723161	0.724181	0.725201	0.724007	0.722812	0.719069	0.715325	0.708896	0.702467	0.698867	0.695266	0.706151	0.717036	0.715295	0.716834	0.703857	0.692367	0.696831	0.701296	0.709909	0.718522	0.72014	0.721759	0.720489	0.719218	0.718962	0.718706	0.718193	0.717681	0.717574	0.717467	0.71722	0.716973	0.716945	0.716917	0.71679	0.716663	0.716673	0.716684	0.716616	0.716548	0.716582	0.716615	0.716592	
0.716601	0.716578	0.716637	0.716695	0.716696	0.716697	0.716807	0.716916	0.716963	0.71701	0.71721	0.717409	0.717554	0.717699	0.718086	0.718473	0.71885	0.719227	0.720036	0.720846	0.722019	0.723191	0.724337	0.725482	0.724964	0.724446	0.721585	0.718723	0.711491	0.704258	0.698382	0.692507	0.70401	0.715515	0.714315	0.715749	0.702742	0.69147	0.696378	0.701287	0.710907	0.720528	0.721716	0.722904	0.721315	0.719726	0.719338	0.71895	0.718407	0.717863	0.717713	0.717563	0.717305	0.717047	0.717002	0.716957	0.716827	0.716697	0.716699	0.716702	0.716633	0.716564	0.716594	0.716624	0.716601	
0.716607	0.716585	0.716641	0.716698	0.716699	0.7167	0.716806	0.716913	0.71696	0.717008	0.717201	0.717394	0.717537	0.71768	0.718052	0.718424	0.718792	0.71916	0.719918	0.720676	0.721705	0.722734	0.724111	0.725487	0.725561	0.725635	0.72389	0.722146	0.715062	0.707978	0.699516	0.691054	0.698462	0.70587	0.709107	0.71422	0.702292	0.691685	0.697482	0.70328	0.713249	0.723219	0.723688	0.724157	0.722159	0.720161	0.719642	0.719123	0.71856	0.717996	0.717812	0.717628	0.717365	0.717101	0.717043	0.716985	0.716853	0.716722	0.716718	0.716715	0.716646	0.716577	0.716603	0.716629	0.716607	
0.716613	0.716591	0.716646	0.7167	0.716701	0.716702	0.716806	0.716909	0.716957	0.717005	0.717191	0.717378	0.71752	0.717661	0.718018	0.718374	0.718734	0.719094	0.719799	0.720505	0.721391	0.722278	0.723885	0.725492	0.726157	0.726823	0.726196	0.725569	0.718634	0.711698	0.70065	0.689602	0.692913	0.696225	0.703899	0.711674	0.70219	0.6919	0.698587	0.705274	0.715591	0.725909	0.72566	0.72541	0.723003	0.720596	0.719946	0.719297	0.718713	0.718129	0.717911	0.717694	0.717424	0.717154	0.717083	0.717012	0.716879	0.716747	0.716737	0.716728	0.716659	0.71659	0.716612	0.716635	0.716613	
0.716617	0.716596	0.716648	0.7167	0.716701	0.716702	0.716801	0.716899	0.716946	0.716993	0.717168	0.717343	0.717475	0.717607	0.717934	0.718261	0.718583	0.718904	0.71954	0.720176	0.720933	0.72169	0.72318	0.724669	0.726023	0.727376	0.727828	0.72828	0.722804	0.717329	0.703398	0.689466	0.689329	0.689192	0.697816	0.706915	0.701464	0.694433	0.70218	0.709927	0.719294	0.728661	0.727691	0.726721	0.723844	0.720967	0.720196	0.719426	0.718821	0.718216	0.717975	0.717733	0.717461	0.717188	0.717108	0.717028	0.716896	0.716763	0.71675	0.716737	0.716668	0.716599	0.716619	0.716639	0.716617	
0.716622	0.716601	0.716651	0.716701	0.716702	0.716703	0.716796	0.716889	0.716935	0.71698	0.717144	0.717308	0.717431	0.717553	0.717851	0.718148	0.718432	0.718715	0.719282	0.719848	0.720476	0.721103	0.722475	0.723847	0.725888	0.727929	0.72946	0.73099	0.726975	0.722959	0.706145	0.68933	0.685744	0.682159	0.691732	0.699641	0.699279	0.696966	0.705773	0.714581	0.722997	0.731412	0.729722	0.728031	0.724684	0.721338	0.720446	0.719554	0.718929	0.718303	0.718038	0.717773	0.717498	0.717223	0.717134	0.717045	0.716912	0.71678	0.716762	0.716745	0.716676	0.716608	0.716625	0.716643	0.716622	
0.716624	0.716604	0.716651	0.716698	0.716698	0.716699	0.716787	0.716875	0.716918	0.716962	0.717113	0.717265	0.717377	0.717488	0.717755	0.718023	0.718269	0.718516	0.719012	0.719509	0.720039	0.720569	0.72168	0.722792	0.724964	0.727137	0.729731	0.732325	0.730383	0.728441	0.710725	0.693009	0.686674	0.680339	0.689241	0.693142	0.696948	0.699597	0.70936	0.719123	0.72642	0.733717	0.731407	0.729097	0.725349	0.7216	0.720606	0.719612	0.718979	0.718347	0.718068	0.717789	0.717514	0.717239	0.717145	0.717052	0.71692	0.716789	0.716769	0.716749	0.716681	0.716613	0.716629	0.716644	0.716624	
0.716626	0.716607	0.716651	0.716694	0.716695	0.716695	0.716778	0.716861	0.716902	0.716943	0.717083	0.717223	0.717323	0.717423	0.71766	0.717898	0.718107	0.718317	0.718743	0.719169	0.719602	0.720035	0.720886	0.721737	0.724041	0.726345	0.730002	0.73366	0.733791	0.733922	0.715306	0.696688	0.687604	0.678519	0.68675	0.69016	0.696174	0.702228	0.712946	0.723664	0.729843	0.736022	0.733092	0.730163	0.726013	0.721862	0.720766	0.719669	0.71903	0.718391	0.718098	0.717805	0.71753	0.717256	0.717157	0.717058	0.716928	0.716798	0.716775	0.716753	0.716686	0.716619	0.716632	0.716645	0.716626	
0.716626	0.716608	0.716649	0.71669	0.716691	0.716691	0.71677	0.716848	0.716887	0.716927	0.717057	0.717186	0.717281	0.717376	0.717589	0.717802	0.717996	0.718191	0.718558	0.718924	0.719316	0.719707	0.720183	0.720659	0.721643	0.722627	0.728236	0.733846	0.735584	0.737323	0.721935	0.706546	0.695492	0.684438	0.688753	0.69138	0.697392	0.70404	0.715613	0.727186	0.732295	0.737404	0.734071	0.730737	0.726347	0.721957	0.720749	0.719542	0.718946	0.718349	0.718061	0.717773	0.717512	0.717252	0.717152	0.717052	0.716927	0.716801	0.716776	0.716752	0.716687	0.716622	0.716633	0.716644	0.716626	
0.716627	0.71661	0.716648	0.716686	0.716686	0.716688	0.716761	0.716835	0.716873	0.716911	0.71703	0.717149	0.71724	0.71733	0.717518	0.717705	0.717885	0.718066	0.718372	0.718679	0.71903	0.71938	0.719481	0.719582	0.719246	0.71891	0.726471	0.734032	0.737378	0.740724	0.728564	0.716405	0.703381	0.690809	0.691176	0.691154	0.698503	0.705852	0.718279	0.730707	0.734747	0.738787	0.735049	0.731312	0.726681	0.722051	0.720733	0.719415	0.718862	0.718308	0.718024	0.71774	0.717494	0.717248	0.717147	0.717046	0.716925	0.716804	0.716778	0.716751	0.716688	0.716624	0.716634	0.716643	0.716627	
0.716625	0.71661	0.716646	0.716681	0.716683	0.716685	0.716754	0.716824	0.716862	0.716901	0.717013	0.717124	0.717215	0.717306	0.717479	0.717652	0.717833	0.718014	0.718295	0.718577	0.718926	0.719275	0.718953	0.71863	0.717117	0.715604	0.723758	0.731912	0.73678	0.741648	0.733468	0.725288	0.713182	0.703804	0.699938	0.698467	0.703394	0.708321	0.720372	0.732424	0.735786	0.739147	0.735044	0.730941	0.726276	0.721611	0.72042	0.71923	0.718718	0.718206	0.717944	0.717682	0.717452	0.717222	0.717125	0.717029	0.716914	0.716799	0.716773	0.716746	0.716685	0.716625	0.716633	0.716641	0.716625	
0.716624	0.71661	0.716643	0.716677	0.716679	0.716682	0.716747	0.716813	0.716852	0.716891	0.716995	0.717099	0.717191	0.717283	0.717441	0.717599	0.71778	0.717962	0.718218	0.718475	0.718823	0.71917	0.718424	0.717679	0.714989	0.712299	0.721045	0.729792	0.736182	0.742573	0.738372	0.734171	0.722982	0.711793	0.708786	0.70578	0.708285	0.71079	0.722466	0.738279	0.741702	0.739507	0.735039	0.73057	0.725871	0.721171	0.720107	0.719044	0.718574	0.718103	0.717863	0.717624	0.717409	0.717195	0.717103	0.717012	0.716903	0.716795	0.716768	0.716741	0.716683	0.716625	0.716632	0.716638	0.716624	
0.716623	0.71661	0.716641	0.716673	0.716677	0.716681	0.716743	0.716805	0.716847	0.716888	0.716987	0.717086	0.717184	0.717281	0.717436	0.71759	0.717785	0.71798	0.718258	0.718536	0.718944	0.719353	0.718319	0.717286	0.714052	0.710818	0.717805	0.724793	0.733054	0.741315	0.739432	0.737549	0.728804	0.720058	0.715694	0.71133	0.713361	0.715391	0.724517	0.739314	0.741252	0.736678	0.732369	0.728059	0.724314	0.720568	0.719697	0.718825	0.718407	0.71799	0.717771	0.717552	0.717358	0.717164	0.717077	0.71699	0.716889	0.716787	0.716761	0.716735	0.716679	0.716624	0.71663	0.716636	0.716623	
0.716622	0.71661	0.71664	0.716669	0.716675	0.716681	0.716739	0.716798	0.716841	0.716884	0.716979	0.717074	0.717176	0.717279	0.71743	0.717581	0.71779	0.717998	0.718298	0.718597	0.719066	0.719535	0.718214	0.716893	0.713115	0.709337	0.714565	0.719794	0.729926	0.740058	0.740493	0.740927	0.734625	0.735797	0.726161	0.716881	0.718437	0.719992	0.726569	0.737479	0.737994	0.733849	0.729699	0.725548	0.722757	0.719965	0.719286	0.718607	0.718241	0.717876	0.717678	0.71748	0.717306	0.717133	0.717051	0.716969	0.716875	0.71678	0.716754	0.716728	0.716676	0.716623	0.716628	0.716633	0.716622	
0.71662	0.716609	0.716638	0.716667	0.716674	0.716681	0.716737	0.716793	0.716839	0.716885	0.716978	0.717071	0.71718	0.71729	0.717446	0.717603	0.717844	0.718085	0.718456	0.718828	0.719414	0.720001	0.7188	0.7176	0.713569	0.709537	0.712802	0.716067	0.724392	0.732717	0.734377	0.736036	0.731441	0.73152	0.72491	0.718001	0.719801	0.721601	0.725972	0.731722	0.731694	0.729276	0.726217	0.723158	0.721275	0.719393	0.718878	0.718364	0.718056	0.717748	0.717576	0.717404	0.717249	0.717093	0.717018	0.716944	0.716857	0.71677	0.716745	0.716721	0.716671	0.716622	0.716627	0.716631	0.71662	
0.716619	0.716609	0.716637	0.716664	0.716673	0.716681	0.716735	0.716789	0.716838	0.716886	0.716977	0.717069	0.717185	0.717301	0.717463	0.717625	0.717898	0.718171	0.718615	0.719058	0.719762	0.720467	0.719387	0.718307	0.714022	0.709738	0.711039	0.712341	0.718859	0.725377	0.728261	0.731145	0.728256	0.725367	0.722244	0.719121	0.721165	0.723209	0.725375	0.727541	0.726122	0.724702	0.722735	0.720768	0.719794	0.71882	0.71847	0.71812	0.71787	0.717619	0.717474	0.717329	0.717191	0.717053	0.716985	0.716918	0.716839	0.71676	0.716736	0.716713	0.716667	0.716621	0.716625	0.716629	0.716619	
0.716618	0.716609	0.716635	0.716662	0.716672	0.716682	0.716734	0.716786	0.716837	0.716888	0.716979	0.717069	0.717193	0.717317	0.717488	0.717659	0.717969	0.71828	0.718773	0.719266	0.720168	0.72107	0.721019	0.720968	0.717617	0.714265	0.712748	0.711231	0.714433	0.717636	0.718049	0.718463	0.71772	0.716977	0.716758	0.716538	0.719374	0.722211	0.724184	0.726157	0.724476	0.722794	0.721346	0.719899	0.719213	0.718528	0.718251	0.717975	0.717754	0.717534	0.717405	0.717276	0.717148	0.717021	0.716958	0.716896	0.716822	0.716748	0.716726	0.716704	0.716662	0.71662	0.716623	0.716627	0.716618	
0.716617	0.716608	0.716634	0.71666	0.716671	0.716682	0.716733	0.716784	0.716837	0.71689	0.71698	0.71707	0.717202	0.717333	0.717514	0.717694	0.718041	0.718388	0.718931	0.719475	0.720574	0.721674	0.722652	0.72363	0.721212	0.718793	0.714457	0.710121	0.710008	0.709895	0.707838	0.702767	0.703022	0.70831	0.712823	0.713954	0.717584	0.721213	0.722993	0.724774	0.72283	0.720886	0.719958	0.719029	0.718633	0.718236	0.718033	0.717829	0.717639	0.717448	0.717336	0.717223	0.717106	0.716988	0.716932	0.716875	0.716806	0.716737	0.716716	0.716695	0.716657	0.716618	0.716622	0.716625	0.716617	
0.716615	0.716608	0.716632	0.716657	0.716669	0.716682	0.716731	0.71678	0.716835	0.71689	0.71698	0.717069	0.717205	0.717341	0.717526	0.717711	0.718071	0.718432	0.718976	0.71952	0.720732	0.721944	0.723856	0.725768	0.72523	0.724692	0.718904	0.713116	0.711307	0.709498	0.708711	0.700217	0.700353	0.703916	0.708474	0.711511	0.716345	0.721178	0.722451	0.723723	0.722109	0.720494	0.719677	0.718859	0.718493	0.718126	0.717943	0.71776	0.717579	0.717397	0.717292	0.717187	0.717076	0.716964	0.716911	0.716858	0.716792	0.716727	0.716707	0.716688	0.716652	0.716616	0.716619	0.716622	0.716615	
0.716613	0.716607	0.71663	0.716653	0.716668	0.716682	0.71673	0.716777	0.716834	0.716891	0.716979	0.717068	0.717209	0.717349	0.717539	0.717728	0.718102	0.718476	0.719021	0.719566	0.72089	0.722213	0.72506	0.727906	0.729249	0.730591	0.723352	0.716112	0.712607	0.708135	0.709567	0.710734	0.708375	0.704777	0.70571	0.710175	0.715279	0.721143	0.721908	0.722673	0.721387	0.720102	0.719396	0.71869	0.718353	0.718015	0.717853	0.717692	0.717519	0.717346	0.717249	0.717151	0.717046	0.716941	0.716891	0.716841	0.716779	0.716718	0.716699	0.71668	0.716646	0.716613	0.716616	0.716619	0.716613	
0.71661	0.716604	0.716627	0.71665	0.716665	0.71668	0.716726	0.716771	0.716828	0.716885	0.716971	0.717057	0.717199	0.717341	0.717529	0.717716	0.718087	0.718457	0.718975	0.719492	0.720731	0.72197	0.725013	0.728056	0.730389	0.732722	0.727984	0.723245	0.719952	0.720694	0.725057	0.731444	0.72967	0.710701	0.70602	0.71372	0.718122	0.722888	0.723401	0.723915	0.722353	0.720791	0.71981	0.718828	0.71842	0.718013	0.71784	0.717667	0.717491	0.717315	0.71722	0.717126	0.717024	0.716922	0.716874	0.716826	0.716768	0.716709	0.716691	0.716673	0.716641	0.71661	0.716613	0.716616	0.71661	
0.716607	0.716601	0.716623	0.716646	0.716662	0.716678	0.716722	0.716765	0.716822	0.71688	0.716963	0.717046	0.717189	0.717333	0.717518	0.717704	0.718071	0.718438	0.718928	0.719418	0.720572	0.721727	0.724966	0.728205	0.731529	0.734853	0.732615	0.730378	0.727298	0.728386	0.734419	0.74718	0.740927	0.718948	0.710657	0.71823	0.721103	0.724633	0.724895	0.725157	0.723319	0.721481	0.720223	0.718966	0.718488	0.71801	0.717826	0.717642	0.717463	0.717283	0.717192	0.717101	0.717002	0.716903	0.716857	0.716811	0.716756	0.716701	0.716683	0.716666	0.716636	0.716607	0.71661	0.716613	0.716607	
0.716603	0.716597	0.716619	0.71664	0.716657	0.716673	0.716715	0.716756	0.716812	0.716867	0.716946	0.717025	0.717161	0.717297	0.717469	0.71764	0.717979	0.718318	0.718746	0.719174	0.720133	0.721092	0.723517	0.725943	0.729137	0.732332	0.731902	0.731472	0.728182	0.728571	0.728659	0.763534	0.742496	0.725309	0.7146	0.720718	0.722879	0.72482	0.725806	0.726791	0.7246	0.722408	0.720835	0.719262	0.718674	0.718087	0.717868	0.71765	0.717458	0.717265	0.717173	0.717081	0.716984	0.716887	0.716842	0.716798	0.716745	0.716692	0.716675	0.716658	0.71663	0.716603	0.716606	0.71661	0.716603	
0.716599	0.716592	0.716614	0.716635	0.716652	0.716669	0.716708	0.716747	0.716801	0.716854	0.716929	0.717004	0.717133	0.717262	0.717419	0.717576	0.717887	0.718197	0.718563	0.71893	0.719693	0.720457	0.722069	0.72368	0.726745	0.72981	0.731188	0.732565	0.729066	0.726852	0.725845	0.756806	0.746797	0.724919	0.717082	0.722545	0.723617	0.726517	0.729382	0.729882	0.72716	0.723335	0.721447	0.719559	0.718861	0.718163	0.717911	0.717658	0.717452	0.717247	0.717154	0.717061	0.716966	0.71687	0.716827	0.716785	0.716734	0.716683	0.716667	0.71665	0.716625	0.716599	0.716603	0.716606	0.716599	
0.716594	0.716587	0.716607	0.716628	0.716645	0.716661	0.716698	0.716736	0.716787	0.716838	0.716909	0.716979	0.717099	0.717218	0.717364	0.717509	0.717786	0.718063	0.718399	0.718735	0.719401	0.720066	0.721276	0.722486	0.724756	0.727027	0.728782	0.730538	0.729991	0.729333	0.730465	0.74688	0.745625	0.725193	0.722128	0.724555	0.724901	0.726617	0.729674	0.730639	0.727692	0.723363	0.721501	0.719639	0.718904	0.718168	0.717902	0.717635	0.717429	0.717222	0.717131	0.71704	0.716946	0.716852	0.716811	0.71677	0.716722	0.716673	0.716657	0.716642	0.716618	0.716594	0.716598	0.716601	0.716594	
0.716588	0.716581	0.716601	0.716621	0.716637	0.716653	0.716689	0.716725	0.716773	0.716821	0.716888	0.716955	0.717064	0.717174	0.717308	0.717443	0.717686	0.71793	0.718235	0.71854	0.719108	0.719676	0.720484	0.721292	0.722767	0.724243	0.726376	0.730401	0.735635	0.739229	0.746242	0.751668	0.742929	0.728782	0.725252	0.726395	0.728543	0.728947	0.730503	0.730812	0.727506	0.723391	0.721555	0.71972	0.718947	0.718173	0.717893	0.717613	0.717405	0.717197	0.717107	0.717018	0.716926	0.716835	0.716795	0.716756	0.716709	0.716663	0.716648	0.716633	0.716611	0.716589	0.716593	0.716596	0.716588	
0.716581	0.716572	0.716592	0.716612	0.716628	0.716643	0.716677	0.716711	0.716756	0.716801	0.716864	0.716927	0.717029	0.71713	0.717256	0.717381	0.717605	0.717828	0.718111	0.718394	0.718919	0.719443	0.720211	0.72098	0.72257	0.72416	0.72729	0.733789	0.742763	0.751301	0.749836	0.755172	0.731898	0.731407	0.732219	0.73413	0.733566	0.732267	0.731654	0.730186	0.726413	0.722486	0.720997	0.719508	0.718797	0.718087	0.717825	0.717563	0.717364	0.717165	0.717077	0.716989	0.716902	0.716815	0.716777	0.71674	0.716695	0.716651	0.716637	0.716623	0.716602	0.716582	0.716586	0.71659	0.716581	
0.716573	0.716564	0.716584	0.716603	0.716618	0.716633	0.716665	0.716697	0.716739	0.716781	0.71684	0.716899	0.716993	0.717087	0.717203	0.71732	0.717523	0.717726	0.717987	0.718248	0.718729	0.71921	0.719939	0.720667	0.722373	0.724774	0.729119	0.735665	0.743797	0.750088	0.747952	0.746564	0.734628	0.734984	0.740413	0.741764	0.736563	0.733597	0.7316	0.728596	0.724837	0.721581	0.720439	0.719296	0.718648	0.718	0.717757	0.717513	0.717323	0.717133	0.717047	0.716961	0.716878	0.716796	0.71676	0.716724	0.716682	0.71664	0.716626	0.716613	0.716594	0.716575	0.716579	0.716583	0.716573	
0.716564	0.716554	0.716573	0.716592	0.716606	0.71662	0.71665	0.716681	0.716719	0.716758	0.716813	0.716869	0.716954	0.71704	0.717146	0.717253	0.717437	0.71762	0.717853	0.718087	0.71852	0.718954	0.719613	0.720272	0.721753	0.724167	0.727904	0.733651	0.741881	0.751024	0.752364	0.749651	0.743104	0.751015	0.749874	0.738785	0.734623	0.732078	0.729019	0.726043	0.723153	0.72064	0.719777	0.718914	0.718381	0.717848	0.717638	0.717429	0.717256	0.717082	0.717004	0.716926	0.716849	0.716772	0.716738	0.716705	0.716665	0.716626	0.716613	0.716601	0.716583	0.716566	0.71657	0.716574	0.716564	
0.716555	0.716544	0.716562	0.716581	0.716594	0.716607	0.716636	0.716664	0.7167	0.716735	0.716787	0.716838	0.716915	0.716992	0.71709	0.717187	0.71735	0.717514	0.71772	0.717925	0.718311	0.718697	0.719286	0.719876	0.721134	0.722791	0.725295	0.729342	0.736811	0.749772	0.753695	0.750619	0.747639	0.751024	0.745164	0.732887	0.729925	0.727795	0.725308	0.723394	0.721543	0.719698	0.719115	0.718531	0.718113	0.717696	0.71752	0.717345	0.717188	0.717032	0.716961	0.716891	0.71682	0.716748	0.716717	0.716686	0.716649	0.716612	0.7166	0.716589	0.716573	0.716557	0.716561	0.716565	0.716555	
0.716543	0.716531	0.716549	0.716568	0.71658	0.716593	0.716619	0.716646	0.716678	0.71671	0.716758	0.716805	0.716875	0.716944	0.717032	0.71712	0.717263	0.717407	0.717587	0.717767	0.718086	0.718405	0.718887	0.719369	0.720358	0.721536	0.723199	0.725558	0.729458	0.73488	0.743292	0.743172	0.735202	0.736636	0.732143	0.728319	0.726318	0.724288	0.722654	0.721478	0.720305	0.719145	0.718684	0.718223	0.717888	0.717552	0.717402	0.717252	0.717116	0.71698	0.716917	0.716854	0.716788	0.716722	0.716694	0.716666	0.716631	0.716596	0.716585	0.716575	0.71656	0.716545	0.71655	0.716555	0.716543	
0.716531	0.716519	0.716537	0.716554	0.716566	0.716578	0.716602	0.716627	0.716656	0.716686	0.716729	0.716773	0.716834	0.716896	0.716975	0.717053	0.717176	0.717299	0.717454	0.71761	0.717861	0.718113	0.718488	0.718862	0.719581	0.7203	0.721338	0.722911	0.724538	0.726259	0.728	0.728268	0.727809	0.727287	0.726146	0.724569	0.723119	0.721512	0.720775	0.720039	0.719316	0.718592	0.718254	0.717916	0.717662	0.717409	0.717284	0.71716	0.717044	0.716929	0.716872	0.716816	0.716757	0.716697	0.716671	0.716645	0.716613	0.716581	0.716571	0.716561	0.716547	0.716534	0.716539	0.716544	0.716531	
0.716518	0.716505	0.716522	0.716539	0.71655	0.716561	0.716584	0.716607	0.716633	0.71666	0.716699	0.716739	0.716794	0.71685	0.71692	0.71699	0.717098	0.717205	0.717338	0.717472	0.717685	0.717897	0.718193	0.71849	0.719021	0.719552	0.720311	0.721153	0.722061	0.722901	0.723633	0.724134	0.724153	0.723751	0.72306	0.722196	0.72128	0.720328	0.719832	0.719336	0.718793	0.71825	0.71799	0.717731	0.717515	0.717299	0.717192	0.717085	0.716982	0.716879	0.716829	0.716779	0.716724	0.716669	0.716646	0.716623	0.716593	0.716563	0.716554	0.716545	0.716533	0.716521	0.716526	0.71653	0.716518	
0.716504	0.71649	0.716507	0.716524	0.716534	0.716544	0.716565	0.716586	0.71661	0.716633	0.71667	0.716706	0.716755	0.716803	0.716865	0.716927	0.717019	0.717111	0.717223	0.717334	0.717508	0.717681	0.717899	0.718117	0.71846	0.718804	0.719285	0.719765	0.72021	0.720654	0.721081	0.721508	0.721375	0.721242	0.72085	0.720459	0.719802	0.719145	0.718889	0.718634	0.71827	0.717907	0.717727	0.717547	0.717368	0.717189	0.7171	0.717011	0.71692	0.716829	0.716785	0.716741	0.716692	0.716642	0.716621	0.7166	0.716573	0.716545	0.716537	0.716529	0.716518	0.716507	0.716512	0.716517	0.716504	
0.716487	0.716474	0.71649	0.716506	0.716515	0.716525	0.716544	0.716564	0.716585	0.716606	0.716639	0.716672	0.716715	0.716758	0.716813	0.716868	0.716947	0.717027	0.717123	0.717219	0.717362	0.717506	0.717683	0.717861	0.718128	0.718394	0.718745	0.719096	0.719428	0.71976	0.720023	0.720286	0.720189	0.720092	0.71983	0.719568	0.719132	0.718696	0.718478	0.718259	0.717969	0.717678	0.717533	0.717388	0.717239	0.71709	0.717014	0.716938	0.716859	0.71678	0.716741	0.716703	0.716658	0.716613	0.716595	0.716576	0.71655	0.716525	0.716517	0.71651	0.716501	0.716491	0.716496	0.716501	0.716487	
0.716471	0.716457	0.716473	0.716488	0.716497	0.716505	0.716524	0.716542	0.71656	0.716579	0.716608	0.716638	0.716675	0.716712	0.716761	0.716809	0.716876	0.716942	0.717023	0.717103	0.717217	0.71733	0.717468	0.717606	0.717795	0.717984	0.718206	0.718427	0.718647	0.718866	0.718965	0.719065	0.719003	0.718942	0.718809	0.718677	0.718462	0.718248	0.718066	0.717884	0.717667	0.717449	0.717339	0.717229	0.71711	0.716991	0.716928	0.716865	0.716798	0.716731	0.716697	0.716664	0.716624	0.716585	0.716568	0.716551	0.716528	0.716505	0.716498	0.716492	0.716483	0.716475	0.71648	0.716485	0.716471	
0.716453	0.716439	0.716453	0.716468	0.716476	0.716484	0.716501	0.716517	0.716534	0.71655	0.716577	0.716604	0.716636	0.716669	0.716712	0.716754	0.716811	0.716868	0.716937	0.717005	0.7171	0.717195	0.717305	0.717415	0.717563	0.717712	0.717879	0.718046	0.718212	0.718377	0.71845	0.718523	0.718481	0.718439	0.718338	0.718237	0.718066	0.717895	0.717756	0.717617	0.717452	0.717287	0.717196	0.717105	0.717006	0.716908	0.716854	0.716801	0.716743	0.716684	0.716655	0.716626	0.71659	0.716554	0.71654	0.716525	0.716504	0.716483	0.716477	0.716471	0.716464	0.716456	0.716461	0.716467	0.716453	
0.716434	0.71642	0.716434	0.716448	0.716455	0.716463	0.716478	0.716493	0.716507	0.716521	0.716545	0.716569	0.716597	0.716625	0.716662	0.716699	0.716747	0.716795	0.716851	0.716906	0.716983	0.717059	0.717141	0.717224	0.717332	0.717441	0.717553	0.717665	0.717777	0.717888	0.717935	0.717982	0.717959	0.717936	0.717867	0.717797	0.717669	0.717542	0.717446	0.71735	0.717237	0.717124	0.717053	0.716981	0.716903	0.716824	0.716781	0.716737	0.716687	0.716637	0.716612	0.716588	0.716556	0.716524	0.716512	0.716499	0.71648	0.71646	0.716455	0.71645	0.716444	0.716438	0.716443	0.716448	0.716434	
0.716413	0.716399	0.716412	0.716425	0.716432	0.716439	0.716453	0.716466	0.716479	0.716491	0.716513	0.716534	0.716558	0.716583	0.716615	0.716647	0.716688	0.716729	0.716776	0.716824	0.716887	0.71695	0.717018	0.717086	0.717171	0.717257	0.717343	0.717428	0.71751	0.717592	0.717629	0.717666	0.717649	0.717631	0.717577	0.717523	0.717428	0.717332	0.717259	0.717185	0.717093	0.717001	0.716943	0.716885	0.716819	0.716752	0.716716	0.716679	0.716635	0.716592	0.716571	0.71655	0.716521	0.716493	0.716482	0.716471	0.716453	0.716436	0.716432	0.716427	0.716422	0.716416	0.716421	0.716426	0.716413	
0.716391	0.716378	0.71639	0.716403	0.716409	0.716415	0.716427	0.71644	0.71645	0.716461	0.71648	0.716499	0.71652	0.71654	0.716568	0.716595	0.716629	0.716663	0.716702	0.716742	0.716791	0.716841	0.716895	0.716948	0.717011	0.717073	0.717132	0.717191	0.717244	0.717297	0.717323	0.71735	0.717338	0.717327	0.717288	0.717249	0.717186	0.717123	0.717072	0.717021	0.716949	0.716877	0.716833	0.716789	0.716735	0.71668	0.716651	0.716621	0.716584	0.716547	0.716529	0.716511	0.716486	0.716461	0.716452	0.716443	0.716427	0.716411	0.716408	0.716404	0.7164	0.716395	0.7164	0.716405	0.716391	
0.716368	0.716355	0.716366	0.716378	0.716384	0.716389	0.7164	0.716411	0.71642	0.71643	0.716446	0.716463	0.716481	0.716498	0.716522	0.716546	0.716575	0.716604	0.716637	0.71667	0.716711	0.716752	0.716796	0.716839	0.716889	0.71694	0.716986	0.717032	0.717073	0.717115	0.717134	0.717153	0.717143	0.717133	0.717105	0.717077	0.717027	0.716977	0.716936	0.716894	0.716837	0.716779	0.716743	0.716708	0.716662	0.716617	0.716592	0.716567	0.716535	0.716503	0.716488	0.716473	0.716451	0.716429	0.716421	0.716413	0.716399	0.716385	0.716382	0.716379	0.716375	0.716371	0.716376	0.71638	0.716368	
0.716344	0.716332	0.716343	0.716353	0.716358	0.716363	0.716373	0.716382	0.71639	0.716398	0.716413	0.716427	0.716442	0.716457	0.716477	0.716497	0.716521	0.716544	0.716571	0.716598	0.716631	0.716664	0.716696	0.716729	0.716768	0.716807	0.71684	0.716872	0.716902	0.716933	0.716945	0.716957	0.716948	0.71694	0.716923	0.716906	0.716868	0.716831	0.7168	0.716768	0.716725	0.716681	0.716654	0.716626	0.71659	0.716553	0.716533	0.716514	0.716486	0.716459	0.716447	0.716435	0.716416	0.716396	0.71639	0.716384	0.716371	0.716359	0.716356	0.716354	0.716351	0.716347	0.716352	0.716356	0.716344	
0.716318	0.716307	0.716317	0.716326	0.716331	0.716336	0.716344	0.716352	0.716359	0.716366	0.716378	0.716391	0.716403	0.716416	0.716433	0.71645	0.71647	0.71649	0.716512	0.716535	0.716562	0.716589	0.716616	0.716643	0.716674	0.716705	0.716732	0.716758	0.716781	0.716804	0.716815	0.716826	0.716819	0.716812	0.716798	0.716784	0.716754	0.716724	0.7167	0.716675	0.716639	0.716603	0.71658	0.716558	0.716527	0.716496	0.71648	0.716464	0.71644	0.716417	0.716407	0.716397	0.71638	0.716363	0.716358	0.716353	0.716342	0.716331	0.716329	0.716327	0.716324	0.716321	0.716326	0.71633	0.716318	
0.716293	0.716282	0.716291	0.7163	0.716304	0.716308	0.716315	0.716322	0.716327	0.716333	0.716344	0.716354	0.716365	0.716375	0.716389	0.716404	0.71642	0.716435	0.716454	0.716472	0.716493	0.716514	0.716536	0.716558	0.71658	0.716603	0.716624	0.716645	0.71666	0.716676	0.716685	0.716694	0.716689	0.716683	0.716673	0.716663	0.71664	0.716617	0.7166	0.716582	0.716553	0.716524	0.716507	0.716491	0.716465	0.716439	0.716427	0.716414	0.716395	0.716375	0.716367	0.716359	0.716345	0.71633	0.716326	0.716322	0.716312	0.716303	0.716301	0.716299	0.716298	0.716295	0.716299	0.716303	0.716293	
0.716265	0.716256	0.716264	0.716271	0.716275	0.716278	0.716284	0.71629	0.716295	0.7163	0.716309	0.716318	0.716326	0.716335	0.716347	0.716359	0.716372	0.716385	0.7164	0.716415	0.716432	0.716449	0.716467	0.716484	0.716503	0.716521	0.716537	0.716554	0.716566	0.716578	0.716585	0.716593	0.716588	0.716583	0.716576	0.716568	0.716549	0.716531	0.716517	0.716504	0.71648	0.716456	0.716443	0.71643	0.716409	0.716388	0.716378	0.716368	0.716351	0.716334	0.716328	0.716322	0.716309	0.716297	0.716294	0.71629	0.716282	0.716274	0.716272	0.716271	0.71627	0.716268	0.716272	0.716275	0.716265	
0.716238	0.71623	0.716237	0.716243	0.716246	0.716249	0.716254	0.716259	0.716263	0.716267	0.716274	0.716281	0.716288	0.716295	0.716305	0.716314	0.716324	0.716335	0.716347	0.716359	0.716372	0.716385	0.716398	0.716411	0.716425	0.716438	0.71645	0.716462	0.716471	0.71648	0.716486	0.716491	0.716487	0.716482	0.716478	0.716473	0.716459	0.716444	0.716434	0.716425	0.716407	0.716389	0.716379	0.716369	0.716353	0.716336	0.716328	0.716321	0.716307	0.716294	0.716289	0.716284	0.716274	0.716264	0.716261	0.716259	0.716252	0.716245	0.716244	0.716243	0.716242	0.716241	0.716244	0.716247	0.716238	
0.71621	0.716203	0.716209	0.716214	0.716217	0.716219	0.716223	0.716227	0.71623	0.716233	0.716239	0.716245	0.71625	0.716256	0.716264	0.716271	0.716279	0.716287	0.716297	0.716307	0.716317	0.716327	0.716338	0.716348	0.716359	0.716369	0.716379	0.716388	0.716395	0.716401	0.716406	0.71641	0.716407	0.716403	0.7164	0.716396	0.716385	0.716374	0.716366	0.716359	0.716344	0.71633	0.716323	0.716315	0.716302	0.716288	0.716283	0.716277	0.716266	0.716255	0.716251	0.716247	0.716239	0.716231	0.716229	0.716227	0.716221	0.716215	0.716215	0.716214	0.716213	0.716212	0.716215	0.716217	0.71621	
0.716182	0.716176	0.716181	0.716185	0.716187	0.716189	0.716192	0.716195	0.716197	0.7162	0.716204	0.716209	0.716213	0.716217	0.716223	0.716229	0.716234	0.71624	0.716248	0.716255	0.716262	0.716269	0.716277	0.716285	0.716292	0.716299	0.716307	0.716314	0.716318	0.716322	0.716326	0.716329	0.716327	0.716324	0.716322	0.716319	0.716311	0.716303	0.716298	0.716293	0.716282	0.716272	0.716266	0.716261	0.716251	0.716241	0.716237	0.716232	0.716224	0.716216	0.716213	0.71621	0.716204	0.716198	0.716196	0.716195	0.71619	0.716186	0.716186	0.716185	0.716184	0.716184	0.716186	0.716188	0.716182	
0.716155	0.716151	0.716154	0.716157	0.716159	0.71616	0.716163	0.716165	0.716166	0.716168	0.716171	0.716175	0.716178	0.716181	0.716185	0.716189	0.716194	0.716198	0.716203	0.716208	0.716214	0.716219	0.716225	0.716231	0.716236	0.716241	0.716246	0.716251	0.716254	0.716257	0.71626	0.716262	0.71626	0.716258	0.716256	0.716255	0.716249	0.716243	0.716239	0.716235	0.716228	0.71622	0.716217	0.716213	0.716205	0.716198	0.716195	0.716192	0.716186	0.71618	0.716178	0.716176	0.716171	0.716166	0.716165	0.716164	0.716161	0.716158	0.716157	0.716157	0.716157	0.716156	0.716158	0.716159	0.716155	
0.716128	0.716125	0.716127	0.716129	0.71613	0.716131	0.716133	0.716134	0.716135	0.716136	0.716138	0.716141	0.716142	0.716144	0.716147	0.71615	0.716153	0.716155	0.716159	0.716162	0.716165	0.716168	0.716172	0.716176	0.716179	0.716182	0.716185	0.716188	0.71619	0.716192	0.716193	0.716195	0.716194	0.716192	0.716191	0.71619	0.716187	0.716183	0.716181	0.716178	0.716174	0.716169	0.716167	0.716164	0.71616	0.716156	0.716154	0.716152	0.716148	0.716144	0.716143	0.716141	0.716138	0.716135	0.716135	0.716134	0.716132	0.71613	0.716129	0.716129	0.716129	0.716129	0.71613	0.716131	0.716128	
0.716104	0.716103	0.716104	0.716105	0.716106	0.716107	0.716107	0.716108	0.716109	0.716109	0.716111	0.716112	0.716113	0.716114	0.716116	0.716118	0.716119	0.716121	0.716123	0.716125	0.716127	0.716128	0.71613	0.716133	0.716134	0.716136	0.716138	0.71614	0.716141	0.716142	0.716143	0.716144	0.716143	0.716143	0.716142	0.716141	0.716139	0.716137	0.716136	0.716134	0.716132	0.716129	0.716128	0.716126	0.716123	0.716121	0.71612	0.716118	0.716116	0.716114	0.716113	0.716112	0.716111	0.716109	0.716108	0.716108	0.716107	0.716105	0.716105	0.716105	0.716105	0.716105	0.716106	0.716106	0.716104	
0.716081	0.71608	0.716081	0.716081	0.716082	0.716082	0.716082	0.716082	0.716082	0.716083	0.716083	0.716083	0.716084	0.716084	0.716085	0.716085	0.716086	0.716086	0.716087	0.716087	0.716088	0.716088	0.716089	0.71609	0.71609	0.716091	0.716091	0.716092	0.716092	0.716093	0.716093	0.716093	0.716093	0.716093	0.716093	0.716092	0.716092	0.716091	0.716091	0.71609	0.716089	0.716089	0.716088	0.716088	0.716087	0.716086	0.716086	0.716085	0.716085	0.716084	0.716084	0.716084	0.716083	0.716082	0.716082	0.716082	0.716082	0.716081	0.716081	0.716081	0.716081	0.716081	0.716081	0.716082	0.716081	
0.716069	0.716069	0.716069	0.716069	0.716069	0.716069	0.716069	0.716069	0.716069	0.716069	0.716069	0.716069	0.716069	0.716069	0.716069	0.716069	0.716069	0.716069	0.716069	0.716069	0.716069	0.716069	0.716069	0.716069	0.716069	0.716069	0.716069	0.716069	0.716069	0.716069	0.716069	0.716069	0.716069	0.716069	0.716069	0.716069	0.716069	0.716069	0.716069	0.716069	0.716069	0.716069	0.716069	0.716069	0.716069	0.716069	0.716069	0.716069	0.716069	0.716069	0.716069	0.716069	0.716069	0.716069	0.716069	0.716069	0.716069	0.716069	0.716069	0.716069	0.716069	0.716069	0.716069	0.716069	0.716069	
