x=200	y=85	z=200	n=65	len=1
b
0.640694	0.640694	0.640694	0.640694	0.640694	0.640694	0.640694	0.640694	0.640694	0.640694	0.640694	0.640694	0.640694	0.640694	0.640694	0.640694	0.640694	0.640694	0.640694	0.640694	0.640694	0.640694	0.640694	0.640694	0.640694	0.640694	0.640694	0.640694	0.640694	0.640694	0.640694	0.640694	0.640694	0.640694	0.640694	0.640694	0.640694	0.640694	0.640694	0.640694	0.640694	0.640694	0.640694	0.640694	0.640694	0.640694	0.640694	0.640694	0.640694	0.640694	0.640694	0.640694	0.640694	0.640694	0.640694	0.640694	0.640694	0.640694	0.640694	0.640694	0.640694	0.640694	0.640694	0.640694	0.640694	
0.644407	0.644418	0.644445	0.644473	0.64451	0.644546	0.644628	0.644711	0.644743	0.644775	0.644899	0.645023	0.644999	0.644975	0.645068	0.645161	0.644929	0.644697	0.644593	0.644488	0.643751	0.643013	0.641694	0.640375	0.637085	0.633795	0.630838	0.627881	0.629294	0.630706	0.631088	0.63147	0.63554	0.63961	0.639328	0.639046	0.637577	0.636109	0.63741	0.638711	0.63953	0.640349	0.641386	0.642423	0.643061	0.643699	0.643897	0.644094	0.644401	0.644708	0.644641	0.644574	0.644688	0.644802	0.644685	0.644568	0.644598	0.644628	0.644534	0.644441	0.644455	0.64447	0.644434	0.644397	0.644407	
0.644404	0.644415	0.644441	0.644467	0.644505	0.644543	0.644625	0.644706	0.644739	0.644772	0.644897	0.645021	0.645	0.644978	0.645077	0.645176	0.644946	0.644716	0.644638	0.64456	0.643867	0.643173	0.642335	0.641496	0.638849	0.636201	0.633759	0.631316	0.632238	0.633159	0.632971	0.632783	0.63701	0.641237	0.641108	0.64098	0.638852	0.636725	0.637901	0.639078	0.639762	0.640445	0.641428	0.642411	0.643052	0.643693	0.643887	0.644082	0.644398	0.644714	0.644645	0.644576	0.644692	0.644808	0.644689	0.64457	0.644599	0.644629	0.644535	0.644441	0.644455	0.644469	0.64443	0.644392	0.644404	
0.6444	0.644412	0.644436	0.644461	0.6445	0.64454	0.644621	0.644702	0.644736	0.644769	0.644894	0.64502	0.645	0.644981	0.645086	0.645192	0.644963	0.644734	0.644683	0.644632	0.643983	0.643334	0.642976	0.642617	0.640613	0.638608	0.636679	0.634751	0.635182	0.635613	0.634854	0.634095	0.638479	0.642864	0.642888	0.642913	0.640127	0.63734	0.638393	0.639446	0.639993	0.64054	0.64147	0.642399	0.643043	0.643687	0.643878	0.644069	0.644395	0.644721	0.64465	0.644578	0.644696	0.644814	0.644692	0.644571	0.644601	0.644631	0.644536	0.644441	0.644454	0.644467	0.644427	0.644387	0.6444	
0.644292	0.644305	0.644329	0.644354	0.644394	0.644435	0.644517	0.644598	0.644633	0.644668	0.644795	0.644922	0.644901	0.64488	0.645	0.64512	0.644893	0.644665	0.644637	0.64461	0.643972	0.643334	0.643085	0.642835	0.641047	0.639259	0.637606	0.635953	0.636464	0.636976	0.636054	0.635133	0.639215	0.643298	0.643171	0.643044	0.639973	0.636902	0.637857	0.638811	0.63935	0.639888	0.640927	0.641966	0.642722	0.643479	0.643704	0.643929	0.644285	0.64464	0.644569	0.644497	0.644615	0.644732	0.644606	0.644479	0.644506	0.644532	0.644434	0.644337	0.644348	0.64436	0.644319	0.644278	0.644292	
0.644184	0.644198	0.644222	0.644246	0.644288	0.644331	0.644413	0.644495	0.644531	0.644567	0.644696	0.644825	0.644802	0.644779	0.644913	0.645048	0.644822	0.644596	0.644592	0.644587	0.64396	0.643334	0.643194	0.643053	0.641482	0.639911	0.638533	0.637156	0.637747	0.638338	0.637254	0.63617	0.639951	0.643733	0.643454	0.643176	0.63982	0.636465	0.637321	0.638177	0.638706	0.639235	0.640384	0.641533	0.642402	0.643271	0.64353	0.64379	0.644174	0.644558	0.644487	0.644417	0.644534	0.644651	0.644519	0.644387	0.64441	0.644433	0.644333	0.644233	0.644243	0.644252	0.644211	0.644169	0.644184	
0.644121	0.644136	0.644159	0.644183	0.644226	0.64427	0.644352	0.644435	0.644472	0.644509	0.644639	0.644769	0.644738	0.644708	0.644832	0.644956	0.644694	0.644432	0.644405	0.644378	0.643674	0.642971	0.642905	0.642839	0.641315	0.639791	0.638577	0.637363	0.638207	0.63905	0.63814	0.63723	0.640562	0.643894	0.642797	0.641701	0.638141	0.634581	0.635579	0.636577	0.637465	0.638352	0.639742	0.641131	0.642129	0.643126	0.643428	0.64373	0.644128	0.644526	0.644456	0.644386	0.644499	0.644613	0.644478	0.644343	0.644361	0.644379	0.644277	0.644176	0.644183	0.64419	0.644148	0.644106	0.644121	
0.644058	0.644073	0.644097	0.64412	0.644165	0.644209	0.644292	0.644375	0.644413	0.644452	0.644583	0.644714	0.644675	0.644637	0.644751	0.644864	0.644566	0.644267	0.644218	0.64417	0.643389	0.642607	0.642617	0.642626	0.641148	0.63967	0.638621	0.637571	0.638666	0.639761	0.639025	0.638289	0.641172	0.644054	0.64214	0.640226	0.636462	0.632698	0.633837	0.634977	0.636223	0.637469	0.639099	0.640729	0.641855	0.642981	0.643326	0.64367	0.644082	0.644495	0.644425	0.644355	0.644465	0.644575	0.644437	0.644298	0.644311	0.644325	0.644221	0.644118	0.644123	0.644128	0.644085	0.644042	0.644058	
0.643985	0.644001	0.644025	0.644048	0.644094	0.64414	0.644225	0.64431	0.644353	0.644395	0.644531	0.644666	0.644627	0.644588	0.644699	0.644809	0.644478	0.644148	0.644039	0.64393	0.642985	0.64204	0.641861	0.641681	0.64006	0.638438	0.63725	0.636062	0.637809	0.639556	0.63911	0.638663	0.640596	0.642529	0.639616	0.636702	0.63376	0.630818	0.63223	0.633642	0.63527	0.636897	0.638701	0.640505	0.641712	0.64292	0.643284	0.643648	0.644066	0.644483	0.644411	0.64434	0.644443	0.644547	0.644402	0.644257	0.644262	0.644266	0.64416	0.644053	0.644055	0.644056	0.644013	0.643969	0.643985	
0.643912	0.643928	0.643952	0.643976	0.644024	0.644071	0.644158	0.644246	0.644292	0.644339	0.644478	0.644618	0.644579	0.64454	0.644647	0.644754	0.644391	0.644029	0.64386	0.64369	0.642582	0.641473	0.641105	0.640737	0.638972	0.637206	0.63588	0.634553	0.636952	0.639351	0.639194	0.639037	0.640021	0.641004	0.637092	0.633179	0.631058	0.628937	0.630622	0.632307	0.634316	0.636325	0.638302	0.64028	0.641569	0.642859	0.643243	0.643627	0.644049	0.644471	0.644398	0.644325	0.644421	0.644518	0.644367	0.644216	0.644212	0.644207	0.644098	0.643988	0.643987	0.643985	0.64394	0.643895	0.643912	
0.643858	0.643875	0.643899	0.643924	0.643973	0.644023	0.644113	0.644204	0.644256	0.644308	0.644452	0.644595	0.644559	0.644522	0.644629	0.644736	0.644359	0.643981	0.643781	0.64358	0.642369	0.641158	0.640557	0.639957	0.637766	0.635576	0.633746	0.631916	0.634589	0.637262	0.637521	0.63778	0.636944	0.636109	0.633004	0.6299	0.628679	0.627459	0.629507	0.631556	0.633823	0.636089	0.638159	0.640228	0.641566	0.642905	0.643299	0.643694	0.644107	0.64452	0.64443	0.644339	0.644424	0.644509	0.644352	0.644195	0.644182	0.64417	0.644057	0.643944	0.643938	0.643932	0.643886	0.643841	0.643858	
0.643804	0.643821	0.643846	0.643871	0.643923	0.643974	0.644068	0.644163	0.64422	0.644278	0.644425	0.644573	0.644539	0.644504	0.644611	0.644717	0.644326	0.643934	0.643702	0.64347	0.642156	0.640842	0.64001	0.639177	0.636561	0.633945	0.631612	0.629278	0.632226	0.635173	0.635848	0.636522	0.633868	0.631213	0.628917	0.626621	0.6263	0.62598	0.628392	0.630805	0.633329	0.635853	0.638015	0.640176	0.641563	0.64295	0.643355	0.64376	0.644165	0.64457	0.644462	0.644353	0.644427	0.6445	0.644337	0.644175	0.644153	0.644132	0.644015	0.643899	0.643889	0.643879	0.643833	0.643786	0.643804	
0.643762	0.64378	0.643806	0.643831	0.643886	0.643941	0.644039	0.644138	0.644201	0.644265	0.644416	0.644567	0.644541	0.644514	0.644633	0.644751	0.644352	0.643952	0.643713	0.643474	0.642101	0.640728	0.639764	0.638799	0.635902	0.633005	0.630473	0.627941	0.630484	0.633028	0.632577	0.632125	0.628986	0.625848	0.624771	0.623695	0.624413	0.62513	0.627852	0.630575	0.633263	0.635951	0.638218	0.640484	0.641912	0.643339	0.643694	0.644049	0.644387	0.644726	0.644587	0.644448	0.644479	0.644509	0.644338	0.644167	0.644137	0.644107	0.643987	0.643867	0.643852	0.643838	0.643791	0.643744	0.643762	
0.64372	0.643738	0.643765	0.643792	0.64385	0.643907	0.64401	0.644112	0.644182	0.644252	0.644407	0.644562	0.644543	0.644524	0.644655	0.644785	0.644378	0.643971	0.643725	0.643479	0.642047	0.640615	0.639518	0.638421	0.635243	0.632065	0.629334	0.626603	0.628743	0.630883	0.629306	0.627728	0.624105	0.620482	0.620626	0.62077	0.622525	0.624281	0.627313	0.630345	0.633197	0.636049	0.638421	0.640793	0.64226	0.643727	0.644032	0.644337	0.64461	0.644883	0.644713	0.644544	0.644531	0.644518	0.644338	0.644159	0.64412	0.644081	0.643959	0.643836	0.643816	0.643796	0.643749	0.643701	0.64372	
0.643694	0.643713	0.643741	0.643769	0.643829	0.64389	0.643996	0.644102	0.644178	0.644255	0.644427	0.6446	0.644614	0.644628	0.644793	0.644957	0.644584	0.644211	0.643989	0.643768	0.642241	0.640715	0.639544	0.638374	0.63504	0.631707	0.628861	0.626015	0.627459	0.628904	0.626508	0.624113	0.62049	0.616868	0.618044	0.61922	0.621748	0.624276	0.627699	0.631122	0.634214	0.637305	0.63953	0.641755	0.64298	0.644206	0.644419	0.644632	0.644829	0.645027	0.644833	0.64464	0.644601	0.644562	0.644368	0.644173	0.644121	0.644069	0.643944	0.643819	0.643795	0.643771	0.643723	0.643675	0.643694	
0.643669	0.643688	0.643717	0.643746	0.643809	0.643873	0.643982	0.644092	0.644175	0.644257	0.644447	0.644637	0.644685	0.644732	0.644931	0.645129	0.64479	0.644451	0.644253	0.644056	0.642436	0.640816	0.639571	0.638326	0.634838	0.63135	0.628388	0.625427	0.626176	0.626925	0.623711	0.620498	0.616875	0.613253	0.615461	0.61767	0.620971	0.624272	0.628085	0.631899	0.63523	0.638562	0.64064	0.642717	0.643701	0.644684	0.644806	0.644928	0.645049	0.645171	0.644953	0.644736	0.644672	0.644607	0.644397	0.644186	0.644121	0.644056	0.643929	0.643802	0.643773	0.643745	0.643697	0.643649	0.643669	
0.643656	0.643676	0.643705	0.643735	0.643801	0.643867	0.643979	0.644092	0.644194	0.644296	0.644497	0.644697	0.644771	0.644845	0.645074	0.645303	0.645051	0.644799	0.644709	0.64462	0.643091	0.641562	0.640186	0.638809	0.635204	0.6316	0.628535	0.62547	0.62505	0.624629	0.621107	0.617584	0.614498	0.611413	0.614398	0.617383	0.621596	0.625808	0.630175	0.634542	0.637334	0.640125	0.641884	0.643643	0.644393	0.645144	0.645178	0.645213	0.645262	0.645311	0.645066	0.64482	0.64473	0.644641	0.644426	0.644211	0.644131	0.644052	0.643923	0.643795	0.643763	0.643731	0.643683	0.643635	0.643655	
0.643642	0.643663	0.643694	0.643724	0.643792	0.643861	0.643976	0.644092	0.644214	0.644335	0.644546	0.644756	0.644858	0.644959	0.645217	0.645476	0.645312	0.645148	0.645165	0.645183	0.643746	0.642308	0.6408	0.639292	0.635571	0.63185	0.628682	0.625513	0.623923	0.622334	0.618502	0.61467	0.612121	0.609573	0.613334	0.617096	0.62222	0.627345	0.632265	0.637186	0.639437	0.641687	0.643128	0.644568	0.645086	0.645604	0.645551	0.645498	0.645475	0.645451	0.645178	0.644904	0.644789	0.644674	0.644455	0.644236	0.644141	0.644047	0.643917	0.643788	0.643753	0.643718	0.64367	0.643622	0.643642	
0.643639	0.64366	0.643691	0.643722	0.643798	0.643873	0.643994	0.644115	0.644243	0.64437	0.64459	0.644809	0.644939	0.645069	0.645356	0.645644	0.645559	0.645475	0.645585	0.645695	0.644499	0.643302	0.642036	0.640769	0.637043	0.633316	0.629772	0.626228	0.623242	0.620256	0.616648	0.61304	0.611065	0.609091	0.613313	0.617536	0.623667	0.629799	0.634695	0.63959	0.641345	0.643099	0.644253	0.645406	0.645725	0.646044	0.6459	0.645756	0.645669	0.645581	0.645282	0.644983	0.644846	0.644708	0.644482	0.644256	0.644157	0.644058	0.643927	0.643796	0.643755	0.643713	0.643665	0.643618	0.643639	
0.643635	0.643656	0.643688	0.64372	0.643803	0.643886	0.644012	0.644138	0.644271	0.644405	0.644633	0.644862	0.64502	0.645179	0.645495	0.645812	0.645807	0.645802	0.646005	0.646207	0.645252	0.644296	0.643272	0.642247	0.638515	0.634782	0.630863	0.626943	0.622561	0.618178	0.614794	0.61141	0.610009	0.608609	0.613292	0.617976	0.625114	0.632253	0.637124	0.641995	0.643253	0.64451	0.645377	0.646244	0.646365	0.646485	0.646249	0.646014	0.645862	0.64571	0.645386	0.645062	0.644903	0.644743	0.644509	0.644276	0.644173	0.644069	0.643937	0.643804	0.643756	0.643709	0.643661	0.643613	0.643635	
0.643649	0.643672	0.643705	0.643738	0.64382	0.643902	0.644029	0.644157	0.6443	0.644443	0.64468	0.644917	0.645103	0.645288	0.645631	0.645974	0.646052	0.64613	0.646424	0.646718	0.646012	0.645306	0.644559	0.643811	0.640585	0.637359	0.633144	0.628929	0.622934	0.616938	0.613929	0.61092	0.611192	0.611465	0.615895	0.620326	0.627178	0.63403	0.639077	0.644124	0.644992	0.64586	0.646387	0.646914	0.64688	0.646847	0.646529	0.646211	0.646012	0.645813	0.645468	0.645123	0.644948	0.644773	0.644536	0.644298	0.644189	0.64408	0.643947	0.643815	0.643768	0.643721	0.643674	0.643627	0.643649	
0.643664	0.643687	0.643721	0.643755	0.643836	0.643917	0.644047	0.644176	0.644329	0.644481	0.644727	0.644972	0.645185	0.645398	0.645767	0.646137	0.646298	0.646458	0.646843	0.647228	0.646772	0.646316	0.645845	0.645375	0.642655	0.639936	0.635426	0.630916	0.623307	0.615698	0.613064	0.61043	0.612375	0.61432	0.618498	0.622676	0.629241	0.635806	0.641029	0.646253	0.646731	0.647209	0.647396	0.647583	0.647396	0.647208	0.646808	0.646407	0.646161	0.645915	0.64555	0.645185	0.644994	0.644803	0.644562	0.644321	0.644206	0.64409	0.643958	0.643826	0.64378	0.643734	0.643687	0.64364	0.643664	
0.643679	0.643703	0.643737	0.643772	0.643854	0.643937	0.644068	0.644199	0.644358	0.644516	0.644767	0.645018	0.645253	0.645488	0.645879	0.646271	0.646506	0.646742	0.64721	0.647677	0.647496	0.647316	0.647124	0.646932	0.644533	0.642135	0.637692	0.633249	0.624215	0.615182	0.612978	0.610775	0.615838	0.620902	0.623374	0.625847	0.631788	0.637729	0.643015	0.648301	0.648403	0.648504	0.648277	0.64805	0.647765	0.647479	0.647004	0.646528	0.646254	0.64598	0.645602	0.645223	0.645024	0.644825	0.644583	0.644341	0.644223	0.644105	0.643974	0.643843	0.643795	0.643747	0.643701	0.643655	0.643679	
0.643695	0.643719	0.643754	0.643788	0.643872	0.643957	0.644089	0.644222	0.644387	0.644551	0.644808	0.645064	0.645321	0.645578	0.645991	0.646404	0.646715	0.647026	0.647576	0.648127	0.648221	0.648315	0.648402	0.648489	0.646411	0.644334	0.639958	0.635582	0.625124	0.614666	0.612893	0.611119	0.619301	0.627483	0.628251	0.629018	0.634335	0.639652	0.645001	0.650349	0.650075	0.6498	0.649158	0.648517	0.648133	0.647749	0.647199	0.646649	0.646347	0.646045	0.645653	0.645261	0.645054	0.644847	0.644604	0.644361	0.644241	0.644121	0.64399	0.64386	0.64381	0.643761	0.643716	0.643671	0.643695	
0.643716	0.64374	0.643775	0.643809	0.643893	0.643977	0.64411	0.644243	0.644409	0.644576	0.644834	0.645092	0.645362	0.645631	0.64606	0.646488	0.646855	0.647221	0.647841	0.648461	0.648786	0.64911	0.649459	0.649808	0.648133	0.646457	0.642528	0.638599	0.626606	0.614612	0.61335	0.612088	0.622927	0.633767	0.635114	0.636461	0.639591	0.642721	0.647563	0.652405	0.651726	0.651047	0.649945	0.648843	0.648391	0.647941	0.64733	0.646719	0.6464	0.646082	0.645683	0.645285	0.645073	0.644861	0.64462	0.644379	0.644258	0.644137	0.644008	0.643879	0.64383	0.64378	0.643736	0.643692	0.643716	
0.643737	0.643761	0.643796	0.643831	0.643914	0.643998	0.644131	0.644263	0.644432	0.644601	0.644861	0.64512	0.645402	0.645685	0.646129	0.646573	0.646994	0.647416	0.648106	0.648795	0.649351	0.649906	0.650517	0.651128	0.649854	0.64858	0.645098	0.641617	0.628087	0.614557	0.613806	0.613056	0.626553	0.64005	0.641977	0.643904	0.644847	0.64579	0.650125	0.654461	0.653378	0.652294	0.650731	0.649168	0.64865	0.648132	0.64746	0.646788	0.646453	0.646118	0.645713	0.645308	0.645092	0.644876	0.644636	0.644396	0.644275	0.644153	0.644026	0.643899	0.643849	0.643799	0.643756	0.643713	0.643737	
0.643759	0.643782	0.643816	0.643851	0.643933	0.644016	0.644147	0.644278	0.644446	0.644615	0.644872	0.645129	0.645416	0.645703	0.64615	0.646598	0.647044	0.647491	0.648225	0.648959	0.649656	0.650353	0.651182	0.65201	0.651569	0.651128	0.648177	0.645225	0.630902	0.616578	0.615455	0.614332	0.630982	0.647633	0.650522	0.653409	0.652415	0.65142	0.653921	0.656423	0.654875	0.653327	0.651412	0.649496	0.648886	0.648275	0.647557	0.646839	0.646487	0.646136	0.645729	0.645322	0.645103	0.644885	0.644648	0.644412	0.64429	0.644169	0.644044	0.643919	0.643869	0.643818	0.643777	0.643736	0.643759	
0.643781	0.643803	0.643837	0.643871	0.643953	0.644034	0.644163	0.644293	0.64446	0.644628	0.644884	0.645139	0.64543	0.645721	0.646172	0.646623	0.647095	0.647566	0.648345	0.649123	0.649961	0.6508	0.651846	0.652892	0.653284	0.653677	0.651256	0.648834	0.633717	0.618599	0.617103	0.615608	0.635412	0.655217	0.659066	0.662914	0.659983	0.657051	0.657718	0.658385	0.656372	0.65436	0.652092	0.649824	0.649121	0.648418	0.647654	0.646891	0.646522	0.646153	0.645745	0.645336	0.645115	0.644893	0.64466	0.644427	0.644305	0.644184	0.644062	0.643939	0.643889	0.643838	0.643798	0.643758	0.643781	
0.6438	0.643821	0.643855	0.643888	0.643968	0.644048	0.644174	0.6443	0.644466	0.644632	0.644885	0.645137	0.645428	0.645719	0.646168	0.646617	0.647093	0.64757	0.648363	0.649157	0.650035	0.650913	0.652252	0.653591	0.655752	0.657912	0.656128	0.654343	0.640877	0.627411	0.623668	0.619925	0.641931	0.663937	0.667699	0.67146	0.666788	0.662115	0.660886	0.659656	0.657233	0.654809	0.65242	0.650031	0.649257	0.648484	0.6477	0.646917	0.646536	0.646155	0.645748	0.645341	0.645118	0.644896	0.644667	0.644438	0.644317	0.644196	0.644077	0.643957	0.643907	0.643857	0.643818	0.643779	0.6438	
0.64382	0.64384	0.643872	0.643905	0.643983	0.644062	0.644185	0.644308	0.644472	0.644636	0.644886	0.645135	0.645425	0.645716	0.646163	0.646611	0.647092	0.647573	0.648382	0.64919	0.650108	0.651026	0.652658	0.65429	0.658219	0.662148	0.661	0.659853	0.648038	0.636222	0.630232	0.624243	0.648449	0.672657	0.676332	0.680006	0.673593	0.667179	0.664053	0.660928	0.658093	0.655258	0.652748	0.650237	0.649393	0.648549	0.647746	0.646944	0.64655	0.646156	0.645751	0.645346	0.645122	0.644898	0.644674	0.644449	0.644329	0.644209	0.644092	0.643975	0.643925	0.643875	0.643837	0.6438	0.64382	
0.643834	0.643853	0.643884	0.643916	0.643992	0.644069	0.644189	0.644309	0.644471	0.644633	0.644873	0.645113	0.645396	0.64568	0.646115	0.646551	0.647041	0.647532	0.648342	0.649152	0.650081	0.65101	0.65327	0.655531	0.662116	0.6687	0.668872	0.669042	0.658845	0.648648	0.640756	0.632865	0.656837	0.680809	0.683737	0.686664	0.678406	0.670147	0.665739	0.661332	0.658245	0.655159	0.65273	0.650301	0.649426	0.648551	0.647751	0.646951	0.646545	0.64614	0.645742	0.645345	0.64512	0.644895	0.644675	0.644455	0.644335	0.644215	0.644102	0.643988	0.643938	0.643889	0.643852	0.643815	0.643834	
0.643848	0.643866	0.643896	0.643926	0.644001	0.644076	0.644193	0.64431	0.644469	0.644629	0.64486	0.64509	0.645368	0.645645	0.646068	0.646491	0.646991	0.647492	0.648303	0.649113	0.650053	0.650994	0.653883	0.656772	0.666012	0.675253	0.676743	0.678232	0.669653	0.661074	0.651281	0.641487	0.665224	0.688962	0.691143	0.693322	0.683219	0.673115	0.667425	0.661736	0.658398	0.655059	0.652712	0.650366	0.649459	0.648553	0.647756	0.646958	0.646541	0.646124	0.645733	0.645343	0.645118	0.644893	0.644676	0.64446	0.644341	0.644222	0.644112	0.644001	0.643952	0.643902	0.643866	0.64383	0.643848	
0.643855	0.643872	0.643901	0.64393	0.644004	0.644077	0.644189	0.644301	0.64445	0.644598	0.644817	0.645035	0.6453	0.645565	0.645969	0.646373	0.64685	0.647327	0.648125	0.648923	0.649927	0.650932	0.654543	0.658154	0.669566	0.680978	0.684977	0.688976	0.679562	0.670147	0.660093	0.650038	0.670302	0.690566	0.691901	0.693234	0.683098	0.672961	0.666633	0.660306	0.657316	0.654327	0.65227	0.650213	0.649328	0.648443	0.647682	0.646922	0.646497	0.646072	0.645694	0.645317	0.645094	0.644871	0.644665	0.644459	0.644341	0.644223	0.644115	0.644007	0.643958	0.643909	0.643874	0.643838	0.643855	
0.643862	0.643878	0.643906	0.643934	0.644006	0.644078	0.644185	0.644292	0.64443	0.644567	0.644774	0.64498	0.645233	0.645486	0.64587	0.646255	0.646708	0.647162	0.647947	0.648733	0.649801	0.65087	0.655203	0.659536	0.673119	0.686703	0.693211	0.699719	0.68947	0.680224	0.66424	0.658589	0.675379	0.694424	0.694835	0.693146	0.682977	0.672807	0.665841	0.658875	0.656234	0.653594	0.651827	0.65006	0.649196	0.648332	0.647609	0.646886	0.646453	0.64602	0.645655	0.64529	0.64507	0.644849	0.644654	0.644458	0.644341	0.644224	0.644118	0.644013	0.643964	0.643916	0.643881	0.643846	0.643862	
0.643863	0.643878	0.643905	0.643931	0.643996	0.64406	0.64416	0.64426	0.644395	0.644529	0.644727	0.644925	0.645167	0.64541	0.645777	0.646143	0.646579	0.647014	0.647762	0.648511	0.649562	0.650614	0.655211	0.659809	0.673988	0.688168	0.695673	0.703178	0.691979	0.681417	0.669325	0.661505	0.670448	0.678773	0.679928	0.678693	0.672278	0.665862	0.661477	0.657093	0.655112	0.653131	0.65149	0.649849	0.648994	0.648138	0.647469	0.6468	0.646379	0.645957	0.645607	0.645257	0.645039	0.64482	0.644628	0.644435	0.644321	0.644207	0.644109	0.644012	0.643964	0.643916	0.643882	0.643847	0.643863	
0.643863	0.643877	0.643903	0.643928	0.643986	0.644043	0.644135	0.644228	0.644359	0.644491	0.64468	0.64487	0.645102	0.645334	0.645683	0.646031	0.646449	0.646867	0.647578	0.648289	0.649323	0.650357	0.65522	0.660082	0.674857	0.689633	0.698135	0.70834	0.695161	0.682338	0.67338	0.664421	0.665517	0.666613	0.665426	0.66424	0.661578	0.658916	0.657113	0.655311	0.65399	0.652669	0.651154	0.649638	0.648791	0.647943	0.647329	0.646714	0.646304	0.645894	0.645559	0.645225	0.645007	0.64479	0.644601	0.644412	0.644301	0.64419	0.6441	0.644011	0.643963	0.643916	0.643882	0.643848	0.643863	
0.643839	0.643852	0.643875	0.643898	0.643955	0.644012	0.644101	0.64419	0.644315	0.64444	0.644618	0.644795	0.645016	0.645237	0.645563	0.645889	0.646286	0.646684	0.647343	0.648002	0.648962	0.649921	0.653726	0.657531	0.668364	0.679198	0.686894	0.694041	0.687229	0.680361	0.672361	0.664362	0.66368	0.662997	0.662254	0.661512	0.659529	0.657546	0.656404	0.655263	0.653976	0.652689	0.65113	0.649571	0.648709	0.647847	0.647241	0.646635	0.646226	0.645817	0.645492	0.645167	0.644955	0.644742	0.644561	0.64438	0.644272	0.644164	0.644073	0.643982	0.643937	0.643892	0.643859	0.643826	0.643839	
0.643814	0.643826	0.643846	0.643867	0.643924	0.643982	0.644067	0.644152	0.644271	0.644389	0.644555	0.644721	0.64493	0.645139	0.645442	0.645746	0.646124	0.646502	0.647109	0.647716	0.6486	0.649485	0.652232	0.654979	0.661871	0.668763	0.675654	0.682544	0.680464	0.678383	0.671343	0.664303	0.661842	0.659381	0.659083	0.658784	0.657481	0.656177	0.655696	0.655214	0.653961	0.652708	0.651105	0.649503	0.648627	0.647751	0.647153	0.646556	0.646149	0.645741	0.645425	0.645109	0.644902	0.644694	0.644521	0.644348	0.644243	0.644139	0.644046	0.643952	0.64391	0.643867	0.643835	0.643803	0.643814	
0.643781	0.643791	0.64381	0.643829	0.643883	0.643938	0.644017	0.644096	0.644208	0.64432	0.644475	0.64463	0.644827	0.645024	0.645305	0.645586	0.645937	0.646289	0.646837	0.647385	0.648157	0.648928	0.65087	0.652812	0.657261	0.661711	0.667234	0.672756	0.673076	0.673395	0.667967	0.662539	0.661749	0.660959	0.660108	0.659258	0.657886	0.656515	0.655939	0.655364	0.653908	0.652452	0.650906	0.64936	0.648464	0.647568	0.646995	0.646423	0.646025	0.645628	0.645327	0.645026	0.644825	0.644625	0.644458	0.644292	0.644192	0.644091	0.644003	0.643914	0.643874	0.643833	0.643802	0.64377	0.643781	
0.643747	0.643757	0.643774	0.64379	0.643842	0.643894	0.643966	0.644039	0.644145	0.644252	0.644396	0.644539	0.644724	0.644909	0.645167	0.645426	0.64575	0.646075	0.646565	0.647054	0.647713	0.648372	0.649508	0.650645	0.652652	0.654659	0.658814	0.662968	0.665688	0.669928	0.666766	0.661183	0.661399	0.662536	0.661134	0.659732	0.658292	0.656852	0.656183	0.655514	0.653855	0.652195	0.650706	0.649217	0.648301	0.647385	0.646837	0.646289	0.645901	0.645514	0.645229	0.644943	0.644749	0.644555	0.644396	0.644237	0.64414	0.644043	0.64396	0.643877	0.643838	0.643799	0.643769	0.643738	0.643747	
0.643693	0.643702	0.643717	0.643732	0.643782	0.643831	0.643898	0.643966	0.644066	0.644167	0.6443	0.644433	0.644606	0.64478	0.645017	0.645254	0.645556	0.645858	0.646298	0.646738	0.647325	0.647913	0.648865	0.649817	0.65144	0.653062	0.657507	0.661951	0.668143	0.676231	0.671973	0.661846	0.661922	0.66387	0.662181	0.660492	0.658549	0.656607	0.655548	0.654489	0.652811	0.651133	0.649915	0.648696	0.647895	0.647094	0.64659	0.646087	0.645727	0.645367	0.645098	0.644829	0.644646	0.644463	0.644312	0.644161	0.644069	0.643977	0.643897	0.643817	0.643781	0.643745	0.643714	0.643684	0.643693	
0.643639	0.643648	0.643661	0.643674	0.643721	0.643768	0.64383	0.643892	0.643987	0.644082	0.644204	0.644326	0.644488	0.644651	0.644867	0.645083	0.645362	0.64564	0.64603	0.646421	0.646937	0.647454	0.648222	0.64899	0.650228	0.651466	0.6562	0.660322	0.672247	0.684656	0.677854	0.663614	0.662708	0.665203	0.663227	0.661251	0.658806	0.656362	0.654913	0.653464	0.651768	0.650072	0.649123	0.648174	0.647488	0.646803	0.646344	0.645885	0.645552	0.64522	0.644967	0.644714	0.644543	0.644372	0.644228	0.644085	0.643998	0.643912	0.643835	0.643758	0.643724	0.64369	0.64366	0.643631	0.643639	
0.643567	0.643575	0.643587	0.643598	0.643643	0.643688	0.643744	0.643801	0.64389	0.64398	0.644092	0.644205	0.644356	0.644508	0.644706	0.644904	0.645161	0.645418	0.645775	0.646131	0.646598	0.647065	0.64777	0.648474	0.649615	0.650755	0.654888	0.660684	0.67258	0.682477	0.676234	0.664447	0.662928	0.664273	0.66212	0.659967	0.657413	0.654859	0.653461	0.652063	0.650684	0.649305	0.64851	0.647714	0.647106	0.646499	0.64608	0.645662	0.645356	0.64505	0.644814	0.644579	0.644419	0.644259	0.644124	0.643988	0.643907	0.643826	0.643753	0.64368	0.643649	0.643617	0.643588	0.643559	0.643567	
0.643495	0.643503	0.643512	0.643522	0.643564	0.643607	0.643659	0.64371	0.643794	0.643878	0.64398	0.644083	0.644224	0.644365	0.644545	0.644726	0.644961	0.645196	0.645519	0.645842	0.646259	0.646677	0.647317	0.647958	0.649001	0.650044	0.653575	0.657189	0.663727	0.668432	0.666343	0.661976	0.661733	0.663343	0.661013	0.658682	0.65602	0.653357	0.65201	0.650663	0.649601	0.648538	0.647896	0.647254	0.646725	0.646195	0.645817	0.645438	0.645159	0.644879	0.644661	0.644444	0.644295	0.644147	0.644019	0.643892	0.643816	0.643741	0.643672	0.643602	0.643573	0.643544	0.643516	0.643488	0.643495	
0.643404	0.643412	0.64342	0.643427	0.643468	0.643509	0.643555	0.643602	0.643681	0.643759	0.643853	0.643946	0.644077	0.644209	0.644372	0.644536	0.644753	0.64497	0.645258	0.645545	0.645928	0.64631	0.646865	0.647419	0.648292	0.649165	0.65139	0.653102	0.655721	0.657702	0.658069	0.658149	0.659175	0.660173	0.658259	0.656344	0.654353	0.652362	0.651061	0.649759	0.648896	0.648033	0.647423	0.646813	0.646353	0.645894	0.645544	0.645194	0.644943	0.644693	0.64449	0.644287	0.644151	0.644015	0.643896	0.643776	0.643706	0.643637	0.643571	0.643505	0.643479	0.643452	0.643425	0.643397	0.643404	
0.643314	0.643321	0.643327	0.643333	0.643372	0.64341	0.643452	0.643494	0.643567	0.643641	0.643725	0.64381	0.643931	0.644053	0.644199	0.644345	0.644545	0.644744	0.644996	0.645248	0.645596	0.645943	0.646412	0.64688	0.647583	0.648286	0.649204	0.650122	0.651292	0.652462	0.653556	0.65465	0.655827	0.657004	0.655505	0.654005	0.652686	0.651368	0.650112	0.648856	0.648192	0.647529	0.64695	0.646371	0.645981	0.645592	0.64527	0.644949	0.644728	0.644506	0.644318	0.64413	0.644007	0.643884	0.643772	0.64366	0.643596	0.643532	0.64347	0.643407	0.643384	0.64336	0.643334	0.643307	0.643314	
0.643206	0.643212	0.643217	0.643222	0.643258	0.643295	0.643332	0.64337	0.643438	0.643507	0.643583	0.64366	0.643772	0.643884	0.644016	0.644148	0.64433	0.644512	0.644735	0.644958	0.645268	0.645578	0.645975	0.646371	0.646963	0.647555	0.648284	0.649013	0.650037	0.651061	0.651932	0.652803	0.65378	0.654757	0.653627	0.652497	0.651412	0.650326	0.649254	0.648182	0.647583	0.646984	0.646483	0.645981	0.645631	0.645281	0.644994	0.644706	0.644506	0.644305	0.644133	0.643961	0.643848	0.643736	0.643631	0.643527	0.643469	0.643411	0.643352	0.643293	0.643272	0.643251	0.643225	0.643199	0.643206	
0.643097	0.643103	0.643107	0.64311	0.643145	0.643179	0.643212	0.643246	0.643309	0.643373	0.643441	0.643509	0.643613	0.643716	0.643833	0.64395	0.644115	0.644279	0.644473	0.644668	0.64494	0.645213	0.645537	0.645862	0.646343	0.646824	0.647364	0.647904	0.648782	0.64966	0.650308	0.650957	0.651734	0.65251	0.65175	0.650989	0.650137	0.649285	0.648396	0.647508	0.646974	0.646439	0.646015	0.645591	0.645281	0.644971	0.644717	0.644463	0.644284	0.644104	0.643948	0.643791	0.643689	0.643588	0.643491	0.643395	0.643342	0.643289	0.643233	0.643178	0.64316	0.643141	0.643116	0.643091	0.643097	
0.642973	0.642979	0.642981	0.642984	0.643016	0.643049	0.643078	0.643107	0.643167	0.643226	0.643287	0.643348	0.643443	0.643538	0.643642	0.643747	0.643896	0.644046	0.644217	0.644388	0.64463	0.644873	0.645151	0.64543	0.645838	0.646247	0.646686	0.647124	0.647829	0.648534	0.649002	0.64947	0.650125	0.650781	0.650169	0.649558	0.648858	0.648157	0.647486	0.646815	0.646373	0.645931	0.645563	0.645194	0.64493	0.644666	0.644437	0.644209	0.644052	0.643894	0.643751	0.643608	0.643516	0.643425	0.643336	0.643247	0.643199	0.643151	0.643099	0.643048	0.643031	0.643015	0.642991	0.642967	0.642973	
0.642849	0.642855	0.642856	0.642857	0.642888	0.642918	0.642944	0.642969	0.643024	0.643079	0.643132	0.643186	0.643273	0.64336	0.643452	0.643543	0.643678	0.643813	0.643961	0.644108	0.64432	0.644533	0.644765	0.644997	0.645334	0.64567	0.646008	0.646345	0.646877	0.647408	0.647695	0.647982	0.648517	0.649051	0.648589	0.648127	0.647578	0.64703	0.646576	0.646123	0.645773	0.645424	0.645111	0.644798	0.644579	0.64436	0.644158	0.643955	0.643819	0.643684	0.643554	0.643424	0.643343	0.643263	0.643181	0.643099	0.643056	0.643014	0.642965	0.642917	0.642903	0.642889	0.642867	0.642844	0.642849	
0.642711	0.642717	0.642717	0.642717	0.642746	0.642775	0.642797	0.642819	0.642869	0.64292	0.642967	0.643015	0.643094	0.643173	0.643254	0.643335	0.643457	0.643579	0.643707	0.643835	0.644023	0.644211	0.644406	0.644602	0.644891	0.64518	0.645452	0.645724	0.64614	0.646556	0.646774	0.646992	0.647384	0.647775	0.647427	0.64708	0.646696	0.646313	0.645931	0.645548	0.645268	0.644987	0.644715	0.644442	0.644254	0.644066	0.643886	0.643707	0.643587	0.643467	0.64335	0.643233	0.643161	0.643089	0.643014	0.642939	0.642901	0.642863	0.642818	0.642773	0.642762	0.64275	0.642728	0.642706	0.642711	
0.642574	0.642579	0.642578	0.642578	0.642604	0.642631	0.64265	0.642668	0.642715	0.642761	0.642802	0.642843	0.642915	0.642987	0.643057	0.643127	0.643236	0.643344	0.643453	0.643562	0.643725	0.643889	0.644047	0.644206	0.644448	0.64469	0.644896	0.645102	0.645403	0.645703	0.645852	0.646001	0.64625	0.6465	0.646266	0.646032	0.645814	0.645597	0.645286	0.644974	0.644762	0.64455	0.644319	0.644087	0.64393	0.643772	0.643615	0.643458	0.643355	0.643251	0.643146	0.643042	0.642979	0.642915	0.642847	0.642779	0.642746	0.642712	0.642671	0.64263	0.64262	0.64261	0.642589	0.642569	0.642574	
0.642425	0.64243	0.642429	0.642428	0.642452	0.642477	0.642493	0.642509	0.642551	0.642593	0.642629	0.642665	0.64273	0.642795	0.642856	0.642917	0.643014	0.643112	0.643206	0.6433	0.643444	0.643588	0.643722	0.643856	0.644063	0.64427	0.644435	0.6446	0.644854	0.645108	0.645216	0.645325	0.645515	0.645704	0.645515	0.645327	0.645163	0.644998	0.644746	0.644493	0.644318	0.644143	0.643946	0.64375	0.643617	0.643484	0.643346	0.643208	0.643119	0.64303	0.642936	0.642843	0.642788	0.642733	0.642671	0.642609	0.64258	0.64255	0.642513	0.642475	0.642467	0.642459	0.642439	0.64242	0.642425	
0.642277	0.642281	0.642279	0.642278	0.6423	0.642323	0.642336	0.64235	0.642387	0.642425	0.642456	0.642487	0.642545	0.642603	0.642655	0.642707	0.642793	0.642879	0.642958	0.643038	0.643162	0.643286	0.643396	0.643506	0.643678	0.64385	0.643974	0.644099	0.644305	0.644512	0.644581	0.64465	0.644779	0.644908	0.644765	0.644622	0.644511	0.6444	0.644206	0.644012	0.643874	0.643736	0.643574	0.643412	0.643304	0.643196	0.643077	0.642958	0.642884	0.642809	0.642726	0.642644	0.642597	0.64255	0.642495	0.64244	0.642414	0.642389	0.642355	0.642321	0.642314	0.642308	0.64229	0.642272	0.642277	
0.64212	0.642124	0.642122	0.64212	0.64214	0.642161	0.642172	0.642183	0.642217	0.642251	0.642277	0.642304	0.642355	0.642407	0.642452	0.642496	0.642572	0.642647	0.642715	0.642782	0.64289	0.642998	0.643089	0.64318	0.643326	0.643471	0.643572	0.643672	0.64384	0.644007	0.644057	0.644106	0.644209	0.644312	0.6442	0.644087	0.644004	0.643922	0.643761	0.643599	0.643489	0.643378	0.64324	0.643102	0.643011	0.64292	0.642818	0.642715	0.642651	0.642587	0.642515	0.642442	0.642402	0.642361	0.642312	0.642263	0.642241	0.64222	0.642189	0.642159	0.642153	0.642148	0.642132	0.642115	0.64212	
0.641963	0.641967	0.641964	0.641962	0.64198	0.641999	0.642008	0.642017	0.642047	0.642076	0.642098	0.642121	0.642165	0.64221	0.642248	0.642285	0.642351	0.642416	0.642471	0.642527	0.642618	0.642709	0.642782	0.642855	0.642974	0.643092	0.643169	0.643246	0.643375	0.643503	0.643532	0.643562	0.643639	0.643716	0.643634	0.643552	0.643498	0.643445	0.643316	0.643187	0.643104	0.64302	0.642906	0.642791	0.642718	0.642645	0.642558	0.642471	0.642418	0.642365	0.642303	0.64224	0.642206	0.642172	0.64213	0.642087	0.642069	0.64205	0.642023	0.641996	0.641992	0.641988	0.641974	0.641959	0.641963	
0.641802	0.641806	0.641804	0.641801	0.641817	0.641833	0.641841	0.641848	0.641874	0.6419	0.641918	0.641937	0.641976	0.642015	0.642046	0.642078	0.642133	0.642189	0.642236	0.642282	0.642359	0.642436	0.642497	0.642557	0.642656	0.642754	0.642816	0.642877	0.642982	0.643086	0.643107	0.643129	0.64319	0.643252	0.643184	0.643115	0.643074	0.643032	0.642928	0.642823	0.642756	0.642689	0.642594	0.642499	0.642439	0.64238	0.642306	0.642233	0.642189	0.642145	0.642092	0.642039	0.64201	0.641982	0.641945	0.641908	0.641893	0.641878	0.641854	0.641831	0.641828	0.641825	0.641812	0.641799	0.641802	
0.641642	0.641645	0.641643	0.641641	0.641654	0.641668	0.641674	0.64168	0.641702	0.641724	0.641739	0.641753	0.641786	0.641819	0.641844	0.64187	0.641916	0.641963	0.642	0.642038	0.642101	0.642164	0.642211	0.642259	0.642338	0.642417	0.642463	0.642509	0.642589	0.642669	0.642683	0.642696	0.642742	0.642787	0.642733	0.642679	0.642649	0.642619	0.642539	0.642459	0.642408	0.642357	0.642282	0.642208	0.642161	0.642114	0.642055	0.641995	0.64196	0.641925	0.641881	0.641837	0.641814	0.641791	0.641761	0.64173	0.641717	0.641705	0.641685	0.641665	0.641663	0.641661	0.64165	0.641639	0.641642	
0.641481	0.641483	0.641481	0.641479	0.641491	0.641502	0.641507	0.641512	0.64153	0.641548	0.64156	0.641572	0.641599	0.641625	0.641646	0.641667	0.641704	0.641742	0.641772	0.641803	0.641853	0.641904	0.641942	0.64198	0.642042	0.642105	0.642141	0.642178	0.64224	0.642301	0.642312	0.642323	0.642356	0.642389	0.642349	0.642309	0.642285	0.642262	0.6422	0.642138	0.642097	0.642057	0.641998	0.641938	0.641901	0.641864	0.641816	0.641768	0.64174	0.641712	0.641676	0.64164	0.641621	0.641603	0.641578	0.641553	0.641543	0.641533	0.641516	0.6415	0.641498	0.641497	0.641487	0.641478	0.641481	
0.64132	0.641322	0.64132	0.641318	0.641328	0.641337	0.64134	0.641343	0.641358	0.641372	0.641381	0.64139	0.641411	0.641432	0.641448	0.641464	0.641493	0.641522	0.641545	0.641568	0.641606	0.641644	0.641673	0.641701	0.641747	0.641793	0.64182	0.641847	0.64189	0.641933	0.641941	0.64195	0.64197	0.64199	0.641964	0.641939	0.641922	0.641905	0.64186	0.641816	0.641786	0.641757	0.641713	0.641669	0.641641	0.641613	0.641577	0.64154	0.641519	0.641498	0.64147	0.641443	0.641429	0.641414	0.641395	0.641375	0.641368	0.64136	0.641347	0.641334	0.641333	0.641332	0.641325	0.641318	0.64132	
0.641168	0.641169	0.641168	0.641167	0.641173	0.64118	0.641183	0.641185	0.641196	0.641207	0.641214	0.64122	0.641236	0.641252	0.641263	0.641275	0.641297	0.641319	0.641336	0.641353	0.641381	0.64141	0.641431	0.641452	0.641485	0.641519	0.641539	0.641559	0.64159	0.641621	0.641627	0.641633	0.641647	0.641661	0.641643	0.641624	0.641611	0.641599	0.641567	0.641535	0.641513	0.641491	0.641459	0.641427	0.641406	0.641385	0.641359	0.641332	0.641316	0.6413	0.64128	0.641259	0.641249	0.641238	0.641224	0.641209	0.641204	0.641198	0.641188	0.641179	0.641178	0.641177	0.641172	0.641166	0.641168	
0.641015	0.641016	0.641016	0.641015	0.641019	0.641024	0.641026	0.641027	0.641034	0.641042	0.641046	0.641051	0.641061	0.641071	0.641079	0.641087	0.641101	0.641116	0.641127	0.641138	0.641156	0.641175	0.641189	0.641202	0.641224	0.641245	0.641258	0.64127	0.641289	0.641308	0.641312	0.641316	0.641324	0.641333	0.641321	0.641309	0.641301	0.641292	0.641273	0.641253	0.641239	0.641225	0.641205	0.641184	0.641171	0.641158	0.641141	0.641123	0.641113	0.641103	0.641089	0.641076	0.641069	0.641062	0.641053	0.641043	0.641039	0.641036	0.641029	0.641023	0.641022	0.641022	0.641018	0.641014	0.641015	
0.640886	0.640887	0.640887	0.640886	0.640889	0.640892	0.640893	0.640894	0.640898	0.640902	0.640905	0.640907	0.640914	0.64092	0.640924	0.640929	0.640938	0.640946	0.640953	0.640959	0.64097	0.640981	0.640989	0.640998	0.64101	0.641023	0.64103	0.641038	0.641049	0.64106	0.641062	0.641065	0.641069	0.641074	0.641068	0.641061	0.641056	0.641051	0.641039	0.641028	0.641019	0.641011	0.640999	0.640987	0.640979	0.640971	0.640961	0.640951	0.640945	0.640938	0.640931	0.640923	0.640918	0.640914	0.640909	0.640903	0.640901	0.640898	0.640895	0.640891	0.640891	0.64089	0.640888	0.640886	0.640886	
0.640757	0.640758	0.640758	0.640757	0.640758	0.640759	0.640759	0.64076	0.640761	0.640763	0.640763	0.640764	0.640766	0.640768	0.64077	0.640771	0.640774	0.640777	0.640779	0.640781	0.640784	0.640788	0.64079	0.640793	0.640797	0.6408	0.640803	0.640805	0.640809	0.640812	0.640813	0.640814	0.640815	0.640815	0.640814	0.640812	0.640811	0.640809	0.640805	0.640802	0.640799	0.640797	0.640793	0.64079	0.640787	0.640784	0.640781	0.640778	0.640776	0.640774	0.640772	0.640769	0.640768	0.640766	0.640765	0.640763	0.640762	0.640761	0.64076	0.640759	0.640759	0.640759	0.640758	0.640757	0.640757	
0.640694	0.640694	0.640694	0.640694	0.640694	0.640694	0.640694	0.640694	0.640694	0.640694	0.640694	0.640694	0.640694	0.640694	0.640694	0.640694	0.640694	0.640694	0.640694	0.640694	0.640694	0.640694	0.640694	0.640694	0.640694	0.640694	0.640694	0.640694	0.640694	0.640694	0.640694	0.640694	0.640694	0.640694	0.640694	0.640694	0.640694	0.640694	0.640694	0.640694	0.640694	0.640694	0.640694	0.640694	0.640694	0.640694	0.640694	0.640694	0.640694	0.640694	0.640694	0.640694	0.640694	0.640694	0.640694	0.640694	0.640694	0.640694	0.640694	0.640694	0.640694	0.640694	0.640694	0.640694	0.640694	
