x=200	y=120	z=200	n=65	len=1
b
0.904509	0.904509	0.904509	0.904509	0.904509	0.904509	0.904509	0.904509	0.904509	0.904509	0.904509	0.904509	0.904509	0.904509	0.904509	0.904509	0.904509	0.904509	0.904509	0.904509	0.904509	0.904509	0.904509	0.904509	0.904509	0.904509	0.904509	0.904509	0.904509	0.904509	0.904509	0.904509	0.904509	0.904509	0.904509	0.904509	0.904509	0.904509	0.904509	0.904509	0.904509	0.904509	0.904509	0.904509	0.904509	0.904509	0.904509	0.904509	0.904509	0.904509	0.904509	0.904509	0.904509	0.904509	0.904509	0.904509	0.904509	0.904509	0.904509	0.904509	0.904509	0.904509	0.904509	0.904509	0.904509	
0.900983	0.900944	0.900952	0.90096	0.900942	0.900925	0.900914	0.900904	0.900921	0.900938	0.900983	0.901029	0.901166	0.901304	0.901579	0.901855	0.90227	0.902685	0.903563	0.904441	0.905466	0.906491	0.908292	0.910092	0.91148	0.912867	0.912886	0.912905	0.911585	0.910265	0.903813	0.897361	0.901203	0.905045	0.910153	0.915261	0.914354	0.913447	0.912672	0.911898	0.90998	0.908063	0.906613	0.905164	0.904211	0.903258	0.902748	0.902238	0.901796	0.901353	0.901306	0.901258	0.901062	0.900865	0.900941	0.901016	0.900932	0.900848	0.900929	0.90101	0.900969	0.900929	0.900975	0.901021	0.900983	
0.900993	0.900958	0.900965	0.900973	0.900954	0.900936	0.900921	0.900906	0.90092	0.900934	0.900976	0.901018	0.901148	0.901277	0.901536	0.901796	0.902196	0.902596	0.903441	0.904287	0.905319	0.906351	0.908154	0.909958	0.911199	0.912441	0.91253	0.912618	0.911635	0.910651	0.904735	0.898819	0.902136	0.905453	0.910789	0.916126	0.914867	0.913608	0.912827	0.912046	0.9101	0.908155	0.906616	0.905077	0.904125	0.903173	0.902666	0.902158	0.901728	0.901298	0.901258	0.901218	0.901031	0.900843	0.900922	0.901001	0.900921	0.90084	0.900923	0.901006	0.900969	0.900932	0.900981	0.901029	0.900993	
0.901004	0.900972	0.900979	0.900986	0.900967	0.900948	0.900928	0.900909	0.90092	0.90093	0.900969	0.901008	0.901129	0.90125	0.901493	0.901737	0.902122	0.902507	0.90332	0.904132	0.905171	0.906211	0.908017	0.909823	0.910919	0.912015	0.912173	0.912331	0.911685	0.911038	0.905658	0.900277	0.903069	0.90586	0.911426	0.916991	0.915379	0.913768	0.912981	0.912193	0.91022	0.908247	0.906619	0.904991	0.904039	0.903087	0.902583	0.902079	0.901661	0.901243	0.90121	0.901178	0.900999	0.900821	0.900904	0.900986	0.90091	0.900833	0.900918	0.901003	0.900969	0.900936	0.900986	0.901036	0.901004	
0.901114	0.901082	0.901086	0.90109	0.901067	0.901045	0.901018	0.90099	0.900991	0.900991	0.90101	0.901028	0.901128	0.901228	0.901442	0.901656	0.902013	0.902369	0.903156	0.903942	0.904963	0.905985	0.907807	0.909629	0.910438	0.911246	0.911683	0.912121	0.912138	0.912154	0.907329	0.902503	0.90467	0.906836	0.912737	0.918639	0.916577	0.914516	0.91357	0.912625	0.910587	0.90855	0.906765	0.904981	0.904009	0.903037	0.90252	0.902002	0.901603	0.901204	0.901184	0.901164	0.901004	0.900844	0.900942	0.901041	0.900979	0.900916	0.901008	0.901099	0.901072	0.901045	0.901095	0.901145	0.901114	
0.901223	0.901192	0.901193	0.901194	0.901168	0.901143	0.901107	0.901071	0.901062	0.901053	0.90105	0.901048	0.901127	0.901207	0.901391	0.901575	0.901903	0.902232	0.902992	0.903752	0.904755	0.905759	0.907597	0.909435	0.909956	0.910477	0.911193	0.91191	0.912591	0.913271	0.909	0.904729	0.90627	0.907811	0.914049	0.920287	0.917775	0.915263	0.91416	0.913057	0.910954	0.908852	0.906912	0.904972	0.903979	0.902986	0.902456	0.901926	0.901546	0.901166	0.901158	0.901151	0.901009	0.900868	0.900981	0.901095	0.901048	0.901	0.901097	0.901194	0.901175	0.901155	0.901205	0.901255	0.901223	
0.901289	0.901259	0.901257	0.901255	0.901227	0.901199	0.901157	0.901115	0.901099	0.901083	0.901068	0.901053	0.901112	0.901171	0.901331	0.901491	0.901801	0.90211	0.902857	0.903604	0.904616	0.905628	0.907457	0.909286	0.90965	0.910013	0.910887	0.911761	0.913068	0.914374	0.911108	0.907842	0.908717	0.909591	0.915606	0.921621	0.919097	0.916572	0.915177	0.913782	0.911526	0.90927	0.907125	0.904979	0.903943	0.902908	0.902362	0.901817	0.901462	0.901106	0.901112	0.901117	0.900997	0.900877	0.901	0.901122	0.901084	0.901047	0.901147	0.901248	0.901233	0.901218	0.901268	0.901318	0.901289	
0.901354	0.901325	0.901321	0.901317	0.901286	0.901256	0.901208	0.901159	0.901136	0.901113	0.901085	0.901058	0.901096	0.901135	0.901271	0.901407	0.901698	0.901989	0.902722	0.903455	0.904476	0.905498	0.907317	0.909137	0.909343	0.90955	0.910581	0.911613	0.913545	0.915477	0.913216	0.910955	0.911163	0.911371	0.917163	0.922955	0.920418	0.917881	0.916194	0.914506	0.912097	0.909688	0.907337	0.904987	0.903908	0.902829	0.902269	0.901709	0.901377	0.901046	0.901065	0.901084	0.900985	0.900887	0.901018	0.901149	0.901121	0.901093	0.901197	0.901301	0.901291	0.901282	0.901332	0.901382	0.901354	
0.901426	0.901399	0.901391	0.901383	0.901349	0.901315	0.901258	0.901201	0.901169	0.901137	0.901089	0.90104	0.901066	0.901092	0.901195	0.901298	0.901567	0.901836	0.902544	0.903252	0.904298	0.905344	0.90718	0.909017	0.909214	0.90941	0.910753	0.912096	0.914433	0.916771	0.915446	0.914122	0.913914	0.913705	0.918931	0.924157	0.921557	0.918956	0.916944	0.914932	0.912412	0.909892	0.907386	0.90488	0.903756	0.902633	0.902084	0.901534	0.901241	0.900947	0.900993	0.901038	0.900964	0.900889	0.901031	0.901172	0.901157	0.901142	0.90125	0.901359	0.901355	0.901352	0.901402	0.901452	0.901426	
0.901497	0.901472	0.90146	0.901448	0.901412	0.901375	0.901309	0.901244	0.901203	0.901162	0.901092	0.901022	0.901035	0.901049	0.90112	0.90119	0.901437	0.901684	0.902366	0.903049	0.904119	0.90519	0.907044	0.908898	0.909084	0.909271	0.910925	0.912579	0.915322	0.918065	0.917677	0.917288	0.916664	0.916039	0.920699	0.925359	0.922696	0.920032	0.917695	0.915357	0.912727	0.910097	0.907434	0.904772	0.903605	0.902438	0.901899	0.901359	0.901104	0.900849	0.900921	0.900992	0.900942	0.900892	0.901043	0.901195	0.901193	0.901191	0.901304	0.901417	0.901419	0.901421	0.901472	0.901522	0.901497	
0.901545	0.901522	0.901507	0.901491	0.901452	0.901412	0.901339	0.901267	0.901219	0.901171	0.901081	0.90099	0.900984	0.900978	0.901014	0.90105	0.901273	0.901496	0.902136	0.902775	0.903882	0.90499	0.9069	0.908811	0.909176	0.90954	0.911632	0.913724	0.91646	0.919196	0.919406	0.919617	0.918937	0.918257	0.922293	0.92633	0.923586	0.920842	0.918182	0.915522	0.912814	0.910106	0.907256	0.904405	0.903247	0.902089	0.901607	0.901125	0.900918	0.90071	0.90081	0.90091	0.900887	0.900864	0.901034	0.901203	0.901212	0.90122	0.901336	0.901453	0.901461	0.901468	0.901518	0.901568	0.901545	
0.901593	0.901572	0.901553	0.901534	0.901492	0.901449	0.901369	0.901289	0.901235	0.90118	0.90107	0.900959	0.900933	0.900906	0.900908	0.90091	0.901109	0.901308	0.901905	0.902502	0.903646	0.904789	0.906757	0.908725	0.909267	0.90981	0.912339	0.914869	0.917598	0.920326	0.921136	0.921946	0.92121	0.920475	0.923887	0.9273	0.924476	0.921652	0.918669	0.915686	0.9129	0.910115	0.907077	0.904038	0.902889	0.901741	0.901316	0.900891	0.900732	0.900572	0.900699	0.900827	0.900831	0.900835	0.901024	0.901212	0.90123	0.901249	0.901369	0.901489	0.901502	0.901515	0.901565	0.901615	0.901593	
0.901624	0.901604	0.901582	0.90156	0.901515	0.90147	0.901384	0.901299	0.901228	0.901156	0.901031	0.900905	0.900858	0.900812	0.900773	0.900735	0.900902	0.90107	0.901597	0.902124	0.903312	0.9045	0.906578	0.908657	0.909667	0.910676	0.913278	0.91588	0.91842	0.920959	0.922113	0.923266	0.922631	0.921996	0.924508	0.92702	0.92406	0.9211	0.918218	0.915336	0.912358	0.90938	0.906363	0.903347	0.902317	0.901287	0.900954	0.900621	0.900517	0.900414	0.900574	0.900734	0.900768	0.900802	0.900997	0.901191	0.901228	0.901265	0.901388	0.901511	0.901528	0.901545	0.901595	0.901644	0.901624	
0.901655	0.901636	0.901612	0.901587	0.901539	0.901491	0.901399	0.901308	0.90122	0.901132	0.900991	0.90085	0.900784	0.900717	0.900638	0.90056	0.900695	0.900831	0.901289	0.901746	0.902979	0.904211	0.9064	0.908589	0.910066	0.911543	0.914217	0.916892	0.919242	0.921592	0.923089	0.924586	0.924052	0.923518	0.925129	0.926739	0.923644	0.920548	0.917768	0.914987	0.911816	0.908645	0.90565	0.902655	0.901745	0.900834	0.900592	0.90035	0.900303	0.900257	0.900448	0.90064	0.900705	0.900769	0.90097	0.90117	0.901226	0.901282	0.901407	0.901532	0.901554	0.901576	0.901625	0.901674	0.901655	
0.901668	0.901651	0.901624	0.901597	0.901545	0.901494	0.901388	0.901283	0.901191	0.901099	0.900938	0.900777	0.900689	0.900601	0.90048	0.90036	0.900452	0.900545	0.900912	0.901279	0.902534	0.903789	0.906135	0.908482	0.910407	0.912332	0.914973	0.917614	0.919468	0.921322	0.923174	0.925026	0.924609	0.924191	0.924809	0.925426	0.922199	0.918973	0.915885	0.912798	0.909908	0.907019	0.904425	0.901831	0.90108	0.900329	0.900202	0.900074	0.900085	0.900097	0.900322	0.900547	0.900634	0.900722	0.900934	0.901146	0.90121	0.901273	0.901406	0.901538	0.901564	0.90159	0.901638	0.901686	0.901668	
0.901682	0.901665	0.901636	0.901607	0.901552	0.901496	0.901377	0.901257	0.901162	0.901066	0.900885	0.900703	0.900594	0.900485	0.900322	0.900159	0.900209	0.900259	0.900535	0.900812	0.902089	0.903366	0.905871	0.908376	0.910749	0.913122	0.915729	0.918336	0.919694	0.921053	0.923259	0.925466	0.925165	0.924864	0.924489	0.924113	0.920755	0.917397	0.914003	0.910609	0.908001	0.905393	0.9032	0.901006	0.900415	0.899824	0.899811	0.899798	0.899867	0.899937	0.900195	0.900453	0.900564	0.900675	0.900898	0.901122	0.901193	0.901265	0.901404	0.901543	0.901573	0.901603	0.901651	0.901699	0.901682	
0.901668	0.901653	0.90162	0.901586	0.901528	0.901469	0.901348	0.901227	0.90112	0.901013	0.900817	0.900621	0.90049	0.900359	0.900155	0.899951	0.89995	0.899949	0.900123	0.900298	0.901542	0.902787	0.905388	0.907989	0.910747	0.913505	0.916064	0.918623	0.919422	0.92022	0.922554	0.924888	0.924854	0.92482	0.923043	0.921266	0.917677	0.914088	0.911051	0.908014	0.905881	0.903747	0.901963	0.900179	0.899768	0.899356	0.899458	0.899559	0.899678	0.899796	0.900082	0.900368	0.900497	0.900626	0.900856	0.901086	0.901167	0.901248	0.901385	0.901522	0.901556	0.90159	0.901637	0.901683	0.901668	
0.901654	0.90164	0.901603	0.901566	0.901504	0.901442	0.901319	0.901197	0.901078	0.90096	0.900749	0.900539	0.900386	0.900233	0.899988	0.899743	0.899692	0.89964	0.899712	0.899784	0.900996	0.902208	0.904905	0.907603	0.910746	0.913889	0.9164	0.918911	0.919149	0.919387	0.921848	0.92431	0.924543	0.924775	0.921597	0.918419	0.914599	0.910779	0.908099	0.905419	0.90376	0.902101	0.900727	0.899352	0.89912	0.898888	0.899104	0.89932	0.899488	0.899655	0.899969	0.900283	0.90043	0.900577	0.900814	0.901051	0.901142	0.901232	0.901366	0.9015	0.901539	0.901577	0.901622	0.901668	0.901654	
0.90163	0.901617	0.901578	0.901539	0.901474	0.901409	0.90128	0.901151	0.901026	0.900901	0.900678	0.900455	0.900284	0.900112	0.899834	0.899556	0.899455	0.899354	0.899327	0.8993	0.900398	0.901497	0.904038	0.906578	0.910239	0.9139	0.916293	0.918687	0.918371	0.918055	0.920201	0.922348	0.922414	0.922481	0.919113	0.915746	0.911821	0.907897	0.905605	0.903313	0.901981	0.900649	0.899685	0.898721	0.898628	0.898535	0.898841	0.899146	0.899345	0.899544	0.899878	0.900212	0.900371	0.90053	0.900771	0.901012	0.901107	0.901202	0.901338	0.901474	0.901514	0.901554	0.901599	0.901643	0.90163	
0.901606	0.901594	0.901553	0.901511	0.901444	0.901377	0.901241	0.901105	0.900973	0.900841	0.900606	0.900371	0.900181	0.89999	0.89968	0.899369	0.899218	0.899067	0.898942	0.898816	0.899801	0.900786	0.90317	0.905554	0.909732	0.91391	0.916186	0.918462	0.917593	0.916723	0.918554	0.920385	0.920286	0.920186	0.916629	0.913072	0.909043	0.905015	0.903111	0.901208	0.900203	0.899198	0.898644	0.89809	0.898136	0.898182	0.898577	0.898973	0.899202	0.899432	0.899787	0.900141	0.900312	0.900483	0.900727	0.900972	0.901073	0.901173	0.90131	0.901447	0.901489	0.901532	0.901575	0.901618	0.901606	
0.901565	0.901553	0.90151	0.901467	0.901398	0.901328	0.901191	0.901053	0.900916	0.900779	0.900537	0.900294	0.900089	0.899884	0.899549	0.899214	0.899022	0.89883	0.898618	0.898405	0.899221	0.900037	0.902098	0.904159	0.908213	0.912268	0.914337	0.916405	0.916052	0.915698	0.917373	0.919049	0.918641	0.918232	0.91467	0.911107	0.907106	0.903105	0.901498	0.899892	0.899109	0.898327	0.898037	0.897747	0.89787	0.897993	0.898434	0.898875	0.899117	0.899359	0.899723	0.900087	0.900263	0.900439	0.900684	0.900929	0.901032	0.901135	0.90127	0.901405	0.901449	0.901492	0.901534	0.901576	0.901565	
0.901523	0.901513	0.901468	0.901423	0.901351	0.90128	0.901141	0.901002	0.900859	0.900717	0.900467	0.900217	0.899997	0.899778	0.899418	0.899059	0.898826	0.898594	0.898294	0.897994	0.898641	0.899288	0.901026	0.902764	0.906695	0.910626	0.912487	0.914348	0.91451	0.914672	0.916193	0.917713	0.916996	0.916278	0.91271	0.909141	0.905168	0.901195	0.899885	0.898575	0.898016	0.897456	0.89743	0.897404	0.897604	0.897804	0.898291	0.898777	0.899031	0.899285	0.899659	0.900032	0.900214	0.900396	0.900641	0.900886	0.900991	0.901097	0.90123	0.901363	0.901408	0.901453	0.901494	0.901534	0.901523	
0.901474	0.901464	0.901418	0.901372	0.9013	0.901227	0.901088	0.900948	0.900802	0.900656	0.900403	0.90015	0.899921	0.899692	0.899317	0.898941	0.898677	0.898414	0.898046	0.897679	0.89815	0.89862	0.899973	0.901325	0.904562	0.907798	0.909744	0.911689	0.912525	0.91336	0.914955	0.91655	0.915982	0.915414	0.911891	0.908367	0.90436	0.900352	0.899223	0.898094	0.8976	0.897106	0.897263	0.897419	0.897616	0.897812	0.898292	0.898771	0.899013	0.899255	0.899625	0.899994	0.900174	0.900355	0.900597	0.90084	0.900946	0.901052	0.901184	0.901315	0.901361	0.901406	0.901445	0.901484	0.901474	
0.901425	0.901416	0.901369	0.901322	0.901249	0.901175	0.901034	0.900894	0.900744	0.900596	0.900339	0.900082	0.899844	0.899606	0.899215	0.898823	0.898529	0.898234	0.897799	0.897364	0.897658	0.897952	0.898919	0.899886	0.902428	0.90497	0.907	0.90903	0.910539	0.912049	0.913718	0.915386	0.914968	0.91455	0.911072	0.907593	0.903551	0.899508	0.89856	0.897612	0.897184	0.896757	0.897096	0.897435	0.897627	0.89782	0.898293	0.898766	0.898996	0.899226	0.89959	0.899955	0.900134	0.900313	0.900553	0.900793	0.9009	0.901007	0.901138	0.901268	0.901313	0.901358	0.901397	0.901435	0.901425	
0.90137	0.901361	0.901314	0.901267	0.901193	0.901119	0.900979	0.900839	0.900689	0.90054	0.900283	0.900026	0.899783	0.89954	0.899143	0.898746	0.898431	0.898115	0.897648	0.897182	0.897307	0.897432	0.898076	0.898721	0.900681	0.902641	0.904474	0.906308	0.908155	0.910001	0.91172	0.913438	0.913963	0.914488	0.911242	0.907996	0.903938	0.899879	0.898919	0.897958	0.89743	0.896901	0.897248	0.897595	0.897724	0.897853	0.898313	0.898772	0.898987	0.899202	0.899561	0.899919	0.900095	0.900271	0.900507	0.900744	0.900851	0.900958	0.901086	0.901214	0.901259	0.901305	0.901342	0.901379	0.90137	
0.901315	0.901307	0.901259	0.901211	0.901137	0.901063	0.900924	0.900785	0.900634	0.900484	0.900227	0.899969	0.899722	0.899474	0.899071	0.898669	0.898333	0.897996	0.897498	0.896999	0.896956	0.896913	0.897233	0.897555	0.898933	0.900312	0.901949	0.903586	0.90577	0.907954	0.909722	0.91149	0.912958	0.914426	0.911413	0.9084	0.904325	0.90025	0.899277	0.898304	0.897675	0.897045	0.8974	0.897754	0.897821	0.897887	0.898333	0.898779	0.898979	0.899179	0.899531	0.899883	0.900056	0.90023	0.900462	0.900694	0.900801	0.900908	0.901034	0.90116	0.901206	0.901251	0.901287	0.901323	0.901315	
0.901259	0.901251	0.901204	0.901156	0.901083	0.901009	0.900872	0.900734	0.900584	0.900434	0.90018	0.899925	0.899678	0.899432	0.899038	0.898645	0.898306	0.897967	0.897475	0.896983	0.896811	0.896639	0.896723	0.896807	0.89772	0.898633	0.899943	0.901254	0.903152	0.905051	0.905977	0.906903	0.910584	0.914265	0.911902	0.909539	0.905242	0.900945	0.899753	0.89856	0.897841	0.897123	0.897471	0.89782	0.897845	0.89787	0.898312	0.898753	0.898949	0.899145	0.899493	0.89984	0.900013	0.900186	0.900415	0.900643	0.900751	0.900858	0.900982	0.901105	0.901151	0.901196	0.901231	0.901266	0.901259	
0.901203	0.901196	0.901148	0.901101	0.901028	0.900955	0.900819	0.900684	0.900534	0.900385	0.900133	0.899881	0.899635	0.89939	0.899005	0.89862	0.898279	0.897938	0.897452	0.896967	0.896666	0.896366	0.896213	0.896059	0.896506	0.896954	0.897937	0.898921	0.900535	0.902148	0.902232	0.902315	0.908209	0.914104	0.912391	0.910679	0.90616	0.90164	0.900228	0.898816	0.898008	0.897201	0.897543	0.897885	0.897869	0.897854	0.898291	0.898728	0.89892	0.899112	0.899454	0.899797	0.89997	0.900143	0.900368	0.900592	0.9007	0.900807	0.900929	0.90105	0.901096	0.901142	0.901175	0.901209	0.901203	
0.90115	0.901145	0.901097	0.90105	0.900978	0.900907	0.900773	0.900639	0.900492	0.900345	0.900099	0.899852	0.899611	0.89937	0.898991	0.898612	0.898275	0.897938	0.897452	0.896966	0.896643	0.896321	0.896005	0.89569	0.89586	0.89603	0.896702	0.897374	0.89836	0.899347	0.897531	0.895716	0.9037	0.911685	0.911428	0.91117	0.906545	0.90192	0.900285	0.898649	0.897873	0.897096	0.897454	0.897812	0.897793	0.897774	0.89822	0.898667	0.898867	0.899068	0.899409	0.89975	0.899925	0.9001	0.900322	0.900543	0.900652	0.90076	0.900879	0.900998	0.901044	0.90109	0.901123	0.901155	0.90115	
0.901097	0.901093	0.901046	0.900998	0.900928	0.900859	0.900726	0.900594	0.900449	0.900304	0.900064	0.899823	0.899586	0.89935	0.898977	0.898604	0.898271	0.897937	0.897451	0.896964	0.89662	0.896275	0.895798	0.895321	0.895213	0.895106	0.895466	0.895826	0.896186	0.896545	0.892831	0.889116	0.899191	0.909267	0.910464	0.911661	0.906931	0.9022	0.900342	0.898483	0.897737	0.89699	0.897365	0.89774	0.897717	0.897694	0.89815	0.898606	0.898815	0.899024	0.899363	0.899703	0.89988	0.900058	0.900276	0.900494	0.900603	0.900712	0.900829	0.900946	0.900993	0.901039	0.90107	0.901102	0.901097	
0.901053	0.90105	0.901003	0.900956	0.900888	0.90082	0.90069	0.90056	0.900418	0.900276	0.900041	0.899807	0.899575	0.899342	0.898975	0.898608	0.898277	0.897946	0.897462	0.896978	0.896613	0.896248	0.895769	0.895289	0.894967	0.894645	0.894914	0.895183	0.895024	0.894865	0.890237	0.885608	0.894449	0.90329	0.905956	0.908622	0.904713	0.900804	0.899104	0.897404	0.896962	0.896519	0.896972	0.897424	0.897499	0.897574	0.898046	0.898519	0.89875	0.89898	0.899319	0.899658	0.899841	0.900023	0.900238	0.900453	0.900563	0.900674	0.900788	0.900902	0.900949	0.900996	0.901026	0.901056	0.901053	
0.901009	0.901007	0.900961	0.900914	0.900848	0.900782	0.900654	0.900525	0.900386	0.900247	0.900019	0.899791	0.899563	0.899334	0.898973	0.898611	0.898283	0.897955	0.897474	0.896992	0.896607	0.896222	0.89574	0.895258	0.894721	0.894184	0.894362	0.894539	0.893863	0.893186	0.887643	0.8821	0.889706	0.897312	0.901448	0.905583	0.902496	0.899408	0.897866	0.896325	0.896187	0.896049	0.896579	0.897109	0.897282	0.897455	0.897943	0.898431	0.898684	0.898937	0.899275	0.899614	0.899801	0.899988	0.9002	0.900412	0.900523	0.900635	0.900747	0.900859	0.900906	0.900953	0.900982	0.901011	0.901009	
0.900978	0.900977	0.900931	0.900885	0.900821	0.900758	0.900631	0.900505	0.90037	0.900236	0.900012	0.899787	0.899564	0.899341	0.898985	0.898628	0.898306	0.897983	0.897502	0.89702	0.896629	0.896238	0.895743	0.895248	0.894714	0.89418	0.894272	0.894364	0.893533	0.892701	0.88717	0.881638	0.886713	0.891787	0.895151	0.898514	0.897142	0.895769	0.89552	0.895271	0.89533	0.895389	0.896082	0.896774	0.897054	0.897335	0.897843	0.898351	0.898629	0.898906	0.899245	0.899583	0.899775	0.899967	0.900175	0.900384	0.900497	0.900609	0.900719	0.900828	0.900875	0.900923	0.900951	0.900978	0.900978	
0.900947	0.900947	0.900902	0.900856	0.900795	0.900733	0.900608	0.900484	0.900355	0.900226	0.900005	0.899784	0.899566	0.899348	0.898997	0.898645	0.898328	0.898011	0.89753	0.897049	0.896652	0.896255	0.895747	0.895239	0.894708	0.894176	0.894183	0.894189	0.893203	0.892216	0.886696	0.881177	0.883719	0.886262	0.888853	0.891445	0.891788	0.89213	0.893174	0.894217	0.894473	0.894729	0.895584	0.896439	0.896827	0.897215	0.897743	0.898272	0.898573	0.898875	0.899214	0.899553	0.899749	0.899946	0.900151	0.900356	0.90047	0.900584	0.90069	0.900797	0.900845	0.900893	0.90092	0.900946	0.900947	
0.90093	0.900932	0.900887	0.900841	0.900782	0.900722	0.900601	0.900481	0.900355	0.900229	0.900012	0.899794	0.899588	0.899382	0.899041	0.8987	0.898391	0.898083	0.897602	0.897121	0.896709	0.896297	0.895777	0.895257	0.894744	0.894231	0.894154	0.894076	0.89321	0.892343	0.888414	0.884486	0.884278	0.884071	0.885741	0.887412	0.888629	0.889847	0.89154	0.893234	0.893732	0.89423	0.89519	0.89615	0.89665	0.897151	0.897686	0.898221	0.898548	0.898875	0.89921	0.899546	0.899746	0.899947	0.900146	0.900344	0.900458	0.900572	0.900677	0.900781	0.900829	0.900878	0.900903	0.900929	0.90093	
0.900914	0.900916	0.900872	0.900827	0.900769	0.900711	0.900594	0.900478	0.900355	0.900233	0.900019	0.899804	0.899611	0.899417	0.899086	0.898755	0.898455	0.898154	0.897673	0.897192	0.896765	0.896339	0.895808	0.895276	0.894781	0.894286	0.894125	0.893964	0.893217	0.89247	0.890132	0.887795	0.884838	0.881881	0.882629	0.883378	0.885471	0.887563	0.889907	0.89225	0.892991	0.893731	0.894796	0.895861	0.896474	0.897087	0.897628	0.89817	0.898522	0.898875	0.899207	0.899539	0.899743	0.899948	0.90014	0.900333	0.900447	0.900561	0.900663	0.900765	0.900813	0.900862	0.900887	0.900911	0.900914	
0.900913	0.900916	0.900872	0.900829	0.900774	0.900718	0.900605	0.900492	0.90038	0.900269	0.900063	0.899857	0.899668	0.899479	0.899153	0.898827	0.898536	0.898245	0.897767	0.897288	0.896886	0.896484	0.895913	0.895342	0.894888	0.894434	0.894166	0.893898	0.893091	0.892284	0.890796	0.889307	0.88574	0.882174	0.881711	0.881248	0.883953	0.886658	0.889098	0.891538	0.892496	0.893454	0.894585	0.895715	0.89639	0.897064	0.897615	0.898166	0.898533	0.898901	0.899225	0.89955	0.899761	0.899971	0.900156	0.90034	0.900454	0.900569	0.900667	0.900766	0.900815	0.900863	0.900886	0.900909	0.900913	
0.900911	0.900916	0.900873	0.900831	0.900779	0.900726	0.900616	0.900505	0.900405	0.900305	0.900107	0.899909	0.899725	0.89954	0.899219	0.898898	0.898617	0.898336	0.89786	0.897384	0.897007	0.896629	0.896019	0.895408	0.894995	0.894581	0.894207	0.893832	0.892965	0.892099	0.891459	0.890818	0.886643	0.882468	0.880792	0.879117	0.882435	0.885753	0.888289	0.890825	0.892001	0.893177	0.894374	0.89557	0.896306	0.897042	0.897602	0.898162	0.898544	0.898926	0.899244	0.899562	0.899778	0.899995	0.900171	0.900347	0.900462	0.900577	0.900672	0.900767	0.900816	0.900864	0.900886	0.900907	0.900911	
0.900946	0.900951	0.90091	0.900868	0.900819	0.90077	0.900664	0.900557	0.900458	0.900358	0.900166	0.899975	0.899799	0.899624	0.899316	0.899009	0.898738	0.898468	0.898008	0.897549	0.897171	0.896793	0.896162	0.895531	0.895124	0.894717	0.894232	0.893747	0.892861	0.891975	0.891266	0.890557	0.886387	0.882217	0.879871	0.877525	0.881686	0.885847	0.888244	0.890641	0.891973	0.893305	0.894449	0.895593	0.896383	0.897172	0.897716	0.89826	0.898642	0.899025	0.899328	0.899632	0.899842	0.900053	0.900226	0.900398	0.900511	0.900624	0.900714	0.900804	0.900852	0.9009	0.90092	0.90094	0.900946	
0.90098	0.900987	0.900946	0.900905	0.900859	0.900814	0.900712	0.900609	0.90051	0.900411	0.900226	0.900041	0.899874	0.899707	0.899413	0.89912	0.89886	0.898599	0.898156	0.897713	0.897335	0.896957	0.896305	0.895653	0.895253	0.894853	0.894257	0.893661	0.892757	0.891852	0.891074	0.890296	0.886131	0.881966	0.878949	0.875932	0.880936	0.88594	0.888199	0.890457	0.891945	0.893433	0.894525	0.895616	0.896459	0.897302	0.89783	0.898358	0.898741	0.899123	0.899413	0.899702	0.899906	0.900111	0.90028	0.90045	0.90056	0.900671	0.900755	0.90084	0.900888	0.900936	0.900955	0.900974	0.90098	
0.901029	0.901037	0.900997	0.900957	0.900915	0.900872	0.900774	0.900675	0.900582	0.90049	0.900313	0.900137	0.899979	0.899821	0.899541	0.899261	0.899012	0.898763	0.898339	0.897916	0.897545	0.897173	0.896551	0.89593	0.895444	0.894958	0.89426	0.893563	0.892444	0.891326	0.889578	0.88783	0.885191	0.882552	0.88122	0.879889	0.883613	0.887338	0.889238	0.891138	0.892663	0.894189	0.895129	0.89607	0.896811	0.897553	0.898042	0.89853	0.898892	0.899254	0.89953	0.899805	0.900002	0.9002	0.900359	0.900518	0.900625	0.900733	0.900813	0.900893	0.90094	0.900987	0.901005	0.901022	0.901029	
0.901079	0.901086	0.901048	0.901009	0.90097	0.90093	0.900836	0.900742	0.900655	0.900569	0.900401	0.900234	0.900084	0.899934	0.899668	0.899402	0.899164	0.898926	0.898522	0.898119	0.897754	0.89739	0.896798	0.896206	0.895635	0.895063	0.894264	0.893464	0.892132	0.890762	0.888771	0.886445	0.884511	0.883331	0.883277	0.883846	0.886291	0.888736	0.890277	0.891819	0.893381	0.894944	0.895734	0.896524	0.897164	0.897803	0.898253	0.898703	0.899044	0.899385	0.899647	0.899909	0.900098	0.900288	0.900437	0.900586	0.90069	0.900794	0.90087	0.900947	0.900993	0.901039	0.901055	0.901071	0.901079	
0.901155	0.901163	0.901126	0.901089	0.901053	0.901016	0.900926	0.900836	0.900755	0.900674	0.900515	0.900356	0.900216	0.900075	0.899823	0.899572	0.899347	0.899122	0.89874	0.898359	0.898006	0.897654	0.89708	0.896506	0.895916	0.895326	0.894414	0.893502	0.891718	0.890121	0.886882	0.883677	0.882964	0.883083	0.88431	0.886144	0.88815	0.890155	0.891566	0.892977	0.894211	0.895446	0.896179	0.896911	0.897494	0.898078	0.898496	0.898914	0.899234	0.899554	0.899798	0.900042	0.900223	0.900404	0.900544	0.900684	0.900784	0.900885	0.900956	0.901028	0.901073	0.901118	0.901133	0.901147	0.901155	
0.901232	0.901241	0.901205	0.901169	0.901135	0.901102	0.901016	0.900931	0.900855	0.90078	0.900629	0.900479	0.900347	0.900215	0.899979	0.899742	0.89953	0.899318	0.898958	0.898598	0.898258	0.897918	0.897362	0.896806	0.896197	0.895589	0.894565	0.893541	0.891305	0.889736	0.88577	0.88242	0.882409	0.883051	0.885072	0.888443	0.890009	0.891575	0.892855	0.894135	0.895041	0.895948	0.896623	0.897299	0.897825	0.898352	0.898739	0.899126	0.899424	0.899723	0.899949	0.900176	0.900348	0.90052	0.900651	0.900782	0.900879	0.900976	0.901042	0.901109	0.901153	0.901197	0.90121	0.901223	0.901232	
0.901333	0.901342	0.901308	0.901273	0.901243	0.901212	0.901131	0.90105	0.90098	0.900911	0.900769	0.900628	0.900506	0.900383	0.900163	0.899942	0.899744	0.899547	0.899214	0.898881	0.898562	0.898242	0.897732	0.897223	0.896642	0.896062	0.895116	0.894171	0.892258	0.8903	0.887044	0.884455	0.884032	0.88427	0.886232	0.889113	0.890738	0.892362	0.893616	0.894869	0.895662	0.896454	0.897087	0.89772	0.898189	0.898658	0.899016	0.899374	0.899648	0.899922	0.900132	0.900342	0.900503	0.900664	0.900786	0.900908	0.901	0.901092	0.901154	0.901215	0.901258	0.901301	0.901312	0.901324	0.901333	
0.901434	0.901444	0.901411	0.901377	0.90135	0.901323	0.901246	0.90117	0.901106	0.901042	0.900909	0.900777	0.900664	0.900551	0.900347	0.900142	0.899959	0.899775	0.89947	0.899165	0.898865	0.898565	0.898102	0.897639	0.897087	0.896535	0.895668	0.894801	0.893212	0.891554	0.889313	0.887423	0.886563	0.886493	0.887897	0.889784	0.891467	0.893149	0.894377	0.895604	0.896282	0.89696	0.897551	0.898142	0.898553	0.898965	0.899294	0.899623	0.899871	0.90012	0.900314	0.900508	0.900658	0.900809	0.900921	0.901034	0.901121	0.901208	0.901265	0.901322	0.901363	0.901404	0.901415	0.901425	0.901434	
0.901559	0.901569	0.901538	0.901506	0.901482	0.901457	0.901385	0.901314	0.901255	0.901197	0.901074	0.90095	0.900847	0.900743	0.900554	0.900366	0.900197	0.900029	0.899751	0.899473	0.899199	0.898926	0.898513	0.8981	0.897606	0.897113	0.896392	0.895671	0.894404	0.893002	0.891333	0.889837	0.888991	0.888902	0.889873	0.89136	0.892746	0.894132	0.89522	0.896307	0.896916	0.897524	0.898037	0.89855	0.898923	0.899296	0.899591	0.899886	0.900115	0.900343	0.90052	0.900697	0.900837	0.900977	0.90108	0.901184	0.901266	0.901348	0.901401	0.901453	0.901493	0.901532	0.901541	0.90155	0.901559	
0.901685	0.901695	0.901665	0.901635	0.901613	0.901592	0.901525	0.901457	0.901405	0.901352	0.901238	0.901124	0.901029	0.900935	0.900762	0.900589	0.900436	0.900283	0.900032	0.899781	0.899533	0.899286	0.898923	0.898561	0.898126	0.897691	0.897116	0.896541	0.895596	0.894651	0.893547	0.892444	0.891765	0.891087	0.892012	0.892936	0.894026	0.895115	0.896063	0.897011	0.897549	0.898088	0.898523	0.898958	0.899293	0.899628	0.899888	0.900149	0.900358	0.900567	0.900726	0.900886	0.901016	0.901146	0.90124	0.901334	0.901411	0.901489	0.901536	0.901584	0.901622	0.90166	0.901667	0.901675	0.901685	
0.901832	0.901842	0.901814	0.901785	0.901766	0.901748	0.901685	0.901623	0.901575	0.901528	0.901423	0.901317	0.901232	0.901147	0.900989	0.900831	0.900693	0.900555	0.900329	0.900102	0.899882	0.899662	0.899343	0.899023	0.898652	0.898281	0.897808	0.897335	0.896591	0.895847	0.895083	0.894318	0.893773	0.893229	0.893931	0.894633	0.895464	0.896296	0.897008	0.89772	0.898177	0.898633	0.899009	0.899385	0.899677	0.899969	0.900202	0.900434	0.900622	0.900809	0.900954	0.901098	0.901217	0.901336	0.901421	0.901507	0.901579	0.901651	0.901694	0.901737	0.901773	0.901809	0.901816	0.901822	0.901832	
0.901979	0.901989	0.901962	0.901936	0.90192	0.901904	0.901846	0.901788	0.901746	0.901704	0.901607	0.901511	0.901435	0.901358	0.901216	0.901073	0.90095	0.900827	0.900626	0.900424	0.900231	0.900039	0.899763	0.899486	0.899179	0.898871	0.898499	0.898128	0.897586	0.897043	0.896618	0.896193	0.895782	0.89537	0.89585	0.89633	0.896903	0.897477	0.897953	0.89843	0.898804	0.899178	0.899495	0.899812	0.900061	0.90031	0.900515	0.90072	0.900886	0.901052	0.901181	0.90131	0.901418	0.901526	0.901603	0.90168	0.901747	0.901813	0.901852	0.901891	0.901925	0.901959	0.901964	0.901969	0.901979	
0.902145	0.902155	0.90213	0.902105	0.902091	0.902077	0.902024	0.901971	0.901934	0.901896	0.901809	0.901721	0.901653	0.901585	0.901456	0.901327	0.901218	0.901108	0.900929	0.90075	0.90058	0.90041	0.900171	0.899931	0.899668	0.899404	0.8991	0.898797	0.898377	0.897958	0.89766	0.897362	0.897045	0.89673	0.897091	0.897452	0.897853	0.898255	0.89865	0.899046	0.899355	0.899663	0.899937	0.900211	0.900429	0.900648	0.900828	0.901008	0.901157	0.901306	0.901421	0.901536	0.901635	0.901733	0.901802	0.901871	0.901932	0.901994	0.902028	0.902063	0.902095	0.902127	0.902131	0.902135	0.902145	
0.90231	0.90232	0.902297	0.902274	0.902263	0.902251	0.902203	0.902155	0.902122	0.902089	0.90201	0.901931	0.901871	0.901811	0.901697	0.901582	0.901486	0.901389	0.901233	0.901076	0.900928	0.900781	0.900579	0.900376	0.900156	0.899937	0.899701	0.899466	0.899169	0.898872	0.898701	0.89853	0.898309	0.898089	0.898331	0.898573	0.898803	0.899032	0.899347	0.899662	0.899905	0.900148	0.90038	0.900611	0.900798	0.900985	0.901141	0.901297	0.901428	0.90156	0.901661	0.901762	0.901851	0.90194	0.902001	0.902062	0.902118	0.902174	0.902205	0.902235	0.902265	0.902295	0.902298	0.902301	0.90231	
0.90249	0.902499	0.902478	0.902457	0.902448	0.902438	0.902394	0.902351	0.902322	0.902294	0.902223	0.902152	0.902099	0.902046	0.901944	0.901842	0.901757	0.901672	0.901534	0.901396	0.901268	0.90114	0.900965	0.90079	0.900604	0.900419	0.900223	0.900027	0.899786	0.899545	0.89941	0.899275	0.899114	0.898952	0.89914	0.899328	0.899514	0.8997	0.899951	0.900203	0.900406	0.900609	0.900804	0.900999	0.90116	0.90132	0.901456	0.901591	0.901707	0.901822	0.901911	0.902	0.902079	0.902158	0.902212	0.902266	0.902317	0.902368	0.902395	0.902422	0.902449	0.902476	0.902478	0.902481	0.90249	
0.902669	0.902678	0.902659	0.90264	0.902632	0.902625	0.902586	0.902547	0.902522	0.902498	0.902435	0.902372	0.902327	0.902281	0.902191	0.902101	0.902029	0.901956	0.901836	0.901717	0.901608	0.9015	0.901352	0.901204	0.901052	0.9009	0.900744	0.900587	0.900403	0.900219	0.900119	0.90002	0.899918	0.899816	0.899949	0.900083	0.900225	0.900367	0.900556	0.900744	0.900907	0.90107	0.901229	0.901387	0.901521	0.901655	0.901771	0.901886	0.901985	0.902084	0.902161	0.902238	0.902308	0.902377	0.902424	0.902471	0.902516	0.902561	0.902585	0.902608	0.902633	0.902658	0.902659	0.902661	0.902669	
0.902858	0.902867	0.902849	0.902832	0.902826	0.90282	0.902785	0.902751	0.90273	0.902709	0.902654	0.902598	0.902559	0.902519	0.902441	0.902363	0.9023	0.902237	0.902133	0.90203	0.901937	0.901844	0.901718	0.901592	0.901465	0.901337	0.901207	0.901077	0.90093	0.900783	0.900706	0.900629	0.900551	0.900474	0.900576	0.900678	0.900788	0.900898	0.901054	0.90121	0.901345	0.90148	0.901614	0.901749	0.901863	0.901977	0.902076	0.902175	0.902261	0.902346	0.902413	0.90248	0.902541	0.902602	0.902642	0.902683	0.902723	0.902763	0.902783	0.902804	0.902826	0.902848	0.902849	0.90285	0.902858	
0.903047	0.903055	0.90304	0.903025	0.90302	0.903015	0.902985	0.902955	0.902938	0.90292	0.902872	0.902825	0.902791	0.902758	0.902691	0.902624	0.902571	0.902518	0.90243	0.902343	0.902265	0.902188	0.902084	0.90198	0.901877	0.901774	0.901671	0.901568	0.901457	0.901347	0.901292	0.901237	0.901184	0.901131	0.901202	0.901272	0.901351	0.901429	0.901552	0.901676	0.901783	0.90189	0.902	0.90211	0.902204	0.902299	0.902381	0.902464	0.902537	0.902609	0.902666	0.902722	0.902774	0.902826	0.902861	0.902895	0.90293	0.902965	0.902982	0.902999	0.903019	0.903039	0.903039	0.90304	0.903047	
0.903239	0.903245	0.903232	0.903219	0.903215	0.903212	0.903186	0.90316	0.903145	0.903131	0.90309	0.903049	0.903021	0.902993	0.902936	0.902879	0.902834	0.90279	0.902716	0.902641	0.902577	0.902513	0.902425	0.902338	0.902254	0.90217	0.902085	0.902	0.901912	0.901824	0.901783	0.901741	0.9017	0.901659	0.901717	0.901775	0.901837	0.901899	0.901997	0.902095	0.902183	0.90227	0.90236	0.90245	0.902529	0.902608	0.902676	0.902745	0.902806	0.902867	0.902914	0.902962	0.903006	0.90305	0.90308	0.903109	0.903139	0.903168	0.903183	0.903197	0.903214	0.903231	0.903232	0.903232	0.903239	
0.90343	0.903435	0.903424	0.903413	0.903411	0.903408	0.903386	0.903365	0.903353	0.903342	0.903308	0.903273	0.903251	0.903229	0.903181	0.903133	0.903098	0.903062	0.903001	0.90294	0.902889	0.902838	0.902767	0.902696	0.902631	0.902565	0.902499	0.902432	0.902367	0.902302	0.902274	0.902245	0.902216	0.902187	0.902232	0.902277	0.902323	0.902369	0.902442	0.902515	0.902583	0.902651	0.902721	0.902791	0.902854	0.902916	0.902971	0.903026	0.903075	0.903125	0.903163	0.903201	0.903238	0.903274	0.903298	0.903322	0.903347	0.903372	0.903383	0.903395	0.903409	0.903424	0.903424	0.903424	0.90343	
0.903618	0.903623	0.903614	0.903605	0.903603	0.903601	0.903583	0.903565	0.903556	0.903547	0.90352	0.903492	0.903474	0.903456	0.903417	0.903379	0.90335	0.903322	0.903272	0.903223	0.903182	0.903141	0.903084	0.903027	0.902976	0.902925	0.902872	0.902819	0.902769	0.90272	0.902695	0.902671	0.902652	0.902633	0.902665	0.902696	0.902734	0.902772	0.902828	0.902884	0.902939	0.902994	0.903048	0.903103	0.903154	0.903204	0.903248	0.903291	0.903331	0.903372	0.903402	0.903433	0.903462	0.903492	0.903511	0.90353	0.903551	0.903571	0.90358	0.90359	0.903602	0.903614	0.903613	0.903613	0.903618	
0.903807	0.903811	0.903803	0.903796	0.903795	0.903794	0.90378	0.903766	0.90376	0.903753	0.903732	0.90371	0.903697	0.903683	0.903654	0.903624	0.903602	0.903581	0.903543	0.903506	0.903476	0.903445	0.903402	0.903359	0.903322	0.903285	0.903245	0.903205	0.903171	0.903138	0.903117	0.903097	0.903088	0.90308	0.903098	0.903116	0.903145	0.903175	0.903214	0.903253	0.903294	0.903336	0.903375	0.903415	0.903454	0.903492	0.903524	0.903556	0.903587	0.903618	0.903641	0.903664	0.903687	0.90371	0.903724	0.903738	0.903754	0.90377	0.903777	0.903784	0.903794	0.903803	0.903803	0.903803	0.903807	
0.90398	0.903983	0.903978	0.903972	0.903972	0.903971	0.903961	0.90395	0.903946	0.903941	0.903925	0.903909	0.903899	0.903889	0.903867	0.903845	0.903829	0.903813	0.903786	0.903758	0.903736	0.903713	0.903682	0.90365	0.903623	0.903596	0.903567	0.903537	0.903513	0.903489	0.903475	0.90346	0.903454	0.903448	0.903461	0.903474	0.903496	0.903517	0.903545	0.903573	0.903603	0.903634	0.903662	0.903691	0.90372	0.903748	0.903771	0.903795	0.903818	0.903841	0.903857	0.903874	0.903891	0.903908	0.903919	0.903929	0.903941	0.903953	0.903958	0.903963	0.903971	0.903978	0.903977	0.903977	0.90398	
0.904154	0.904156	0.904152	0.904149	0.904148	0.904148	0.904141	0.904134	0.904131	0.904128	0.904118	0.904107	0.904101	0.904095	0.90408	0.904066	0.904056	0.904046	0.904028	0.904009	0.903996	0.903982	0.903961	0.90394	0.903924	0.903907	0.903888	0.903869	0.903855	0.903841	0.903832	0.903823	0.90382	0.903816	0.903824	0.903832	0.903846	0.90386	0.903876	0.903893	0.903912	0.903932	0.903949	0.903967	0.903985	0.904004	0.904018	0.904033	0.904048	0.904063	0.904074	0.904084	0.904096	0.904107	0.904114	0.90412	0.904128	0.904136	0.904139	0.904143	0.904147	0.904152	0.904152	0.904152	0.904154	
0.904297	0.904298	0.904296	0.904294	0.904293	0.904293	0.904289	0.904285	0.904283	0.904282	0.904275	0.904269	0.904265	0.904262	0.904253	0.904245	0.904239	0.904233	0.904222	0.904211	0.904203	0.904195	0.904182	0.90417	0.90416	0.904151	0.904139	0.904128	0.90412	0.904112	0.904106	0.904101	0.904099	0.904097	0.904102	0.904106	0.904114	0.904123	0.904132	0.904142	0.904154	0.904165	0.904176	0.904186	0.904197	0.904208	0.904216	0.904225	0.904234	0.904243	0.904249	0.904255	0.904262	0.904269	0.904273	0.904277	0.904281	0.904286	0.904288	0.90429	0.904293	0.904296	0.904296	0.904295	0.904297	
0.90444	0.90444	0.904439	0.904439	0.904439	0.904439	0.904437	0.904436	0.904436	0.904435	0.904433	0.904431	0.90443	0.904429	0.904426	0.904423	0.904422	0.90442	0.904416	0.904413	0.90441	0.904408	0.904404	0.9044	0.904397	0.904394	0.904391	0.904387	0.904385	0.904383	0.904381	0.904379	0.904378	0.904378	0.904379	0.90438	0.904383	0.904386	0.904388	0.904391	0.904395	0.904399	0.904402	0.904405	0.904408	0.904412	0.904414	0.904417	0.90442	0.904423	0.904425	0.904426	0.904429	0.904431	0.904432	0.904433	0.904435	0.904436	0.904437	0.904437	0.904438	0.904439	0.904439	0.904439	0.90444	
0.904509	0.904509	0.904509	0.904509	0.904509	0.904509	0.904509	0.904509	0.904509	0.904509	0.904509	0.904509	0.904509	0.904509	0.904509	0.904509	0.904509	0.904509	0.904509	0.904509	0.904509	0.904509	0.904509	0.904509	0.904509	0.904509	0.904509	0.904509	0.904509	0.904509	0.904509	0.904509	0.904509	0.904509	0.904509	0.904509	0.904509	0.904509	0.904509	0.904509	0.904509	0.904509	0.904509	0.904509	0.904509	0.904509	0.904509	0.904509	0.904509	0.904509	0.904509	0.904509	0.904509	0.904509	0.904509	0.904509	0.904509	0.904509	0.904509	0.904509	0.904509	0.904509	0.904509	0.904509	0.904509	
