x=125	y=200	z=200	n=65	len=1
b
0	0	0	0	0	0	0	0	0	0	0	0	0	0	0	0	0	0	0	0	0	0	0	0	0	0	0	0	0	0	0	0	0	0	0	0	0	0	0	0	0	0	0	0	0	0	0	0	0	0	0	0	0	0	0	0	0	0	0	0	0	0	0	0	0	
0.023874	0.023874	0.0238605	0.0238469	0.0238449	0.0238428	0.0238496	0.0238564	0.0238545	0.0238526	0.0238519	0.0238513	0.0238455	0.0238397	0.0238352	0.0238308	0.0238233	0.0238158	0.0238099	0.0238039	0.0237961	0.0237883	0.0237817	0.0237751	0.0237689	0.0237627	0.0237571	0.0237516	0.0237489	0.0237461	0.0237439	0.0237418	0.023744	0.0237463	0.0237482	0.0237501	0.0237562	0.0237623	0.0237672	0.0237721	0.0237794	0.0237867	0.0237932	0.0237997	0.0238068	0.023814	0.0238205	0.023827	0.023833	0.023839	0.0238449	0.0238509	0.0238544	0.0238578	0.0238651	0.0238724	0.0238744	0.0238765	0.0238895	0.0239025	0.0239013	0.0239	0.023887	0.023874	0.023874	
0.0477509	0.04776	0.0477439	0.0477278	0.0477202	0.0477127	0.0477172	0.0477217	0.0477157	0.0477096	0.0477065	0.0477035	0.0476923	0.0476811	0.0476725	0.0476639	0.0476493	0.0476346	0.0476232	0.0476119	0.0475967	0.0475816	0.0475687	0.0475557	0.0475436	0.0475316	0.0475206	0.0475096	0.0475046	0.0474996	0.0474948	0.0474899	0.0474949	0.0475	0.0475032	0.0475065	0.047519	0.0475315	0.0475408	0.0475501	0.047565	0.04758	0.0475926	0.0476052	0.0476194	0.0476335	0.0476461	0.0476586	0.0476703	0.0476821	0.0476932	0.0477044	0.0477113	0.0477182	0.0477296	0.047741	0.0477437	0.0477464	0.047761	0.0477756	0.0477705	0.0477653	0.0477536	0.0477419	0.0477509	
0.0716278	0.0716459	0.0716273	0.0716086	0.0715956	0.0715826	0.0715848	0.0715871	0.0715768	0.0715665	0.0715612	0.0715558	0.0715392	0.0715225	0.0715098	0.0714971	0.0714752	0.0714534	0.0714366	0.0714198	0.0713973	0.0713749	0.0713556	0.0713363	0.0713184	0.0713005	0.071284	0.0712676	0.0712604	0.0712531	0.0712456	0.071238	0.0712459	0.0712537	0.0712583	0.0712629	0.0712818	0.0713006	0.0713143	0.071328	0.0713506	0.0713732	0.071392	0.0714107	0.0714319	0.0714531	0.0714717	0.0714902	0.0715077	0.0715251	0.0715415	0.0715579	0.0715682	0.0715785	0.0715941	0.0716097	0.071613	0.0716162	0.0716324	0.0716486	0.0716396	0.0716306	0.0716202	0.0716098	0.0716278	
0.0955058	0.0955253	0.0955114	0.0954975	0.0954822	0.0954669	0.0954639	0.0954609	0.0954461	0.0954313	0.0954234	0.0954156	0.0953945	0.0953734	0.0953577	0.095342	0.0953134	0.0952848	0.0952636	0.0952424	0.0952129	0.0951833	0.0951585	0.0951337	0.0951092	0.0950847	0.0950634	0.0950421	0.0950324	0.0950228	0.0950132	0.0950037	0.0950142	0.0950248	0.0950312	0.0950375	0.0950623	0.0950871	0.0951057	0.0951244	0.0951544	0.0951844	0.0952087	0.0952329	0.0952603	0.0952878	0.0953119	0.095336	0.0953578	0.0953796	0.0953994	0.0954192	0.0954323	0.0954454	0.0954622	0.0954789	0.0954828	0.0954867	0.0954991	0.0955115	0.0955032	0.0954949	0.0954906	0.0954863	0.0955058	
0.119384	0.119405	0.119396	0.119386	0.119369	0.119351	0.119343	0.119335	0.119315	0.119296	0.119286	0.119275	0.11925	0.119224	0.119206	0.119187	0.119152	0.119116	0.119091	0.119065	0.119028	0.118992	0.118961	0.118931	0.1189	0.118869	0.118843	0.118817	0.118804	0.118792	0.118781	0.118769	0.118783	0.118796	0.118804	0.118812	0.118843	0.118874	0.118897	0.118921	0.118958	0.118996	0.119025	0.119055	0.119089	0.119122	0.119152	0.119182	0.119208	0.119234	0.119257	0.119281	0.119296	0.119312	0.11933	0.119348	0.119353	0.119357	0.119366	0.119374	0.119367	0.119359	0.119361	0.119363	0.119384	
0.14326	0.143273	0.143266	0.143259	0.143243	0.143227	0.143219	0.143211	0.14319	0.143168	0.143158	0.143147	0.143118	0.143088	0.143069	0.143051	0.143011	0.142971	0.142942	0.142912	0.14287	0.142827	0.142793	0.142759	0.142721	0.142684	0.142653	0.142622	0.142607	0.142592	0.142579	0.142565	0.142581	0.142598	0.142607	0.142617	0.142655	0.142692	0.14272	0.142747	0.142791	0.142835	0.142868	0.142902	0.142941	0.14298	0.143013	0.143045	0.143074	0.143103	0.143127	0.143151	0.143168	0.143185	0.143203	0.14322	0.143226	0.143231	0.143241	0.14325	0.143246	0.143243	0.143244	0.143246	0.14326	
0.167135	0.167142	0.167137	0.167132	0.167118	0.167104	0.167095	0.167087	0.167064	0.16704	0.167029	0.167018	0.166985	0.166952	0.166933	0.166914	0.16687	0.166825	0.166793	0.16676	0.166711	0.166662	0.166624	0.166586	0.166543	0.1665	0.166464	0.166428	0.16641	0.166392	0.166376	0.16636	0.16638	0.1664	0.166411	0.166422	0.166466	0.166511	0.166542	0.166573	0.166624	0.166674	0.166711	0.166749	0.166793	0.166838	0.166873	0.166909	0.16694	0.166971	0.166996	0.167022	0.16704	0.167058	0.167075	0.167092	0.167099	0.167106	0.167116	0.167125	0.167126	0.167126	0.167128	0.167129	0.167135	
0.191007	0.19101	0.191007	0.191005	0.190992	0.190978	0.190972	0.190966	0.190942	0.190917	0.190908	0.190899	0.190865	0.190832	0.190815	0.190797	0.190752	0.190706	0.190676	0.190645	0.19059	0.190534	0.190495	0.190456	0.190406	0.190357	0.190318	0.190279	0.190258	0.190237	0.19022	0.190202	0.190226	0.19025	0.190262	0.190275	0.190326	0.190377	0.190411	0.190444	0.190499	0.190554	0.190594	0.190634	0.190681	0.190728	0.190762	0.190796	0.190826	0.190857	0.190881	0.190904	0.190921	0.190938	0.190953	0.190969	0.190976	0.190983	0.19099	0.190998	0.190999	0.190999	0.191001	0.191003	0.191007	
0.214878	0.214878	0.214878	0.214878	0.214865	0.214853	0.214849	0.214845	0.214819	0.214794	0.214787	0.21478	0.214746	0.214711	0.214696	0.21468	0.214634	0.214587	0.214559	0.21453	0.214468	0.214406	0.214365	0.214325	0.21427	0.214215	0.214172	0.21413	0.214106	0.214082	0.214063	0.214043	0.214072	0.2141	0.214114	0.214128	0.214185	0.214242	0.214279	0.214315	0.214375	0.214434	0.214477	0.21452	0.214569	0.214618	0.21465	0.214683	0.214713	0.214743	0.214765	0.214787	0.214803	0.214819	0.214832	0.214845	0.214852	0.214859	0.214865	0.214871	0.214871	0.214872	0.214875	0.214878	0.214878	
0.238733	0.238731	0.238732	0.238734	0.238723	0.238713	0.238714	0.238714	0.238692	0.23867	0.238668	0.238666	0.238634	0.238601	0.238593	0.238585	0.238539	0.238493	0.238473	0.238452	0.238391	0.23833	0.238293	0.238256	0.238194	0.238132	0.238089	0.238047	0.23802	0.237993	0.237972	0.237951	0.237984	0.238017	0.238031	0.238045	0.238107	0.238169	0.238207	0.238245	0.238308	0.23837	0.238409	0.238448	0.238493	0.238538	0.238565	0.238592	0.238618	0.238645	0.238661	0.238676	0.23869	0.238704	0.238712	0.23872	0.238724	0.238728	0.23873	0.238732	0.238732	0.238732	0.238734	0.238736	0.238733	
0.262589	0.262584	0.262587	0.26259	0.262582	0.262573	0.262578	0.262584	0.262565	0.262547	0.26255	0.262553	0.262522	0.262491	0.26249	0.262489	0.262444	0.262399	0.262387	0.262374	0.262314	0.262253	0.26222	0.262188	0.262118	0.262049	0.262006	0.261963	0.261933	0.261903	0.261881	0.261858	0.261896	0.261934	0.261948	0.261961	0.262029	0.262096	0.262136	0.262175	0.26224	0.262306	0.26234	0.262375	0.262416	0.262457	0.262479	0.262501	0.262524	0.262547	0.262556	0.262566	0.262578	0.262589	0.262592	0.262594	0.262596	0.262597	0.262595	0.262594	0.262593	0.262592	0.262593	0.262594	0.262589	
0.286417	0.286412	0.286418	0.286423	0.286417	0.286411	0.286422	0.286432	0.28642	0.286407	0.286421	0.286435	0.286412	0.286389	0.2864	0.286411	0.286372	0.286333	0.286335	0.286336	0.28628	0.286223	0.286204	0.286185	0.286117	0.286049	0.286012	0.285974	0.285939	0.285904	0.285881	0.285857	0.285902	0.285947	0.28596	0.285974	0.286044	0.286114	0.286147	0.286179	0.286238	0.286296	0.286321	0.286345	0.286378	0.286412	0.286422	0.286431	0.286447	0.286462	0.286461	0.28646	0.286462	0.286463	0.286457	0.286451	0.286447	0.286443	0.286437	0.286431	0.286427	0.286424	0.286423	0.286422	0.286417	
0.310246	0.31024	0.310248	0.310256	0.310252	0.310249	0.310265	0.310281	0.310274	0.310267	0.310292	0.310317	0.310302	0.310288	0.31031	0.310333	0.3103	0.310267	0.310283	0.310298	0.310246	0.310193	0.310187	0.310182	0.310115	0.310048	0.310017	0.309985	0.309945	0.309905	0.30988	0.309856	0.309907	0.309959	0.309973	0.309987	0.31006	0.310132	0.310158	0.310183	0.310235	0.310287	0.310301	0.310315	0.310341	0.310367	0.310364	0.310362	0.31037	0.310378	0.310365	0.310353	0.310345	0.310338	0.310322	0.310307	0.310298	0.31029	0.310279	0.310268	0.310261	0.310255	0.310253	0.310251	0.310246	
0.334032	0.334026	0.334037	0.334047	0.334048	0.334048	0.334071	0.334094	0.334095	0.334096	0.334134	0.334171	0.334169	0.334166	0.334211	0.334256	0.334241	0.334225	0.334268	0.33431	0.334266	0.334223	0.334244	0.334264	0.334199	0.334134	0.334119	0.334104	0.334062	0.33402	0.333994	0.333969	0.334026	0.334084	0.33409	0.334097	0.334166	0.334236	0.334249	0.334262	0.334302	0.334342	0.334338	0.334335	0.334344	0.334353	0.334329	0.334305	0.334294	0.334283	0.334253	0.334223	0.334204	0.334185	0.334158	0.33413	0.334115	0.3341	0.334083	0.334065	0.334055	0.334046	0.334042	0.334038	0.334032	
0.357818	0.357812	0.357825	0.357839	0.357843	0.357847	0.357877	0.357907	0.357916	0.357925	0.357975	0.358026	0.358035	0.358045	0.358112	0.358179	0.358182	0.358184	0.358252	0.358321	0.358287	0.358253	0.3583	0.358347	0.358283	0.35822	0.358221	0.358223	0.358179	0.358134	0.358108	0.358082	0.358145	0.358209	0.358207	0.358206	0.358272	0.358339	0.35834	0.358341	0.358369	0.358397	0.358376	0.358355	0.358347	0.358339	0.358294	0.358249	0.358218	0.358187	0.35814	0.358093	0.358063	0.358033	0.357993	0.357953	0.357932	0.35791	0.357886	0.357863	0.357849	0.357836	0.35783	0.357824	0.357818	
0.381535	0.38153	0.381546	0.381562	0.381572	0.381582	0.381623	0.381663	0.381685	0.381707	0.381775	0.381843	0.381869	0.381895	0.381988	0.38208	0.382103	0.382126	0.382235	0.382344	0.38234	0.382336	0.382433	0.38253	0.382483	0.382436	0.382471	0.382507	0.382459	0.382412	0.382384	0.382357	0.382434	0.382511	0.382496	0.382481	0.382529	0.382578	0.382552	0.382526	0.382523	0.382519	0.382461	0.382403	0.382363	0.382324	0.382248	0.382172	0.38212	0.382068	0.381999	0.381929	0.381882	0.381836	0.38178	0.381725	0.381692	0.381659	0.381626	0.381592	0.381575	0.381558	0.381549	0.381539	0.381535	
0.405252	0.405249	0.405267	0.405285	0.405301	0.405318	0.405369	0.40542	0.405454	0.405489	0.405575	0.40566	0.405703	0.405746	0.405863	0.405981	0.406025	0.406069	0.406218	0.406367	0.406393	0.406419	0.406566	0.406713	0.406683	0.406653	0.406721	0.40679	0.40674	0.40669	0.406661	0.406632	0.406722	0.406812	0.406784	0.406756	0.406787	0.406817	0.406764	0.406711	0.406677	0.406642	0.406547	0.406451	0.40638	0.406309	0.406202	0.406095	0.406022	0.405949	0.405857	0.405765	0.405702	0.405639	0.405568	0.405497	0.405452	0.405407	0.405365	0.405322	0.405301	0.40528	0.405267	0.405255	0.405252	
0.428885	0.428883	0.428905	0.428926	0.428948	0.42897	0.42903	0.429089	0.429135	0.429181	0.429285	0.429389	0.429455	0.429521	0.429674	0.429826	0.429907	0.429988	0.430194	0.4304	0.430472	0.430543	0.430774	0.431005	0.431011	0.431017	0.431166	0.431316	0.431279	0.431243	0.431189	0.431136	0.431221	0.431306	0.431241	0.431176	0.431178	0.43118	0.431082	0.430983	0.430898	0.430814	0.430664	0.430515	0.430397	0.430278	0.430129	0.429979	0.429873	0.429766	0.429644	0.429522	0.429439	0.429356	0.429268	0.42918	0.429127	0.429073	0.429022	0.42897	0.428944	0.428918	0.428903	0.428888	0.428885	
0.452519	0.452518	0.452542	0.452566	0.452594	0.452622	0.452691	0.452759	0.452816	0.452873	0.452995	0.453117	0.453207	0.453297	0.453484	0.453672	0.453789	0.453907	0.45417	0.454434	0.454551	0.454668	0.454982	0.455296	0.455339	0.455381	0.455611	0.455841	0.455819	0.455796	0.455718	0.45564	0.455719	0.455799	0.455698	0.455597	0.45557	0.455543	0.455399	0.455255	0.45512	0.454985	0.454782	0.454579	0.454413	0.454247	0.454056	0.453864	0.453723	0.453583	0.453431	0.453279	0.453177	0.453074	0.452969	0.452863	0.452801	0.452739	0.452678	0.452618	0.452587	0.452557	0.452539	0.45252	0.452519	
0.476043	0.476044	0.47607	0.476095	0.47613	0.476166	0.476243	0.476321	0.476393	0.476464	0.476605	0.476746	0.476862	0.476977	0.477203	0.477429	0.477589	0.477748	0.478087	0.478425	0.478605	0.478786	0.47924	0.479694	0.479787	0.479881	0.48032	0.480759	0.480753	0.480747	0.480603	0.480458	0.480522	0.480586	0.480421	0.480257	0.48015	0.480044	0.479829	0.479614	0.479397	0.47918	0.4789	0.478621	0.47839	0.478158	0.477913	0.477669	0.477487	0.477306	0.477122	0.476939	0.476815	0.47669	0.476567	0.476444	0.476369	0.476295	0.476225	0.476155	0.47612	0.476085	0.476063	0.476041	0.476043	
0.499566	0.49957	0.499597	0.499624	0.499667	0.499709	0.499796	0.499882	0.499969	0.500056	0.500216	0.500376	0.500516	0.500657	0.500922	0.501186	0.501388	0.50159	0.502003	0.502416	0.50266	0.502904	0.503498	0.504091	0.504236	0.504381	0.505029	0.505678	0.505688	0.505698	0.505487	0.505277	0.505325	0.505372	0.505144	0.504916	0.504731	0.504546	0.504259	0.503973	0.503674	0.503376	0.503019	0.502662	0.502366	0.502069	0.501771	0.501473	0.501251	0.501029	0.500814	0.500598	0.500452	0.500306	0.500165	0.500024	0.499937	0.499851	0.499771	0.499692	0.499653	0.499613	0.499588	0.499562	0.499566	
0.522951	0.522957	0.522984	0.523011	0.523059	0.523106	0.523197	0.523288	0.523386	0.523484	0.523654	0.523825	0.523987	0.524149	0.524437	0.524726	0.524972	0.525218	0.525691	0.526163	0.526495	0.526827	0.527562	0.528297	0.528579	0.52886	0.530016	0.531172	0.531362	0.531552	0.531255	0.530958	0.530791	0.530624	0.530138	0.529653	0.529365	0.529077	0.528696	0.528315	0.527888	0.527461	0.527002	0.526543	0.526169	0.525796	0.525442	0.525089	0.524829	0.524569	0.524326	0.524084	0.52392	0.523755	0.523601	0.523447	0.523352	0.523257	0.523172	0.523086	0.523044	0.523001	0.522974	0.522946	0.522951	
0.546337	0.546344	0.546371	0.546398	0.546451	0.546503	0.546598	0.546693	0.546802	0.546911	0.547092	0.547273	0.547457	0.54764	0.547953	0.548265	0.548555	0.548845	0.549378	0.549911	0.55033	0.550749	0.551626	0.552504	0.552922	0.55334	0.555004	0.556667	0.557037	0.557406	0.557023	0.556639	0.556257	0.555875	0.555132	0.55439	0.553999	0.553608	0.553132	0.552657	0.552101	0.551546	0.550985	0.550424	0.549973	0.549522	0.549114	0.548705	0.548407	0.548108	0.547839	0.54757	0.547387	0.547203	0.547036	0.546869	0.546766	0.546663	0.546572	0.546481	0.546435	0.54639	0.546359	0.546329	0.546337	
0.569587	0.569595	0.56962	0.569645	0.569699	0.569753	0.569845	0.569938	0.57005	0.570161	0.57034	0.570518	0.570709	0.570901	0.571214	0.571527	0.571841	0.572156	0.572709	0.573262	0.573779	0.574296	0.575299	0.576302	0.576988	0.577673	0.579706	0.581738	0.582433	0.583128	0.582601	0.582074	0.581535	0.580996	0.580158	0.57932	0.578716	0.578112	0.577493	0.576875	0.576146	0.575418	0.574729	0.57404	0.573501	0.572962	0.572512	0.572062	0.571736	0.571409	0.571128	0.570847	0.570655	0.570464	0.570294	0.570124	0.570019	0.569915	0.569823	0.569731	0.569687	0.569642	0.56961	0.569579	0.569587	
0.592837	0.592846	0.592869	0.592892	0.592948	0.593003	0.593092	0.593182	0.593297	0.593412	0.593587	0.593762	0.593962	0.594161	0.594475	0.594788	0.595128	0.595467	0.59604	0.596612	0.597228	0.597844	0.598972	0.600101	0.601053	0.602005	0.604407	0.60681	0.60783	0.60885	0.608179	0.607509	0.606813	0.606117	0.605183	0.604249	0.603433	0.602617	0.601855	0.601092	0.600191	0.59929	0.598473	0.597655	0.597029	0.596402	0.595911	0.595419	0.595064	0.59471	0.594417	0.594124	0.593924	0.593724	0.593552	0.593379	0.593273	0.593166	0.593074	0.592982	0.592938	0.592893	0.592861	0.592829	0.592837	
0.615963	0.615973	0.615992	0.616011	0.616064	0.616117	0.616198	0.616278	0.616387	0.616496	0.616654	0.616811	0.617001	0.617191	0.617473	0.617755	0.618083	0.61841	0.618931	0.619452	0.620071	0.620689	0.621763	0.622837	0.624184	0.625531	0.628799	0.632068	0.635859	0.639649	0.636055	0.63246	0.632144	0.631828	0.630658	0.629489	0.628328	0.627166	0.626257	0.625347	0.624127	0.622906	0.621906	0.620906	0.620196	0.619486	0.618984	0.618482	0.618122	0.617761	0.617476	0.617192	0.616998	0.616804	0.61664	0.616475	0.616375	0.616274	0.616187	0.6161	0.616059	0.616018	0.615986	0.615954	0.615963	
0.639089	0.639099	0.639115	0.639131	0.639181	0.639232	0.639303	0.639373	0.639477	0.639581	0.639721	0.639861	0.640041	0.64022	0.640471	0.640722	0.641038	0.641353	0.641823	0.642292	0.642913	0.643534	0.644554	0.645573	0.647315	0.649057	0.653191	0.65579	0.662206	0.669343	0.665401	0.656888	0.656931	0.657538	0.656134	0.654729	0.653222	0.651716	0.650659	0.649603	0.648062	0.646522	0.645339	0.644157	0.643364	0.64257	0.642058	0.641545	0.641179	0.640812	0.640536	0.640259	0.640071	0.639883	0.639727	0.639571	0.639477	0.639382	0.6393	0.639218	0.63918	0.639142	0.639111	0.63908	0.639089	
0.662106	0.662114	0.662125	0.662136	0.66218	0.662224	0.662277	0.662331	0.662419	0.662507	0.662612	0.662718	0.662866	0.663013	0.663197	0.66338	0.663626	0.663873	0.664195	0.664517	0.664971	0.665424	0.666107	0.666791	0.667936	0.669081	0.674765	0.679557	0.689405	0.694458	0.688708	0.680706	0.683318	0.689193	0.686365	0.683538	0.679853	0.676168	0.6751	0.674032	0.671804	0.669575	0.668211	0.666847	0.666015	0.665183	0.664717	0.664251	0.663917	0.663583	0.663344	0.663105	0.662943	0.662781	0.662648	0.662514	0.662435	0.662355	0.662284	0.662213	0.662183	0.662153	0.662125	0.662098	0.662106	
0.685122	0.685129	0.685135	0.68514	0.685178	0.685215	0.685252	0.685289	0.685361	0.685432	0.685504	0.685576	0.685691	0.685806	0.685922	0.686038	0.686215	0.686393	0.686567	0.686742	0.687028	0.687314	0.687661	0.688008	0.688557	0.68892	0.691422	0.703029	0.712708	0.707294	0.703245	0.707147	0.714048	0.721453	0.721548	0.713361	0.70532	0.70062	0.699541	0.698462	0.695545	0.692628	0.691083	0.689537	0.688666	0.687795	0.687376	0.686957	0.686655	0.686353	0.686152	0.685951	0.685815	0.685678	0.685568	0.685457	0.685393	0.685328	0.685269	0.685209	0.685186	0.685164	0.685139	0.685115	0.685122	
0.708064	0.708066	0.708068	0.70807	0.708099	0.708127	0.708143	0.708159	0.708209	0.708258	0.708289	0.708321	0.708394	0.708467	0.708506	0.708545	0.708641	0.708737	0.708751	0.708766	0.708867	0.708968	0.708891	0.708814	0.708785	0.708342	0.709058	0.72147	0.737032	0.717448	0.711821	0.734426	0.735295	0.745222	0.741718	0.730923	0.724334	0.720605	0.720686	0.720768	0.717537	0.714305	0.712837	0.71137	0.710661	0.709951	0.709653	0.709356	0.709134	0.708912	0.708774	0.708636	0.708542	0.708449	0.708372	0.708295	0.708253	0.708211	0.708166	0.708122	0.708111	0.708099	0.70808	0.708061	0.708064	
0.731005	0.731003	0.731001	0.731	0.731019	0.731039	0.731034	0.73103	0.731056	0.731083	0.731075	0.731066	0.731097	0.731128	0.73109	0.731052	0.731067	0.731081	0.730936	0.73079	0.730706	0.730622	0.730121	0.72962	0.729013	0.728748	0.727294	0.729543	0.738295	0.727724	0.713088	0.73444	0.744433	0.764241	0.755802	0.746462	0.740956	0.7397	0.740306	0.743075	0.739528	0.735981	0.734592	0.733203	0.732655	0.732107	0.73193	0.731754	0.731612	0.731471	0.731395	0.73132	0.73127	0.731219	0.731176	0.731132	0.731112	0.731093	0.731064	0.731035	0.731035	0.731035	0.731021	0.731007	0.731005	
0.753917	0.753912	0.753904	0.753896	0.753905	0.753915	0.753889	0.753863	0.753867	0.753871	0.753822	0.753774	0.753764	0.753754	0.753648	0.753541	0.753489	0.753437	0.753179	0.752921	0.752735	0.752549	0.751882	0.751216	0.750692	0.75022	0.748818	0.749416	0.747963	0.737445	0.735755	0.765335	0.767551	0.760902	0.758086	0.764155	0.758131	0.756497	0.756943	0.756965	0.75586	0.754755	0.754473	0.754191	0.754084	0.753976	0.75397	0.753963	0.753948	0.753933	0.753933	0.753932	0.753935	0.753938	0.753931	0.753925	0.753931	0.753938	0.753927	0.753916	0.753927	0.753938	0.75393	0.753922	0.753917	
0.776829	0.776821	0.776806	0.776792	0.776791	0.776791	0.776744	0.776697	0.776678	0.776658	0.77657	0.776482	0.776432	0.776381	0.776206	0.77603	0.775912	0.775794	0.775423	0.775052	0.774764	0.774477	0.773644	0.772812	0.772371	0.771931	0.771109	0.770399	0.76522	0.745334	0.756381	0.773128	0.771344	0.766905	0.765299	0.757501	0.7619	0.770577	0.772916	0.770855	0.772192	0.773529	0.774354	0.775179	0.775512	0.775846	0.776009	0.776173	0.776285	0.776396	0.77647	0.776544	0.7766	0.776656	0.776687	0.776718	0.776751	0.776783	0.77679	0.776797	0.776819	0.776842	0.776839	0.776837	0.776829	
0.799763	0.799759	0.799736	0.799713	0.799701	0.79969	0.799628	0.799566	0.799527	0.799488	0.799372	0.799256	0.799173	0.799089	0.798873	0.798656	0.798489	0.798322	0.797906	0.79749	0.797148	0.796807	0.795973	0.79514	0.794601	0.794061	0.793026	0.791471	0.785919	0.771533	0.774013	0.77876	0.773625	0.772842	0.78211	0.762015	0.765486	0.784279	0.790004	0.79094	0.792783	0.794626	0.795662	0.796697	0.797316	0.797935	0.798229	0.798522	0.798731	0.798939	0.799076	0.799213	0.799313	0.799414	0.799479	0.799545	0.799599	0.799653	0.799679	0.799705	0.799733	0.799762	0.799764	0.799767	0.799763	
0.822697	0.822696	0.822665	0.822634	0.822612	0.82259	0.822513	0.822436	0.822377	0.822318	0.822174	0.82203	0.821914	0.821797	0.82154	0.821283	0.821066	0.82085	0.820389	0.819928	0.819532	0.819137	0.818302	0.817468	0.81683	0.816192	0.814944	0.813638	0.811378	0.80968	0.813338	0.806017	0.802873	0.786935	0.775248	0.766533	0.78235	0.802471	0.809324	0.811024	0.813374	0.815723	0.816969	0.818215	0.81912	0.820024	0.820448	0.820872	0.821177	0.821481	0.821682	0.821882	0.822026	0.822171	0.822272	0.822373	0.822448	0.822523	0.822567	0.822612	0.822647	0.822682	0.82269	0.822697	0.822697	
0.845694	0.845697	0.845661	0.845626	0.845596	0.845566	0.84548	0.845394	0.845322	0.84525	0.845091	0.844932	0.844798	0.844663	0.84439	0.844117	0.843882	0.843647	0.843184	0.842722	0.842322	0.841922	0.841141	0.840361	0.839747	0.839134	0.838124	0.836851	0.835469	0.835135	0.836186	0.831626	0.82671	0.811453	0.791273	0.790784	0.810393	0.82542	0.831082	0.834095	0.836282	0.838468	0.839663	0.840858	0.841747	0.842636	0.843104	0.843572	0.843911	0.844249	0.844483	0.844717	0.844885	0.845052	0.845175	0.845298	0.845387	0.845474	0.845533	0.845591	0.84563	0.84567	0.84568	0.845691	0.845694	
0.868691	0.868698	0.868658	0.868618	0.86858	0.868542	0.868447	0.868352	0.868267	0.868182	0.868008	0.867834	0.867682	0.867529	0.86724	0.866951	0.866697	0.866444	0.865979	0.865515	0.865111	0.864707	0.86398	0.863254	0.862665	0.862076	0.861304	0.860532	0.859152	0.858114	0.857507	0.856077	0.851074	0.8408	0.829451	0.831294	0.84282	0.850803	0.854668	0.857167	0.85919	0.861213	0.862356	0.8635	0.864374	0.865248	0.865761	0.866273	0.866645	0.867017	0.867284	0.867552	0.867743	0.867934	0.868079	0.868224	0.868325	0.868426	0.868498	0.868569	0.868613	0.868657	0.868671	0.868685	0.868691	
0.891789	0.891796	0.891756	0.891717	0.891676	0.891634	0.891537	0.891439	0.891349	0.891258	0.891083	0.890907	0.890751	0.890594	0.890311	0.890029	0.889778	0.889528	0.889093	0.888658	0.888277	0.887896	0.887245	0.886593	0.886078	0.885563	0.884844	0.884125	0.882932	0.881728	0.88066	0.878862	0.875812	0.871712	0.867638	0.868436	0.87292	0.876537	0.879301	0.881431	0.883099	0.884766	0.885765	0.886764	0.887543	0.888322	0.888818	0.889313	0.889678	0.890043	0.890316	0.890589	0.890785	0.89098	0.891135	0.89129	0.891396	0.891502	0.891579	0.891657	0.891703	0.89175	0.891766	0.891783	0.891789	
0.914887	0.914895	0.914855	0.914815	0.914771	0.914727	0.914627	0.914527	0.914431	0.914334	0.914157	0.91398	0.91382	0.913659	0.913383	0.913106	0.912859	0.912612	0.912207	0.911801	0.911444	0.911086	0.910509	0.909932	0.909491	0.909049	0.908383	0.907717	0.906711	0.905815	0.904755	0.903408	0.90135	0.899635	0.898754	0.899791	0.901261	0.902732	0.904214	0.905696	0.907008	0.90832	0.909174	0.910028	0.910712	0.911396	0.911875	0.912354	0.912711	0.913069	0.913348	0.913627	0.913827	0.914027	0.914192	0.914356	0.914467	0.914577	0.914661	0.914745	0.914794	0.914842	0.914861	0.91488	0.914887	
0.938106	0.938112	0.938075	0.938038	0.937994	0.937949	0.937853	0.937757	0.937663	0.93757	0.937403	0.937237	0.937084	0.936932	0.936676	0.93642	0.93619	0.93596	0.935598	0.935237	0.934918	0.934598	0.934116	0.933635	0.933221	0.932807	0.932295	0.931783	0.930949	0.930133	0.929397	0.928515	0.927179	0.926177	0.925926	0.925952	0.926962	0.927972	0.929088	0.930205	0.931214	0.932223	0.932934	0.933645	0.934234	0.934823	0.935259	0.935694	0.936018	0.936342	0.936609	0.936876	0.937065	0.937255	0.937417	0.937579	0.937685	0.937792	0.937877	0.937962	0.93801	0.938058	0.938079	0.9381	0.938106	
0.961324	0.96133	0.961295	0.96126	0.961216	0.961171	0.961079	0.960987	0.960896	0.960805	0.960649	0.960493	0.960349	0.960205	0.95997	0.959735	0.959521	0.959307	0.95899	0.958673	0.958392	0.95811	0.957724	0.957337	0.956951	0.956566	0.956207	0.955849	0.955188	0.954527	0.953997	0.953466	0.952476	0.951485	0.951799	0.952113	0.952663	0.953212	0.953963	0.954714	0.95542	0.956126	0.956694	0.957262	0.957756	0.95825	0.958642	0.959034	0.959324	0.959615	0.95987	0.960125	0.960304	0.960483	0.960642	0.960801	0.960904	0.961007	0.961093	0.96118	0.961226	0.961273	0.961296	0.961319	0.961324	
0.984677	0.984682	0.984652	0.984621	0.984579	0.984538	0.984455	0.984371	0.984287	0.984203	0.984062	0.983921	0.983791	0.98366	0.983455	0.983251	0.983065	0.982879	0.982613	0.982347	0.982108	0.98187	0.981561	0.981252	0.980926	0.9806	0.980312	0.980025	0.97951	0.978995	0.978639	0.978283	0.977579	0.976875	0.977114	0.977353	0.977714	0.978074	0.978634	0.979195	0.979712	0.980229	0.980693	0.981157	0.981547	0.981938	0.982276	0.982615	0.982863	0.983112	0.983342	0.983573	0.983732	0.98389	0.984039	0.984187	0.984281	0.984376	0.984457	0.984539	0.984582	0.984626	0.984649	0.984672	0.984677	
1.00803	1.00803	1.00801	1.00798	1.00794	1.00791	1.00783	1.00775	1.00768	1.0076	1.00748	1.00735	1.00723	1.00712	1.00694	1.00677	1.00661	1.00645	1.00624	1.00602	1.00583	1.00563	1.0054	1.00517	1.0049	1.00463	1.00442	1.0042	1.00383	1.00346	1.00328	1.0031	1.00268	1.00227	1.00243	1.00259	1.00276	1.00294	1.00331	1.00368	1.004	1.00433	1.00469	1.00505	1.00534	1.00563	1.00591	1.00619	1.0064	1.00661	1.00681	1.00702	1.00716	1.0073	1.00744	1.00757	1.00766	1.00774	1.00782	1.0079	1.00794	1.00798	1.008	1.00803	1.00803	
1.03153	1.03153	1.03151	1.03149	1.03145	1.03142	1.03136	1.03129	1.03123	1.03116	1.03106	1.03095	1.03085	1.03075	1.03061	1.03047	1.03033	1.0302	1.03003	1.02986	1.02969	1.02953	1.02935	1.02918	1.02897	1.02875	1.0286	1.02844	1.02816	1.02788	1.02776	1.02764	1.02734	1.02703	1.02714	1.02725	1.02735	1.02745	1.02772	1.028	1.02823	1.02847	1.02876	1.02904	1.02926	1.02948	1.02972	1.02996	1.03013	1.03029	1.03047	1.03065	1.03076	1.03088	1.031	1.03112	1.0312	1.03127	1.03134	1.03141	1.03144	1.03148	1.0315	1.03152	1.03153	
1.05502	1.05502	1.05501	1.05499	1.05496	1.05493	1.05488	1.05483	1.05478	1.05472	1.05464	1.05455	1.05447	1.05439	1.05428	1.05417	1.05406	1.05395	1.05382	1.05369	1.05356	1.05343	1.05331	1.05319	1.05303	1.05287	1.05278	1.05269	1.05249	1.0523	1.05224	1.05219	1.05199	1.0518	1.05185	1.05191	1.05193	1.05196	1.05214	1.05232	1.05247	1.05261	1.05282	1.05303	1.05319	1.05334	1.05353	1.05372	1.05385	1.05398	1.05413	1.05428	1.05437	1.05446	1.05457	1.05467	1.05473	1.05479	1.05485	1.05492	1.05495	1.05498	1.055	1.05502	1.05502	
1.07864	1.07864	1.07863	1.07862	1.07859	1.07857	1.07853	1.07849	1.07844	1.07839	1.07833	1.07826	1.0782	1.07813	1.07804	1.07796	1.07787	1.07779	1.07769	1.0776	1.0775	1.0774	1.07731	1.07723	1.07711	1.07699	1.07693	1.07688	1.07673	1.07658	1.07655	1.07653	1.07638	1.07623	1.07627	1.07631	1.0763	1.0763	1.07643	1.07656	1.07664	1.07673	1.07689	1.07705	1.07716	1.07727	1.07742	1.07757	1.07767	1.07777	1.07789	1.07801	1.07809	1.07816	1.07825	1.07834	1.07839	1.07844	1.07849	1.07855	1.07857	1.07859	1.07862	1.07864	1.07864	
1.10225	1.10225	1.10225	1.10224	1.10222	1.1022	1.10217	1.10214	1.10211	1.10207	1.10202	1.10197	1.10192	1.10187	1.10181	1.10175	1.10169	1.10163	1.10157	1.10151	1.10144	1.10136	1.10132	1.10127	1.10119	1.10111	1.10108	1.10106	1.10096	1.10086	1.10086	1.10086	1.10077	1.10067	1.10069	1.10071	1.10067	1.10063	1.10071	1.10079	1.10082	1.10086	1.10097	1.10108	1.10114	1.10121	1.10132	1.10143	1.10149	1.10156	1.10165	1.10175	1.1018	1.10186	1.10193	1.10201	1.10204	1.10208	1.10213	1.10218	1.10219	1.10221	1.10223	1.10225	1.10225	
1.12596	1.12596	1.12595	1.12595	1.12594	1.12592	1.1259	1.12588	1.12585	1.12582	1.12579	1.12576	1.12572	1.12568	1.12565	1.12561	1.12556	1.12552	1.12548	1.12545	1.1254	1.12534	1.12532	1.12531	1.12525	1.12519	1.12519	1.12519	1.12511	1.12504	1.12505	1.12506	1.12498	1.1249	1.12491	1.12492	1.12488	1.12483	1.12488	1.12493	1.12494	1.12494	1.12502	1.12509	1.12513	1.12517	1.12525	1.12533	1.12537	1.12542	1.12549	1.12557	1.1256	1.12564	1.1257	1.12576	1.12579	1.12581	1.12585	1.12589	1.12591	1.12592	1.12594	1.12596	1.12596	
1.14966	1.14966	1.14966	1.14966	1.14965	1.14964	1.14963	1.14962	1.1496	1.14958	1.14957	1.14955	1.14953	1.1495	1.14948	1.14946	1.14944	1.14941	1.1494	1.14938	1.14935	1.14932	1.14933	1.14934	1.14931	1.14927	1.14929	1.14931	1.14926	1.14921	1.14923	1.14925	1.14919	1.14913	1.14913	1.14914	1.14908	1.14903	1.14905	1.14907	1.14905	1.14903	1.14907	1.14911	1.14912	1.14913	1.14918	1.14924	1.14925	1.14927	1.14933	1.14938	1.1494	1.14942	1.14947	1.14951	1.14953	1.14954	1.14958	1.14961	1.14962	1.14963	1.14964	1.14966	1.14966	
1.17344	1.17343	1.17344	1.17345	1.17344	1.17343	1.17343	1.17342	1.17341	1.1734	1.17339	1.17339	1.17337	1.17336	1.17336	1.17335	1.17334	1.17332	1.17333	1.17333	1.17332	1.1733	1.17332	1.17334	1.17332	1.1733	1.17333	1.17336	1.17332	1.17329	1.17331	1.17333	1.17328	1.17323	1.17323	1.17324	1.17318	1.17313	1.17313	1.17314	1.1731	1.17307	1.17309	1.17312	1.1731	1.17309	1.17313	1.17316	1.17317	1.17317	1.17321	1.17325	1.17326	1.17326	1.1733	1.17333	1.17334	1.17335	1.17337	1.1734	1.1734	1.17341	1.17342	1.17344	1.17344	
1.19721	1.19721	1.19722	1.19723	1.19722	1.19722	1.19723	1.19723	1.19722	1.19722	1.19722	1.19723	1.19722	1.19722	1.19723	1.19724	1.19724	1.19723	1.19726	1.19728	1.19728	1.19728	1.19731	1.19735	1.19734	1.19733	1.19737	1.19741	1.19739	1.19736	1.19739	1.19742	1.19738	1.19734	1.19734	1.19733	1.19728	1.19722	1.19721	1.19721	1.19716	1.19711	1.19712	1.19712	1.19709	1.19706	1.19708	1.19709	1.19708	1.19706	1.19709	1.19711	1.19711	1.1971	1.19713	1.19715	1.19715	1.19715	1.19717	1.19719	1.19719	1.19719	1.1972	1.19721	1.19721	
1.22104	1.22104	1.22105	1.22106	1.22106	1.22105	1.22106	1.22107	1.22107	1.22107	1.22108	1.2211	1.2211	1.2211	1.22112	1.22114	1.22114	1.22115	1.22118	1.22121	1.22122	1.22122	1.22126	1.2213	1.2213	1.2213	1.22135	1.22139	1.22138	1.22136	1.22139	1.22142	1.22138	1.22134	1.22134	1.22134	1.22128	1.22122	1.22121	1.2212	1.22115	1.2211	1.22109	1.22109	1.22105	1.22101	1.22102	1.22102	1.221	1.22097	1.22099	1.221	1.22099	1.22097	1.22099	1.22101	1.221	1.22099	1.22101	1.22102	1.22102	1.22102	1.22103	1.22104	1.22104	
1.24487	1.24486	1.24488	1.24489	1.24489	1.24489	1.2449	1.24492	1.24492	1.24492	1.24494	1.24496	1.24497	1.24498	1.24501	1.24504	1.24505	1.24506	1.2451	1.24514	1.24516	1.24517	1.24521	1.24526	1.24527	1.24527	1.24532	1.24537	1.24536	1.24536	1.24539	1.24542	1.24538	1.24535	1.24535	1.24534	1.24529	1.24523	1.24521	1.24519	1.24514	1.24508	1.24507	1.24505	1.24501	1.24496	1.24496	1.24495	1.24492	1.24488	1.24488	1.24488	1.24487	1.24485	1.24485	1.24486	1.24485	1.24484	1.24485	1.24486	1.24485	1.24485	1.24486	1.24487	1.24487	
1.26872	1.26872	1.26873	1.26875	1.26875	1.26875	1.26877	1.26878	1.26879	1.26879	1.26882	1.26884	1.26885	1.26887	1.2689	1.26893	1.26895	1.26896	1.26901	1.26905	1.26906	1.26908	1.26913	1.26918	1.26919	1.2692	1.26925	1.2693	1.26929	1.26929	1.26931	1.26934	1.26931	1.26928	1.26928	1.26928	1.26923	1.26917	1.26915	1.26913	1.26908	1.26902	1.269	1.26898	1.26893	1.26889	1.26887	1.26886	1.26883	1.26879	1.26879	1.26878	1.26876	1.26873	1.26874	1.26874	1.26872	1.26871	1.26872	1.26872	1.26871	1.26871	1.26872	1.26873	1.26872	
1.29258	1.29258	1.29259	1.29261	1.29261	1.29261	1.29263	1.29265	1.29266	1.29267	1.2927	1.29273	1.29274	1.29275	1.29279	1.29283	1.29284	1.29286	1.29291	1.29295	1.29297	1.29299	1.29305	1.2931	1.29311	1.29313	1.29317	1.29322	1.29322	1.29322	1.29324	1.29327	1.29324	1.29322	1.29322	1.29321	1.29317	1.29312	1.2931	1.29308	1.29302	1.29296	1.29293	1.29291	1.29286	1.29281	1.29279	1.29277	1.29274	1.2927	1.29269	1.29268	1.29265	1.29262	1.29262	1.29261	1.2926	1.29258	1.29258	1.29259	1.29258	1.29257	1.29258	1.29258	1.29258	
1.31646	1.31645	1.31647	1.31648	1.31648	1.31648	1.3165	1.31652	1.31653	1.31654	1.31657	1.3166	1.31662	1.31663	1.31667	1.3167	1.31672	1.31674	1.31679	1.31683	1.31685	1.31687	1.31692	1.31697	1.31699	1.317	1.31704	1.31709	1.31709	1.31708	1.31711	1.31713	1.31711	1.31709	1.31709	1.31708	1.31704	1.317	1.31698	1.31696	1.31691	1.31685	1.31683	1.3168	1.31675	1.31671	1.31668	1.31666	1.31663	1.31659	1.31658	1.31656	1.31654	1.31651	1.3165	1.3165	1.31648	1.31646	1.31646	1.31646	1.31645	1.31644	1.31645	1.31646	1.31646	
1.34033	1.34033	1.34034	1.34035	1.34036	1.34036	1.34038	1.3404	1.34041	1.34042	1.34045	1.34048	1.34049	1.34051	1.34055	1.34058	1.3406	1.34062	1.34067	1.34071	1.34073	1.34075	1.3408	1.34085	1.34086	1.34087	1.34091	1.34095	1.34095	1.34095	1.34098	1.341	1.34098	1.34096	1.34096	1.34095	1.34092	1.34088	1.34086	1.34084	1.34079	1.34075	1.34072	1.34069	1.34065	1.3406	1.34058	1.34055	1.34052	1.34048	1.34047	1.34045	1.34042	1.3404	1.34039	1.34038	1.34036	1.34034	1.34034	1.34034	1.34033	1.34032	1.34033	1.34033	1.34033	
1.36421	1.36421	1.36422	1.36423	1.36424	1.36424	1.36426	1.36428	1.36429	1.3643	1.36432	1.36435	1.36436	1.36438	1.36441	1.36445	1.36446	1.36448	1.36452	1.36456	1.36458	1.3646	1.36464	1.36468	1.3647	1.36471	1.36474	1.36478	1.36478	1.36478	1.3648	1.36482	1.3648	1.36479	1.36478	1.36478	1.36475	1.36472	1.3647	1.36468	1.36464	1.3646	1.36458	1.36455	1.36451	1.36447	1.36445	1.36443	1.36439	1.36436	1.36434	1.36433	1.3643	1.36428	1.36427	1.36426	1.36425	1.36423	1.36423	1.36422	1.36421	1.3642	1.36421	1.36421	1.36421	
1.38809	1.38809	1.3881	1.38811	1.38812	1.38812	1.38814	1.38816	1.38817	1.38817	1.3882	1.38822	1.38823	1.38825	1.38828	1.38831	1.38832	1.38834	1.38838	1.38842	1.38843	1.38845	1.38848	1.38852	1.38853	1.38854	1.38857	1.3886	1.3886	1.38861	1.38862	1.38864	1.38862	1.38861	1.38861	1.38861	1.38858	1.38855	1.38854	1.38852	1.38849	1.38845	1.38843	1.38841	1.38837	1.38834	1.38832	1.3883	1.38827	1.38824	1.38822	1.38821	1.38818	1.38816	1.38815	1.38814	1.38813	1.38811	1.38811	1.38811	1.3881	1.38809	1.38809	1.3881	1.38809	
1.41198	1.41198	1.41199	1.41199	1.412	1.412	1.41202	1.41203	1.41204	1.41204	1.41206	1.41208	1.41209	1.41211	1.41213	1.41216	1.41217	1.41218	1.41221	1.41224	1.41226	1.41227	1.4123	1.41233	1.41234	1.41235	1.41237	1.4124	1.4124	1.4124	1.41241	1.41242	1.41241	1.4124	1.4124	1.4124	1.41238	1.41236	1.41235	1.41233	1.4123	1.41228	1.41226	1.41224	1.41221	1.41218	1.41217	1.41215	1.41212	1.4121	1.41208	1.41207	1.41205	1.41204	1.41203	1.41202	1.41201	1.41199	1.41199	1.41199	1.41198	1.41197	1.41198	1.41198	1.41198	
1.43586	1.43586	1.43587	1.43588	1.43588	1.43588	1.43589	1.4359	1.43591	1.43592	1.43593	1.43595	1.43595	1.43596	1.43598	1.436	1.43602	1.43603	1.43605	1.43607	1.43608	1.43609	1.43612	1.43614	1.43615	1.43615	1.43617	1.43619	1.43619	1.43619	1.4362	1.43621	1.4362	1.4362	1.4362	1.43619	1.43618	1.43616	1.43615	1.43614	1.43612	1.4361	1.43609	1.43607	1.43605	1.43603	1.43601	1.436	1.43598	1.43596	1.43595	1.43594	1.43592	1.43591	1.4359	1.4359	1.43589	1.43588	1.43587	1.43587	1.43587	1.43586	1.43586	1.43586	1.43586	
1.45975	1.45975	1.45975	1.45976	1.45976	1.45976	1.45977	1.45977	1.45978	1.45978	1.45979	1.4598	1.45981	1.45981	1.45983	1.45984	1.45985	1.45986	1.45987	1.45989	1.4599	1.4599	1.45992	1.45993	1.45994	1.45994	1.45995	1.45997	1.45997	1.45997	1.45997	1.45998	1.45998	1.45997	1.45997	1.45997	1.45996	1.45995	1.45994	1.45994	1.45992	1.45991	1.4599	1.45989	1.45987	1.45986	1.45985	1.45984	1.45983	1.45981	1.4598	1.4598	1.45979	1.45978	1.45977	1.45977	1.45976	1.45976	1.45975	1.45975	1.45975	1.45974	1.45975	1.45975	1.45975	
1.48363	1.48363	1.48363	1.48363	1.48364	1.48364	1.48364	1.48364	1.48365	1.48365	1.48365	1.48366	1.48366	1.48366	1.48367	1.48368	1.48368	1.48369	1.4837	1.4837	1.48371	1.48371	1.48372	1.48373	1.48373	1.48373	1.48374	1.48374	1.48374	1.48374	1.48375	1.48375	1.48375	1.48375	1.48374	1.48374	1.48374	1.48373	1.48373	1.48373	1.48372	1.48371	1.48371	1.4837	1.4837	1.48369	1.48368	1.48368	1.48367	1.48366	1.48366	1.48366	1.48365	1.48365	1.48364	1.48364	1.48364	1.48364	1.48363	1.48363	1.48363	1.48363	1.48363	1.48363	1.48363	
1.50751	1.50751	1.50751	1.50751	1.50751	1.50751	1.50751	1.50751	1.50751	1.50751	1.50751	1.50751	1.50751	1.50751	1.50751	1.50751	1.50751	1.50751	1.50751	1.50751	1.50751	1.50751	1.50751	1.50751	1.50751	1.50751	1.50751	1.50751	1.50751	1.50751	1.50751	1.50751	1.50751	1.50751	1.50751	1.50751	1.50751	1.50751	1.50751	1.50751	1.50751	1.50751	1.50751	1.50751	1.50751	1.50751	1.50751	1.50751	1.50751	1.50751	1.50751	1.50751	1.50751	1.50751	1.50751	1.50751	1.50751	1.50751	1.50751	1.50751	1.50751	1.50751	1.50751	1.50751	1.50751	
