x=200	y=70	z=200	n=65	len=1
b
0.52763	0.52763	0.52763	0.52763	0.52763	0.52763	0.52763	0.52763	0.52763	0.52763	0.52763	0.52763	0.52763	0.52763	0.52763	0.52763	0.52763	0.52763	0.52763	0.52763	0.52763	0.52763	0.52763	0.52763	0.52763	0.52763	0.52763	0.52763	0.52763	0.52763	0.52763	0.52763	0.52763	0.52763	0.52763	0.52763	0.52763	0.52763	0.52763	0.52763	0.52763	0.52763	0.52763	0.52763	0.52763	0.52763	0.52763	0.52763	0.52763	0.52763	0.52763	0.52763	0.52763	0.52763	0.52763	0.52763	0.52763	0.52763	0.52763	0.52763	0.52763	0.52763	0.52763	0.52763	0.52763	
0.527943	0.527899	0.527912	0.527926	0.527826	0.527727	0.527629	0.527532	0.527316	0.5271	0.52685	0.5266	0.526231	0.525863	0.525418	0.524972	0.524378	0.523783	0.52327	0.522757	0.522222	0.521687	0.521885	0.522082	0.522677	0.523272	0.524057	0.524843	0.527156	0.52947	0.530607	0.531745	0.531679	0.531614	0.529729	0.527844	0.526102	0.52436	0.523182	0.522003	0.522302	0.522601	0.522472	0.522343	0.523062	0.523781	0.524093	0.524406	0.524894	0.525382	0.525745	0.526109	0.52636	0.526611	0.526893	0.527175	0.527273	0.527371	0.527572	0.527774	0.527781	0.527788	0.527888	0.527987	0.527943	
0.527878	0.527835	0.527843	0.527851	0.52775	0.527649	0.527546	0.527443	0.527232	0.527021	0.52676	0.526498	0.526118	0.525739	0.525271	0.524804	0.524182	0.523559	0.522996	0.522434	0.52185	0.521267	0.521355	0.521443	0.522032	0.522621	0.523205	0.523789	0.52572	0.527652	0.528929	0.530206	0.530373	0.530539	0.529046	0.527553	0.52595	0.524348	0.523074	0.521801	0.522047	0.522294	0.522122	0.521949	0.522743	0.523536	0.523858	0.52418	0.524714	0.525248	0.525622	0.525996	0.526266	0.526536	0.526821	0.527106	0.527213	0.527319	0.527511	0.527703	0.527715	0.527728	0.527824	0.52792	0.527878	
0.527812	0.52777	0.527773	0.527777	0.527674	0.527571	0.527462	0.527353	0.527148	0.526943	0.52667	0.526397	0.526006	0.525614	0.525125	0.524636	0.523986	0.523335	0.522723	0.522111	0.521478	0.520846	0.520825	0.520805	0.521387	0.521969	0.522352	0.522735	0.524285	0.525834	0.527251	0.528668	0.529066	0.529464	0.528363	0.527261	0.525798	0.524336	0.522967	0.521598	0.521793	0.521987	0.521772	0.521556	0.522424	0.523292	0.523623	0.523955	0.524534	0.525114	0.525499	0.525883	0.526172	0.526461	0.526749	0.527037	0.527152	0.527268	0.52745	0.527632	0.52765	0.527667	0.52776	0.527853	0.527812	
0.527802	0.527761	0.527763	0.527764	0.527662	0.527559	0.527448	0.527337	0.52713	0.526924	0.526646	0.526368	0.525972	0.525575	0.525075	0.524574	0.523906	0.523237	0.52258	0.521922	0.521233	0.520545	0.520378	0.520212	0.520746	0.521279	0.521702	0.522125	0.523674	0.525223	0.526764	0.528304	0.528856	0.529407	0.528758	0.528109	0.526551	0.524994	0.523263	0.521532	0.521584	0.521636	0.521394	0.521152	0.522104	0.523057	0.523423	0.523789	0.524413	0.525036	0.525437	0.525837	0.526138	0.526439	0.526729	0.52702	0.527139	0.527259	0.52744	0.527622	0.527641	0.52766	0.527751	0.527843	0.527802	
0.527792	0.527752	0.527752	0.527752	0.52765	0.527547	0.527434	0.527321	0.527113	0.526905	0.526622	0.526339	0.525938	0.525537	0.525025	0.524513	0.523826	0.523139	0.522436	0.521733	0.520989	0.520244	0.519931	0.519619	0.520104	0.52059	0.521052	0.521515	0.523063	0.524612	0.526276	0.527941	0.528645	0.52935	0.529153	0.528957	0.527304	0.525652	0.523559	0.521467	0.521376	0.521285	0.521016	0.520747	0.521784	0.522821	0.523222	0.523623	0.524291	0.524959	0.525374	0.52579	0.526103	0.526417	0.52671	0.527003	0.527126	0.52725	0.527431	0.527612	0.527632	0.527653	0.527743	0.527833	0.527792	
0.527814	0.527774	0.527773	0.527771	0.527671	0.527571	0.527457	0.527344	0.527137	0.52693	0.526643	0.526357	0.525952	0.525546	0.525023	0.5245	0.523804	0.523108	0.522373	0.521638	0.520845	0.520051	0.519609	0.519167	0.519533	0.519899	0.520417	0.520935	0.522593	0.524251	0.526121	0.52799	0.529017	0.530044	0.53016	0.530275	0.528256	0.526237	0.52376	0.521282	0.520974	0.520667	0.520481	0.520295	0.521417	0.522539	0.523007	0.523475	0.524188	0.524901	0.525333	0.525766	0.526101	0.526437	0.526734	0.527031	0.527157	0.527283	0.527461	0.527639	0.527661	0.527682	0.527768	0.527854	0.527814	
0.527836	0.527796	0.527794	0.527791	0.527692	0.527594	0.527481	0.527367	0.527161	0.526955	0.526665	0.526374	0.525965	0.525556	0.525022	0.524488	0.523782	0.523076	0.52231	0.521543	0.520701	0.519858	0.519287	0.518715	0.518962	0.519208	0.519782	0.520355	0.522123	0.52389	0.525965	0.528039	0.529389	0.530739	0.531166	0.531593	0.529208	0.526823	0.52396	0.521097	0.520573	0.520049	0.519946	0.519843	0.52105	0.522257	0.522792	0.523327	0.524085	0.524843	0.525293	0.525742	0.526099	0.526457	0.526758	0.527059	0.527188	0.527317	0.527492	0.527667	0.527689	0.527712	0.527794	0.527875	0.527836	
0.527888	0.527849	0.527847	0.527844	0.527749	0.527654	0.527545	0.527435	0.527238	0.527041	0.526761	0.526481	0.526085	0.52569	0.525152	0.524614	0.523913	0.523213	0.522388	0.521564	0.520672	0.51978	0.519107	0.518434	0.518508	0.518582	0.519139	0.519697	0.521643	0.523589	0.525996	0.528403	0.530006	0.531608	0.531977	0.532346	0.529695	0.527043	0.523745	0.520446	0.519883	0.51932	0.519389	0.519457	0.520739	0.522021	0.522636	0.523251	0.524037	0.524822	0.525304	0.525786	0.526153	0.526521	0.526824	0.527128	0.527257	0.527386	0.527557	0.527728	0.527748	0.527768	0.527848	0.527928	0.527888	
0.527941	0.527902	0.5279	0.527898	0.527806	0.527714	0.527609	0.527504	0.527315	0.527126	0.526857	0.526588	0.526206	0.525823	0.525281	0.52474	0.524045	0.523349	0.522467	0.521585	0.520643	0.519701	0.518927	0.518154	0.518054	0.517955	0.518497	0.519039	0.521164	0.523288	0.526028	0.528767	0.530622	0.532477	0.532788	0.5331	0.530182	0.527264	0.523529	0.519795	0.519193	0.518591	0.518831	0.519071	0.520428	0.521785	0.52248	0.523174	0.523988	0.524801	0.525315	0.525829	0.526207	0.526585	0.526891	0.527197	0.527326	0.527455	0.527622	0.527789	0.527807	0.527825	0.527903	0.52798	0.527941	
0.528004	0.527964	0.527963	0.527961	0.527873	0.527785	0.527685	0.527585	0.527405	0.527225	0.526965	0.526705	0.526339	0.525974	0.525444	0.524914	0.524234	0.523554	0.522664	0.521774	0.520786	0.519799	0.518905	0.518011	0.517743	0.517475	0.517833	0.51819	0.520397	0.522603	0.525703	0.528803	0.530796	0.532788	0.53297	0.533153	0.52984	0.526526	0.522602	0.518677	0.518263	0.517849	0.51832	0.518792	0.520214	0.521637	0.522393	0.523149	0.524001	0.524852	0.525392	0.525932	0.526309	0.526687	0.52699	0.527294	0.527418	0.527543	0.527704	0.527864	0.52788	0.527896	0.527969	0.528043	0.528004	
0.528066	0.528027	0.528026	0.528025	0.527941	0.527857	0.527762	0.527667	0.527496	0.527324	0.527073	0.526821	0.526473	0.526125	0.525606	0.525087	0.524423	0.523759	0.52286	0.521962	0.52093	0.519898	0.518883	0.517868	0.517432	0.516996	0.517169	0.517342	0.51963	0.521918	0.525379	0.528839	0.530969	0.533099	0.533153	0.533206	0.529498	0.525789	0.521674	0.517559	0.517333	0.517107	0.51781	0.518512	0.520001	0.521489	0.522306	0.523124	0.524014	0.524903	0.525469	0.526034	0.526412	0.526789	0.52709	0.527391	0.527511	0.527631	0.527786	0.52794	0.527953	0.527966	0.528036	0.528106	0.528066	
0.528146	0.528106	0.528106	0.528106	0.528027	0.527948	0.52786	0.527772	0.527612	0.527452	0.527215	0.526977	0.526649	0.526322	0.52582	0.525319	0.524687	0.524055	0.523155	0.522255	0.521238	0.520221	0.519042	0.517862	0.517292	0.516721	0.516596	0.516471	0.518463	0.520455	0.524093	0.527731	0.530059	0.532387	0.531488	0.530589	0.526635	0.522682	0.519503	0.516325	0.51643	0.516535	0.517451	0.518366	0.519903	0.52144	0.522352	0.523264	0.524177	0.525091	0.525656	0.526221	0.526585	0.526949	0.527238	0.527527	0.527638	0.527749	0.527894	0.528038	0.528047	0.528056	0.528121	0.528186	0.528146	
0.528226	0.528186	0.528187	0.528188	0.528113	0.528039	0.527958	0.527877	0.527729	0.52758	0.527357	0.527133	0.526825	0.526518	0.526034	0.52555	0.52495	0.52435	0.523449	0.522549	0.521546	0.520544	0.519201	0.517857	0.517152	0.516447	0.516024	0.5156	0.517297	0.518993	0.522808	0.526622	0.529148	0.531675	0.529823	0.527971	0.523773	0.519575	0.517333	0.515091	0.515527	0.515963	0.517091	0.51822	0.519806	0.521392	0.522398	0.523403	0.524341	0.525279	0.525844	0.526408	0.526759	0.52711	0.527387	0.527664	0.527765	0.527867	0.528002	0.528137	0.528141	0.528146	0.528206	0.528266	0.528226	
0.528313	0.528273	0.528275	0.528277	0.528207	0.528138	0.528066	0.527993	0.527858	0.527722	0.527516	0.527309	0.527027	0.526745	0.526287	0.525829	0.525267	0.524705	0.523828	0.522952	0.521987	0.521022	0.519646	0.51827	0.517315	0.51636	0.515666	0.514972	0.516062	0.517152	0.519997	0.522841	0.525209	0.527577	0.525064	0.52255	0.519454	0.516358	0.515206	0.514054	0.514844	0.515634	0.516924	0.518215	0.519904	0.521594	0.522695	0.523796	0.524685	0.525574	0.526115	0.526657	0.526984	0.527311	0.527569	0.527826	0.527914	0.528002	0.528125	0.528247	0.528246	0.528245	0.528299	0.528354	0.528313	
0.528401	0.52836	0.528363	0.528365	0.528302	0.528238	0.528174	0.528109	0.527987	0.527864	0.527675	0.527486	0.527228	0.526971	0.526539	0.526107	0.525583	0.525059	0.524207	0.523356	0.522428	0.5215	0.520091	0.518682	0.517478	0.516273	0.515308	0.514343	0.514827	0.51531	0.517185	0.51906	0.52127	0.523479	0.520305	0.51713	0.515136	0.513141	0.513079	0.513017	0.514161	0.515305	0.516757	0.51821	0.520003	0.521796	0.522992	0.524188	0.525028	0.525868	0.526387	0.526906	0.527209	0.527512	0.52775	0.527989	0.528063	0.528138	0.528248	0.528357	0.528351	0.528344	0.528393	0.528442	0.528401	
0.528495	0.528454	0.528458	0.528462	0.528404	0.528346	0.528291	0.528236	0.528128	0.528019	0.527851	0.527683	0.527453	0.527223	0.526826	0.52643	0.525951	0.525472	0.524664	0.523855	0.522976	0.522097	0.520703	0.519309	0.518057	0.516806	0.515421	0.514036	0.513744	0.513453	0.51438	0.515307	0.517203	0.519099	0.515863	0.512628	0.51164	0.510653	0.51155	0.512447	0.513868	0.515288	0.517083	0.518878	0.520673	0.522468	0.523589	0.524709	0.525485	0.52626	0.526739	0.527218	0.527485	0.527752	0.527964	0.528175	0.528232	0.528289	0.528384	0.528478	0.528465	0.528452	0.528494	0.528536	0.528495	
0.52859	0.528549	0.528553	0.528558	0.528506	0.528455	0.528409	0.528363	0.528269	0.528175	0.528027	0.52788	0.527677	0.527475	0.527114	0.526753	0.526319	0.525885	0.52512	0.524355	0.523525	0.522695	0.521316	0.519936	0.518637	0.517338	0.515534	0.513729	0.512662	0.511595	0.511574	0.511553	0.513135	0.514718	0.511422	0.508125	0.508145	0.508165	0.510021	0.511878	0.513575	0.515272	0.517409	0.519547	0.521344	0.523141	0.524186	0.52523	0.525941	0.526652	0.527091	0.52753	0.527762	0.527993	0.528177	0.52836	0.528401	0.528441	0.52852	0.528599	0.528579	0.528559	0.528595	0.528631	0.52859	
0.528686	0.528645	0.528651	0.528656	0.528611	0.528566	0.52853	0.528495	0.528415	0.528336	0.528211	0.528087	0.527913	0.527739	0.527421	0.527103	0.526715	0.526327	0.525628	0.524928	0.524146	0.523365	0.522042	0.520719	0.519399	0.51808	0.516045	0.51401	0.512111	0.510212	0.509604	0.508995	0.510296	0.511596	0.508621	0.505646	0.506282	0.506918	0.509411	0.511903	0.514139	0.516376	0.518529	0.520682	0.522319	0.523955	0.524903	0.525851	0.526483	0.527114	0.527494	0.527874	0.528063	0.528252	0.528403	0.528553	0.528575	0.528597	0.528659	0.528722	0.528695	0.528669	0.528698	0.528727	0.528686	
0.528782	0.528741	0.528748	0.528755	0.528716	0.528677	0.528651	0.528626	0.528561	0.528497	0.528396	0.528295	0.528149	0.528003	0.527728	0.527453	0.527111	0.526769	0.526135	0.525502	0.524768	0.524034	0.522768	0.521501	0.520161	0.518821	0.516556	0.51429	0.51156	0.508829	0.507633	0.506437	0.507456	0.508475	0.505821	0.503168	0.504419	0.505671	0.5088	0.511929	0.514704	0.51748	0.519649	0.521818	0.523294	0.52477	0.525621	0.526473	0.527025	0.527577	0.527897	0.528217	0.528364	0.528511	0.528629	0.528746	0.52875	0.528754	0.528799	0.528844	0.528811	0.528778	0.528801	0.528823	0.528782	
0.528878	0.528837	0.528846	0.528854	0.528822	0.52879	0.528775	0.52876	0.528711	0.528661	0.528585	0.528508	0.528392	0.528275	0.528047	0.527819	0.527523	0.527227	0.526671	0.526115	0.525425	0.524735	0.523544	0.522353	0.520952	0.51955	0.517321	0.515091	0.511626	0.508162	0.506734	0.505307	0.506224	0.507142	0.504748	0.502355	0.503897	0.505439	0.509523	0.513607	0.516374	0.51914	0.521091	0.523042	0.524366	0.52569	0.52642	0.527149	0.527606	0.528063	0.528314	0.528565	0.528669	0.528772	0.528854	0.528937	0.528922	0.528908	0.528936	0.528965	0.528926	0.528887	0.528903	0.528919	0.528878	
0.528974	0.528934	0.528944	0.528954	0.528928	0.528903	0.528898	0.528894	0.52886	0.528826	0.528774	0.528722	0.528634	0.528547	0.528366	0.528185	0.527935	0.527685	0.527207	0.526729	0.526082	0.525436	0.524321	0.523206	0.521742	0.520279	0.518085	0.515892	0.511693	0.507495	0.505836	0.504177	0.504993	0.505808	0.503675	0.501542	0.503375	0.505207	0.510246	0.515286	0.518043	0.520801	0.522533	0.524266	0.525438	0.526609	0.527218	0.527826	0.528188	0.528549	0.528731	0.528913	0.528973	0.529032	0.52908	0.529127	0.529095	0.529062	0.529074	0.529086	0.529041	0.528996	0.529005	0.529015	0.528974	
0.529067	0.529028	0.529039	0.52905	0.529032	0.529014	0.529019	0.529025	0.529007	0.528988	0.528961	0.528933	0.528874	0.528815	0.528683	0.528551	0.528347	0.528143	0.527749	0.527355	0.526749	0.526143	0.525119	0.524096	0.522542	0.520988	0.518808	0.516629	0.512	0.507371	0.505739	0.504107	0.504976	0.505846	0.504307	0.502769	0.505119	0.507469	0.512499	0.51753	0.520024	0.522518	0.524022	0.525527	0.526526	0.527526	0.527992	0.528458	0.528731	0.529003	0.529117	0.529231	0.529252	0.529272	0.529287	0.529302	0.529254	0.529206	0.529202	0.529198	0.529148	0.529099	0.529102	0.529106	0.529067	
0.529159	0.529121	0.529134	0.529147	0.529136	0.529125	0.529141	0.529157	0.529154	0.52915	0.529147	0.529144	0.529114	0.529084	0.529	0.528917	0.528759	0.528602	0.528291	0.527981	0.527416	0.526851	0.525918	0.524985	0.523341	0.521696	0.519531	0.517366	0.512306	0.507247	0.505642	0.504037	0.50496	0.505883	0.504939	0.503996	0.506863	0.50973	0.514752	0.519774	0.522005	0.524236	0.525512	0.526787	0.527615	0.528442	0.528766	0.529089	0.529274	0.529458	0.529503	0.529549	0.529531	0.529512	0.529494	0.529476	0.529413	0.529349	0.52933	0.529311	0.529256	0.529202	0.529199	0.529198	0.529159	
0.529247	0.529211	0.529225	0.52924	0.529235	0.529231	0.529257	0.529283	0.529295	0.529307	0.529326	0.529345	0.529345	0.529344	0.529307	0.52927	0.529163	0.529056	0.528828	0.528599	0.528095	0.527591	0.526755	0.525919	0.524247	0.522575	0.520429	0.518283	0.513584	0.508885	0.50796	0.507036	0.508155	0.509274	0.509107	0.50894	0.511497	0.514054	0.518002	0.52195	0.523895	0.52584	0.526871	0.527902	0.528559	0.529216	0.529417	0.529618	0.52973	0.529841	0.529829	0.529818	0.529768	0.529719	0.529674	0.529629	0.529553	0.529477	0.529445	0.529413	0.529355	0.529297	0.52929	0.529283	0.529247	
0.529335	0.5293	0.529316	0.529332	0.529335	0.529338	0.529373	0.529408	0.529436	0.529463	0.529505	0.529547	0.529575	0.529604	0.529613	0.529622	0.529566	0.52951	0.529364	0.529218	0.528775	0.528331	0.527592	0.526852	0.525153	0.523454	0.521328	0.519201	0.514862	0.510523	0.510279	0.510035	0.51135	0.512664	0.513274	0.513884	0.516131	0.518377	0.521252	0.524126	0.525786	0.527445	0.52823	0.529016	0.529503	0.529989	0.530068	0.530147	0.530186	0.530224	0.530156	0.530087	0.530006	0.529926	0.529854	0.529781	0.529693	0.529605	0.52956	0.529516	0.529454	0.529392	0.529381	0.529369	0.529335	
0.529415	0.529383	0.5294	0.529418	0.529427	0.529437	0.52948	0.529523	0.529565	0.529606	0.529667	0.529729	0.529785	0.529842	0.529893	0.529944	0.52994	0.529937	0.529869	0.529801	0.529443	0.529085	0.528464	0.527843	0.526223	0.524602	0.522615	0.520628	0.517217	0.513805	0.514005	0.514205	0.515026	0.515846	0.51678	0.517714	0.519527	0.521339	0.523592	0.525845	0.527267	0.528688	0.529258	0.529827	0.530194	0.53056	0.530551	0.530543	0.53053	0.530517	0.530407	0.530298	0.530195	0.530092	0.53	0.529908	0.529811	0.529714	0.52966	0.529605	0.529541	0.529477	0.529462	0.529447	0.529415	
0.529495	0.529465	0.529484	0.529503	0.529519	0.529535	0.529587	0.529639	0.529694	0.529749	0.52983	0.529912	0.529996	0.53008	0.530172	0.530265	0.530314	0.530364	0.530374	0.530385	0.530112	0.529839	0.529336	0.528834	0.527292	0.52575	0.523903	0.522056	0.519571	0.517086	0.517731	0.518376	0.518702	0.519028	0.520286	0.521544	0.522923	0.524301	0.525933	0.527565	0.528748	0.529931	0.530285	0.530638	0.530885	0.531131	0.531034	0.530938	0.530873	0.530809	0.530659	0.530509	0.530384	0.530258	0.530146	0.530034	0.529928	0.529823	0.529759	0.529695	0.529629	0.529562	0.529544	0.529525	0.529495	
0.529566	0.529539	0.529559	0.529579	0.529601	0.529623	0.529681	0.529739	0.529806	0.529873	0.52997	0.530067	0.530176	0.530284	0.530409	0.530534	0.530635	0.530735	0.530811	0.530887	0.530724	0.53056	0.530189	0.529817	0.528493	0.527169	0.525534	0.523899	0.521984	0.520069	0.520517	0.520965	0.520936	0.520907	0.522376	0.523844	0.524998	0.526152	0.527436	0.528721	0.529741	0.530762	0.530978	0.531195	0.53136	0.531526	0.531372	0.531219	0.531119	0.531018	0.530843	0.530668	0.530527	0.530386	0.530261	0.530135	0.530024	0.529912	0.529842	0.529771	0.529704	0.529636	0.529615	0.529593	0.529566	
0.529637	0.529612	0.529634	0.529655	0.529682	0.52971	0.529775	0.529839	0.529918	0.529997	0.53011	0.530223	0.530355	0.530488	0.530646	0.530804	0.530955	0.531106	0.531248	0.53139	0.531336	0.531282	0.531041	0.5308	0.529694	0.528587	0.527165	0.525742	0.524396	0.523051	0.523302	0.523554	0.52317	0.522786	0.524465	0.526145	0.527074	0.528003	0.52894	0.529878	0.530735	0.531592	0.531672	0.531751	0.531836	0.53192	0.53171	0.5315	0.531364	0.531228	0.531027	0.530826	0.53067	0.530514	0.530375	0.530236	0.530119	0.530001	0.529924	0.529847	0.529779	0.52971	0.529686	0.529662	0.529637	
0.529697	0.529674	0.529697	0.529719	0.529751	0.529783	0.529852	0.529921	0.530009	0.530097	0.53022	0.530344	0.530493	0.530643	0.530823	0.531003	0.531193	0.531382	0.531573	0.531765	0.531808	0.531851	0.531746	0.53164	0.530787	0.529934	0.528797	0.527661	0.526622	0.525583	0.525527	0.52547	0.524943	0.524416	0.526044	0.527672	0.528414	0.529155	0.529904	0.530653	0.531402	0.532151	0.532149	0.532147	0.532168	0.53219	0.531945	0.531701	0.531536	0.531372	0.531155	0.530939	0.530773	0.530606	0.53046	0.530313	0.530192	0.530071	0.52999	0.529909	0.52984	0.529771	0.529745	0.52972	0.529697	
0.529757	0.529737	0.52976	0.529782	0.529819	0.529855	0.529929	0.530003	0.5301	0.530196	0.53033	0.530464	0.530632	0.530799	0.531001	0.531203	0.531431	0.531658	0.531899	0.532139	0.53228	0.532421	0.53245	0.53248	0.53188	0.531281	0.53043	0.52958	0.528848	0.528116	0.527751	0.527385	0.526715	0.526045	0.527623	0.5292	0.529754	0.530308	0.530868	0.531428	0.532069	0.53271	0.532627	0.532543	0.532501	0.532459	0.53218	0.531902	0.531709	0.531516	0.531284	0.531052	0.530875	0.530698	0.530544	0.53039	0.530265	0.530141	0.530056	0.529971	0.529901	0.529832	0.529804	0.529777	0.529757	
0.529804	0.529786	0.529809	0.529833	0.529872	0.529911	0.529988	0.530064	0.530166	0.530268	0.530407	0.530547	0.530725	0.530903	0.531117	0.531332	0.531584	0.531836	0.532107	0.532378	0.532587	0.532797	0.53292	0.533044	0.532673	0.532303	0.53171	0.531118	0.530575	0.530031	0.52953	0.529029	0.528454	0.527878	0.52918	0.530482	0.53084	0.531199	0.531634	0.53207	0.532597	0.533123	0.53298	0.532836	0.532737	0.532638	0.532337	0.532037	0.531822	0.531608	0.531366	0.531125	0.530942	0.530759	0.530601	0.530443	0.530317	0.53019	0.530104	0.530017	0.529948	0.529879	0.529851	0.529823	0.529804	
0.529852	0.529835	0.529859	0.529883	0.529925	0.529967	0.530046	0.530125	0.530232	0.530339	0.530484	0.530629	0.530818	0.531006	0.531234	0.531461	0.531737	0.532014	0.532315	0.532616	0.532894	0.533172	0.53339	0.533608	0.533466	0.533325	0.53299	0.532656	0.532301	0.531946	0.53131	0.530673	0.530192	0.529711	0.530738	0.531764	0.531927	0.53209	0.532401	0.532712	0.533124	0.533536	0.533333	0.533129	0.532973	0.532817	0.532494	0.532171	0.531935	0.5317	0.531449	0.531199	0.531009	0.530819	0.530657	0.530496	0.530368	0.53024	0.530151	0.530063	0.529994	0.529926	0.529897	0.529868	0.529852	
0.529885	0.52987	0.529894	0.529918	0.529962	0.530005	0.530085	0.530165	0.530274	0.530384	0.530531	0.530678	0.530872	0.531066	0.531299	0.531532	0.531821	0.532109	0.532425	0.532741	0.533061	0.533382	0.533655	0.533927	0.533943	0.533959	0.533796	0.533633	0.533463	0.533294	0.532719	0.532145	0.531994	0.531844	0.532483	0.533122	0.533113	0.533105	0.533257	0.533408	0.53364	0.533873	0.533614	0.533355	0.53314	0.532925	0.532589	0.532253	0.532002	0.53175	0.531496	0.531241	0.531046	0.530852	0.53069	0.530528	0.530399	0.53027	0.530182	0.530093	0.530025	0.529958	0.529929	0.5299	0.529885	
0.529918	0.529904	0.529929	0.529953	0.529998	0.530043	0.530124	0.530204	0.530316	0.530428	0.530578	0.530728	0.530926	0.531125	0.531364	0.531603	0.531904	0.532205	0.532535	0.532866	0.533229	0.533592	0.533919	0.534247	0.53442	0.534594	0.534602	0.534609	0.534625	0.534641	0.534129	0.533617	0.533797	0.533976	0.534228	0.534479	0.5343	0.534121	0.534113	0.534105	0.534157	0.534209	0.533895	0.53358	0.533306	0.533033	0.532684	0.532335	0.532068	0.531801	0.531542	0.531283	0.531084	0.530885	0.530722	0.530559	0.53043	0.530301	0.530212	0.530123	0.530056	0.529989	0.52996	0.529931	0.529918	
0.529937	0.529925	0.529949	0.529973	0.530018	0.530064	0.530144	0.530225	0.530337	0.530449	0.5306	0.53075	0.53095	0.53115	0.53139	0.53163	0.531935	0.532241	0.532575	0.532909	0.533293	0.533677	0.534029	0.534381	0.534654	0.534928	0.535045	0.535161	0.535331	0.5355	0.535169	0.534839	0.535283	0.535727	0.535652	0.535577	0.53526	0.534943	0.534781	0.53462	0.534511	0.534402	0.534048	0.533693	0.533384	0.533075	0.53272	0.532365	0.532085	0.531804	0.531549	0.531294	0.531094	0.530894	0.530733	0.530571	0.530443	0.530315	0.530227	0.530138	0.530072	0.530006	0.529977	0.529948	0.529937	
0.529956	0.529945	0.529969	0.529993	0.530039	0.530085	0.530165	0.530245	0.530358	0.530471	0.530621	0.530772	0.530974	0.531176	0.531416	0.531657	0.531966	0.532276	0.532614	0.532953	0.533358	0.533763	0.534139	0.534515	0.534889	0.535262	0.535488	0.535713	0.536036	0.536359	0.53621	0.536061	0.536769	0.537478	0.537076	0.536674	0.536219	0.535764	0.53545	0.535136	0.534866	0.534596	0.5342	0.533805	0.533461	0.533117	0.532757	0.532396	0.532101	0.531807	0.531556	0.531305	0.531104	0.530903	0.530744	0.530584	0.530457	0.530329	0.530241	0.530153	0.530087	0.530022	0.529994	0.529966	0.529956	
0.529962	0.529953	0.529977	0.530001	0.530046	0.530092	0.53017	0.530249	0.53036	0.53047	0.530615	0.53076	0.530954	0.531148	0.531376	0.531605	0.531904	0.532203	0.532528	0.532853	0.533259	0.533664	0.534047	0.53443	0.534908	0.535386	0.535675	0.535964	0.536375	0.536786	0.536759	0.536731	0.537478	0.538224	0.537671	0.537118	0.536617	0.536116	0.535741	0.535366	0.535011	0.534656	0.534231	0.533807	0.533415	0.533024	0.532674	0.532325	0.532034	0.531744	0.531501	0.531259	0.531063	0.530866	0.530713	0.53056	0.530439	0.530318	0.530235	0.530152	0.530089	0.530026	0.529999	0.529971	0.529962	
0.529969	0.529961	0.529985	0.530008	0.530053	0.530098	0.530176	0.530254	0.530362	0.53047	0.530608	0.530747	0.530933	0.53112	0.531336	0.531553	0.531842	0.53213	0.532442	0.532754	0.533159	0.533565	0.533955	0.534344	0.534926	0.535509	0.535862	0.536215	0.536715	0.537214	0.537308	0.537401	0.538186	0.538971	0.538267	0.537563	0.537015	0.536467	0.536031	0.535596	0.535156	0.534716	0.534263	0.533809	0.53337	0.53293	0.532592	0.532254	0.531967	0.531681	0.531447	0.531213	0.531021	0.53083	0.530683	0.530537	0.530422	0.530307	0.530229	0.530151	0.530091	0.530031	0.530004	0.529977	0.529969	
0.529951	0.529945	0.529967	0.52999	0.530032	0.530075	0.530149	0.530223	0.530327	0.53043	0.530564	0.530697	0.530877	0.531056	0.531264	0.531473	0.531751	0.532029	0.532328	0.532627	0.533022	0.533418	0.533798	0.534178	0.534713	0.535249	0.53563	0.536011	0.536598	0.537185	0.53735	0.537514	0.53812	0.538725	0.538056	0.537387	0.536914	0.53644	0.535958	0.535476	0.534967	0.534458	0.534033	0.533608	0.533201	0.532794	0.532471	0.532149	0.531871	0.531592	0.531371	0.531149	0.530964	0.530779	0.53064	0.5305	0.530387	0.530274	0.530199	0.530123	0.530065	0.530007	0.529982	0.529957	0.529951	
0.529932	0.529929	0.52995	0.529971	0.530011	0.530052	0.530123	0.530193	0.530292	0.53039	0.530519	0.530647	0.53082	0.530992	0.531192	0.531392	0.531659	0.531927	0.532213	0.5325	0.532885	0.53327	0.533641	0.534011	0.5345	0.534988	0.535398	0.535808	0.536481	0.537155	0.537391	0.537627	0.538053	0.538479	0.537845	0.537212	0.536812	0.536412	0.535884	0.535356	0.534778	0.5342	0.533803	0.533406	0.533032	0.532658	0.532351	0.532044	0.531774	0.531504	0.531295	0.531085	0.530907	0.530729	0.530596	0.530463	0.530352	0.530242	0.530169	0.530096	0.530039	0.529983	0.529959	0.529936	0.529932	
0.529895	0.529891	0.529912	0.529932	0.529971	0.530009	0.530077	0.530145	0.530238	0.530332	0.530453	0.530575	0.530737	0.530899	0.531087	0.531274	0.531524	0.531774	0.53204	0.532306	0.532663	0.53302	0.533361	0.533702	0.534163	0.534623	0.534992	0.53536	0.535941	0.536522	0.536646	0.53677	0.537077	0.537384	0.536863	0.536342	0.536037	0.535731	0.53526	0.534788	0.534332	0.533876	0.533502	0.533128	0.532785	0.532442	0.532156	0.531871	0.531621	0.531372	0.531176	0.530979	0.530812	0.530645	0.53052	0.530396	0.530291	0.530187	0.530119	0.53005	0.529996	0.529942	0.52992	0.529898	0.529895	
0.529857	0.529854	0.529873	0.529893	0.52993	0.529966	0.530031	0.530096	0.530185	0.530273	0.530388	0.530502	0.530654	0.530806	0.530981	0.531156	0.531388	0.531621	0.531866	0.532112	0.53244	0.532769	0.533081	0.533394	0.533826	0.534259	0.534586	0.534913	0.535401	0.535889	0.535901	0.535913	0.536101	0.536289	0.535881	0.535473	0.535261	0.535049	0.534635	0.534221	0.533887	0.533552	0.533201	0.53285	0.532538	0.532226	0.531962	0.531697	0.531469	0.53124	0.531057	0.530874	0.530718	0.530562	0.530445	0.530328	0.53023	0.530132	0.530068	0.530005	0.529953	0.529902	0.529881	0.52986	0.529857	
0.529805	0.529802	0.529821	0.52984	0.529874	0.529909	0.52997	0.530031	0.530114	0.530197	0.530304	0.530411	0.530553	0.530694	0.530856	0.531019	0.531233	0.531448	0.531673	0.531897	0.532199	0.5325	0.532781	0.533061	0.53345	0.533839	0.534121	0.534403	0.534826	0.53525	0.535284	0.535317	0.535483	0.53565	0.535287	0.534925	0.534737	0.534549	0.534184	0.533819	0.53351	0.5332	0.532883	0.532566	0.532282	0.531999	0.531757	0.531515	0.531304	0.531092	0.530923	0.530754	0.530608	0.530463	0.530354	0.530245	0.530154	0.530062	0.530002	0.529943	0.529894	0.529846	0.529826	0.529807	0.529805	
0.529752	0.529751	0.529769	0.529787	0.529819	0.529851	0.529908	0.529966	0.530043	0.53012	0.53022	0.53032	0.530451	0.530582	0.530732	0.530881	0.531078	0.531276	0.531479	0.531683	0.531957	0.532231	0.53248	0.532728	0.533074	0.533419	0.533656	0.533893	0.534252	0.53461	0.534666	0.534722	0.534866	0.53501	0.534694	0.534378	0.534214	0.53405	0.533733	0.533417	0.533133	0.532848	0.532565	0.532283	0.532027	0.531771	0.531552	0.531333	0.531139	0.530945	0.530789	0.530634	0.530499	0.530364	0.530264	0.530163	0.530077	0.529991	0.529936	0.529881	0.529835	0.52979	0.529772	0.529754	0.529752	
0.529682	0.529681	0.529697	0.529714	0.529744	0.529773	0.529827	0.529881	0.529952	0.530024	0.530116	0.530208	0.530329	0.530449	0.530586	0.530723	0.530902	0.531082	0.531266	0.53145	0.531696	0.531941	0.532163	0.532384	0.532687	0.532991	0.533197	0.533404	0.533707	0.534011	0.534056	0.534102	0.534222	0.534342	0.534086	0.53383	0.533686	0.533542	0.533262	0.532981	0.532734	0.532487	0.532234	0.531981	0.531753	0.531526	0.531327	0.531128	0.530953	0.530777	0.530635	0.530493	0.530369	0.530246	0.530153	0.530061	0.529981	0.529902	0.529851	0.5298	0.529757	0.529715	0.529699	0.529682	0.529682	
0.529611	0.52961	0.529626	0.529642	0.529669	0.529696	0.529746	0.529796	0.529862	0.529927	0.530012	0.530097	0.530207	0.530316	0.53044	0.530564	0.530726	0.530888	0.531052	0.531217	0.531434	0.531651	0.531846	0.53204	0.532301	0.532562	0.532738	0.532914	0.533163	0.533411	0.533447	0.533482	0.533578	0.533673	0.533477	0.533281	0.533158	0.533035	0.53279	0.532545	0.532336	0.532127	0.531903	0.531678	0.53148	0.531281	0.531102	0.530924	0.530767	0.53061	0.530481	0.530352	0.53024	0.530127	0.530043	0.529958	0.529885	0.529812	0.529766	0.529719	0.52968	0.52964	0.529625	0.529611	0.529611	
0.529522	0.529523	0.529537	0.529552	0.529577	0.529602	0.529648	0.529693	0.529754	0.529814	0.529891	0.529968	0.530068	0.530168	0.53028	0.530392	0.530538	0.530683	0.53083	0.530977	0.53117	0.531364	0.531533	0.531703	0.531932	0.53216	0.53231	0.532459	0.532671	0.532882	0.532911	0.53294	0.533016	0.533091	0.532931	0.532771	0.532667	0.532562	0.532351	0.532139	0.531959	0.531779	0.531581	0.531383	0.531207	0.531032	0.530872	0.530713	0.530572	0.530431	0.530314	0.530198	0.530096	0.529994	0.529917	0.52984	0.529773	0.529706	0.529664	0.529622	0.529585	0.529549	0.529535	0.529522	0.529522	
0.529434	0.529435	0.529448	0.529462	0.529484	0.529507	0.529549	0.529591	0.529646	0.5297	0.52977	0.52984	0.52993	0.53002	0.53012	0.53022	0.53035	0.530479	0.530608	0.530737	0.530906	0.531076	0.531221	0.531367	0.531562	0.531758	0.531881	0.532005	0.532179	0.532353	0.532376	0.532398	0.532454	0.53251	0.532385	0.532261	0.532175	0.532089	0.531911	0.531733	0.531582	0.53143	0.531259	0.531087	0.530935	0.530783	0.530642	0.530501	0.530376	0.530252	0.530148	0.530044	0.529952	0.52986	0.529791	0.529721	0.529661	0.5296	0.529562	0.529524	0.529491	0.529457	0.529445	0.529433	0.529434	
0.52933	0.529331	0.529343	0.529355	0.529376	0.529396	0.529434	0.529473	0.529522	0.529571	0.529634	0.529697	0.529778	0.529858	0.529948	0.530037	0.530152	0.530267	0.530381	0.530495	0.530644	0.530793	0.53092	0.531046	0.531215	0.531384	0.53149	0.531596	0.531743	0.531891	0.531909	0.531928	0.531976	0.532025	0.531919	0.531812	0.53174	0.531669	0.531516	0.531362	0.531232	0.531101	0.530951	0.530801	0.530667	0.530534	0.530409	0.530285	0.530174	0.530063	0.52997	0.529877	0.529795	0.529713	0.529651	0.529588	0.529534	0.529479	0.529445	0.52941	0.52938	0.52935	0.529339	0.529328	0.52933	
0.529225	0.529227	0.529238	0.529249	0.529267	0.529286	0.52932	0.529354	0.529398	0.529442	0.529498	0.529554	0.529625	0.529697	0.529776	0.529854	0.529955	0.530056	0.530155	0.530254	0.530382	0.530509	0.530618	0.530726	0.530868	0.53101	0.531098	0.531187	0.531307	0.531428	0.531443	0.531457	0.531499	0.531541	0.531452	0.531363	0.531306	0.531249	0.53112	0.530992	0.530882	0.530772	0.530643	0.530514	0.5304	0.530285	0.530177	0.530068	0.529971	0.529875	0.529793	0.529711	0.529638	0.529565	0.52951	0.529455	0.529406	0.529358	0.529327	0.529297	0.52927	0.529242	0.529233	0.529223	0.529225	
0.529107	0.52911	0.529119	0.529129	0.529145	0.529161	0.529192	0.529223	0.529262	0.529301	0.529351	0.5294	0.529463	0.529527	0.529596	0.529665	0.529753	0.529842	0.529928	0.530014	0.530126	0.530237	0.53033	0.530423	0.530545	0.530667	0.530742	0.530817	0.530919	0.53102	0.531034	0.531047	0.53108	0.531114	0.531042	0.530969	0.530919	0.530869	0.530759	0.53065	0.530555	0.530461	0.53035	0.530239	0.530139	0.53004	0.529945	0.529851	0.529766	0.529681	0.529609	0.529537	0.529473	0.529408	0.52936	0.529311	0.529268	0.529224	0.529198	0.529171	0.529146	0.529122	0.529113	0.529105	0.529107	
0.528989	0.528992	0.529	0.529009	0.529023	0.529037	0.529064	0.529091	0.529125	0.52916	0.529203	0.529246	0.529301	0.529356	0.529416	0.529476	0.529552	0.529629	0.529702	0.529775	0.52987	0.529965	0.530043	0.53012	0.530222	0.530324	0.530386	0.530448	0.53053	0.530613	0.530625	0.530637	0.530661	0.530686	0.530631	0.530576	0.530532	0.530489	0.530398	0.530308	0.530229	0.53015	0.530057	0.529963	0.529879	0.529795	0.529714	0.529634	0.52956	0.529487	0.529426	0.529364	0.529308	0.529251	0.529209	0.529167	0.529129	0.529091	0.529068	0.529045	0.529023	0.529001	0.528994	0.528986	0.528989	
0.52886	0.528863	0.52887	0.528877	0.52889	0.528902	0.528926	0.528949	0.528979	0.529009	0.529047	0.529085	0.529132	0.52918	0.529232	0.529283	0.529349	0.529415	0.529478	0.529541	0.529622	0.529703	0.52977	0.529836	0.529922	0.530009	0.530061	0.530113	0.530182	0.530252	0.530262	0.530271	0.530292	0.530313	0.530266	0.53022	0.530183	0.530146	0.53007	0.529995	0.529927	0.529859	0.52978	0.529701	0.529628	0.529555	0.529487	0.529418	0.529355	0.529291	0.529238	0.529185	0.529136	0.529087	0.529051	0.529015	0.528981	0.528948	0.528928	0.528908	0.528889	0.52887	0.528863	0.528857	0.52886	
0.528731	0.528733	0.52874	0.528746	0.528757	0.528767	0.528787	0.528808	0.528833	0.528859	0.528891	0.528923	0.528963	0.529004	0.529047	0.529091	0.529146	0.529202	0.529254	0.529307	0.529374	0.529442	0.529497	0.529552	0.529623	0.529693	0.529736	0.529778	0.529834	0.529891	0.529898	0.529905	0.529923	0.52994	0.529902	0.529863	0.529834	0.529804	0.529742	0.529681	0.529625	0.529568	0.529503	0.529438	0.529377	0.529316	0.529259	0.529202	0.529149	0.529095	0.529051	0.529006	0.528965	0.528923	0.528892	0.528862	0.528833	0.528805	0.528788	0.528771	0.528755	0.528738	0.528733	0.528728	0.528731	
0.528595	0.528597	0.528603	0.528608	0.528617	0.528626	0.528643	0.52866	0.528682	0.528704	0.528731	0.528758	0.528792	0.528827	0.528863	0.5289	0.528947	0.528994	0.529038	0.529082	0.529138	0.529195	0.52924	0.529286	0.529345	0.529404	0.529439	0.529474	0.52952	0.529566	0.529573	0.52958	0.529592	0.529605	0.529575	0.529545	0.529519	0.529493	0.529443	0.529392	0.529345	0.529297	0.529244	0.52919	0.529138	0.529087	0.52904	0.528992	0.528947	0.528901	0.528865	0.528828	0.528792	0.528756	0.528731	0.528706	0.528681	0.528657	0.528643	0.528629	0.528615	0.528601	0.528596	0.528592	0.528595	
0.528459	0.528461	0.528466	0.52847	0.528478	0.528485	0.528499	0.528513	0.528531	0.528549	0.528571	0.528593	0.528622	0.52865	0.528679	0.528709	0.528747	0.528785	0.528821	0.528856	0.528902	0.528948	0.528984	0.52902	0.529067	0.529114	0.529142	0.52917	0.529206	0.529241	0.529247	0.529254	0.529262	0.52927	0.529248	0.529227	0.529204	0.529182	0.529143	0.529104	0.529065	0.529026	0.528984	0.528942	0.5289	0.528857	0.52882	0.528783	0.528745	0.528708	0.528678	0.528649	0.52862	0.52859	0.52857	0.52855	0.528529	0.528509	0.528498	0.528487	0.528475	0.528463	0.52846	0.528456	0.528459	
0.52832	0.528322	0.528325	0.528329	0.528335	0.528341	0.528352	0.528364	0.528379	0.528393	0.528411	0.528429	0.528452	0.528475	0.528498	0.528522	0.528553	0.528584	0.528612	0.528641	0.528677	0.528714	0.528743	0.528773	0.52881	0.528847	0.52887	0.528892	0.52892	0.528948	0.528953	0.528958	0.528965	0.528971	0.528953	0.528936	0.528918	0.5289	0.528869	0.528838	0.528806	0.528775	0.528741	0.528708	0.528674	0.52864	0.52861	0.52858	0.52855	0.52852	0.528496	0.528473	0.528449	0.528425	0.528409	0.528393	0.528376	0.52836	0.528351	0.528342	0.528332	0.528323	0.52832	0.528317	0.52832	
0.52818	0.528182	0.528185	0.528188	0.528192	0.528197	0.528206	0.528215	0.528226	0.528237	0.528251	0.528265	0.528282	0.528299	0.528318	0.528336	0.528359	0.528382	0.528404	0.528426	0.528453	0.52848	0.528503	0.528525	0.528552	0.52858	0.528597	0.528614	0.528634	0.528655	0.528659	0.528663	0.528667	0.528672	0.528658	0.528645	0.528631	0.528618	0.528595	0.528572	0.528548	0.528524	0.528499	0.528474	0.528448	0.528422	0.5284	0.528378	0.528355	0.528332	0.528314	0.528297	0.528278	0.52826	0.528248	0.528236	0.528223	0.52821	0.528204	0.528197	0.52819	0.528182	0.52818	0.528178	0.52818	
0.528047	0.528049	0.528051	0.528053	0.528056	0.52806	0.528066	0.528073	0.528081	0.528089	0.5281	0.52811	0.528123	0.528136	0.528149	0.528163	0.52818	0.528197	0.528213	0.528229	0.52825	0.52827	0.528286	0.528303	0.528323	0.528343	0.528356	0.528368	0.528383	0.528398	0.528401	0.528404	0.528407	0.52841	0.5284	0.528391	0.52838	0.52837	0.528353	0.528336	0.528318	0.528301	0.528282	0.528264	0.528245	0.528226	0.52821	0.528193	0.528176	0.528159	0.528146	0.528133	0.52812	0.528106	0.528097	0.528088	0.528079	0.528069	0.528064	0.52806	0.528054	0.528049	0.528047	0.528046	0.528047	
0.527914	0.527915	0.527916	0.527918	0.52792	0.527922	0.527927	0.527931	0.527937	0.527942	0.527949	0.527955	0.527964	0.527972	0.527981	0.52799	0.528001	0.528012	0.528023	0.528033	0.528046	0.528059	0.52807	0.52808	0.528093	0.528106	0.528114	0.528122	0.528132	0.528141	0.528143	0.528145	0.528147	0.528148	0.528142	0.528136	0.528129	0.528122	0.528111	0.5281	0.528089	0.528078	0.528066	0.528054	0.528042	0.528029	0.528019	0.528008	0.527997	0.527986	0.527978	0.52797	0.527961	0.527952	0.527946	0.527941	0.527934	0.527928	0.527925	0.527922	0.527918	0.527915	0.527914	0.527913	0.527914	
0.5278	0.527801	0.527802	0.527803	0.527804	0.527805	0.527808	0.52781	0.527814	0.527817	0.527821	0.527825	0.52783	0.527835	0.52784	0.527845	0.527852	0.527858	0.527865	0.527871	0.527879	0.527886	0.527893	0.527899	0.527907	0.527914	0.527919	0.527924	0.527929	0.527935	0.527936	0.527937	0.527938	0.527939	0.527936	0.527932	0.527928	0.527924	0.527917	0.527911	0.527904	0.527897	0.52789	0.527883	0.527876	0.527869	0.527862	0.527856	0.52785	0.527843	0.527838	0.527833	0.527828	0.527823	0.527819	0.527816	0.527812	0.527809	0.527807	0.527805	0.527803	0.527801	0.5278	0.527799	0.5278	
0.527686	0.527687	0.527687	0.527687	0.527688	0.527688	0.527689	0.52769	0.527691	0.527692	0.527693	0.527694	0.527696	0.527697	0.527699	0.527701	0.527703	0.527705	0.527707	0.527709	0.527711	0.527714	0.527716	0.527718	0.52772	0.527722	0.527724	0.527725	0.527727	0.527729	0.527729	0.52773	0.52773	0.52773	0.527729	0.527728	0.527727	0.527726	0.527723	0.527721	0.527719	0.527717	0.527715	0.527712	0.52771	0.527708	0.527706	0.527704	0.527702	0.5277	0.527698	0.527697	0.527695	0.527694	0.527692	0.527691	0.52769	0.527689	0.527689	0.527688	0.527687	0.527687	0.527686	0.527686	0.527686	
0.52763	0.52763	0.52763	0.52763	0.52763	0.52763	0.52763	0.52763	0.52763	0.52763	0.52763	0.52763	0.52763	0.52763	0.52763	0.52763	0.52763	0.52763	0.52763	0.52763	0.52763	0.52763	0.52763	0.52763	0.52763	0.52763	0.52763	0.52763	0.52763	0.52763	0.52763	0.52763	0.52763	0.52763	0.52763	0.52763	0.52763	0.52763	0.52763	0.52763	0.52763	0.52763	0.52763	0.52763	0.52763	0.52763	0.52763	0.52763	0.52763	0.52763	0.52763	0.52763	0.52763	0.52763	0.52763	0.52763	0.52763	0.52763	0.52763	0.52763	0.52763	0.52763	0.52763	0.52763	0.52763	
