x=120	y=200	z=200	n=65	len=1
b
0	0	0	0	0	0	0	0	0	0	0	0	0	0	0	0	0	0	0	0	0	0	0	0	0	0	0	0	0	0	0	0	0	0	0	0	0	0	0	0	0	0	0	0	0	0	0	0	0	0	0	0	0	0	0	0	0	0	0	0	0	0	0	0	0	
0.0236462	0.0236441	0.02363	0.0236158	0.0236168	0.0236177	0.0236221	0.0236264	0.0236255	0.0236246	0.0236209	0.0236173	0.0236124	0.0236074	0.0236003	0.0235932	0.0235861	0.023579	0.0235701	0.0235611	0.023553	0.0235448	0.0235358	0.0235268	0.0235194	0.023512	0.0235053	0.0234986	0.0234941	0.0234897	0.0234869	0.0234842	0.0234839	0.0234836	0.0234853	0.0234871	0.0234909	0.0234947	0.0235003	0.0235059	0.0235129	0.0235198	0.0235279	0.0235359	0.0235444	0.0235529	0.0235614	0.0235699	0.0235779	0.0235858	0.0235934	0.0236011	0.0236073	0.0236136	0.0236226	0.0236316	0.0236367	0.0236419	0.0236551	0.0236684	0.023671	0.0236736	0.0236609	0.0236483	0.0236462	
0.0472976	0.0473039	0.0472879	0.0472718	0.0472692	0.0472665	0.047266	0.0472655	0.047261	0.0472564	0.0472474	0.0472384	0.0472284	0.0472184	0.0472043	0.0471901	0.0471763	0.0471626	0.047145	0.0471275	0.0471117	0.0470959	0.0470781	0.0470602	0.0470459	0.0470315	0.0470178	0.0470041	0.0469956	0.0469871	0.0469813	0.0469755	0.0469753	0.0469752	0.0469784	0.0469817	0.0469899	0.0469981	0.0470091	0.0470202	0.0470346	0.0470491	0.0470648	0.0470805	0.0470974	0.0471142	0.0471306	0.047147	0.0471626	0.0471782	0.0471927	0.0472073	0.0472199	0.0472324	0.0472471	0.0472617	0.0472701	0.0472786	0.0472938	0.047309	0.0473108	0.0473126	0.047302	0.0472913	0.0472976	
0.0709491	0.0709637	0.0709458	0.0709278	0.0709215	0.0709152	0.0709099	0.0709046	0.0708964	0.0708883	0.0708739	0.0708595	0.0708444	0.0708294	0.0708082	0.070787	0.0707666	0.0707461	0.07072	0.0706939	0.0706704	0.070647	0.0706203	0.0705936	0.0705723	0.070551	0.0705303	0.0705096	0.0704971	0.0704845	0.0704756	0.0704667	0.0704668	0.0704668	0.0704716	0.0704763	0.0704889	0.0705015	0.070518	0.0705345	0.0705564	0.0705783	0.0706017	0.0706252	0.0706504	0.0706756	0.0706998	0.0707241	0.0707474	0.0707706	0.070792	0.0708135	0.0708324	0.0708513	0.0708715	0.0708918	0.0709036	0.0709154	0.0709324	0.0709495	0.0709506	0.0709516	0.070943	0.0709344	0.0709491	
0.0946087	0.094626	0.0946122	0.0945984	0.0945908	0.0945832	0.094571	0.0945588	0.094547	0.0945352	0.0945152	0.0944953	0.0944756	0.094456	0.0944281	0.0944002	0.0943738	0.0943474	0.0943134	0.0942795	0.0942488	0.0942181	0.0941834	0.0941486	0.0941203	0.0940919	0.0940647	0.0940374	0.0940201	0.0940028	0.0939912	0.0939795	0.0939792	0.0939789	0.0939858	0.0939926	0.0940093	0.0940261	0.0940487	0.0940713	0.0941002	0.094129	0.0941599	0.0941909	0.0942238	0.0942568	0.0942884	0.09432	0.0943502	0.0943804	0.094408	0.0944356	0.0944602	0.0944849	0.0945081	0.0945312	0.0945461	0.0945611	0.0945753	0.0945895	0.0945931	0.0945967	0.094594	0.0945914	0.0946087	
0.118268	0.118288	0.118279	0.118269	0.11826	0.118251	0.118232	0.118213	0.118198	0.118182	0.118157	0.118131	0.118107	0.118083	0.118048	0.118013	0.117981	0.117949	0.117907	0.117865	0.117827	0.117789	0.117746	0.117704	0.117668	0.117633	0.117599	0.117565	0.117543	0.117521	0.117507	0.117492	0.117492	0.117491	0.1175	0.117509	0.11753	0.117551	0.117579	0.117608	0.117644	0.11768	0.117718	0.117757	0.117797	0.117838	0.117877	0.117916	0.117953	0.11799	0.118024	0.118058	0.118088	0.118119	0.118145	0.118171	0.118189	0.118207	0.118218	0.11823	0.118236	0.118242	0.118245	0.118248	0.118268	
0.14194	0.141953	0.141944	0.141935	0.141929	0.141922	0.141903	0.141883	0.141866	0.141849	0.141821	0.141792	0.141765	0.141738	0.141698	0.141658	0.14162	0.141583	0.141534	0.141486	0.141441	0.141397	0.141347	0.141296	0.141254	0.141213	0.141173	0.141133	0.141106	0.14108	0.141063	0.141046	0.141046	0.141045	0.141056	0.141067	0.141092	0.141117	0.141151	0.141184	0.141227	0.141269	0.141314	0.141359	0.141407	0.141455	0.141499	0.141544	0.141587	0.141631	0.141669	0.141707	0.141741	0.141775	0.141803	0.14183	0.141851	0.141872	0.141885	0.141898	0.141909	0.14192	0.141923	0.141926	0.14194	
0.165611	0.165618	0.16561	0.165602	0.165598	0.165593	0.165573	0.165552	0.165534	0.165516	0.165485	0.165454	0.165423	0.165393	0.165347	0.165302	0.165259	0.165217	0.165161	0.165106	0.165055	0.165005	0.164947	0.164889	0.164841	0.164792	0.164746	0.1647	0.16467	0.16464	0.16462	0.1646	0.164599	0.164599	0.164612	0.164624	0.164654	0.164683	0.164722	0.164761	0.16481	0.164859	0.164911	0.164962	0.165017	0.165071	0.165122	0.165172	0.165222	0.165271	0.165313	0.165356	0.165394	0.165432	0.16546	0.165489	0.165513	0.165537	0.165552	0.165566	0.165582	0.165597	0.1656	0.165603	0.165611	
0.189299	0.189305	0.189298	0.18929	0.189287	0.189283	0.189262	0.189241	0.189224	0.189206	0.189174	0.189142	0.189112	0.189081	0.189034	0.188987	0.188942	0.188897	0.188837	0.188776	0.188721	0.188665	0.188601	0.188537	0.188482	0.188428	0.188376	0.188324	0.188289	0.188254	0.188231	0.188209	0.188208	0.188207	0.188223	0.188238	0.188271	0.188304	0.188349	0.188394	0.188449	0.188503	0.188561	0.188619	0.188679	0.188739	0.188794	0.188849	0.188902	0.188955	0.188998	0.189041	0.18908	0.189119	0.189147	0.189175	0.1892	0.189225	0.189239	0.189253	0.18927	0.189286	0.18929	0.189294	0.189299	
0.212988	0.212992	0.212985	0.212979	0.212976	0.212972	0.212951	0.21293	0.212913	0.212896	0.212863	0.21283	0.2128	0.212769	0.212721	0.212672	0.212625	0.212578	0.212512	0.212447	0.212386	0.212326	0.212255	0.212184	0.212123	0.212063	0.212005	0.211947	0.211908	0.211868	0.211843	0.211818	0.211817	0.211816	0.211834	0.211851	0.211888	0.211925	0.211976	0.212027	0.212087	0.212148	0.212211	0.212275	0.212341	0.212407	0.212467	0.212526	0.212582	0.212639	0.212683	0.212726	0.212766	0.212805	0.212833	0.212861	0.212887	0.212912	0.212926	0.21294	0.212957	0.212975	0.21298	0.212984	0.212988	
0.236691	0.236693	0.236687	0.236682	0.23668	0.236678	0.236659	0.23664	0.236625	0.236611	0.236579	0.236548	0.23652	0.236493	0.236446	0.2364	0.236356	0.236311	0.236247	0.236183	0.236122	0.236061	0.235988	0.235914	0.235849	0.235784	0.235721	0.235657	0.235613	0.23557	0.235542	0.235515	0.235514	0.235513	0.235533	0.235552	0.235594	0.235635	0.235691	0.235746	0.235813	0.235879	0.235945	0.236011	0.236078	0.236145	0.236203	0.23626	0.236315	0.236369	0.23641	0.236451	0.236488	0.236526	0.236551	0.236577	0.236601	0.236626	0.236638	0.23665	0.236666	0.236682	0.236685	0.236689	0.236691	
0.260394	0.260394	0.260389	0.260385	0.260384	0.260383	0.260366	0.260349	0.260337	0.260325	0.260295	0.260266	0.260241	0.260216	0.260172	0.260128	0.260086	0.260044	0.259982	0.259919	0.259858	0.259797	0.25972	0.259644	0.259575	0.259506	0.259436	0.259367	0.259319	0.259271	0.259241	0.259211	0.25921	0.25921	0.259232	0.259254	0.2593	0.259346	0.259406	0.259466	0.259538	0.25961	0.259678	0.259747	0.259815	0.259884	0.259939	0.259994	0.260047	0.2601	0.260137	0.260175	0.260211	0.260247	0.260269	0.260292	0.260316	0.260339	0.26035	0.260361	0.260375	0.260389	0.260391	0.260394	0.260394	
0.284101	0.284101	0.284098	0.284095	0.284096	0.284097	0.284086	0.284074	0.284068	0.284062	0.284039	0.284017	0.284	0.283982	0.283944	0.283906	0.283871	0.283836	0.283779	0.283721	0.283666	0.28361	0.283536	0.283462	0.283395	0.283328	0.283258	0.283187	0.283139	0.283091	0.283059	0.283026	0.283028	0.283029	0.283051	0.283074	0.283121	0.283168	0.283229	0.28329	0.283361	0.283432	0.283498	0.283563	0.283628	0.283692	0.283742	0.283792	0.283839	0.283886	0.283917	0.283947	0.283976	0.284005	0.284021	0.284036	0.284052	0.284069	0.284074	0.28408	0.28409	0.2841	0.284101	0.284101	0.284101	
0.307809	0.307808	0.307807	0.307805	0.307808	0.307812	0.307805	0.307799	0.307799	0.307799	0.307783	0.307768	0.307758	0.307748	0.307716	0.307684	0.307656	0.307629	0.307576	0.307523	0.307473	0.307423	0.307352	0.307281	0.307216	0.307151	0.307079	0.307007	0.306959	0.306911	0.306876	0.306841	0.306845	0.306848	0.306871	0.306894	0.306942	0.306991	0.307053	0.307115	0.307185	0.307255	0.307317	0.307379	0.30744	0.307501	0.307545	0.307589	0.307631	0.307672	0.307696	0.30772	0.307742	0.307764	0.307772	0.307779	0.307789	0.307798	0.307799	0.3078	0.307805	0.30781	0.30781	0.307809	0.307809	
0.331514	0.331512	0.331512	0.331512	0.331519	0.331525	0.331525	0.331525	0.331532	0.33154	0.331536	0.331532	0.331535	0.331538	0.331522	0.331507	0.331496	0.331485	0.331448	0.331412	0.331378	0.331343	0.331283	0.331224	0.331169	0.331114	0.331046	0.330978	0.330934	0.330891	0.330855	0.330819	0.330827	0.330834	0.330855	0.330876	0.330923	0.33097	0.331027	0.331083	0.331147	0.33121	0.33126	0.331309	0.331357	0.331404	0.331431	0.331457	0.331482	0.331507	0.331515	0.331522	0.331531	0.331539	0.331536	0.331532	0.331533	0.331533	0.331527	0.331521	0.331522	0.331522	0.331519	0.331516	0.331514	
0.355219	0.355215	0.355217	0.355219	0.355229	0.355238	0.355244	0.35525	0.355266	0.355282	0.355289	0.355296	0.355312	0.355329	0.355329	0.355329	0.355335	0.355341	0.355321	0.355301	0.355282	0.355263	0.355215	0.355166	0.355122	0.355077	0.355013	0.354948	0.35491	0.354871	0.354834	0.354798	0.354809	0.35482	0.354839	0.354858	0.354904	0.35495	0.355001	0.355051	0.355108	0.355165	0.355202	0.355239	0.355273	0.355307	0.355316	0.355326	0.355334	0.355343	0.355334	0.355325	0.355319	0.355314	0.3553	0.355285	0.355277	0.355268	0.355256	0.355243	0.355238	0.355233	0.355228	0.355222	0.355219	
0.378901	0.378897	0.378902	0.378907	0.378921	0.378936	0.378951	0.378967	0.378994	0.379021	0.379044	0.379067	0.379102	0.379138	0.37916	0.379182	0.379214	0.379246	0.379253	0.379259	0.37927	0.379281	0.379256	0.379232	0.379214	0.379195	0.379143	0.37909	0.379069	0.379048	0.379007	0.378965	0.378989	0.379013	0.379021	0.37903	0.379067	0.379105	0.379139	0.379173	0.379211	0.379248	0.379259	0.37927	0.379278	0.379285	0.379266	0.379248	0.379231	0.379214	0.379182	0.37915	0.379125	0.379099	0.379068	0.379037	0.379014	0.378992	0.37897	0.378948	0.378935	0.378922	0.378914	0.378905	0.378901	
0.402584	0.40258	0.402587	0.402595	0.402614	0.402633	0.402658	0.402683	0.402722	0.402761	0.4028	0.402839	0.402893	0.402947	0.402991	0.403036	0.403093	0.403151	0.403184	0.403217	0.403258	0.403298	0.403298	0.403298	0.403306	0.403314	0.403273	0.403232	0.403228	0.403225	0.403179	0.403133	0.403169	0.403206	0.403204	0.403202	0.40323	0.403259	0.403277	0.403295	0.403313	0.403331	0.403316	0.403301	0.403282	0.403263	0.403217	0.40317	0.403128	0.403086	0.403031	0.402976	0.40293	0.402884	0.402837	0.402789	0.402752	0.402715	0.402684	0.402653	0.402632	0.402611	0.4026	0.402588	0.402584	
0.426229	0.426224	0.426235	0.426245	0.42627	0.426294	0.426329	0.426364	0.426416	0.426468	0.426526	0.426584	0.426662	0.42674	0.426814	0.426888	0.426983	0.427077	0.427151	0.427225	0.427313	0.427402	0.427446	0.427491	0.427548	0.427605	0.427594	0.427582	0.427622	0.427662	0.427617	0.427571	0.427644	0.427717	0.427678	0.427639	0.42764	0.427641	0.427619	0.427597	0.427575	0.427553	0.427489	0.427425	0.427361	0.427297	0.427207	0.427118	0.427039	0.42696	0.426874	0.426788	0.426716	0.426644	0.426578	0.426511	0.426458	0.426405	0.426364	0.426322	0.426293	0.426264	0.426249	0.426234	0.426229	
0.449874	0.449868	0.449882	0.449896	0.449925	0.449954	0.449999	0.450045	0.45011	0.450175	0.450252	0.450329	0.450431	0.450533	0.450637	0.450741	0.450872	0.451002	0.451118	0.451233	0.451369	0.451505	0.451594	0.451684	0.45179	0.451897	0.451914	0.451932	0.452015	0.452099	0.452054	0.45201	0.452119	0.452229	0.452152	0.452075	0.452049	0.452023	0.451961	0.451898	0.451836	0.451774	0.451662	0.45155	0.45144	0.45133	0.451198	0.451065	0.450949	0.450833	0.450716	0.450599	0.450502	0.450405	0.450319	0.450233	0.450164	0.450095	0.450044	0.449992	0.449954	0.449917	0.449899	0.44988	0.449874	
0.47346	0.473453	0.47347	0.473487	0.473522	0.473556	0.473612	0.473667	0.473746	0.473825	0.473923	0.47402	0.474149	0.474278	0.474419	0.474559	0.474738	0.474916	0.475087	0.475258	0.475463	0.475667	0.475829	0.475991	0.476186	0.476381	0.476458	0.476535	0.476707	0.476879	0.476829	0.476779	0.477014	0.477249	0.477075	0.476902	0.476779	0.476656	0.47652	0.476384	0.476243	0.476101	0.475917	0.475732	0.475556	0.475381	0.47519	0.474999	0.474838	0.474677	0.474521	0.474366	0.474239	0.474112	0.474004	0.473896	0.47381	0.473725	0.473663	0.473601	0.473555	0.47351	0.473489	0.473467	0.47346	
0.497046	0.497038	0.497058	0.497078	0.497118	0.497158	0.497224	0.49729	0.497383	0.497475	0.497593	0.49771	0.497867	0.498024	0.498201	0.498378	0.498603	0.498829	0.499056	0.499283	0.499556	0.499829	0.500064	0.500299	0.500582	0.500864	0.501001	0.501138	0.501399	0.50166	0.501604	0.501549	0.501909	0.502269	0.501999	0.501728	0.501508	0.501289	0.501079	0.500869	0.500649	0.500428	0.500171	0.499914	0.499673	0.499431	0.499182	0.498933	0.498727	0.49852	0.498326	0.498132	0.497976	0.497819	0.497689	0.497559	0.497457	0.497354	0.497282	0.49721	0.497157	0.497103	0.497079	0.497054	0.497046	
0.520559	0.520551	0.520573	0.520596	0.52064	0.520683	0.520758	0.520833	0.520938	0.521043	0.521178	0.521313	0.521494	0.521675	0.521886	0.522096	0.522371	0.522647	0.52294	0.523233	0.523601	0.523968	0.524311	0.524653	0.525105	0.525557	0.525821	0.526085	0.526479	0.526872	0.526871	0.52687	0.527517	0.528164	0.527649	0.527133	0.526699	0.526265	0.52592	0.525575	0.525234	0.524893	0.524508	0.524123	0.523761	0.523399	0.523081	0.522764	0.522498	0.522233	0.522007	0.52178	0.521597	0.521414	0.521269	0.521124	0.52101	0.520896	0.520818	0.520739	0.52068	0.520621	0.520594	0.520568	0.520559	
0.544072	0.544063	0.544089	0.544114	0.544161	0.544209	0.544293	0.544377	0.544493	0.54461	0.544763	0.544916	0.545121	0.545327	0.545571	0.545815	0.546139	0.546464	0.546823	0.547182	0.547645	0.548107	0.548557	0.549007	0.549629	0.55025	0.550641	0.551032	0.551558	0.552084	0.552138	0.552192	0.553126	0.55406	0.553299	0.552539	0.55189	0.551242	0.550761	0.550281	0.549819	0.549358	0.548846	0.548333	0.54785	0.547366	0.54698	0.546594	0.54627	0.545946	0.545687	0.545429	0.545218	0.545008	0.544848	0.544689	0.544564	0.544438	0.544353	0.544269	0.544203	0.544138	0.54411	0.544081	0.544072	
0.567489	0.567481	0.567507	0.567533	0.567581	0.56763	0.567715	0.567801	0.567921	0.568041	0.568202	0.568362	0.568581	0.5688	0.569067	0.569334	0.569697	0.570059	0.570476	0.570893	0.571443	0.571993	0.572572	0.573151	0.573944	0.574737	0.575396	0.576056	0.576788	0.577521	0.577746	0.57797	0.580201	0.582431	0.580757	0.579084	0.577814	0.576544	0.575893	0.575242	0.57442	0.573597	0.572952	0.572306	0.571702	0.571098	0.570651	0.570204	0.569835	0.569466	0.569186	0.568906	0.568679	0.568453	0.568288	0.568122	0.56799	0.567857	0.567771	0.567685	0.567619	0.567552	0.567525	0.567497	0.567489	
0.590906	0.590899	0.590926	0.590953	0.591001	0.59105	0.591138	0.591226	0.591349	0.591473	0.591641	0.591809	0.592041	0.592274	0.592564	0.592854	0.593254	0.593655	0.594129	0.594603	0.595241	0.595879	0.596588	0.597296	0.59826	0.599224	0.600152	0.601079	0.602019	0.602958	0.603354	0.603749	0.607276	0.610802	0.608216	0.605629	0.603738	0.601847	0.601025	0.600203	0.59902	0.597836	0.597058	0.596279	0.595555	0.59483	0.594321	0.593813	0.593399	0.592986	0.592684	0.592382	0.592141	0.591899	0.591727	0.591555	0.591416	0.591277	0.591189	0.591102	0.591034	0.590966	0.59094	0.590913	0.590906	
0.614237	0.61423	0.614256	0.614283	0.614328	0.614374	0.614458	0.614543	0.614661	0.61478	0.614943	0.615106	0.615335	0.615564	0.615854	0.616143	0.616555	0.616967	0.617469	0.617972	0.618675	0.619378	0.620219	0.621061	0.62224	0.623419	0.624684	0.62595	0.627373	0.628796	0.629677	0.630559	0.635693	0.640826	0.637036	0.633244	0.630177	0.627109	0.626266	0.625424	0.623733	0.622042	0.621022	0.620001	0.619099	0.618197	0.61765	0.617102	0.616669	0.616235	0.615939	0.615642	0.615405	0.615167	0.615006	0.614844	0.614712	0.61458	0.6145	0.61442	0.614356	0.614291	0.614268	0.614244	0.614237	
0.637568	0.637561	0.637587	0.637613	0.637655	0.637698	0.637779	0.63786	0.637974	0.638087	0.638245	0.638402	0.638628	0.638854	0.639143	0.639432	0.639856	0.640279	0.64081	0.641341	0.642108	0.642876	0.643851	0.644826	0.64622	0.647613	0.649216	0.65082	0.652726	0.654599	0.655411	0.657868	0.664598	0.668835	0.664831	0.659369	0.655917	0.652371	0.651508	0.650644	0.648446	0.646249	0.644986	0.643723	0.642644	0.641565	0.640978	0.640391	0.639938	0.639484	0.639193	0.638902	0.638669	0.638436	0.638285	0.638133	0.638008	0.637882	0.637811	0.637739	0.637677	0.637615	0.637595	0.637576	0.637568	
0.660827	0.660821	0.660845	0.660869	0.660904	0.660939	0.661009	0.66108	0.661176	0.661273	0.661409	0.661545	0.661743	0.661941	0.662196	0.662452	0.662837	0.663222	0.663715	0.664209	0.664956	0.665704	0.666708	0.667712	0.669262	0.670813	0.673369	0.675925	0.679721	0.683141	0.683508	0.682909	0.685955	0.687769	0.68609	0.685125	0.68242	0.677122	0.675827	0.674533	0.672117	0.669701	0.668198	0.666694	0.665554	0.664413	0.663845	0.663277	0.66286	0.662443	0.662192	0.661942	0.66174	0.661539	0.661414	0.66129	0.661184	0.661078	0.661021	0.660964	0.660913	0.660861	0.660847	0.660834	0.660827	
0.684086	0.684081	0.684102	0.684124	0.684152	0.684181	0.68424	0.684299	0.684379	0.68446	0.684574	0.684688	0.684858	0.685028	0.685249	0.685471	0.685818	0.686165	0.686621	0.687077	0.687804	0.688532	0.689564	0.690597	0.692305	0.694012	0.697521	0.701432	0.708192	0.714387	0.7144	0.710023	0.707963	0.707069	0.708787	0.712105	0.709106	0.703083	0.699401	0.698422	0.695788	0.693154	0.691409	0.689665	0.688463	0.687262	0.686712	0.686162	0.685782	0.685401	0.685192	0.684982	0.684812	0.684642	0.684544	0.684447	0.68436	0.684274	0.684232	0.68419	0.684148	0.684107	0.684099	0.684092	0.684086	
0.707294	0.707286	0.707307	0.707327	0.707346	0.707364	0.707405	0.707446	0.7075	0.707554	0.707631	0.707708	0.707826	0.707945	0.708096	0.708246	0.708499	0.708752	0.709078	0.709404	0.709974	0.710544	0.711377	0.712209	0.713866	0.715522	0.719045	0.725783	0.734696	0.741039	0.742699	0.740022	0.7233	0.725957	0.730726	0.732506	0.729504	0.725215	0.722635	0.719369	0.716608	0.713846	0.712384	0.710921	0.710087	0.709254	0.708915	0.708577	0.708328	0.70808	0.707958	0.707836	0.707726	0.707617	0.707562	0.707508	0.707452	0.707397	0.707375	0.707353	0.707327	0.707301	0.707301	0.707302	0.707294	
0.730502	0.730492	0.730511	0.73053	0.730539	0.730548	0.730571	0.730593	0.730621	0.730649	0.730688	0.730727	0.730795	0.730863	0.730942	0.731021	0.73118	0.731338	0.731535	0.731732	0.732144	0.732557	0.733189	0.733821	0.735427	0.736886	0.740422	0.745137	0.751428	0.754316	0.753904	0.754713	0.738499	0.736148	0.746577	0.74642	0.740502	0.7419	0.74283	0.740943	0.736825	0.734539	0.733358	0.732176	0.731712	0.731247	0.731119	0.730991	0.730875	0.730759	0.730724	0.73069	0.730641	0.730591	0.73058	0.730569	0.730544	0.73052	0.730518	0.730516	0.730505	0.730495	0.730504	0.730512	0.730502	
0.753698	0.753687	0.753701	0.753715	0.753714	0.753712	0.753715	0.753717	0.753716	0.753715	0.753713	0.75371	0.753717	0.753725	0.753719	0.753714	0.753749	0.753784	0.7538	0.753816	0.753951	0.754086	0.754211	0.754335	0.754553	0.755122	0.75498	0.756304	0.760786	0.764001	0.755662	0.755986	0.744399	0.751826	0.764073	0.753774	0.747154	0.748197	0.753696	0.754985	0.753198	0.752289	0.752457	0.752625	0.752812	0.752998	0.753131	0.753264	0.753317	0.753371	0.753433	0.753496	0.753517	0.753539	0.753573	0.753608	0.753617	0.753626	0.753646	0.753665	0.75367	0.753676	0.753692	0.753708	0.753698	
0.776893	0.776882	0.776891	0.7769	0.776888	0.776876	0.776859	0.776842	0.776812	0.776782	0.776737	0.776693	0.77664	0.776586	0.776497	0.776407	0.776318	0.776229	0.776064	0.7759	0.775758	0.775616	0.775232	0.774848	0.773679	0.771965	0.766498	0.764612	0.771388	0.770368	0.766944	0.758979	0.742049	0.76184	0.763155	0.75721	0.753047	0.751788	0.755868	0.763995	0.768304	0.770038	0.771556	0.773075	0.773912	0.774749	0.775143	0.775537	0.77576	0.775983	0.776142	0.776302	0.776394	0.776486	0.776566	0.776646	0.776689	0.776733	0.776774	0.776815	0.776835	0.776856	0.77688	0.776905	0.776893	
0.800115	0.800108	0.80011	0.800111	0.800088	0.800065	0.800032	0.799998	0.799943	0.799888	0.799808	0.799729	0.799624	0.799519	0.799361	0.799202	0.799008	0.798815	0.798507	0.798199	0.797825	0.797452	0.796699	0.795947	0.794198	0.79092	0.783363	0.776345	0.775465	0.761707	0.763483	0.763171	0.762731	0.764077	0.761509	0.765212	0.765876	0.765691	0.768948	0.777103	0.786282	0.791989	0.793619	0.795248	0.796247	0.797245	0.797725	0.798204	0.798513	0.798822	0.799035	0.799249	0.799387	0.799526	0.799637	0.799749	0.799817	0.799885	0.799944	0.800003	0.800033	0.800063	0.800092	0.800121	0.800115	
0.823336	0.823335	0.823329	0.823322	0.823288	0.823253	0.823204	0.823155	0.823074	0.822994	0.82288	0.822765	0.822609	0.822453	0.822225	0.821997	0.821699	0.821401	0.820949	0.820498	0.819893	0.819288	0.818166	0.817045	0.814718	0.81223	0.80608	0.79571	0.783937	0.777024	0.768445	0.771625	0.755179	0.759877	0.772473	0.789659	0.791471	0.791958	0.793814	0.800529	0.808719	0.81394	0.815681	0.817422	0.818582	0.819742	0.820307	0.820872	0.821266	0.821661	0.821928	0.822195	0.82238	0.822565	0.822708	0.822852	0.822945	0.823038	0.823115	0.823191	0.823231	0.82327	0.823303	0.823337	0.823336	
0.84661	0.846613	0.846602	0.846591	0.846549	0.846507	0.846447	0.846386	0.846289	0.846193	0.846058	0.845924	0.845738	0.845551	0.84529	0.84503	0.844679	0.844329	0.843826	0.843324	0.842636	0.841948	0.840807	0.839665	0.837577	0.834935	0.830635	0.82544	0.816568	0.806849	0.802484	0.803922	0.776452	0.773234	0.80696	0.818433	0.821539	0.8239	0.825572	0.82874	0.83361	0.837799	0.8393	0.8408	0.841825	0.842849	0.843402	0.843955	0.844359	0.844764	0.845049	0.845334	0.845538	0.845742	0.845901	0.84606	0.846166	0.846273	0.846359	0.846446	0.846491	0.846537	0.846572	0.846607	0.84661	
0.869884	0.869891	0.869875	0.869859	0.86981	0.869761	0.869689	0.869618	0.869505	0.869392	0.869237	0.869083	0.868866	0.868649	0.868356	0.868062	0.867659	0.867256	0.866703	0.86615	0.865379	0.864609	0.863447	0.862284	0.860436	0.858543	0.85532	0.852012	0.849263	0.845721	0.840689	0.836761	0.828994	0.828934	0.840992	0.847215	0.850892	0.854769	0.855744	0.856719	0.859189	0.861659	0.862918	0.864178	0.865067	0.865957	0.866497	0.867037	0.867453	0.867868	0.86817	0.868472	0.868695	0.868919	0.869093	0.869268	0.869388	0.869508	0.869604	0.8697	0.869752	0.869804	0.869841	0.869877	0.869884	
0.893236	0.893243	0.893225	0.893207	0.893156	0.893104	0.89303	0.892955	0.892837	0.892719	0.892562	0.892405	0.892183	0.891961	0.891671	0.891382	0.89098	0.890578	0.890056	0.889535	0.888803	0.888071	0.887058	0.886044	0.884472	0.882693	0.880419	0.878123	0.876144	0.873989	0.87103	0.868275	0.865735	0.866251	0.870719	0.875063	0.878131	0.880595	0.881417	0.882239	0.884099	0.885959	0.886942	0.887924	0.8887	0.889476	0.889968	0.890461	0.890853	0.891246	0.891535	0.891825	0.892046	0.892267	0.892439	0.892612	0.892735	0.892857	0.892953	0.893049	0.893103	0.893157	0.893193	0.893228	0.893236	
0.916587	0.916594	0.916575	0.916555	0.916502	0.916448	0.91637	0.916292	0.916169	0.916046	0.915887	0.915727	0.915499	0.915272	0.914987	0.914702	0.914301	0.9139	0.91341	0.912919	0.912226	0.911532	0.910668	0.909805	0.908508	0.907212	0.905752	0.904292	0.902325	0.900358	0.898873	0.897388	0.897363	0.897339	0.900141	0.902943	0.904682	0.906421	0.90709	0.907759	0.909009	0.910259	0.910965	0.911671	0.912333	0.912995	0.91344	0.913884	0.914254	0.914624	0.914901	0.915178	0.915396	0.915614	0.915786	0.915957	0.916081	0.916206	0.916302	0.916398	0.916454	0.916511	0.916545	0.91658	0.916587	
0.940022	0.940029	0.940009	0.939989	0.939937	0.939885	0.939808	0.939731	0.939612	0.939493	0.939342	0.93919	0.938974	0.938758	0.938496	0.938235	0.937866	0.937497	0.937066	0.936636	0.936026	0.935415	0.934712	0.934008	0.932952	0.931896	0.930861	0.929826	0.928251	0.926676	0.925843	0.92501	0.925058	0.925107	0.927127	0.929148	0.930376	0.931605	0.932187	0.932769	0.933714	0.934658	0.9352	0.935741	0.936273	0.936805	0.937182	0.937558	0.937881	0.938204	0.938455	0.938705	0.938906	0.939107	0.939266	0.939425	0.939542	0.939659	0.93975	0.93984	0.939895	0.93995	0.939983	0.940015	0.940022	
0.963458	0.963464	0.963443	0.963422	0.963372	0.963322	0.963246	0.963171	0.963056	0.96294	0.962797	0.962653	0.962448	0.962244	0.962006	0.961767	0.96143	0.961094	0.960723	0.960352	0.959825	0.959298	0.958755	0.958211	0.957396	0.956581	0.955971	0.95536	0.954178	0.952995	0.952814	0.952632	0.952753	0.952875	0.954114	0.955353	0.956071	0.956789	0.957285	0.95778	0.958419	0.959058	0.959435	0.959812	0.960213	0.960615	0.960924	0.961233	0.961509	0.961785	0.962008	0.962232	0.962416	0.962599	0.962746	0.962892	0.963002	0.963113	0.963198	0.963282	0.963336	0.96339	0.963421	0.963451	0.963458	
0.986987	0.986992	0.986973	0.986953	0.986908	0.986862	0.986795	0.986727	0.986623	0.98652	0.986394	0.986269	0.986088	0.985908	0.985708	0.985509	0.98522	0.984932	0.984638	0.984345	0.98391	0.983475	0.983082	0.982688	0.982063	0.981439	0.98104	0.980642	0.979817	0.978993	0.978933	0.978873	0.97893	0.978987	0.979852	0.980716	0.981205	0.981695	0.98207	0.982446	0.982903	0.983361	0.983657	0.983954	0.98427	0.984586	0.984837	0.985088	0.985317	0.985546	0.985734	0.985921	0.986078	0.986235	0.986362	0.986488	0.986586	0.986683	0.986757	0.986831	0.98688	0.986929	0.986955	0.986982	0.986987	
1.01052	1.01052	1.0105	1.01048	1.01044	1.0104	1.01034	1.01028	1.01019	1.0101	1.00999	1.00988	1.00973	1.00957	1.00941	1.00925	1.00901	1.00877	1.00855	1.00834	1.00799	1.00765	1.00741	1.00716	1.00673	1.0063	1.00611	1.00592	1.00546	1.00499	1.00505	1.00511	1.00511	1.0051	1.00559	1.00608	1.00634	1.0066	1.00686	1.00711	1.00739	1.00766	1.00788	1.0081	1.00833	1.00856	1.00875	1.00894	1.00912	1.00931	1.00946	1.00961	1.00974	1.00987	1.00998	1.01008	1.01017	1.01025	1.01032	1.01038	1.01042	1.01047	1.01049	1.01051	1.01052	
1.03411	1.03411	1.0341	1.03408	1.03405	1.03401	1.03396	1.03391	1.03383	1.03375	1.03367	1.03358	1.03345	1.03332	1.03319	1.03306	1.03287	1.03268	1.03252	1.03236	1.03209	1.03182	1.03167	1.03151	1.03118	1.03086	1.03077	1.03068	1.03035	1.03002	1.03011	1.0302	1.03018	1.03017	1.03052	1.03087	1.03103	1.03118	1.03137	1.03155	1.03174	1.03192	1.03208	1.03224	1.0324	1.03257	1.03271	1.03286	1.033	1.03314	1.03325	1.03337	1.03348	1.03358	1.03367	1.03375	1.03383	1.0339	1.03395	1.034	1.03404	1.03407	1.03409	1.03411	1.03411	
1.05771	1.05771	1.05769	1.05768	1.05765	1.05762	1.05758	1.05754	1.05747	1.05741	1.05734	1.05727	1.05717	1.05706	1.05697	1.05688	1.05673	1.05658	1.05648	1.05638	1.05619	1.056	1.05592	1.05585	1.05563	1.05542	1.05543	1.05544	1.05525	1.05506	1.05517	1.05529	1.05526	1.05524	1.05545	1.05566	1.05571	1.05577	1.05588	1.05599	1.05608	1.05618	1.05628	1.05637	1.05648	1.05658	1.05668	1.05677	1.05687	1.05697	1.05705	1.05714	1.05722	1.05729	1.05736	1.05743	1.05748	1.05754	1.05758	1.05762	1.05765	1.05768	1.05769	1.05771	1.05771	
1.08136	1.08136	1.08135	1.08134	1.08131	1.08129	1.08125	1.08122	1.08117	1.08112	1.08107	1.08102	1.08093	1.08085	1.08079	1.08072	1.08061	1.0805	1.08044	1.08037	1.08024	1.0801	1.08007	1.08004	1.07989	1.07975	1.07979	1.07984	1.07971	1.07958	1.07969	1.0798	1.07978	1.07976	1.07991	1.08006	1.08007	1.08009	1.08016	1.08022	1.08027	1.08032	1.08038	1.08044	1.0805	1.08056	1.08062	1.08068	1.08075	1.08082	1.08088	1.08093	1.08099	1.08105	1.0811	1.08115	1.08119	1.08123	1.08126	1.08129	1.08131	1.08134	1.08135	1.08136	1.08136	
1.10501	1.10501	1.105	1.10499	1.10497	1.10495	1.10493	1.10491	1.10487	1.10483	1.10479	1.10476	1.1047	1.10464	1.1046	1.10457	1.10449	1.10441	1.10439	1.10437	1.10428	1.1042	1.10422	1.10424	1.10415	1.10407	1.10415	1.10423	1.10417	1.1041	1.10421	1.10432	1.1043	1.10428	1.10437	1.10445	1.10443	1.10441	1.10443	1.10446	1.10446	1.10446	1.10448	1.1045	1.10452	1.10454	1.10457	1.1046	1.10463	1.10467	1.1047	1.10473	1.10477	1.10481	1.10484	1.10487	1.10489	1.10492	1.10494	1.10496	1.10498	1.105	1.105	1.10501	1.10501	
1.12869	1.12869	1.12868	1.12868	1.12866	1.12865	1.12864	1.12862	1.12859	1.12857	1.12855	1.12853	1.12848	1.12844	1.12843	1.12841	1.12836	1.12831	1.12831	1.12832	1.12826	1.12821	1.12825	1.1283	1.12825	1.1282	1.12829	1.12838	1.12834	1.12831	1.12841	1.12851	1.12849	1.12847	1.12853	1.12859	1.12855	1.12852	1.12852	1.12853	1.12851	1.12848	1.12848	1.12848	1.12847	1.12847	1.12848	1.12848	1.1285	1.12851	1.12853	1.12854	1.12856	1.12858	1.1286	1.12861	1.12863	1.12865	1.12866	1.12867	1.12868	1.12869	1.12869	1.12869	1.12869	
1.15238	1.15238	1.15237	1.15237	1.15236	1.15235	1.15234	1.15234	1.15232	1.1523	1.1523	1.15229	1.15227	1.15225	1.15225	1.15226	1.15223	1.1522	1.15223	1.15226	1.15224	1.15222	1.15229	1.15236	1.15234	1.15233	1.15243	1.15253	1.15252	1.15251	1.1526	1.15269	1.15267	1.15265	1.15269	1.15272	1.15268	1.15263	1.15261	1.1526	1.15255	1.15251	1.15248	1.15245	1.15243	1.1524	1.15239	1.15237	1.15236	1.15236	1.15235	1.15235	1.15235	1.15235	1.15236	1.15236	1.15236	1.15237	1.15237	1.15237	1.15238	1.15238	1.15238	1.15238	1.15238	
1.17608	1.17608	1.17607	1.17607	1.17607	1.17606	1.17606	1.17606	1.17605	1.17604	1.17605	1.17605	1.17604	1.17603	1.17605	1.17607	1.17606	1.17605	1.1761	1.17614	1.17614	1.17614	1.17621	1.17629	1.17629	1.1763	1.1764	1.1765	1.1765	1.1765	1.17658	1.17666	1.17664	1.17663	1.17665	1.17667	1.17662	1.17658	1.17655	1.17652	1.17647	1.17642	1.17638	1.17634	1.17631	1.17627	1.17624	1.17621	1.17619	1.17617	1.17615	1.17613	1.17612	1.17611	1.17611	1.1761	1.1761	1.17609	1.17609	1.17609	1.17609	1.17609	1.17608	1.17608	1.17608	
1.19978	1.19978	1.19978	1.19978	1.19977	1.19977	1.19978	1.19978	1.19978	1.19978	1.19979	1.19981	1.19981	1.19981	1.19985	1.19988	1.19989	1.1999	1.19996	1.20002	1.20003	1.20005	1.20013	1.20022	1.20024	1.20027	1.20037	1.20046	1.20048	1.20049	1.20056	1.20063	1.20062	1.2006	1.20061	1.20062	1.20057	1.20052	1.20049	1.20045	1.20039	1.20033	1.20028	1.20023	1.20018	1.20013	1.20009	1.20005	1.20001	1.19998	1.19995	1.19992	1.1999	1.19988	1.19986	1.19984	1.19983	1.19982	1.19981	1.1998	1.1998	1.19979	1.19979	1.19978	1.19978	
1.22348	1.22348	1.22348	1.22348	1.22348	1.22348	1.22349	1.2235	1.22351	1.22351	1.22353	1.22355	1.22356	1.22357	1.22361	1.22365	1.22367	1.22368	1.22375	1.22381	1.22383	1.22386	1.22395	1.22403	1.22406	1.2241	1.22419	1.22428	1.2243	1.22432	1.22438	1.22444	1.22443	1.22442	1.22443	1.22443	1.22438	1.22433	1.22429	1.22426	1.22419	1.22413	1.22408	1.22403	1.22397	1.22392	1.22387	1.22382	1.22378	1.22374	1.22371	1.22367	1.22364	1.22362	1.22359	1.22357	1.22356	1.22354	1.22353	1.22351	1.22351	1.2235	1.22349	1.22349	1.22348	
1.24719	1.24718	1.24719	1.24719	1.24719	1.2472	1.24721	1.24722	1.24723	1.24724	1.24727	1.2473	1.24731	1.24733	1.24737	1.24742	1.24744	1.24747	1.24754	1.2476	1.24764	1.24767	1.24776	1.24785	1.24789	1.24792	1.24801	1.2481	1.24812	1.24815	1.2482	1.24826	1.24825	1.24824	1.24824	1.24824	1.24819	1.24814	1.2481	1.24806	1.248	1.24793	1.24788	1.24782	1.24776	1.2477	1.24765	1.2476	1.24755	1.2475	1.24746	1.24742	1.24739	1.24736	1.24733	1.2473	1.24728	1.24726	1.24724	1.24723	1.24722	1.24721	1.2472	1.24719	1.24719	
1.27088	1.27088	1.27088	1.27089	1.27089	1.2709	1.27091	1.27092	1.27094	1.27095	1.27098	1.27101	1.27103	1.27105	1.27109	1.27114	1.27117	1.2712	1.27126	1.27133	1.27137	1.27141	1.27149	1.27157	1.27161	1.27165	1.27173	1.27181	1.27183	1.27186	1.2719	1.27195	1.27194	1.27193	1.27193	1.27193	1.27189	1.27185	1.27181	1.27176	1.27171	1.27165	1.27159	1.27154	1.27148	1.27142	1.27137	1.27131	1.27127	1.27122	1.27118	1.27113	1.2711	1.27107	1.27104	1.27101	1.27099	1.27096	1.27095	1.27093	1.27092	1.2709	1.2709	1.27089	1.27088	
1.29458	1.29458	1.29458	1.29459	1.29459	1.2946	1.29461	1.29463	1.29464	1.29466	1.29469	1.29472	1.29474	1.29476	1.29481	1.29486	1.29489	1.29493	1.29499	1.29506	1.2951	1.29514	1.29522	1.2953	1.29534	1.29537	1.29545	1.29552	1.29554	1.29556	1.2956	1.29564	1.29564	1.29563	1.29563	1.29562	1.29558	1.29555	1.29551	1.29547	1.29542	1.29536	1.29531	1.29525	1.2952	1.29514	1.29509	1.29503	1.29498	1.29493	1.29489	1.29485	1.29481	1.29478	1.29474	1.29471	1.29469	1.29467	1.29465	1.29463	1.29462	1.2946	1.29459	1.29459	1.29458	
1.31826	1.31826	1.31827	1.31827	1.31827	1.31828	1.3183	1.31831	1.31833	1.31834	1.31837	1.3184	1.31842	1.31845	1.31849	1.31854	1.31857	1.31861	1.31867	1.31873	1.31877	1.31881	1.31888	1.31895	1.31898	1.31902	1.31908	1.31914	1.31916	1.31919	1.31922	1.31926	1.31925	1.31924	1.31924	1.31924	1.3192	1.31917	1.31913	1.3191	1.31905	1.319	1.31895	1.3189	1.31885	1.3188	1.31875	1.3187	1.31865	1.31861	1.31856	1.31852	1.31849	1.31845	1.31842	1.31839	1.31837	1.31835	1.31833	1.31831	1.3183	1.31828	1.31828	1.31827	1.31826	
1.34195	1.34194	1.34195	1.34195	1.34196	1.34196	1.34198	1.34199	1.34201	1.34202	1.34205	1.34208	1.34211	1.34213	1.34218	1.34222	1.34225	1.34228	1.34234	1.3424	1.34243	1.34247	1.34253	1.34259	1.34263	1.34266	1.34272	1.34277	1.34279	1.34281	1.34284	1.34287	1.34286	1.34286	1.34285	1.34285	1.34282	1.34279	1.34276	1.34273	1.34269	1.34264	1.3426	1.34255	1.3425	1.34246	1.34241	1.34236	1.34232	1.34228	1.34224	1.3422	1.34216	1.34213	1.3421	1.34207	1.34205	1.34203	1.34201	1.34199	1.34198	1.34196	1.34196	1.34195	1.34195	
1.36561	1.36561	1.36561	1.36562	1.36562	1.36563	1.36564	1.36566	1.36567	1.36569	1.36571	1.36574	1.36576	1.36578	1.36582	1.36586	1.36589	1.36592	1.36597	1.36602	1.36605	1.36608	1.36614	1.36619	1.36622	1.36625	1.3663	1.36634	1.36636	1.36638	1.3664	1.36643	1.36642	1.36642	1.36642	1.36641	1.36639	1.36636	1.36633	1.36631	1.36627	1.36623	1.36619	1.36615	1.36611	1.36607	1.36603	1.36599	1.36595	1.36591	1.36588	1.36584	1.36581	1.36578	1.36575	1.36573	1.36571	1.36568	1.36567	1.36565	1.36564	1.36563	1.36562	1.36562	1.36561	
1.38928	1.38928	1.38928	1.38928	1.38929	1.38929	1.38931	1.38932	1.38933	1.38935	1.38937	1.38939	1.38941	1.38943	1.38947	1.3895	1.38953	1.38955	1.3896	1.38964	1.38967	1.38969	1.38974	1.38979	1.38981	1.38984	1.38988	1.38991	1.38993	1.38994	1.38996	1.38998	1.38998	1.38998	1.38998	1.38997	1.38995	1.38993	1.38991	1.38988	1.38985	1.38982	1.38978	1.38975	1.38972	1.38968	1.38964	1.38961	1.38958	1.38954	1.38951	1.38948	1.38946	1.38943	1.3894	1.38938	1.38936	1.38934	1.38933	1.38931	1.3893	1.38929	1.38929	1.38928	1.38928	
1.41293	1.41293	1.41293	1.41294	1.41294	1.41294	1.41296	1.41297	1.41298	1.41299	1.41301	1.41303	1.41304	1.41306	1.41309	1.41312	1.41314	1.41316	1.41319	1.41323	1.41325	1.41327	1.41331	1.41335	1.41337	1.41339	1.41342	1.41345	1.41346	1.41347	1.41349	1.4135	1.4135	1.4135	1.4135	1.41349	1.41348	1.41346	1.41344	1.41342	1.4134	1.41337	1.41334	1.41332	1.41329	1.41326	1.41323	1.4132	1.41318	1.41315	1.41312	1.4131	1.41308	1.41306	1.41304	1.41302	1.413	1.41299	1.41297	1.41296	1.41295	1.41294	1.41294	1.41293	1.41293	
1.43658	1.43658	1.43659	1.43659	1.43659	1.4366	1.4366	1.43661	1.43662	1.43663	1.43665	1.43666	1.43667	1.43669	1.43671	1.43673	1.43675	1.43676	1.43679	1.43681	1.43683	1.43685	1.43688	1.43691	1.43692	1.43694	1.43696	1.43698	1.43699	1.437	1.43701	1.43703	1.43702	1.43702	1.43702	1.43702	1.43701	1.43699	1.43698	1.43696	1.43695	1.43693	1.4369	1.43688	1.43686	1.43684	1.43682	1.4368	1.43677	1.43675	1.43673	1.43672	1.4367	1.43668	1.43667	1.43665	1.43664	1.43663	1.43662	1.43661	1.4366	1.43659	1.43659	1.43659	1.43658	
1.46023	1.46023	1.46023	1.46023	1.46023	1.46024	1.46024	1.46025	1.46025	1.46026	1.46027	1.46028	1.46029	1.4603	1.46031	1.46033	1.46034	1.46035	1.46036	1.46038	1.46039	1.46041	1.46043	1.46044	1.46045	1.46047	1.46048	1.4605	1.4605	1.46051	1.46052	1.46052	1.46052	1.46052	1.46052	1.46052	1.46051	1.4605	1.46049	1.46048	1.46047	1.46046	1.46044	1.46043	1.46041	1.4604	1.46038	1.46037	1.46036	1.46034	1.46033	1.46032	1.46031	1.46029	1.46028	1.46027	1.46027	1.46026	1.46025	1.46024	1.46024	1.46023	1.46023	1.46023	1.46023	
1.48387	1.48387	1.48387	1.48387	1.48387	1.48388	1.48388	1.48388	1.48388	1.48389	1.48389	1.4839	1.4839	1.48391	1.48391	1.48392	1.48393	1.48393	1.48394	1.48395	1.48396	1.48396	1.48397	1.48398	1.48399	1.48399	1.484	1.48401	1.48401	1.48401	1.48402	1.48402	1.48402	1.48402	1.48402	1.48402	1.48401	1.48401	1.48401	1.484	1.48399	1.48399	1.48398	1.48397	1.48397	1.48396	1.48395	1.48394	1.48394	1.48393	1.48392	1.48392	1.48391	1.48391	1.4839	1.4839	1.48389	1.48389	1.48388	1.48388	1.48388	1.48388	1.48387	1.48387	1.48387	
1.50751	1.50751	1.50751	1.50751	1.50751	1.50751	1.50751	1.50751	1.50751	1.50751	1.50751	1.50751	1.50751	1.50751	1.50751	1.50751	1.50751	1.50751	1.50751	1.50751	1.50751	1.50751	1.50751	1.50751	1.50751	1.50751	1.50751	1.50751	1.50751	1.50751	1.50751	1.50751	1.50751	1.50751	1.50751	1.50751	1.50751	1.50751	1.50751	1.50751	1.50751	1.50751	1.50751	1.50751	1.50751	1.50751	1.50751	1.50751	1.50751	1.50751	1.50751	1.50751	1.50751	1.50751	1.50751	1.50751	1.50751	1.50751	1.50751	1.50751	1.50751	1.50751	1.50751	1.50751	1.50751	
