x=90	y=200	z=200	n=65	len=1
b
0	0	0	0	0	0	0	0	0	0	0	0	0	0	0	0	0	0	0	0	0	0	0	0	0	0	0	0	0	0	0	0	0	0	0	0	0	0	0	0	0	0	0	0	0	0	0	0	0	0	0	0	0	0	0	0	0	0	0	0	0	0	0	0	0	
0.0234704	0.0234595	0.023445	0.0234306	0.0234328	0.0234351	0.0234351	0.0234352	0.0234299	0.0234247	0.0234148	0.023405	0.0233934	0.0233819	0.0233667	0.0233516	0.0233373	0.0233231	0.0233072	0.0232914	0.0232775	0.0232637	0.0232481	0.0232326	0.023219	0.0232053	0.023196	0.0231866	0.023182	0.0231774	0.0231741	0.0231709	0.023171	0.0231712	0.0231724	0.0231736	0.0231782	0.0231827	0.0231884	0.0231942	0.0232054	0.0232166	0.0232309	0.0232451	0.0232593	0.0232735	0.0232875	0.0233015	0.0233174	0.0233333	0.0233487	0.023364	0.0233784	0.0233929	0.0234086	0.0234243	0.0234366	0.0234489	0.0234668	0.0234847	0.0234951	0.0235055	0.0234935	0.0234814	0.0234704	
0.0469527	0.0469468	0.0469315	0.0469162	0.0469137	0.0469112	0.0469008	0.0468903	0.0468762	0.046862	0.0468398	0.0468175	0.0467937	0.0467698	0.046739	0.0467081	0.0466792	0.0466502	0.0466178	0.0465855	0.0465572	0.0465289	0.046498	0.0464672	0.046439	0.0464108	0.0463902	0.0463696	0.0463605	0.0463513	0.0463443	0.0463373	0.0463381	0.0463388	0.0463414	0.0463439	0.0463536	0.0463633	0.046376	0.0463888	0.0464132	0.0464376	0.0464663	0.0464951	0.0465239	0.0465528	0.0465814	0.04661	0.046642	0.0466741	0.0467046	0.0467352	0.0467643	0.0467934	0.046821	0.0468487	0.046871	0.0468934	0.0469162	0.0469389	0.0469545	0.0469701	0.0469643	0.0469585	0.0469527	
0.0704349	0.0704341	0.0704179	0.0704018	0.0703946	0.0703874	0.0703664	0.0703454	0.0703224	0.0702994	0.0702647	0.07023	0.0701939	0.0701578	0.0701112	0.0700647	0.070021	0.0699773	0.0699284	0.0698795	0.0698368	0.0697941	0.069748	0.0697019	0.0696591	0.0696163	0.0695845	0.0695526	0.0695389	0.0695252	0.0695145	0.0695038	0.0695051	0.0695064	0.0695103	0.0695143	0.0695291	0.0695439	0.0695636	0.0695834	0.069621	0.0696586	0.0697018	0.069745	0.0697886	0.0698322	0.0698753	0.0699185	0.0699667	0.0700149	0.0700606	0.0701064	0.0701501	0.0701938	0.0702335	0.0702731	0.0703055	0.0703379	0.0703655	0.0703932	0.0704139	0.0704347	0.0704352	0.0704357	0.0704349	
0.0939408	0.093941	0.0939298	0.0939186	0.0939076	0.0938966	0.0938633	0.0938299	0.093797	0.0937642	0.0937159	0.0936676	0.0936186	0.0935696	0.0935063	0.093443	0.0933831	0.0933231	0.0932551	0.093187	0.0931275	0.0930679	0.0930047	0.0929416	0.0928822	0.0928229	0.0927745	0.0927261	0.0927035	0.092681	0.0926662	0.0926514	0.0926525	0.0926537	0.0926599	0.0926661	0.0926874	0.0927087	0.0927409	0.0927731	0.0928294	0.0928858	0.0929427	0.0929996	0.0930613	0.093123	0.0931826	0.0932422	0.093309	0.0933758	0.0934371	0.0934983	0.0935578	0.0936173	0.093667	0.0937166	0.0937602	0.0938039	0.0938332	0.0938626	0.0938914	0.0939203	0.0939305	0.0939407	0.0939408	
0.117447	0.117448	0.117442	0.117435	0.117421	0.117406	0.11736	0.117314	0.117272	0.117229	0.117167	0.117105	0.117043	0.116981	0.116901	0.116821	0.116745	0.116669	0.116582	0.116495	0.116418	0.116342	0.116261	0.116181	0.116105	0.11603	0.115965	0.1159	0.115868	0.115837	0.115818	0.115799	0.1158	0.115801	0.115809	0.115818	0.115846	0.115874	0.115918	0.115963	0.116038	0.116113	0.116184	0.116254	0.116334	0.116414	0.11649	0.116566	0.116651	0.116737	0.116814	0.11689	0.116966	0.117041	0.1171	0.11716	0.117215	0.11727	0.117301	0.117332	0.117369	0.117406	0.117426	0.117446	0.117447	
0.14099	0.140984	0.140976	0.140968	0.140952	0.140937	0.140887	0.140836	0.140786	0.140735	0.140661	0.140586	0.140511	0.140435	0.140338	0.14024	0.140146	0.140051	0.139941	0.139832	0.139734	0.139637	0.139534	0.139431	0.139341	0.139251	0.139161	0.139072	0.139024	0.138976	0.138948	0.138921	0.138922	0.138924	0.138936	0.138949	0.13899	0.13903	0.139098	0.139165	0.139257	0.13935	0.139439	0.139527	0.139628	0.139728	0.139825	0.139922	0.140028	0.140134	0.140227	0.14032	0.140412	0.140503	0.140574	0.140646	0.140713	0.14078	0.140821	0.140862	0.140908	0.140954	0.140975	0.140995	0.14099	
0.164533	0.16452	0.164511	0.164501	0.164484	0.164467	0.164413	0.164359	0.1643	0.164241	0.164154	0.164067	0.163978	0.163889	0.163774	0.163659	0.163546	0.163433	0.163301	0.163169	0.163051	0.162933	0.162807	0.162681	0.162576	0.162472	0.162358	0.162244	0.162179	0.162114	0.162079	0.162043	0.162045	0.162046	0.162063	0.162079	0.162133	0.162187	0.162277	0.162367	0.162477	0.162587	0.162694	0.162801	0.162921	0.163042	0.16316	0.163278	0.163404	0.163531	0.163641	0.163751	0.163858	0.163965	0.164048	0.164132	0.164211	0.164291	0.164341	0.164392	0.164447	0.164501	0.164523	0.164545	0.164533	
0.188127	0.188116	0.188105	0.188094	0.188073	0.188051	0.187992	0.187933	0.187868	0.187803	0.187704	0.187605	0.187504	0.187402	0.187268	0.187135	0.187002	0.18687	0.186712	0.186554	0.186408	0.186261	0.18611	0.185958	0.185824	0.185691	0.185564	0.185438	0.185343	0.185248	0.1852	0.185152	0.185149	0.185146	0.185175	0.185204	0.18528	0.185355	0.185467	0.185579	0.185708	0.185836	0.185969	0.186103	0.186251	0.186399	0.186542	0.186686	0.186836	0.186986	0.187113	0.187241	0.187365	0.18749	0.187584	0.187679	0.187769	0.187859	0.187916	0.187973	0.188031	0.188088	0.188113	0.188138	0.188127	
0.211721	0.211712	0.2117	0.211688	0.211661	0.211635	0.211572	0.211508	0.211436	0.211364	0.211254	0.211144	0.211029	0.210914	0.210762	0.210611	0.210459	0.210306	0.210123	0.20994	0.209765	0.20959	0.209412	0.209234	0.209072	0.208911	0.208771	0.208631	0.208507	0.208382	0.208321	0.20826	0.208253	0.208247	0.208288	0.20833	0.208426	0.208522	0.208657	0.208792	0.208938	0.209084	0.209244	0.209405	0.20958	0.209755	0.209924	0.210093	0.210267	0.21044	0.210586	0.210731	0.210873	0.211014	0.21112	0.211227	0.211327	0.211427	0.211491	0.211555	0.211615	0.211676	0.211703	0.21173	0.211721	
0.235371	0.235362	0.235349	0.235335	0.235306	0.235276	0.23521	0.235144	0.235067	0.23499	0.234873	0.234756	0.234631	0.234506	0.234338	0.234171	0.233997	0.233824	0.233614	0.233403	0.233194	0.232984	0.232767	0.232549	0.232351	0.232153	0.23198	0.231808	0.231668	0.231527	0.231449	0.23137	0.231362	0.231354	0.231408	0.231463	0.231581	0.231698	0.231856	0.232014	0.232195	0.232376	0.23257	0.232765	0.232976	0.233188	0.233387	0.233586	0.233784	0.233981	0.234145	0.234308	0.234463	0.234619	0.234734	0.23485	0.234957	0.235063	0.235132	0.235201	0.235262	0.235324	0.235352	0.23538	0.235371	
0.259021	0.259013	0.258998	0.258982	0.25895	0.258917	0.258848	0.25878	0.258698	0.258616	0.258492	0.258369	0.258233	0.258097	0.257914	0.25773	0.257536	0.257342	0.257104	0.256866	0.256623	0.256379	0.256122	0.255864	0.25563	0.255395	0.25519	0.254985	0.254829	0.254673	0.254577	0.254481	0.254471	0.254461	0.254529	0.254597	0.254736	0.254875	0.255055	0.255236	0.255451	0.255667	0.255896	0.256125	0.256373	0.256621	0.256849	0.257078	0.2573	0.257523	0.257704	0.257885	0.258054	0.258223	0.258348	0.258473	0.258586	0.258699	0.258773	0.258847	0.258909	0.258972	0.259	0.259029	0.259021	
0.282729	0.282722	0.282706	0.282691	0.282656	0.282622	0.282553	0.282484	0.282401	0.282317	0.28219	0.282063	0.281922	0.281781	0.281587	0.281394	0.281183	0.280972	0.28071	0.280448	0.280167	0.279886	0.279583	0.279281	0.278984	0.278686	0.278442	0.278198	0.277993	0.277789	0.277692	0.277596	0.27758	0.277565	0.277653	0.277742	0.277902	0.278062	0.278292	0.278522	0.278782	0.279041	0.279323	0.279604	0.279891	0.280178	0.280435	0.280692	0.280935	0.281178	0.281371	0.281565	0.281742	0.28192	0.282049	0.282179	0.282294	0.282408	0.282483	0.282558	0.282618	0.282679	0.282708	0.282736	0.282729	
0.306437	0.30643	0.306415	0.306399	0.306363	0.306327	0.306258	0.306188	0.306103	0.306018	0.305888	0.305758	0.305611	0.305464	0.305261	0.305058	0.30483	0.304603	0.304316	0.304029	0.303711	0.303393	0.303045	0.302698	0.302337	0.301977	0.301694	0.301411	0.301158	0.300905	0.300808	0.300712	0.30069	0.300668	0.300777	0.300887	0.301068	0.301248	0.301528	0.301808	0.302112	0.302416	0.302749	0.303082	0.303409	0.303735	0.304021	0.304306	0.304569	0.304832	0.305039	0.305245	0.305431	0.305616	0.305751	0.305885	0.306001	0.306117	0.306193	0.306269	0.306328	0.306386	0.306415	0.306444	0.306437	
0.330191	0.330184	0.330169	0.330155	0.330121	0.330086	0.330022	0.329958	0.329878	0.329797	0.329672	0.329548	0.329404	0.329259	0.329055	0.32885	0.328613	0.328376	0.328071	0.327765	0.32741	0.327054	0.326658	0.326261	0.325823	0.325385	0.32503	0.324675	0.324361	0.324047	0.323934	0.323821	0.323803	0.323785	0.323923	0.324061	0.324293	0.324525	0.32487	0.325214	0.325587	0.32596	0.326348	0.326736	0.327102	0.327467	0.327774	0.328081	0.328358	0.328636	0.328845	0.329054	0.329238	0.329423	0.329552	0.329682	0.329791	0.3299	0.329971	0.330041	0.330094	0.330146	0.330172	0.330198	0.330191	
0.353945	0.353938	0.353924	0.353911	0.353878	0.353846	0.353787	0.353728	0.353652	0.353576	0.353457	0.353338	0.353196	0.353054	0.352848	0.352643	0.352396	0.35215	0.351826	0.351501	0.351109	0.350716	0.35027	0.349825	0.349308	0.348792	0.348366	0.34794	0.347564	0.347189	0.34706	0.346931	0.346916	0.346902	0.347068	0.347235	0.347518	0.347801	0.348211	0.348621	0.349062	0.349503	0.349946	0.35039	0.350794	0.351199	0.351528	0.351857	0.352148	0.352439	0.352651	0.352863	0.353046	0.353229	0.353354	0.353478	0.353581	0.353683	0.353748	0.353814	0.353859	0.353905	0.353929	0.353952	0.353945	
0.377724	0.377714	0.377704	0.377694	0.377666	0.377638	0.377589	0.377541	0.377476	0.377412	0.377308	0.377205	0.377079	0.376952	0.376763	0.376574	0.376336	0.376098	0.375774	0.37545	0.375032	0.374613	0.374123	0.373632	0.373018	0.372404	0.37189	0.371376	0.370871	0.370366	0.370267	0.370169	0.370137	0.370106	0.370341	0.370576	0.37091	0.371245	0.371766	0.372288	0.372808	0.373328	0.373822	0.374316	0.374747	0.375178	0.37551	0.375842	0.376126	0.37641	0.376606	0.376803	0.376967	0.377132	0.37724	0.377348	0.377433	0.377518	0.377572	0.377626	0.37766	0.377695	0.377715	0.377734	0.377724	
0.401504	0.401491	0.401484	0.401477	0.401454	0.401431	0.401392	0.401353	0.4013	0.401247	0.40116	0.401073	0.400962	0.400851	0.400678	0.400504	0.400275	0.400046	0.399723	0.399399	0.398955	0.398511	0.397975	0.39744	0.396728	0.396016	0.395414	0.394813	0.394178	0.393544	0.393475	0.393407	0.393358	0.393309	0.393613	0.393917	0.394303	0.394689	0.395322	0.395955	0.396554	0.397153	0.397698	0.398243	0.3987	0.399157	0.399492	0.399828	0.400104	0.40038	0.400561	0.400742	0.400888	0.401034	0.401125	0.401217	0.401284	0.401352	0.401395	0.401437	0.401462	0.401486	0.401501	0.401516	0.401504	
0.425279	0.425265	0.425262	0.425259	0.425244	0.425229	0.425206	0.425184	0.425151	0.425118	0.425059	0.425001	0.424922	0.424843	0.424708	0.424574	0.42438	0.424187	0.423897	0.423607	0.423167	0.422726	0.422166	0.421606	0.420784	0.419961	0.419227	0.418493	0.417745	0.416997	0.41691	0.416824	0.416769	0.416713	0.417132	0.417551	0.418061	0.41857	0.419319	0.420069	0.420751	0.421433	0.421989	0.422545	0.423001	0.423456	0.423751	0.424046	0.424286	0.424527	0.424663	0.424799	0.424908	0.425016	0.425074	0.425133	0.425173	0.425213	0.425236	0.425259	0.425268	0.425277	0.425285	0.425294	0.425279	
0.449055	0.449038	0.44904	0.449042	0.449034	0.449027	0.449021	0.449015	0.449002	0.448988	0.448959	0.448929	0.448882	0.448834	0.448739	0.448644	0.448486	0.448327	0.448072	0.447816	0.447379	0.446942	0.446358	0.445773	0.444839	0.443906	0.44304	0.442174	0.441312	0.44045	0.440346	0.440242	0.440179	0.440116	0.440651	0.441185	0.441818	0.442452	0.443317	0.444183	0.444948	0.445713	0.44628	0.446848	0.447302	0.447755	0.44801	0.448265	0.448469	0.448673	0.448765	0.448856	0.448927	0.448998	0.449023	0.449048	0.449061	0.449073	0.449077	0.449081	0.449075	0.449069	0.44907	0.449071	0.449055	
0.472786	0.472767	0.472774	0.472782	0.472785	0.472787	0.472801	0.472816	0.472828	0.472841	0.47285	0.472859	0.472859	0.472859	0.472827	0.472796	0.47271	0.472624	0.47245	0.472276	0.471909	0.471541	0.470979	0.470416	0.4694	0.468383	0.467335	0.466288	0.465193	0.464099	0.464314	0.464529	0.464241	0.463953	0.464683	0.465413	0.466173	0.466934	0.467951	0.468969	0.469785	0.470602	0.471106	0.47161	0.471999	0.472387	0.472541	0.472696	0.472819	0.472942	0.47296	0.472978	0.472987	0.472997	0.472977	0.472958	0.472932	0.472907	0.472888	0.472868	0.472843	0.472818	0.472812	0.472806	0.472786	
0.496518	0.496495	0.496509	0.496522	0.496535	0.496548	0.496582	0.496616	0.496655	0.496693	0.496741	0.496789	0.496837	0.496884	0.496916	0.496947	0.496934	0.49692	0.496828	0.496736	0.496438	0.49614	0.4956	0.49506	0.49396	0.49286	0.491631	0.490402	0.489075	0.487749	0.488283	0.488817	0.488303	0.48779	0.488715	0.489641	0.490528	0.491416	0.492585	0.493755	0.494623	0.495492	0.495932	0.496373	0.496696	0.497019	0.497073	0.497126	0.497169	0.497211	0.497155	0.497099	0.497048	0.496996	0.496932	0.496867	0.496804	0.496741	0.496698	0.496655	0.496612	0.496568	0.496554	0.496541	0.496518	
0.520164	0.520139	0.520158	0.520177	0.5202	0.520222	0.520277	0.520332	0.520398	0.520464	0.520556	0.520648	0.520753	0.520857	0.520975	0.521092	0.521188	0.521285	0.521351	0.521417	0.521277	0.521138	0.520793	0.520448	0.519312	0.518176	0.516779	0.515381	0.51396	0.512538	0.512899	0.513259	0.512889	0.512518	0.513952	0.515386	0.516335	0.517284	0.518338	0.519391	0.520275	0.521159	0.521361	0.521563	0.521727	0.521892	0.521765	0.521639	0.521559	0.521479	0.521323	0.521167	0.521043	0.520919	0.520803	0.520687	0.520586	0.520485	0.520419	0.520353	0.520291	0.52023	0.520209	0.520189	0.520164	
0.54381	0.543783	0.543808	0.543832	0.543864	0.543897	0.543972	0.544048	0.544141	0.544234	0.54437	0.544506	0.544668	0.544831	0.545033	0.545236	0.545443	0.545651	0.545874	0.546097	0.546116	0.546135	0.545986	0.545836	0.544665	0.543493	0.541927	0.54036	0.538844	0.537328	0.537514	0.537701	0.537474	0.537247	0.539189	0.541131	0.542142	0.543153	0.544091	0.545028	0.545927	0.546826	0.54679	0.546754	0.546759	0.546764	0.546457	0.546151	0.545949	0.545746	0.54549	0.545234	0.545038	0.544842	0.544674	0.544507	0.544369	0.54423	0.54414	0.54405	0.543971	0.543892	0.543864	0.543836	0.54381	
0.567336	0.567309	0.567338	0.567367	0.567405	0.567444	0.567535	0.567626	0.567739	0.567852	0.568023	0.568193	0.568406	0.568619	0.568902	0.569185	0.569519	0.569854	0.570273	0.570692	0.571066	0.571441	0.571714	0.571987	0.570911	0.569834	0.568015	0.566195	0.564967	0.563739	0.563146	0.562553	0.562834	0.563115	0.56591	0.568705	0.56958	0.570456	0.570996	0.571535	0.572411	0.573287	0.57273	0.572174	0.571895	0.571616	0.571068	0.57052	0.570162	0.569804	0.569449	0.569095	0.568829	0.568563	0.568357	0.568151	0.567983	0.567815	0.567711	0.567606	0.567516	0.567426	0.567394	0.567363	0.567336	
0.590862	0.590834	0.590868	0.590901	0.590946	0.590992	0.591098	0.591203	0.591337	0.59147	0.591676	0.591881	0.592144	0.592407	0.59277	0.593134	0.593595	0.594056	0.594672	0.595287	0.596017	0.596746	0.597442	0.598138	0.597157	0.596176	0.594103	0.59203	0.59109	0.59015	0.588778	0.587405	0.588194	0.588983	0.592631	0.596279	0.597019	0.597758	0.597901	0.598043	0.598895	0.599748	0.598671	0.597594	0.597031	0.596467	0.595678	0.594889	0.594375	0.593861	0.593409	0.592956	0.59262	0.592285	0.59204	0.591795	0.591598	0.5914	0.591281	0.591163	0.591061	0.59096	0.590925	0.590889	0.590862	
0.614251	0.614227	0.614261	0.614295	0.614341	0.614386	0.614495	0.614603	0.614741	0.614879	0.615094	0.615308	0.615596	0.615883	0.616288	0.616694	0.617259	0.617825	0.618647	0.61947	0.620676	0.621882	0.623297	0.624712	0.624111	0.623511	0.620832	0.618153	0.616404	0.614654	0.613942	0.613229	0.614693	0.616158	0.621408	0.626659	0.627313	0.627967	0.626572	0.625177	0.625257	0.625338	0.623747	0.622156	0.621297	0.620437	0.619503	0.618568	0.617978	0.617388	0.616897	0.616406	0.616054	0.615702	0.615448	0.615194	0.614992	0.614791	0.614671	0.614552	0.614447	0.614343	0.61431	0.614276	0.614251	
0.637641	0.637619	0.637654	0.637689	0.637735	0.637781	0.637892	0.638003	0.638146	0.638288	0.638512	0.638736	0.639048	0.639359	0.639807	0.640254	0.640924	0.641593	0.642623	0.643653	0.645336	0.647019	0.649152	0.651286	0.651066	0.650846	0.647561	0.644277	0.641718	0.639158	0.639105	0.639053	0.641193	0.643334	0.650186	0.657038	0.657607	0.658176	0.655244	0.652311	0.65162	0.650928	0.648823	0.646718	0.645563	0.644407	0.643328	0.642248	0.641581	0.640914	0.640385	0.639856	0.639487	0.639118	0.638855	0.638593	0.638387	0.638182	0.638062	0.637941	0.637834	0.637726	0.637695	0.637663	0.637641	
0.660907	0.66089	0.660923	0.660956	0.660993	0.66103	0.66113	0.66123	0.661355	0.66148	0.66168	0.66188	0.662162	0.662443	0.662854	0.663264	0.663911	0.664559	0.665609	0.66666	0.668514	0.670369	0.673103	0.675837	0.675546	0.675255	0.670084	0.664913	0.662365	0.659817	0.660352	0.660887	0.662781	0.664674	0.671561	0.678447	0.679055	0.679663	0.677674	0.675685	0.674495	0.673304	0.671212	0.66912	0.667962	0.666805	0.665854	0.664904	0.664298	0.663692	0.66324	0.662788	0.662463	0.662137	0.661918	0.661699	0.661523	0.661347	0.66125	0.661154	0.661062	0.660971	0.660948	0.660925	0.660907	
0.684173	0.68416	0.684191	0.684222	0.68425	0.684278	0.684368	0.684458	0.684564	0.684671	0.684848	0.685024	0.685275	0.685527	0.6859	0.686274	0.686899	0.687524	0.688596	0.689667	0.691693	0.693719	0.697054	0.700389	0.700026	0.699664	0.692606	0.685548	0.683011	0.680475	0.681598	0.682722	0.684368	0.686015	0.692935	0.699855	0.700502	0.701149	0.700104	0.699059	0.697369	0.695679	0.693601	0.691523	0.690362	0.689202	0.688381	0.687559	0.687015	0.68647	0.686095	0.68572	0.685439	0.685157	0.684981	0.684806	0.684659	0.684512	0.684439	0.684366	0.684291	0.684216	0.684201	0.684187	0.684173	
0.707347	0.707337	0.707364	0.707392	0.707408	0.707423	0.707485	0.707548	0.707616	0.707684	0.707798	0.707913	0.708078	0.708243	0.708477	0.708711	0.709133	0.709554	0.710241	0.710928	0.712264	0.7136	0.715105	0.716609	0.714645	0.712681	0.70797	0.703258	0.702926	0.702595	0.701799	0.701003	0.70217	0.703337	0.706816	0.710295	0.712959	0.715623	0.716623	0.717624	0.71579	0.713956	0.712625	0.711294	0.710638	0.709982	0.709591	0.709201	0.708905	0.708609	0.708419	0.708229	0.708064	0.707898	0.707806	0.707715	0.707623	0.707531	0.707495	0.707459	0.70741	0.70736	0.707358	0.707357	0.707347	
0.73052	0.730514	0.730538	0.730561	0.730565	0.730568	0.730603	0.730637	0.730667	0.730696	0.730749	0.730802	0.730881	0.730959	0.731054	0.731148	0.731366	0.731584	0.731886	0.732189	0.732835	0.733481	0.733155	0.732829	0.729263	0.725698	0.723333	0.720968	0.722841	0.724714	0.721999	0.718778	0.719737	0.72039	0.722862	0.720734	0.725415	0.730096	0.733142	0.736189	0.734211	0.732234	0.731649	0.731065	0.730913	0.730762	0.730802	0.730842	0.730795	0.730748	0.730743	0.730738	0.730688	0.730639	0.730631	0.730624	0.730587	0.73055	0.730551	0.730552	0.730528	0.730504	0.730516	0.730527	0.73052	
0.753669	0.753666	0.753683	0.7537	0.753687	0.753674	0.753679	0.753683	0.753666	0.753649	0.753633	0.753617	0.753588	0.753559	0.753496	0.753433	0.753378	0.753323	0.753169	0.753015	0.752886	0.752757	0.750991	0.749224	0.744641	0.740057	0.743909	0.747761	0.756279	0.764797	0.761117	0.756786	0.750938	0.743402	0.74279	0.744015	0.744991	0.745967	0.748124	0.750282	0.749531	0.74878	0.749553	0.750325	0.750875	0.751426	0.751906	0.752386	0.752595	0.752805	0.752989	0.753172	0.753248	0.753323	0.753404	0.753484	0.753509	0.753534	0.753574	0.753614	0.753618	0.753623	0.753647	0.753672	0.753669	
0.776817	0.776817	0.776828	0.776838	0.776809	0.77678	0.776755	0.776729	0.776665	0.776601	0.776517	0.776432	0.776296	0.776159	0.775939	0.775718	0.77539	0.775062	0.774451	0.773841	0.772937	0.772034	0.768826	0.765619	0.760018	0.754417	0.764486	0.774555	0.789718	0.80488	0.800236	0.795662	0.78791	0.777951	0.770906	0.767295	0.764567	0.761838	0.763106	0.764374	0.76485	0.765327	0.767456	0.769586	0.770837	0.772089	0.77301	0.77393	0.774396	0.774861	0.775234	0.775606	0.775807	0.776008	0.776176	0.776344	0.776431	0.776518	0.776597	0.776676	0.776709	0.776741	0.776779	0.776817	0.776817	
0.800012	0.80002	0.800019	0.800019	0.799978	0.799938	0.799888	0.799838	0.799743	0.799648	0.799514	0.79938	0.799181	0.798983	0.798667	0.798351	0.797897	0.797443	0.796602	0.795762	0.794383	0.793003	0.787831	0.782659	0.777436	0.772213	0.786233	0.800253	0.811054	0.821856	0.820101	0.81856	0.815162	0.807482	0.798679	0.79316	0.790716	0.788272	0.788184	0.788096	0.788185	0.788273	0.79031	0.792346	0.793469	0.794592	0.795534	0.796476	0.797001	0.797526	0.797966	0.798406	0.798664	0.798923	0.799138	0.799354	0.799477	0.799601	0.799707	0.799813	0.799862	0.799912	0.799958	0.800004	0.800012	
0.823207	0.823222	0.823211	0.8232	0.823148	0.823095	0.823021	0.822947	0.822821	0.822694	0.822511	0.822328	0.822067	0.821806	0.821394	0.820983	0.820403	0.819823	0.818753	0.817683	0.815828	0.813972	0.806836	0.7997	0.794854	0.790009	0.80798	0.825951	0.832391	0.83883	0.839966	0.841102	0.835166	0.82923	0.824127	0.819024	0.816865	0.814706	0.813263	0.811819	0.811519	0.811219	0.813163	0.815107	0.816102	0.817096	0.818059	0.819022	0.819606	0.820191	0.820698	0.821205	0.821521	0.821837	0.822101	0.822364	0.822524	0.822683	0.822816	0.822949	0.823016	0.823083	0.823137	0.823191	0.823207	
0.846498	0.846516	0.846499	0.846483	0.846427	0.846371	0.846285	0.846199	0.846063	0.845926	0.845727	0.845528	0.845251	0.844974	0.844553	0.844131	0.843552	0.842972	0.841953	0.840934	0.839352	0.837771	0.832729	0.827686	0.823911	0.820136	0.833017	0.845898	0.850637	0.855377	0.859322	0.863267	0.857049	0.850831	0.847025	0.843219	0.841191	0.839162	0.838214	0.837266	0.836896	0.836525	0.837895	0.839265	0.839992	0.840719	0.84155	0.842381	0.84291	0.843438	0.843927	0.844417	0.844733	0.845049	0.84532	0.84559	0.845765	0.84594	0.84608	0.84622	0.846297	0.846374	0.846427	0.84648	0.846498	
0.869789	0.869809	0.869787	0.869766	0.869706	0.869647	0.869549	0.869452	0.869305	0.869157	0.868943	0.868728	0.868436	0.868143	0.867711	0.86728	0.8667	0.866121	0.865152	0.864184	0.862877	0.86157	0.858622	0.855673	0.852968	0.850263	0.858054	0.865844	0.868884	0.871923	0.878678	0.885432	0.878933	0.872433	0.869924	0.867414	0.865516	0.863618	0.863165	0.862713	0.862272	0.861832	0.862627	0.863423	0.863882	0.864342	0.865041	0.86574	0.866213	0.866686	0.867157	0.867628	0.867945	0.868262	0.868539	0.868816	0.869007	0.869197	0.869344	0.869491	0.869578	0.869665	0.869717	0.869769	0.869789	
0.893207	0.893226	0.893203	0.893181	0.893126	0.893071	0.892976	0.892881	0.892743	0.892605	0.892408	0.892212	0.891948	0.891684	0.891318	0.890952	0.890458	0.889963	0.889253	0.888544	0.887502	0.886461	0.884805	0.883149	0.882246	0.881343	0.887441	0.893538	0.897928	0.902318	0.906492	0.910666	0.905262	0.899857	0.896581	0.893304	0.891434	0.889563	0.888966	0.88837	0.887827	0.887285	0.887714	0.888144	0.888428	0.888711	0.889232	0.889754	0.89013	0.890506	0.890894	0.891283	0.89156	0.891836	0.892078	0.892321	0.892492	0.892664	0.892796	0.892928	0.893011	0.893095	0.893142	0.893188	0.893207	
0.916625	0.916642	0.916619	0.916596	0.916546	0.916496	0.916403	0.91631	0.916182	0.916053	0.915874	0.915695	0.91546	0.915225	0.914925	0.914624	0.914215	0.913806	0.913355	0.912903	0.912127	0.911352	0.910988	0.910625	0.911524	0.912423	0.916828	0.921233	0.926973	0.932714	0.934307	0.9359	0.931591	0.927282	0.923238	0.919195	0.917351	0.915508	0.914767	0.914026	0.913382	0.912738	0.912802	0.912866	0.912973	0.913081	0.913424	0.913767	0.914046	0.914326	0.914632	0.914938	0.915175	0.915411	0.915618	0.915825	0.915978	0.916132	0.916248	0.916364	0.916445	0.916525	0.916567	0.916608	0.916625	
0.940176	0.940191	0.940169	0.940147	0.940107	0.940066	0.939987	0.939908	0.939803	0.939699	0.939554	0.939409	0.939226	0.939044	0.938825	0.938607	0.938321	0.938036	0.937783	0.937531	0.937096	0.936662	0.936736	0.93681	0.937672	0.938535	0.941953	0.945371	0.949637	0.953902	0.955111	0.956319	0.953456	0.950592	0.947532	0.944474	0.942761	0.941049	0.940258	0.939467	0.938753	0.938038	0.937924	0.93781	0.937765	0.93772	0.937909	0.938097	0.938264	0.93843	0.938644	0.938857	0.939031	0.939205	0.939363	0.939522	0.939646	0.939771	0.939864	0.939956	0.940026	0.940095	0.940128	0.940161	0.940176	
0.963726	0.963739	0.963719	0.963698	0.963668	0.963637	0.963571	0.963505	0.963425	0.963344	0.963233	0.963122	0.962993	0.962863	0.962726	0.962589	0.962428	0.962267	0.962213	0.962158	0.962065	0.961972	0.962483	0.962994	0.963821	0.964647	0.967079	0.96951	0.9723	0.97509	0.975914	0.976738	0.975319	0.973901	0.971826	0.969752	0.968171	0.96659	0.965749	0.964908	0.964123	0.963339	0.963047	0.962754	0.962557	0.96236	0.962394	0.962427	0.962481	0.962535	0.962655	0.962775	0.962887	0.962999	0.963108	0.963218	0.963314	0.96341	0.963479	0.963549	0.963607	0.963666	0.96369	0.963714	0.963726	
0.98739	0.9874	0.987383	0.987366	0.987347	0.987328	0.98728	0.987233	0.98718	0.987126	0.987056	0.986986	0.986908	0.98683	0.986767	0.986705	0.986635	0.986565	0.986624	0.986683	0.986746	0.986809	0.987391	0.987973	0.988798	0.989623	0.991624	0.993625	0.995635	0.997645	0.998472	0.999299	0.99833	0.99736	0.995775	0.99419	0.992827	0.991465	0.990614	0.989762	0.989001	0.988239	0.987855	0.987471	0.987204	0.986938	0.986863	0.986788	0.986763	0.986738	0.986779	0.986819	0.986875	0.986931	0.986991	0.987052	0.987115	0.987178	0.987221	0.987263	0.987307	0.987351	0.987365	0.987379	0.98739	
1.01105	1.01106	1.01105	1.01103	1.01103	1.01102	1.01099	1.01096	1.01093	1.01091	1.01088	1.01085	1.01082	1.0108	1.01081	1.01082	1.01084	1.01086	1.01104	1.01121	1.01143	1.01165	1.0123	1.01295	1.01378	1.0146	1.01617	1.01774	1.01897	1.0202	1.02103	1.02186	1.02134	1.02082	1.01972	1.01863	1.01748	1.01634	1.01548	1.01462	1.01388	1.01314	1.01266	1.01219	1.01185	1.01152	1.01133	1.01115	1.01105	1.01094	1.0109	1.01086	1.01086	1.01086	1.01087	1.01089	1.01092	1.01095	1.01096	1.01098	1.01101	1.01104	1.01104	1.01104	1.01105	
1.03479	1.0348	1.03479	1.03478	1.03478	1.03479	1.03478	1.03476	1.03476	1.03476	1.03477	1.03477	1.03479	1.03481	1.03487	1.03494	1.03502	1.0351	1.03534	1.03557	1.03585	1.03612	1.03678	1.03743	1.03819	1.03894	1.04025	1.04155	1.04257	1.0436	1.04423	1.04486	1.04454	1.04421	1.04332	1.04244	1.04149	1.04054	1.03976	1.03898	1.0383	1.03761	1.03712	1.03663	1.03626	1.03589	1.03566	1.03542	1.03526	1.03511	1.03502	1.03492	1.03488	1.03484	1.03481	1.03478	1.03478	1.03478	1.03478	1.03477	1.03478	1.0348	1.03479	1.03479	1.03479	
1.05854	1.05854	1.05853	1.05853	1.05854	1.05856	1.05856	1.05857	1.05859	1.05862	1.05866	1.0587	1.05876	1.05881	1.05893	1.05905	1.05919	1.05934	1.05964	1.05994	1.06027	1.06059	1.06125	1.06192	1.0626	1.06329	1.06432	1.06536	1.06617	1.06699	1.06743	1.06787	1.06773	1.0676	1.06692	1.06625	1.06549	1.06474	1.06404	1.06335	1.06271	1.06208	1.06158	1.06107	1.06067	1.06027	1.05998	1.05969	1.05948	1.05928	1.05913	1.05898	1.0589	1.05881	1.05874	1.05867	1.05865	1.05862	1.05859	1.05856	1.05856	1.05856	1.05854	1.05853	1.05854	
1.08231	1.08232	1.08231	1.08231	1.08233	1.08236	1.08238	1.0824	1.08244	1.08248	1.08255	1.08261	1.0827	1.08278	1.08293	1.08308	1.08325	1.08342	1.08373	1.08405	1.08439	1.08472	1.08533	1.08594	1.08655	1.08716	1.08803	1.0889	1.08956	1.09021	1.09059	1.09097	1.09088	1.09079	1.09027	1.08975	1.08913	1.08852	1.0879	1.08729	1.08672	1.08615	1.08566	1.08518	1.08479	1.0844	1.08409	1.08378	1.08355	1.08333	1.08315	1.08298	1.08286	1.08275	1.08266	1.08256	1.08252	1.08247	1.08242	1.08237	1.08236	1.08235	1.08233	1.08231	1.08231	
1.10609	1.10609	1.10609	1.10609	1.10613	1.10616	1.10619	1.10623	1.10629	1.10635	1.10644	1.10652	1.10664	1.10675	1.10692	1.1071	1.1073	1.1075	1.10783	1.10816	1.10851	1.10885	1.1094	1.10996	1.11049	1.11102	1.11174	1.11245	1.11294	1.11343	1.11375	1.11407	1.11403	1.11398	1.11361	1.11324	1.11277	1.1123	1.11176	1.11123	1.11072	1.11022	1.10975	1.10929	1.1089	1.10852	1.10819	1.10787	1.10762	1.10737	1.10717	1.10697	1.10683	1.10669	1.10657	1.10645	1.10638	1.10632	1.10625	1.10619	1.10617	1.10614	1.10612	1.10609	1.10609	
1.12987	1.12987	1.12987	1.12988	1.12991	1.12995	1.12999	1.13003	1.13011	1.13018	1.13028	1.13038	1.1305	1.13063	1.13082	1.13101	1.13121	1.13142	1.13175	1.13207	1.1324	1.13272	1.13323	1.13373	1.13419	1.13465	1.13525	1.13584	1.13625	1.13666	1.13691	1.13717	1.13715	1.13713	1.13684	1.13655	1.13616	1.13578	1.13532	1.13487	1.13442	1.13398	1.13356	1.13313	1.13277	1.13241	1.13209	1.13178	1.13153	1.13128	1.13107	1.13086	1.1307	1.13055	1.13042	1.13029	1.13021	1.13013	1.13006	1.12999	1.12996	1.12993	1.1299	1.12987	1.12987	
1.15364	1.15364	1.15365	1.15366	1.1537	1.15374	1.15379	1.15384	1.15393	1.15401	1.15412	1.15424	1.15437	1.15451	1.15471	1.15492	1.15513	1.15534	1.15566	1.15598	1.15629	1.1566	1.15705	1.1575	1.15789	1.15828	1.15876	1.15924	1.15956	1.15989	1.16008	1.16026	1.16027	1.16028	1.16007	1.15985	1.15956	1.15927	1.15889	1.15851	1.15813	1.15774	1.15736	1.15698	1.15664	1.1563	1.15599	1.15568	1.15543	1.15518	1.15496	1.15474	1.15458	1.15442	1.15428	1.15414	1.15404	1.15395	1.15387	1.15379	1.15375	1.15371	1.15368	1.15364	1.15364	
1.17739	1.17739	1.1774	1.17741	1.17745	1.17749	1.17755	1.17761	1.17769	1.17778	1.1779	1.17802	1.17815	1.17829	1.17849	1.17869	1.17889	1.1791	1.1794	1.1797	1.17998	1.18026	1.18065	1.18105	1.18139	1.18173	1.18213	1.18253	1.18279	1.18305	1.18321	1.18336	1.18338	1.18339	1.18322	1.18305	1.18282	1.18258	1.18226	1.18194	1.18161	1.18129	1.18094	1.1806	1.1803	1.17999	1.1797	1.17942	1.17918	1.17894	1.17873	1.17852	1.17835	1.17819	1.17805	1.17791	1.17781	1.17772	1.17763	1.17755	1.17751	1.17746	1.17743	1.17739	1.17739	
1.20114	1.20114	1.20115	1.20116	1.2012	1.20125	1.20131	1.20137	1.20146	1.20155	1.20167	1.20179	1.20193	1.20207	1.20227	1.20246	1.20266	1.20285	1.20313	1.20341	1.20366	1.20392	1.20426	1.20461	1.20489	1.20517	1.20549	1.20582	1.20602	1.20622	1.20634	1.20647	1.20648	1.2065	1.20638	1.20626	1.20608	1.2059	1.20564	1.20538	1.2051	1.20483	1.20453	1.20423	1.20395	1.20368	1.20341	1.20315	1.20292	1.2027	1.20249	1.20229	1.20213	1.20197	1.20182	1.20168	1.20158	1.20148	1.20139	1.20131	1.20126	1.20122	1.20118	1.20114	1.20114	
1.22484	1.22484	1.22485	1.22486	1.2249	1.22495	1.22501	1.22507	1.22516	1.22525	1.22536	1.22548	1.22562	1.22575	1.22593	1.22612	1.2263	1.22648	1.22673	1.22699	1.22721	1.22744	1.22774	1.22804	1.22828	1.22852	1.22879	1.22905	1.22922	1.22938	1.22949	1.22959	1.22961	1.22962	1.22953	1.22943	1.22928	1.22913	1.22891	1.2287	1.22847	1.22823	1.22797	1.22772	1.22747	1.22723	1.22699	1.22675	1.22654	1.22633	1.22614	1.22595	1.2258	1.22564	1.22551	1.22537	1.22527	1.22518	1.22509	1.22501	1.22496	1.22491	1.22488	1.22484	1.22484	
1.24854	1.24854	1.24855	1.24856	1.24861	1.24865	1.24871	1.24877	1.24886	1.24894	1.24906	1.24917	1.2493	1.24943	1.2496	1.24977	1.24994	1.25011	1.25034	1.25057	1.25076	1.25096	1.25122	1.25148	1.25167	1.25187	1.25208	1.25229	1.25242	1.25255	1.25264	1.25272	1.25273	1.25275	1.25267	1.2526	1.25248	1.25237	1.25219	1.25202	1.25183	1.25164	1.25142	1.2512	1.25099	1.25078	1.25056	1.25035	1.25016	1.24997	1.24979	1.24961	1.24947	1.24932	1.24919	1.24906	1.24896	1.24887	1.24879	1.24871	1.24866	1.24861	1.24858	1.24854	1.24854	
1.27219	1.27218	1.27219	1.27221	1.27225	1.27229	1.27235	1.2724	1.27248	1.27256	1.27267	1.27278	1.27289	1.27301	1.27317	1.27333	1.27348	1.27363	1.27383	1.27403	1.27421	1.27438	1.2746	1.27481	1.27498	1.27514	1.27532	1.27549	1.2756	1.27571	1.27578	1.27585	1.27587	1.27588	1.27582	1.27576	1.27566	1.27556	1.27542	1.27527	1.27511	1.27495	1.27477	1.27458	1.2744	1.27421	1.27403	1.27384	1.27367	1.2735	1.27334	1.27318	1.27305	1.27291	1.27279	1.27267	1.27258	1.27249	1.27242	1.27234	1.2723	1.27225	1.27222	1.27219	1.27219	
1.29583	1.29583	1.29584	1.29585	1.29589	1.29593	1.29598	1.29603	1.29611	1.29618	1.29628	1.29638	1.29649	1.2966	1.29674	1.29688	1.29701	1.29715	1.29732	1.2975	1.29765	1.29779	1.29797	1.29815	1.29828	1.29841	1.29856	1.2987	1.29879	1.29887	1.29893	1.29899	1.299	1.29901	1.29896	1.29892	1.29884	1.29876	1.29865	1.29853	1.2984	1.29827	1.29812	1.29796	1.29781	1.29765	1.29749	1.29733	1.29718	1.29703	1.29689	1.29675	1.29663	1.2965	1.29639	1.29628	1.2962	1.29612	1.29605	1.29597	1.29593	1.29589	1.29586	1.29583	1.29583	
1.31942	1.31942	1.31943	1.31944	1.31947	1.31951	1.31956	1.3196	1.31967	1.31974	1.31983	1.31992	1.32001	1.32011	1.32023	1.32036	1.32047	1.32059	1.32074	1.32089	1.32102	1.32114	1.32129	1.32144	1.32155	1.32166	1.32178	1.3219	1.32198	1.32205	1.32211	1.32216	1.32217	1.32217	1.32214	1.3221	1.32203	1.32196	1.32186	1.32176	1.32165	1.32154	1.32141	1.32129	1.32115	1.32102	1.32088	1.32075	1.32062	1.32049	1.32036	1.32024	1.32013	1.32002	1.31993	1.31983	1.31975	1.31968	1.31961	1.31955	1.31951	1.31948	1.31945	1.31942	1.31942	
1.34301	1.343	1.34301	1.34302	1.34305	1.34309	1.34313	1.34318	1.34323	1.34329	1.34337	1.34345	1.34354	1.34362	1.34373	1.34383	1.34393	1.34403	1.34416	1.34429	1.34439	1.34449	1.34461	1.34474	1.34483	1.34491	1.34501	1.34511	1.34517	1.34523	1.34528	1.34533	1.34534	1.34534	1.34531	1.34528	1.34522	1.34516	1.34508	1.345	1.34491	1.34482	1.34471	1.34461	1.3445	1.34439	1.34428	1.34416	1.34405	1.34394	1.34384	1.34373	1.34364	1.34354	1.34346	1.34337	1.34331	1.34324	1.34318	1.34313	1.34309	1.34306	1.34303	1.34301	1.34301	
1.36655	1.36654	1.36655	1.36656	1.36659	1.36661	1.36665	1.36669	1.36674	1.36679	1.36686	1.36693	1.367	1.36707	1.36716	1.36725	1.36734	1.36742	1.36753	1.36763	1.36772	1.3678	1.3679	1.368	1.36808	1.36815	1.36823	1.36831	1.36836	1.36842	1.36845	1.36849	1.3685	1.3685	1.36848	1.36845	1.3684	1.36836	1.36829	1.36822	1.36814	1.36807	1.36798	1.3679	1.36781	1.36772	1.36762	1.36753	1.36744	1.36734	1.36725	1.36716	1.36709	1.36701	1.36693	1.36686	1.3668	1.36675	1.3667	1.36665	1.36662	1.36659	1.36657	1.36655	1.36655	
1.39009	1.39008	1.39009	1.3901	1.39012	1.39014	1.39018	1.39021	1.39025	1.39029	1.39035	1.39041	1.39046	1.39052	1.3906	1.39067	1.39074	1.39081	1.39089	1.39098	1.39104	1.39111	1.39119	1.39127	1.39133	1.39138	1.39145	1.39152	1.39156	1.3916	1.39163	1.39165	1.39166	1.39166	1.39164	1.39163	1.39159	1.39156	1.3915	1.39144	1.39138	1.39132	1.39125	1.39119	1.39112	1.39104	1.39097	1.3909	1.39082	1.39075	1.39067	1.3906	1.39053	1.39047	1.39041	1.39035	1.3903	1.39025	1.39021	1.39017	1.39015	1.39012	1.3901	1.39009	1.39009	
1.41359	1.41359	1.41359	1.4136	1.41362	1.41363	1.41366	1.41369	1.41372	1.41375	1.4138	1.41384	1.41389	1.41394	1.414	1.41406	1.41411	1.41416	1.41423	1.4143	1.41435	1.4144	1.41446	1.41452	1.41457	1.41461	1.41467	1.41472	1.41475	1.41478	1.4148	1.41482	1.41482	1.41482	1.41481	1.4148	1.41477	1.41475	1.4147	1.41466	1.41461	1.41456	1.41451	1.41446	1.4144	1.41435	1.41429	1.41423	1.41417	1.41411	1.41406	1.414	1.41395	1.41389	1.41385	1.4138	1.41376	1.41372	1.41369	1.41366	1.41364	1.41362	1.4136	1.41359	1.41359	
1.43709	1.43709	1.43709	1.4371	1.43711	1.43712	1.43714	1.43716	1.43719	1.43721	1.43725	1.43728	1.43732	1.43735	1.43739	1.43744	1.43748	1.43752	1.43757	1.43761	1.43765	1.43769	1.43773	1.43778	1.43781	1.43784	1.43788	1.43792	1.43794	1.43796	1.43797	1.43799	1.43799	1.43799	1.43798	1.43797	1.43796	1.43794	1.43791	1.43788	1.43784	1.4378	1.43777	1.43773	1.43769	1.43765	1.43761	1.43757	1.43752	1.43748	1.43744	1.43739	1.43736	1.43732	1.43728	1.43725	1.43722	1.43719	1.43717	1.43714	1.43713	1.43711	1.4371	1.43709	1.43709	
1.46057	1.46057	1.46057	1.46057	1.46058	1.46059	1.4606	1.46062	1.46063	1.46065	1.46067	1.46069	1.46072	1.46074	1.46077	1.4608	1.46083	1.46085	1.46088	1.46091	1.46094	1.46096	1.46099	1.46102	1.46104	1.46107	1.46109	1.46112	1.46113	1.46114	1.46115	1.46116	1.46116	1.46116	1.46116	1.46115	1.46114	1.46113	1.46111	1.46109	1.46107	1.46104	1.46102	1.46099	1.46097	1.46094	1.46091	1.46088	1.46086	1.46083	1.4608	1.46077	1.46074	1.46072	1.46069	1.46067	1.46065	1.46063	1.46062	1.4606	1.46059	1.46058	1.46057	1.46057	1.46057	
1.48404	1.48404	1.48404	1.48405	1.48405	1.48406	1.48406	1.48407	1.48408	1.48409	1.4841	1.48411	1.48412	1.48413	1.48414	1.48416	1.48417	1.48419	1.4842	1.48422	1.48423	1.48424	1.48425	1.48427	1.48428	1.48429	1.4843	1.48432	1.48432	1.48433	1.48433	1.48433	1.48433	1.48433	1.48433	1.48433	1.48432	1.48432	1.48431	1.4843	1.48429	1.48428	1.48427	1.48425	1.48424	1.48423	1.48421	1.4842	1.48419	1.48417	1.48416	1.48414	1.48413	1.48412	1.48411	1.4841	1.48409	1.48408	1.48407	1.48406	1.48406	1.48405	1.48405	1.48404	1.48404	
1.50751	1.50751	1.50751	1.50751	1.50751	1.50751	1.50751	1.50751	1.50751	1.50751	1.50751	1.50751	1.50751	1.50751	1.50751	1.50751	1.50751	1.50751	1.50751	1.50751	1.50751	1.50751	1.50751	1.50751	1.50751	1.50751	1.50751	1.50751	1.50751	1.50751	1.50751	1.50751	1.50751	1.50751	1.50751	1.50751	1.50751	1.50751	1.50751	1.50751	1.50751	1.50751	1.50751	1.50751	1.50751	1.50751	1.50751	1.50751	1.50751	1.50751	1.50751	1.50751	1.50751	1.50751	1.50751	1.50751	1.50751	1.50751	1.50751	1.50751	1.50751	1.50751	1.50751	1.50751	1.50751	
