x=95	y=200	z=200	n=65	len=1
b
0	0	0	0	0	0	0	0	0	0	0	0	0	0	0	0	0	0	0	0	0	0	0	0	0	0	0	0	0	0	0	0	0	0	0	0	0	0	0	0	0	0	0	0	0	0	0	0	0	0	0	0	0	0	0	0	0	0	0	0	0	0	0	0	0	
0.0235457	0.0235328	0.0235181	0.0235034	0.0235019	0.0235003	0.0235005	0.0235007	0.0234921	0.0234834	0.0234728	0.0234621	0.023447	0.0234318	0.0234155	0.0233992	0.023382	0.0233647	0.0233462	0.0233277	0.0233112	0.0232948	0.0232774	0.0232601	0.0232478	0.0232356	0.023223	0.0232104	0.0232056	0.0232007	0.0231959	0.023191	0.0231937	0.0231965	0.0231997	0.0232029	0.0232125	0.0232221	0.0232335	0.023245	0.0232596	0.0232742	0.0232913	0.0233083	0.0233247	0.0233412	0.0233609	0.0233805	0.0233959	0.0234113	0.0234305	0.0234497	0.0234621	0.0234745	0.0234925	0.0235106	0.0235197	0.0235288	0.0235485	0.0235683	0.0235752	0.0235821	0.0235704	0.0235586	0.0235457	
0.0471069	0.0470957	0.0470795	0.0470634	0.0470545	0.0470455	0.047035	0.0470245	0.0470039	0.0469832	0.0469596	0.0469359	0.0469053	0.0468746	0.0468414	0.0468083	0.0467737	0.0467391	0.0467017	0.0466644	0.0466313	0.0465983	0.0465629	0.0465274	0.0465031	0.0464787	0.0464524	0.0464261	0.0464173	0.0464084	0.0463974	0.0463865	0.0463931	0.0463996	0.0464056	0.0464117	0.046432	0.0464523	0.0464756	0.0464989	0.0465288	0.0465587	0.0465936	0.0466284	0.0466618	0.0466952	0.0467346	0.046774	0.0468051	0.0468363	0.0468741	0.0469118	0.0469369	0.046962	0.0469941	0.0470263	0.0470427	0.0470591	0.047085	0.0471109	0.0471203	0.0471296	0.0471238	0.0471181	0.0471069	
0.0706681	0.0706585	0.070641	0.0706235	0.0706071	0.0705908	0.0705696	0.0705483	0.0705157	0.070483	0.0704464	0.0704098	0.0703636	0.0703174	0.0702674	0.0702173	0.0701654	0.0701136	0.0700573	0.0700011	0.0699514	0.0699017	0.0698483	0.0697948	0.0697583	0.0697219	0.0696819	0.0696419	0.0696289	0.069616	0.069599	0.0695821	0.0695924	0.0696028	0.0696116	0.0696204	0.0696514	0.0696824	0.0697176	0.0697529	0.069798	0.0698432	0.0698959	0.0699486	0.0699989	0.0700492	0.0701083	0.0701674	0.0702143	0.0702613	0.0703176	0.0703739	0.0704117	0.0704495	0.0704958	0.070542	0.0705657	0.0705894	0.0706215	0.0706536	0.0706653	0.070677	0.0706773	0.0706776	0.0706681	
0.0942645	0.0942525	0.0942401	0.0942277	0.0942052	0.0941826	0.0941489	0.0941153	0.0940697	0.0940241	0.0939739	0.0939238	0.0938614	0.0937991	0.0937318	0.0936645	0.0935936	0.0935227	0.0934464	0.0933701	0.0933009	0.0932318	0.093158	0.0930843	0.0930327	0.092981	0.0929256	0.0928702	0.0928506	0.092831	0.0928088	0.0927865	0.0928006	0.0928146	0.0928282	0.0928418	0.0928857	0.0929296	0.092979	0.0930283	0.0930916	0.0931549	0.0932275	0.0933001	0.0933695	0.0934389	0.0935181	0.0935973	0.0936617	0.093726	0.0938	0.0938741	0.0939245	0.093975	0.0940327	0.0940904	0.094122	0.0941537	0.0941878	0.094222	0.0942388	0.0942557	0.0942661	0.0942766	0.0942645	
0.117861	0.117846	0.117839	0.117832	0.117803	0.117774	0.117728	0.117682	0.117624	0.117565	0.117501	0.117438	0.117359	0.117281	0.117196	0.117112	0.117022	0.116932	0.116835	0.116739	0.11665	0.116562	0.116468	0.116374	0.116307	0.11624	0.116169	0.116099	0.116072	0.116046	0.116019	0.115991	0.116009	0.116026	0.116045	0.116063	0.11612	0.116177	0.11624	0.116304	0.116385	0.116467	0.116559	0.116652	0.11674	0.116828	0.116928	0.117027	0.117109	0.117191	0.117282	0.117374	0.117437	0.1175	0.11757	0.117639	0.117678	0.117718	0.117754	0.11779	0.117812	0.117834	0.117855	0.117876	0.117861	
0.14151	0.141485	0.141477	0.14147	0.141438	0.141406	0.141355	0.141304	0.141235	0.141166	0.14109	0.141014	0.14092	0.140825	0.140724	0.140622	0.14051	0.140399	0.140281	0.140163	0.140051	0.139939	0.139821	0.139704	0.139617	0.139529	0.139439	0.139349	0.139316	0.139282	0.139246	0.139211	0.139235	0.139259	0.139283	0.139307	0.139381	0.139454	0.139535	0.139617	0.139721	0.139824	0.13994	0.140055	0.140165	0.140275	0.140396	0.140518	0.140617	0.140717	0.140825	0.140933	0.141009	0.141085	0.141165	0.141245	0.141294	0.141342	0.141387	0.141432	0.141461	0.141491	0.141513	0.141535	0.14151	
0.165159	0.165124	0.165115	0.165107	0.165072	0.165037	0.164982	0.164926	0.164847	0.164767	0.164679	0.164591	0.164481	0.16437	0.164251	0.164132	0.163999	0.163866	0.163727	0.163587	0.163452	0.163316	0.163175	0.163034	0.162926	0.162819	0.162709	0.1626	0.162559	0.162518	0.162474	0.162431	0.162461	0.162492	0.162521	0.162551	0.162641	0.162731	0.16283	0.16293	0.163056	0.163182	0.16332	0.163458	0.16359	0.163721	0.163864	0.164008	0.164125	0.164243	0.164367	0.164492	0.16458	0.164669	0.16476	0.164851	0.164909	0.164967	0.16502	0.165073	0.16511	0.165147	0.165171	0.165195	0.165159	
0.188878	0.188841	0.188832	0.188823	0.188782	0.188741	0.188681	0.188621	0.188532	0.188443	0.188346	0.188248	0.188122	0.187996	0.187862	0.187727	0.187572	0.187417	0.187253	0.18709	0.186926	0.186762	0.186591	0.186421	0.186284	0.186148	0.186012	0.185875	0.185819	0.185764	0.185714	0.185664	0.185702	0.185741	0.185782	0.185823	0.185937	0.186051	0.186175	0.1863	0.186455	0.18661	0.186774	0.186939	0.187096	0.187253	0.187419	0.187584	0.187719	0.187855	0.187994	0.188133	0.188234	0.188335	0.188435	0.188535	0.188601	0.188667	0.188726	0.188785	0.188823	0.188862	0.188888	0.188915	0.188878	
0.212596	0.212558	0.212548	0.212538	0.212491	0.212444	0.212379	0.212315	0.212217	0.212119	0.212012	0.211905	0.211764	0.211622	0.211472	0.211323	0.211145	0.210968	0.21078	0.210592	0.2104	0.210207	0.210008	0.209808	0.209643	0.209477	0.209314	0.209151	0.20908	0.20901	0.208953	0.208897	0.208944	0.208991	0.209043	0.209095	0.209233	0.209372	0.20952	0.209669	0.209854	0.210038	0.210228	0.210419	0.210603	0.210786	0.210973	0.21116	0.211313	0.211467	0.211621	0.211774	0.211887	0.212	0.212109	0.212218	0.212292	0.212366	0.212431	0.212496	0.212536	0.212577	0.212606	0.212634	0.212596	
0.236383	0.236345	0.236334	0.236323	0.236271	0.236219	0.236154	0.236089	0.235984	0.235879	0.235766	0.235653	0.235498	0.235344	0.235181	0.235019	0.234819	0.234619	0.234409	0.234199	0.233971	0.233742	0.233507	0.233272	0.233066	0.23286	0.23266	0.232459	0.232369	0.232279	0.232209	0.232139	0.232203	0.232268	0.232336	0.232405	0.232577	0.232749	0.232931	0.233114	0.233335	0.233556	0.233779	0.234003	0.234213	0.234424	0.234631	0.234838	0.23501	0.235181	0.235346	0.235511	0.235634	0.235757	0.235873	0.235989	0.236068	0.236146	0.236215	0.236283	0.236323	0.236363	0.236392	0.236421	0.236383	
0.260169	0.260131	0.260119	0.260108	0.260051	0.259995	0.259929	0.259863	0.25975	0.259638	0.259519	0.2594	0.259233	0.259065	0.258891	0.258716	0.258493	0.258271	0.258038	0.257806	0.257542	0.257277	0.257007	0.256737	0.25649	0.256243	0.256005	0.255768	0.255658	0.255548	0.255464	0.25538	0.255462	0.255544	0.255629	0.255714	0.25592	0.256126	0.256342	0.256559	0.256816	0.257074	0.25733	0.257586	0.257824	0.258062	0.258289	0.258517	0.258706	0.258895	0.259071	0.259248	0.259381	0.259514	0.259636	0.259759	0.259843	0.259927	0.259998	0.260069	0.260109	0.260149	0.260178	0.260208	0.260169	
0.284017	0.283981	0.283969	0.283958	0.2839	0.283842	0.283777	0.283713	0.283599	0.283484	0.283366	0.283247	0.283071	0.282895	0.282714	0.282532	0.282291	0.282049	0.281796	0.281544	0.281242	0.28094	0.280626	0.280311	0.280006	0.2797	0.279402	0.279103	0.278951	0.2788	0.278711	0.278622	0.278733	0.278844	0.278961	0.279077	0.279336	0.279594	0.279857	0.28012	0.280425	0.28073	0.281018	0.281306	0.281572	0.281838	0.282081	0.282324	0.282526	0.282728	0.282909	0.283091	0.283229	0.283368	0.283489	0.28361	0.283695	0.28378	0.28385	0.283919	0.283958	0.283997	0.284025	0.284054	0.284017	
0.307866	0.307831	0.307819	0.307808	0.307748	0.307688	0.307626	0.307564	0.307447	0.30733	0.307212	0.307094	0.306909	0.306724	0.306536	0.306349	0.306088	0.305828	0.305555	0.305281	0.304942	0.304602	0.304244	0.303886	0.303522	0.303158	0.302798	0.302438	0.302245	0.302052	0.301958	0.301864	0.302004	0.302144	0.302292	0.30244	0.302751	0.303062	0.303371	0.30368	0.304034	0.304387	0.304706	0.305025	0.30532	0.305614	0.305872	0.306131	0.306346	0.30656	0.306748	0.306935	0.307078	0.307222	0.307342	0.307462	0.307547	0.307633	0.307701	0.30777	0.307807	0.307845	0.307873	0.3079	0.307866	
0.331753	0.331721	0.331711	0.331701	0.331643	0.331585	0.331529	0.331474	0.33136	0.331246	0.331137	0.331027	0.330843	0.330659	0.330476	0.330294	0.33002	0.329746	0.329462	0.329179	0.328798	0.328417	0.328015	0.327613	0.327163	0.326713	0.326266	0.32582	0.325563	0.325305	0.325184	0.325063	0.325269	0.325476	0.325679	0.325882	0.326263	0.326644	0.327017	0.32739	0.327797	0.328204	0.328555	0.328907	0.329225	0.329544	0.329809	0.330074	0.330294	0.330514	0.330694	0.330873	0.331014	0.331155	0.331267	0.331379	0.331461	0.331542	0.331604	0.331666	0.331701	0.331736	0.331761	0.331786	0.331753	
0.355641	0.355611	0.355602	0.355594	0.355538	0.355482	0.355433	0.355384	0.355274	0.355163	0.355062	0.354961	0.354777	0.354594	0.354416	0.354238	0.353951	0.353664	0.35337	0.353076	0.352654	0.352232	0.351786	0.351339	0.350803	0.350268	0.349735	0.349202	0.348881	0.348559	0.34841	0.348261	0.348534	0.348807	0.349065	0.349323	0.349775	0.350226	0.350663	0.351099	0.35156	0.352021	0.352405	0.352788	0.353131	0.353474	0.353745	0.354017	0.354242	0.354468	0.35464	0.354812	0.35495	0.355089	0.355192	0.355296	0.355374	0.355452	0.355507	0.355563	0.355595	0.355627	0.35565	0.355672	0.355641	
0.379533	0.379505	0.379501	0.379497	0.379448	0.379399	0.379362	0.379325	0.379227	0.379128	0.379045	0.378962	0.378792	0.378622	0.378465	0.378308	0.378028	0.377749	0.377464	0.377179	0.376734	0.376288	0.375793	0.375298	0.374661	0.374024	0.373314	0.372603	0.372136	0.371669	0.371548	0.371427	0.371817	0.372207	0.372566	0.372925	0.373485	0.374045	0.374555	0.375066	0.375587	0.376109	0.376503	0.376897	0.377247	0.377597	0.37785	0.378103	0.378319	0.378534	0.378683	0.378832	0.378958	0.379084	0.379168	0.379252	0.379319	0.379387	0.379429	0.379472	0.379498	0.379525	0.379542	0.37956	0.379533	
0.403424	0.4034	0.403399	0.403399	0.403358	0.403317	0.403292	0.403266	0.403179	0.403092	0.403028	0.402964	0.402807	0.402651	0.402514	0.402377	0.402106	0.401834	0.401558	0.401281	0.400813	0.400344	0.399801	0.399258	0.398519	0.39778	0.396892	0.396004	0.395391	0.394778	0.394685	0.394592	0.3951	0.395607	0.396067	0.396527	0.397196	0.397865	0.398448	0.399032	0.399614	0.400196	0.400602	0.401007	0.401363	0.401719	0.401954	0.402189	0.402395	0.402601	0.402727	0.402853	0.402966	0.403079	0.403143	0.403207	0.403264	0.403321	0.403351	0.403381	0.403401	0.403422	0.403435	0.403448	0.403424	
0.427276	0.427255	0.427259	0.427264	0.427234	0.427204	0.427196	0.427188	0.427122	0.427056	0.427022	0.426989	0.426863	0.426737	0.426643	0.42655	0.42631	0.426071	0.425837	0.425602	0.425137	0.424672	0.424121	0.423569	0.4227	0.421832	0.420733	0.419634	0.418791	0.417948	0.417788	0.417629	0.418409	0.41919	0.419816	0.420441	0.421219	0.421997	0.422657	0.423318	0.423947	0.424575	0.424958	0.425341	0.425683	0.426024	0.42621	0.426395	0.426569	0.426743	0.426826	0.426909	0.426996	0.427083	0.427116	0.42715	0.427191	0.427231	0.427243	0.427255	0.427269	0.427282	0.427289	0.427296	0.427276	
0.451127	0.45111	0.451119	0.451129	0.45111	0.451092	0.451101	0.45111	0.451065	0.45102	0.451017	0.451014	0.450919	0.450823	0.450773	0.450722	0.450515	0.450307	0.450115	0.449924	0.449462	0.449001	0.44844	0.44788	0.446882	0.445884	0.444574	0.443264	0.442191	0.441117	0.440892	0.440666	0.441719	0.442772	0.443564	0.444355	0.445242	0.446129	0.446866	0.447604	0.448279	0.448954	0.449315	0.449676	0.450002	0.450329	0.450465	0.450602	0.450743	0.450885	0.450926	0.450966	0.451026	0.451086	0.45109	0.451094	0.451117	0.45114	0.451135	0.451129	0.451136	0.451143	0.451144	0.451144	0.451127	
0.474886	0.474874	0.474889	0.474903	0.4749	0.474896	0.474926	0.474956	0.474941	0.474926	0.474963	0.475	0.474952	0.474903	0.474916	0.474929	0.474794	0.474659	0.474563	0.474468	0.474093	0.473719	0.473266	0.472813	0.471828	0.470843	0.468943	0.467043	0.465437	0.46383	0.463769	0.463708	0.465302	0.466896	0.467962	0.469029	0.47003	0.471032	0.471757	0.472482	0.473142	0.473801	0.474046	0.474292	0.474545	0.474799	0.474837	0.474875	0.47496	0.475045	0.475021	0.474997	0.475017	0.475037	0.475002	0.474968	0.474968	0.474968	0.474942	0.474916	0.474913	0.474911	0.474904	0.474898	0.474886	
0.498645	0.498637	0.498658	0.498678	0.49869	0.498701	0.498752	0.498802	0.498817	0.498832	0.498909	0.498986	0.498985	0.498984	0.49906	0.499136	0.499073	0.499011	0.499011	0.499012	0.498724	0.498437	0.498091	0.497746	0.496775	0.495803	0.493313	0.490822	0.488682	0.486542	0.486646	0.48675	0.488885	0.49102	0.492361	0.493702	0.494818	0.495935	0.496648	0.497361	0.498005	0.498649	0.498778	0.498908	0.499088	0.499269	0.499208	0.499148	0.499177	0.499205	0.499116	0.499028	0.499008	0.498989	0.498915	0.498841	0.498819	0.498796	0.49875	0.498703	0.498691	0.498678	0.498665	0.498652	0.498645	
0.522263	0.522261	0.522286	0.522312	0.522339	0.522366	0.522437	0.522507	0.522555	0.522602	0.52272	0.522839	0.522897	0.522955	0.523113	0.52327	0.523315	0.523361	0.523521	0.523681	0.523617	0.523553	0.523586	0.52362	0.522798	0.521976	0.518262	0.514548	0.510722	0.506896	0.507577	0.508257	0.512144	0.516031	0.517945	0.51986	0.520982	0.522104	0.522549	0.522995	0.523478	0.523961	0.52382	0.523679	0.523723	0.523767	0.523567	0.523367	0.523312	0.523257	0.523094	0.522931	0.522866	0.522801	0.522688	0.522575	0.522528	0.522482	0.522415	0.522349	0.522327	0.522305	0.522286	0.522266	0.522263	
0.545882	0.545884	0.545915	0.545945	0.545988	0.546031	0.546122	0.546213	0.546292	0.546372	0.546532	0.546692	0.546809	0.546927	0.547165	0.547404	0.547557	0.547711	0.54803	0.54835	0.548509	0.548669	0.549081	0.549493	0.548822	0.54815	0.543212	0.538273	0.532762	0.52725	0.528507	0.529765	0.535403	0.541042	0.54353	0.546018	0.547145	0.548273	0.548451	0.548629	0.548951	0.549274	0.548862	0.548451	0.548358	0.548266	0.547926	0.547586	0.547447	0.547309	0.547072	0.546835	0.546724	0.546614	0.546461	0.546308	0.546238	0.546167	0.546081	0.545995	0.545964	0.545933	0.545906	0.54588	0.545882	
0.569317	0.569323	0.569357	0.56939	0.569445	0.5695	0.569604	0.569707	0.569814	0.56992	0.570111	0.570303	0.570474	0.570646	0.57096	0.571274	0.571539	0.571803	0.572322	0.572841	0.573276	0.57371	0.574647	0.575583	0.575978	0.576372	0.573047	0.569721	0.563005	0.55629	0.555272	0.554253	0.561378	0.568503	0.572095	0.575688	0.576157	0.576627	0.575958	0.57529	0.575154	0.575018	0.574122	0.573226	0.572883	0.57254	0.572044	0.571547	0.571317	0.571087	0.570788	0.570489	0.570338	0.570187	0.570006	0.569825	0.569735	0.569646	0.569547	0.569449	0.569411	0.569372	0.569341	0.56931	0.569317	
0.592752	0.592763	0.592799	0.592835	0.592902	0.592969	0.593085	0.593202	0.593335	0.593468	0.59369	0.593913	0.594139	0.594366	0.594755	0.595145	0.59552	0.595895	0.596613	0.597332	0.598042	0.598751	0.600212	0.601673	0.603134	0.604595	0.602882	0.601168	0.593249	0.58533	0.582036	0.578742	0.587353	0.595964	0.600661	0.605358	0.605169	0.604981	0.603466	0.601951	0.601356	0.600762	0.599381	0.598001	0.597408	0.596814	0.596161	0.595509	0.595187	0.594865	0.594504	0.594144	0.593952	0.59376	0.593551	0.593341	0.593233	0.593125	0.593014	0.592903	0.592857	0.592812	0.592776	0.59274	0.592752	
0.61599	0.616005	0.616039	0.616073	0.616145	0.616217	0.616336	0.616455	0.616604	0.616752	0.616985	0.617217	0.617474	0.61773	0.618146	0.618562	0.619002	0.619443	0.620222	0.621002	0.621846	0.622689	0.624798	0.626906	0.631666	0.636425	0.635365	0.634304	0.62517	0.616036	0.610236	0.604437	0.620868	0.637299	0.641157	0.645015	0.640397	0.635778	0.63261	0.629443	0.627592	0.625741	0.623862	0.621983	0.621221	0.620459	0.619715	0.61897	0.618597	0.618225	0.617841	0.617457	0.617246	0.617035	0.616818	0.6166	0.616485	0.61637	0.616257	0.616144	0.616096	0.616048	0.616012	0.615975	0.61599	
0.639228	0.639247	0.639279	0.639311	0.639388	0.639465	0.639587	0.639709	0.639873	0.640037	0.640279	0.640522	0.640808	0.641094	0.641536	0.641978	0.642485	0.642991	0.643831	0.644672	0.645649	0.646627	0.649383	0.65214	0.660197	0.668254	0.667848	0.667441	0.657091	0.646742	0.638437	0.630131	0.654383	0.678635	0.681654	0.684673	0.675624	0.666575	0.661755	0.656934	0.653827	0.650719	0.648342	0.645966	0.645035	0.644105	0.643268	0.642432	0.642008	0.641585	0.641177	0.640769	0.640539	0.640309	0.640084	0.63986	0.639738	0.639616	0.639501	0.639386	0.639335	0.639284	0.639247	0.63921	0.639228	
0.662282	0.662302	0.662328	0.662354	0.662424	0.662494	0.662601	0.662707	0.662856	0.663005	0.663217	0.663429	0.66369	0.663951	0.664334	0.664717	0.665165	0.665613	0.666303	0.666992	0.667749	0.668505	0.67004	0.671576	0.677581	0.683587	0.688706	0.693825	0.687474	0.681122	0.671081	0.66104	0.683424	0.705809	0.706877	0.707943	0.699154	0.690365	0.685046	0.679728	0.676221	0.672713	0.670241	0.66777	0.667054	0.666338	0.665689	0.66504	0.664682	0.664325	0.663982	0.663639	0.663435	0.663232	0.663037	0.662842	0.662733	0.662624	0.662522	0.662421	0.662375	0.662329	0.662296	0.662262	0.662282	
0.685336	0.685358	0.685377	0.685397	0.685461	0.685524	0.685614	0.685704	0.685839	0.685974	0.686155	0.686336	0.686572	0.686807	0.687131	0.687455	0.687846	0.688236	0.688775	0.689313	0.689848	0.690383	0.690697	0.691012	0.694965	0.698919	0.709564	0.720209	0.717856	0.717952	0.693538	0.69089	0.710069	0.733171	0.74202	0.727734	0.715267	0.713378	0.707229	0.702521	0.698614	0.694707	0.69214	0.689574	0.689072	0.688571	0.688109	0.687648	0.687356	0.687065	0.686787	0.686509	0.686332	0.686154	0.685989	0.685825	0.685728	0.685631	0.685544	0.685457	0.685415	0.685374	0.685344	0.685313	0.685336	
0.708251	0.708269	0.708282	0.708295	0.708344	0.708392	0.708453	0.708513	0.708616	0.708718	0.708841	0.708964	0.70914	0.709316	0.709533	0.709749	0.71003	0.71031	0.710622	0.710935	0.711264	0.711592	0.71137	0.711148	0.713264	0.715381	0.724776	0.734172	0.732754	0.74204	0.728004	0.717766	0.737795	0.765365	0.770583	0.749117	0.722414	0.715672	0.716376	0.714175	0.712893	0.71161	0.710876	0.710143	0.71012	0.710098	0.709902	0.709706	0.709547	0.709389	0.709222	0.709055	0.708937	0.70882	0.708708	0.708597	0.708529	0.708462	0.708399	0.708336	0.708308	0.708279	0.708256	0.708232	0.708251	
0.731165	0.73118	0.731187	0.731193	0.731227	0.731261	0.731292	0.731323	0.731393	0.731463	0.731528	0.731592	0.731708	0.731825	0.731934	0.732044	0.732213	0.732383	0.73247	0.732557	0.732679	0.732802	0.732043	0.731284	0.731564	0.731843	0.739989	0.748135	0.747651	0.750265	0.746782	0.743124	0.764567	0.784575	0.787711	0.770017	0.738628	0.722022	0.724516	0.725829	0.727171	0.728512	0.729612	0.730712	0.731169	0.731626	0.731695	0.731764	0.731738	0.731712	0.731656	0.7316	0.731543	0.731485	0.731427	0.731369	0.731331	0.731292	0.731254	0.731216	0.7312	0.731184	0.731167	0.731151	0.731165	
0.754019	0.754029	0.754024	0.754019	0.754033	0.754047	0.754041	0.754035	0.75406	0.754085	0.754074	0.754063	0.754093	0.754123	0.754088	0.754053	0.754069	0.754085	0.75393	0.753775	0.753658	0.75354	0.752836	0.752132	0.752484	0.752837	0.756119	0.759402	0.755557	0.751037	0.748641	0.748678	0.764111	0.78086	0.782894	0.766015	0.74447	0.733544	0.740259	0.747747	0.748795	0.749843	0.751023	0.752203	0.752732	0.75326	0.753514	0.753768	0.753851	0.753934	0.753984	0.754034	0.754042	0.754049	0.75405	0.754052	0.754048	0.754045	0.754037	0.754028	0.754026	0.754025	0.754017	0.754009	0.754019	
0.776872	0.776877	0.776861	0.776844	0.776838	0.776832	0.77679	0.776747	0.776727	0.776707	0.77662	0.776533	0.776477	0.776421	0.776242	0.776062	0.775925	0.775787	0.77539	0.774994	0.774636	0.774279	0.773629	0.772979	0.773405	0.773831	0.77225	0.770772	0.76294	0.754862	0.752794	0.749171	0.768	0.770772	0.767236	0.759946	0.756079	0.759581	0.765621	0.769664	0.770419	0.771174	0.772434	0.773694	0.774295	0.774895	0.775334	0.775772	0.775964	0.776156	0.776312	0.776468	0.776541	0.776613	0.776674	0.776734	0.776766	0.776798	0.776819	0.77684	0.776853	0.776866	0.776867	0.776868	0.776872	
0.799753	0.799757	0.799728	0.799699	0.799673	0.799648	0.799574	0.799501	0.799437	0.799374	0.799228	0.799082	0.798948	0.798814	0.798529	0.798245	0.797968	0.797691	0.79714	0.796589	0.796037	0.795485	0.79464	0.793795	0.793394	0.792993	0.790524	0.783623	0.776701	0.769487	0.768033	0.77436	0.784987	0.785229	0.780932	0.785953	0.789896	0.791213	0.792199	0.792825	0.793132	0.793439	0.794649	0.795859	0.796388	0.796916	0.797451	0.797986	0.798244	0.798501	0.798743	0.798984	0.799108	0.799232	0.799347	0.799462	0.799524	0.799585	0.799635	0.799684	0.799708	0.799731	0.79974	0.799748	0.799753	
0.822633	0.822637	0.822595	0.822553	0.822509	0.822464	0.822359	0.822254	0.822148	0.822041	0.821836	0.821631	0.821419	0.821207	0.820817	0.820427	0.820011	0.819594	0.818889	0.818184	0.817438	0.816692	0.815652	0.814611	0.813383	0.812156	0.808798	0.804539	0.799939	0.796502	0.793136	0.792113	0.803758	0.816365	0.817099	0.818969	0.818989	0.818452	0.817219	0.815986	0.815844	0.815703	0.816863	0.818024	0.818481	0.818938	0.819569	0.8202	0.820524	0.820847	0.821173	0.821499	0.821675	0.82185	0.82202	0.822191	0.822281	0.822372	0.82245	0.822528	0.822562	0.822596	0.822613	0.822629	0.822633	
0.845622	0.845625	0.845579	0.845532	0.845476	0.845421	0.845301	0.845181	0.845055	0.844929	0.844702	0.844475	0.84424	0.844005	0.843597	0.843188	0.842768	0.842347	0.84167	0.840993	0.840319	0.839644	0.838689	0.837734	0.836577	0.835419	0.833843	0.831672	0.829489	0.826472	0.820523	0.816824	0.826816	0.842538	0.847154	0.845902	0.84399	0.842103	0.840774	0.839445	0.839244	0.839042	0.840051	0.841061	0.841409	0.841757	0.842377	0.842996	0.843313	0.843629	0.84398	0.84433	0.844522	0.844714	0.844907	0.845101	0.845205	0.845308	0.845402	0.845496	0.845536	0.845577	0.845598	0.845619	0.845622	
0.868611	0.868614	0.868562	0.868511	0.868444	0.868378	0.868243	0.868108	0.867962	0.867816	0.867567	0.867318	0.867061	0.866804	0.866377	0.86595	0.865525	0.865101	0.864451	0.863802	0.863199	0.862596	0.861727	0.860857	0.85977	0.858684	0.858888	0.859093	0.856808	0.854522	0.844194	0.833867	0.851861	0.869855	0.870797	0.871738	0.868746	0.865755	0.86433	0.862905	0.862643	0.86238	0.86324	0.864099	0.864338	0.864577	0.865185	0.865792	0.866102	0.866412	0.866787	0.867162	0.86737	0.867577	0.867794	0.868011	0.868128	0.868245	0.868355	0.868465	0.868511	0.868557	0.868583	0.868609	0.868611	
0.891771	0.89177	0.891721	0.891673	0.891606	0.891539	0.891408	0.891277	0.891135	0.890993	0.890756	0.890519	0.890281	0.890043	0.88966	0.889277	0.888921	0.888564	0.888033	0.887502	0.887064	0.886625	0.886033	0.885442	0.88484	0.884238	0.884462	0.884687	0.883772	0.882858	0.87634	0.869821	0.880925	0.892029	0.894622	0.897215	0.893803	0.89039	0.888814	0.887238	0.886934	0.88663	0.887221	0.887812	0.887962	0.888112	0.888627	0.889143	0.889402	0.889662	0.890011	0.89036	0.890551	0.890742	0.890957	0.891172	0.891284	0.891397	0.891509	0.891621	0.891668	0.891715	0.891743	0.891772	0.891771	
0.91493	0.914925	0.914881	0.914836	0.914769	0.914701	0.914574	0.914447	0.914308	0.914169	0.913945	0.91372	0.913501	0.913281	0.912943	0.912605	0.912316	0.912027	0.911615	0.911203	0.910928	0.910654	0.91034	0.910027	0.909909	0.909792	0.910036	0.910281	0.910737	0.911194	0.908485	0.905777	0.909989	0.914201	0.918446	0.922691	0.918859	0.915026	0.913298	0.911571	0.911225	0.91088	0.911203	0.911525	0.911586	0.911646	0.91207	0.912493	0.912703	0.912912	0.913235	0.913559	0.913733	0.913907	0.914119	0.914332	0.91444	0.914548	0.914663	0.914778	0.914825	0.914872	0.914904	0.914935	0.91493	
0.938293	0.938286	0.938249	0.938213	0.938153	0.938093	0.937984	0.937875	0.937758	0.937641	0.937454	0.937267	0.937095	0.936922	0.936661	0.936401	0.936203	0.936005	0.935733	0.935461	0.935329	0.935197	0.935071	0.934945	0.935019	0.935092	0.935369	0.935645	0.936214	0.936782	0.936362	0.935941	0.939141	0.942341	0.943366	0.944391	0.941749	0.939107	0.937692	0.936278	0.935872	0.935467	0.935588	0.93571	0.935697	0.935684	0.935991	0.936297	0.936441	0.936585	0.936851	0.937117	0.937254	0.93739	0.937577	0.937764	0.937854	0.937944	0.93805	0.938155	0.938196	0.938237	0.938268	0.9383	0.938293	
0.961656	0.961647	0.961618	0.961589	0.961537	0.961485	0.961394	0.961304	0.961209	0.961113	0.960964	0.960815	0.960689	0.960563	0.96038	0.960197	0.96009	0.959983	0.95985	0.959718	0.959729	0.95974	0.959802	0.959864	0.960128	0.960393	0.960701	0.96101	0.961691	0.962371	0.964238	0.966105	0.968293	0.970481	0.968286	0.966092	0.964639	0.963187	0.962086	0.960985	0.960519	0.960053	0.959974	0.959895	0.959809	0.959722	0.959912	0.960102	0.96018	0.960258	0.960467	0.960675	0.960774	0.960873	0.961034	0.961195	0.961268	0.96134	0.961436	0.961532	0.961566	0.961601	0.961633	0.961666	0.961656	
0.985214	0.985203	0.985185	0.985167	0.985127	0.985087	0.985022	0.984958	0.98489	0.984821	0.984721	0.984621	0.984545	0.98447	0.984366	0.984263	0.984232	0.984201	0.984176	0.984151	0.984256	0.984362	0.984536	0.98471	0.985053	0.985395	0.985802	0.986208	0.986892	0.987575	0.988896	0.990218	0.991693	0.993167	0.991554	0.989941	0.988837	0.987733	0.98675	0.985766	0.985239	0.984712	0.984526	0.98434	0.984176	0.984013	0.984103	0.984193	0.984203	0.984213	0.984358	0.984504	0.984558	0.984613	0.984738	0.984863	0.98491	0.984958	0.985037	0.985116	0.98514	0.985164	0.985194	0.985225	0.985214	
1.00877	1.00876	1.00875	1.00875	1.00872	1.00869	1.00865	1.00861	1.00857	1.00853	1.00848	1.00843	1.0084	1.00838	1.00835	1.00833	1.00837	1.00842	1.0085	1.00858	1.00878	1.00898	1.00927	1.00956	1.00998	1.0104	1.0109	1.01141	1.01209	1.01278	1.01356	1.01433	1.01509	1.01585	1.01482	1.01379	1.01303	1.01228	1.01141	1.01055	1.00996	1.00937	1.00908	1.00878	1.00854	1.0083	1.00829	1.00828	1.00823	1.00817	1.00825	1.00833	1.00834	1.00835	1.00844	1.00853	1.00855	1.00858	1.00864	1.0087	1.00871	1.00873	1.00876	1.00878	1.00877	
1.03249	1.03248	1.03248	1.03249	1.03247	1.03245	1.03244	1.03243	1.03242	1.0324	1.03239	1.03239	1.0324	1.03242	1.03246	1.0325	1.03259	1.03269	1.03284	1.03299	1.03323	1.03346	1.03379	1.03412	1.03454	1.03495	1.03545	1.03594	1.03652	1.03711	1.03776	1.0384	1.03895	1.0395	1.03869	1.03788	1.03719	1.0365	1.03574	1.03498	1.03442	1.03386	1.03353	1.0332	1.03292	1.03264	1.03256	1.03249	1.03238	1.03227	1.0323	1.03232	1.03229	1.03226	1.03231	1.03237	1.03236	1.03236	1.03241	1.03245	1.03245	1.03245	1.03248	1.0325	1.03249	
1.05621	1.0562	1.05621	1.05623	1.05622	1.05622	1.05623	1.05625	1.05626	1.05627	1.05631	1.05635	1.05641	1.05646	1.05657	1.05667	1.05681	1.05695	1.05718	1.0574	1.05767	1.05794	1.05832	1.05869	1.0591	1.05951	1.05999	1.06047	1.06095	1.06143	1.06196	1.06248	1.06281	1.06315	1.06256	1.06196	1.06134	1.06072	1.06006	1.05941	1.05887	1.05834	1.05798	1.05761	1.05729	1.05698	1.05683	1.05669	1.05653	1.05637	1.05634	1.05631	1.05624	1.05617	1.05619	1.0562	1.05618	1.05615	1.05618	1.0562	1.05619	1.05618	1.0562	1.05622	1.05621	
1.08005	1.08003	1.08006	1.08008	1.08009	1.0801	1.08013	1.08017	1.0802	1.08023	1.0803	1.08038	1.08046	1.08054	1.08069	1.08083	1.081	1.08117	1.08143	1.08168	1.08197	1.08225	1.08263	1.08302	1.0834	1.08379	1.08423	1.08468	1.08509	1.0855	1.0859	1.08631	1.08655	1.08679	1.0863	1.0858	1.0853	1.0848	1.08422	1.08364	1.08315	1.08266	1.08228	1.08191	1.08158	1.08126	1.08107	1.08088	1.0807	1.08051	1.08044	1.08037	1.08027	1.08017	1.08016	1.08014	1.0801	1.08005	1.08006	1.08007	1.08005	1.08002	1.08004	1.08006	1.08005	
1.10388	1.10387	1.1039	1.10394	1.10395	1.10397	1.10403	1.10409	1.10414	1.10419	1.1043	1.1044	1.10451	1.10462	1.10481	1.10499	1.10519	1.10539	1.10568	1.10597	1.10626	1.10656	1.10695	1.10734	1.1077	1.10806	1.10847	1.10889	1.10922	1.10956	1.10985	1.11015	1.11029	1.11044	1.11004	1.10964	1.10926	1.10888	1.10838	1.10787	1.10742	1.10697	1.10659	1.10621	1.10587	1.10553	1.10531	1.10508	1.10486	1.10465	1.10453	1.10442	1.1043	1.10417	1.10413	1.10408	1.10402	1.10395	1.10394	1.10393	1.1039	1.10387	1.10388	1.1039	1.10388	
1.12778	1.12776	1.1278	1.12784	1.12787	1.12789	1.12796	1.12804	1.1281	1.12817	1.12829	1.12842	1.12854	1.12867	1.12887	1.12907	1.12928	1.12948	1.12978	1.13007	1.13036	1.13064	1.13102	1.13139	1.13171	1.13204	1.13241	1.13279	1.13307	1.13335	1.1336	1.13384	1.13394	1.13403	1.13372	1.13341	1.13308	1.13275	1.13231	1.13187	1.13146	1.13105	1.13069	1.13033	1.12999	1.12966	1.12942	1.12919	1.12896	1.12873	1.1286	1.12846	1.12832	1.12818	1.12812	1.12805	1.12797	1.12789	1.12787	1.12785	1.12781	1.12777	1.12778	1.12779	1.12778	
1.15167	1.15165	1.1517	1.15175	1.15178	1.15181	1.1519	1.15199	1.15206	1.15214	1.15229	1.15244	1.15258	1.15272	1.15294	1.15316	1.15337	1.15357	1.15388	1.15418	1.15445	1.15473	1.15508	1.15544	1.15573	1.15602	1.15635	1.15669	1.15692	1.15715	1.15734	1.15753	1.15758	1.15763	1.1574	1.15717	1.15689	1.15661	1.15624	1.15587	1.1555	1.15513	1.15478	1.15444	1.15411	1.15379	1.15354	1.15329	1.15306	1.15282	1.15266	1.1525	1.15235	1.15219	1.1521	1.15202	1.15192	1.15182	1.15179	1.15176	1.15171	1.15166	1.15167	1.15168	1.15167	
1.17557	1.17556	1.17561	1.17566	1.17569	1.17572	1.17582	1.17592	1.176	1.17608	1.17624	1.17639	1.17654	1.17668	1.1769	1.17713	1.17733	1.17754	1.17783	1.17812	1.17838	1.17863	1.17896	1.17929	1.17955	1.17981	1.18011	1.1804	1.1806	1.18079	1.18095	1.18111	1.18114	1.18116	1.18098	1.18079	1.18056	1.18032	1.18	1.17968	1.17935	1.17902	1.1787	1.17838	1.17808	1.17777	1.17752	1.17728	1.17704	1.17681	1.17664	1.17648	1.17631	1.17615	1.17606	1.17596	1.17586	1.17576	1.17571	1.17567	1.17562	1.17557	1.17558	1.17558	1.17557	
1.19947	1.19946	1.19951	1.19956	1.1996	1.19964	1.19974	1.19985	1.19994	1.20003	1.20019	1.20035	1.20049	1.20064	1.20087	1.2011	1.2013	1.2015	1.20178	1.20207	1.2023	1.20254	1.20284	1.20315	1.20337	1.2036	1.20386	1.20412	1.20427	1.20443	1.20456	1.20468	1.20469	1.2047	1.20456	1.20441	1.20422	1.20403	1.20376	1.20348	1.2032	1.20291	1.20262	1.20232	1.20204	1.20175	1.20151	1.20126	1.20103	1.2008	1.20062	1.20045	1.20028	1.20012	1.20001	1.1999	1.1998	1.19969	1.19964	1.19959	1.19954	1.19948	1.19948	1.19949	1.19947	
1.22334	1.22333	1.22338	1.22343	1.22347	1.22351	1.22361	1.22372	1.22381	1.22389	1.22405	1.22422	1.22436	1.2245	1.22472	1.22494	1.22512	1.22531	1.22558	1.22584	1.22606	1.22627	1.22654	1.22682	1.22702	1.22722	1.22745	1.22768	1.22781	1.22794	1.22805	1.22815	1.22816	1.22816	1.22805	1.22793	1.22777	1.2276	1.22736	1.22713	1.22687	1.22661	1.22635	1.22609	1.22583	1.22557	1.22534	1.22511	1.22488	1.22466	1.22449	1.22432	1.22416	1.224	1.22389	1.22378	1.22367	1.22356	1.22351	1.22346	1.22341	1.22335	1.22335	1.22335	1.22334	
1.24721	1.2472	1.24725	1.2473	1.24734	1.24738	1.24748	1.24759	1.24767	1.24776	1.24792	1.24808	1.24822	1.24836	1.24857	1.24878	1.24895	1.24912	1.24937	1.24962	1.24981	1.24999	1.25024	1.25049	1.25066	1.25083	1.25103	1.25124	1.25134	1.25145	1.25154	1.25163	1.25162	1.25162	1.25154	1.25145	1.25131	1.25117	1.25097	1.25077	1.25054	1.25032	1.25008	1.24985	1.24962	1.24938	1.24916	1.24895	1.24874	1.24853	1.24837	1.2482	1.24804	1.24787	1.24776	1.24765	1.24755	1.24744	1.24739	1.24733	1.24728	1.24722	1.24722	1.24722	1.24721	
1.27101	1.271	1.27105	1.2711	1.27114	1.27118	1.27128	1.27138	1.27146	1.27155	1.2717	1.27185	1.27197	1.2721	1.2723	1.27249	1.27265	1.27281	1.27303	1.27326	1.27343	1.27359	1.27382	1.27404	1.27418	1.27433	1.2745	1.27468	1.27477	1.27485	1.27493	1.27501	1.275	1.275	1.27493	1.27486	1.27474	1.27462	1.27445	1.27428	1.27409	1.27389	1.27368	1.27348	1.27326	1.27305	1.27285	1.27266	1.27247	1.27228	1.27212	1.27196	1.27181	1.27166	1.27155	1.27145	1.27135	1.27124	1.27119	1.27114	1.27108	1.27103	1.27103	1.27102	1.27101	
1.29482	1.29481	1.29486	1.2949	1.29494	1.29498	1.29507	1.29517	1.29525	1.29533	1.29547	1.29562	1.29573	1.29585	1.29603	1.29621	1.29635	1.29649	1.2967	1.2969	1.29705	1.2972	1.29739	1.29758	1.2977	1.29782	1.29797	1.29812	1.29819	1.29826	1.29833	1.29839	1.29838	1.29837	1.29832	1.29827	1.29817	1.29807	1.29793	1.29779	1.29763	1.29746	1.29728	1.2971	1.29691	1.29672	1.29655	1.29637	1.2962	1.29602	1.29587	1.29573	1.29559	1.29545	1.29535	1.29524	1.29514	1.29505	1.29499	1.29494	1.29489	1.29484	1.29483	1.29483	1.29482	
1.31855	1.31855	1.31859	1.31863	1.31867	1.3187	1.31879	1.31888	1.31895	1.31902	1.31915	1.31928	1.31938	1.31949	1.31965	1.31981	1.31994	1.32006	1.32024	1.32042	1.32055	1.32068	1.32084	1.32101	1.32111	1.32122	1.32135	1.32147	1.32153	1.32159	1.32165	1.3217	1.32169	1.32168	1.32164	1.3216	1.32152	1.32143	1.32131	1.3212	1.32106	1.32091	1.32076	1.3206	1.32044	1.32027	1.32012	1.31996	1.31981	1.31965	1.31952	1.31939	1.31926	1.31913	1.31904	1.31894	1.31885	1.31877	1.31872	1.31867	1.31862	1.31857	1.31857	1.31856	1.31855	
1.34229	1.34228	1.34232	1.34236	1.34239	1.34242	1.3425	1.34258	1.34265	1.34271	1.34283	1.34294	1.34304	1.34313	1.34327	1.34342	1.34352	1.34363	1.34379	1.34395	1.34405	1.34416	1.3443	1.34444	1.34453	1.34461	1.34472	1.34482	1.34487	1.34492	1.34496	1.34501	1.345	1.34499	1.34496	1.34493	1.34486	1.34479	1.3447	1.3446	1.34448	1.34437	1.34424	1.34411	1.34397	1.34383	1.34369	1.34355	1.34342	1.34328	1.34316	1.34304	1.34293	1.34282	1.34273	1.34265	1.34257	1.34249	1.34244	1.34239	1.34235	1.3423	1.3423	1.3423	1.34229	
1.36595	1.36595	1.36598	1.36602	1.36604	1.36607	1.36614	1.36621	1.36626	1.36632	1.36642	1.36652	1.3666	1.36668	1.3668	1.36693	1.36702	1.36711	1.36725	1.36738	1.36747	1.36755	1.36767	1.36779	1.36786	1.36793	1.36802	1.36811	1.36815	1.36819	1.36823	1.36826	1.36826	1.36825	1.36822	1.3682	1.36814	1.36808	1.36801	1.36793	1.36783	1.36773	1.36762	1.36751	1.3674	1.36728	1.36716	1.36705	1.36693	1.36681	1.36671	1.36661	1.36651	1.36641	1.36634	1.36627	1.3662	1.36613	1.36609	1.36605	1.36601	1.36597	1.36597	1.36596	1.36595	
1.38962	1.38961	1.38964	1.38967	1.38969	1.38972	1.38978	1.38984	1.38988	1.38993	1.39001	1.3901	1.39017	1.39023	1.39034	1.39044	1.39052	1.39059	1.3907	1.39081	1.39088	1.39095	1.39105	1.39115	1.3912	1.39126	1.39133	1.3914	1.39143	1.39146	1.39149	1.39152	1.39151	1.3915	1.39149	1.39147	1.39142	1.39138	1.39132	1.39125	1.39118	1.3911	1.39101	1.39092	1.39083	1.39073	1.39064	1.39054	1.39045	1.39035	1.39026	1.39018	1.39009	1.39001	1.38995	1.38989	1.38983	1.38977	1.38973	1.3897	1.38966	1.38963	1.38963	1.38963	1.38962	
1.41322	1.41322	1.41324	1.41327	1.41328	1.4133	1.41335	1.4134	1.41344	1.41347	1.41354	1.41361	1.41366	1.41372	1.4138	1.41388	1.41394	1.414	1.41409	1.41417	1.41423	1.41429	1.41436	1.41444	1.41448	1.41453	1.41458	1.41464	1.41466	1.41468	1.41471	1.41473	1.41473	1.41472	1.41471	1.4147	1.41466	1.41462	1.41458	1.41453	1.41447	1.4144	1.41434	1.41427	1.41419	1.41412	1.41404	1.41397	1.41389	1.41381	1.41374	1.41367	1.41361	1.41354	1.41349	1.41344	1.41339	1.41334	1.41332	1.41329	1.41326	1.41323	1.41323	1.41323	1.41322	
1.43683	1.43683	1.43684	1.43686	1.43687	1.43689	1.43692	1.43696	1.43699	1.43702	1.43707	1.43712	1.43716	1.4372	1.43726	1.43733	1.43737	1.43741	1.43748	1.43754	1.43758	1.43762	1.43768	1.43774	1.43777	1.4378	1.43784	1.43788	1.4379	1.43791	1.43793	1.43795	1.43795	1.43794	1.43793	1.43792	1.4379	1.43787	1.43784	1.4378	1.43776	1.43771	1.43766	1.43761	1.43756	1.4375	1.43744	1.43739	1.43733	1.43727	1.43722	1.43717	1.43712	1.43707	1.43703	1.43699	1.43696	1.43692	1.4369	1.43688	1.43686	1.43684	1.43684	1.43683	1.43683	
1.46039	1.46039	1.4604	1.46042	1.46043	1.46043	1.46046	1.46048	1.4605	1.46052	1.46056	1.46059	1.46062	1.46064	1.46069	1.46073	1.46076	1.46078	1.46083	1.46087	1.4609	1.46092	1.46096	1.461	1.46102	1.46104	1.46107	1.4611	1.46111	1.46112	1.46113	1.46114	1.46114	1.46113	1.46113	1.46112	1.4611	1.46109	1.46106	1.46104	1.46101	1.46098	1.46095	1.46092	1.46088	1.46084	1.46081	1.46077	1.46073	1.46069	1.46066	1.46062	1.46059	1.46056	1.46053	1.4605	1.46048	1.46046	1.46044	1.46043	1.46041	1.4604	1.4604	1.4604	1.46039	
1.48396	1.48396	1.48397	1.48397	1.48398	1.48398	1.48399	1.48401	1.48401	1.48402	1.48404	1.48406	1.48407	1.48409	1.48411	1.48413	1.48414	1.48416	1.48418	1.4842	1.48421	1.48422	1.48424	1.48426	1.48427	1.48428	1.4843	1.48431	1.48431	1.48432	1.48432	1.48433	1.48433	1.48433	1.48432	1.48432	1.48431	1.4843	1.48429	1.48428	1.48427	1.48425	1.48424	1.48422	1.4842	1.48418	1.48417	1.48415	1.48413	1.48411	1.48409	1.48408	1.48406	1.48404	1.48403	1.48402	1.484	1.48399	1.48398	1.48398	1.48397	1.48396	1.48396	1.48396	1.48396	
1.50751	1.50751	1.50751	1.50751	1.50751	1.50751	1.50751	1.50751	1.50751	1.50751	1.50751	1.50751	1.50751	1.50751	1.50751	1.50751	1.50751	1.50751	1.50751	1.50751	1.50751	1.50751	1.50751	1.50751	1.50751	1.50751	1.50751	1.50751	1.50751	1.50751	1.50751	1.50751	1.50751	1.50751	1.50751	1.50751	1.50751	1.50751	1.50751	1.50751	1.50751	1.50751	1.50751	1.50751	1.50751	1.50751	1.50751	1.50751	1.50751	1.50751	1.50751	1.50751	1.50751	1.50751	1.50751	1.50751	1.50751	1.50751	1.50751	1.50751	1.50751	1.50751	1.50751	1.50751	1.50751	
