x,y,z,b
250,1,0,0.124729
250,1,1,0.124729
250,1,2,0.124729
250,1,3,0.124728
250,1,4,0.124726
250,1,5,0.124724
250,1,6,0.124719
250,1,7,0.12469
250,1,8,0.124662
250,1,9,0.124633
250,1,10,0.12461
250,1,11,0.124607
250,1,12,0.124603
250,1,13,0.1246
250,1,14,0.124577
250,1,15,0.124513
250,1,16,0.12445
250,1,17,0.124386
250,1,18,0.124331
250,1,19,0.124288
250,1,20,0.124244
250,1,21,0.124201
250,1,22,0.123723
250,1,23,0.122837
250,1,24,0.121951
250,1,25,0.121065
250,1,26,0.120699
250,1,27,0.120667
250,1,28,0.120634
250,1,29,0.120602
250,1,30,0.120499
250,1,31,0.120366
250,1,32,0.120233
250,1,33,0.1201
250,1,34,0.120067
250,1,35,0.12006
250,1,36,0.120053
250,1,37,0.120046
250,1,38,0.119975
250,1,39,0.119897
250,1,40,0.119818
250,1,41,0.11974
250,1,42,0.119729
250,1,43,0.119719
250,1,44,0.119709
250,1,45,0.119699
250,1,46,0.119692
250,1,47,0.119684
250,1,48,0.119677
250,1,49,0.11967
250,1,50,0.119668
250,1,51,0.119666
250,1,52,0.119663
250,1,53,0.119658
250,1,54,0.119643
250,1,55,0.119628
250,1,56,0.119613
250,1,57,0.119603
250,1,58,0.1196
250,1,59,0.119597
250,1,60,0.119595
250,1,61,0.119594
250,1,62,0.119596
250,1,63,0.119597
250,1,64,0.119599
250,1,65,0.119599
250,1,66,0.119599
250,1,67,0.119598
250,1,68,0.119597
250,1,69,0.119595
250,1,70,0.119591
250,1,71,0.119587
250,1,72,0.119583
250,1,73,0.119581
250,1,74,0.11958
250,1,75,0.11958
250,1,76,0.119579
250,1,77,0.11958
250,1,78,0.119581
250,1,79,0.119581
250,1,80,0.119582
250,1,81,0.119582
250,1,82,0.119582
250,1,83,0.119582
250,1,84,0.119582
250,1,85,0.11958
250,1,86,0.119579
250,1,87,0.119578
250,1,88,0.119577
250,1,89,0.119577
250,1,90,0.119577
250,1,91,0.119576
250,1,92,0.119576
250,1,93,0.119576
250,1,94,0.119577
250,1,95,0.119577
250,1,96,0.119577
250,1,97,0.119577
250,1,98,0.119577
250,1,99,0.119577
250,1,100,0.119576
250,1,101,0.119576
250,1,102,0.119575
250,1,103,0.119575
250,1,104,0.119574
250,1,105,0.119574
250,1,106,0.119574
250,1,107,0.119574
250,1,108,0.119574
250,1,109,0.119574
250,1,110,0.119574
250,1,111,0.119574
250,1,112,0.119574
250,1,113,0.119573
250,1,114,0.119573
250,1,115,0.119573
250,1,116,0.119572
250,1,117,0.119572
250,1,118,0.119571
250,1,119,0.119571
250,1,120,0.11957
250,1,121,0.11957
250,1,122,0.11957
250,1,123,0.119569
250,1,124,0.119569
250,1,125,0.119569
250,1,126,0.119569
250,1,127,0.119569
250,1,128,0.119569
250,1,129,0.119568
250,1,130,0.119568
250,1,131,0.119567
250,1,132,0.119566
250,1,133,0.119565
250,1,134,0.119564
250,1,135,0.119563
250,1,136,0.119563
250,1,137,0.119562
250,1,138,0.119561
250,1,139,0.119561
250,1,140,0.119561
250,1,141,0.11956
250,1,142,0.11956
250,1,143,0.119559
250,1,144,0.119558
250,1,145,0.119557
250,1,146,0.119556
250,1,147,0.119554
250,1,148,0.119553
250,1,149,0.119551
250,1,150,0.119549
250,1,151,0.119547
250,1,152,0.119546
250,1,153,0.119544
250,1,154,0.119542
250,1,155,0.119541
250,1,156,0.11954
250,1,157,0.119538
250,1,158,0.119537
250,1,159,0.119534
250,1,160,0.119531
250,1,161,0.119529
250,1,162,0.119526
250,1,163,0.119522
250,1,164,0.119517
250,1,165,0.119513
250,1,166,0.119509
250,1,167,0.119504
250,1,168,0.119499
250,1,169,0.119494
250,1,170,0.119489
250,1,171,0.119483
250,1,172,0.119478
250,1,173,0.119472
250,1,174,0.119466
250,1,175,0.119457
250,1,176,0.119448
250,1,177,0.119439
250,1,178,0.119429
250,1,179,0.119416
250,1,180,0.119404
250,1,181,0.119392
250,1,182,0.119378
250,1,183,0.11936
250,1,184,0.119342
250,1,185,0.119324
250,1,186,0.119302
250,1,187,0.119276
250,1,188,0.119251
250,1,189,0.119225
250,1,190,0.119195
250,1,191,0.119163
250,1,192,0.119131
250,1,193,0.119099
250,1,194,0.119068
250,1,195,0.119037
250,1,196,0.119005
250,1,197,0.118974
250,1,198,0.118925
250,1,199,0.118869
250,1,200,0.118814
250,1,201,0.118758
250,1,202,0.1187
250,1,203,0.118642
250,1,204,0.118584
250,1,205,0.118525
250,1,206,0.118476
250,1,207,0.118428
250,1,208,0.11838
250,1,209,0.118334
250,1,210,0.118415
250,1,211,0.118497
250,1,212,0.118578
250,1,213,0.11865
250,1,214,0.118643
250,1,215,0.118636
250,1,216,0.118628
250,1,217,0.118656
250,1,218,0.11882
250,1,219,0.118984
250,1,220,0.119148
250,1,221,0.119078
250,1,222,0.118452
250,1,223,0.117827
250,1,224,0.117202
250,1,225,0.117314
250,1,226,0.118578
250,1,227,0.119841
250,1,228,0.121105
250,1,229,0.124444
250,1,230,0.129992
250,1,231,0.135541
250,1,232,0.141089
250,1,233,0.146496
250,1,234,0.151799
250,1,235,0.162532
250,1,236,0.164607
250,1,237,0.163399
250,1,238,0.161155
250,1,239,0.158457
250,1,240,0.154116
250,1,241,0.149204
250,1,242,0.146176
250,1,243,0.143651
250,1,244,0.138079
250,1,245,0.131909
250,1,246,0.125464
250,1,247,0.115147
250,1,248,0.111211
250,1,249,0.109817
250,1,250,0.108548
250,1,251,0.107279
250,1,252,0.106188
250,1,253,0.108721
250,1,254,0.111255
250,1,255,0.113788
250,1,256,0.116066
250,1,257,0.116781
250,1,258,0.117495
250,1,259,0.11821
250,1,260,0.118729
250,1,261,0.118609
250,1,262,0.118489
250,1,263,0.118369
250,1,264,0.118638
250,1,265,0.119703
250,1,266,0.120768
250,1,267,0.121833
250,1,268,0.122361
250,1,269,0.122154
250,1,270,0.121947
250,1,271,0.12174
250,1,272,0.121522
250,1,273,0.121295
250,1,274,0.121067
250,1,275,0.12084
250,1,276,0.120671
250,1,277,0.120541
250,1,278,0.12041
250,1,279,0.120279
250,1,280,0.120275
250,1,281,0.120324
250,1,282,0.120374
250,1,283,0.120423
250,1,284,0.120396
250,1,285,0.120348
250,1,286,0.1203
250,1,287,0.120253
250,1,288,0.120169
250,1,289,0.12008
250,1,290,0.119992
250,1,291,0.119904
250,1,292,0.119875
250,1,293,0.119848
250,1,294,0.11982
250,1,295,0.119796
250,1,296,0.119807
250,1,297,0.119818
250,1,298,0.11983
250,1,299,0.119837
250,1,300,0.119826
250,1,301,0.119815
250,1,302,0.119803
250,1,303,0.119788
250,1,304,0.119762
250,1,305,0.119735
250,1,306,0.119709
250,1,307,0.119689
250,1,308,0.11968
250,1,309,0.119672
250,1,310,0.119664
250,1,311,0.119661
250,1,312,0.119666
250,1,313,0.119671
250,1,314,0.119676
250,1,315,0.119676
250,1,316,0.119673
250,1,317,0.11967
250,1,318,0.119666
250,1,319,0.119659
250,1,320,0.11965
250,1,321,0.119641
250,1,322,0.119631
250,1,323,0.119627
250,1,324,0.119624
250,1,325,0.119621
250,1,326,0.119618
250,1,327,0.119618
250,1,328,0.11962
250,1,329,0.119622
250,1,330,0.119623
250,1,331,0.119622
250,1,332,0.119621
250,1,333,0.11962
250,1,334,0.119618
250,1,335,0.119615
250,1,336,0.119611
250,1,337,0.119608
250,1,338,0.119604
250,1,339,0.119603
250,1,340,0.119602
250,1,341,0.119601
250,1,342,0.1196
250,1,343,0.1196
250,1,344,0.119601
250,1,345,0.119601
250,1,346,0.119602
250,1,347,0.119601
250,1,348,0.1196
250,1,349,0.1196
250,1,350,0.119599
250,1,351,0.119598
250,1,352,0.119596
250,1,353,0.119595
250,1,354,0.119594
250,1,355,0.119593
250,1,356,0.119592
250,1,357,0.119592
250,1,358,0.119592
250,1,359,0.119592
250,1,360,0.119592
250,1,361,0.119592
250,1,362,0.119592
250,1,363,0.119591
250,1,364,0.119591
250,1,365,0.119591
250,1,366,0.11959
250,1,367,0.11959
250,1,368,0.119589
250,1,369,0.119588
250,1,370,0.119588
250,1,371,0.119588
250,1,372,0.119588
250,1,373,0.119587
250,1,374,0.119587
250,1,375,0.119587
250,1,376,0.119587
250,1,377,0.119587
250,1,378,0.119587
250,1,379,0.119586
250,1,380,0.119586
250,1,381,0.119586
250,1,382,0.119586
250,1,383,0.119586
250,1,384,0.119586
250,1,385,0.119586
250,1,386,0.119585
250,1,387,0.119585
250,1,388,0.119585
250,1,389,0.119585
250,1,390,0.119585
250,1,391,0.119584
250,1,392,0.119584
250,1,393,0.119584
250,1,394,0.119584
250,1,395,0.119584
250,1,396,0.119584
250,1,397,0.119584
250,1,398,0.119584
250,1,399,0.119585
250,1,400,0.119585
250,1,401,0.119585
250,1,402,0.119585
250,1,403,0.119585
250,1,404,0.119585
250,1,405,0.119585
250,1,406,0.119584
250,1,407,0.119584
250,1,408,0.119583
250,1,409,0.119583
250,1,410,0.119583
250,1,411,0.119584
250,1,412,0.119584
250,1,413,0.119585
250,1,414,0.119586
250,1,415,0.119587
250,1,416,0.119589
250,1,417,0.119589
250,1,418,0.119589
250,1,419,0.119589
250,1,420,0.119589
250,1,421,0.119588
250,1,422,0.119587
250,1,423,0.119585
250,1,424,0.119585
250,1,425,0.119585
250,1,426,0.119586
250,1,427,0.119587
250,1,428,0.119588
250,1,429,0.119592
250,1,430,0.119596
250,1,431,0.1196
250,1,432,0.119603
250,1,433,0.119603
250,1,434,0.119604
250,1,435,0.119604
250,1,436,0.119604
250,1,437,0.119602
250,1,438,0.1196
250,1,439,0.119598
250,1,440,0.119599
250,1,441,0.119602
250,1,442,0.119604
250,1,443,0.119607
250,1,444,0.119617
250,1,445,0.119632
250,1,446,0.119647
250,1,447,0.119661
250,1,448,0.119667
250,1,449,0.119669
250,1,450,0.119671
250,1,451,0.119673
250,1,452,0.11968
250,1,453,0.119687
250,1,454,0.119695
250,1,455,0.119702
250,1,456,0.119712
250,1,457,0.119722
250,1,458,0.119731
250,1,459,0.119742
250,1,460,0.119821
250,1,461,0.119899
250,1,462,0.119978
250,1,463,0.120049
250,1,464,0.120055
250,1,465,0.120062
250,1,466,0.120069
250,1,467,0.120102
250,1,468,0.120235
250,1,469,0.120368
250,1,470,0.120502
250,1,471,0.120605
250,1,472,0.120637
250,1,473,0.120669
250,1,474,0.120702
250,1,475,0.121068
250,1,476,0.121956
250,1,477,0.122843
250,1,478,0.123731
250,1,479,0.124208
250,1,480,0.12425
250,1,481,0.124291
250,1,482,0.124332
250,1,483,0.124387
250,1,484,0.12445
250,1,485,0.124514
250,1,486,0.124577
250,1,487,0.1246
250,1,488,0.124604
250,1,489,0.124607
250,1,490,0.12461
250,1,491,0.124633
250,1,492,0.124662
250,1,493,0.12469
250,1,494,0.124719
250,1,495,0.124725
250,1,496,0.124726
250,1,497,0.124728
250,1,498,0.124729
250,1,499,0.124729
250,1,500,0.124729
