x,y,z,b
250,1,0,0.124587
250,1,1,0.124587
250,1,2,0.124587
250,1,3,0.124585
250,1,4,0.124584
250,1,5,0.124582
250,1,6,0.124578
250,1,7,0.124553
250,1,8,0.124529
250,1,9,0.124504
250,1,10,0.124485
250,1,11,0.124482
250,1,12,0.124479
250,1,13,0.124476
250,1,14,0.124456
250,1,15,0.124401
250,1,16,0.124346
250,1,17,0.124291
250,1,18,0.124243
250,1,19,0.124206
250,1,20,0.124169
250,1,21,0.124131
250,1,22,0.123658
250,1,23,0.122775
250,1,24,0.121892
250,1,25,0.12101
250,1,26,0.120647
250,1,27,0.120619
250,1,28,0.120591
250,1,29,0.120563
250,1,30,0.120475
250,1,31,0.120361
250,1,32,0.120248
250,1,33,0.120135
250,1,34,0.120107
250,1,35,0.1201
250,1,36,0.120094
250,1,37,0.120087
250,1,38,0.120028
250,1,39,0.119964
250,1,40,0.119899
250,1,41,0.119834
250,1,42,0.119825
250,1,43,0.119816
250,1,44,0.119807
250,1,45,0.119799
250,1,46,0.119794
250,1,47,0.119789
250,1,48,0.119784
250,1,49,0.11978
250,1,50,0.119778
250,1,51,0.119776
250,1,52,0.119774
250,1,53,0.11977
250,1,54,0.119758
250,1,55,0.119747
250,1,56,0.119735
250,1,57,0.119727
250,1,58,0.119725
250,1,59,0.119723
250,1,60,0.11972
250,1,61,0.11972
250,1,62,0.119721
250,1,63,0.119723
250,1,64,0.119724
250,1,65,0.119725
250,1,66,0.119724
250,1,67,0.119724
250,1,68,0.119723
250,1,69,0.119721
250,1,70,0.119718
250,1,71,0.119715
250,1,72,0.119712
250,1,73,0.119711
250,1,74,0.119711
250,1,75,0.11971
250,1,76,0.11971
250,1,77,0.11971
250,1,78,0.119711
250,1,79,0.119712
250,1,80,0.119712
250,1,81,0.119712
250,1,82,0.119712
250,1,83,0.119712
250,1,84,0.119712
250,1,85,0.119711
250,1,86,0.11971
250,1,87,0.119709
250,1,88,0.119708
250,1,89,0.119708
250,1,90,0.119708
250,1,91,0.119708
250,1,92,0.119708
250,1,93,0.119708
250,1,94,0.119708
250,1,95,0.119708
250,1,96,0.119708
250,1,97,0.119708
250,1,98,0.119708
250,1,99,0.119708
250,1,100,0.119708
250,1,101,0.119708
250,1,102,0.119707
250,1,103,0.119707
250,1,104,0.119707
250,1,105,0.119707
250,1,106,0.119706
250,1,107,0.119706
250,1,108,0.119706
250,1,109,0.119706
250,1,110,0.119706
250,1,111,0.119706
250,1,112,0.119706
250,1,113,0.119706
250,1,114,0.119706
250,1,115,0.119706
250,1,116,0.119706
250,1,117,0.119705
250,1,118,0.119705
250,1,119,0.119705
250,1,120,0.119705
250,1,121,0.119704
250,1,122,0.119704
250,1,123,0.119704
250,1,124,0.119704
250,1,125,0.119704
250,1,126,0.119704
250,1,127,0.119704
250,1,128,0.119704
250,1,129,0.119703
250,1,130,0.119703
250,1,131,0.119703
250,1,132,0.119702
250,1,133,0.119702
250,1,134,0.119701
250,1,135,0.119701
250,1,136,0.119701
250,1,137,0.1197
250,1,138,0.1197
250,1,139,0.1197
250,1,140,0.119699
250,1,141,0.119699
250,1,142,0.119699
250,1,143,0.119699
250,1,144,0.119698
250,1,145,0.119697
250,1,146,0.119697
250,1,147,0.119696
250,1,148,0.119695
250,1,149,0.119694
250,1,150,0.119694
250,1,151,0.119693
250,1,152,0.119692
250,1,153,0.119691
250,1,154,0.11969
250,1,155,0.11969
250,1,156,0.119689
250,1,157,0.119689
250,1,158,0.119688
250,1,159,0.119687
250,1,160,0.119686
250,1,161,0.119684
250,1,162,0.119683
250,1,163,0.119681
250,1,164,0.119679
250,1,165,0.119677
250,1,166,0.119674
250,1,167,0.119672
250,1,168,0.11967
250,1,169,0.119668
250,1,170,0.119666
250,1,171,0.119664
250,1,172,0.119662
250,1,173,0.11966
250,1,174,0.119658
250,1,175,0.119654
250,1,176,0.119649
250,1,177,0.119645
250,1,178,0.11964
250,1,179,0.119634
250,1,180,0.119627
250,1,181,0.119621
250,1,182,0.119614
250,1,183,0.119606
250,1,184,0.119598
250,1,185,0.11959
250,1,186,0.119582
250,1,187,0.119574
250,1,188,0.119565
250,1,189,0.119557
250,1,190,0.119544
250,1,191,0.119527
250,1,192,0.11951
250,1,193,0.119493
250,1,194,0.119473
250,1,195,0.119451
250,1,196,0.119429
250,1,197,0.119407
250,1,198,0.119378
250,1,199,0.119347
250,1,200,0.119316
250,1,201,0.119284
250,1,202,0.119251
250,1,203,0.119217
250,1,204,0.119184
250,1,205,0.11915
250,1,206,0.119101
250,1,207,0.11905
250,1,208,0.119
250,1,209,0.11895
250,1,210,0.118941
250,1,211,0.118931
250,1,212,0.118922
250,1,213,0.118913
250,1,214,0.118907
250,1,215,0.1189
250,1,216,0.118893
250,1,217,0.11894
250,1,218,0.119194
250,1,219,0.119449
250,1,220,0.119703
250,1,221,0.119884
250,1,222,0.119892
250,1,223,0.119901
250,1,224,0.119909
250,1,225,0.120536
250,1,226,0.122131
250,1,227,0.123725
250,1,228,0.125319
250,1,229,0.128644
250,1,230,0.133812
250,1,231,0.13898
250,1,232,0.144148
250,1,233,0.148561
250,1,234,0.152424
250,1,235,0.159466
250,1,236,0.160746
250,1,237,0.159545
250,1,238,0.156688
250,1,239,0.153104
250,1,240,0.149557
250,1,241,0.146023
250,1,242,0.144117
250,1,243,0.142647
250,1,244,0.13987
250,1,245,0.136837
250,1,246,0.133148
250,1,247,0.125831
250,1,248,0.123563
250,1,249,0.120565
250,1,250,0.117531
250,1,251,0.114497
250,1,252,0.111676
250,1,253,0.113177
250,1,254,0.114677
250,1,255,0.116178
250,1,256,0.117491
250,1,257,0.117663
250,1,258,0.117834
250,1,259,0.118006
250,1,260,0.118143
250,1,261,0.118167
250,1,262,0.118191
250,1,263,0.118215
250,1,264,0.118573
250,1,265,0.119614
250,1,266,0.120655
250,1,267,0.121696
250,1,268,0.122237
250,1,269,0.122095
250,1,270,0.121952
250,1,271,0.12181
250,1,272,0.121582
250,1,273,0.121272
250,1,274,0.120963
250,1,275,0.120654
250,1,276,0.120455
250,1,277,0.120326
250,1,278,0.120198
250,1,279,0.120069
250,1,280,0.120092
250,1,281,0.120178
250,1,282,0.120265
250,1,283,0.120351
250,1,284,0.120342
250,1,285,0.120308
250,1,286,0.120274
250,1,287,0.120241
250,1,288,0.120166
250,1,289,0.120087
250,1,290,0.120007
250,1,291,0.119928
250,1,292,0.119903
250,1,293,0.119878
250,1,294,0.119854
250,1,295,0.119832
250,1,296,0.11985
250,1,297,0.119867
250,1,298,0.119885
250,1,299,0.119898
250,1,300,0.119891
250,1,301,0.119883
250,1,302,0.119876
250,1,303,0.119865
250,1,304,0.119843
250,1,305,0.119821
250,1,306,0.119799
250,1,307,0.119783
250,1,308,0.119776
250,1,309,0.119769
250,1,310,0.119763
250,1,311,0.119761
250,1,312,0.119766
250,1,313,0.119771
250,1,314,0.119776
250,1,315,0.119777
250,1,316,0.119774
250,1,317,0.119772
250,1,318,0.11977
250,1,319,0.119765
250,1,320,0.119758
250,1,321,0.119751
250,1,322,0.119744
250,1,323,0.119741
250,1,324,0.119739
250,1,325,0.119736
250,1,326,0.119734
250,1,327,0.119735
250,1,328,0.119736
250,1,329,0.119737
250,1,330,0.119738
250,1,331,0.119738
250,1,332,0.119737
250,1,333,0.119736
250,1,334,0.119735
250,1,335,0.119733
250,1,336,0.11973
250,1,337,0.119728
250,1,338,0.119726
250,1,339,0.119725
250,1,340,0.119724
250,1,341,0.119723
250,1,342,0.119723
250,1,343,0.119723
250,1,344,0.119723
250,1,345,0.119723
250,1,346,0.119724
250,1,347,0.119723
250,1,348,0.119723
250,1,349,0.119722
250,1,350,0.119722
250,1,351,0.119721
250,1,352,0.11972
250,1,353,0.119719
250,1,354,0.119718
250,1,355,0.119718
250,1,356,0.119718
250,1,357,0.119717
250,1,358,0.119717
250,1,359,0.119717
250,1,360,0.119717
250,1,361,0.119717
250,1,362,0.119717
250,1,363,0.119717
250,1,364,0.119716
250,1,365,0.119716
250,1,366,0.119716
250,1,367,0.119716
250,1,368,0.119715
250,1,369,0.119715
250,1,370,0.119715
250,1,371,0.119715
250,1,372,0.119714
250,1,373,0.119714
250,1,374,0.119714
250,1,375,0.119714
250,1,376,0.119714
250,1,377,0.119714
250,1,378,0.119714
250,1,379,0.119714
250,1,380,0.119713
250,1,381,0.119713
250,1,382,0.119713
250,1,383,0.119713
250,1,384,0.119713
250,1,385,0.119713
250,1,386,0.119713
250,1,387,0.119713
250,1,388,0.119713
250,1,389,0.119713
250,1,390,0.119713
250,1,391,0.119712
250,1,392,0.119712
250,1,393,0.119712
250,1,394,0.119712
250,1,395,0.119712
250,1,396,0.119712
250,1,397,0.119712
250,1,398,0.119713
250,1,399,0.119713
250,1,400,0.119713
250,1,401,0.119713
250,1,402,0.119713
250,1,403,0.119713
250,1,404,0.119713
250,1,405,0.119713
250,1,406,0.119712
250,1,407,0.119712
250,1,408,0.119712
250,1,409,0.119712
250,1,410,0.119712
250,1,411,0.119712
250,1,412,0.119712
250,1,413,0.119713
250,1,414,0.119714
250,1,415,0.119715
250,1,416,0.119716
250,1,417,0.119716
250,1,418,0.119716
250,1,419,0.119716
250,1,420,0.119716
250,1,421,0.119715
250,1,422,0.119714
250,1,423,0.119713
250,1,424,0.119713
250,1,425,0.119713
250,1,426,0.119714
250,1,427,0.119714
250,1,428,0.119716
250,1,429,0.119718
250,1,430,0.119721
250,1,431,0.119724
250,1,432,0.119726
250,1,433,0.119727
250,1,434,0.119727
250,1,435,0.119727
250,1,436,0.119727
250,1,437,0.119725
250,1,438,0.119724
250,1,439,0.119722
250,1,440,0.119723
250,1,441,0.119725
250,1,442,0.119727
250,1,443,0.119729
250,1,444,0.119738
250,1,445,0.119749
250,1,446,0.119761
250,1,447,0.119772
250,1,448,0.119776
250,1,449,0.119778
250,1,450,0.11978
250,1,451,0.119781
250,1,452,0.119786
250,1,453,0.119791
250,1,454,0.119796
250,1,455,0.1198
250,1,456,0.119809
250,1,457,0.119817
250,1,458,0.119826
250,1,459,0.119836
250,1,460,0.1199
250,1,461,0.119965
250,1,462,0.12003
250,1,463,0.120088
250,1,464,0.120095
250,1,465,0.120101
250,1,466,0.120108
250,1,467,0.120136
250,1,468,0.120249
250,1,469,0.120363
250,1,470,0.120476
250,1,471,0.120564
250,1,472,0.120592
250,1,473,0.12062
250,1,474,0.120649
250,1,475,0.121011
250,1,476,0.121895
250,1,477,0.122779
250,1,478,0.123663
250,1,479,0.124136
250,1,480,0.124172
250,1,481,0.124208
250,1,482,0.124244
250,1,483,0.124291
250,1,484,0.124346
250,1,485,0.124401
250,1,486,0.124456
250,1,487,0.124476
250,1,488,0.124479
250,1,489,0.124482
250,1,490,0.124485
250,1,491,0.124504
250,1,492,0.124529
250,1,493,0.124553
250,1,494,0.124578
250,1,495,0.124583
250,1,496,0.124584
250,1,497,0.124586
250,1,498,0.124587
250,1,499,0.124587
250,1,500,0.124587
