x,y,z,b
250,1,0,0.124357
250,1,1,0.124357
250,1,2,0.124357
250,1,3,0.124355
250,1,4,0.124354
250,1,5,0.124353
250,1,6,0.124349
250,1,7,0.12433
250,1,8,0.124312
250,1,9,0.124294
250,1,10,0.124279
250,1,11,0.124276
250,1,12,0.124274
250,1,13,0.124271
250,1,14,0.124256
250,1,15,0.124213
250,1,16,0.12417
250,1,17,0.124127
250,1,18,0.124091
250,1,19,0.124062
250,1,20,0.124033
250,1,21,0.124004
250,1,22,0.123543
250,1,23,0.122677
250,1,24,0.121812
250,1,25,0.120946
250,1,26,0.120594
250,1,27,0.120571
250,1,28,0.120548
250,1,29,0.120525
250,1,30,0.120458
250,1,31,0.120372
250,1,32,0.120286
250,1,33,0.1202
250,1,34,0.120178
250,1,35,0.120171
250,1,36,0.120165
250,1,37,0.120159
250,1,38,0.120117
250,1,39,0.12007
250,1,40,0.120024
250,1,41,0.119977
250,1,42,0.11997
250,1,43,0.119963
250,1,44,0.119956
250,1,45,0.119949
250,1,46,0.119947
250,1,47,0.119944
250,1,48,0.119941
250,1,49,0.119939
250,1,50,0.119938
250,1,51,0.119936
250,1,52,0.119935
250,1,53,0.119932
250,1,54,0.119924
250,1,55,0.119917
250,1,56,0.119909
250,1,57,0.119904
250,1,58,0.119902
250,1,59,0.119901
250,1,60,0.119899
250,1,61,0.119899
250,1,62,0.1199
250,1,63,0.119901
250,1,64,0.119902
250,1,65,0.119902
250,1,66,0.119902
250,1,67,0.119902
250,1,68,0.119901
250,1,69,0.1199
250,1,70,0.119898
250,1,71,0.119896
250,1,72,0.119895
250,1,73,0.119894
250,1,74,0.119894
250,1,75,0.119893
250,1,76,0.119893
250,1,77,0.119893
250,1,78,0.119894
250,1,79,0.119894
250,1,80,0.119895
250,1,81,0.119894
250,1,82,0.119894
250,1,83,0.119894
250,1,84,0.119894
250,1,85,0.119894
250,1,86,0.119893
250,1,87,0.119893
250,1,88,0.119892
250,1,89,0.119892
250,1,90,0.119892
250,1,91,0.119892
250,1,92,0.119892
250,1,93,0.119892
250,1,94,0.119892
250,1,95,0.119892
250,1,96,0.119892
250,1,97,0.119892
250,1,98,0.119892
250,1,99,0.119892
250,1,100,0.119892
250,1,101,0.119892
250,1,102,0.119891
250,1,103,0.119891
250,1,104,0.119891
250,1,105,0.119891
250,1,106,0.119891
250,1,107,0.119891
250,1,108,0.119891
250,1,109,0.119891
250,1,110,0.119891
250,1,111,0.119891
250,1,112,0.119891
250,1,113,0.119891
250,1,114,0.119891
250,1,115,0.119891
250,1,116,0.119891
250,1,117,0.119891
250,1,118,0.119891
250,1,119,0.11989
250,1,120,0.11989
250,1,121,0.11989
250,1,122,0.11989
250,1,123,0.11989
250,1,124,0.11989
250,1,125,0.11989
250,1,126,0.11989
250,1,127,0.11989
250,1,128,0.11989
250,1,129,0.11989
250,1,130,0.11989
250,1,131,0.11989
250,1,132,0.11989
250,1,133,0.11989
250,1,134,0.11989
250,1,135,0.11989
250,1,136,0.11989
250,1,137,0.11989
250,1,138,0.119889
250,1,139,0.119889
250,1,140,0.119889
250,1,141,0.119889
250,1,142,0.119889
250,1,143,0.119889
250,1,144,0.119889
250,1,145,0.119889
250,1,146,0.119889
250,1,147,0.119889
250,1,148,0.119889
250,1,149,0.119889
250,1,150,0.119889
250,1,151,0.119888
250,1,152,0.119888
250,1,153,0.119888
250,1,154,0.119888
250,1,155,0.119888
250,1,156,0.119888
250,1,157,0.119888
250,1,158,0.119888
250,1,159,0.119888
250,1,160,0.119888
250,1,161,0.119888
250,1,162,0.119887
250,1,163,0.119887
250,1,164,0.119887
250,1,165,0.119887
250,1,166,0.119886
250,1,167,0.119886
250,1,168,0.119886
250,1,169,0.119886
250,1,170,0.119886
250,1,171,0.119886
250,1,172,0.119886
250,1,173,0.119886
250,1,174,0.119886
250,1,175,0.119885
250,1,176,0.119885
250,1,177,0.119884
250,1,178,0.119884
250,1,179,0.119883
250,1,180,0.119882
250,1,181,0.119881
250,1,182,0.11988
250,1,183,0.119879
250,1,184,0.119879
250,1,185,0.119878
250,1,186,0.119878
250,1,187,0.119878
250,1,188,0.119878
250,1,189,0.119878
250,1,190,0.119877
250,1,191,0.119875
250,1,192,0.119873
250,1,193,0.119871
250,1,194,0.119868
250,1,195,0.119864
250,1,196,0.11986
250,1,197,0.119856
250,1,198,0.119854
250,1,199,0.119852
250,1,200,0.119849
250,1,201,0.119847
250,1,202,0.119849
250,1,203,0.119851
250,1,204,0.119853
250,1,205,0.119855
250,1,206,0.119848
250,1,207,0.11984
250,1,208,0.119832
250,1,209,0.119823
250,1,210,0.119808
250,1,211,0.119793
250,1,212,0.119778
250,1,213,0.119765
250,1,214,0.11977
250,1,215,0.119775
250,1,216,0.11978
250,1,217,0.119794
250,1,218,0.119846
250,1,219,0.119897
250,1,220,0.119949
250,1,221,0.119997
250,1,222,0.120035
250,1,223,0.120073
250,1,224,0.120111
250,1,225,0.120214
250,1,226,0.120416
250,1,227,0.120619
250,1,228,0.120821
250,1,229,0.121839
250,1,230,0.123723
250,1,231,0.125607
250,1,232,0.127491
250,1,233,0.131998
250,1,234,0.138418
250,1,235,0.147287
250,1,236,0.15086
250,1,237,0.152713
250,1,238,0.154367
250,1,239,0.155935
250,1,240,0.154798
250,1,241,0.152722
250,1,242,0.149057
250,1,243,0.144969
250,1,244,0.142179
250,1,245,0.139643
250,1,246,0.137347
250,1,247,0.135135
250,1,248,0.133248
250,1,249,0.129909
250,1,250,0.126499
250,1,251,0.12309
250,1,252,0.119821
250,1,253,0.119429
250,1,254,0.119036
250,1,255,0.118644
250,1,256,0.118298
250,1,257,0.118239
250,1,258,0.118179
250,1,259,0.11812
250,1,260,0.118109
250,1,261,0.118256
250,1,262,0.118403
250,1,263,0.118551
250,1,264,0.118881
250,1,265,0.119586
250,1,266,0.120291
250,1,267,0.120996
250,1,268,0.121404
250,1,269,0.121404
250,1,270,0.121405
250,1,271,0.121405
250,1,272,0.121246
250,1,273,0.120938
250,1,274,0.12063
250,1,275,0.120322
250,1,276,0.120153
250,1,277,0.120074
250,1,278,0.119994
250,1,279,0.119915
250,1,280,0.119954
250,1,281,0.120042
250,1,282,0.12013
250,1,283,0.120218
250,1,284,0.120228
250,1,285,0.120219
250,1,286,0.12021
250,1,287,0.120201
250,1,288,0.120148
250,1,289,0.120091
250,1,290,0.120034
250,1,291,0.119976
250,1,292,0.11996
250,1,293,0.119945
250,1,294,0.11993
250,1,295,0.119918
250,1,296,0.119933
250,1,297,0.119948
250,1,298,0.119963
250,1,299,0.119975
250,1,300,0.119973
250,1,301,0.119971
250,1,302,0.119969
250,1,303,0.119964
250,1,304,0.119952
250,1,305,0.11994
250,1,306,0.119929
250,1,307,0.11992
250,1,308,0.119916
250,1,309,0.119913
250,1,310,0.119909
250,1,311,0.119909
250,1,312,0.119911
250,1,313,0.119914
250,1,314,0.119916
250,1,315,0.119917
250,1,316,0.119916
250,1,317,0.119915
250,1,318,0.119915
250,1,319,0.119913
250,1,320,0.11991
250,1,321,0.119907
250,1,322,0.119905
250,1,323,0.119903
250,1,324,0.119902
250,1,325,0.119901
250,1,326,0.1199
250,1,327,0.1199
250,1,328,0.119901
250,1,329,0.119901
250,1,330,0.119901
250,1,331,0.119901
250,1,332,0.119901
250,1,333,0.1199
250,1,334,0.1199
250,1,335,0.119899
250,1,336,0.119899
250,1,337,0.119898
250,1,338,0.119897
250,1,339,0.119897
250,1,340,0.119897
250,1,341,0.119896
250,1,342,0.119896
250,1,343,0.119896
250,1,344,0.119896
250,1,345,0.119896
250,1,346,0.119896
250,1,347,0.119896
250,1,348,0.119896
250,1,349,0.119896
250,1,350,0.119895
250,1,351,0.119895
250,1,352,0.119895
250,1,353,0.119895
250,1,354,0.119895
250,1,355,0.119894
250,1,356,0.119894
250,1,357,0.119894
250,1,358,0.119894
250,1,359,0.119894
250,1,360,0.119894
250,1,361,0.119894
250,1,362,0.119894
250,1,363,0.119894
250,1,364,0.119894
250,1,365,0.119894
250,1,366,0.119894
250,1,367,0.119894
250,1,368,0.119893
250,1,369,0.119893
250,1,370,0.119893
250,1,371,0.119893
250,1,372,0.119893
250,1,373,0.119893
250,1,374,0.119893
250,1,375,0.119893
250,1,376,0.119893
250,1,377,0.119893
250,1,378,0.119893
250,1,379,0.119893
250,1,380,0.119893
250,1,381,0.119893
250,1,382,0.119893
250,1,383,0.119893
250,1,384,0.119893
250,1,385,0.119893
250,1,386,0.119893
250,1,387,0.119893
250,1,388,0.119893
250,1,389,0.119893
250,1,390,0.119893
250,1,391,0.119893
250,1,392,0.119893
250,1,393,0.119893
250,1,394,0.119893
250,1,395,0.119893
250,1,396,0.119893
250,1,397,0.119893
250,1,398,0.119893
250,1,399,0.119893
250,1,400,0.119893
250,1,401,0.119893
250,1,402,0.119893
250,1,403,0.119893
250,1,404,0.119893
250,1,405,0.119893
250,1,406,0.119893
250,1,407,0.119893
250,1,408,0.119893
250,1,409,0.119893
250,1,410,0.119893
250,1,411,0.119893
250,1,412,0.119893
250,1,413,0.119894
250,1,414,0.119894
250,1,415,0.119895
250,1,416,0.119895
250,1,417,0.119895
250,1,418,0.119895
250,1,419,0.119895
250,1,420,0.119895
250,1,421,0.119895
250,1,422,0.119894
250,1,423,0.119894
250,1,424,0.119894
250,1,425,0.119894
250,1,426,0.119894
250,1,427,0.119895
250,1,428,0.119895
250,1,429,0.119897
250,1,430,0.119899
250,1,431,0.119901
250,1,432,0.119902
250,1,433,0.119902
250,1,434,0.119903
250,1,435,0.119903
250,1,436,0.119902
250,1,437,0.119901
250,1,438,0.1199
250,1,439,0.119899
250,1,440,0.1199
250,1,441,0.119901
250,1,442,0.119903
250,1,443,0.119904
250,1,444,0.11991
250,1,445,0.119917
250,1,446,0.119925
250,1,447,0.119933
250,1,448,0.119936
250,1,449,0.119937
250,1,450,0.119938
250,1,451,0.119939
250,1,452,0.119942
250,1,453,0.119944
250,1,454,0.119947
250,1,455,0.11995
250,1,456,0.119956
250,1,457,0.119963
250,1,458,0.11997
250,1,459,0.119978
250,1,460,0.120024
250,1,461,0.120071
250,1,462,0.120117
250,1,463,0.12016
250,1,464,0.120166
250,1,465,0.120172
250,1,466,0.120178
250,1,467,0.1202
250,1,468,0.120286
250,1,469,0.120372
250,1,470,0.120458
250,1,471,0.120525
250,1,472,0.120548
250,1,473,0.120571
250,1,474,0.120594
250,1,475,0.120946
250,1,476,0.121812
250,1,477,0.122678
250,1,478,0.123544
250,1,479,0.124005
250,1,480,0.124033
250,1,481,0.124062
250,1,482,0.124091
250,1,483,0.124127
250,1,484,0.12417
250,1,485,0.124213
250,1,486,0.124256
250,1,487,0.124271
250,1,488,0.124274
250,1,489,0.124276
250,1,490,0.124279
250,1,491,0.124294
250,1,492,0.124312
250,1,493,0.12433
250,1,494,0.124349
250,1,495,0.124353
250,1,496,0.124354
250,1,497,0.124355
250,1,498,0.124357
250,1,499,0.124357
250,1,500,0.124357
