x,y,z,b
280,0,250,0.0984104
280,0.1,250,0.100607
280,0.2,250,0.102804
280,0.3,250,0.105002
280,0.4,250,0.107199
280,0.5,250,0.109396
280,0.6,250,0.111593
280,0.7,250,0.11379
280,0.8,250,0.115987
280,0.9,250,0.118184
280,1,250,0.120381
280,1.1,250,0.122578
280,1.2,250,0.124775
280,1.3,250,0.126972
280,1.4,250,0.129169
280,1.5,250,0.131366
280,1.6,250,0.133563
280,1.7,250,0.13576
280,1.8,250,0.137957
280,1.9,250,0.140154
280,2,250,0.141857
280,2.1,250,0.143
280,2.2,250,0.144143
280,2.3,250,0.145285
280,2.4,250,0.146428
280,2.5,250,0.147571
280,2.6,250,0.148714
280,2.7,250,0.149857
280,2.8,250,0.150999
280,2.9,250,0.152142
280,3,250,0.153285
280,3.1,250,0.154428
280,3.2,250,0.155571
280,3.3,250,0.156713
280,3.4,250,0.157856
280,3.5,250,0.158999
280,3.6,250,0.160142
280,3.7,250,0.161285
280,3.8,250,0.162427
280,3.9,250,0.16357
280,4,250,0.164713
280,4.1,250,0.165856
280,4.2,250,0.166999
280,4.3,250,0.168141
280,4.4,250,0.169284
280,4.5,250,0.170427
280,4.6,250,0.17157
280,4.7,250,0.172713
280,4.8,250,0.173855
280,4.9,250,0.174998
280,5,250,0.176141
280,5.1,250,0.177284
280,5.2,250,0.178427
280,5.3,250,0.179569
280,5.4,250,0.180712
280,5.5,250,0.181855
280,5.6,250,0.182998
280,5.7,250,0.184141
280,5.8,250,0.185283
280,5.9,250,0.186097
280,6,250,0.186431
280,6.1,250,0.186764
280,6.2,250,0.187097
280,6.3,250,0.18743
280,6.4,250,0.187763
280,6.5,250,0.188096
280,6.6,250,0.188429
280,6.7,250,0.188763
280,6.8,250,0.189096
280,6.9,250,0.189429
280,7,250,0.189762
280,7.1,250,0.190095
280,7.2,250,0.190428
280,7.3,250,0.190762
280,7.4,250,0.191095
280,7.5,250,0.191428
280,7.6,250,0.191761
280,7.7,250,0.192094
280,7.8,250,0.192427
280,7.9,250,0.187724
280,8,250,0.188327
280,8.1,250,0.18893
280,8.2,250,0.189534
280,8.3,250,0.190137
280,8.4,250,0.19074
280,8.5,250,0.191343
280,8.6,250,0.191946
280,8.7,250,0.192549
280,8.8,250,0.193152
280,8.9,250,0.193755
280,9,250,0.194359
280,9.1,250,0.194962
280,9.2,250,0.195565
280,9.3,250,0.196168
280,9.4,250,0.196771
280,9.5,250,0.197374
280,9.6,250,0.197977
280,9.7,250,0.19858
280,9.8,250,0.199184
280,9.9,250,0.199787
280,10,250,0.20039
280,10.1,250,0.200993
280,10.2,250,0.201596
280,10.3,250,0.202199
280,10.4,250,0.202802
280,10.5,250,0.203405
280,10.6,250,0.204008
280,10.7,250,0.204612
280,10.8,250,0.205215
280,10.9,250,0.205818
280,11,250,0.206421
280,11.1,250,0.207024
280,11.2,250,0.207627
280,11.3,250,0.20823
280,11.4,250,0.208833
280,11.5,250,0.209437
280,11.6,250,0.21004
280,11.7,250,0.210643
280,11.8,250,0.210946
280,11.9,250,0.21118
280,12,250,0.211415
280,12.1,250,0.211649
280,12.2,250,0.211883
280,12.3,250,0.212117
280,12.4,250,0.212351
280,12.5,250,0.212586
280,12.6,250,0.21282
280,12.7,250,0.213054
280,12.8,250,0.213288
280,12.9,250,0.213523
280,13,250,0.213757
280,13.1,250,0.213991
280,13.2,250,0.214225
280,13.3,250,0.214459
280,13.4,250,0.214694
280,13.5,250,0.214928
280,13.6,250,0.215162
280,13.7,250,0.215396
280,13.8,250,0.215631
280,13.9,250,0.215865
280,14,250,0.216099
280,14.1,250,0.216333
280,14.2,250,0.216567
280,14.3,250,0.216802
280,14.4,250,0.217036
280,14.5,250,0.21727
280,14.6,250,0.217504
280,14.7,250,0.217738
280,14.8,250,0.217973
280,14.9,250,0.218207
280,15,250,0.218441
280,15.1,250,0.218675
280,15.2,250,0.21891
280,15.3,250,0.219144
280,15.4,250,0.219378
280,15.5,250,0.219612
280,15.6,250,0.219846
280,15.7,250,0.220081
280,15.8,250,0.220315
280,15.9,250,0.220549
280,16,250,0.220783
280,16.1,250,0.221017
280,16.2,250,0.221252
280,16.3,250,0.221486
280,16.4,250,0.22172
280,16.5,250,0.221954
280,16.6,250,0.222189
280,16.7,250,0.222423
280,16.8,250,0.222657
280,16.9,250,0.222891
280,17,250,0.223125
280,17.1,250,0.22336
280,17.2,250,0.223594
280,17.3,250,0.223828
280,17.4,250,0.224062
280,17.5,250,0.224297
280,17.6,250,0.224531
280,17.7,250,0.224765
280,17.8,250,0.224999
280,17.9,250,0.225233
280,18,250,0.225468
280,18.1,250,0.225702
280,18.2,250,0.225936
280,18.3,250,0.22617
280,18.4,250,0.226404
280,18.5,250,0.226639
280,18.6,250,0.226873
280,18.7,250,0.227107
280,18.8,250,0.227341
280,18.9,250,0.227576
280,19,250,0.22781
280,19.1,250,0.228044
280,19.2,250,0.228278
280,19.3,250,0.228512
280,19.4,250,0.228747
280,19.5,250,0.228981
280,19.6,250,0.22916
280,19.7,250,0.229315
280,19.8,250,0.22947
280,19.9,250,0.229624
280,20,250,0.229779
