x,y,z,b
280,0,250,0.0981698
280,0.1,250,0.100371
280,0.2,250,0.102573
280,0.3,250,0.104774
280,0.4,250,0.106976
280,0.5,250,0.109177
280,0.6,250,0.111379
280,0.7,250,0.11358
280,0.8,250,0.115782
280,0.9,250,0.117983
280,1,250,0.120185
280,1.1,250,0.122386
280,1.2,250,0.124588
280,1.3,250,0.126789
280,1.4,250,0.128991
280,1.5,250,0.131192
280,1.6,250,0.133394
280,1.7,250,0.135595
280,1.8,250,0.137797
280,1.9,250,0.139998
280,2,250,0.141705
280,2.1,250,0.14285
280,2.2,250,0.143995
280,2.3,250,0.14514
280,2.4,250,0.146285
280,2.5,250,0.14743
280,2.6,250,0.148575
280,2.7,250,0.14972
280,2.8,250,0.150866
280,2.9,250,0.152011
280,3,250,0.153156
280,3.1,250,0.154301
280,3.2,250,0.155446
280,3.3,250,0.156591
280,3.4,250,0.157736
280,3.5,250,0.158881
280,3.6,250,0.160026
280,3.7,250,0.161172
280,3.8,250,0.162317
280,3.9,250,0.163462
280,4,250,0.164607
280,4.1,250,0.165752
280,4.2,250,0.166897
280,4.3,250,0.168042
280,4.4,250,0.169187
280,4.5,250,0.170333
280,4.6,250,0.171478
280,4.7,250,0.172623
280,4.8,250,0.173768
280,4.9,250,0.174913
280,5,250,0.176058
280,5.1,250,0.177203
280,5.2,250,0.178348
280,5.3,250,0.179493
280,5.4,250,0.180639
280,5.5,250,0.181784
280,5.6,250,0.182929
280,5.7,250,0.184074
280,5.8,250,0.185219
280,5.9,250,0.186035
280,6,250,0.186371
280,6.1,250,0.186706
280,6.2,250,0.187041
280,6.3,250,0.187377
280,6.4,250,0.187712
280,6.5,250,0.188048
280,6.6,250,0.188383
280,6.7,250,0.188718
280,6.8,250,0.189054
280,6.9,250,0.189389
280,7,250,0.189725
280,7.1,250,0.19006
280,7.2,250,0.190395
280,7.3,250,0.190731
280,7.4,250,0.191066
280,7.5,250,0.191402
280,7.6,250,0.191737
280,7.7,250,0.192073
280,7.8,250,0.192408
280,7.9,250,0.18772
280,8,250,0.188324
280,8.1,250,0.188929
280,8.2,250,0.189534
280,8.3,250,0.190138
280,8.4,250,0.190743
280,8.5,250,0.191348
280,8.6,250,0.191952
280,8.7,250,0.192557
280,8.8,250,0.193162
280,8.9,250,0.193766
280,9,250,0.194371
280,9.1,250,0.194976
280,9.2,250,0.19558
280,9.3,250,0.196185
280,9.4,250,0.19679
280,9.5,250,0.197395
280,9.6,250,0.197999
280,9.7,250,0.198604
280,9.8,250,0.199209
280,9.9,250,0.199813
280,10,250,0.200418
280,10.1,250,0.201023
280,10.2,250,0.201627
280,10.3,250,0.202232
280,10.4,250,0.202837
280,10.5,250,0.203441
280,10.6,250,0.204046
280,10.7,250,0.204651
280,10.8,250,0.205255
280,10.9,250,0.20586
280,11,250,0.206465
280,11.1,250,0.207069
280,11.2,250,0.207674
280,11.3,250,0.208279
280,11.4,250,0.208883
280,11.5,250,0.209488
280,11.6,250,0.210093
280,11.7,250,0.210698
280,11.8,250,0.211
280,11.9,250,0.211233
280,12,250,0.211467
280,12.1,250,0.2117
280,12.2,250,0.211933
280,12.3,250,0.212166
280,12.4,250,0.212399
280,12.5,250,0.212632
280,12.6,250,0.212866
280,12.7,250,0.213099
280,12.8,250,0.213332
280,12.9,250,0.213565
280,13,250,0.213798
280,13.1,250,0.214031
280,13.2,250,0.214265
280,13.3,250,0.214498
280,13.4,250,0.214731
280,13.5,250,0.214964
280,13.6,250,0.215197
280,13.7,250,0.21543
280,13.8,250,0.215664
280,13.9,250,0.215897
280,14,250,0.21613
280,14.1,250,0.216363
280,14.2,250,0.216596
280,14.3,250,0.216829
280,14.4,250,0.217063
280,14.5,250,0.217296
280,14.6,250,0.217529
280,14.7,250,0.217762
280,14.8,250,0.217995
280,14.9,250,0.218228
280,15,250,0.218462
280,15.1,250,0.218695
280,15.2,250,0.218928
280,15.3,250,0.219161
280,15.4,250,0.219394
280,15.5,250,0.219627
280,15.6,250,0.219861
280,15.7,250,0.220094
280,15.8,250,0.220327
280,15.9,250,0.22056
280,16,250,0.220793
280,16.1,250,0.221026
280,16.2,250,0.22126
280,16.3,250,0.221493
280,16.4,250,0.221726
280,16.5,250,0.221959
280,16.6,250,0.222192
280,16.7,250,0.222425
280,16.8,250,0.222659
280,16.9,250,0.222892
280,17,250,0.223125
280,17.1,250,0.223358
280,17.2,250,0.223591
280,17.3,250,0.223824
280,17.4,250,0.224058
280,17.5,250,0.224291
280,17.6,250,0.224524
280,17.7,250,0.224757
280,17.8,250,0.22499
280,17.9,250,0.225223
280,18,250,0.225457
280,18.1,250,0.22569
280,18.2,250,0.225923
280,18.3,250,0.226156
280,18.4,250,0.226389
280,18.5,250,0.226622
280,18.6,250,0.226856
280,18.7,250,0.227089
280,18.8,250,0.227322
280,18.9,250,0.227555
280,19,250,0.227788
280,19.1,250,0.228021
280,19.2,250,0.228254
280,19.3,250,0.228488
280,19.4,250,0.228721
280,19.5,250,0.228954
280,19.6,250,0.229133
280,19.7,250,0.229288
280,19.8,250,0.229443
280,19.9,250,0.229598
280,20,250,0.229753
