x,y,z,b
280,0,250,0.0975893
280,0.1,250,0.0998015
280,0.2,250,0.102014
280,0.3,250,0.104226
280,0.4,250,0.106438
280,0.5,250,0.10865
280,0.6,250,0.110862
280,0.7,250,0.113074
280,0.8,250,0.115287
280,0.9,250,0.117499
280,1,250,0.119711
280,1.1,250,0.121923
280,1.2,250,0.124135
280,1.3,250,0.126347
280,1.4,250,0.12856
280,1.5,250,0.130772
280,1.6,250,0.132984
280,1.7,250,0.135196
280,1.8,250,0.137408
280,1.9,250,0.13962
280,2,250,0.141335
280,2.1,250,0.142486
280,2.2,250,0.143636
280,2.3,250,0.144787
280,2.4,250,0.145938
280,2.5,250,0.147088
280,2.6,250,0.148239
280,2.7,250,0.14939
280,2.8,250,0.15054
280,2.9,250,0.151691
280,3,250,0.152842
280,3.1,250,0.153992
280,3.2,250,0.155143
280,3.3,250,0.156294
280,3.4,250,0.157444
280,3.5,250,0.158595
280,3.6,250,0.159746
280,3.7,250,0.160896
280,3.8,250,0.162047
280,3.9,250,0.163198
280,4,250,0.164348
280,4.1,250,0.165499
280,4.2,250,0.16665
280,4.3,250,0.1678
280,4.4,250,0.168951
280,4.5,250,0.170102
280,4.6,250,0.171252
280,4.7,250,0.172403
280,4.8,250,0.173554
280,4.9,250,0.174704
280,5,250,0.175855
280,5.1,250,0.177006
280,5.2,250,0.178156
280,5.3,250,0.179307
280,5.4,250,0.180458
280,5.5,250,0.181608
280,5.6,250,0.182759
280,5.7,250,0.18391
280,5.8,250,0.18506
280,5.9,250,0.185931
280,6,250,0.186394
280,6.1,250,0.186856
280,6.2,250,0.187318
280,6.3,250,0.18778
280,6.4,250,0.188243
280,6.5,250,0.188705
280,6.6,250,0.189167
280,6.7,250,0.189629
280,6.8,250,0.190092
280,6.9,250,0.190554
280,7,250,0.191016
280,7.1,250,0.191478
280,7.2,250,0.191941
280,7.3,250,0.192403
280,7.4,250,0.192865
280,7.5,250,0.193327
280,7.6,250,0.19379
280,7.7,250,0.194252
280,7.8,250,0.194714
280,7.9,250,0.195176
280,8,250,0.195639
280,8.1,250,0.196101
280,8.2,250,0.196563
280,8.3,250,0.197025
280,8.4,250,0.197488
280,8.5,250,0.19795
280,8.6,250,0.198412
280,8.7,250,0.198874
280,8.8,250,0.199337
280,8.9,250,0.199799
280,9,250,0.200261
280,9.1,250,0.200723
280,9.2,250,0.201186
280,9.3,250,0.201648
280,9.4,250,0.20211
280,9.5,250,0.202572
280,9.6,250,0.203035
280,9.7,250,0.203497
280,9.8,250,0.203914
280,9.9,250,0.204243
280,10,250,0.204573
280,10.1,250,0.204903
280,10.2,250,0.205233
280,10.3,250,0.205563
280,10.4,250,0.205893
280,10.5,250,0.206223
280,10.6,250,0.206553
280,10.7,250,0.206882
280,10.8,250,0.207212
280,10.9,250,0.207542
280,11,250,0.207872
280,11.1,250,0.208202
280,11.2,250,0.208532
280,11.3,250,0.208862
280,11.4,250,0.209192
280,11.5,250,0.209521
280,11.6,250,0.209851
280,11.7,250,0.210181
280,11.8,250,0.210511
280,11.9,250,0.210841
280,12,250,0.211171
280,12.1,250,0.211501
280,12.2,250,0.211831
280,12.3,250,0.212161
280,12.4,250,0.21249
280,12.5,250,0.21282
280,12.6,250,0.21315
280,12.7,250,0.21348
280,12.8,250,0.21381
280,12.9,250,0.21414
280,13,250,0.21447
280,13.1,250,0.2148
280,13.2,250,0.215129
280,13.3,250,0.215459
280,13.4,250,0.215789
280,13.5,250,0.216119
280,13.6,250,0.216449
280,13.7,250,0.216742
280,13.8,250,0.21694
280,13.9,250,0.217138
280,14,250,0.217336
280,14.1,250,0.217535
280,14.2,250,0.217733
280,14.3,250,0.217931
280,14.4,250,0.218129
280,14.5,250,0.218327
280,14.6,250,0.218526
280,14.7,250,0.218724
280,14.8,250,0.218922
280,14.9,250,0.21912
280,15,250,0.219318
280,15.1,250,0.219517
280,15.2,250,0.219715
280,15.3,250,0.219913
280,15.4,250,0.220111
280,15.5,250,0.220309
280,15.6,250,0.220508
280,15.7,250,0.220024
280,15.8,250,0.220259
280,15.9,250,0.220493
280,16,250,0.220728
280,16.1,250,0.220962
280,16.2,250,0.221197
280,16.3,250,0.221431
280,16.4,250,0.221666
280,16.5,250,0.2219
280,16.6,250,0.222135
280,16.7,250,0.222369
280,16.8,250,0.222603
280,16.9,250,0.222838
280,17,250,0.223072
280,17.1,250,0.223307
280,17.2,250,0.223541
280,17.3,250,0.223776
280,17.4,250,0.22401
280,17.5,250,0.224245
280,17.6,250,0.224479
280,17.7,250,0.224714
280,17.8,250,0.224948
280,17.9,250,0.225183
280,18,250,0.225417
280,18.1,250,0.225652
280,18.2,250,0.225886
280,18.3,250,0.226121
280,18.4,250,0.226355
280,18.5,250,0.22659
280,18.6,250,0.226824
280,18.7,250,0.227059
280,18.8,250,0.227293
280,18.9,250,0.227528
280,19,250,0.227762
280,19.1,250,0.227997
280,19.2,250,0.228231
280,19.3,250,0.228466
280,19.4,250,0.2287
280,19.5,250,0.228935
280,19.6,250,0.229114
280,19.7,250,0.22927
280,19.8,250,0.229425
280,19.9,250,0.22958
280,20,250,0.229735
