x,y,z,b
280,0,250,0.0974927
280,0.1,250,0.0997086
280,0.2,250,0.101925
280,0.3,250,0.10414
280,0.4,250,0.106356
280,0.5,250,0.108572
280,0.6,250,0.110788
280,0.7,250,0.113004
280,0.8,250,0.11522
280,0.9,250,0.117436
280,1,250,0.119652
280,1.1,250,0.121868
280,1.2,250,0.124084
280,1.3,250,0.1263
280,1.4,250,0.128515
280,1.5,250,0.130731
280,1.6,250,0.132947
280,1.7,250,0.135163
280,1.8,250,0.137379
280,1.9,250,0.139595
280,2,250,0.141312
280,2.1,250,0.142465
280,2.2,250,0.143618
280,2.3,250,0.14477
280,2.4,250,0.145923
280,2.5,250,0.147075
280,2.6,250,0.148228
280,2.7,250,0.149381
280,2.8,250,0.150533
280,2.9,250,0.151686
280,3,250,0.152839
280,3.1,250,0.153991
280,3.2,250,0.155144
280,3.3,250,0.156296
280,3.4,250,0.157449
280,3.5,250,0.158602
280,3.6,250,0.159754
280,3.7,250,0.160907
280,3.8,250,0.162059
280,3.9,250,0.163212
280,4,250,0.164365
280,4.1,250,0.165517
280,4.2,250,0.16667
280,4.3,250,0.167822
280,4.4,250,0.168975
280,4.5,250,0.170128
280,4.6,250,0.17128
280,4.7,250,0.172433
280,4.8,250,0.173586
280,4.9,250,0.174738
280,5,250,0.175891
280,5.1,250,0.177043
280,5.2,250,0.178196
280,5.3,250,0.179349
280,5.4,250,0.180501
280,5.5,250,0.181654
280,5.6,250,0.182806
280,5.7,250,0.183959
280,5.8,250,0.185112
280,5.9,250,0.185988
280,6,250,0.186459
280,6.1,250,0.18693
280,6.2,250,0.187402
280,6.3,250,0.187873
280,6.4,250,0.188344
280,6.5,250,0.188816
280,6.6,250,0.189287
280,6.7,250,0.189758
280,6.8,250,0.19023
280,6.9,250,0.190701
280,7,250,0.191172
280,7.1,250,0.191644
280,7.2,250,0.192115
280,7.3,250,0.192587
280,7.4,250,0.193058
280,7.5,250,0.193529
280,7.6,250,0.194001
280,7.7,250,0.194472
280,7.8,250,0.194943
280,7.9,250,0.195415
280,8,250,0.195886
280,8.1,250,0.196357
280,8.2,250,0.196829
280,8.3,250,0.1973
280,8.4,250,0.197772
280,8.5,250,0.198243
280,8.6,250,0.198714
280,8.7,250,0.199186
280,8.8,250,0.199657
280,8.9,250,0.200128
280,9,250,0.2006
280,9.1,250,0.201071
280,9.2,250,0.201542
280,9.3,250,0.202014
280,9.4,250,0.202485
280,9.5,250,0.202957
280,9.6,250,0.203428
280,9.7,250,0.203899
280,9.8,250,0.20432
280,9.9,250,0.204644
280,10,250,0.204968
280,10.1,250,0.205293
280,10.2,250,0.205617
280,10.3,250,0.205941
280,10.4,250,0.206265
280,10.5,250,0.20659
280,10.6,250,0.206914
280,10.7,250,0.207238
280,10.8,250,0.207562
280,10.9,250,0.207887
280,11,250,0.208211
280,11.1,250,0.208535
280,11.2,250,0.208859
280,11.3,250,0.209183
280,11.4,250,0.209508
280,11.5,250,0.209832
280,11.6,250,0.210156
280,11.7,250,0.21048
280,11.8,250,0.210805
280,11.9,250,0.211129
280,12,250,0.211453
280,12.1,250,0.211777
280,12.2,250,0.212102
280,12.3,250,0.212426
280,12.4,250,0.21275
280,12.5,250,0.213074
280,12.6,250,0.213398
280,12.7,250,0.213723
280,12.8,250,0.214047
280,12.9,250,0.214371
280,13,250,0.214695
280,13.1,250,0.21502
280,13.2,250,0.215344
280,13.3,250,0.215668
280,13.4,250,0.215992
280,13.5,250,0.216317
280,13.6,250,0.216641
280,13.7,250,0.216929
280,13.8,250,0.217123
280,13.9,250,0.217318
280,14,250,0.217513
280,14.1,250,0.217708
280,14.2,250,0.217903
280,14.3,250,0.218097
280,14.4,250,0.218292
280,14.5,250,0.218487
280,14.6,250,0.218682
280,14.7,250,0.218877
280,14.8,250,0.219071
280,14.9,250,0.219266
280,15,250,0.219461
280,15.1,250,0.219656
280,15.2,250,0.219851
280,15.3,250,0.220045
280,15.4,250,0.22024
280,15.5,250,0.220435
280,15.6,250,0.22063
280,15.7,250,0.220009
280,15.8,250,0.220247
280,15.9,250,0.220485
280,16,250,0.220724
280,16.1,250,0.220962
280,16.2,250,0.2212
280,16.3,250,0.221438
280,16.4,250,0.221677
280,16.5,250,0.221915
280,16.6,250,0.222153
280,16.7,250,0.222391
280,16.8,250,0.222629
280,16.9,250,0.222868
280,17,250,0.223106
280,17.1,250,0.223344
280,17.2,250,0.223582
280,17.3,250,0.223821
280,17.4,250,0.224059
280,17.5,250,0.224297
280,17.6,250,0.224535
280,17.7,250,0.224773
280,17.8,250,0.225012
280,17.9,250,0.22525
280,18,250,0.225488
280,18.1,250,0.225726
280,18.2,250,0.225964
280,18.3,250,0.226203
280,18.4,250,0.226441
280,18.5,250,0.226679
280,18.6,250,0.226917
280,18.7,250,0.227156
280,18.8,250,0.227394
280,18.9,250,0.227632
280,19,250,0.22787
280,19.1,250,0.228108
280,19.2,250,0.228347
280,19.3,250,0.228585
280,19.4,250,0.228823
280,19.5,250,0.229061
280,19.6,250,0.229242
280,19.7,250,0.229396
280,19.8,250,0.229551
280,19.9,250,0.229705
280,20,250,0.229859
