x,y,z,b
280,0,250,0.0975607
280,0.1,250,0.0997735
280,0.2,250,0.101986
280,0.3,250,0.104199
280,0.4,250,0.106412
280,0.5,250,0.108625
280,0.6,250,0.110838
280,0.7,250,0.11305
280,0.8,250,0.115263
280,0.9,250,0.117476
280,1,250,0.119689
280,1.1,250,0.121901
280,1.2,250,0.124114
280,1.3,250,0.126327
280,1.4,250,0.12854
280,1.5,250,0.130753
280,1.6,250,0.132965
280,1.7,250,0.135178
280,1.8,250,0.137391
280,1.9,250,0.139604
280,2,250,0.141319
280,2.1,250,0.14247
280,2.2,250,0.143621
280,2.3,250,0.144772
280,2.4,250,0.145923
280,2.5,250,0.147074
280,2.6,250,0.148225
280,2.7,250,0.149376
280,2.8,250,0.150527
280,2.9,250,0.151678
280,3,250,0.152829
280,3.1,250,0.15398
280,3.2,250,0.155131
280,3.3,250,0.156282
280,3.4,250,0.157433
280,3.5,250,0.158584
280,3.6,250,0.159735
280,3.7,250,0.160886
280,3.8,250,0.162037
280,3.9,250,0.163188
280,4,250,0.164339
280,4.1,250,0.16549
280,4.2,250,0.166641
280,4.3,250,0.167792
280,4.4,250,0.168943
280,4.5,250,0.170094
280,4.6,250,0.171245
280,4.7,250,0.172396
280,4.8,250,0.173547
280,4.9,250,0.174698
280,5,250,0.175849
280,5.1,250,0.177
280,5.2,250,0.178151
280,5.3,250,0.179302
280,5.4,250,0.180453
280,5.5,250,0.181604
280,5.6,250,0.182755
280,5.7,250,0.183906
280,5.8,250,0.185057
280,5.9,250,0.185924
280,6,250,0.186377
280,6.1,250,0.186831
280,6.2,250,0.187284
280,6.3,250,0.187737
280,6.4,250,0.18819
280,6.5,250,0.188643
280,6.6,250,0.189097
280,6.7,250,0.18955
280,6.8,250,0.190003
280,6.9,250,0.190456
280,7,250,0.190909
280,7.1,250,0.191363
280,7.2,250,0.191816
280,7.3,250,0.192269
280,7.4,250,0.192722
280,7.5,250,0.193175
280,7.6,250,0.193629
280,7.7,250,0.194082
280,7.8,250,0.194535
280,7.9,250,0.194988
280,8,250,0.195441
280,8.1,250,0.195895
280,8.2,250,0.196348
280,8.3,250,0.196801
280,8.4,250,0.197254
280,8.5,250,0.197707
280,8.6,250,0.198161
280,8.7,250,0.198614
280,8.8,250,0.199067
280,8.9,250,0.19952
280,9,250,0.199973
280,9.1,250,0.200427
280,9.2,250,0.20088
280,9.3,250,0.201333
280,9.4,250,0.201786
280,9.5,250,0.202239
280,9.6,250,0.202693
280,9.7,250,0.203146
280,9.8,250,0.203559
280,9.9,250,0.203896
280,10,250,0.204232
280,10.1,250,0.204569
280,10.2,250,0.204906
280,10.3,250,0.205243
280,10.4,250,0.205579
280,10.5,250,0.205916
280,10.6,250,0.206253
280,10.7,250,0.206589
280,10.8,250,0.206926
280,10.9,250,0.207263
280,11,250,0.2076
280,11.1,250,0.207936
280,11.2,250,0.208273
280,11.3,250,0.20861
280,11.4,250,0.208946
280,11.5,250,0.209283
280,11.6,250,0.20962
280,11.7,250,0.209956
280,11.8,250,0.210293
280,11.9,250,0.21063
280,12,250,0.210967
280,12.1,250,0.211303
280,12.2,250,0.21164
280,12.3,250,0.211977
280,12.4,250,0.212313
280,12.5,250,0.21265
280,12.6,250,0.212987
280,12.7,250,0.213324
280,12.8,250,0.21366
280,12.9,250,0.213997
280,13,250,0.214334
280,13.1,250,0.21467
280,13.2,250,0.215007
280,13.3,250,0.215344
280,13.4,250,0.215681
280,13.5,250,0.216017
280,13.6,250,0.216354
280,13.7,250,0.216652
280,13.8,250,0.216853
280,13.9,250,0.217053
280,14,250,0.217254
280,14.1,250,0.217455
280,14.2,250,0.217655
280,14.3,250,0.217856
280,14.4,250,0.218056
280,14.5,250,0.218257
280,14.6,250,0.218457
280,14.7,250,0.218658
280,14.8,250,0.218858
280,14.9,250,0.219059
280,15,250,0.21926
280,15.1,250,0.21946
280,15.2,250,0.219661
280,15.3,250,0.219861
280,15.4,250,0.220062
280,15.5,250,0.220262
280,15.6,250,0.220463
280,15.7,250,0.220011
280,15.8,250,0.220246
280,15.9,250,0.220481
280,16,250,0.220717
280,16.1,250,0.220952
280,16.2,250,0.221187
280,16.3,250,0.221423
280,16.4,250,0.221658
280,16.5,250,0.221893
280,16.6,250,0.222129
280,16.7,250,0.222364
280,16.8,250,0.222599
280,16.9,250,0.222834
280,17,250,0.22307
280,17.1,250,0.223305
280,17.2,250,0.22354
280,17.3,250,0.223776
280,17.4,250,0.224011
280,17.5,250,0.224246
280,17.6,250,0.224482
280,17.7,250,0.224717
280,17.8,250,0.224952
280,17.9,250,0.225187
280,18,250,0.225423
280,18.1,250,0.225658
280,18.2,250,0.225893
280,18.3,250,0.226129
280,18.4,250,0.226364
280,18.5,250,0.226599
280,18.6,250,0.226835
280,18.7,250,0.22707
280,18.8,250,0.227305
280,18.9,250,0.22754
280,19,250,0.227776
280,19.1,250,0.228011
280,19.2,250,0.228246
280,19.3,250,0.228482
280,19.4,250,0.228717
280,19.5,250,0.228952
280,19.6,250,0.229132
280,19.7,250,0.229287
280,19.8,250,0.229442
280,19.9,250,0.229597
280,20,250,0.229752
