x,y,z,b
280,0,250,0.0984689
280,0.1,250,0.100664
280,0.2,250,0.10286
280,0.3,250,0.105056
280,0.4,250,0.107251
280,0.5,250,0.109447
280,0.6,250,0.111642
280,0.7,250,0.113838
280,0.8,250,0.116033
280,0.9,250,0.118229
280,1,250,0.120425
280,1.1,250,0.12262
280,1.2,250,0.124816
280,1.3,250,0.127011
280,1.4,250,0.129207
280,1.5,250,0.131402
280,1.6,250,0.133598
280,1.7,250,0.135793
280,1.8,250,0.137989
280,1.9,250,0.140185
280,2,250,0.141886
280,2.1,250,0.143028
280,2.2,250,0.14417
280,2.3,250,0.145312
280,2.4,250,0.146454
280,2.5,250,0.147596
280,2.6,250,0.148738
280,2.7,250,0.149881
280,2.8,250,0.151023
280,2.9,250,0.152165
280,3,250,0.153307
280,3.1,250,0.154449
280,3.2,250,0.155591
280,3.3,250,0.156733
280,3.4,250,0.157875
280,3.5,250,0.159017
280,3.6,250,0.160159
280,3.7,250,0.161301
280,3.8,250,0.162443
280,3.9,250,0.163585
280,4,250,0.164727
280,4.1,250,0.165869
280,4.2,250,0.167011
280,4.3,250,0.168153
280,4.4,250,0.169295
280,4.5,250,0.170437
280,4.6,250,0.171579
280,4.7,250,0.172721
280,4.8,250,0.173863
280,4.9,250,0.175005
280,5,250,0.176147
280,5.1,250,0.177289
280,5.2,250,0.178431
280,5.3,250,0.179573
280,5.4,250,0.180715
280,5.5,250,0.181857
280,5.6,250,0.182999
280,5.7,250,0.184141
280,5.8,250,0.185283
280,5.9,250,0.186097
280,6,250,0.18643
280,6.1,250,0.186764
280,6.2,250,0.187097
280,6.3,250,0.18743
280,6.4,250,0.187764
280,6.5,250,0.188097
280,6.6,250,0.188431
280,6.7,250,0.188764
280,6.8,250,0.189097
280,6.9,250,0.189431
280,7,250,0.189764
280,7.1,250,0.190097
280,7.2,250,0.190431
280,7.3,250,0.190764
280,7.4,250,0.191098
280,7.5,250,0.191431
280,7.6,250,0.191764
280,7.7,250,0.192098
280,7.8,250,0.192431
280,7.9,250,0.187736
280,8,250,0.188339
280,8.1,250,0.188942
280,8.2,250,0.189545
280,8.3,250,0.190148
280,8.4,250,0.19075
280,8.5,250,0.191353
280,8.6,250,0.191956
280,8.7,250,0.192559
280,8.8,250,0.193162
280,8.9,250,0.193765
280,9,250,0.194368
280,9.1,250,0.194971
280,9.2,250,0.195574
280,9.3,250,0.196177
280,9.4,250,0.19678
280,9.5,250,0.197383
280,9.6,250,0.197985
280,9.7,250,0.198588
280,9.8,250,0.199191
280,9.9,250,0.199794
280,10,250,0.200397
280,10.1,250,0.201
280,10.2,250,0.201603
280,10.3,250,0.202206
280,10.4,250,0.202809
280,10.5,250,0.203412
280,10.6,250,0.204015
280,10.7,250,0.204618
280,10.8,250,0.20522
280,10.9,250,0.205823
280,11,250,0.206426
280,11.1,250,0.207029
280,11.2,250,0.207632
280,11.3,250,0.208235
280,11.4,250,0.208838
280,11.5,250,0.209441
280,11.6,250,0.210044
280,11.7,250,0.210647
280,11.8,250,0.21095
280,11.9,250,0.211185
280,12,250,0.211419
280,12.1,250,0.211654
280,12.2,250,0.211888
280,12.3,250,0.212122
280,12.4,250,0.212357
280,12.5,250,0.212591
280,12.6,250,0.212826
280,12.7,250,0.21306
280,12.8,250,0.213295
280,12.9,250,0.213529
280,13,250,0.213764
280,13.1,250,0.213998
280,13.2,250,0.214233
280,13.3,250,0.214467
280,13.4,250,0.214701
280,13.5,250,0.214936
280,13.6,250,0.21517
280,13.7,250,0.215405
280,13.8,250,0.215639
280,13.9,250,0.215874
280,14,250,0.216108
280,14.1,250,0.216343
280,14.2,250,0.216577
280,14.3,250,0.216811
280,14.4,250,0.217046
280,14.5,250,0.21728
280,14.6,250,0.217515
280,14.7,250,0.217749
280,14.8,250,0.217984
280,14.9,250,0.218218
280,15,250,0.218453
280,15.1,250,0.218687
280,15.2,250,0.218922
280,15.3,250,0.219156
280,15.4,250,0.21939
280,15.5,250,0.219625
280,15.6,250,0.219859
280,15.7,250,0.220094
280,15.8,250,0.220328
280,15.9,250,0.220563
280,16,250,0.220797
280,16.1,250,0.221032
280,16.2,250,0.221266
280,16.3,250,0.2215
280,16.4,250,0.221735
280,16.5,250,0.221969
280,16.6,250,0.222204
280,16.7,250,0.222438
280,16.8,250,0.222673
280,16.9,250,0.222907
280,17,250,0.223142
280,17.1,250,0.223376
280,17.2,250,0.223611
280,17.3,250,0.223845
280,17.4,250,0.224079
280,17.5,250,0.224314
280,17.6,250,0.224548
280,17.7,250,0.224783
280,17.8,250,0.225017
280,17.9,250,0.225252
280,18,250,0.225486
280,18.1,250,0.225721
280,18.2,250,0.225955
280,18.3,250,0.226189
280,18.4,250,0.226424
280,18.5,250,0.226658
280,18.6,250,0.226893
280,18.7,250,0.227127
280,18.8,250,0.227362
280,18.9,250,0.227596
280,19,250,0.227831
280,19.1,250,0.228065
280,19.2,250,0.2283
280,19.3,250,0.228534
280,19.4,250,0.228768
280,19.5,250,0.229003
280,19.6,250,0.229182
280,19.7,250,0.229337
280,19.8,250,0.229491
280,19.9,250,0.229646
280,20,250,0.229801
