x,y,z,b
280,0,250,0.0975084
280,0.1,250,0.0997231
280,0.2,250,0.101938
280,0.3,250,0.104152
280,0.4,250,0.106367
280,0.5,250,0.108582
280,0.6,250,0.110796
280,0.7,250,0.113011
280,0.8,250,0.115226
280,0.9,250,0.11744
280,1,250,0.119655
280,1.1,250,0.12187
280,1.2,250,0.124084
280,1.3,250,0.126299
280,1.4,250,0.128514
280,1.5,250,0.130728
280,1.6,250,0.132943
280,1.7,250,0.135158
280,1.8,250,0.137373
280,1.9,250,0.139587
280,2,250,0.141304
280,2.1,250,0.142456
280,2.2,250,0.143608
280,2.3,250,0.14476
280,2.4,250,0.145912
280,2.5,250,0.147064
280,2.6,250,0.148216
280,2.7,250,0.149367
280,2.8,250,0.150519
280,2.9,250,0.151671
280,3,250,0.152823
280,3.1,250,0.153975
280,3.2,250,0.155127
280,3.3,250,0.156279
280,3.4,250,0.157431
280,3.5,250,0.158583
280,3.6,250,0.159735
280,3.7,250,0.160887
280,3.8,250,0.162039
280,3.9,250,0.163191
280,4,250,0.164343
280,4.1,250,0.165495
280,4.2,250,0.166647
280,4.3,250,0.167799
280,4.4,250,0.168951
280,4.5,250,0.170103
280,4.6,250,0.171255
280,4.7,250,0.172407
280,4.8,250,0.173559
280,4.9,250,0.174711
280,5,250,0.175863
280,5.1,250,0.177015
280,5.2,250,0.178167
280,5.3,250,0.179319
280,5.4,250,0.180471
280,5.5,250,0.181623
280,5.6,250,0.182775
280,5.7,250,0.183927
280,5.8,250,0.185079
280,5.9,250,0.185951
280,6,250,0.186414
280,6.1,250,0.186877
280,6.2,250,0.187341
280,6.3,250,0.187804
280,6.4,250,0.188267
280,6.5,250,0.18873
280,6.6,250,0.189194
280,6.7,250,0.189657
280,6.8,250,0.19012
280,6.9,250,0.190583
280,7,250,0.191047
280,7.1,250,0.19151
280,7.2,250,0.191973
280,7.3,250,0.192437
280,7.4,250,0.1929
280,7.5,250,0.193363
280,7.6,250,0.193826
280,7.7,250,0.19429
280,7.8,250,0.194753
280,7.9,250,0.195216
280,8,250,0.19568
280,8.1,250,0.196143
280,8.2,250,0.196606
280,8.3,250,0.197069
280,8.4,250,0.197533
280,8.5,250,0.197996
280,8.6,250,0.198459
280,8.7,250,0.198922
280,8.8,250,0.199386
280,8.9,250,0.199849
280,9,250,0.200312
280,9.1,250,0.200776
280,9.2,250,0.201239
280,9.3,250,0.201702
280,9.4,250,0.202165
280,9.5,250,0.202629
280,9.6,250,0.203092
280,9.7,250,0.203555
280,9.8,250,0.203973
280,9.9,250,0.204303
280,10,250,0.204633
280,10.1,250,0.204963
280,10.2,250,0.205293
280,10.3,250,0.205623
280,10.4,250,0.205953
280,10.5,250,0.206283
280,10.6,250,0.206613
280,10.7,250,0.206943
280,10.8,250,0.207273
280,10.9,250,0.207603
280,11,250,0.207933
280,11.1,250,0.208263
280,11.2,250,0.208593
280,11.3,250,0.208923
280,11.4,250,0.209253
280,11.5,250,0.209583
280,11.6,250,0.209913
280,11.7,250,0.210243
280,11.8,250,0.210573
280,11.9,250,0.210903
280,12,250,0.211234
280,12.1,250,0.211564
280,12.2,250,0.211894
280,12.3,250,0.212224
280,12.4,250,0.212554
280,12.5,250,0.212884
280,12.6,250,0.213214
280,12.7,250,0.213544
280,12.8,250,0.213874
280,12.9,250,0.214204
280,13,250,0.214534
280,13.1,250,0.214864
280,13.2,250,0.215194
280,13.3,250,0.215524
280,13.4,250,0.215854
280,13.5,250,0.216184
280,13.6,250,0.216514
280,13.7,250,0.216807
280,13.8,250,0.217004
280,13.9,250,0.217201
280,14,250,0.217398
280,14.1,250,0.217595
280,14.2,250,0.217793
280,14.3,250,0.21799
280,14.4,250,0.218187
280,14.5,250,0.218384
280,14.6,250,0.218581
280,14.7,250,0.218779
280,14.8,250,0.218976
280,14.9,250,0.219173
280,15,250,0.21937
280,15.1,250,0.219567
280,15.2,250,0.219764
280,15.3,250,0.219962
280,15.4,250,0.220159
280,15.5,250,0.220356
280,15.6,250,0.220553
280,15.7,250,0.219997
280,15.8,250,0.220234
280,15.9,250,0.220471
280,16,250,0.220709
280,16.1,250,0.220946
280,16.2,250,0.221183
280,16.3,250,0.221421
280,16.4,250,0.221658
280,16.5,250,0.221895
280,16.6,250,0.222132
280,16.7,250,0.22237
280,16.8,250,0.222607
280,16.9,250,0.222844
280,17,250,0.223082
280,17.1,250,0.223319
280,17.2,250,0.223556
280,17.3,250,0.223793
280,17.4,250,0.224031
280,17.5,250,0.224268
280,17.6,250,0.224505
280,17.7,250,0.224743
280,17.8,250,0.22498
280,17.9,250,0.225217
280,18,250,0.225454
280,18.1,250,0.225692
280,18.2,250,0.225929
280,18.3,250,0.226166
280,18.4,250,0.226404
280,18.5,250,0.226641
280,18.6,250,0.226878
280,18.7,250,0.227116
280,18.8,250,0.227353
280,18.9,250,0.22759
280,19,250,0.227827
280,19.1,250,0.228065
280,19.2,250,0.228302
280,19.3,250,0.228539
280,19.4,250,0.228777
280,19.5,250,0.229014
280,19.6,250,0.229194
280,19.7,250,0.229349
280,19.8,250,0.229504
280,19.9,250,0.229658
280,20,250,0.229813
