x,y,z,b
280,0,250,0.0974598
280,0.1,250,0.0996769
280,0.2,250,0.101894
280,0.3,250,0.104111
280,0.4,250,0.106328
280,0.5,250,0.108545
280,0.6,250,0.110762
280,0.7,250,0.11298
280,0.8,250,0.115197
280,0.9,250,0.117414
280,1,250,0.119631
280,1.1,250,0.121848
280,1.2,250,0.124065
280,1.3,250,0.126282
280,1.4,250,0.128499
280,1.5,250,0.130716
280,1.6,250,0.132933
280,1.7,250,0.135151
280,1.8,250,0.137368
280,1.9,250,0.139585
280,2,250,0.141303
280,2.1,250,0.142456
280,2.2,250,0.14361
280,2.3,250,0.144763
280,2.4,250,0.145916
280,2.5,250,0.147069
280,2.6,250,0.148223
280,2.7,250,0.149376
280,2.8,250,0.150529
280,2.9,250,0.151682
280,3,250,0.152835
280,3.1,250,0.153989
280,3.2,250,0.155142
280,3.3,250,0.156295
280,3.4,250,0.157448
280,3.5,250,0.158602
280,3.6,250,0.159755
280,3.7,250,0.160908
280,3.8,250,0.162061
280,3.9,250,0.163215
280,4,250,0.164368
280,4.1,250,0.165521
280,4.2,250,0.166674
280,4.3,250,0.167827
280,4.4,250,0.168981
280,4.5,250,0.170134
280,4.6,250,0.171287
280,4.7,250,0.17244
280,4.8,250,0.173594
280,4.9,250,0.174747
280,5,250,0.1759
280,5.1,250,0.177053
280,5.2,250,0.178207
280,5.3,250,0.17936
280,5.4,250,0.180513
280,5.5,250,0.181666
280,5.6,250,0.182819
280,5.7,250,0.183973
280,5.8,250,0.185126
280,5.9,250,0.186003
280,6,250,0.186478
280,6.1,250,0.186952
280,6.2,250,0.187427
280,6.3,250,0.187901
280,6.4,250,0.188376
280,6.5,250,0.18885
280,6.6,250,0.189325
280,6.7,250,0.189799
280,6.8,250,0.190273
280,6.9,250,0.190748
280,7,250,0.191222
280,7.1,250,0.191697
280,7.2,250,0.192171
280,7.3,250,0.192646
280,7.4,250,0.19312
280,7.5,250,0.193595
280,7.6,250,0.194069
280,7.7,250,0.194544
280,7.8,250,0.195018
280,7.9,250,0.195492
280,8,250,0.195967
280,8.1,250,0.196441
280,8.2,250,0.196916
280,8.3,250,0.19739
280,8.4,250,0.197865
280,8.5,250,0.198339
280,8.6,250,0.198814
280,8.7,250,0.199288
280,8.8,250,0.199762
280,8.9,250,0.200237
280,9,250,0.200711
280,9.1,250,0.201186
280,9.2,250,0.20166
280,9.3,250,0.202135
280,9.4,250,0.202609
280,9.5,250,0.203084
280,9.6,250,0.203558
280,9.7,250,0.204033
280,9.8,250,0.204455
280,9.9,250,0.204777
280,10,250,0.205099
280,10.1,250,0.205421
280,10.2,250,0.205743
280,10.3,250,0.206065
280,10.4,250,0.206388
280,10.5,250,0.20671
280,10.6,250,0.207032
280,10.7,250,0.207354
280,10.8,250,0.207676
280,10.9,250,0.207998
280,11,250,0.208321
280,11.1,250,0.208643
280,11.2,250,0.208965
280,11.3,250,0.209287
280,11.4,250,0.209609
280,11.5,250,0.209931
280,11.6,250,0.210254
280,11.7,250,0.210576
280,11.8,250,0.210898
280,11.9,250,0.21122
280,12,250,0.211542
280,12.1,250,0.211864
280,12.2,250,0.212186
280,12.3,250,0.212509
280,12.4,250,0.212831
280,12.5,250,0.213153
280,12.6,250,0.213475
280,12.7,250,0.213797
280,12.8,250,0.214119
280,12.9,250,0.214442
280,13,250,0.214764
280,13.1,250,0.215086
280,13.2,250,0.215408
280,13.3,250,0.21573
280,13.4,250,0.216052
280,13.5,250,0.216375
280,13.6,250,0.216697
280,13.7,250,0.216983
280,13.8,250,0.217178
280,13.9,250,0.217372
280,14,250,0.217567
280,14.1,250,0.217761
280,14.2,250,0.217956
280,14.3,250,0.21815
280,14.4,250,0.218345
280,14.5,250,0.218539
280,14.6,250,0.218734
280,14.7,250,0.218928
280,14.8,250,0.219123
280,14.9,250,0.219318
280,15,250,0.219512
280,15.1,250,0.219707
280,15.2,250,0.219901
280,15.3,250,0.220096
280,15.4,250,0.22029
280,15.5,250,0.220485
280,15.6,250,0.220679
280,15.7,250,0.220052
280,15.8,250,0.220291
280,15.9,250,0.220529
280,16,250,0.220767
280,16.1,250,0.221006
280,16.2,250,0.221244
280,16.3,250,0.221482
280,16.4,250,0.221721
280,16.5,250,0.221959
280,16.6,250,0.222197
280,16.7,250,0.222435
280,16.8,250,0.222674
280,16.9,250,0.222912
280,17,250,0.22315
280,17.1,250,0.223389
280,17.2,250,0.223627
280,17.3,250,0.223865
280,17.4,250,0.224103
280,17.5,250,0.224342
280,17.6,250,0.22458
280,17.7,250,0.224818
280,17.8,250,0.225057
280,17.9,250,0.225295
280,18,250,0.225533
280,18.1,250,0.225771
280,18.2,250,0.22601
280,18.3,250,0.226248
280,18.4,250,0.226486
280,18.5,250,0.226725
280,18.6,250,0.226963
280,18.7,250,0.227201
280,18.8,250,0.22744
280,18.9,250,0.227678
280,19,250,0.227916
280,19.1,250,0.228154
280,19.2,250,0.228393
280,19.3,250,0.228631
280,19.4,250,0.228869
280,19.5,250,0.229108
280,19.6,250,0.229288
280,19.7,250,0.229442
280,19.8,250,0.229596
280,19.9,250,0.22975
280,20,250,0.229904
