x,y,z,b
280,0,250,0.0974233
280,0.1,250,0.0996416
280,0.2,250,0.10186
280,0.3,250,0.104078
280,0.4,250,0.106297
280,0.5,250,0.108515
280,0.6,250,0.110733
280,0.7,250,0.112952
280,0.8,250,0.11517
280,0.9,250,0.117388
280,1,250,0.119607
280,1.1,250,0.121825
280,1.2,250,0.124043
280,1.3,250,0.126261
280,1.4,250,0.12848
280,1.5,250,0.130698
280,1.6,250,0.132916
280,1.7,250,0.135135
280,1.8,250,0.137353
280,1.9,250,0.139571
280,2,250,0.141291
280,2.1,250,0.142445
280,2.2,250,0.143599
280,2.3,250,0.144752
280,2.4,250,0.145906
280,2.5,250,0.14706
280,2.6,250,0.148214
280,2.7,250,0.149368
280,2.8,250,0.150522
280,2.9,250,0.151676
280,3,250,0.152829
280,3.1,250,0.153983
280,3.2,250,0.155137
280,3.3,250,0.156291
280,3.4,250,0.157445
280,3.5,250,0.158599
280,3.6,250,0.159753
280,3.7,250,0.160907
280,3.8,250,0.16206
280,3.9,250,0.163214
280,4,250,0.164368
280,4.1,250,0.165522
280,4.2,250,0.166676
280,4.3,250,0.16783
280,4.4,250,0.168984
280,4.5,250,0.170137
280,4.6,250,0.171291
280,4.7,250,0.172445
280,4.8,250,0.173599
280,4.9,250,0.174753
280,5,250,0.175907
280,5.1,250,0.177061
280,5.2,250,0.178215
280,5.3,250,0.179368
280,5.4,250,0.180522
280,5.5,250,0.181676
280,5.6,250,0.18283
280,5.7,250,0.183984
280,5.8,250,0.185138
280,5.9,250,0.186016
280,6,250,0.186492
280,6.1,250,0.186967
280,6.2,250,0.187443
280,6.3,250,0.187918
280,6.4,250,0.188394
280,6.5,250,0.18887
280,6.6,250,0.189345
280,6.7,250,0.189821
280,6.8,250,0.190296
280,6.9,250,0.190772
280,7,250,0.191247
280,7.1,250,0.191723
280,7.2,250,0.192199
280,7.3,250,0.192674
280,7.4,250,0.19315
280,7.5,250,0.193625
280,7.6,250,0.194101
280,7.7,250,0.194576
280,7.8,250,0.195052
280,7.9,250,0.195528
280,8,250,0.196003
280,8.1,250,0.196479
280,8.2,250,0.196954
280,8.3,250,0.19743
280,8.4,250,0.197905
280,8.5,250,0.198381
280,8.6,250,0.198857
280,8.7,250,0.199332
280,8.8,250,0.199808
280,8.9,250,0.200283
280,9,250,0.200759
280,9.1,250,0.201234
280,9.2,250,0.20171
280,9.3,250,0.202186
280,9.4,250,0.202661
280,9.5,250,0.203137
280,9.6,250,0.203612
280,9.7,250,0.204088
280,9.8,250,0.204511
280,9.9,250,0.204832
280,10,250,0.205154
280,10.1,250,0.205475
280,10.2,250,0.205797
280,10.3,250,0.206118
280,10.4,250,0.20644
280,10.5,250,0.206762
280,10.6,250,0.207083
280,10.7,250,0.207405
280,10.8,250,0.207726
280,10.9,250,0.208048
280,11,250,0.20837
280,11.1,250,0.208691
280,11.2,250,0.209013
280,11.3,250,0.209334
280,11.4,250,0.209656
280,11.5,250,0.209978
280,11.6,250,0.210299
280,11.7,250,0.210621
280,11.8,250,0.210942
280,11.9,250,0.211264
280,12,250,0.211586
280,12.1,250,0.211907
280,12.2,250,0.212229
280,12.3,250,0.21255
280,12.4,250,0.212872
280,12.5,250,0.213194
280,12.6,250,0.213515
280,12.7,250,0.213837
280,12.8,250,0.214158
280,12.9,250,0.21448
280,13,250,0.214802
280,13.1,250,0.215123
280,13.2,250,0.215445
280,13.3,250,0.215766
280,13.4,250,0.216088
280,13.5,250,0.21641
280,13.6,250,0.216731
280,13.7,250,0.217017
280,13.8,250,0.217213
280,13.9,250,0.217408
280,14,250,0.217603
280,14.1,250,0.217799
280,14.2,250,0.217994
280,14.3,250,0.21819
280,14.4,250,0.218385
280,14.5,250,0.21858
280,14.6,250,0.218776
280,14.7,250,0.218971
280,14.8,250,0.219167
280,14.9,250,0.219362
280,15,250,0.219557
280,15.1,250,0.219753
280,15.2,250,0.219948
280,15.3,250,0.220144
280,15.4,250,0.220339
280,15.5,250,0.220534
280,15.6,250,0.22073
280,15.7,250,0.220127
280,15.8,250,0.220365
280,15.9,250,0.220603
280,16,250,0.220841
280,16.1,250,0.221079
280,16.2,250,0.221317
280,16.3,250,0.221555
280,16.4,250,0.221793
280,16.5,250,0.222031
280,16.6,250,0.222268
280,16.7,250,0.222506
280,16.8,250,0.222744
280,16.9,250,0.222982
280,17,250,0.22322
280,17.1,250,0.223458
280,17.2,250,0.223696
280,17.3,250,0.223934
280,17.4,250,0.224171
280,17.5,250,0.224409
280,17.6,250,0.224647
280,17.7,250,0.224885
280,17.8,250,0.225123
280,17.9,250,0.225361
280,18,250,0.225599
280,18.1,250,0.225837
280,18.2,250,0.226075
280,18.3,250,0.226312
280,18.4,250,0.22655
280,18.5,250,0.226788
280,18.6,250,0.227026
280,18.7,250,0.227264
280,18.8,250,0.227502
280,18.9,250,0.22774
280,19,250,0.227978
280,19.1,250,0.228215
280,19.2,250,0.228453
280,19.3,250,0.228691
280,19.4,250,0.228929
280,19.5,250,0.229167
280,19.6,250,0.229347
280,19.7,250,0.229501
280,19.8,250,0.229655
280,19.9,250,0.229808
280,20,250,0.229962
