x,y,z,b
280,0,250,0.0994284
280,0.1,250,0.1016
280,0.2,250,0.103771
280,0.3,250,0.105942
280,0.4,250,0.108114
280,0.5,250,0.110285
280,0.6,250,0.112456
280,0.7,250,0.114628
280,0.8,250,0.116799
280,0.9,250,0.11897
280,1,250,0.121142
280,1.1,250,0.123313
280,1.2,250,0.125484
280,1.3,250,0.127656
280,1.4,250,0.129827
280,1.5,250,0.131998
280,1.6,250,0.13417
280,1.7,250,0.136341
280,1.8,250,0.138512
280,1.9,250,0.140684
280,2,250,0.142367
280,2.1,250,0.143496
280,2.2,250,0.144626
280,2.3,250,0.145755
280,2.4,250,0.146884
280,2.5,250,0.148014
280,2.6,250,0.149143
280,2.7,250,0.150273
280,2.8,250,0.151402
280,2.9,250,0.152532
280,3,250,0.153661
280,3.1,250,0.15479
280,3.2,250,0.15592
280,3.3,250,0.157049
280,3.4,250,0.158179
280,3.5,250,0.159308
280,3.6,250,0.160438
280,3.7,250,0.161567
280,3.8,250,0.162697
280,3.9,250,0.163826
280,4,250,0.164955
280,4.1,250,0.166085
280,4.2,250,0.167214
280,4.3,250,0.168344
280,4.4,250,0.169473
280,4.5,250,0.170603
280,4.6,250,0.171732
280,4.7,250,0.172861
280,4.8,250,0.173991
280,4.9,250,0.17512
280,5,250,0.17625
280,5.1,250,0.177379
280,5.2,250,0.178509
280,5.3,250,0.179638
280,5.4,250,0.180767
280,5.5,250,0.181897
280,5.6,250,0.183026
280,5.7,250,0.184156
280,5.8,250,0.185285
280,5.9,250,0.186092
280,6,250,0.186427
280,6.1,250,0.186762
280,6.2,250,0.187097
280,6.3,250,0.187432
280,6.4,250,0.187767
280,6.5,250,0.188102
280,6.6,250,0.188437
280,6.7,250,0.188773
280,6.8,250,0.189108
280,6.9,250,0.189443
280,7,250,0.189778
280,7.1,250,0.190113
280,7.2,250,0.190448
280,7.3,250,0.190783
280,7.4,250,0.191118
280,7.5,250,0.191453
280,7.6,250,0.191788
280,7.7,250,0.192124
280,7.8,250,0.192459
280,7.9,250,0.187854
280,8,250,0.188454
280,8.1,250,0.189054
280,8.2,250,0.189654
280,8.3,250,0.190253
280,8.4,250,0.190853
280,8.5,250,0.191453
280,8.6,250,0.192053
280,8.7,250,0.192653
280,8.8,250,0.193253
280,8.9,250,0.193853
280,9,250,0.194452
280,9.1,250,0.195052
280,9.2,250,0.195652
280,9.3,250,0.196252
280,9.4,250,0.196852
280,9.5,250,0.197452
280,9.6,250,0.198052
280,9.7,250,0.198652
280,9.8,250,0.199251
280,9.9,250,0.199851
280,10,250,0.200451
280,10.1,250,0.201051
280,10.2,250,0.201651
280,10.3,250,0.202251
280,10.4,250,0.202851
280,10.5,250,0.203451
280,10.6,250,0.20405
280,10.7,250,0.20465
280,10.8,250,0.20525
280,10.9,250,0.20585
280,11,250,0.20645
280,11.1,250,0.20705
280,11.2,250,0.20765
280,11.3,250,0.20825
280,11.4,250,0.208849
280,11.5,250,0.209449
280,11.6,250,0.210049
280,11.7,250,0.210649
280,11.8,250,0.210952
280,11.9,250,0.211186
280,12,250,0.211421
280,12.1,250,0.211655
280,12.2,250,0.21189
280,12.3,250,0.212124
280,12.4,250,0.212359
280,12.5,250,0.212593
280,12.6,250,0.212827
280,12.7,250,0.213062
280,12.8,250,0.213296
280,12.9,250,0.213531
280,13,250,0.213765
280,13.1,250,0.214
280,13.2,250,0.214234
280,13.3,250,0.214469
280,13.4,250,0.214703
280,13.5,250,0.214937
280,13.6,250,0.215172
280,13.7,250,0.215406
280,13.8,250,0.215641
280,13.9,250,0.215875
280,14,250,0.21611
280,14.1,250,0.216344
280,14.2,250,0.216578
280,14.3,250,0.216813
280,14.4,250,0.217047
280,14.5,250,0.217282
280,14.6,250,0.217516
280,14.7,250,0.217751
280,14.8,250,0.217985
280,14.9,250,0.218219
280,15,250,0.218454
280,15.1,250,0.218688
280,15.2,250,0.218923
280,15.3,250,0.219157
280,15.4,250,0.219392
280,15.5,250,0.219626
280,15.6,250,0.219861
280,15.7,250,0.220095
280,15.8,250,0.220329
280,15.9,250,0.220564
280,16,250,0.220798
280,16.1,250,0.221033
280,16.2,250,0.221267
280,16.3,250,0.221502
280,16.4,250,0.221736
280,16.5,250,0.22197
280,16.6,250,0.222205
280,16.7,250,0.222439
280,16.8,250,0.222674
280,16.9,250,0.222908
280,17,250,0.223143
280,17.1,250,0.223377
280,17.2,250,0.223611
280,17.3,250,0.223846
280,17.4,250,0.22408
280,17.5,250,0.224315
280,17.6,250,0.224549
280,17.7,250,0.224784
280,17.8,250,0.225018
280,17.9,250,0.225253
280,18,250,0.225487
280,18.1,250,0.225721
280,18.2,250,0.225956
280,18.3,250,0.22619
280,18.4,250,0.226425
280,18.5,250,0.226659
280,18.6,250,0.226894
280,18.7,250,0.227128
280,18.8,250,0.227362
280,18.9,250,0.227597
280,19,250,0.227831
280,19.1,250,0.228066
280,19.2,250,0.2283
280,19.3,250,0.228535
280,19.4,250,0.228769
280,19.5,250,0.229003
280,19.6,250,0.229183
280,19.7,250,0.229338
280,19.8,250,0.229492
280,19.9,250,0.229647
280,20,250,0.229801
