x,y,z,b
280,0,250,0.0992835
280,0.1,250,0.101458
280,0.2,250,0.103633
280,0.3,250,0.105808
280,0.4,250,0.107983
280,0.5,250,0.110158
280,0.6,250,0.112333
280,0.7,250,0.114508
280,0.8,250,0.116683
280,0.9,250,0.118858
280,1,250,0.121033
280,1.1,250,0.123208
280,1.2,250,0.125383
280,1.3,250,0.127558
280,1.4,250,0.129733
280,1.5,250,0.131908
280,1.6,250,0.134083
280,1.7,250,0.136258
280,1.8,250,0.138433
280,1.9,250,0.140608
280,2,250,0.142294
280,2.1,250,0.143425
280,2.2,250,0.144556
280,2.3,250,0.145688
280,2.4,250,0.146819
280,2.5,250,0.14795
280,2.6,250,0.149082
280,2.7,250,0.150213
280,2.8,250,0.151344
280,2.9,250,0.152476
280,3,250,0.153607
280,3.1,250,0.154738
280,3.2,250,0.15587
280,3.3,250,0.157001
280,3.4,250,0.158132
280,3.5,250,0.159264
280,3.6,250,0.160395
280,3.7,250,0.161526
280,3.8,250,0.162658
280,3.9,250,0.163789
280,4,250,0.16492
280,4.1,250,0.166052
280,4.2,250,0.167183
280,4.3,250,0.168314
280,4.4,250,0.169446
280,4.5,250,0.170577
280,4.6,250,0.171708
280,4.7,250,0.172839
280,4.8,250,0.173971
280,4.9,250,0.175102
280,5,250,0.176233
280,5.1,250,0.177365
280,5.2,250,0.178496
280,5.3,250,0.179627
280,5.4,250,0.180759
280,5.5,250,0.18189
280,5.6,250,0.183021
280,5.7,250,0.184153
280,5.8,250,0.185284
280,5.9,250,0.186092
280,6,250,0.186427
280,6.1,250,0.186762
280,6.2,250,0.187096
280,6.3,250,0.187431
280,6.4,250,0.187766
280,6.5,250,0.188101
280,6.6,250,0.188436
280,6.7,250,0.188771
280,6.8,250,0.189105
280,6.9,250,0.18944
280,7,250,0.189775
280,7.1,250,0.19011
280,7.2,250,0.190445
280,7.3,250,0.19078
280,7.4,250,0.191115
280,7.5,250,0.191449
280,7.6,250,0.191784
280,7.7,250,0.192119
280,7.8,250,0.192454
280,7.9,250,0.187836
280,8,250,0.188436
280,8.1,250,0.189037
280,8.2,250,0.189637
280,8.3,250,0.190237
280,8.4,250,0.190838
280,8.5,250,0.191438
280,8.6,250,0.192038
280,8.7,250,0.192639
280,8.8,250,0.193239
280,8.9,250,0.193839
280,9,250,0.19444
280,9.1,250,0.19504
280,9.2,250,0.19564
280,9.3,250,0.196241
280,9.4,250,0.196841
280,9.5,250,0.197441
280,9.6,250,0.198042
280,9.7,250,0.198642
280,9.8,250,0.199242
280,9.9,250,0.199843
280,10,250,0.200443
280,10.1,250,0.201043
280,10.2,250,0.201644
280,10.3,250,0.202244
280,10.4,250,0.202844
280,10.5,250,0.203445
280,10.6,250,0.204045
280,10.7,250,0.204646
280,10.8,250,0.205246
280,10.9,250,0.205846
280,11,250,0.206447
280,11.1,250,0.207047
280,11.2,250,0.207647
280,11.3,250,0.208248
280,11.4,250,0.208848
280,11.5,250,0.209448
280,11.6,250,0.210049
280,11.7,250,0.210649
280,11.8,250,0.210952
280,11.9,250,0.211186
280,12,250,0.211421
280,12.1,250,0.211655
280,12.2,250,0.21189
280,12.3,250,0.212124
280,12.4,250,0.212359
280,12.5,250,0.212593
280,12.6,250,0.212827
280,12.7,250,0.213062
280,12.8,250,0.213296
280,12.9,250,0.213531
280,13,250,0.213765
280,13.1,250,0.214
280,13.2,250,0.214234
280,13.3,250,0.214469
280,13.4,250,0.214703
280,13.5,250,0.214937
280,13.6,250,0.215172
280,13.7,250,0.215406
280,13.8,250,0.215641
280,13.9,250,0.215875
280,14,250,0.21611
280,14.1,250,0.216344
280,14.2,250,0.216578
280,14.3,250,0.216813
280,14.4,250,0.217047
280,14.5,250,0.217282
280,14.6,250,0.217516
280,14.7,250,0.217751
280,14.8,250,0.217985
280,14.9,250,0.218219
280,15,250,0.218454
280,15.1,250,0.218688
280,15.2,250,0.218923
280,15.3,250,0.219157
280,15.4,250,0.219392
280,15.5,250,0.219626
280,15.6,250,0.219861
280,15.7,250,0.220095
280,15.8,250,0.220329
280,15.9,250,0.220564
280,16,250,0.220798
280,16.1,250,0.221033
280,16.2,250,0.221267
280,16.3,250,0.221502
280,16.4,250,0.221736
280,16.5,250,0.22197
280,16.6,250,0.222205
280,16.7,250,0.222439
280,16.8,250,0.222674
280,16.9,250,0.222908
280,17,250,0.223143
280,17.1,250,0.223377
280,17.2,250,0.223612
280,17.3,250,0.223846
280,17.4,250,0.22408
280,17.5,250,0.224315
280,17.6,250,0.224549
280,17.7,250,0.224784
280,17.8,250,0.225018
280,17.9,250,0.225253
280,18,250,0.225487
280,18.1,250,0.225721
280,18.2,250,0.225956
280,18.3,250,0.22619
280,18.4,250,0.226425
280,18.5,250,0.226659
280,18.6,250,0.226894
280,18.7,250,0.227128
280,18.8,250,0.227362
280,18.9,250,0.227597
280,19,250,0.227831
280,19.1,250,0.228066
280,19.2,250,0.2283
280,19.3,250,0.228535
280,19.4,250,0.228769
280,19.5,250,0.229004
280,19.6,250,0.229183
280,19.7,250,0.229338
280,19.8,250,0.229492
280,19.9,250,0.229647
280,20,250,0.229801
