x,y,z,b
280,0,250,0.0988164
280,0.1,250,0.101003
280,0.2,250,0.10319
280,0.3,250,0.105376
280,0.4,250,0.107563
280,0.5,250,0.10975
280,0.6,250,0.111937
280,0.7,250,0.114123
280,0.8,250,0.11631
280,0.9,250,0.118497
280,1,250,0.120683
280,1.1,250,0.12287
280,1.2,250,0.125057
280,1.3,250,0.127244
280,1.4,250,0.12943
280,1.5,250,0.131617
280,1.6,250,0.133804
280,1.7,250,0.13599
280,1.8,250,0.138177
280,1.9,250,0.140364
280,2,250,0.142059
280,2.1,250,0.143196
280,2.2,250,0.144333
280,2.3,250,0.145471
280,2.4,250,0.146608
280,2.5,250,0.147746
280,2.6,250,0.148883
280,2.7,250,0.150021
280,2.8,250,0.151158
280,2.9,250,0.152295
280,3,250,0.153433
280,3.1,250,0.15457
280,3.2,250,0.155708
280,3.3,250,0.156845
280,3.4,250,0.157982
280,3.5,250,0.15912
280,3.6,250,0.160257
280,3.7,250,0.161395
280,3.8,250,0.162532
280,3.9,250,0.16367
280,4,250,0.164807
280,4.1,250,0.165944
280,4.2,250,0.167082
280,4.3,250,0.168219
280,4.4,250,0.169357
280,4.5,250,0.170494
280,4.6,250,0.171632
280,4.7,250,0.172769
280,4.8,250,0.173906
280,4.9,250,0.175044
280,5,250,0.176181
280,5.1,250,0.177319
280,5.2,250,0.178456
280,5.3,250,0.179593
280,5.4,250,0.180731
280,5.5,250,0.181868
280,5.6,250,0.183006
280,5.7,250,0.184143
280,5.8,250,0.185281
280,5.9,250,0.186092
280,6,250,0.186426
280,6.1,250,0.18676
280,6.2,250,0.187094
280,6.3,250,0.187428
280,6.4,250,0.187762
280,6.5,250,0.188096
280,6.6,250,0.18843
280,6.7,250,0.188764
280,6.8,250,0.189098
280,6.9,250,0.189433
280,7,250,0.189767
280,7.1,250,0.190101
280,7.2,250,0.190435
280,7.3,250,0.190769
280,7.4,250,0.191103
280,7.5,250,0.191437
280,7.6,250,0.191771
280,7.7,250,0.192105
280,7.8,250,0.192439
280,7.9,250,0.187778
280,8,250,0.18838
280,8.1,250,0.188982
280,8.2,250,0.189583
280,8.3,250,0.190185
280,8.4,250,0.190787
280,8.5,250,0.191389
280,8.6,250,0.191991
280,8.7,250,0.192593
280,8.8,250,0.193195
280,8.9,250,0.193796
280,9,250,0.194398
280,9.1,250,0.195
280,9.2,250,0.195602
280,9.3,250,0.196204
280,9.4,250,0.196806
280,9.5,250,0.197408
280,9.6,250,0.19801
280,9.7,250,0.198611
280,9.8,250,0.199213
280,9.9,250,0.199815
280,10,250,0.200417
280,10.1,250,0.201019
280,10.2,250,0.201621
280,10.3,250,0.202223
280,10.4,250,0.202824
280,10.5,250,0.203426
280,10.6,250,0.204028
280,10.7,250,0.20463
280,10.8,250,0.205232
280,10.9,250,0.205834
280,11,250,0.206436
280,11.1,250,0.207038
280,11.2,250,0.207639
280,11.3,250,0.208241
280,11.4,250,0.208843
280,11.5,250,0.209445
280,11.6,250,0.210047
280,11.7,250,0.210649
280,11.8,250,0.210952
280,11.9,250,0.211187
280,12,250,0.211421
280,12.1,250,0.211655
280,12.2,250,0.21189
280,12.3,250,0.212124
280,12.4,250,0.212359
280,12.5,250,0.212593
280,12.6,250,0.212828
280,12.7,250,0.213062
280,12.8,250,0.213296
280,12.9,250,0.213531
280,13,250,0.213765
280,13.1,250,0.214
280,13.2,250,0.214234
280,13.3,250,0.214469
280,13.4,250,0.214703
280,13.5,250,0.214937
280,13.6,250,0.215172
280,13.7,250,0.215406
280,13.8,250,0.215641
280,13.9,250,0.215875
280,14,250,0.21611
280,14.1,250,0.216344
280,14.2,250,0.216579
280,14.3,250,0.216813
280,14.4,250,0.217047
280,14.5,250,0.217282
280,14.6,250,0.217516
280,14.7,250,0.217751
280,14.8,250,0.217985
280,14.9,250,0.21822
280,15,250,0.218454
280,15.1,250,0.218688
280,15.2,250,0.218923
280,15.3,250,0.219157
280,15.4,250,0.219392
280,15.5,250,0.219626
280,15.6,250,0.219861
280,15.7,250,0.220095
280,15.8,250,0.220329
280,15.9,250,0.220564
280,16,250,0.220798
280,16.1,250,0.221033
280,16.2,250,0.221267
280,16.3,250,0.221502
280,16.4,250,0.221736
280,16.5,250,0.221971
280,16.6,250,0.222205
280,16.7,250,0.222439
280,16.8,250,0.222674
280,16.9,250,0.222908
280,17,250,0.223143
280,17.1,250,0.223377
280,17.2,250,0.223612
280,17.3,250,0.223846
280,17.4,250,0.22408
280,17.5,250,0.224315
280,17.6,250,0.224549
280,17.7,250,0.224784
280,17.8,250,0.225018
280,17.9,250,0.225253
280,18,250,0.225487
280,18.1,250,0.225721
280,18.2,250,0.225956
280,18.3,250,0.22619
280,18.4,250,0.226425
280,18.5,250,0.226659
280,18.6,250,0.226894
280,18.7,250,0.227128
280,18.8,250,0.227363
280,18.9,250,0.227597
280,19,250,0.227831
280,19.1,250,0.228066
280,19.2,250,0.2283
280,19.3,250,0.228535
280,19.4,250,0.228769
280,19.5,250,0.229004
280,19.6,250,0.229183
280,19.7,250,0.229338
280,19.8,250,0.229492
280,19.9,250,0.229647
280,20,250,0.229801
