x,y,z,b
280,0,250,0.0974722
280,0.1,250,0.0996888
280,0.2,250,0.101905
280,0.3,250,0.104122
280,0.4,250,0.106338
280,0.5,250,0.108555
280,0.6,250,0.110772
280,0.7,250,0.112988
280,0.8,250,0.115205
280,0.9,250,0.117421
280,1,250,0.119638
280,1.1,250,0.121854
280,1.2,250,0.124071
280,1.3,250,0.126287
280,1.4,250,0.128504
280,1.5,250,0.130721
280,1.6,250,0.132937
280,1.7,250,0.135154
280,1.8,250,0.13737
280,1.9,250,0.139587
280,2,250,0.141305
280,2.1,250,0.142458
280,2.2,250,0.143611
280,2.3,250,0.144764
280,2.4,250,0.145917
280,2.5,250,0.147069
280,2.6,250,0.148222
280,2.7,250,0.149375
280,2.8,250,0.150528
280,2.9,250,0.151681
280,3,250,0.152834
280,3.1,250,0.153987
280,3.2,250,0.15514
280,3.3,250,0.156293
280,3.4,250,0.157446
280,3.5,250,0.158599
280,3.6,250,0.159752
280,3.7,250,0.160905
280,3.8,250,0.162058
280,3.9,250,0.163211
280,4,250,0.164364
280,4.1,250,0.165517
280,4.2,250,0.16667
280,4.3,250,0.167823
280,4.4,250,0.168976
280,4.5,250,0.170128
280,4.6,250,0.171281
280,4.7,250,0.172434
280,4.8,250,0.173587
280,4.9,250,0.17474
280,5,250,0.175893
280,5.1,250,0.177046
280,5.2,250,0.178199
280,5.3,250,0.179352
280,5.4,250,0.180505
280,5.5,250,0.181658
280,5.6,250,0.182811
280,5.7,250,0.183964
280,5.8,250,0.185117
280,5.9,250,0.185994
280,6,250,0.186467
280,6.1,250,0.18694
280,6.2,250,0.187413
280,6.3,250,0.187887
280,6.4,250,0.18836
280,6.5,250,0.188833
280,6.6,250,0.189306
280,6.7,250,0.18978
280,6.8,250,0.190253
280,6.9,250,0.190726
280,7,250,0.1912
280,7.1,250,0.191673
280,7.2,250,0.192146
280,7.3,250,0.192619
280,7.4,250,0.193093
280,7.5,250,0.193566
280,7.6,250,0.194039
280,7.7,250,0.194512
280,7.8,250,0.194986
280,7.9,250,0.195459
280,8,250,0.195932
280,8.1,250,0.196405
280,8.2,250,0.196879
280,8.3,250,0.197352
280,8.4,250,0.197825
280,8.5,250,0.198298
280,8.6,250,0.198772
280,8.7,250,0.199245
280,8.8,250,0.199718
280,8.9,250,0.200191
280,9,250,0.200665
280,9.1,250,0.201138
280,9.2,250,0.201611
280,9.3,250,0.202085
280,9.4,250,0.202558
280,9.5,250,0.203031
280,9.6,250,0.203504
280,9.7,250,0.203978
280,9.8,250,0.204399
280,9.9,250,0.204722
280,10,250,0.205045
280,10.1,250,0.205368
280,10.2,250,0.205691
280,10.3,250,0.206014
280,10.4,250,0.206337
280,10.5,250,0.20666
280,10.6,250,0.206983
280,10.7,250,0.207306
280,10.8,250,0.207629
280,10.9,250,0.207952
280,11,250,0.208275
280,11.1,250,0.208598
280,11.2,250,0.208921
280,11.3,250,0.209244
280,11.4,250,0.209567
280,11.5,250,0.20989
280,11.6,250,0.210213
280,11.7,250,0.210536
280,11.8,250,0.210859
280,11.9,250,0.211182
280,12,250,0.211505
280,12.1,250,0.211828
280,12.2,250,0.212151
280,12.3,250,0.212474
280,12.4,250,0.212797
280,12.5,250,0.21312
280,12.6,250,0.213443
280,12.7,250,0.213766
280,12.8,250,0.214089
280,12.9,250,0.214412
280,13,250,0.214735
280,13.1,250,0.215058
280,13.2,250,0.215381
280,13.3,250,0.215704
280,13.4,250,0.216027
280,13.5,250,0.21635
280,13.6,250,0.216673
280,13.7,250,0.21696
280,13.8,250,0.217155
280,13.9,250,0.217349
280,14,250,0.217544
280,14.1,250,0.217738
280,14.2,250,0.217933
280,14.3,250,0.218127
280,14.4,250,0.218322
280,14.5,250,0.218516
280,14.6,250,0.21871
280,14.7,250,0.218905
280,14.8,250,0.219099
280,14.9,250,0.219294
280,15,250,0.219488
280,15.1,250,0.219683
280,15.2,250,0.219877
280,15.3,250,0.220072
280,15.4,250,0.220266
280,15.5,250,0.220461
280,15.6,250,0.220655
280,15.7,250,0.220022
280,15.8,250,0.220261
280,15.9,250,0.220499
280,16,250,0.220738
280,16.1,250,0.220976
280,16.2,250,0.221215
280,16.3,250,0.221453
280,16.4,250,0.221692
280,16.5,250,0.22193
280,16.6,250,0.222169
280,16.7,250,0.222407
280,16.8,250,0.222646
280,16.9,250,0.222884
280,17,250,0.223123
280,17.1,250,0.223361
280,17.2,250,0.2236
280,17.3,250,0.223838
280,17.4,250,0.224077
280,17.5,250,0.224315
280,17.6,250,0.224554
280,17.7,250,0.224792
280,17.8,250,0.225031
280,17.9,250,0.225269
280,18,250,0.225508
280,18.1,250,0.225746
280,18.2,250,0.225985
280,18.3,250,0.226223
280,18.4,250,0.226462
280,18.5,250,0.2267
280,18.6,250,0.226939
280,18.7,250,0.227177
280,18.8,250,0.227416
280,18.9,250,0.227654
280,19,250,0.227893
280,19.1,250,0.228131
280,19.2,250,0.22837
280,19.3,250,0.228608
280,19.4,250,0.228847
280,19.5,250,0.229085
280,19.6,250,0.229266
280,19.7,250,0.22942
280,19.8,250,0.229574
280,19.9,250,0.229729
280,20,250,0.229883
