x,y,z,b
280,0,250,0.0984418
280,0.1,250,0.100638
280,0.2,250,0.102834
280,0.3,250,0.10503
280,0.4,250,0.107227
280,0.5,250,0.109423
280,0.6,250,0.111619
280,0.7,250,0.113815
280,0.8,250,0.116011
280,0.9,250,0.118208
280,1,250,0.120404
280,1.1,250,0.1226
280,1.2,250,0.124796
280,1.3,250,0.126993
280,1.4,250,0.129189
280,1.5,250,0.131385
280,1.6,250,0.133581
280,1.7,250,0.135777
280,1.8,250,0.137974
280,1.9,250,0.14017
280,2,250,0.141872
280,2.1,250,0.143014
280,2.2,250,0.144157
280,2.3,250,0.145299
280,2.4,250,0.146441
280,2.5,250,0.147584
280,2.6,250,0.148726
280,2.7,250,0.149869
280,2.8,250,0.151011
280,2.9,250,0.152153
280,3,250,0.153296
280,3.1,250,0.154438
280,3.2,250,0.15558
280,3.3,250,0.156723
280,3.4,250,0.157865
280,3.5,250,0.159007
280,3.6,250,0.16015
280,3.7,250,0.161292
280,3.8,250,0.162435
280,3.9,250,0.163577
280,4,250,0.164719
280,4.1,250,0.165862
280,4.2,250,0.167004
280,4.3,250,0.168146
280,4.4,250,0.169289
280,4.5,250,0.170431
280,4.6,250,0.171573
280,4.7,250,0.172716
280,4.8,250,0.173858
280,4.9,250,0.175001
280,5,250,0.176143
280,5.1,250,0.177285
280,5.2,250,0.178428
280,5.3,250,0.17957
280,5.4,250,0.180712
280,5.5,250,0.181855
280,5.6,250,0.182997
280,5.7,250,0.184139
280,5.8,250,0.185282
280,5.9,250,0.186095
280,6,250,0.186429
280,6.1,250,0.186762
280,6.2,250,0.187095
280,6.3,250,0.187428
280,6.4,250,0.187762
280,6.5,250,0.188095
280,6.6,250,0.188428
280,6.7,250,0.188761
280,6.8,250,0.189094
280,6.9,250,0.189428
280,7,250,0.189761
280,7.1,250,0.190094
280,7.2,250,0.190427
280,7.3,250,0.190761
280,7.4,250,0.191094
280,7.5,250,0.191427
280,7.6,250,0.19176
280,7.7,250,0.192093
280,7.8,250,0.192427
280,7.9,250,0.187728
280,8,250,0.188331
280,8.1,250,0.188934
280,8.2,250,0.189537
280,8.3,250,0.19014
280,8.4,250,0.190742
280,8.5,250,0.191345
280,8.6,250,0.191948
280,8.7,250,0.192551
280,8.8,250,0.193154
280,8.9,250,0.193757
280,9,250,0.19436
280,9.1,250,0.194963
280,9.2,250,0.195566
280,9.3,250,0.196169
280,9.4,250,0.196772
280,9.5,250,0.197375
280,9.6,250,0.197978
280,9.7,250,0.198581
280,9.8,250,0.199184
280,9.9,250,0.199787
280,10,250,0.20039
280,10.1,250,0.200993
280,10.2,250,0.201596
280,10.3,250,0.202198
280,10.4,250,0.202801
280,10.5,250,0.203404
280,10.6,250,0.204007
280,10.7,250,0.20461
280,10.8,250,0.205213
280,10.9,250,0.205816
280,11,250,0.206419
280,11.1,250,0.207022
280,11.2,250,0.207625
280,11.3,250,0.208228
280,11.4,250,0.208831
280,11.5,250,0.209434
280,11.6,250,0.210037
280,11.7,250,0.21064
280,11.8,250,0.210943
280,11.9,250,0.211178
280,12,250,0.211412
280,12.1,250,0.211647
280,12.2,250,0.211881
280,12.3,250,0.212116
280,12.4,250,0.21235
280,12.5,250,0.212585
280,12.6,250,0.212819
280,12.7,250,0.213054
280,12.8,250,0.213288
280,12.9,250,0.213523
280,13,250,0.213757
280,13.1,250,0.213992
280,13.2,250,0.214226
280,13.3,250,0.21446
280,13.4,250,0.214695
280,13.5,250,0.214929
280,13.6,250,0.215164
280,13.7,250,0.215398
280,13.8,250,0.215633
280,13.9,250,0.215867
280,14,250,0.216102
280,14.1,250,0.216336
280,14.2,250,0.216571
280,14.3,250,0.216805
280,14.4,250,0.21704
280,14.5,250,0.217274
280,14.6,250,0.217509
280,14.7,250,0.217743
280,14.8,250,0.217978
280,14.9,250,0.218212
280,15,250,0.218447
280,15.1,250,0.218681
280,15.2,250,0.218916
280,15.3,250,0.21915
280,15.4,250,0.219384
280,15.5,250,0.219619
280,15.6,250,0.219853
280,15.7,250,0.220088
280,15.8,250,0.220322
280,15.9,250,0.220557
280,16,250,0.220791
280,16.1,250,0.221026
280,16.2,250,0.22126
280,16.3,250,0.221495
280,16.4,250,0.221729
280,16.5,250,0.221964
280,16.6,250,0.222198
280,16.7,250,0.222433
280,16.8,250,0.222667
280,16.9,250,0.222902
280,17,250,0.223136
280,17.1,250,0.223371
280,17.2,250,0.223605
280,17.3,250,0.22384
280,17.4,250,0.224074
280,17.5,250,0.224308
280,17.6,250,0.224543
280,17.7,250,0.224777
280,17.8,250,0.225012
280,17.9,250,0.225246
280,18,250,0.225481
280,18.1,250,0.225715
280,18.2,250,0.22595
280,18.3,250,0.226184
280,18.4,250,0.226419
280,18.5,250,0.226653
280,18.6,250,0.226888
280,18.7,250,0.227122
280,18.8,250,0.227357
280,18.9,250,0.227591
280,19,250,0.227826
280,19.1,250,0.22806
280,19.2,250,0.228295
280,19.3,250,0.228529
280,19.4,250,0.228764
280,19.5,250,0.228998
280,19.6,250,0.229178
280,19.7,250,0.229332
280,19.8,250,0.229487
280,19.9,250,0.229641
280,20,250,0.229796
