x,y,z,b
280,0,250,0.0982235
280,0.1,250,0.100424
280,0.2,250,0.102624
280,0.3,250,0.104825
280,0.4,250,0.107025
280,0.5,250,0.109226
280,0.6,250,0.111426
280,0.7,250,0.113627
280,0.8,250,0.115827
280,0.9,250,0.118028
280,1,250,0.120228
280,1.1,250,0.122428
280,1.2,250,0.124629
280,1.3,250,0.126829
280,1.4,250,0.12903
280,1.5,250,0.13123
280,1.6,250,0.133431
280,1.7,250,0.135631
280,1.8,250,0.137832
280,1.9,250,0.140032
280,2,250,0.141737
280,2.1,250,0.142882
280,2.2,250,0.144027
280,2.3,250,0.145171
280,2.4,250,0.146316
280,2.5,250,0.14746
280,2.6,250,0.148605
280,2.7,250,0.149749
280,2.8,250,0.150894
280,2.9,250,0.152039
280,3,250,0.153183
280,3.1,250,0.154328
280,3.2,250,0.155472
280,3.3,250,0.156617
280,3.4,250,0.157761
280,3.5,250,0.158906
280,3.6,250,0.160051
280,3.7,250,0.161195
280,3.8,250,0.16234
280,3.9,250,0.163484
280,4,250,0.164629
280,4.1,250,0.165773
280,4.2,250,0.166918
280,4.3,250,0.168063
280,4.4,250,0.169207
280,4.5,250,0.170352
280,4.6,250,0.171496
280,4.7,250,0.172641
280,4.8,250,0.173785
280,4.9,250,0.17493
280,5,250,0.176075
280,5.1,250,0.177219
280,5.2,250,0.178364
280,5.3,250,0.179508
280,5.4,250,0.180653
280,5.5,250,0.181797
280,5.6,250,0.182942
280,5.7,250,0.184087
280,5.8,250,0.185231
280,5.9,250,0.186046
280,6,250,0.186381
280,6.1,250,0.186715
280,6.2,250,0.187049
280,6.3,250,0.187383
280,6.4,250,0.187717
280,6.5,250,0.188051
280,6.6,250,0.188385
280,6.7,250,0.188719
280,6.8,250,0.189054
280,6.9,250,0.189388
280,7,250,0.189722
280,7.1,250,0.190056
280,7.2,250,0.19039
280,7.3,250,0.190724
280,7.4,250,0.191058
280,7.5,250,0.191392
280,7.6,250,0.191727
280,7.7,250,0.192061
280,7.8,250,0.192395
280,7.9,250,0.187699
280,8,250,0.188302
280,8.1,250,0.188906
280,8.2,250,0.18951
280,8.3,250,0.190114
280,8.4,250,0.190717
280,8.5,250,0.191321
280,8.6,250,0.191925
280,8.7,250,0.192529
280,8.8,250,0.193132
280,8.9,250,0.193736
280,9,250,0.19434
280,9.1,250,0.194944
280,9.2,250,0.195547
280,9.3,250,0.196151
280,9.4,250,0.196755
280,9.5,250,0.197359
280,9.6,250,0.197962
280,9.7,250,0.198566
280,9.8,250,0.19917
280,9.9,250,0.199774
280,10,250,0.200377
280,10.1,250,0.200981
280,10.2,250,0.201585
280,10.3,250,0.202189
280,10.4,250,0.202793
280,10.5,250,0.203396
280,10.6,250,0.204
280,10.7,250,0.204604
280,10.8,250,0.205208
280,10.9,250,0.205811
280,11,250,0.206415
280,11.1,250,0.207019
280,11.2,250,0.207623
280,11.3,250,0.208226
280,11.4,250,0.20883
280,11.5,250,0.209434
280,11.6,250,0.210038
280,11.7,250,0.210641
280,11.8,250,0.210945
280,11.9,250,0.211179
280,12,250,0.211413
280,12.1,250,0.211646
280,12.2,250,0.21188
280,12.3,250,0.212114
280,12.4,250,0.212348
280,12.5,250,0.212582
280,12.6,250,0.212816
280,12.7,250,0.21305
280,12.8,250,0.213284
280,12.9,250,0.213518
280,13,250,0.213752
280,13.1,250,0.213986
280,13.2,250,0.21422
280,13.3,250,0.214454
280,13.4,250,0.214688
280,13.5,250,0.214922
280,13.6,250,0.215156
280,13.7,250,0.21539
280,13.8,250,0.215624
280,13.9,250,0.215858
280,14,250,0.216092
280,14.1,250,0.216325
280,14.2,250,0.216559
280,14.3,250,0.216793
280,14.4,250,0.217027
280,14.5,250,0.217261
280,14.6,250,0.217495
280,14.7,250,0.217729
280,14.8,250,0.217963
280,14.9,250,0.218197
280,15,250,0.218431
280,15.1,250,0.218665
280,15.2,250,0.218899
280,15.3,250,0.219133
280,15.4,250,0.219367
280,15.5,250,0.219601
280,15.6,250,0.219835
280,15.7,250,0.220069
280,15.8,250,0.220303
280,15.9,250,0.220537
280,16,250,0.22077
280,16.1,250,0.221004
280,16.2,250,0.221238
280,16.3,250,0.221472
280,16.4,250,0.221706
280,16.5,250,0.22194
280,16.6,250,0.222174
280,16.7,250,0.222408
280,16.8,250,0.222642
280,16.9,250,0.222876
280,17,250,0.22311
280,17.1,250,0.223344
280,17.2,250,0.223578
280,17.3,250,0.223812
280,17.4,250,0.224046
280,17.5,250,0.22428
280,17.6,250,0.224514
280,17.7,250,0.224748
280,17.8,250,0.224982
280,17.9,250,0.225216
280,18,250,0.225449
280,18.1,250,0.225683
280,18.2,250,0.225917
280,18.3,250,0.226151
280,18.4,250,0.226385
280,18.5,250,0.226619
280,18.6,250,0.226853
280,18.7,250,0.227087
280,18.8,250,0.227321
280,18.9,250,0.227555
280,19,250,0.227789
280,19.1,250,0.228023
280,19.2,250,0.228257
280,19.3,250,0.228491
280,19.4,250,0.228725
280,19.5,250,0.228959
280,19.6,250,0.229138
280,19.7,250,0.229293
280,19.8,250,0.229448
280,19.9,250,0.229603
280,20,250,0.229758
