y	b	Ri	bdiff	
0	0.00664484	0	0
0.78125	0.0133	0	0
1.5625	0.0267644	0	0
2.34375	0.0396326	0	0
3.125	0.0527406	0	0
3.90625	0.0663713	0	0
4.6875	0.0795221	0	0
5.46875	0.0929797	0	0
6.25	0.106797	0	0
7.03125	0.118743	0	0
7.8125	0.132211	0	0
8.59375	0.145395	0	0
9.375	0.159476	0	0
10.1562	0.171496	0	0
10.9375	0.185216	0	0
11.7188	0.200168	0	0
12.5	0.215075	0	0
13.2812	0.225254	0	0
14.0625	0.238011	0	0
14.8438	0.248109	0	0
15.625	0.265691	0	0
16.4062	0.278327	0	0
17.1875	0.291204	0	0
17.9688	0.305781	0	0
18.75	0.319158	0	0
19.5312	0.331471	0	0
20.3125	0.344418	0	0
21.0938	0.358867	0	0
21.875	0.373166	0	0
22.6562	0.38555	0	0
23.4375	0.397405	0	0
24.2188	0.410333	0	0
25	0.413755	0	0
25.7812	0.433131	0	0
26.5625	0.453655	0	0
27.3438	0.455903	0	0
28.125	0.47411	0	0
28.9062	0.485822	0	0
29.6875	0.501426	0	0
30.4688	0.505333	0	0
31.25	0.531587	0	0
32.0312	0.529281	0	0
32.8125	0.553345	0	0
33.5938	0.56033	0	0
34.375	0.577885	0	0
35.1562	0.585775	0	0
35.9375	0.605492	0	0
36.7188	0.607139	0	0
37.5	0.643908	0	0
38.2812	0.640447	0	0
39.0625	0.661742	0	0
39.8438	0.661607	0	0
40.625	0.688568	0	0
41.4062	0.688279	0	0
42.1875	0.710518	0	0
42.9688	0.718775	0	0
43.75	0.738848	0	0
44.5312	0.738564	0	0
45.3125	0.76126	0	0
46.0938	0.772667	0	0
46.875	0.786585	0	0
47.6562	0.791961	0	0
48.4375	0.824385	0	0
49.2188	0.856572	0	0
50	9.85596e+29	9.729e+29	9.79736e+29
