x=200	y=95	z=200	n=65	len=1
b
0.716069	0.716069	0.716069	0.716069	0.716069	0.716069	0.716069	0.716069	0.716069	0.716069	0.716069	0.716069	0.716069	0.716069	0.716069	0.716069	0.716069	0.716069	0.716069	0.716069	0.716069	0.716069	0.716069	0.716069	0.716069	0.716069	0.716069	0.716069	0.716069	0.716069	0.716069	0.716069	0.716069	0.716069	0.716069	0.716069	0.716069	0.716069	0.716069	0.716069	0.716069	0.716069	0.716069	0.716069	0.716069	0.716069	0.716069	0.716069	0.716069	0.716069	0.716069	0.716069	0.716069	0.716069	0.716069	0.716069	0.716069	0.716069	0.716069	0.716069	0.716069	0.716069	0.716069	0.716069	0.716069	
0.715989	0.715986	0.715994	0.716002	0.71602	0.716038	0.716039	0.716039	0.716066	0.716093	0.716093	0.716093	0.716138	0.716183	0.716187	0.716191	0.716264	0.716337	0.716358	0.716379	0.716471	0.716564	0.716617	0.716669	0.716732	0.716796	0.716908	0.717021	0.716723	0.716425	0.715729	0.715032	0.715009	0.714986	0.715201	0.715416	0.715498	0.715579	0.715612	0.715646	0.715647	0.715648	0.715668	0.715687	0.715731	0.715775	0.715755	0.715735	0.715789	0.715843	0.715823	0.715802	0.715849	0.715896	0.715884	0.715872	0.715905	0.715938	0.715933	0.715928	0.715953	0.715978	0.715985	0.715993	0.715989	
0.715998	0.71599	0.716003	0.716015	0.716028	0.716041	0.716045	0.716049	0.716072	0.716094	0.716096	0.716099	0.716141	0.716183	0.716189	0.716196	0.716266	0.716336	0.716362	0.716389	0.716477	0.716565	0.716637	0.716709	0.716769	0.716828	0.716981	0.717135	0.716816	0.716498	0.715693	0.714888	0.714714	0.71454	0.71497	0.715401	0.715485	0.715569	0.715616	0.715664	0.715651	0.715638	0.715662	0.715686	0.715728	0.715769	0.715752	0.715735	0.715788	0.715842	0.715825	0.715809	0.715854	0.715899	0.715891	0.715883	0.715913	0.715942	0.715942	0.715941	0.715962	0.715983	0.715994	0.716005	0.715998	
0.716006	0.715995	0.716011	0.716028	0.716036	0.716044	0.716052	0.71606	0.716077	0.716095	0.7161	0.716105	0.716144	0.716182	0.716191	0.716201	0.716267	0.716334	0.716366	0.716399	0.716482	0.716565	0.716657	0.71675	0.716805	0.716859	0.717054	0.717248	0.716909	0.71657	0.715656	0.714743	0.714418	0.714093	0.71474	0.715386	0.715472	0.715559	0.71562	0.715682	0.715655	0.715628	0.715657	0.715686	0.715724	0.715763	0.715749	0.715735	0.715787	0.71584	0.715828	0.715816	0.715858	0.715901	0.715898	0.715894	0.71592	0.715947	0.715951	0.715954	0.715971	0.715988	0.716003	0.716017	0.716006	
0.715989	0.715968	0.715993	0.716019	0.716018	0.716017	0.716033	0.716049	0.716057	0.716064	0.716078	0.716091	0.71612	0.716149	0.716171	0.716193	0.716253	0.716312	0.71636	0.716407	0.716497	0.716586	0.716701	0.716815	0.716926	0.717038	0.717286	0.717535	0.717149	0.716763	0.715758	0.714752	0.71423	0.713709	0.714492	0.715275	0.715419	0.715563	0.715617	0.715672	0.715644	0.715616	0.715634	0.715651	0.715685	0.71572	0.715706	0.715692	0.715744	0.715796	0.71579	0.715783	0.715824	0.715865	0.715869	0.715873	0.715895	0.715918	0.715929	0.715941	0.715951	0.715962	0.715986	0.716011	0.715989	
0.715972	0.71594	0.715975	0.71601	0.716	0.71599	0.716014	0.716038	0.716036	0.716034	0.716056	0.716078	0.716097	0.716117	0.716151	0.716186	0.716238	0.716291	0.716353	0.716416	0.716512	0.716607	0.716744	0.716881	0.717048	0.717216	0.717519	0.717822	0.717389	0.716956	0.715859	0.714761	0.714043	0.713324	0.714244	0.715164	0.715366	0.715567	0.715614	0.715661	0.715633	0.715605	0.715611	0.715617	0.715647	0.715676	0.715663	0.715649	0.715701	0.715753	0.715752	0.715751	0.71579	0.715829	0.715841	0.715852	0.71587	0.715889	0.715908	0.715927	0.715932	0.715936	0.71597	0.716005	0.715972	
0.715954	0.715917	0.715955	0.715993	0.715979	0.715966	0.715993	0.71602	0.716013	0.716006	0.716032	0.716058	0.71607	0.716082	0.716121	0.716159	0.716205	0.716251	0.71633	0.716409	0.716508	0.716606	0.716768	0.716929	0.717154	0.717378	0.717753	0.718127	0.717713	0.717298	0.716066	0.714833	0.713957	0.71308	0.714139	0.715198	0.715456	0.715714	0.715697	0.71568	0.715645	0.715611	0.715594	0.715577	0.715609	0.715641	0.715628	0.715615	0.715667	0.71572	0.715724	0.715728	0.715765	0.715802	0.71582	0.715837	0.715852	0.715867	0.71589	0.715914	0.715914	0.715915	0.715953	0.71599	0.715954	
0.715935	0.715894	0.715934	0.715975	0.715959	0.715942	0.715972	0.716003	0.71599	0.715978	0.716008	0.716038	0.716043	0.716048	0.71609	0.716133	0.716172	0.716212	0.716307	0.716403	0.716504	0.716605	0.716791	0.716977	0.717259	0.717541	0.717987	0.718433	0.718036	0.717639	0.716272	0.714905	0.71387	0.712835	0.714034	0.715233	0.715547	0.715861	0.715779	0.715698	0.715658	0.715618	0.715578	0.715538	0.715572	0.715605	0.715593	0.71558	0.715634	0.715687	0.715696	0.715705	0.71574	0.715776	0.715799	0.715822	0.715834	0.715845	0.715873	0.7159	0.715897	0.715894	0.715935	0.715976	0.715935	
0.715921	0.715874	0.715919	0.715963	0.715942	0.715921	0.715955	0.715989	0.715971	0.715952	0.715987	0.716022	0.716018	0.716014	0.716062	0.71611	0.716141	0.716171	0.716268	0.716365	0.716469	0.716574	0.716776	0.716979	0.717282	0.717586	0.718139	0.718691	0.718565	0.718439	0.716986	0.715532	0.71418	0.712828	0.714297	0.715767	0.715995	0.716223	0.71598	0.715738	0.715682	0.715626	0.71555	0.715473	0.715513	0.715553	0.715543	0.715533	0.715589	0.715646	0.715662	0.715678	0.715713	0.715748	0.715777	0.715806	0.715816	0.715825	0.715857	0.715888	0.715883	0.715877	0.715922	0.715967	0.715921	
0.715907	0.715855	0.715903	0.715951	0.715925	0.7159	0.715938	0.715976	0.715951	0.715926	0.715966	0.716007	0.715994	0.715981	0.716034	0.716088	0.716109	0.716131	0.716229	0.716327	0.716434	0.716542	0.716761	0.71698	0.717306	0.717632	0.718291	0.718949	0.719095	0.71924	0.7177	0.716159	0.71449	0.712821	0.714561	0.716301	0.716443	0.716585	0.716181	0.715778	0.715706	0.715633	0.715521	0.715409	0.715455	0.715502	0.715494	0.715486	0.715545	0.715605	0.715628	0.715651	0.715685	0.71572	0.715755	0.71579	0.715798	0.715805	0.715841	0.715877	0.715868	0.71586	0.715909	0.715958	0.715907	
0.7159	0.715846	0.715895	0.715944	0.715915	0.715887	0.715927	0.715966	0.715936	0.715906	0.71595	0.715994	0.715973	0.715952	0.716009	0.716066	0.716076	0.716086	0.716184	0.716282	0.716384	0.716486	0.716702	0.716918	0.717222	0.717526	0.718215	0.718904	0.719522	0.720139	0.718823	0.717506	0.715604	0.713702	0.715384	0.717066	0.717145	0.717225	0.716544	0.715862	0.715724	0.715586	0.715447	0.715308	0.715367	0.715426	0.715428	0.715431	0.715496	0.715561	0.715595	0.715629	0.715663	0.715698	0.715739	0.71578	0.715787	0.715793	0.715832	0.715871	0.715862	0.715852	0.715902	0.715953	0.7159	
0.715893	0.715838	0.715887	0.715936	0.715905	0.715874	0.715915	0.715957	0.715922	0.715887	0.715934	0.715981	0.715952	0.715923	0.715983	0.716044	0.716042	0.716041	0.716139	0.716237	0.716333	0.71643	0.716643	0.716857	0.717139	0.717421	0.71814	0.718859	0.719949	0.721039	0.719946	0.718852	0.716717	0.714582	0.716206	0.71783	0.717848	0.717865	0.716906	0.715946	0.715742	0.715538	0.715373	0.715208	0.715279	0.71535	0.715363	0.715376	0.715446	0.715516	0.715562	0.715607	0.715641	0.715675	0.715723	0.715771	0.715776	0.715781	0.715823	0.715866	0.715855	0.715844	0.715896	0.715948	0.715893	
0.715891	0.715836	0.715884	0.715933	0.7159	0.715867	0.715909	0.715951	0.715912	0.715873	0.715922	0.715971	0.715935	0.715898	0.71596	0.716022	0.716008	0.715995	0.716088	0.716181	0.716251	0.716322	0.716527	0.716733	0.71699	0.717247	0.717911	0.718576	0.719931	0.721287	0.720581	0.719875	0.717944	0.716014	0.717461	0.718909	0.718754	0.7186	0.717325	0.71605	0.715713	0.715376	0.715221	0.715065	0.715153	0.71524	0.715277	0.715314	0.715391	0.715469	0.715528	0.715587	0.715623	0.715658	0.715712	0.715767	0.715772	0.715777	0.715821	0.715866	0.715854	0.715843	0.715894	0.715945	0.715891	
0.715889	0.715834	0.715882	0.71593	0.715895	0.715861	0.715903	0.715945	0.715902	0.71586	0.71591	0.71596	0.715917	0.715874	0.715937	0.715999	0.715974	0.715949	0.716037	0.716124	0.716169	0.716214	0.716412	0.71661	0.716841	0.717073	0.717682	0.718292	0.719913	0.721534	0.721216	0.720897	0.719171	0.717445	0.718716	0.719987	0.719661	0.719334	0.717744	0.716153	0.715684	0.715214	0.715068	0.714923	0.715026	0.71513	0.715191	0.715251	0.715336	0.715422	0.715494	0.715567	0.715604	0.715641	0.715702	0.715762	0.715767	0.715773	0.715819	0.715865	0.715853	0.715841	0.715892	0.715944	0.715889	
0.715887	0.715834	0.71588	0.715926	0.715891	0.715857	0.715898	0.715938	0.715893	0.715848	0.715898	0.715948	0.715899	0.71585	0.715912	0.715973	0.715937	0.715901	0.71598	0.71606	0.716083	0.716107	0.716264	0.716421	0.716593	0.716765	0.717276	0.717786	0.719571	0.721356	0.721335	0.721315	0.720274	0.719233	0.720165	0.721096	0.720408	0.719719	0.717956	0.716192	0.715599	0.715006	0.714879	0.714752	0.714878	0.715003	0.715095	0.715186	0.715281	0.715375	0.715461	0.715547	0.715588	0.715628	0.715693	0.715758	0.715765	0.715772	0.715819	0.715865	0.715854	0.715843	0.715892	0.71594	0.715887	
0.715886	0.715835	0.715879	0.715923	0.715888	0.715853	0.715892	0.715932	0.715884	0.715837	0.715886	0.715936	0.715881	0.715827	0.715886	0.715946	0.715899	0.715853	0.715924	0.715995	0.715997	0.715999	0.716116	0.716233	0.716345	0.716457	0.716869	0.717281	0.719229	0.721177	0.721455	0.721733	0.721377	0.721021	0.721613	0.722205	0.721155	0.720105	0.718168	0.71623	0.715514	0.714797	0.714689	0.714581	0.714729	0.714876	0.714999	0.715122	0.715225	0.715329	0.715428	0.715527	0.715571	0.715615	0.715685	0.715755	0.715763	0.715771	0.715818	0.715865	0.715855	0.715845	0.715891	0.715937	0.715886	
0.71588	0.715834	0.715873	0.715912	0.715879	0.715845	0.715882	0.715918	0.71587	0.715822	0.715869	0.715916	0.715857	0.715799	0.715854	0.71591	0.715856	0.715802	0.715863	0.715924	0.715913	0.715901	0.715986	0.716071	0.716148	0.716225	0.716513	0.716802	0.718765	0.720728	0.721059	0.72139	0.72195	0.72251	0.722786	0.723062	0.721609	0.720155	0.718161	0.716168	0.715387	0.714607	0.714515	0.714424	0.714596	0.714767	0.714913	0.715059	0.715174	0.715289	0.715396	0.715503	0.715552	0.715601	0.715672	0.715743	0.715755	0.715767	0.715812	0.715857	0.71585	0.715843	0.715884	0.715926	0.71588	
0.715874	0.715833	0.715867	0.715902	0.71587	0.715838	0.715871	0.715904	0.715856	0.715807	0.715851	0.715896	0.715833	0.715771	0.715823	0.715874	0.715813	0.715752	0.715803	0.715854	0.715828	0.715803	0.715856	0.715909	0.715951	0.715993	0.716158	0.716323	0.7183	0.720278	0.720662	0.721046	0.722522	0.723999	0.723959	0.723918	0.722062	0.720206	0.718155	0.716105	0.715261	0.714417	0.714342	0.714266	0.714462	0.714658	0.714827	0.714997	0.715123	0.71525	0.715364	0.715479	0.715533	0.715587	0.715659	0.715732	0.715747	0.715763	0.715806	0.71585	0.715845	0.715841	0.715878	0.715915	0.715874	
0.715858	0.715824	0.715853	0.715882	0.715852	0.715822	0.715851	0.71588	0.715833	0.715786	0.715825	0.715865	0.715801	0.715738	0.715783	0.715829	0.715765	0.715701	0.715741	0.71578	0.715753	0.715725	0.715751	0.715776	0.715826	0.715877	0.716046	0.716216	0.717865	0.719514	0.7201	0.720686	0.722785	0.724883	0.724569	0.724254	0.721855	0.719455	0.71764	0.715824	0.715045	0.714266	0.714213	0.714159	0.714381	0.714602	0.714773	0.714944	0.715083	0.715221	0.715335	0.71545	0.71551	0.715571	0.71564	0.71571	0.71573	0.715751	0.715791	0.715831	0.71583	0.715829	0.715861	0.715893	0.715858	
0.715843	0.715815	0.715838	0.715862	0.715835	0.715807	0.715832	0.715857	0.71581	0.715764	0.715799	0.715834	0.715769	0.715704	0.715744	0.715784	0.715717	0.715651	0.715679	0.715707	0.715677	0.715648	0.715645	0.715643	0.715702	0.715761	0.715935	0.716109	0.717429	0.718749	0.719538	0.720327	0.723047	0.725768	0.725178	0.724589	0.721647	0.718705	0.717124	0.715544	0.71483	0.714115	0.714084	0.714052	0.714299	0.714545	0.714718	0.714891	0.715042	0.715193	0.715307	0.71542	0.715487	0.715554	0.715621	0.715688	0.715714	0.715739	0.715775	0.715811	0.715815	0.715818	0.715844	0.715871	0.715843	
0.715821	0.7158	0.715818	0.715835	0.715811	0.715787	0.715806	0.715826	0.715781	0.715737	0.715766	0.715796	0.715732	0.715668	0.7157	0.715732	0.715666	0.7156	0.715615	0.715629	0.715609	0.715589	0.715565	0.715541	0.715649	0.715757	0.716057	0.716358	0.71739	0.718422	0.719087	0.719753	0.723008	0.726264	0.725375	0.724487	0.720918	0.71735	0.716202	0.715055	0.71456	0.714065	0.714028	0.713991	0.714265	0.714538	0.714697	0.714855	0.715017	0.715178	0.715285	0.715391	0.715464	0.715537	0.715599	0.715661	0.715692	0.715723	0.715755	0.715786	0.715794	0.715802	0.715822	0.715842	0.715821	
0.715799	0.715785	0.715797	0.715808	0.715787	0.715766	0.71578	0.715795	0.715752	0.71571	0.715733	0.715757	0.715694	0.715632	0.715656	0.715681	0.715615	0.715549	0.71555	0.715552	0.715542	0.715531	0.715485	0.715439	0.715596	0.715753	0.71618	0.716607	0.717351	0.718094	0.718637	0.71918	0.72297	0.726759	0.725572	0.724385	0.72019	0.715995	0.71528	0.714566	0.71429	0.714014	0.713972	0.71393	0.714231	0.714531	0.714675	0.714819	0.714991	0.715164	0.715262	0.715361	0.715441	0.715521	0.715578	0.715634	0.715671	0.715707	0.715734	0.715761	0.715773	0.715786	0.7158	0.715814	0.715799	
0.715778	0.715769	0.715775	0.715782	0.715763	0.715745	0.715755	0.715764	0.715724	0.715683	0.715701	0.715718	0.715656	0.715595	0.71561	0.715626	0.715562	0.715498	0.715484	0.71547	0.71548	0.71549	0.715423	0.715355	0.715573	0.715791	0.716496	0.717201	0.717711	0.718221	0.718503	0.718784	0.722869	0.726954	0.725463	0.723971	0.71971	0.715448	0.714902	0.714355	0.714251	0.714147	0.714041	0.713934	0.714248	0.714561	0.71468	0.714798	0.714979	0.71516	0.715248	0.715336	0.715421	0.715507	0.715558	0.715608	0.71565	0.715692	0.715714	0.715735	0.715752	0.71577	0.715778	0.715786	0.715778	
0.715756	0.715753	0.715754	0.715755	0.71574	0.715724	0.715729	0.715733	0.715695	0.715656	0.715668	0.71568	0.715618	0.715557	0.715564	0.715571	0.715509	0.715447	0.715418	0.715389	0.715419	0.715448	0.71536	0.715272	0.715551	0.71583	0.716812	0.717795	0.718071	0.718348	0.718368	0.718389	0.722769	0.727149	0.725353	0.723558	0.71923	0.714902	0.714523	0.714143	0.714212	0.714281	0.714109	0.713938	0.714264	0.714591	0.714684	0.714778	0.714967	0.715156	0.715233	0.71531	0.715402	0.715494	0.715538	0.715581	0.715629	0.715677	0.715693	0.71571	0.715732	0.715754	0.715756	0.715758	0.715756	
0.71574	0.715741	0.715739	0.715736	0.715722	0.715708	0.715709	0.71571	0.715671	0.715633	0.71564	0.715646	0.715584	0.715522	0.715519	0.715515	0.715452	0.715388	0.715339	0.71529	0.715334	0.715379	0.715254	0.715128	0.715502	0.715876	0.717082	0.718287	0.71905	0.719813	0.719154	0.718494	0.72264	0.726787	0.725487	0.724187	0.719725	0.715264	0.71478	0.714296	0.714336	0.714377	0.714162	0.713947	0.714286	0.714625	0.714695	0.714766	0.714961	0.715157	0.715225	0.715292	0.715389	0.715487	0.715524	0.715562	0.715614	0.715667	0.715679	0.715691	0.715716	0.715742	0.71574	0.715739	0.71574	
0.715725	0.715729	0.715723	0.715717	0.715704	0.715691	0.715688	0.715686	0.715648	0.71561	0.715611	0.715612	0.71555	0.715488	0.715474	0.71546	0.715394	0.715328	0.715259	0.71519	0.71525	0.715311	0.715148	0.714985	0.715454	0.715923	0.717351	0.718779	0.720029	0.721279	0.719939	0.718599	0.722512	0.726425	0.725621	0.724816	0.720221	0.715626	0.715037	0.714448	0.71446	0.714473	0.714215	0.713957	0.714308	0.714659	0.714706	0.714754	0.714956	0.715158	0.715216	0.715275	0.715377	0.715479	0.71551	0.715542	0.715599	0.715656	0.715664	0.715672	0.715701	0.715729	0.715725	0.71572	0.715725	
0.715716	0.71572	0.715713	0.715706	0.715693	0.71568	0.715675	0.71567	0.715632	0.715594	0.71559	0.715586	0.715522	0.715458	0.715434	0.715411	0.715336	0.715262	0.71517	0.715077	0.715122	0.715167	0.714934	0.714701	0.715283	0.715865	0.717308	0.71875	0.720787	0.722824	0.721834	0.720844	0.723047	0.72525	0.72574	0.726231	0.721333	0.716435	0.715506	0.714578	0.714535	0.714491	0.714213	0.713935	0.714299	0.714664	0.714703	0.714742	0.714949	0.715156	0.71521	0.715264	0.71537	0.715476	0.715504	0.715532	0.715591	0.71565	0.715656	0.715663	0.715692	0.715722	0.715716	0.715711	0.715716	
0.715707	0.715712	0.715704	0.715696	0.715682	0.715669	0.715662	0.715655	0.715616	0.715577	0.715568	0.715559	0.715494	0.715428	0.715395	0.715362	0.715279	0.715196	0.71508	0.714964	0.714994	0.715023	0.71472	0.714417	0.715112	0.715807	0.717264	0.71872	0.721545	0.72437	0.72373	0.72309	0.723582	0.724074	0.72586	0.727646	0.722445	0.717243	0.715976	0.714708	0.714609	0.714509	0.714211	0.713913	0.714291	0.714669	0.714699	0.71473	0.714942	0.715155	0.715204	0.715253	0.715363	0.715472	0.715497	0.715521	0.715583	0.715644	0.715649	0.715653	0.715684	0.715714	0.715708	0.715702	0.715707	
0.715702	0.715701	0.715697	0.715692	0.715675	0.715658	0.715652	0.715645	0.715604	0.715562	0.71555	0.715538	0.715468	0.715398	0.715356	0.715313	0.715218	0.715122	0.71498	0.714839	0.714815	0.714791	0.714425	0.71406	0.714608	0.715155	0.716688	0.71822	0.72102	0.72382	0.723922	0.724023	0.723696	0.723368	0.726063	0.728758	0.723108	0.717458	0.716098	0.714738	0.714529	0.71432	0.71405	0.71378	0.714193	0.714606	0.714654	0.714702	0.714924	0.715146	0.715196	0.715245	0.715357	0.715468	0.715493	0.715519	0.715579	0.715639	0.715645	0.715651	0.715679	0.715706	0.715704	0.715702	0.715702	
0.715696	0.715691	0.715689	0.715688	0.715667	0.715647	0.715641	0.715635	0.715591	0.715546	0.715531	0.715516	0.715442	0.715368	0.715317	0.715265	0.715156	0.715048	0.714881	0.714714	0.714636	0.714558	0.71413	0.713703	0.714103	0.714503	0.716111	0.717719	0.720495	0.723271	0.724113	0.730303	0.721108	0.716127	0.723251	0.729871	0.723772	0.717672	0.71622	0.714769	0.71445	0.714131	0.713888	0.713646	0.714094	0.714542	0.714608	0.714675	0.714906	0.715137	0.715187	0.715237	0.715351	0.715464	0.71549	0.715516	0.715575	0.715633	0.715642	0.71565	0.715674	0.715698	0.7157	0.715702	0.715696	
0.715685	0.715671	0.715676	0.715681	0.715655	0.715628	0.715625	0.715621	0.715573	0.715525	0.715508	0.715491	0.715413	0.715334	0.715275	0.715215	0.715092	0.71497	0.71478	0.71459	0.714457	0.714323	0.713859	0.713395	0.713595	0.713794	0.715064	0.716334	0.718499	0.720664	0.720559	0.728385	0.721252	0.716364	0.724077	0.728083	0.722278	0.716473	0.715294	0.714116	0.713759	0.713401	0.713362	0.713322	0.713851	0.714379	0.714498	0.714617	0.71486	0.715104	0.715164	0.715223	0.715338	0.715452	0.715481	0.715511	0.715566	0.715622	0.715634	0.715646	0.715665	0.715683	0.715691	0.7157	0.715685	
0.715674	0.715651	0.715662	0.715673	0.715642	0.71561	0.715608	0.715607	0.715556	0.715505	0.715485	0.715466	0.715383	0.7153	0.715232	0.715165	0.715028	0.714892	0.714679	0.714466	0.714278	0.714089	0.713588	0.713087	0.713086	0.713086	0.714017	0.714948	0.716503	0.728263	0.724473	0.719202	0.715095	0.714049	0.722234	0.725143	0.720195	0.715273	0.714368	0.713464	0.713068	0.712672	0.712835	0.712998	0.713607	0.714217	0.714387	0.714558	0.714815	0.715071	0.71514	0.71521	0.715325	0.715439	0.715473	0.715506	0.715558	0.71561	0.715626	0.715642	0.715655	0.715668	0.715683	0.715697	0.715674	
0.715647	0.715613	0.715632	0.71565	0.715611	0.715572	0.715574	0.715575	0.715519	0.715464	0.715443	0.715422	0.715338	0.715253	0.715177	0.715101	0.714955	0.71481	0.714578	0.714346	0.71411	0.713873	0.713319	0.712765	0.712604	0.712442	0.712945	0.713448	0.713282	0.722975	0.716272	0.713656	0.707386	0.711854	0.717211	0.716325	0.714561	0.712999	0.712459	0.71192	0.711903	0.711885	0.712264	0.712642	0.713338	0.714034	0.714257	0.714479	0.714749	0.715019	0.715102	0.715185	0.715299	0.715412	0.715453	0.715493	0.715536	0.71558	0.715603	0.715627	0.71563	0.715634	0.715658	0.715682	0.715647	
0.715621	0.715576	0.715602	0.715627	0.715581	0.715535	0.715539	0.715543	0.715483	0.715423	0.7154	0.715378	0.715292	0.715207	0.715122	0.715038	0.714883	0.714728	0.714477	0.714226	0.713942	0.713657	0.71305	0.712443	0.712121	0.711799	0.711874	0.711948	0.710061	0.71735	0.713548	0.715833	0.708183	0.711018	0.710123	0.710286	0.710422	0.710725	0.71055	0.710375	0.710737	0.711099	0.711693	0.712286	0.713069	0.713852	0.714126	0.7144	0.714683	0.714966	0.715063	0.71516	0.715273	0.715386	0.715433	0.715479	0.715515	0.71555	0.715581	0.715612	0.715606	0.7156	0.715633	0.715666	0.715621	
0.715552	0.715504	0.715531	0.715557	0.71551	0.715462	0.715466	0.715469	0.715409	0.715349	0.715324	0.715298	0.71521	0.715122	0.715029	0.714937	0.714773	0.71461	0.714335	0.714059	0.713736	0.713413	0.712692	0.711971	0.711509	0.711046	0.71047	0.709894	0.708273	0.713493	0.716676	0.730811	0.723797	0.705735	0.703611	0.706874	0.707936	0.709404	0.709355	0.709307	0.709989	0.710671	0.711405	0.712138	0.71294	0.713742	0.714031	0.71432	0.714606	0.714892	0.714996	0.7151	0.715211	0.715322	0.715371	0.71542	0.715452	0.715485	0.715518	0.71555	0.715541	0.715531	0.715565	0.7156	0.715552	
0.715483	0.715432	0.71546	0.715487	0.715438	0.715389	0.715393	0.715396	0.715336	0.715275	0.715247	0.715219	0.715128	0.715038	0.714937	0.714836	0.714664	0.714492	0.714192	0.713892	0.713531	0.713169	0.712334	0.711499	0.710896	0.710294	0.709067	0.70784	0.706485	0.711957	0.720701	0.73634	0.756887	0.696258	0.700115	0.705742	0.706995	0.708083	0.708161	0.708238	0.709241	0.710243	0.711117	0.711991	0.712812	0.713633	0.713936	0.71424	0.714528	0.714817	0.714928	0.71504	0.715149	0.715259	0.71531	0.715361	0.715391	0.71542	0.715454	0.715488	0.715475	0.715462	0.715498	0.715533	0.715483	
0.715385	0.715334	0.71536	0.715387	0.715339	0.71529	0.715291	0.715293	0.715234	0.715176	0.715144	0.715111	0.715022	0.714933	0.714821	0.714709	0.71453	0.71435	0.714019	0.713687	0.713227	0.712766	0.711749	0.710732	0.709986	0.70924	0.707599	0.705958	0.705861	0.711317	0.719223	0.750032	0.756885	0.70639	0.702283	0.70671	0.707549	0.707556	0.707618	0.70768	0.708895	0.710109	0.711045	0.711981	0.712783	0.713585	0.713882	0.714179	0.714459	0.714739	0.714849	0.71496	0.715066	0.715173	0.715223	0.715274	0.715301	0.715327	0.715362	0.715397	0.715381	0.715365	0.715401	0.715437	0.715385	
0.715288	0.715235	0.715261	0.715287	0.715239	0.715191	0.71519	0.715189	0.715133	0.715077	0.71504	0.715003	0.714915	0.714827	0.714705	0.714583	0.714395	0.714207	0.713845	0.713482	0.712923	0.712363	0.711164	0.709964	0.709075	0.708186	0.706131	0.704076	0.705236	0.71006	0.713444	0.732421	0.736015	0.725135	0.705845	0.70823	0.708367	0.70703	0.707076	0.707122	0.708549	0.709975	0.710973	0.711971	0.712754	0.713538	0.713828	0.714118	0.714389	0.714661	0.714771	0.71488	0.714983	0.715086	0.715137	0.715187	0.715211	0.715235	0.71527	0.715305	0.715287	0.715269	0.715305	0.71534	0.715288	
0.71517	0.715122	0.715143	0.715163	0.71512	0.715078	0.715072	0.715066	0.715015	0.714964	0.714922	0.71488	0.714796	0.714711	0.71458	0.714448	0.714254	0.714061	0.713671	0.713282	0.712645	0.712008	0.710644	0.70928	0.708026	0.706772	0.704473	0.702174	0.703917	0.707771	0.706952	0.718103	0.733638	0.718992	0.707066	0.708081	0.708012	0.706565	0.706778	0.706991	0.708572	0.710153	0.711124	0.712096	0.712801	0.713506	0.713782	0.714057	0.714314	0.714571	0.714674	0.714777	0.714877	0.714978	0.715025	0.715072	0.715097	0.715122	0.715153	0.715185	0.71517	0.715155	0.715186	0.715218	0.71517	
0.715052	0.715009	0.715024	0.715039	0.715002	0.714965	0.714954	0.714943	0.714897	0.714852	0.714804	0.714756	0.714676	0.714595	0.714454	0.714313	0.714114	0.713914	0.713498	0.713081	0.712366	0.711652	0.710124	0.708597	0.706977	0.705358	0.702815	0.700272	0.702598	0.704241	0.703208	0.722314	0.720354	0.704029	0.704085	0.704929	0.706088	0.706101	0.70648	0.706859	0.708595	0.71033	0.711276	0.712221	0.712848	0.713475	0.713735	0.713996	0.714238	0.71448	0.714577	0.714675	0.714772	0.714869	0.714912	0.714956	0.714982	0.715009	0.715037	0.715065	0.715053	0.715041	0.715068	0.715095	0.715052	
0.714943	0.714908	0.714916	0.714924	0.714895	0.714866	0.714848	0.714831	0.714792	0.714753	0.714701	0.714649	0.714573	0.714497	0.714353	0.714208	0.714009	0.713811	0.713387	0.712964	0.712227	0.711491	0.709889	0.708287	0.706282	0.704277	0.701798	0.699319	0.700788	0.698911	0.700232	0.700902	0.703385	0.696727	0.697956	0.700537	0.703466	0.705543	0.706569	0.707595	0.709227	0.710858	0.71162	0.712381	0.712922	0.713462	0.713701	0.71394	0.714169	0.714397	0.714486	0.714575	0.714669	0.714764	0.714803	0.714842	0.714872	0.714902	0.714925	0.714948	0.714943	0.714937	0.714958	0.714978	0.714943	
0.714835	0.714807	0.714808	0.714809	0.714788	0.714767	0.714743	0.714719	0.714687	0.714655	0.714598	0.714541	0.71447	0.7144	0.714252	0.714104	0.713905	0.713707	0.713276	0.712846	0.712088	0.711329	0.709653	0.707977	0.705586	0.703195	0.70078	0.698366	0.698978	0.694815	0.697337	0.698925	0.696645	0.691178	0.693949	0.697549	0.701693	0.704985	0.706658	0.708331	0.709858	0.711386	0.711963	0.712541	0.712995	0.713449	0.713667	0.713884	0.714099	0.714314	0.714394	0.714474	0.714566	0.714659	0.714693	0.714728	0.714762	0.714795	0.714813	0.714831	0.714833	0.714834	0.714848	0.714862	0.714835	
0.714769	0.714749	0.714744	0.714739	0.714724	0.71471	0.714682	0.714654	0.714627	0.7146	0.71454	0.714481	0.714415	0.714349	0.714203	0.714057	0.713864	0.713671	0.713266	0.712862	0.712205	0.711548	0.710086	0.708624	0.706297	0.70397	0.700973	0.697975	0.698613	0.69364	0.698048	0.698864	0.695005	0.689934	0.692326	0.696067	0.701071	0.705219	0.707186	0.709154	0.710404	0.711654	0.712153	0.712653	0.713068	0.713483	0.713666	0.71385	0.714057	0.714263	0.714336	0.714409	0.714499	0.71459	0.714621	0.714653	0.71469	0.714728	0.714742	0.714755	0.714763	0.714771	0.71478	0.714788	0.714769	
0.714703	0.71469	0.714679	0.714669	0.714661	0.714654	0.714621	0.714588	0.714566	0.714544	0.714483	0.714421	0.71436	0.714299	0.714155	0.714011	0.713823	0.713635	0.713256	0.712878	0.712322	0.711766	0.710518	0.709271	0.707009	0.704746	0.701165	0.697584	0.698247	0.694011	0.700209	0.700205	0.693523	0.688848	0.691403	0.69639	0.701406	0.705452	0.707714	0.709977	0.710949	0.711922	0.712343	0.712764	0.71314	0.713516	0.713666	0.713816	0.714014	0.714212	0.714278	0.714344	0.714432	0.714521	0.714549	0.714577	0.714619	0.714661	0.71467	0.714679	0.714694	0.714708	0.714712	0.714715	0.714703	
0.714682	0.714674	0.71466	0.714647	0.714643	0.71464	0.714605	0.71457	0.714551	0.714532	0.714469	0.714407	0.714348	0.714289	0.714164	0.714039	0.713879	0.713718	0.713396	0.713075	0.712597	0.712119	0.711137	0.710155	0.70825	0.706344	0.702937	0.69953	0.700146	0.694461	0.69932	0.698262	0.693637	0.69286	0.694927	0.697478	0.702098	0.70705	0.708797	0.710544	0.711364	0.712184	0.712554	0.712924	0.713256	0.713587	0.71373	0.713873	0.714038	0.714202	0.714262	0.714322	0.714409	0.714497	0.714523	0.714549	0.714594	0.714638	0.714645	0.714652	0.714671	0.71469	0.71469	0.71469	0.714682	
0.714662	0.714658	0.714642	0.714625	0.714626	0.714626	0.714589	0.714551	0.714535	0.714519	0.714456	0.714393	0.714336	0.71428	0.714174	0.714068	0.713935	0.713802	0.713537	0.713271	0.712872	0.712472	0.711756	0.71104	0.709491	0.707942	0.704708	0.701475	0.702045	0.694352	0.695763	0.69436	0.693715	0.696871	0.69875	0.6999	0.703832	0.708648	0.70988	0.711111	0.711779	0.712447	0.712766	0.713084	0.713371	0.713658	0.713794	0.71393	0.714061	0.714193	0.714246	0.7143	0.714386	0.714472	0.714497	0.714521	0.714568	0.714615	0.714619	0.714624	0.714647	0.714671	0.714668	0.714665	0.714662	
0.714785	0.71479	0.714771	0.714752	0.714757	0.714763	0.714725	0.714688	0.714674	0.71466	0.7146	0.714541	0.714487	0.714433	0.71433	0.714228	0.714096	0.713965	0.713734	0.713504	0.713154	0.712805	0.712219	0.711633	0.710527	0.709421	0.707301	0.705181	0.704455	0.697109	0.694709	0.694271	0.697665	0.701976	0.703464	0.704607	0.707095	0.70993	0.71081	0.71169	0.712221	0.712751	0.713033	0.713314	0.713562	0.713811	0.713937	0.714063	0.714188	0.714313	0.714367	0.714422	0.714502	0.714582	0.714605	0.714629	0.714678	0.714727	0.714729	0.714732	0.714762	0.714792	0.714787	0.714781	0.714785	
0.714909	0.714921	0.7149	0.714879	0.714889	0.714899	0.714862	0.714824	0.714812	0.7148	0.714745	0.714689	0.714637	0.714585	0.714487	0.714389	0.714258	0.714127	0.713932	0.713736	0.713437	0.713138	0.712682	0.712226	0.711564	0.710901	0.709894	0.708888	0.706865	0.702744	0.699975	0.700056	0.703075	0.705543	0.707349	0.709155	0.710184	0.711212	0.711741	0.71227	0.712663	0.713056	0.713299	0.713543	0.713754	0.713965	0.714081	0.714197	0.714315	0.714434	0.714488	0.714543	0.714617	0.714691	0.714714	0.714736	0.714787	0.714838	0.714839	0.71484	0.714877	0.714914	0.714905	0.714896	0.714909	
0.715076	0.715089	0.71507	0.715052	0.715061	0.71507	0.715036	0.715002	0.714989	0.714976	0.714925	0.714875	0.714823	0.714772	0.714686	0.7146	0.714479	0.714359	0.714193	0.714027	0.713766	0.713506	0.713148	0.712789	0.712228	0.711667	0.710912	0.710156	0.708735	0.707251	0.706229	0.706103	0.706968	0.708078	0.709247	0.710416	0.711171	0.711927	0.712357	0.712788	0.713107	0.713427	0.713636	0.713844	0.714018	0.714193	0.714301	0.714409	0.714511	0.714613	0.714667	0.714721	0.714788	0.714854	0.714878	0.714902	0.714951	0.714999	0.715002	0.715005	0.715041	0.715077	0.71507	0.715063	0.715076	
0.715243	0.715258	0.715241	0.715224	0.715233	0.715241	0.71521	0.71518	0.715165	0.715151	0.715105	0.71506	0.715009	0.714958	0.714884	0.71481	0.7147	0.71459	0.714453	0.714317	0.714096	0.713875	0.713613	0.713352	0.712892	0.712433	0.711929	0.711424	0.710605	0.709786	0.709588	0.709391	0.710001	0.710612	0.711144	0.711676	0.712159	0.712642	0.712974	0.713306	0.713552	0.713798	0.713972	0.714145	0.714283	0.71442	0.714521	0.714621	0.714707	0.714793	0.714846	0.714898	0.714958	0.715017	0.715043	0.715069	0.715114	0.71516	0.715165	0.71517	0.715204	0.715239	0.715234	0.715229	0.715243	
0.715463	0.715478	0.715464	0.71545	0.715456	0.715462	0.715436	0.715409	0.715393	0.715378	0.715338	0.715298	0.715248	0.715199	0.715135	0.715071	0.714969	0.714868	0.714753	0.714638	0.714446	0.714254	0.714047	0.713839	0.713484	0.713128	0.712768	0.712408	0.711819	0.71123	0.711083	0.710937	0.711344	0.711752	0.712145	0.712538	0.712892	0.713245	0.713509	0.713773	0.713969	0.714166	0.71432	0.714473	0.714588	0.714702	0.714796	0.71489	0.714963	0.715037	0.715089	0.715141	0.715192	0.715243	0.71527	0.715296	0.715337	0.715377	0.715385	0.715392	0.715424	0.715455	0.715452	0.715449	0.715463	
0.715683	0.715698	0.715687	0.715675	0.715679	0.715683	0.715661	0.715639	0.715621	0.715604	0.71557	0.715536	0.715488	0.71544	0.715385	0.715331	0.715238	0.715146	0.715052	0.714959	0.714796	0.714634	0.71448	0.714327	0.714075	0.713823	0.713607	0.713392	0.713033	0.712674	0.712578	0.712483	0.712687	0.712891	0.713146	0.7134	0.713624	0.713848	0.714044	0.71424	0.714386	0.714533	0.714667	0.714801	0.714893	0.714984	0.715072	0.715159	0.71522	0.715281	0.715332	0.715383	0.715426	0.715469	0.715496	0.715524	0.715559	0.715595	0.715605	0.715615	0.715643	0.715671	0.71567	0.715669	0.715683	
0.715903	0.715916	0.715907	0.715898	0.715899	0.7159	0.715882	0.715863	0.715846	0.715829	0.715799	0.71577	0.715725	0.715681	0.715634	0.715588	0.715505	0.715423	0.715345	0.715266	0.715128	0.71499	0.714866	0.714742	0.714538	0.714334	0.714173	0.714011	0.713753	0.713494	0.713432	0.71337	0.713505	0.71364	0.713834	0.714029	0.714189	0.71435	0.714512	0.714674	0.71479	0.714906	0.71502	0.715134	0.71521	0.715286	0.715363	0.71544	0.715491	0.715542	0.715589	0.715636	0.715673	0.715709	0.715735	0.715762	0.715791	0.715821	0.715832	0.715843	0.715866	0.715889	0.715889	0.715889	0.715903	
0.716122	0.716135	0.716128	0.71612	0.716119	0.716118	0.716103	0.716088	0.716071	0.716053	0.716028	0.716003	0.715963	0.715922	0.715883	0.715844	0.715772	0.715701	0.715637	0.715574	0.71546	0.715345	0.715252	0.715158	0.715002	0.714845	0.714738	0.71463	0.714472	0.714314	0.714285	0.714257	0.714323	0.714388	0.714523	0.714657	0.714755	0.714852	0.71498	0.715108	0.715193	0.715278	0.715373	0.715468	0.715528	0.715588	0.715654	0.71572	0.715762	0.715804	0.715847	0.71589	0.71592	0.71595	0.715975	0.715999	0.716023	0.716048	0.716059	0.716071	0.716089	0.716108	0.716109	0.71611	0.716122	
0.716291	0.716302	0.716295	0.716288	0.716285	0.716283	0.71627	0.716257	0.716242	0.716227	0.716204	0.716182	0.716149	0.716116	0.716081	0.716045	0.715987	0.715929	0.715873	0.715818	0.715727	0.715636	0.715559	0.715482	0.715361	0.715239	0.715153	0.715067	0.714947	0.714826	0.714803	0.714779	0.714828	0.714877	0.714973	0.71507	0.715155	0.71524	0.71534	0.71544	0.715515	0.71559	0.715665	0.715739	0.715792	0.715845	0.715899	0.715953	0.715991	0.716028	0.716063	0.716098	0.716125	0.716152	0.716172	0.716192	0.716212	0.716232	0.716242	0.716251	0.716265	0.716279	0.716279	0.71628	0.716291	
0.716459	0.716469	0.716462	0.716455	0.716452	0.716448	0.716438	0.716427	0.716413	0.7164	0.716381	0.716361	0.716336	0.71631	0.716278	0.716247	0.716202	0.716157	0.71611	0.716062	0.715994	0.715926	0.715866	0.715807	0.71572	0.715633	0.715569	0.715505	0.715421	0.715338	0.71532	0.715302	0.715334	0.715366	0.715424	0.715482	0.715555	0.715629	0.7157	0.715772	0.715837	0.715902	0.715956	0.716011	0.716057	0.716103	0.716144	0.716186	0.716219	0.716253	0.71628	0.716307	0.71633	0.716354	0.716369	0.716384	0.7164	0.716416	0.716424	0.716432	0.716441	0.71645	0.71645	0.716449	0.716459	
0.716549	0.716558	0.716551	0.716543	0.71654	0.716537	0.716526	0.716516	0.716506	0.716496	0.716477	0.716459	0.71644	0.716422	0.716392	0.716363	0.716329	0.716296	0.716252	0.716208	0.716161	0.716115	0.716063	0.71601	0.71595	0.71589	0.715833	0.715777	0.715722	0.715667	0.715648	0.715628	0.715659	0.715689	0.715728	0.715766	0.71583	0.715893	0.715943	0.715993	0.716053	0.716112	0.716149	0.716186	0.716228	0.71627	0.716298	0.716327	0.716359	0.716391	0.71641	0.716429	0.716451	0.716473	0.716483	0.716493	0.716507	0.716521	0.716526	0.716531	0.716538	0.716545	0.716542	0.71654	0.716549	
0.716639	0.716647	0.716639	0.716631	0.716628	0.716625	0.716615	0.716605	0.716598	0.716591	0.716574	0.716556	0.716545	0.716534	0.716506	0.716478	0.716456	0.716434	0.716394	0.716354	0.716329	0.716304	0.716259	0.716214	0.71618	0.716146	0.716097	0.716049	0.716023	0.715997	0.715976	0.715955	0.715984	0.716013	0.716032	0.716051	0.716105	0.716158	0.716186	0.716214	0.716268	0.716322	0.716341	0.716361	0.716399	0.716437	0.716452	0.716467	0.716498	0.716528	0.71654	0.716551	0.716571	0.716592	0.716597	0.716603	0.716614	0.716626	0.716628	0.71663	0.716635	0.716639	0.716635	0.716631	0.716639	
0.716659	0.716666	0.716658	0.716649	0.716646	0.716643	0.716633	0.716624	0.71662	0.716617	0.7166	0.716582	0.716576	0.71657	0.716543	0.716516	0.716502	0.716487	0.71645	0.716413	0.716402	0.716392	0.71635	0.716309	0.71629	0.716271	0.716227	0.716182	0.71617	0.716158	0.716133	0.716109	0.71614	0.716171	0.716177	0.716184	0.716236	0.716287	0.716302	0.716316	0.716368	0.71642	0.716428	0.716435	0.716471	0.716508	0.716514	0.716519	0.716549	0.71658	0.716586	0.716592	0.716612	0.716631	0.716633	0.716635	0.716646	0.716656	0.716656	0.716656	0.716659	0.716663	0.716657	0.716652	0.716659	
0.716679	0.716686	0.716677	0.716667	0.716664	0.716661	0.716652	0.716642	0.716642	0.716642	0.716625	0.716608	0.716607	0.716607	0.716581	0.716555	0.716547	0.716539	0.716505	0.716472	0.716475	0.716479	0.716441	0.716404	0.7164	0.716397	0.716356	0.716315	0.716317	0.716318	0.716291	0.716264	0.716296	0.716329	0.716323	0.716317	0.716366	0.716416	0.716417	0.716418	0.716468	0.716517	0.716514	0.71651	0.716544	0.716579	0.716575	0.716571	0.716601	0.716631	0.716632	0.716633	0.716652	0.71667	0.716669	0.716667	0.716677	0.716686	0.716684	0.716682	0.716684	0.716686	0.71668	0.716673	0.716679	
0.716545	0.716551	0.716542	0.716533	0.716533	0.716533	0.716524	0.716515	0.716518	0.716521	0.716506	0.716492	0.716496	0.7165	0.71648	0.716459	0.716465	0.71647	0.716446	0.716421	0.71643	0.71644	0.716406	0.716372	0.716376	0.71638	0.716343	0.716306	0.716314	0.716322	0.716295	0.716268	0.7163	0.716332	0.716321	0.71631	0.716355	0.7164	0.716395	0.71639	0.716435	0.71648	0.716471	0.716462	0.716495	0.716527	0.716512	0.716497	0.716518	0.716539	0.716531	0.716524	0.716538	0.716553	0.716548	0.716543	0.716551	0.716558	0.716554	0.716549	0.716551	0.716553	0.716545	0.716538	0.716545	
0.71641	0.716416	0.716407	0.716399	0.716402	0.716404	0.716396	0.716387	0.716393	0.716399	0.716388	0.716376	0.716385	0.716394	0.716379	0.716363	0.716382	0.716402	0.716386	0.71637	0.716386	0.716401	0.716371	0.716341	0.716352	0.716363	0.71633	0.716297	0.716311	0.716326	0.716299	0.716273	0.716304	0.716335	0.716319	0.716303	0.716344	0.716384	0.716373	0.716362	0.716402	0.716443	0.716429	0.716415	0.716445	0.716474	0.716448	0.716422	0.716435	0.716448	0.716431	0.716414	0.716425	0.716437	0.716428	0.716419	0.716424	0.71643	0.716423	0.716416	0.716418	0.71642	0.716411	0.716403	0.71641	
0.716278	0.716283	0.716277	0.716271	0.716273	0.716275	0.71627	0.716264	0.716268	0.716273	0.716265	0.716257	0.716264	0.71627	0.71626	0.71625	0.716262	0.716274	0.716263	0.716252	0.716262	0.716273	0.716255	0.716236	0.716245	0.716254	0.716234	0.716214	0.716225	0.716236	0.716219	0.716202	0.716222	0.716241	0.71623	0.716218	0.716243	0.716268	0.716259	0.71625	0.716274	0.716299	0.716289	0.71628	0.716298	0.716317	0.716301	0.716285	0.716294	0.716303	0.716293	0.716282	0.71629	0.716297	0.716291	0.716284	0.716288	0.716292	0.716287	0.716282	0.716284	0.716285	0.71628	0.716274	0.716278	
0.716147	0.71615	0.716146	0.716143	0.716145	0.716146	0.716143	0.71614	0.716143	0.716146	0.716142	0.716138	0.716142	0.716146	0.716141	0.716136	0.716141	0.716146	0.71614	0.716134	0.716139	0.716145	0.716138	0.716131	0.716138	0.716145	0.716138	0.716131	0.716138	0.716146	0.716138	0.716131	0.716139	0.716148	0.71614	0.716133	0.716142	0.716151	0.716144	0.716137	0.716146	0.716156	0.71615	0.716144	0.716152	0.716159	0.716154	0.716148	0.716153	0.716159	0.716154	0.71615	0.716154	0.716158	0.716154	0.71615	0.716152	0.716155	0.716152	0.716149	0.71615	0.716151	0.716148	0.716144	0.716147	
0.716069	0.716069	0.716069	0.716069	0.716069	0.716069	0.716069	0.716069	0.716069	0.716069	0.716069	0.716069	0.716069	0.716069	0.716069	0.716069	0.716069	0.716069	0.716069	0.716069	0.716069	0.716069	0.716069	0.716069	0.716069	0.716069	0.716069	0.716069	0.716069	0.716069	0.716069	0.716069	0.716069	0.716069	0.716069	0.716069	0.716069	0.716069	0.716069	0.716069	0.716069	0.716069	0.716069	0.716069	0.716069	0.716069	0.716069	0.716069	0.716069	0.716069	0.716069	0.716069	0.716069	0.716069	0.716069	0.716069	0.716069	0.716069	0.716069	0.716069	0.716069	0.716069	0.716069	0.716069	0.716069	
