x=105	y=200	z=200	n=65	len=1
b
0	0	0	0	0	0	0	0	0	0	0	0	0	0	0	0	0	0	0	0	0	0	0	0	0	0	0	0	0	0	0	0	0	0	0	0	0	0	0	0	0	0	0	0	0	0	0	0	0	0	0	0	0	0	0	0	0	0	0	0	0	0	0	0	0	
0.0215055	0.0213928	0.0217521	0.0220712	0.0230035	0.0243507	0.0240228	0.0230167	0.0226807	0.0226878	0.0228769	0.0231808	0.0228328	0.0225087	0.0232126	0.023582	0.023276	0.0235477	0.0241762	0.0247256	0.0246383	0.0244015	0.0230669	0.0216295	0.0226463	0.0248247	0.024925	0.0240824	0.0256608	0.0264693	0.026283	0.0275369	0.026955	0.0266665	0.0267362	0.0274957	0.0273983	0.0270516	0.024932	0.0225835	0.0228179	0.0236039	0.0244081	0.0246295	0.024618	0.0256801	0.0264199	0.0266334	0.0243655	0.0220975	0.0222864	0.0224753	0.0234793	0.0244833	0.0235763	0.0225345	0.0227694	0.0233152	0.0213344	0.01939	0.0202923	0.0214907	0.0211598	0.021065	0.0215055	
0.0457028	0.0455599	0.046074	0.0468703	0.0481215	0.0496261	0.0499046	0.0494347	0.0486342	0.0480123	0.0480899	0.0484709	0.0486721	0.0488279	0.0492725	0.0496396	0.0494868	0.0496419	0.0501556	0.0505518	0.0505361	0.0500738	0.04891	0.0478911	0.048253	0.0496218	0.0502657	0.0503169	0.0515955	0.0522692	0.0520262	0.0518811	0.0524297	0.0532989	0.0534803	0.0538138	0.0535277	0.0523901	0.0507472	0.0485631	0.0488552	0.0497506	0.0510101	0.0519177	0.0518053	0.0521037	0.052713	0.0529989	0.0509928	0.0489866	0.0496182	0.0502499	0.05093	0.0516101	0.0505596	0.0484995	0.0480958	0.047936	0.0460637	0.0443439	0.0446908	0.0456754	0.0457009	0.0454986	0.0457028	
0.0717549	0.0713226	0.071824	0.0723255	0.0736174	0.0749094	0.0753167	0.0757241	0.0745776	0.0734312	0.0736128	0.0737945	0.0751207	0.076447	0.0760063	0.0755655	0.0757369	0.0759084	0.076215	0.0765216	0.0768226	0.0771235	0.0760576	0.0749917	0.0751316	0.0752715	0.0761233	0.0769751	0.0777681	0.0785611	0.0773933	0.0762254	0.0779044	0.0795835	0.0803647	0.0811458	0.0794372	0.0777286	0.0765624	0.0753963	0.0761062	0.0768162	0.0777908	0.0787654	0.0791504	0.0795355	0.0794499	0.0793643	0.07762	0.0758757	0.07695	0.0780244	0.0783807	0.0787369	0.0775429	0.0763488	0.0750058	0.0736628	0.0719881	0.0703134	0.0710515	0.0717898	0.0719886	0.0721873	0.071755	
0.0962299	0.0956073	0.0958838	0.0961603	0.0975471	0.0989339	0.0989507	0.0989676	0.0985587	0.0981498	0.0980579	0.0979659	0.098354	0.098742	0.0986145	0.0984869	0.0986863	0.0988857	0.0993674	0.0998491	0.0998638	0.0998785	0.0988048	0.0977311	0.098064	0.098397	0.0988182	0.0992394	0.0996226	0.100006	0.0990563	0.0981067	0.0997055	0.101304	0.102164	0.103023	0.101716	0.100409	0.0997456	0.0990824	0.0996418	0.100201	0.100626	0.10105	0.101462	0.101873	0.101886	0.101898	0.100187	0.0984766	0.0994133	0.10035	0.100679	0.101008	0.100124	0.0992402	0.0982064	0.0971727	0.0957153	0.0942579	0.0949003	0.0955428	0.0961976	0.0968525	0.09623	
0.120705	0.119892	0.119944	0.119995	0.121477	0.122958	0.122585	0.122211	0.12254	0.122868	0.122503	0.122137	0.121587	0.121037	0.121223	0.121408	0.121636	0.121863	0.12252	0.123177	0.122905	0.122633	0.121552	0.12047	0.120996	0.121522	0.121513	0.121504	0.121477	0.12145	0.120719	0.119988	0.121507	0.123025	0.123963	0.1249	0.123995	0.123089	0.122929	0.122768	0.123177	0.123586	0.12346	0.123334	0.123773	0.124211	0.124321	0.124431	0.122754	0.121077	0.121877	0.122676	0.122977	0.123279	0.122705	0.122132	0.121407	0.120683	0.119442	0.118202	0.118749	0.119296	0.120407	0.121518	0.120705	
0.142946	0.142401	0.142518	0.142636	0.144021	0.145406	0.144744	0.144081	0.144674	0.145266	0.144929	0.144593	0.143906	0.143218	0.143405	0.143592	0.143682	0.143772	0.144183	0.144594	0.144444	0.144295	0.143337	0.142379	0.142814	0.143249	0.142788	0.142326	0.142704	0.143083	0.142856	0.142628	0.143572	0.144516	0.145006	0.145497	0.145136	0.144775	0.144794	0.144813	0.145056	0.1453	0.145003	0.144705	0.144868	0.145031	0.145405	0.145778	0.144505	0.143231	0.143887	0.144542	0.14452	0.144498	0.144233	0.143967	0.143619	0.14327	0.142447	0.141625	0.14192	0.142216	0.142854	0.143492	0.142946	
0.165188	0.164909	0.165092	0.165276	0.166565	0.167854	0.166902	0.165951	0.166807	0.167664	0.167356	0.167048	0.166224	0.1654	0.165588	0.165776	0.165729	0.165682	0.165846	0.166011	0.165984	0.165956	0.165122	0.164288	0.164632	0.164977	0.164062	0.163147	0.163932	0.164716	0.164992	0.165268	0.165637	0.166006	0.16605	0.166093	0.166277	0.16646	0.166658	0.166857	0.166935	0.167013	0.166545	0.166076	0.165964	0.165851	0.166488	0.167125	0.166255	0.165385	0.165897	0.166409	0.166063	0.165716	0.16576	0.165803	0.16583	0.165857	0.165452	0.165048	0.165092	0.165135	0.165301	0.165466	0.165188	
0.188034	0.188037	0.188138	0.188239	0.189314	0.190389	0.189641	0.188893	0.189418	0.189943	0.189825	0.189706	0.189398	0.189091	0.188907	0.188722	0.188557	0.188391	0.188303	0.188216	0.188388	0.188561	0.188035	0.18751	0.187503	0.187496	0.18669	0.185884	0.186814	0.187745	0.188415	0.189085	0.189127	0.18917	0.188857	0.188544	0.188852	0.189161	0.189503	0.189844	0.189628	0.189413	0.188924	0.188435	0.188193	0.187952	0.188722	0.189492	0.189271	0.189051	0.189216	0.189381	0.188699	0.188017	0.188376	0.188735	0.188698	0.18866	0.188763	0.188866	0.188862	0.188857	0.188443	0.18803	0.188034	
0.21088	0.211166	0.211184	0.211202	0.212062	0.212923	0.212379	0.211836	0.212029	0.212223	0.212293	0.212364	0.212573	0.212782	0.212225	0.211669	0.211385	0.211101	0.210761	0.210421	0.210793	0.211165	0.210948	0.210732	0.210374	0.210015	0.209318	0.20862	0.209697	0.210773	0.211837	0.212901	0.212618	0.212334	0.211664	0.210994	0.211428	0.211862	0.212347	0.212831	0.212322	0.211812	0.211303	0.210793	0.210423	0.210052	0.210955	0.211858	0.212287	0.212716	0.212535	0.212353	0.211336	0.210319	0.210993	0.211667	0.211566	0.211464	0.212074	0.212684	0.212631	0.212578	0.211586	0.210594	0.21088	
0.234382	0.234673	0.23468	0.234686	0.235277	0.235868	0.235464	0.23506	0.235252	0.235445	0.235441	0.235437	0.23569	0.235943	0.235325	0.234707	0.23455	0.234392	0.233937	0.233481	0.23384	0.2342	0.234012	0.233825	0.233513	0.233201	0.232744	0.232288	0.23312	0.233952	0.234998	0.236043	0.235713	0.235382	0.234859	0.234336	0.234672	0.235008	0.235266	0.235523	0.23509	0.234656	0.23422	0.233783	0.233536	0.233288	0.233956	0.234624	0.235157	0.23569	0.235547	0.235403	0.234618	0.233834	0.234452	0.23507	0.234955	0.234839	0.235453	0.236066	0.235932	0.235797	0.234944	0.234091	0.234382	
0.257885	0.258181	0.258176	0.25817	0.258491	0.258812	0.258548	0.258284	0.258475	0.258666	0.258589	0.258511	0.258808	0.259105	0.258425	0.257746	0.257715	0.257684	0.257113	0.256542	0.256888	0.257234	0.257077	0.256919	0.256652	0.256386	0.256171	0.255956	0.256544	0.257131	0.258158	0.259185	0.258807	0.258429	0.258053	0.257677	0.257916	0.258154	0.258185	0.258215	0.257858	0.2575	0.257136	0.256773	0.256649	0.256524	0.256957	0.25739	0.258027	0.258663	0.258558	0.258453	0.257901	0.257349	0.257911	0.258473	0.258343	0.258214	0.258831	0.259448	0.259232	0.259016	0.258302	0.257589	0.257885	
0.281613	0.281842	0.28183	0.281817	0.281935	0.282053	0.281876	0.2817	0.281915	0.282131	0.281977	0.281822	0.282061	0.282299	0.28167	0.281041	0.281101	0.281162	0.280571	0.279981	0.280171	0.280361	0.280162	0.279963	0.279732	0.279501	0.279493	0.279486	0.279819	0.280152	0.281021	0.281891	0.281633	0.281375	0.281195	0.281015	0.281074	0.281133	0.281004	0.280874	0.280651	0.280428	0.28021	0.279991	0.280019	0.280046	0.280311	0.280577	0.281131	0.281686	0.28172	0.281753	0.281427	0.281102	0.281576	0.28205	0.281873	0.281697	0.282244	0.282791	0.282566	0.282342	0.281863	0.281384	0.281613	
0.305342	0.305504	0.305484	0.305464	0.305378	0.305293	0.305204	0.305115	0.305356	0.305596	0.305365	0.305134	0.305314	0.305494	0.304914	0.304335	0.304488	0.30464	0.30403	0.30342	0.303454	0.303488	0.303247	0.303007	0.302811	0.302615	0.302815	0.303015	0.303094	0.303172	0.303884	0.304596	0.304459	0.304321	0.304337	0.304353	0.304233	0.304113	0.303823	0.303532	0.303445	0.303357	0.303283	0.303209	0.303388	0.303567	0.303665	0.303763	0.304236	0.304709	0.304881	0.305052	0.304954	0.304856	0.305241	0.305627	0.305404	0.30518	0.305657	0.306134	0.305901	0.305668	0.305424	0.30518	0.305342	
0.329037	0.329115	0.329125	0.329135	0.328981	0.328828	0.328769	0.328711	0.328934	0.329156	0.328879	0.328601	0.328725	0.328848	0.328339	0.327831	0.327951	0.328072	0.327485	0.326899	0.326786	0.326673	0.32636	0.326048	0.325749	0.325449	0.325629	0.325808	0.325722	0.325636	0.326253	0.32687	0.326859	0.326848	0.326928	0.327007	0.326853	0.326699	0.326423	0.326146	0.326216	0.326285	0.326333	0.326381	0.326692	0.327004	0.327078	0.327153	0.327591	0.32803	0.328236	0.328443	0.328495	0.328547	0.328866	0.329184	0.328991	0.328798	0.329194	0.329591	0.329363	0.329135	0.329047	0.328959	0.329037	
0.352733	0.352726	0.352766	0.352806	0.352584	0.352363	0.352335	0.352307	0.352511	0.352716	0.352393	0.352069	0.352136	0.352203	0.351764	0.351326	0.351415	0.351504	0.350941	0.350378	0.350117	0.349857	0.349473	0.349089	0.348686	0.348283	0.348442	0.3486	0.34835	0.3481	0.348622	0.349144	0.34926	0.349376	0.349519	0.349661	0.349473	0.349285	0.349023	0.348761	0.348987	0.349214	0.349383	0.349552	0.349996	0.350441	0.350492	0.350542	0.350946	0.35135	0.351592	0.351834	0.352036	0.352238	0.35249	0.352741	0.352578	0.352415	0.352731	0.353047	0.352825	0.352603	0.352671	0.352739	0.352733	
0.37643	0.376373	0.376431	0.37649	0.376277	0.376064	0.376041	0.376018	0.376177	0.376337	0.376035	0.375733	0.375786	0.375838	0.375447	0.375056	0.375077	0.375099	0.374559	0.374019	0.373621	0.373223	0.372721	0.372219	0.371598	0.370977	0.370934	0.370892	0.370457	0.370023	0.370454	0.370885	0.371157	0.37143	0.37163	0.371831	0.371644	0.371456	0.371402	0.371347	0.371771	0.372196	0.372527	0.372858	0.373406	0.373954	0.374086	0.374219	0.374617	0.375015	0.375264	0.375514	0.37574	0.375965	0.376179	0.376393	0.376265	0.376137	0.376395	0.376653	0.376457	0.376261	0.376374	0.376487	0.37643	
0.400127	0.400019	0.400096	0.400173	0.399969	0.399765	0.399747	0.39973	0.399844	0.399958	0.399678	0.399398	0.399435	0.399472	0.399129	0.398786	0.39874	0.398694	0.398177	0.39766	0.397125	0.396589	0.395969	0.395348	0.394509	0.393671	0.393427	0.393183	0.392565	0.391947	0.392286	0.392625	0.393054	0.393484	0.393742	0.394001	0.393814	0.393627	0.393781	0.393934	0.394556	0.395177	0.395671	0.396165	0.396816	0.397467	0.397681	0.397896	0.398288	0.398679	0.398936	0.399193	0.399443	0.399692	0.399869	0.400045	0.399952	0.399859	0.400059	0.400259	0.40009	0.39992	0.400077	0.400235	0.400127	
0.423805	0.423674	0.42376	0.423845	0.423669	0.423493	0.423486	0.42348	0.42356	0.42364	0.42341	0.423181	0.423215	0.423249	0.422965	0.422681	0.422597	0.422514	0.422034	0.421554	0.420952	0.420349	0.419587	0.418825	0.41767	0.416515	0.415844	0.415173	0.414159	0.413145	0.41332	0.413495	0.414138	0.41478	0.41522	0.41566	0.415624	0.415589	0.416102	0.416616	0.417545	0.418474	0.419167	0.419859	0.42058	0.421301	0.421571	0.421841	0.422209	0.422576	0.422807	0.423038	0.423249	0.423461	0.423605	0.423749	0.423678	0.423607	0.423762	0.423917	0.423763	0.423609	0.423772	0.423935	0.423805	
0.447482	0.447329	0.447423	0.447517	0.447369	0.447221	0.447225	0.44723	0.447276	0.447322	0.447143	0.446964	0.446995	0.447025	0.446801	0.446576	0.446455	0.446334	0.445891	0.445449	0.444779	0.444109	0.443205	0.442302	0.440831	0.43936	0.438262	0.437164	0.435754	0.434343	0.434355	0.434366	0.435221	0.436077	0.436698	0.437319	0.437435	0.43755	0.438424	0.439297	0.440534	0.44177	0.442662	0.443554	0.444344	0.445135	0.44546	0.445785	0.44613	0.446474	0.446678	0.446883	0.447056	0.447229	0.447341	0.447454	0.447405	0.447356	0.447466	0.447575	0.447436	0.447297	0.447466	0.447635	0.447482	
0.471154	0.471005	0.471096	0.471187	0.471067	0.470947	0.470965	0.470983	0.471022	0.47106	0.470946	0.470832	0.470878	0.470924	0.470787	0.470651	0.470546	0.470441	0.470097	0.469753	0.469102	0.468451	0.467494	0.466536	0.464833	0.46313	0.461175	0.459221	0.457144	0.455067	0.45463	0.454194	0.455196	0.456198	0.457268	0.458338	0.458935	0.459532	0.460969	0.462407	0.46414	0.465874	0.466928	0.467982	0.468733	0.469485	0.469796	0.470106	0.470357	0.470608	0.470748	0.470888	0.470995	0.471102	0.471173	0.471245	0.471186	0.471127	0.471201	0.471275	0.471146	0.471016	0.471159	0.471302	0.471154	
0.494825	0.49468	0.494768	0.494856	0.494765	0.494673	0.494705	0.494737	0.494767	0.494798	0.494749	0.494701	0.494762	0.494823	0.494774	0.494726	0.494638	0.494549	0.494303	0.494057	0.493425	0.492793	0.491782	0.490771	0.488835	0.486899	0.484089	0.481278	0.478534	0.47579	0.474906	0.474022	0.47517	0.476318	0.477838	0.479357	0.480435	0.481513	0.483514	0.485516	0.487747	0.489978	0.491194	0.49241	0.493122	0.493835	0.494131	0.494427	0.494585	0.494743	0.494818	0.494894	0.494934	0.494975	0.495005	0.495036	0.494967	0.494899	0.494937	0.494975	0.494855	0.494735	0.494852	0.494969	0.494825	
0.51842	0.518288	0.518371	0.518454	0.518384	0.518313	0.518361	0.518408	0.518444	0.51848	0.518491	0.518501	0.518585	0.518669	0.518717	0.518766	0.518765	0.518763	0.518699	0.518635	0.518159	0.517682	0.51694	0.516198	0.514123	0.512047	0.508166	0.504284	0.499876	0.495468	0.49383	0.492192	0.493364	0.494536	0.497588	0.50064	0.503324	0.506007	0.508639	0.511271	0.513427	0.515584	0.516654	0.517724	0.518155	0.518586	0.518712	0.518838	0.518855	0.518872	0.518861	0.51885	0.518817	0.518783	0.518766	0.518749	0.518663	0.518577	0.518588	0.518599	0.518482	0.518366	0.518458	0.518551	0.51842	
0.542014	0.541895	0.541974	0.542052	0.542002	0.541952	0.542016	0.54208	0.542121	0.542162	0.542232	0.542302	0.542409	0.542515	0.542661	0.542806	0.542892	0.542977	0.543095	0.543213	0.542892	0.542571	0.542098	0.541624	0.53941	0.537196	0.532243	0.52729	0.521219	0.515147	0.512754	0.510361	0.511557	0.512753	0.517338	0.521923	0.526212	0.530502	0.533764	0.537026	0.539108	0.541189	0.542113	0.543037	0.543187	0.543337	0.543293	0.543249	0.543125	0.543001	0.542904	0.542806	0.542699	0.542591	0.542527	0.542463	0.542359	0.542254	0.542238	0.542222	0.542109	0.541996	0.542065	0.542133	0.542014	
0.565555	0.565447	0.565521	0.565595	0.565554	0.565514	0.565588	0.565662	0.565704	0.565747	0.565856	0.565964	0.566085	0.566205	0.566432	0.56666	0.566815	0.566971	0.56734	0.567708	0.567687	0.567666	0.567938	0.568211	0.566325	0.564439	0.558845	0.553252	0.546741	0.540231	0.537386	0.53454	0.534333	0.534126	0.538876	0.543626	0.549823	0.556021	0.560176	0.564332	0.56632	0.568307	0.568594	0.568882	0.568458	0.568034	0.567744	0.567455	0.567191	0.566926	0.566746	0.566565	0.566408	0.56625	0.566155	0.56606	0.565944	0.565828	0.5658	0.565771	0.565662	0.565553	0.565608	0.565663	0.565555	
0.589096	0.588999	0.589068	0.589137	0.589106	0.589075	0.589159	0.589244	0.589288	0.589332	0.589479	0.589626	0.589761	0.589896	0.590204	0.590513	0.590739	0.590965	0.591584	0.592204	0.592483	0.592761	0.593779	0.594797	0.593239	0.591682	0.585447	0.579213	0.572264	0.565316	0.562018	0.55872	0.557109	0.555499	0.560414	0.565329	0.573434	0.581539	0.586589	0.591638	0.593532	0.595425	0.595076	0.594726	0.593729	0.592731	0.592196	0.59166	0.591256	0.590852	0.590588	0.590324	0.590117	0.589909	0.589783	0.589657	0.58953	0.589402	0.589361	0.58932	0.589215	0.58911	0.589152	0.589193	0.589096	
0.612543	0.612455	0.61252	0.612584	0.612553	0.612521	0.612601	0.612682	0.612714	0.612746	0.612888	0.613031	0.613147	0.613264	0.613567	0.613871	0.614107	0.614343	0.615	0.615657	0.616169	0.616681	0.618082	0.619483	0.61937	0.619257	0.61167	0.604083	0.595334	0.586585	0.581878	0.577172	0.577094	0.577017	0.583112	0.589207	0.598444	0.607681	0.612963	0.618245	0.619303	0.620361	0.619375	0.618389	0.617246	0.616103	0.615496	0.614888	0.614515	0.614141	0.613882	0.613623	0.613442	0.613261	0.613144	0.613027	0.612918	0.612809	0.612774	0.612739	0.612647	0.612556	0.612593	0.61263	0.612543	
0.63599	0.635912	0.635972	0.636032	0.635999	0.635967	0.636043	0.63612	0.63614	0.63616	0.636298	0.636436	0.636534	0.636632	0.63693	0.637228	0.637475	0.637721	0.638416	0.639111	0.639856	0.6406	0.642385	0.644169	0.6455	0.646832	0.637893	0.628954	0.618404	0.607855	0.601739	0.595623	0.597079	0.598535	0.60581	0.613085	0.623455	0.633824	0.639338	0.644851	0.645075	0.645298	0.643675	0.642052	0.640763	0.639475	0.638795	0.638117	0.637774	0.637431	0.637177	0.636923	0.636768	0.636613	0.636506	0.636398	0.636306	0.636215	0.636186	0.636157	0.636079	0.636001	0.636035	0.636068	0.63599	
0.659406	0.659338	0.659389	0.65944	0.659402	0.659364	0.659421	0.659478	0.659473	0.659468	0.65956	0.659652	0.659698	0.659744	0.659925	0.660106	0.660245	0.660383	0.660787	0.66119	0.66169	0.66219	0.66325	0.664311	0.664972	0.665633	0.658629	0.651625	0.640449	0.629272	0.625149	0.621025	0.627555	0.634085	0.638535	0.642984	0.650016	0.657049	0.659691	0.662333	0.662597	0.66286	0.662346	0.661832	0.661459	0.661086	0.660754	0.660422	0.660301	0.66018	0.660041	0.659902	0.659834	0.659767	0.659708	0.659649	0.659594	0.65954	0.659531	0.659521	0.659464	0.659407	0.659441	0.659475	0.659406	
0.682823	0.682764	0.682806	0.682848	0.682805	0.682761	0.682799	0.682837	0.682806	0.682775	0.682821	0.682867	0.682862	0.682857	0.68292	0.682984	0.683015	0.683046	0.683157	0.683269	0.683524	0.683779	0.684116	0.684453	0.684444	0.684435	0.679365	0.674296	0.662493	0.646613	0.638053	0.642487	0.658275	0.667386	0.669644	0.67063	0.673043	0.680273	0.680044	0.679815	0.680119	0.680422	0.681017	0.681612	0.682155	0.682698	0.682713	0.682728	0.682828	0.682929	0.682905	0.682881	0.6829	0.68292	0.68291	0.682899	0.682882	0.682865	0.682875	0.682885	0.682849	0.682813	0.682847	0.682882	0.682823	
0.70622	0.70617	0.706201	0.706231	0.706185	0.706139	0.706153	0.706166	0.706115	0.706063	0.706059	0.706055	0.705991	0.705927	0.705881	0.705836	0.70573	0.705625	0.705467	0.705309	0.705162	0.705016	0.704629	0.704243	0.70395	0.703658	0.701984	0.70031	0.695703	0.691649	0.686949	0.688073	0.687163	0.701146	0.699605	0.69845	0.69883	0.701458	0.701322	0.701185	0.701668	0.70215	0.702804	0.703458	0.704181	0.704903	0.705109	0.705316	0.705548	0.70578	0.705846	0.705911	0.705997	0.706082	0.706114	0.706145	0.706164	0.706183	0.706209	0.706235	0.706218	0.706202	0.706236	0.70627	0.70622	
0.729617	0.729576	0.729595	0.729614	0.729566	0.729517	0.729506	0.729496	0.729423	0.72935	0.729296	0.729242	0.72912	0.728998	0.728842	0.728687	0.728446	0.728204	0.727777	0.72735	0.726801	0.726252	0.725143	0.724033	0.723457	0.722881	0.724602	0.726323	0.728913	0.731231	0.735156	0.744472	0.766898	0.717008	0.722411	0.725159	0.725023	0.722642	0.722599	0.722556	0.723217	0.723879	0.724591	0.725304	0.726206	0.727108	0.727506	0.727904	0.728268	0.728631	0.728787	0.728942	0.729093	0.729244	0.729317	0.729391	0.729446	0.729501	0.729542	0.729584	0.729588	0.729591	0.729625	0.729658	0.729617	
0.75315	0.753116	0.753129	0.753141	0.753095	0.753049	0.753025	0.753002	0.752927	0.752851	0.752776	0.752701	0.752575	0.752449	0.752266	0.752082	0.751857	0.751632	0.751207	0.750782	0.750369	0.749956	0.749068	0.748179	0.748352	0.748526	0.750349	0.752172	0.755359	0.756972	0.763184	0.76588	0.756098	0.752577	0.755116	0.755806	0.753697	0.750673	0.749762	0.748852	0.74883	0.748808	0.749172	0.749536	0.750154	0.750773	0.751107	0.751441	0.751759	0.752077	0.752238	0.752399	0.752552	0.752704	0.752788	0.752871	0.752935	0.753	0.753047	0.753093	0.753106	0.753119	0.753152	0.753184	0.75315	
0.776683	0.776656	0.776662	0.776668	0.776624	0.77658	0.776544	0.776508	0.77643	0.776352	0.776257	0.776161	0.776031	0.7759	0.775689	0.775478	0.775269	0.77506	0.774637	0.774215	0.773938	0.773661	0.772993	0.772325	0.773248	0.774171	0.776095	0.77802	0.781806	0.78607	0.791603	0.795116	0.791164	0.78755	0.785886	0.784632	0.781695	0.778703	0.776926	0.775148	0.774443	0.773738	0.773752	0.773767	0.774102	0.774437	0.774707	0.774978	0.77525	0.775522	0.77569	0.775857	0.776011	0.776164	0.776258	0.776352	0.776425	0.776498	0.776551	0.776603	0.776625	0.776646	0.776678	0.776711	0.776683	
0.800218	0.800193	0.800195	0.800198	0.800161	0.800124	0.800087	0.80005	0.799987	0.799923	0.799836	0.799749	0.799656	0.799563	0.799393	0.799224	0.799115	0.799006	0.798735	0.798464	0.798462	0.798459	0.798267	0.798075	0.799287	0.800499	0.802707	0.804916	0.809507	0.813984	0.818648	0.82149	0.820498	0.816629	0.813291	0.810743	0.80781	0.80448	0.802807	0.801134	0.800159	0.799185	0.798931	0.798678	0.798725	0.798773	0.798904	0.799036	0.799189	0.799343	0.799458	0.799573	0.799684	0.799795	0.799869	0.799944	0.800003	0.800063	0.800106	0.80015	0.80017	0.800189	0.800216	0.800242	0.800218	
0.823752	0.823729	0.823728	0.823728	0.823698	0.823667	0.823629	0.823592	0.823543	0.823494	0.823416	0.823337	0.823281	0.823225	0.823098	0.82297	0.822961	0.822951	0.822832	0.822713	0.822986	0.823258	0.823541	0.823825	0.825326	0.826828	0.82932	0.831811	0.837209	0.842606	0.843865	0.845303	0.844201	0.841365	0.838492	0.836879	0.833568	0.830256	0.828688	0.827119	0.825875	0.824632	0.82411	0.823588	0.823349	0.823109	0.823101	0.823093	0.823128	0.823164	0.823226	0.823289	0.823357	0.823425	0.82348	0.823535	0.823581	0.823627	0.823662	0.823697	0.823714	0.823732	0.823753	0.823774	0.823752	
0.847396	0.847373	0.847372	0.847371	0.847351	0.847331	0.847302	0.847272	0.847247	0.847222	0.847168	0.847114	0.847107	0.8471	0.847036	0.846971	0.847054	0.847138	0.847158	0.847178	0.847592	0.848006	0.84852	0.849034	0.850513	0.851992	0.854162	0.856333	0.860237	0.864141	0.865783	0.867142	0.866	0.863641	0.861427	0.859416	0.857034	0.854653	0.853337	0.852022	0.850766	0.849509	0.84892	0.848331	0.847951	0.847572	0.847458	0.847345	0.847277	0.847209	0.847213	0.847218	0.84723	0.847243	0.847268	0.847293	0.847313	0.847334	0.847353	0.847373	0.847381	0.847389	0.847405	0.84742	0.847396	
0.871041	0.871017	0.871016	0.871015	0.871005	0.870995	0.870974	0.870952	0.870951	0.870949	0.870921	0.870892	0.870934	0.870976	0.870973	0.870971	0.871148	0.871326	0.871484	0.871642	0.872198	0.872755	0.873499	0.874244	0.8757	0.877156	0.879005	0.880855	0.883265	0.885676	0.887701	0.889725	0.887389	0.885053	0.883503	0.881953	0.880501	0.879049	0.877987	0.876924	0.875656	0.874387	0.87373	0.873073	0.872554	0.872034	0.871816	0.871597	0.871426	0.871255	0.871201	0.871146	0.871103	0.871061	0.871056	0.871051	0.871045	0.87104	0.871045	0.871049	0.871048	0.871047	0.871056	0.871065	0.871041	
0.894723	0.894699	0.8947	0.8947	0.894699	0.894699	0.894688	0.894678	0.894697	0.894717	0.894715	0.894712	0.89479	0.894868	0.894915	0.894961	0.895188	0.895414	0.895639	0.895864	0.896443	0.897021	0.897748	0.898474	0.899816	0.901157	0.902661	0.904165	0.905774	0.907384	0.908659	0.909933	0.908347	0.90676	0.905803	0.904846	0.903706	0.902566	0.901633	0.900701	0.899598	0.898495	0.897877	0.897259	0.896733	0.896206	0.895947	0.895688	0.895472	0.895256	0.89516	0.895065	0.894985	0.894906	0.894874	0.894842	0.894814	0.894786	0.894776	0.894765	0.894754	0.894742	0.894745	0.894747	0.894723	
0.918405	0.918381	0.918383	0.918384	0.918393	0.918402	0.918403	0.918403	0.918444	0.918485	0.918509	0.918532	0.918646	0.91876	0.918856	0.918952	0.919227	0.919502	0.919794	0.920086	0.920687	0.921288	0.921996	0.922704	0.923932	0.925159	0.926317	0.927475	0.928283	0.929092	0.929617	0.930141	0.929305	0.928468	0.928103	0.927739	0.926911	0.926082	0.92528	0.924478	0.92354	0.922602	0.922024	0.921446	0.920911	0.920377	0.920077	0.919778	0.919517	0.919256	0.91912	0.918984	0.918868	0.918751	0.918692	0.918633	0.918583	0.918533	0.918507	0.918481	0.918459	0.918438	0.918434	0.918429	0.918405	
0.942107	0.942083	0.942086	0.94209	0.942105	0.94212	0.94213	0.942139	0.942192	0.942244	0.942286	0.942327	0.942455	0.942583	0.942702	0.942822	0.943099	0.943376	0.943671	0.943966	0.944517	0.945068	0.945709	0.946351	0.947273	0.948196	0.949097	0.949997	0.950563	0.951128	0.951469	0.951811	0.951176	0.950542	0.950274	0.950006	0.949409	0.948811	0.948215	0.947619	0.9469	0.946181	0.945677	0.945173	0.944688	0.944203	0.94392	0.943637	0.943373	0.94311	0.942962	0.942814	0.942682	0.942549	0.942476	0.942403	0.94234	0.942276	0.942241	0.942206	0.942177	0.942148	0.94214	0.942132	0.942107	
0.96581	0.965784	0.96579	0.965796	0.965817	0.965837	0.965856	0.965875	0.965939	0.966003	0.966062	0.966121	0.966264	0.966406	0.966549	0.966692	0.966971	0.96725	0.967548	0.967846	0.968347	0.968848	0.969423	0.969997	0.970615	0.971232	0.971876	0.97252	0.972842	0.973165	0.973322	0.97348	0.973048	0.972615	0.972445	0.972274	0.971907	0.971539	0.97115	0.970761	0.970261	0.96976	0.96933	0.968899	0.968464	0.96803	0.967763	0.967496	0.96723	0.966964	0.966804	0.966645	0.966496	0.966347	0.96626	0.966174	0.966097	0.96602	0.965975	0.965931	0.965895	0.965859	0.965847	0.965835	0.96581	
0.989493	0.989467	0.989475	0.989483	0.989505	0.989528	0.989552	0.989577	0.989643	0.98971	0.989776	0.989842	0.98998	0.990119	0.990263	0.990407	0.990656	0.990905	0.991187	0.991469	0.99187	0.99227	0.992727	0.993184	0.993648	0.994111	0.994566	0.995021	0.995172	0.995322	0.995413	0.995503	0.995168	0.994834	0.994773	0.994712	0.994449	0.994187	0.993945	0.993703	0.993323	0.992943	0.992614	0.992285	0.991938	0.99159	0.991351	0.991112	0.990874	0.990636	0.990488	0.990339	0.990196	0.990052	0.989965	0.989877	0.989797	0.989718	0.98967	0.989622	0.989584	0.989545	0.989533	0.98952	0.989493	
1.01318	1.01315	1.01316	1.01317	1.01319	1.01322	1.01325	1.01328	1.01335	1.01342	1.01349	1.01356	1.0137	1.01383	1.01398	1.01412	1.01434	1.01456	1.01483	1.01509	1.01539	1.01569	1.01603	1.01637	1.01668	1.01699	1.01726	1.01752	1.0175	1.01748	1.0175	1.01753	1.01729	1.01705	1.0171	1.01715	1.01699	1.01683	1.01674	1.01665	1.01639	1.01613	1.0159	1.01567	1.01541	1.01515	1.01494	1.01473	1.01452	1.01431	1.01417	1.01403	1.0139	1.01376	1.01367	1.01358	1.0135	1.01342	1.01336	1.01331	1.01327	1.01323	1.01322	1.0132	1.01318	
1.03683	1.03681	1.03682	1.03683	1.03685	1.03688	1.03691	1.03694	1.037	1.03706	1.03714	1.03721	1.03733	1.03745	1.03758	1.03771	1.03789	1.03807	1.03828	1.03849	1.03872	1.03896	1.03921	1.03947	1.03966	1.03986	1.04004	1.04023	1.04017	1.04012	1.04011	1.0401	1.03991	1.03972	1.03979	1.03986	1.03976	1.03966	1.03961	1.03957	1.03939	1.0392	1.03906	1.03892	1.03872	1.03852	1.03836	1.0382	1.03803	1.03786	1.03774	1.03762	1.0375	1.03738	1.0373	1.03722	1.03714	1.03706	1.03702	1.03697	1.03693	1.03689	1.03688	1.03686	1.03683	
1.06049	1.06046	1.06048	1.06049	1.06051	1.06053	1.06057	1.0606	1.06066	1.06071	1.06078	1.06085	1.06096	1.06106	1.06118	1.0613	1.06144	1.06158	1.06174	1.06189	1.06206	1.06222	1.0624	1.06257	1.06265	1.06272	1.06283	1.06294	1.06284	1.06275	1.06272	1.06268	1.06254	1.06239	1.06248	1.06256	1.06252	1.06248	1.06249	1.0625	1.06239	1.06228	1.06222	1.06216	1.06202	1.06188	1.06177	1.06167	1.06154	1.06141	1.06131	1.0612	1.0611	1.061	1.06092	1.06085	1.06078	1.06071	1.06067	1.06062	1.06058	1.06054	1.06053	1.06052	1.06049	
1.08411	1.08408	1.08409	1.08411	1.08412	1.08414	1.08417	1.0842	1.08425	1.0843	1.08436	1.08443	1.08451	1.08459	1.08468	1.08478	1.08489	1.08499	1.08511	1.08524	1.08534	1.08545	1.08558	1.0857	1.08572	1.08574	1.0858	1.08585	1.08573	1.08562	1.08559	1.08555	1.08544	1.08532	1.08541	1.08549	1.08547	1.08545	1.0855	1.08554	1.08549	1.08543	1.08541	1.08538	1.08529	1.08519	1.08512	1.08505	1.08495	1.08485	1.08478	1.08471	1.08462	1.08454	1.08448	1.08442	1.08436	1.0843	1.08426	1.08422	1.08419	1.08415	1.08414	1.08414	1.08411	
1.10772	1.10769	1.10771	1.10773	1.10774	1.10775	1.10778	1.10781	1.10785	1.10789	1.10794	1.108	1.10806	1.10812	1.10819	1.10826	1.10833	1.1084	1.10849	1.10858	1.10863	1.10868	1.10876	1.10883	1.1088	1.10876	1.10876	1.10875	1.10862	1.1085	1.10846	1.10842	1.10834	1.10825	1.10834	1.10843	1.10843	1.10843	1.1085	1.10858	1.10858	1.10858	1.10859	1.1086	1.10855	1.1085	1.10847	1.10843	1.10837	1.1083	1.10825	1.10821	1.10815	1.10808	1.10804	1.10799	1.10794	1.10789	1.10786	1.10783	1.10779	1.10776	1.10776	1.10775	1.10772	
1.13131	1.13127	1.13129	1.13131	1.13132	1.13132	1.13135	1.13138	1.13141	1.13144	1.13148	1.13152	1.13156	1.1316	1.13166	1.13172	1.13176	1.13181	1.13187	1.13193	1.13195	1.13196	1.132	1.13205	1.13199	1.13193	1.13192	1.1319	1.13177	1.13164	1.1316	1.13157	1.13149	1.13142	1.1315	1.13158	1.13159	1.1316	1.13169	1.13178	1.13179	1.13181	1.13184	1.13188	1.13185	1.13183	1.13182	1.13181	1.13177	1.13173	1.1317	1.13167	1.13163	1.13158	1.13155	1.13152	1.13148	1.13144	1.13142	1.13139	1.13136	1.13133	1.13134	1.13134	1.13131	
1.15489	1.15485	1.15487	1.15489	1.1549	1.1549	1.15492	1.15494	1.15496	1.15498	1.15501	1.15504	1.15507	1.15509	1.15513	1.15517	1.15519	1.15521	1.15525	1.15528	1.15526	1.15524	1.15525	1.15526	1.15518	1.1551	1.15507	1.15504	1.15491	1.15478	1.15475	1.15471	1.15465	1.15458	1.15466	1.15473	1.15475	1.15477	1.15487	1.15498	1.15501	1.15504	1.1551	1.15515	1.15516	1.15516	1.15518	1.1552	1.15518	1.15516	1.15515	1.15513	1.15511	1.15508	1.15506	1.15505	1.15502	1.15499	1.15498	1.15496	1.15493	1.15491	1.15491	1.15492	1.15489	
1.17844	1.1784	1.17842	1.17845	1.17844	1.17844	1.17846	1.17848	1.17849	1.1785	1.17852	1.17854	1.17855	1.17857	1.17859	1.17862	1.17862	1.17862	1.17864	1.17866	1.17862	1.17858	1.17858	1.17857	1.17849	1.1784	1.17836	1.17833	1.17821	1.17809	1.17806	1.17804	1.17798	1.17792	1.17799	1.17806	1.17808	1.1781	1.17819	1.17829	1.17833	1.17837	1.17843	1.1785	1.17852	1.17854	1.17857	1.1786	1.17859	1.17859	1.17859	1.17859	1.17858	1.17857	1.17856	1.17855	1.17853	1.17851	1.1785	1.1785	1.17847	1.17845	1.17846	1.17848	1.17844	
1.20199	1.20195	1.20198	1.202	1.20199	1.20198	1.20199	1.20201	1.20201	1.20201	1.20203	1.20204	1.20204	1.20205	1.20206	1.20207	1.20205	1.20204	1.20204	1.20204	1.20198	1.20193	1.20191	1.20189	1.20179	1.2017	1.20165	1.20161	1.20151	1.2014	1.20138	1.20136	1.20131	1.20126	1.20132	1.20139	1.2014	1.20142	1.20151	1.20161	1.20165	1.20169	1.20177	1.20184	1.20187	1.20191	1.20195	1.20199	1.20201	1.20202	1.20204	1.20205	1.20205	1.20205	1.20205	1.20205	1.20204	1.20203	1.20203	1.20203	1.20201	1.20199	1.20201	1.20203	1.20199	
1.22553	1.22549	1.22551	1.22553	1.22552	1.22551	1.22552	1.22553	1.22553	1.22553	1.22554	1.22554	1.22554	1.22554	1.22554	1.22554	1.22551	1.22549	1.22548	1.22547	1.22541	1.22535	1.22533	1.2253	1.22521	1.22511	1.22507	1.22503	1.22494	1.22484	1.22483	1.22481	1.22477	1.22473	1.22478	1.22483	1.22485	1.22486	1.22495	1.22503	1.22508	1.22512	1.22519	1.22527	1.22531	1.22535	1.22539	1.22544	1.22546	1.22548	1.22551	1.22553	1.22554	1.22554	1.22555	1.22555	1.22555	1.22555	1.22555	1.22556	1.22554	1.22553	1.22555	1.22557	1.22553	
1.24906	1.24902	1.24905	1.24907	1.24906	1.24905	1.24905	1.24906	1.24905	1.24905	1.24905	1.24905	1.24903	1.24902	1.24902	1.24901	1.24897	1.24894	1.24892	1.24891	1.24884	1.24878	1.24875	1.24872	1.24862	1.24853	1.24849	1.24846	1.24837	1.24829	1.24827	1.24826	1.24823	1.24819	1.24823	1.24828	1.24829	1.24831	1.24838	1.24846	1.2485	1.24854	1.24862	1.2487	1.24874	1.24878	1.24883	1.24888	1.24891	1.24894	1.24897	1.249	1.24902	1.24904	1.24905	1.24906	1.24906	1.24907	1.24908	1.24908	1.24907	1.24906	1.24908	1.24911	1.24906	
1.2726	1.27255	1.27257	1.2726	1.27259	1.27258	1.27258	1.27258	1.27258	1.27257	1.27256	1.27256	1.27254	1.27253	1.27252	1.2725	1.27247	1.27243	1.27241	1.27239	1.27233	1.27226	1.27223	1.2722	1.27212	1.27203	1.272	1.27197	1.27189	1.27182	1.27181	1.2718	1.27177	1.27173	1.27177	1.27181	1.27182	1.27184	1.2719	1.27197	1.27201	1.27205	1.27212	1.27219	1.27223	1.27227	1.27232	1.27237	1.27241	1.27244	1.27247	1.2725	1.27252	1.27254	1.27256	1.27257	1.27258	1.27259	1.2726	1.2726	1.2726	1.27259	1.27262	1.27265	1.2726	
1.29613	1.29608	1.2961	1.29613	1.29612	1.29611	1.29611	1.2961	1.2961	1.29609	1.29608	1.29607	1.29605	1.29603	1.29602	1.296	1.29596	1.29592	1.2959	1.29587	1.29581	1.29575	1.29572	1.29568	1.29561	1.29554	1.29551	1.29548	1.29541	1.29535	1.29534	1.29534	1.29531	1.29528	1.29531	1.29535	1.29535	1.29536	1.29542	1.29548	1.29552	1.29555	1.29561	1.29568	1.29572	1.29576	1.29581	1.29586	1.2959	1.29593	1.29596	1.29599	1.29602	1.29605	1.29606	1.29608	1.29609	1.29611	1.29612	1.29613	1.29613	1.29613	1.29615	1.29618	1.29613	
1.31967	1.31961	1.31963	1.31966	1.31966	1.31965	1.31964	1.31963	1.31963	1.31963	1.31961	1.3196	1.31958	1.31956	1.31954	1.31953	1.31949	1.31945	1.31943	1.3194	1.31935	1.31929	1.31926	1.31923	1.31916	1.3191	1.31907	1.31905	1.31899	1.31894	1.31893	1.31893	1.3189	1.31888	1.31891	1.31894	1.31894	1.31895	1.319	1.31905	1.31908	1.31911	1.31917	1.31922	1.31926	1.3193	1.31934	1.31939	1.31942	1.31946	1.31949	1.31952	1.31955	1.31958	1.31959	1.3196	1.31962	1.31964	1.31965	1.31965	1.31966	1.31967	1.31969	1.31972	1.31967	
1.3432	1.34314	1.34317	1.34319	1.34319	1.3432	1.34318	1.34316	1.34316	1.34316	1.34315	1.34313	1.34311	1.34309	1.34307	1.34305	1.34302	1.34298	1.34296	1.34293	1.34288	1.34283	1.3428	1.34278	1.34272	1.34266	1.34264	1.34262	1.34257	1.34253	1.34253	1.34252	1.3425	1.34248	1.3425	1.34253	1.34253	1.34254	1.34258	1.34262	1.34265	1.34267	1.34272	1.34277	1.3428	1.34284	1.34288	1.34292	1.34295	1.34299	1.34301	1.34304	1.34307	1.3431	1.34311	1.34313	1.34315	1.34318	1.34318	1.34318	1.34319	1.34321	1.34323	1.34326	1.3432	
1.36673	1.36668	1.36669	1.36671	1.36672	1.36673	1.36671	1.36669	1.3667	1.3667	1.36668	1.36666	1.36664	1.36663	1.36661	1.36659	1.36656	1.36653	1.36651	1.36648	1.36644	1.36639	1.36637	1.36635	1.3663	1.36625	1.36623	1.36622	1.36618	1.36614	1.36614	1.36613	1.36612	1.3661	1.36612	1.36614	1.36614	1.36614	1.36618	1.36622	1.36624	1.36626	1.3663	1.36634	1.36637	1.3664	1.36643	1.36647	1.3665	1.36653	1.36655	1.36658	1.3666	1.36663	1.36664	1.36665	1.36668	1.3667	1.3667	1.36669	1.36672	1.36674	1.36676	1.36679	1.36673	
1.39026	1.39021	1.39022	1.39023	1.39025	1.39027	1.39025	1.39023	1.39023	1.39023	1.39021	1.39019	1.39018	1.39017	1.39015	1.39013	1.3901	1.39007	1.39005	1.39003	1.39	1.38996	1.38994	1.38992	1.38988	1.38984	1.38982	1.38981	1.38978	1.38975	1.38975	1.38974	1.38973	1.38971	1.38973	1.38975	1.38975	1.38975	1.38978	1.38981	1.38982	1.38984	1.38987	1.38991	1.38993	1.38996	1.38999	1.39002	1.39004	1.39007	1.39009	1.39011	1.39014	1.39016	1.39017	1.39018	1.39021	1.39023	1.39022	1.39021	1.39024	1.39027	1.39029	1.39031	1.39026	
1.41377	1.41374	1.41375	1.41375	1.41377	1.41379	1.41377	1.41375	1.41375	1.41375	1.41374	1.41372	1.41371	1.4137	1.41368	1.41367	1.41364	1.41362	1.4136	1.41359	1.41356	1.41353	1.41351	1.4135	1.41346	1.41343	1.41342	1.41341	1.41338	1.41336	1.41336	1.41335	1.41334	1.41333	1.41334	1.41335	1.41335	1.41336	1.41338	1.4134	1.41341	1.41342	1.41345	1.41348	1.4135	1.41352	1.41354	1.41357	1.41359	1.41361	1.41362	1.41364	1.41366	1.41368	1.41369	1.4137	1.41372	1.41374	1.41373	1.41373	1.41376	1.41379	1.4138	1.4138	1.41377	
1.43729	1.43728	1.43727	1.43727	1.43729	1.43731	1.43729	1.43727	1.43727	1.43727	1.43726	1.43725	1.43724	1.43723	1.43722	1.4372	1.43719	1.43717	1.43715	1.43714	1.43712	1.43709	1.43708	1.43707	1.43704	1.43702	1.43701	1.437	1.43698	1.43697	1.43697	1.43696	1.43695	1.43695	1.43695	1.43696	1.43696	1.43696	1.43698	1.43699	1.437	1.43701	1.43703	1.43705	1.43706	1.43708	1.4371	1.43711	1.43713	1.43714	1.43716	1.43717	1.43719	1.4372	1.43721	1.43722	1.43724	1.43725	1.43725	1.43724	1.43727	1.4373	1.4373	1.4373	1.43729	
1.46079	1.46082	1.4608	1.46078	1.4608	1.46082	1.4608	1.46079	1.46079	1.46079	1.46078	1.46078	1.46077	1.46076	1.46075	1.46074	1.46073	1.46072	1.46071	1.4607	1.46068	1.46067	1.46066	1.46065	1.46063	1.46062	1.46061	1.4606	1.46059	1.46058	1.46058	1.46058	1.46057	1.46056	1.46057	1.46057	1.46057	1.46057	1.46058	1.46059	1.4606	1.4606	1.46062	1.46063	1.46064	1.46064	1.46066	1.46067	1.46068	1.46069	1.4607	1.46071	1.46072	1.46073	1.46073	1.46074	1.46075	1.46076	1.46076	1.46075	1.46078	1.4608	1.46078	1.46077	1.46079	
1.4843	1.48436	1.48433	1.4843	1.48431	1.48432	1.48431	1.48431	1.48431	1.48431	1.4843	1.4843	1.4843	1.48429	1.48429	1.48428	1.48428	1.48427	1.48426	1.48426	1.48425	1.48424	1.48424	1.48423	1.48422	1.48421	1.48421	1.48421	1.4842	1.48419	1.48419	1.48419	1.48419	1.48418	1.48418	1.48419	1.48418	1.48418	1.48419	1.48419	1.48419	1.48419	1.4842	1.48421	1.48421	1.48421	1.48422	1.48422	1.48423	1.48423	1.48424	1.48424	1.48425	1.48425	1.48425	1.48426	1.48426	1.48427	1.48427	1.48427	1.48428	1.4843	1.48427	1.48423	1.4843	
1.50751	1.50751	1.50751	1.50751	1.50751	1.50751	1.50751	1.50751	1.50751	1.50751	1.50751	1.50751	1.50751	1.50751	1.50751	1.50751	1.50751	1.50751	1.50751	1.50751	1.50751	1.50751	1.50751	1.50751	1.50751	1.50751	1.50751	1.50751	1.50751	1.50751	1.50751	1.50751	1.50751	1.50751	1.50751	1.50751	1.50751	1.50751	1.50751	1.50751	1.50751	1.50751	1.50751	1.50751	1.50751	1.50751	1.50751	1.50751	1.50751	1.50751	1.50751	1.50751	1.50751	1.50751	1.50751	1.50751	1.50751	1.50751	1.50751	1.50751	1.50751	1.50751	1.50751	1.50751	1.50751	
