x,v,vx,vy,vz
0,0.344141,-0.344141,0.000622593,1.95881e-05
2,0.344425,-0.344425,0.000665341,1.97173e-05
4,0.344709,-0.344708,0.000736993,1.9794e-05
6,0.344984,-0.344983,0.000793665,1.98714e-05
8,0.345151,-0.34515,0.000652254,1.99581e-05
10,0.345306,-0.345306,0.000443417,2.00538e-05
12,0.345382,-0.345381,-0.000273364,2.02163e-05
14,0.345336,-0.345335,-0.00105935,2.03812e-05
16,0.344674,-0.344667,-0.00219799,2.05581e-05
18,0.343924,-0.343908,-0.00330604,2.07592e-05
20,0.342836,-0.342809,-0.00429967,2.10511e-05
22,0.34146,-0.341425,-0.00490537,2.13491e-05
24,0.339249,-0.339221,-0.00439427,2.16644e-05
26,0.337507,-0.337486,-0.00373539,2.19932e-05
28,0.336836,-0.336824,-0.00273926,2.23529e-05
30,0.336085,-0.336079,-0.00199201,2.2737e-05
32,0.335182,-0.335178,-0.00170379,2.31663e-05
34,0.334495,-0.334492,-0.00140761,2.36159e-05
36,0.33413,-0.334128,-0.00109941,2.40961e-05
38,0.333745,-0.333744,-0.00087166,2.4607e-05
40,0.333334,-0.333333,-0.000744132,2.5156e-05
42,0.333017,-0.333017,-0.000622941,2.57364e-05
44,0.332798,-0.332797,-0.000508289,2.63493e-05
46,0.332589,-0.332588,-0.000423025,2.70002e-05
48,0.332388,-0.332388,-0.000362891,2.76835e-05
50,0.33223,-0.33223,-0.000310266,2.84124e-05
52,0.332102,-0.332102,-0.000262948,2.91735e-05
54,0.331984,-0.331984,-0.000227916,2.99863e-05
56,0.331872,-0.331872,-0.000200014,3.0829e-05
58,0.33178,-0.33178,-0.000175613,3.17297e-05
60,0.331697,-0.331697,-0.000152862,3.26578e-05
62,0.331625,-0.331625,-0.000135818,3.36541e-05
64,0.331557,-0.331557,-0.000120922,3.46759e-05
66,0.331499,-0.331499,-0.000108471,3.57812e-05
68,0.331444,-0.331444,-9.67377e-05,3.69109e-05
70,0.331397,-0.331397,-8.77236e-05,3.81341e-05
72,0.331352,-0.331352,-7.93053e-05,3.93777e-05
74,0.331312,-0.331312,-7.2299e-05,4.07279e-05
76,0.331273,-0.331273,-6.5509e-05,4.20944e-05
78,0.33124,-0.33124,-6.04176e-05,4.35842e-05
80,0.331208,-0.331208,-5.5486e-05,4.50856e-05
82,0.331179,-0.331179,-5.1303e-05,4.67395e-05
84,0.33115,-0.33115,-4.7157e-05,4.84009e-05
86,0.331125,-0.331125,-4.38424e-05,5.02287e-05
88,0.331101,-0.331101,-4.0563e-05,5.20666e-05
90,0.331078,-0.331078,-3.78909e-05,5.40794e-05
92,0.331056,-0.331056,-3.52879e-05,5.61133e-05
94,0.331036,-0.331036,-3.32958e-05,5.83329e-05
96,0.331016,-0.331016,-3.13384e-05,6.05892e-05
98,0.330998,-0.330998,-2.95805e-05,6.30553e-05
100,0.330979,-0.330979,-2.78832e-05,6.55733e-05
102,0.330963,-0.330962,-2.64361e-05,6.83053e-05
104,0.330946,-0.330946,-2.50694e-05,7.111e-05
106,0.330929,-0.330929,-2.39546e-05,7.41424e-05
108,0.330913,-0.330913,-2.29375e-05,7.72727e-05
110,0.330898,-0.330898,-2.21608e-05,8.06433e-05
112,0.330882,-0.330882,-2.14253e-05,8.41521e-05
114,0.330867,-0.330867,-2.07711e-05,8.79341e-05
116,0.330851,-0.330851,-2.01785e-05,9.18887e-05
118,0.330836,-0.330836,-1.96852e-05,9.61214e-05
120,0.330821,-0.330821,-1.92921e-05,0.000100578
122,0.330805,-0.330805,-1.90319e-05,0.000105333
124,0.33079,-0.33079,-1.88695e-05,0.000110376
126,0.330774,-0.330774,-1.88147e-05,0.000115734
128,0.330757,-0.330757,-1.8837e-05,0.00012148
130,0.33074,-0.33074,-1.89296e-05,0.000127578
132,0.330723,-0.330723,-1.91012e-05,0.000134152
134,0.330705,-0.330705,-1.93323e-05,0.000141083
136,0.330686,-0.330686,-1.96862e-05,0.000148624
138,0.330667,-0.330667,-2.01164e-05,0.000156544
140,0.330646,-0.330646,-2.06762e-05,0.000165236
142,0.330625,-0.330625,-2.13015e-05,0.000174318
144,0.330602,-0.330602,-2.21592e-05,0.000184419
146,0.330579,-0.330579,-2.31115e-05,0.000194934
148,0.330553,-0.330553,-2.42627e-05,0.000206719
150,0.330526,-0.330526,-2.54775e-05,0.00021891
152,0.330497,-0.330497,-2.70138e-05,0.000232707
154,0.330466,-0.330466,-2.86281e-05,0.000246895
156,0.330432,-0.330432,-3.05466e-05,0.000263168
158,0.330397,-0.330397,-3.2518e-05,0.000279805
160,0.330357,-0.330357,-3.50789e-05,0.000299104
162,0.330316,-0.330316,-3.77064e-05,0.000318704
164,0.330268,-0.330268,-4.09011e-05,0.000341776
166,0.33022,-0.33022,-4.41287e-05,0.000365049
168,0.330163,-0.330163,-4.85202e-05,0.000392594
170,0.330105,-0.330105,-5.29735e-05,0.00042039
172,0.330036,-0.330035,-5.87237e-05,0.000453564
174,0.329965,-0.329965,-6.45264e-05,0.000487331
176,0.329881,-0.32988,-7.08885e-05,0.000527411
178,0.329794,-0.329794,-7.74888e-05,0.000568656
180,0.329694,-0.329694,-8.5644e-05,0.000617509
182,0.329589,-0.329589,-9.50663e-05,0.000667962
184,0.329463,-0.329462,-0.000110273,0.000725719
186,0.329327,-0.329326,-0.000126423,0.000786624
188,0.329159,-0.329158,-0.000145794,0.000858273
190,0.32898,-0.328978,-0.000163813,0.000935228
192,0.32877,-0.328769,-0.000178236,0.00102628
194,0.328551,-0.328549,-0.000195527,0.00112414
196,0.32831,-0.328308,-0.000218906,0.00123642
198,0.32803,-0.328027,-0.000254713,0.00134982
200,0.32768,-0.327676,-0.000311936,0.00146515
202,0.327257,-0.327253,-0.000370819,0.00159435
204,0.326733,-0.326728,-0.000432051,0.00174318
206,0.326147,-0.326141,-0.000497804,0.00194109
208,0.325491,-0.325483,-0.000568845,0.00219639
210,0.324677,-0.324666,-0.000659281,0.00247312
212,0.32371,-0.323697,-0.000768514,0.00277061
214,0.32241,-0.322395,-0.000907594,0.0030509
216,0.320844,-0.320825,-0.00107064,0.00331736
218,0.318609,-0.318584,-0.00136781,0.0037071
220,0.31593,-0.315898,-0.00175382,0.00417849
222,0.312306,-0.312258,-0.00232819,0.00493158
224,0.308172,-0.308102,-0.00300468,0.00583741
226,0.301234,-0.30114,-0.00308613,0.00683875
228,0.29307,-0.292949,-0.00290683,0.00788194
230,0.284166,-0.283985,-0.00140462,0.0100462
232,0.275042,-0.274753,0.000557126,0.0125999
234,0.260764,-0.260084,0.00484697,0.018185
236,0.245392,-0.243963,0.00975919,0.0245804
238,0.242188,-0.238997,0.0175558,0.0350287
240,0.242102,-0.236222,0.0259186,0.0462725
242,0.219811,-0.199611,0.0670618,0.0630482
244,0.210436,-0.158508,0.112556,0.0805583
246,0.261929,-0.178172,0.18752,0.0412017
248,0.333253,-0.202432,0.264712,-0.00245561
250,0.389379,-0.269509,0.280991,0.00496244
252,0.446505,-0.337337,0.292058,0.016526
254,0.446054,-0.393673,0.146845,0.149742
256,0.519737,-0.442274,0.010406,0.272785
258,0.468398,-0.388589,-0.0100159,0.261333
260,0.418926,-0.339261,-0.025112,0.244479
262,0.372978,-0.322748,-8.66565e-05,0.186938
264,0.337104,-0.308813,0.0191541,0.133815
266,0.324965,-0.308012,0.00892107,0.103205
268,0.316007,-0.306809,0.00120032,0.0756794
270,0.30992,-0.304103,0.00287734,0.0596936
272,0.306004,-0.302624,0.00423985,0.0451615
274,0.306692,-0.304673,0.00469693,0.0348146
276,0.308344,-0.307187,0.00501287,0.0262145
278,0.311549,-0.310759,0.0050067,0.0216011
280,0.314526,-0.314013,0.00438211,0.0174299
282,0.317003,-0.31668,0.00261687,0.0140743
284,0.318635,-0.318431,0.00142402,0.0113294
286,0.318942,-0.318798,0.00109537,0.00950625
288,0.319617,-0.319517,0.00106035,0.00793954
290,0.320746,-0.320673,0.0013911,0.00669222
292,0.321917,-0.321863,0.00150294,0.00568478
294,0.323127,-0.323086,0.00138891,0.00492486
296,0.324152,-0.324122,0.00117082,0.00427762
298,0.325019,-0.324996,0.000863751,0.00372673
300,0.325666,-0.325649,0.00065706,0.00325323
302,0.326159,-0.326146,0.000521306,0.00283442
304,0.326594,-0.326584,0.000456435,0.00248333
306,0.326995,-0.326988,0.000432694,0.00217154
308,0.327365,-0.327359,0.000397169,0.00192447
310,0.32772,-0.327715,0.000356092,0.0017079
312,0.328024,-0.32802,0.000312745,0.00153971
314,0.328309,-0.328306,0.000268543,0.00138973
316,0.328544,-0.328541,0.00023115,0.00125807
318,0.328763,-0.328761,0.000195751,0.00113177
320,0.328938,-0.328936,0.000171981,0.00102587
322,0.329103,-0.329102,0.000150758,0.000924433
324,0.329243,-0.329242,0.000135201,0.000843993
326,0.32938,-0.329379,0.000120512,0.000766769
328,0.329497,-0.329496,0.000109351,0.000706469
330,0.329612,-0.329611,9.85212e-05,0.000647761
332,0.329708,-0.329707,8.75426e-05,0.000597643
334,0.329803,-0.329803,7.65814e-05,0.000547944
336,0.329878,-0.329878,6.85947e-05,0.000507005
338,0.329953,-0.329953,6.07406e-05,0.000466479
340,0.330016,-0.330016,5.51765e-05,0.00043311
342,0.330078,-0.330078,4.97776e-05,0.000400383
344,0.330132,-0.330132,4.58388e-05,0.000373342
346,0.330186,-0.330185,4.18891e-05,0.00034688
348,0.330232,-0.330232,3.7877e-05,0.00032374
350,0.330277,-0.330277,3.40397e-05,0.000301314
352,0.330315,-0.330315,3.09226e-05,0.000281829
354,0.330352,-0.330352,2.80177e-05,0.000263067
356,0.330385,-0.330385,2.5777e-05,0.000246566
358,0.330417,-0.330417,2.37455e-05,0.000230824
360,0.330446,-0.330446,2.22285e-05,0.00021695
362,0.330474,-0.330474,2.07064e-05,0.00020369
364,0.3305,-0.3305,1.91745e-05,0.000191646
366,0.330524,-0.330524,1.77562e-05,0.000180249
368,0.330547,-0.330547,1.6521e-05,0.000169896
370,0.330568,-0.330568,1.54387e-05,0.000160137
372,0.330588,-0.330588,1.45591e-05,0.000151166
374,0.330606,-0.330606,1.38283e-05,0.00014279
376,0.330624,-0.330624,1.32606e-05,0.000135068
378,0.330642,-0.330642,1.27164e-05,0.000127832
380,0.330658,-0.330658,1.21935e-05,0.000121039
382,0.330674,-0.330674,1.17445e-05,0.000114737
384,0.330689,-0.330689,1.13511e-05,0.000108804
386,0.330703,-0.330703,1.10553e-05,0.000103312
388,0.330717,-0.330717,1.08199e-05,9.80951e-05
390,0.33073,-0.33073,1.06744e-05,9.33151e-05
392,0.330743,-0.330743,1.05745e-05,8.87564e-05
394,0.330756,-0.330756,1.05445e-05,8.45529e-05
396,0.330769,-0.330769,1.0543e-05,8.0494e-05
398,0.330781,-0.330781,1.05846e-05,7.67918e-05
400,0.330793,-0.330793,1.064e-05,7.32037e-05
402,0.330805,-0.330805,1.07388e-05,6.99374e-05
404,0.330817,-0.330817,1.08482e-05,6.67492e-05
406,0.330829,-0.330829,1.10352e-05,6.38793e-05
408,0.33084,-0.33084,1.12357e-05,6.10649e-05
410,0.330852,-0.330852,1.17957e-05,5.85097e-05
412,0.330864,-0.330864,1.23964e-05,5.59839e-05
414,0.330876,-0.330876,1.32689e-05,5.37176e-05
416,0.330889,-0.330889,1.41571e-05,5.14662e-05
418,0.330903,-0.330903,1.48641e-05,4.94553e-05
420,0.330916,-0.330916,1.55541e-05,4.74552e-05
422,0.330929,-0.330929,1.5863e-05,4.56752e-05
424,0.330943,-0.330943,1.61815e-05,4.39103e-05
426,0.330958,-0.330958,1.66028e-05,4.23055e-05
428,0.330973,-0.330973,1.69136e-05,4.07227e-05
430,0.330991,-0.330991,1.65034e-05,3.92829e-05
432,0.331009,-0.331009,1.55602e-05,3.78687e-05
434,0.331023,-0.331023,1.21839e-05,3.65711e-05
436,0.331035,-0.331035,8.36336e-06,3.53084e-05
438,0.33104,-0.33104,3.02604e-06,3.41648e-05
440,0.331042,-0.331042,-8.58802e-07,3.30595e-05
442,0.331039,-0.331039,-8.84163e-07,3.20561e-05
444,0.331034,-0.331034,-4.97123e-06,3.10883e-05
446,0.331026,-0.331026,-1.7677e-05,3.01963e-05
448,0.331001,-0.331001,-6.22715e-05,2.93317e-05
450,0.330946,-0.330946,-0.000161823,2.85143e-05
452,0.330837,-0.330837,-0.000320349,2.7727e-05
454,0.330652,-0.330651,-0.000562332,2.69824e-05
456,0.330395,-0.330394,-0.000800735,2.62682e-05
458,0.330056,-0.330054,-0.00103495,2.55897e-05
460,0.329739,-0.329737,-0.00113221,2.4961e-05
462,0.329444,-0.329442,-0.00109671,2.43806e-05
464,0.329196,-0.329195,-0.00072193,2.38464e-05
466,0.328987,-0.328987,-7.47729e-05,2.33494e-05
468,0.329168,-0.329166,0.00104317,2.28475e-05
470,0.329611,-0.329602,0.00247292,2.23423e-05
472,0.3306,-0.330577,0.0039232,2.18792e-05
474,0.331887,-0.331844,0.00538461,2.14388e-05
476,0.334131,-0.334085,0.00553367,2.10938e-05
478,0.336792,-0.336753,0.00510765,2.07906e-05
480,0.338156,-0.33813,0.00413094,2.05363e-05
482,0.339073,-0.33906,0.00296292,2.0299e-05
484,0.340116,-0.340107,0.00240055,2.0103e-05
486,0.341192,-0.341186,0.00200007,1.9918e-05
488,0.34179,-0.341786,0.00161594,1.97675e-05
490,0.342295,-0.342293,0.00123502,1.96237e-05
492,0.342781,-0.34278,0.00101822,1.95429e-05
494,0.343265,-0.343264,0.0008232,1.94705e-05
496,0.343568,-0.343567,0.000700978,1.94632e-05
498,0.343857,-0.343857,0.000584261,1.94608e-05
