x,v,vx,vy,vz
0,0.345815,-0.345815,0.000225828,-1.46847e-07
2,0.345933,-0.345933,0.000203237,-1.47081e-07
4,0.346012,-0.346012,0.000192338,-1.07547e-07
6,0.346085,-0.346085,0.000179762,-6.68292e-08
8,0.34608,-0.34608,0.000145015,-1.04575e-08
10,0.346076,-0.346076,8.68066e-05,4.26383e-08
12,0.346075,-0.346075,-0.00014815,7.10552e-08
14,0.346022,-0.346022,-0.000441266,8.84212e-08
16,0.345702,-0.3457,-0.00103072,4.94802e-08
18,0.345332,-0.345328,-0.00166977,4.24067e-09
20,0.344775,-0.344766,-0.00249433,-6.45603e-08
22,0.343956,-0.343943,-0.00304193,-1.20234e-07
24,0.342378,-0.342367,-0.0027922,-1.38119e-07
26,0.341179,-0.341171,-0.00239716,-1.42538e-07
28,0.340846,-0.340842,-0.00167049,-1.16227e-07
30,0.340436,-0.340435,-0.00113559,-8.93862e-08
32,0.339884,-0.339882,-0.000954387,-6.15691e-08
34,0.339481,-0.33948,-0.000768718,-4.09561e-08
36,0.339306,-0.339305,-0.000576308,-3.12197e-08
38,0.339112,-0.339112,-0.000438362,-2.35783e-08
40,0.338895,-0.338894,-0.00036826,-1.85463e-08
42,0.338735,-0.338735,-0.000301773,-1.43004e-08
44,0.338636,-0.338636,-0.000239014,-1.08656e-08
46,0.338537,-0.338537,-0.000194773,-7.71342e-09
48,0.338439,-0.338439,-0.000166365,-4.80276e-09
50,0.338364,-0.338364,-0.000140836,-2.05734e-09
52,0.338306,-0.338306,-0.000117342,5.71322e-10
54,0.338253,-0.338253,-0.000100564,3.1036e-09
56,0.338203,-0.338203,-8.76831e-05,5.57995e-09
58,0.338162,-0.338162,-7.66263e-05,8.11326e-09
60,0.338127,-0.338127,-6.64294e-05,1.06734e-08
62,0.338095,-0.338095,-5.91804e-05,1.31328e-08
64,0.338066,-0.338066,-5.30409e-05,1.55542e-08
66,0.338041,-0.338041,-4.76738e-05,1.77086e-08
68,0.338017,-0.338017,-4.25329e-05,1.97848e-08
70,0.337998,-0.337998,-3.86141e-05,2.16653e-08
72,0.337979,-0.337979,-3.49629e-05,2.3503e-08
74,0.337963,-0.337963,-3.19915e-05,2.51137e-08
76,0.337947,-0.337947,-2.91243e-05,2.66896e-08
78,0.337934,-0.337934,-2.70696e-05,2.81465e-08
80,0.33792,-0.33792,-2.50912e-05,2.95922e-08
82,0.337909,-0.337909,-2.32998e-05,3.08042e-08
84,0.337898,-0.337898,-2.15188e-05,3.20054e-08
86,0.337888,-0.337888,-2.00949e-05,3.30462e-08
88,0.337879,-0.337879,-1.86869e-05,3.40774e-08
90,0.337871,-0.337871,-1.75542e-05,3.49404e-08
92,0.337863,-0.337863,-1.64534e-05,3.57936e-08
94,0.337856,-0.337856,-1.56356e-05,3.65595e-08
96,0.337849,-0.337849,-1.4823e-05,3.73083e-08
98,0.337843,-0.337843,-1.40397e-05,3.7959e-08
100,0.337837,-0.337837,-1.32798e-05,3.85957e-08
102,0.337832,-0.337832,-1.26161e-05,3.91745e-08
104,0.337827,-0.337827,-1.19824e-05,3.97415e-08
106,0.337822,-0.337822,-1.14425e-05,4.02719e-08
108,0.337817,-0.337817,-1.09432e-05,4.07909e-08
110,0.337813,-0.337813,-1.05439e-05,4.12817e-08
112,0.337809,-0.337809,-1.0146e-05,4.17247e-08
114,0.337806,-0.337806,-9.75054e-06,4.20732e-08
116,0.337802,-0.337802,-9.37597e-06,4.23379e-08
118,0.337799,-0.337799,-9.03502e-06,4.24675e-08
120,0.337796,-0.337796,-8.72143e-06,4.25554e-08
122,0.337793,-0.337793,-8.44416e-06,4.25879e-08
124,0.33779,-0.33779,-8.20106e-06,4.20476e-08
126,0.337788,-0.337788,-7.99547e-06,4.08782e-08
128,0.337785,-0.337785,-7.78602e-06,4.05026e-08
130,0.337783,-0.337783,-7.57304e-06,4.08496e-08
132,0.33778,-0.33778,-7.37117e-06,4.10118e-08
134,0.337778,-0.337778,-7.17765e-06,4.10347e-08
136,0.337776,-0.337776,-7.00271e-06,4.11184e-08
138,0.337774,-0.337774,-6.83929e-06,4.12399e-08
140,0.337773,-0.337773,-6.70075e-06,4.13264e-08
142,0.337771,-0.337771,-6.57479e-06,4.13953e-08
144,0.337769,-0.337769,-6.44565e-06,4.14537e-08
146,0.337768,-0.337768,-6.31521e-06,4.15079e-08
148,0.337766,-0.337766,-6.19556e-06,4.15347e-08
150,0.337765,-0.337765,-6.07937e-06,4.15529e-08
152,0.337763,-0.337763,-5.97871e-06,4.15655e-08
154,0.337762,-0.337762,-5.88183e-06,4.15769e-08
156,0.337761,-0.337761,-5.80414e-06,4.15726e-08
158,0.33776,-0.33776,-5.72981e-06,4.15657e-08
160,0.337759,-0.337759,-5.6505e-06,4.15491e-08
162,0.337757,-0.337757,-5.57062e-06,4.15315e-08
164,0.337756,-0.337756,-5.49493e-06,4.15056e-08
166,0.337755,-0.337755,-5.41949e-06,4.14793e-08
168,0.337754,-0.337754,-5.35354e-06,4.14679e-08
170,0.337754,-0.337754,-5.28819e-06,4.14567e-08
172,0.337753,-0.337753,-5.23556e-06,4.14496e-08
174,0.337752,-0.337752,-5.18268e-06,4.14434e-08
176,0.337751,-0.337751,-5.12734e-06,4.14461e-08
178,0.33775,-0.33775,-5.07271e-06,4.14515e-08
180,0.33775,-0.33775,-5.0227e-06,4.14745e-08
182,0.337749,-0.337749,-4.97408e-06,4.14989e-08
184,0.337748,-0.337748,-4.93178e-06,4.15299e-08
186,0.337748,-0.337748,-4.89151e-06,4.15586e-08
188,0.337747,-0.337747,-4.85819e-06,4.15796e-08
190,0.337746,-0.337746,-4.82388e-06,4.15963e-08
192,0.337746,-0.337746,-4.78698e-06,4.16016e-08
194,0.337745,-0.337745,-4.75028e-06,4.16089e-08
196,0.337745,-0.337745,-4.714e-06,4.16203e-08
198,0.337744,-0.337744,-4.67901e-06,4.16361e-08
200,0.337744,-0.337744,-4.64623e-06,4.16595e-08
202,0.337743,-0.337743,-4.61572e-06,4.16885e-08
204,0.337743,-0.337743,-4.58842e-06,4.17256e-08
206,0.337742,-0.337742,-4.56022e-06,4.1766e-08
208,0.337742,-0.337742,-4.53098e-06,4.18103e-08
210,0.337742,-0.337742,-4.50291e-06,4.18526e-08
212,0.337741,-0.337741,-4.47597e-06,4.18931e-08
214,0.337741,-0.337741,-4.45094e-06,4.1933e-08
216,0.337741,-0.337741,-4.42744e-06,4.19723e-08
218,0.33774,-0.33774,-4.40623e-06,4.2058e-08
220,0.33774,-0.33774,-4.38653e-06,4.21743e-08
222,0.33774,-0.33774,-4.36424e-06,4.23644e-08
224,0.33774,-0.33774,-4.34053e-06,4.25945e-08
226,0.337739,-0.337739,-4.31576e-06,4.2878e-08
228,0.337739,-0.337739,-4.29051e-06,4.31849e-08
230,0.337739,-0.337739,-4.26676e-06,4.31664e-08
232,0.337739,-0.337739,-4.24354e-06,4.30349e-08
234,0.337739,-0.337739,-4.22861e-06,4.22014e-08
236,0.337738,-0.337738,-4.21591e-06,4.11801e-08
238,0.337738,-0.337738,-4.20287e-06,3.91742e-08
240,0.337738,-0.337738,-4.18977e-06,3.69751e-08
242,0.337738,-0.337738,-4.17702e-06,3.43176e-08
244,0.337738,-0.337738,-4.16432e-06,3.15993e-08
246,0.337738,-0.337738,-4.12697e-06,2.93119e-08
248,0.337738,-0.337738,-4.08775e-06,2.7057e-08
250,0.337737,-0.337737,-4.08944e-06,3.02391e-08
252,0.337737,-0.337737,-4.09184e-06,3.34609e-08
254,0.337737,-0.337737,-4.08272e-06,3.28961e-08
256,0.337737,-0.337737,-4.07301e-06,3.23931e-08
258,0.337737,-0.337737,-4.05562e-06,3.27085e-08
260,0.337737,-0.337737,-4.03752e-06,3.29967e-08
262,0.337737,-0.337737,-4.01397e-06,3.30793e-08
264,0.337737,-0.337737,-3.99218e-06,3.31226e-08
266,0.337737,-0.337737,-3.97935e-06,3.29655e-08
268,0.337737,-0.337737,-3.9653e-06,3.28523e-08
270,0.337737,-0.337737,-3.94664e-06,3.29027e-08
272,0.337737,-0.337737,-3.92847e-06,3.29441e-08
274,0.337737,-0.337737,-3.91173e-06,3.29594e-08
276,0.337737,-0.337737,-3.89519e-06,3.29764e-08
278,0.337737,-0.337737,-3.87911e-06,3.2997e-08
280,0.337738,-0.337738,-3.86378e-06,3.3011e-08
282,0.337738,-0.337738,-3.84983e-06,3.30127e-08
284,0.337738,-0.337738,-3.83449e-06,3.30206e-08
286,0.337738,-0.337738,-3.81704e-06,3.30377e-08
288,0.337738,-0.337738,-3.79904e-06,3.30522e-08
290,0.337738,-0.337738,-3.78036e-06,3.30637e-08
292,0.337738,-0.337738,-3.76151e-06,3.30892e-08
294,0.337738,-0.337738,-3.7425e-06,3.31292e-08
296,0.337739,-0.337739,-3.72398e-06,3.31813e-08
298,0.337739,-0.337739,-3.70589e-06,3.32437e-08
300,0.337739,-0.337739,-3.68609e-06,3.33215e-08
302,0.337739,-0.337739,-3.6651e-06,3.34102e-08
304,0.33774,-0.33774,-3.64402e-06,3.35033e-08
306,0.33774,-0.33774,-3.62289e-06,3.3599e-08
308,0.33774,-0.33774,-3.60162e-06,3.36515e-08
310,0.33774,-0.33774,-3.58027e-06,3.36837e-08
312,0.337741,-0.337741,-3.55933e-06,3.36423e-08
314,0.337741,-0.337741,-3.53854e-06,3.35733e-08
316,0.337741,-0.337741,-3.51335e-06,3.35109e-08
318,0.337742,-0.337742,-3.48686e-06,3.34504e-08
320,0.337742,-0.337742,-3.45829e-06,3.34389e-08
322,0.337743,-0.337743,-3.42926e-06,3.34382e-08
324,0.337743,-0.337743,-3.39811e-06,3.34046e-08
326,0.337743,-0.337743,-3.36664e-06,3.33659e-08
328,0.337744,-0.337744,-3.33504e-06,3.3331e-08
330,0.337744,-0.337744,-3.30343e-06,3.32965e-08
332,0.337745,-0.337745,-3.26639e-06,3.33391e-08
334,0.337745,-0.337745,-3.22913e-06,3.33852e-08
336,0.337746,-0.337746,-3.19101e-06,3.34895e-08
338,0.337747,-0.337747,-3.15279e-06,3.35949e-08
340,0.337747,-0.337747,-3.11267e-06,3.37201e-08
342,0.337748,-0.337748,-3.07261e-06,3.3844e-08
344,0.337748,-0.337748,-3.03304e-06,3.39572e-08
346,0.337749,-0.337749,-2.99196e-06,3.40582e-08
348,0.33775,-0.33775,-2.94216e-06,3.409e-08
350,0.337751,-0.337751,-2.89133e-06,3.41124e-08
352,0.337751,-0.337751,-2.8362e-06,3.40961e-08
354,0.337752,-0.337752,-2.77938e-06,3.40906e-08
356,0.337753,-0.337753,-2.71729e-06,3.4119e-08
358,0.337754,-0.337754,-2.65473e-06,3.42049e-08
360,0.337755,-0.337755,-2.59102e-06,3.44323e-08
362,0.337756,-0.337756,-2.52193e-06,3.44966e-08
364,0.337757,-0.337757,-2.4422e-06,3.42387e-08
366,0.337758,-0.337758,-2.36038e-06,3.37275e-08
368,0.337759,-0.337759,-2.27519e-06,3.28077e-08
370,0.33776,-0.33776,-2.18557e-06,3.20382e-08
372,0.337762,-0.337762,-2.09006e-06,3.14682e-08
374,0.337763,-0.337763,-1.99254e-06,3.04947e-08
376,0.337764,-0.337764,-1.8928e-06,2.90782e-08
378,0.337766,-0.337766,-1.77736e-06,2.85979e-08
380,0.337767,-0.337767,-1.64762e-06,2.897e-08
382,0.337769,-0.337769,-1.50887e-06,2.92083e-08
384,0.337771,-0.337771,-1.36334e-06,2.93458e-08
386,0.337773,-0.337773,-1.20515e-06,2.93274e-08
388,0.337774,-0.337774,-1.03912e-06,2.92121e-08
390,0.337777,-0.337777,-8.66907e-07,2.92861e-08
392,0.337779,-0.337779,-6.91572e-07,2.94557e-08
394,0.337781,-0.337781,-4.742e-07,2.9557e-08
396,0.337783,-0.337783,-2.39735e-07,2.96306e-08
398,0.337786,-0.337786,1.52341e-08,2.89783e-08
400,0.337789,-0.337789,2.76757e-07,2.8094e-08
402,0.337791,-0.337791,5.47738e-07,2.69498e-08
404,0.337794,-0.337794,8.21014e-07,2.57425e-08
406,0.337798,-0.337798,1.11002e-06,2.47562e-08
408,0.337801,-0.337801,1.40176e-06,2.38085e-08
410,0.337805,-0.337805,1.84454e-06,2.30895e-08
412,0.337808,-0.337808,2.30439e-06,2.23963e-08
414,0.337813,-0.337813,2.81904e-06,2.26717e-08
416,0.337817,-0.337817,3.33685e-06,2.30031e-08
418,0.337822,-0.337822,3.74436e-06,2.21085e-08
420,0.337827,-0.337827,4.15253e-06,2.11903e-08
422,0.337832,-0.337832,4.59865e-06,1.99289e-08
424,0.337837,-0.337837,5.09105e-06,1.89227e-08
426,0.337843,-0.337843,6.07575e-06,2.06297e-08
428,0.337849,-0.337849,7.05126e-06,2.24004e-08
430,0.337858,-0.337858,7.96677e-06,2.45864e-08
432,0.337866,-0.337866,8.68356e-06,2.62701e-08
434,0.337874,-0.337874,8.49316e-06,2.56605e-08
436,0.337881,-0.337881,8.1746e-06,2.4265e-08
438,0.337886,-0.337886,7.41855e-06,2.01873e-08
440,0.337892,-0.337892,7.07887e-06,1.75895e-08
442,0.337899,-0.337899,7.84558e-06,1.89244e-08
444,0.337907,-0.337907,8.44948e-06,2.45223e-08
446,0.33792,-0.33792,8.70791e-06,3.91662e-08
448,0.337928,-0.337928,5.53597e-06,5.68845e-08
450,0.337928,-0.337928,-3.54789e-06,7.99017e-08
452,0.337918,-0.337918,-2.29579e-05,9.78656e-08
454,0.337893,-0.337893,-5.69805e-05,1.08679e-07
456,0.337857,-0.337857,-9.62061e-05,1.05973e-07
458,0.33781,-0.337809,-0.000141517,8.74558e-08
460,0.337786,-0.337786,-0.000183613,5.68647e-08
462,0.337787,-0.337787,-0.000222594,1.45708e-08
464,0.33776,-0.33776,-0.000165687,-2.48882e-08
466,0.337711,-0.337711,-3.18004e-05,-6.20714e-08
468,0.337818,-0.337817,0.000391895,-7.43415e-08
470,0.338029,-0.338027,0.00100754,-7.01106e-08
472,0.338436,-0.338431,0.0018949,-5.51315e-08
474,0.338951,-0.338938,0.00292957,-3.43252e-08
476,0.340319,-0.340304,0.00315683,-3.97874e-08
478,0.342059,-0.342046,0.00303027,-5.67607e-08
480,0.342835,-0.342826,0.00241632,-8.40925e-08
482,0.343276,-0.343272,0.00163305,-1.15023e-07
484,0.343844,-0.343842,0.00128251,-1.32369e-07
486,0.344445,-0.344444,0.00104764,-1.46084e-07
488,0.344745,-0.344744,0.000825055,-1.48149e-07
490,0.344985,-0.344984,0.000604882,-1.47928e-07
492,0.345215,-0.345215,0.000492002,-1.4791e-07
494,0.345445,-0.345445,0.000393363,-1.47918e-07
496,0.345574,-0.345574,0.000320614,-1.46856e-07
498,0.345696,-0.345696,0.000249823,-1.45713e-07
