x,v,vx,vy,vz
0,0.347221,-0.347221,4.5338e-05,-8.62548e-08
2,0.347242,-0.347242,3.30478e-05,-9.62304e-08
4,0.347248,-0.347248,1.21493e-05,-9.7708e-08
6,0.347251,-0.347251,-9.04389e-06,-9.75669e-08
8,0.347216,-0.347216,-3.41342e-05,-7.60231e-08
10,0.347182,-0.347182,-6.26118e-05,-5.17435e-08
12,0.347153,-0.347153,-0.000116607,-6.85376e-09
14,0.347104,-0.347104,-0.000184547,3.28719e-08
16,0.346954,-0.346954,-0.000323536,4.6285e-08
18,0.346813,-0.346813,-0.000513647,4.69425e-08
20,0.346705,-0.346704,-0.000894994,-1.15121e-10
22,0.346415,-0.346413,-0.00116974,-4.21186e-08
24,0.345599,-0.345597,-0.00113759,-6.95721e-08
26,0.345016,-0.345015,-0.00100725,-8.4706e-08
28,0.344964,-0.344963,-0.000652859,-7.17261e-08
30,0.344846,-0.344845,-0.000402482,-5.66248e-08
32,0.344604,-0.344604,-0.00034396,-3.76105e-08
34,0.34444,-0.34444,-0.000276082,-2.09345e-08
36,0.344394,-0.344394,-0.000194078,-7.78876e-09
38,0.344333,-0.344333,-0.000138509,2.06714e-09
40,0.344255,-0.344254,-0.000115868,7.82519e-09
42,0.344202,-0.344202,-9.35295e-05,1.23044e-08
44,0.344175,-0.344175,-7.15022e-05,1.54642e-08
46,0.344146,-0.344146,-5.72334e-05,1.78025e-08
48,0.344115,-0.344115,-4.95987e-05,1.94386e-08
50,0.344092,-0.344092,-4.22335e-05,2.11295e-08
52,0.344074,-0.344074,-3.50589e-05,2.28591e-08
54,0.344058,-0.344058,-3.00431e-05,2.42562e-08
56,0.344043,-0.344043,-2.628e-05,2.54604e-08
58,0.344032,-0.344032,-2.31612e-05,2.64898e-08
60,0.344022,-0.344022,-2.0346e-05,2.74368e-08
62,0.344013,-0.344013,-1.84759e-05,2.82775e-08
64,0.344004,-0.344004,-1.69614e-05,2.90781e-08
66,0.343997,-0.343997,-1.55496e-05,2.97932e-08
68,0.34399,-0.34399,-1.41678e-05,3.04832e-08
70,0.343984,-0.343984,-1.30986e-05,3.1076e-08
72,0.343979,-0.343979,-1.20979e-05,3.16476e-08
74,0.343974,-0.343974,-1.13035e-05,3.20911e-08
76,0.343969,-0.343969,-1.05408e-05,3.25149e-08
78,0.343966,-0.343966,-1.00287e-05,3.29039e-08
80,0.343962,-0.343962,-9.54028e-06,3.32896e-08
82,0.343959,-0.343959,-9.0668e-06,3.36125e-08
84,0.343955,-0.343955,-8.59468e-06,3.39324e-08
86,0.343953,-0.343953,-8.21714e-06,3.42106e-08
88,0.34395,-0.34395,-7.84383e-06,3.44854e-08
90,0.343948,-0.343948,-7.54373e-06,3.47021e-08
92,0.343945,-0.343945,-7.25347e-06,3.49164e-08
94,0.343943,-0.343943,-7.05037e-06,3.51099e-08
96,0.343941,-0.343941,-6.84663e-06,3.52984e-08
98,0.343939,-0.343939,-6.63926e-06,3.54579e-08
100,0.343938,-0.343938,-6.43806e-06,3.56112e-08
102,0.343936,-0.343936,-6.26228e-06,3.57389e-08
104,0.343935,-0.343935,-6.09397e-06,3.58572e-08
106,0.343933,-0.343933,-5.94905e-06,3.59461e-08
108,0.343932,-0.343932,-5.81643e-06,3.60309e-08
110,0.343931,-0.343931,-5.71407e-06,3.61059e-08
112,0.34393,-0.34393,-5.61021e-06,3.61803e-08
114,0.343929,-0.343929,-5.50338e-06,3.62537e-08
116,0.343928,-0.343928,-5.40221e-06,3.63278e-08
118,0.343927,-0.343927,-5.31017e-06,3.64032e-08
120,0.343926,-0.343926,-5.22537e-06,3.64584e-08
122,0.343925,-0.343925,-5.15017e-06,3.64868e-08
124,0.343924,-0.343924,-5.08528e-06,3.65223e-08
126,0.343923,-0.343923,-5.0317e-06,3.65655e-08
128,0.343923,-0.343923,-4.97561e-06,3.66229e-08
130,0.343922,-0.343922,-4.91723e-06,3.66933e-08
132,0.343921,-0.343921,-4.86175e-06,3.67342e-08
134,0.343921,-0.343921,-4.80844e-06,3.67529e-08
136,0.34392,-0.34392,-4.75996e-06,3.67628e-08
138,0.34392,-0.34392,-4.71448e-06,3.67671e-08
140,0.343919,-0.343919,-4.6766e-06,3.6767e-08
142,0.343918,-0.343918,-4.64257e-06,3.67646e-08
144,0.343918,-0.343918,-4.60662e-06,3.67628e-08
146,0.343918,-0.343918,-4.56989e-06,3.67614e-08
148,0.343917,-0.343917,-4.5361e-06,3.67589e-08
150,0.343917,-0.343917,-4.50324e-06,3.67562e-08
152,0.343916,-0.343916,-4.47481e-06,3.67489e-08
154,0.343916,-0.343916,-4.44745e-06,3.67405e-08
156,0.343916,-0.343916,-4.42604e-06,3.67296e-08
158,0.343915,-0.343915,-4.40567e-06,3.67182e-08
160,0.343915,-0.343915,-4.38303e-06,3.67063e-08
162,0.343915,-0.343915,-4.36012e-06,3.66943e-08
164,0.343914,-0.343914,-4.33827e-06,3.66827e-08
166,0.343914,-0.343914,-4.31647e-06,3.66711e-08
168,0.343914,-0.343914,-4.29725e-06,3.66594e-08
170,0.343913,-0.343913,-4.27822e-06,3.66479e-08
172,0.343913,-0.343913,-4.26318e-06,3.66389e-08
174,0.343913,-0.343913,-4.24802e-06,3.66301e-08
176,0.343913,-0.343913,-4.2316e-06,3.66238e-08
178,0.343913,-0.343913,-4.21537e-06,3.66182e-08
180,0.343912,-0.343912,-4.20039e-06,3.66171e-08
182,0.343912,-0.343912,-4.18582e-06,3.66164e-08
184,0.343912,-0.343912,-4.17316e-06,3.6618e-08
186,0.343912,-0.343912,-4.16114e-06,3.66198e-08
188,0.343912,-0.343912,-4.15135e-06,3.66226e-08
190,0.343911,-0.343911,-4.14114e-06,3.66253e-08
192,0.343911,-0.343911,-4.12986e-06,3.66277e-08
194,0.343911,-0.343911,-4.11863e-06,3.66297e-08
196,0.343911,-0.343911,-4.10749e-06,3.66306e-08
198,0.343911,-0.343911,-4.09672e-06,3.66308e-08
200,0.343911,-0.343911,-4.08658e-06,3.66298e-08
202,0.343911,-0.343911,-4.07719e-06,3.66301e-08
204,0.343911,-0.343911,-4.06887e-06,3.66322e-08
206,0.34391,-0.34391,-4.06014e-06,3.66372e-08
208,0.34391,-0.34391,-4.05094e-06,3.66454e-08
210,0.34391,-0.34391,-4.04205e-06,3.66551e-08
212,0.34391,-0.34391,-4.03347e-06,3.66661e-08
214,0.34391,-0.34391,-4.02553e-06,3.6678e-08
216,0.34391,-0.34391,-4.0181e-06,3.66906e-08
218,0.34391,-0.34391,-4.01158e-06,3.67041e-08
220,0.34391,-0.34391,-4.00566e-06,3.67182e-08
222,0.34391,-0.34391,-3.99873e-06,3.67312e-08
224,0.34391,-0.34391,-3.99126e-06,3.67437e-08
226,0.34391,-0.34391,-3.98342e-06,3.67361e-08
228,0.34391,-0.34391,-3.97542e-06,3.67198e-08
230,0.34391,-0.34391,-3.96698e-06,3.67106e-08
232,0.34391,-0.34391,-3.95839e-06,3.67039e-08
234,0.343909,-0.343909,-3.9516e-06,3.69189e-08
236,0.343909,-0.343909,-3.94529e-06,3.71931e-08
238,0.343909,-0.343909,-3.93575e-06,3.75642e-08
240,0.343909,-0.343909,-3.92558e-06,3.79543e-08
242,0.343909,-0.343909,-3.92319e-06,3.77321e-08
244,0.343909,-0.343909,-3.92184e-06,3.74286e-08
246,0.343909,-0.343909,-3.90665e-06,3.51852e-08
248,0.343909,-0.343909,-3.89042e-06,3.27951e-08
250,0.343909,-0.343909,-3.90318e-06,3.29152e-08
252,0.343909,-0.343909,-3.91607e-06,3.30849e-08
254,0.343909,-0.343909,-3.90586e-06,3.2815e-08
256,0.343909,-0.343909,-3.89609e-06,3.25502e-08
258,0.343909,-0.343909,-3.89212e-06,3.23538e-08
260,0.343909,-0.343909,-3.88733e-06,3.21979e-08
262,0.343909,-0.343909,-3.87636e-06,3.23464e-08
264,0.343909,-0.343909,-3.86648e-06,3.24579e-08
266,0.343909,-0.343909,-3.86211e-06,3.23804e-08
268,0.34391,-0.34391,-3.85707e-06,3.23354e-08
270,0.34391,-0.34391,-3.84949e-06,3.24118e-08
272,0.34391,-0.34391,-3.84214e-06,3.24625e-08
274,0.34391,-0.34391,-3.83548e-06,3.24393e-08
276,0.34391,-0.34391,-3.8289e-06,3.24332e-08
278,0.34391,-0.34391,-3.82253e-06,3.24661e-08
280,0.34391,-0.34391,-3.8165e-06,3.24904e-08
282,0.34391,-0.34391,-3.81109e-06,3.24987e-08
284,0.34391,-0.34391,-3.80502e-06,3.25149e-08
286,0.34391,-0.34391,-3.79796e-06,3.25428e-08
288,0.34391,-0.34391,-3.79061e-06,3.2567e-08
290,0.34391,-0.34391,-3.78291e-06,3.25866e-08
292,0.34391,-0.34391,-3.77519e-06,3.26072e-08
294,0.34391,-0.34391,-3.76747e-06,3.26288e-08
296,0.343911,-0.343911,-3.75997e-06,3.26479e-08
298,0.343911,-0.343911,-3.75266e-06,3.2665e-08
300,0.343911,-0.343911,-3.74452e-06,3.26802e-08
302,0.343911,-0.343911,-3.73579e-06,3.26939e-08
304,0.343911,-0.343911,-3.72684e-06,3.27052e-08
306,0.343911,-0.343911,-3.71776e-06,3.27151e-08
308,0.343911,-0.343911,-3.70886e-06,3.27235e-08
310,0.343911,-0.343911,-3.70004e-06,3.27312e-08
312,0.343912,-0.343912,-3.6914e-06,3.27374e-08
314,0.343912,-0.343912,-3.68283e-06,3.27431e-08
316,0.343912,-0.343912,-3.67244e-06,3.27485e-08
318,0.343912,-0.343912,-3.66153e-06,3.27539e-08
320,0.343912,-0.343912,-3.64957e-06,3.27582e-08
322,0.343912,-0.343912,-3.63737e-06,3.27623e-08
324,0.343913,-0.343913,-3.62481e-06,3.27634e-08
326,0.343913,-0.343913,-3.61218e-06,3.2764e-08
328,0.343913,-0.343913,-3.59961e-06,3.27631e-08
330,0.343913,-0.343913,-3.58704e-06,3.27621e-08
332,0.343914,-0.343914,-3.57179e-06,3.27617e-08
334,0.343914,-0.343914,-3.55643e-06,3.27614e-08
336,0.343914,-0.343914,-3.54001e-06,3.27602e-08
338,0.343914,-0.343914,-3.52358e-06,3.27584e-08
340,0.343915,-0.343915,-3.50704e-06,3.27469e-08
342,0.343915,-0.343915,-3.49048e-06,3.27351e-08
344,0.343915,-0.343915,-3.47374e-06,3.27208e-08
346,0.343916,-0.343916,-3.45624e-06,3.27083e-08
348,0.343916,-0.343916,-3.43439e-06,3.27058e-08
350,0.343916,-0.343916,-3.41198e-06,3.27046e-08
352,0.343917,-0.343917,-3.3873e-06,3.27087e-08
354,0.343917,-0.343917,-3.36222e-06,3.27099e-08
356,0.343917,-0.343917,-3.33588e-06,3.27024e-08
358,0.343918,-0.343918,-3.30928e-06,3.26862e-08
360,0.343918,-0.343918,-3.28202e-06,3.26488e-08
362,0.343919,-0.343919,-3.25237e-06,3.26008e-08
364,0.343919,-0.343919,-3.21802e-06,3.2532e-08
366,0.34392,-0.34392,-3.18241e-06,3.24579e-08
368,0.34392,-0.34392,-3.14476e-06,3.23752e-08
370,0.343921,-0.343921,-3.10643e-06,3.22946e-08
372,0.343921,-0.343921,-3.06719e-06,3.22168e-08
374,0.343922,-0.343922,-3.02723e-06,3.21718e-08
376,0.343922,-0.343922,-2.98647e-06,3.21627e-08
378,0.343923,-0.343923,-2.93875e-06,3.21713e-08
380,0.343924,-0.343924,-2.88471e-06,3.2196e-08
382,0.343925,-0.343925,-2.82602e-06,3.21959e-08
384,0.343925,-0.343925,-2.76383e-06,3.2177e-08
386,0.343926,-0.343926,-2.6973e-06,3.21324e-08
388,0.343927,-0.343927,-2.62808e-06,3.20718e-08
390,0.343928,-0.343928,-2.5556e-06,3.19853e-08
392,0.343929,-0.343929,-2.48148e-06,3.18857e-08
394,0.34393,-0.34393,-2.39001e-06,3.1789e-08
396,0.343931,-0.343931,-2.29148e-06,3.16934e-08
398,0.343932,-0.343932,-2.18231e-06,3.16316e-08
400,0.343933,-0.343933,-2.06972e-06,3.15807e-08
402,0.343935,-0.343935,-1.94523e-06,3.1102e-08
404,0.343936,-0.343936,-1.81784e-06,3.05195e-08
406,0.343937,-0.343937,-1.67907e-06,2.99519e-08
408,0.343939,-0.343939,-1.53831e-06,2.93868e-08
410,0.343941,-0.343941,-1.34985e-06,2.90036e-08
412,0.343942,-0.343942,-1.156e-06,2.8641e-08
414,0.343944,-0.343944,-9.26188e-07,2.83286e-08
416,0.343946,-0.343946,-6.94295e-07,2.80192e-08
418,0.343949,-0.343949,-4.23035e-07,2.71805e-08
420,0.343951,-0.343951,-1.50197e-07,2.63498e-08
422,0.343954,-0.343954,1.53841e-07,2.58177e-08
424,0.343956,-0.343956,4.69915e-07,2.53388e-08
426,0.34396,-0.34396,9.14005e-07,2.54254e-08
428,0.343963,-0.343963,1.37256e-06,2.55439e-08
430,0.343967,-0.343967,1.92556e-06,2.587e-08
432,0.34397,-0.34397,2.48216e-06,2.63288e-08
434,0.343975,-0.343975,3.05521e-06,2.73935e-08
436,0.34398,-0.34398,3.64662e-06,2.84503e-08
438,0.343985,-0.343985,4.30068e-06,2.94804e-08
440,0.34399,-0.34399,5.18289e-06,3.0674e-08
442,0.343996,-0.343996,6.67134e-06,3.23025e-08
444,0.344003,-0.344003,8.32369e-06,3.4072e-08
446,0.344012,-0.344012,1.03238e-05,3.61405e-08
448,0.344022,-0.344022,1.20789e-05,3.85438e-08
450,0.344032,-0.344032,1.34115e-05,4.15242e-08
452,0.344042,-0.344042,1.48574e-05,4.45104e-08
454,0.344053,-0.344053,1.64635e-05,4.75048e-08
456,0.344063,-0.344063,2.23503e-05,4.7909e-08
458,0.344072,-0.344072,3.32435e-05,4.52839e-08
460,0.344101,-0.344101,4.47771e-05,3.67195e-08
462,0.344149,-0.344149,5.69315e-05,2.23984e-08
464,0.344182,-0.344182,8.38352e-05,1.50019e-09
466,0.344203,-0.344203,0.00012258,-2.46783e-08
468,0.344302,-0.344301,0.000212952,-3.95765e-08
470,0.344451,-0.344451,0.000337519,-4.70033e-08
472,0.344554,-0.344553,0.000643305,-3.19211e-08
474,0.344631,-0.34463,0.00104734,-4.63511e-09
476,0.345234,-0.345232,0.00117454,5.33623e-09
478,0.346067,-0.346065,0.00118043,7.72025e-09
480,0.346343,-0.346342,0.000914743,-6.11597e-09
482,0.346425,-0.346425,0.000554719,-2.55866e-08
484,0.346629,-0.346629,0.000421691,-4.00722e-08
486,0.346866,-0.346866,0.000349345,-5.32252e-08
488,0.346954,-0.346954,0.000264247,-6.29594e-08
490,0.347012,-0.347012,0.000176646,-7.20227e-08
492,0.347082,-0.347082,0.000139254,-7.66079e-08
494,0.347152,-0.347152,0.000108526,-8.05986e-08
496,0.347178,-0.347178,8.29335e-05,-7.8706e-08
498,0.347199,-0.347199,5.77292e-05,-7.63685e-08
