x,v,vx,vy,vz
0,0.345493,-0.345493,0.00029121,5.87439e-07
2,0.345641,-0.345641,0.000273522,4.21594e-07
4,0.345752,-0.345751,0.000276002,2.91402e-07
6,0.345855,-0.345855,0.000275501,1.61501e-07
8,0.345872,-0.345872,0.000235574,3.54457e-08
10,0.345889,-0.345889,0.000163425,-9.58143e-08
12,0.345911,-0.345911,-0.000151461,-2.66281e-07
14,0.345867,-0.345867,-0.000533282,-4.47697e-07
16,0.345485,-0.345483,-0.00125615,-6.849e-07
18,0.345042,-0.345036,-0.00201373,-9.24252e-07
20,0.344365,-0.344353,-0.00290114,-1.17164e-06
22,0.343416,-0.343398,-0.00347858,-1.40645e-06
24,0.341677,-0.341662,-0.00316366,-1.60506e-06
26,0.340345,-0.340334,-0.00270207,-1.79275e-06
28,0.339941,-0.339935,-0.00190578,-1.95555e-06
30,0.339459,-0.339457,-0.00131681,-2.11869e-06
32,0.338832,-0.33883,-0.00111023,-2.28245e-06
34,0.33837,-0.338368,-0.00089924,-2.45413e-06
36,0.338156,-0.338155,-0.000681595,-2.63774e-06
38,0.337924,-0.337923,-0.000524189,-2.82349e-06
40,0.337668,-0.337668,-0.000441815,-3.01189e-06
42,0.337478,-0.337478,-0.000363763,-3.20212e-06
44,0.337355,-0.337355,-0.00029017,-3.39423e-06
46,0.337235,-0.337235,-0.000237581,-3.58813e-06
48,0.337117,-0.337117,-0.000202951,-3.78356e-06
50,0.337027,-0.337026,-0.000172159,-3.98075e-06
52,0.336955,-0.336955,-0.000144078,-4.17919e-06
54,0.33689,-0.33689,-0.000123841,-4.37958e-06
56,0.336829,-0.336829,-0.000108154,-4.58111e-06
58,0.336779,-0.336779,-9.45969e-05,-4.78489e-06
60,0.336735,-0.336735,-8.20428e-05,-4.98974e-06
62,0.336696,-0.336696,-7.30278e-05,-5.19766e-06
64,0.336659,-0.336659,-6.53447e-05,-5.40674e-06
66,0.336628,-0.336628,-5.87022e-05,-5.61923e-06
68,0.336599,-0.336599,-5.23644e-05,-5.83271e-06
70,0.336574,-0.336574,-4.75503e-05,-6.0501e-06
72,0.33655,-0.33655,-4.30699e-05,-6.26835e-06
74,0.33653,-0.33653,-3.93789e-05,-6.49115e-06
76,0.33651,-0.33651,-3.58089e-05,-6.71465e-06
78,0.336493,-0.336493,-3.32476e-05,-6.94342e-06
80,0.336476,-0.336476,-3.07812e-05,-7.17269e-06
82,0.336461,-0.336461,-2.85654e-05,-7.40764e-06
84,0.336447,-0.336447,-2.63636e-05,-7.64287e-06
86,0.336434,-0.336434,-2.46341e-05,-7.8845e-06
88,0.336422,-0.336422,-2.29224e-05,-8.1265e-06
90,0.336412,-0.336412,-2.15173e-05,-8.37498e-06
92,0.336401,-0.336401,-2.01539e-05,-8.62422e-06
94,0.336391,-0.336391,-1.91585e-05,-8.88009e-06
96,0.336382,-0.336382,-1.81683e-05,-9.13702e-06
98,0.336373,-0.336373,-1.72082e-05,-9.40007e-06
100,0.336365,-0.336365,-1.62847e-05,-9.6646e-06
102,0.336357,-0.336357,-1.55122e-05,-9.93525e-06
104,0.33635,-0.33635,-1.47685e-05,-1.02077e-05
106,0.336343,-0.336343,-1.41145e-05,-1.04858e-05
108,0.336336,-0.336336,-1.35198e-05,-1.07661e-05
110,0.336329,-0.336329,-1.30708e-05,-1.10518e-05
112,0.336323,-0.336323,-1.26166e-05,-1.13395e-05
114,0.336317,-0.336317,-1.21521e-05,-1.16313e-05
116,0.336311,-0.336311,-1.17323e-05,-1.19252e-05
118,0.336305,-0.336305,-1.13845e-05,-1.22226e-05
120,0.3363,-0.3363,-1.10542e-05,-1.2521e-05
122,0.336294,-0.336294,-1.07471e-05,-1.28207e-05
124,0.336288,-0.336288,-1.0503e-05,-1.31206e-05
126,0.336283,-0.336283,-1.03281e-05,-1.34207e-05
128,0.336277,-0.336277,-1.01412e-05,-1.37178e-05
130,0.336272,-0.336272,-9.94365e-06,-1.4012e-05
132,0.336266,-0.336266,-9.80322e-06,-1.43011e-05
134,0.336261,-0.336261,-9.70584e-06,-1.45862e-05
136,0.336255,-0.336255,-9.60965e-06,-1.48601e-05
138,0.336249,-0.336249,-9.51419e-06,-1.51269e-05
140,0.336243,-0.336243,-9.50084e-06,-1.53765e-05
142,0.336237,-0.336237,-9.52903e-06,-1.56174e-05
144,0.336231,-0.336231,-9.53537e-06,-1.58294e-05
146,0.336224,-0.336224,-9.53283e-06,-1.60298e-05
148,0.336217,-0.336217,-9.65341e-06,-1.61883e-05
150,0.33621,-0.33621,-9.81333e-06,-1.63335e-05
152,0.336202,-0.336202,-9.90937e-06,-1.64156e-05
154,0.336194,-0.336194,-9.9899e-06,-1.64824e-05
156,0.336185,-0.336185,-1.02462e-05,-1.64592e-05
158,0.336176,-0.336176,-1.05331e-05,-1.64203e-05
160,0.336166,-0.336166,-1.07027e-05,-1.62496e-05
162,0.336155,-0.336155,-1.0859e-05,-1.6064e-05
164,0.336143,-0.336143,-1.13325e-05,-1.5686e-05
166,0.336131,-0.336131,-1.18243e-05,-1.52968e-05
168,0.336116,-0.336116,-1.21111e-05,-1.46211e-05
170,0.336101,-0.336101,-1.24129e-05,-1.39274e-05
172,0.336083,-0.336083,-1.31238e-05,-1.28464e-05
174,0.336065,-0.336065,-1.383e-05,-1.17162e-05
176,0.336044,-0.336044,-1.44856e-05,-1.00637e-05
178,0.336021,-0.336021,-1.52297e-05,-8.30528e-06
180,0.335995,-0.335995,-1.65517e-05,-5.85501e-06
182,0.335967,-0.335967,-1.78995e-05,-3.19787e-06
184,0.335935,-0.335935,-1.93655e-05,4.03616e-07
186,0.335901,-0.335901,-2.10005e-05,4.36468e-06
188,0.335861,-0.335861,-2.3212e-05,9.55325e-06
190,0.335819,-0.335819,-2.55592e-05,1.53824e-05
192,0.33577,-0.33577,-2.82671e-05,2.29139e-05
194,0.335717,-0.335717,-3.12199e-05,3.1464e-05
196,0.335656,-0.335656,-3.46922e-05,4.21758e-05
198,0.335589,-0.335589,-3.81635e-05,5.4708e-05
200,0.335512,-0.335512,-4.16329e-05,7.03774e-05
202,0.335425,-0.335425,-4.50468e-05,8.88936e-05
204,0.335325,-0.335325,-4.83821e-05,0.000111438
206,0.335211,-0.335211,-5.1947e-05,0.000139398
208,0.335079,-0.335079,-5.57806e-05,0.000173691
210,0.334926,-0.334926,-5.81171e-05,0.000216385
212,0.334753,-0.334753,-5.90027e-05,0.000267222
214,0.334549,-0.334549,-6.3002e-05,0.000334936
216,0.33432,-0.33432,-6.95008e-05,0.000416199
218,0.33406,-0.33406,-5.97627e-05,0.000521926
220,0.333779,-0.333779,-3.92703e-05,0.000643859
222,0.333453,-0.333452,-4.71925e-05,0.000809469
224,0.333102,-0.333101,-7.05202e-05,0.000998761
226,0.33262,-0.332617,-9.43753e-05,0.00125009
228,0.33208,-0.332076,-0.000118462,0.0015286
230,0.331422,-0.331415,-2.54865e-05,0.00201694
232,0.330723,-0.330713,0.000108152,0.00257816
234,0.329524,-0.329507,6.86022e-05,0.00335516
236,0.328193,-0.328167,-1.72453e-05,0.00418985
238,0.326757,-0.326693,0.00187952,0.00616681
240,0.325328,-0.325194,0.0041654,0.00836795
242,0.329619,-0.329219,0.011324,0.0116189
244,0.334862,-0.333978,0.0191295,0.0150092
246,0.34517,-0.344332,0.0192306,0.0144023
248,0.355861,-0.35511,0.0187489,0.0134931
250,0.36089,-0.360621,0.0109275,0.00867613
252,0.365895,-0.365863,0.00301709,0.00377205
254,0.365226,-0.365223,-0.00126185,-0.000855534
256,0.364307,-0.36422,-0.0057506,-0.00547428
258,0.358812,-0.358437,-0.0130135,-0.0099762
260,0.352926,-0.352115,-0.0193905,-0.0139916
262,0.34256,-0.341727,-0.0190933,-0.014342
264,0.333107,-0.332347,-0.0175498,-0.0140474
266,0.328411,-0.328102,-0.00965595,-0.0104667
268,0.325243,-0.325149,-0.0030152,-0.00721341
270,0.327072,-0.327029,-0.00106204,-0.00518529
272,0.328786,-0.328767,0.000290087,-0.00351547
274,0.33011,-0.330097,-8.80655e-05,-0.00287713
276,0.331192,-0.331184,-0.000324864,-0.00228677
278,0.33172,-0.331715,-0.000239086,-0.00180591
280,0.332224,-0.332221,-0.000147005,-0.00139382
282,0.332684,-0.332683,-4.32982e-05,-0.00110856
284,0.333113,-0.333112,2.64643e-05,-0.000860704
286,0.333494,-0.333494,4.49772e-05,-0.000669301
288,0.33384,-0.33384,5.86252e-05,-0.000515261
290,0.334142,-0.334142,6.62134e-05,-0.00040776
292,0.334407,-0.334407,6.65531e-05,-0.000318465
294,0.334635,-0.334635,5.94142e-05,-0.000247953
296,0.334834,-0.334833,5.39799e-05,-0.000192956
298,0.335006,-0.335006,5.00032e-05,-0.000151225
300,0.335153,-0.335153,4.45032e-05,-0.000117738
302,0.335283,-0.335283,3.79267e-05,-9.00765e-05
304,0.335392,-0.335392,3.30509e-05,-6.8957e-05
306,0.335489,-0.335489,2.91619e-05,-5.16335e-05
308,0.335571,-0.335571,2.52946e-05,-3.81278e-05
310,0.335645,-0.335645,2.14376e-05,-2.64212e-05
312,0.335706,-0.335706,1.86609e-05,-1.76609e-05
314,0.335763,-0.335763,1.62909e-05,-1.00093e-05
316,0.33581,-0.33581,1.41088e-05,-4.22804e-06
318,0.335854,-0.335854,1.19817e-05,1.00538e-06
320,0.335891,-0.335891,1.02871e-05,4.80916e-06
322,0.335926,-0.335926,8.68724e-06,8.29976e-06
324,0.335955,-0.335955,7.372e-06,1.08209e-05
326,0.335983,-0.335983,6.10036e-06,1.31935e-05
328,0.336006,-0.336006,5.10352e-06,1.48236e-05
330,0.336028,-0.336028,4.13251e-06,1.63838e-05
332,0.336047,-0.336047,3.34665e-06,1.74156e-05
334,0.336066,-0.336066,2.569e-06,1.84228e-05
336,0.336081,-0.336081,1.87755e-06,1.90298e-05
338,0.336097,-0.336097,1.19736e-06,1.96214e-05
340,0.33611,-0.33611,7.11832e-07,1.99474e-05
342,0.336123,-0.336123,2.34543e-07,2.02523e-05
344,0.336134,-0.336134,-1.69903e-07,2.0371e-05
346,0.336145,-0.336145,-5.55066e-07,2.04681e-05
348,0.336154,-0.336154,-8.29615e-07,2.04409e-05
350,0.336164,-0.336164,-1.10441e-06,2.03927e-05
352,0.336172,-0.336172,-1.3802e-06,2.02579e-05
354,0.33618,-0.33618,-1.62223e-06,2.01051e-05
356,0.336188,-0.336188,-1.75862e-06,1.9896e-05
358,0.336195,-0.336195,-1.89312e-06,1.96706e-05
360,0.336201,-0.336201,-2.02295e-06,1.94053e-05
362,0.336208,-0.336208,-2.11818e-06,1.91277e-05
364,0.336214,-0.336214,-2.14502e-06,1.8826e-05
366,0.33622,-0.33622,-2.18409e-06,1.8515e-05
368,0.336225,-0.336225,-2.24289e-06,1.81892e-05
370,0.33623,-0.33623,-2.25524e-06,1.78581e-05
372,0.336236,-0.336236,-2.20593e-06,1.752e-05
374,0.336241,-0.336241,-2.16609e-06,1.71755e-05
376,0.336245,-0.336245,-2.13664e-06,1.68241e-05
378,0.33625,-0.33625,-2.0542e-06,1.64692e-05
380,0.336255,-0.336254,-1.9235e-06,1.61112e-05
382,0.336259,-0.336259,-1.81146e-06,1.57546e-05
384,0.336263,-0.336263,-1.71347e-06,1.53991e-05
386,0.336268,-0.336268,-1.55864e-06,1.50465e-05
388,0.336272,-0.336272,-1.36855e-06,1.46957e-05
390,0.336276,-0.336276,-1.19602e-06,1.43479e-05
392,0.336281,-0.336281,-1.03237e-06,1.40015e-05
394,0.336285,-0.336285,-7.80055e-07,1.36596e-05
396,0.33629,-0.33629,-4.91684e-07,1.33194e-05
398,0.336294,-0.336294,-2.20918e-07,1.29847e-05
400,0.336299,-0.336299,4.42214e-08,1.26517e-05
402,0.336303,-0.336303,3.52164e-07,1.23261e-05
404,0.336308,-0.336308,6.70497e-07,1.20022e-05
406,0.336313,-0.336313,9.6623e-07,1.16854e-05
408,0.336318,-0.336318,1.25802e-06,1.13697e-05
410,0.336323,-0.336323,1.77134e-06,1.10634e-05
412,0.336328,-0.336328,2.3097e-06,1.07581e-05
414,0.336334,-0.336334,2.86229e-06,1.046e-05
416,0.33634,-0.33634,3.4157e-06,1.01623e-05
418,0.336346,-0.336346,3.88884e-06,9.8715e-06
420,0.336353,-0.336353,4.36196e-06,9.58117e-06
422,0.336359,-0.336359,4.85005e-06,9.30093e-06
424,0.336365,-0.336365,5.38913e-06,9.02167e-06
426,0.336373,-0.336373,6.47052e-06,8.75271e-06
428,0.336381,-0.336381,7.52331e-06,8.48476e-06
430,0.336391,-0.336391,8.38924e-06,8.22332e-06
432,0.3364,-0.3364,8.98074e-06,7.96243e-06
434,0.33641,-0.33641,8.31936e-06,7.70407e-06
436,0.336418,-0.336418,7.42602e-06,7.44662e-06
438,0.336423,-0.336423,5.74086e-06,7.19226e-06
440,0.336428,-0.336428,4.54469e-06,6.94199e-06
442,0.336434,-0.336434,4.64782e-06,6.70258e-06
444,0.336441,-0.336441,4.55176e-06,6.472e-06
446,0.336452,-0.336452,4.03301e-06,6.26019e-06
448,0.336457,-0.336457,-2.27662e-06,6.05302e-06
450,0.336449,-0.336449,-1.85663e-05,5.85384e-06
452,0.336427,-0.336427,-5.29865e-05,5.64721e-06
454,0.336384,-0.336384,-0.000113063,5.43004e-06
456,0.336322,-0.336322,-0.000182331,5.19925e-06
458,0.336237,-0.336236,-0.000262348,4.95253e-06
460,0.336174,-0.336174,-0.000327241,4.69564e-06
462,0.336133,-0.336132,-0.000377476,4.42889e-06
464,0.336067,-0.336067,-0.000288498,4.17406e-06
466,0.335981,-0.335981,-8.77569e-05,3.92881e-06
468,0.336088,-0.336087,0.000466314,3.71316e-06
470,0.336323,-0.33632,0.00125441,3.51712e-06
472,0.336833,-0.336825,0.00228289,3.32654e-06
474,0.337495,-0.337477,0.00344169,3.13891e-06
476,0.339057,-0.339037,0.00366619,2.93005e-06
478,0.341013,-0.340995,0.00348127,2.71187e-06
480,0.341914,-0.341903,0.00278483,2.49097e-06
482,0.342451,-0.342446,0.00191069,2.26911e-06
484,0.343115,-0.343112,0.00151195,2.06455e-06
486,0.343813,-0.343811,0.00124031,1.86461e-06
488,0.344173,-0.344172,0.0009844,1.67607e-06
490,0.344467,-0.344466,0.000731583,1.48976e-06
492,0.344747,-0.344746,0.00059796,1.30222e-06
494,0.345025,-0.345025,0.000480159,1.11451e-06
496,0.345189,-0.345189,0.000394326,9.34199e-07
498,0.345344,-0.345344,0.000310911,7.54445e-07
