x,v,vx,vy,vz
0,0.344031,-0.34403,0.000650914,8.44201e-06
2,0.344328,-0.344327,0.000700762,8.45548e-06
4,0.344634,-0.344633,0.000774461,8.42208e-06
6,0.344931,-0.34493,0.000832272,8.38993e-06
8,0.345106,-0.345105,0.000680004,8.37443e-06
10,0.345269,-0.345268,0.000458043,8.36543e-06
12,0.345341,-0.345341,-0.000288949,8.40536e-06
14,0.345289,-0.345287,-0.00110299,8.44988e-06
16,0.344597,-0.34459,-0.00225865,8.51776e-06
18,0.343819,-0.343802,-0.00338336,8.61174e-06
20,0.342705,-0.342677,-0.00439228,8.8034e-06
22,0.341311,-0.341274,-0.00500789,8.99776e-06
24,0.339103,-0.339073,-0.00449121,9.19989e-06
26,0.337357,-0.337336,-0.00382269,9.41392e-06
28,0.336666,-0.336654,-0.00280767,9.65506e-06
30,0.335894,-0.335888,-0.00204613,9.92203e-06
32,0.334968,-0.334963,-0.00175212,1.02367e-05
34,0.334262,-0.334259,-0.00144928,1.05695e-05
36,0.333889,-0.333888,-0.00113309,1.09298e-05
38,0.333494,-0.333493,-0.000899595,1.13181e-05
40,0.333069,-0.333068,-0.000769085,1.17413e-05
42,0.332743,-0.332742,-0.000644613,1.2191e-05
44,0.332517,-0.332517,-0.000526373,1.26681e-05
46,0.332301,-0.332301,-0.000438248,1.31784e-05
48,0.332093,-0.332093,-0.000375872,1.37169e-05
50,0.33193,-0.33193,-0.000321343,1.42994e-05
52,0.331798,-0.331798,-0.000272358,1.49129e-05
54,0.331676,-0.331676,-0.000236109,1.55757e-05
56,0.33156,-0.33156,-0.00020725,1.6267e-05
58,0.331465,-0.331465,-0.000181987,1.70149e-05
60,0.331379,-0.331379,-0.000158418,1.77895e-05
62,0.331304,-0.331304,-0.00014064,1.86307e-05
64,0.331234,-0.331234,-0.000125042,1.94969e-05
66,0.331174,-0.331174,-0.000112104,2.04498e-05
68,0.331118,-0.331118,-9.99458e-05,2.14281e-05
70,0.331069,-0.331069,-9.05646e-05,2.2502e-05
72,0.331022,-0.331022,-8.17917e-05,2.35969e-05
74,0.330982,-0.330982,-7.45331e-05,2.48022e-05
76,0.330942,-0.330942,-6.75065e-05,2.60244e-05
78,0.330908,-0.330908,-6.21764e-05,2.73742e-05
80,0.330874,-0.330874,-5.70059e-05,2.8736e-05
82,0.330844,-0.330844,-5.26849e-05,3.02645e-05
84,0.330815,-0.330815,-4.84048e-05,3.18012e-05
86,0.33079,-0.33079,-4.49393e-05,3.35176e-05
88,0.330765,-0.330765,-4.15129e-05,3.5245e-05
90,0.330742,-0.330742,-3.87646e-05,3.71643e-05
92,0.330719,-0.330719,-3.6084e-05,3.91065e-05
94,0.330699,-0.330699,-3.4003e-05,4.12524e-05
96,0.330679,-0.330679,-3.19638e-05,4.34403e-05
98,0.33066,-0.33066,-3.01653e-05,4.58689e-05
100,0.330642,-0.330642,-2.84217e-05,4.83565e-05
102,0.330625,-0.330625,-2.69048e-05,5.1087e-05
104,0.330608,-0.330608,-2.54812e-05,5.39013e-05
106,0.330592,-0.330592,-2.43494e-05,5.69776e-05
108,0.330576,-0.330576,-2.33117e-05,6.01659e-05
110,0.33056,-0.33056,-2.25051e-05,6.36293e-05
112,0.330545,-0.330545,-2.17492e-05,6.72564e-05
114,0.33053,-0.33053,-2.10937e-05,7.12067e-05
116,0.330515,-0.330515,-2.04875e-05,7.53592e-05
118,0.3305,-0.3305,-1.99607e-05,7.98376e-05
120,0.330485,-0.330485,-1.95555e-05,8.45804e-05
122,0.33047,-0.33047,-1.93117e-05,8.9674e-05
124,0.330455,-0.330455,-1.91585e-05,9.51072e-05
126,0.330439,-0.330439,-1.91048e-05,0.000100913
128,0.330423,-0.330423,-1.91365e-05,0.000107181
130,0.330407,-0.330407,-1.92461e-05,0.000113869
132,0.33039,-0.33039,-1.9406e-05,0.000121125
134,0.330373,-0.330373,-1.96039e-05,0.000128808
136,0.330355,-0.330355,-1.99533e-05,0.00013722
138,0.330337,-0.330337,-2.03968e-05,0.000146085
140,0.330317,-0.330317,-2.09473e-05,0.000155873
142,0.330298,-0.330297,-2.15521e-05,0.000166127
144,0.330276,-0.330276,-2.2426e-05,0.000177618
146,0.330254,-0.330254,-2.34095e-05,0.000189611
148,0.33023,-0.33023,-2.45358e-05,0.000203145
150,0.330205,-0.330205,-2.57077e-05,0.000217172
152,0.330177,-0.330177,-2.73111e-05,0.000233158
154,0.330149,-0.330149,-2.90192e-05,0.00024962
156,0.330117,-0.330117,-3.09676e-05,0.00026863
158,0.330085,-0.330085,-3.2958e-05,0.000288084
160,0.330048,-0.330048,-3.559e-05,0.000310853
162,0.33001,-0.33001,-3.82944e-05,0.000333996
164,0.329966,-0.329966,-4.13391e-05,0.000361461
166,0.329922,-0.329922,-4.44033e-05,0.000389177
168,0.32987,-0.32987,-4.88816e-05,0.000422253
170,0.329817,-0.329817,-5.34208e-05,0.000455643
172,0.329754,-0.329754,-5.91858e-05,0.000495738
174,0.32969,-0.329689,-6.49657e-05,0.000536606
176,0.329612,-0.329612,-7.09025e-05,0.000585708
178,0.329534,-0.329533,-7.70136e-05,0.000636285
180,0.329444,-0.329443,-8.4263e-05,0.000696492
182,0.32935,-0.329349,-9.28253e-05,0.00075878
184,0.329236,-0.329235,-0.000107381,0.00083057
186,0.329113,-0.329112,-0.000122837,0.000906361
188,0.328959,-0.328957,-0.000141366,0.000995812
190,0.328794,-0.328792,-0.000158311,0.00109238
192,0.328601,-0.328599,-0.00017105,0.00120785
194,0.328399,-0.328396,-0.000186246,0.00133187
196,0.328177,-0.328174,-0.000206657,0.001474
198,0.327917,-0.327913,-0.000238276,0.00161989
200,0.327588,-0.327583,-0.000289212,0.00177226
202,0.327189,-0.327184,-0.000342822,0.00194547
204,0.326691,-0.326684,-0.000400216,0.00214815
206,0.326128,-0.326118,-0.000465751,0.00240846
208,0.325489,-0.325477,-0.000540808,0.00273617
210,0.324671,-0.324655,-0.000632087,0.00309458
212,0.323679,-0.323659,-0.000739089,0.00348275
214,0.322356,-0.322331,-0.000892512,0.00389444
216,0.320766,-0.320735,-0.0010832,0.00432502
218,0.318376,-0.318335,-0.00145052,0.00491825
220,0.315457,-0.315401,-0.00193483,0.0056192
222,0.311508,-0.311427,-0.0025762,0.00660347
224,0.307005,-0.30689,-0.00330274,0.00774135
226,0.299453,-0.299298,-0.00316351,0.00910969
228,0.290573,-0.290368,-0.0026449,0.010579
230,0.281903,-0.281584,-0.00120852,0.0133589
232,0.273354,-0.27285,0.00054667,0.0165941
234,0.259298,-0.258145,0.00310122,0.0242269
236,0.244161,-0.241845,0.00586947,0.0330353
238,0.235055,-0.230847,0.0100394,0.0431273
240,0.227731,-0.22089,0.0144844,0.0534713
242,0.199494,-0.178458,0.0502179,0.0736804
244,0.185824,-0.131715,0.0901048,0.095199
246,0.210764,-0.120951,0.169254,0.0338442
248,0.277628,-0.112908,0.251373,-0.0337783
250,0.39412,-0.216154,0.327701,-0.0349307
252,0.513511,-0.322156,0.398601,-0.0320343
254,0.503739,-0.431667,0.249147,0.0730931
256,0.566895,-0.529095,0.105989,0.173766
258,0.51618,-0.466751,0.046096,0.215546
260,0.475683,-0.407261,-0.00430589,0.245754
262,0.415064,-0.369264,0.016792,0.188785
264,0.364959,-0.337065,0.031744,0.136289
266,0.351312,-0.3344,0.0153809,0.106584
268,0.339572,-0.33003,0.00292992,0.0798781
270,0.325753,-0.319286,0.00511282,0.0643876
272,0.315668,-0.311604,0.00660376,0.0500567
274,0.31523,-0.312741,0.00610271,0.0390639
276,0.315778,-0.314304,0.00568987,0.0299376
278,0.317878,-0.316841,0.00547835,0.0250707
280,0.319754,-0.319065,0.00459047,0.0204771
282,0.32114,-0.320712,0.00245508,0.0163877
284,0.321658,-0.321388,0.00108205,0.0131479
286,0.320793,-0.320597,0.00086002,0.0111909
288,0.320722,-0.32058,0.000985847,0.00949066
290,0.321635,-0.321529,0.00154497,0.00811027
292,0.322725,-0.322645,0.00176458,0.00697021
294,0.323997,-0.323935,0.00163392,0.00607812
296,0.324987,-0.324941,0.00132528,0.00527168
298,0.325737,-0.325704,0.000864466,0.00453848
300,0.326202,-0.326177,0.000591511,0.00393756
302,0.326464,-0.326446,0.00045131,0.00343012
304,0.326763,-0.326749,0.000421034,0.00301514
306,0.327083,-0.327072,0.000454541,0.00265381
308,0.327416,-0.327407,0.000440059,0.00235952
310,0.327756,-0.327749,0.00040296,0.00209683
312,0.32803,-0.328025,0.000343925,0.00188527
314,0.328281,-0.328277,0.000276635,0.00169295
316,0.328474,-0.328471,0.000232676,0.00152808
318,0.328651,-0.328648,0.000195551,0.00137125
320,0.328796,-0.328793,0.000176439,0.00124141
322,0.328934,-0.328932,0.000161274,0.00111747
324,0.329057,-0.329055,0.000147141,0.00101832
326,0.329178,-0.329177,0.000133166,0.000922966
328,0.329281,-0.32928,0.000120039,0.000847886
330,0.329382,-0.329381,0.000106992,0.000774713
332,0.329467,-0.329466,9.54947e-05,0.000712603
334,0.32955,-0.32955,8.40879e-05,0.000651029
336,0.329616,-0.329615,7.6097e-05,0.000600487
338,0.329681,-0.329681,6.82295e-05,0.000550457
340,0.329737,-0.329737,6.2493e-05,0.000509297
342,0.329792,-0.329792,5.69117e-05,0.000468937
344,0.329841,-0.32984,5.27043e-05,0.000435655
346,0.329888,-0.329888,4.84812e-05,0.000403094
348,0.32993,-0.32993,4.41676e-05,0.000374667
350,0.32997,-0.32997,4.00481e-05,0.00034713
352,0.330005,-0.330004,3.67276e-05,0.000323264
354,0.330038,-0.330038,3.362e-05,0.000300298
356,0.330068,-0.330068,3.11786e-05,0.000280146
358,0.330097,-0.330096,2.89689e-05,0.000260944
360,0.330123,-0.330123,2.73291e-05,0.000244078
362,0.330148,-0.330148,2.56629e-05,0.000227968
364,0.330172,-0.330172,2.39446e-05,0.000213353
366,0.330195,-0.330194,2.23684e-05,0.000199543
368,0.330215,-0.330215,2.10215e-05,0.000187029
370,0.330234,-0.330234,1.98136e-05,0.000175251
372,0.330253,-0.330253,1.87902e-05,0.000164449
374,0.33027,-0.33027,1.79469e-05,0.000154388
376,0.330287,-0.330287,1.73015e-05,0.00014514
378,0.330303,-0.330303,1.66568e-05,0.000136484
380,0.330319,-0.330319,1.60129e-05,0.000128367
382,0.330333,-0.330333,1.54806e-05,0.000120851
384,0.330347,-0.330347,1.50325e-05,0.000113788
386,0.330361,-0.330361,1.46604e-05,0.000107266
388,0.330374,-0.330374,1.43356e-05,0.00010108
390,0.330387,-0.330387,1.41325e-05,9.54318e-05
392,0.330399,-0.330399,1.39911e-05,9.0056e-05
394,0.330412,-0.330412,1.39014e-05,8.51057e-05
396,0.330424,-0.330424,1.38326e-05,8.03285e-05
398,0.330436,-0.330436,1.38454e-05,7.5983e-05
400,0.330448,-0.330448,1.38842e-05,7.17754e-05
402,0.330459,-0.330459,1.39311e-05,6.7957e-05
404,0.330471,-0.330471,1.39799e-05,6.42331e-05
406,0.330482,-0.330482,1.41265e-05,6.08952e-05
408,0.330493,-0.330493,1.429e-05,5.76245e-05
410,0.330505,-0.330505,1.48397e-05,5.46584e-05
412,0.330517,-0.330517,1.54331e-05,5.17267e-05
414,0.33053,-0.33053,1.63908e-05,4.91026e-05
416,0.330542,-0.330542,1.73696e-05,4.64962e-05
418,0.330556,-0.330556,1.80343e-05,4.41744e-05
420,0.33057,-0.33057,1.86777e-05,4.18654e-05
422,0.330583,-0.330583,1.88585e-05,3.98173e-05
424,0.330596,-0.330596,1.90551e-05,3.77863e-05
426,0.330611,-0.330611,1.94199e-05,3.59369e-05
428,0.330627,-0.330627,1.96906e-05,3.41127e-05
430,0.330645,-0.330645,1.93472e-05,3.24528e-05
432,0.330664,-0.330664,1.83823e-05,3.08223e-05
434,0.330679,-0.330679,1.45809e-05,2.93266e-05
436,0.330691,-0.330691,1.03548e-05,2.78711e-05
438,0.330695,-0.330695,4.67903e-06,2.65527e-05
440,0.330696,-0.330696,6.2626e-07,2.52754e-05
442,0.330691,-0.330691,8.85968e-07,2.41074e-05
444,0.330684,-0.330684,-3.43782e-06,2.2978e-05
446,0.330675,-0.330675,-1.74876e-05,2.19302e-05
448,0.330647,-0.330647,-6.68278e-05,2.09149e-05
450,0.330589,-0.330589,-0.000176988,1.99554e-05
452,0.330471,-0.330471,-0.000349573,1.90332e-05
454,0.330269,-0.330269,-0.000610495,1.81636e-05
456,0.32999,-0.329989,-0.000862097,1.73337e-05
458,0.329619,-0.329617,-0.0011028,1.65505e-05
460,0.329279,-0.329277,-0.00119502,1.58243e-05
462,0.328969,-0.328967,-0.00114334,1.51534e-05
464,0.328711,-0.32871,-0.000739423,1.45283e-05
466,0.328496,-0.328496,-5.27284e-05,1.39397e-05
468,0.328696,-0.328694,0.00109997,1.33366e-05
470,0.329176,-0.329166,0.00256132,1.27237e-05
472,0.330208,-0.330184,0.0040412,1.21529e-05
474,0.331543,-0.331497,0.00553112,1.16047e-05
476,0.333802,-0.333754,0.00568052,1.11588e-05
478,0.336466,-0.336425,0.00524251,1.07577e-05
480,0.337851,-0.337824,0.00424145,1.04043e-05
482,0.338796,-0.338782,0.00304481,1.00676e-05
484,0.339874,-0.339865,0.00246875,9.76765e-06
486,0.340987,-0.340981,0.00205859,9.47748e-06
488,0.341603,-0.341599,0.00166376,9.22355e-06
490,0.342122,-0.342119,0.00127195,8.97673e-06
492,0.342624,-0.342622,0.00104856,8.79685e-06
494,0.343124,-0.343123,0.000847533,8.62585e-06
496,0.343436,-0.343436,0.00072363,8.52526e-06
498,0.343734,-0.343734,0.000605561,8.42999e-06
