x,v,vx,vy,vz
0,0.343298,-0.343296,0.00109514,0.000137174
2,0.343782,-0.34378,0.00122156,0.000138334
4,0.344304,-0.344301,0.00129645,0.000139936
6,0.344811,-0.344808,0.00134169,0.000141602
8,0.345128,-0.345127,0.000994715,0.000144095
10,0.345415,-0.345415,0.000561771,0.000146629
12,0.345472,-0.345471,-0.000518839,0.000149459
14,0.345377,-0.345373,-0.00164509,0.000152348
16,0.344497,-0.344483,-0.00300393,0.00015553
18,0.343511,-0.343484,-0.00429408,0.000158791
20,0.342112,-0.342071,-0.00532729,0.00016235
22,0.340433,-0.340382,-0.00593872,0.000165876
24,0.337939,-0.337896,-0.00533587,0.000169305
26,0.335917,-0.335886,-0.00457656,0.000172792
28,0.334978,-0.33496,-0.0034602,0.000176411
30,0.333977,-0.333967,-0.00261001,0.000180263
32,0.332859,-0.332851,-0.00225077,0.000184547
34,0.331985,-0.33198,-0.00188514,0.000189019
36,0.331481,-0.331477,-0.00150985,0.000193778
38,0.33095,-0.330948,-0.0012271,0.00019881
40,0.330387,-0.330385,-0.00105963,0.000204183
42,0.329948,-0.329947,-0.00089912,0.00020981
44,0.329639,-0.329638,-0.000745783,0.000215699
46,0.329344,-0.329343,-0.000627329,0.000221941
48,0.32906,-0.32906,-0.000538702,0.000228485
50,0.328841,-0.328841,-0.000462444,0.000235479
52,0.328669,-0.328668,-0.000394927,0.000242789
54,0.328503,-0.328503,-0.000344093,0.000250587
56,0.328342,-0.328341,-0.000302937,0.000258669
58,0.328214,-0.328214,-0.000265999,0.000267298
60,0.328103,-0.328103,-0.000231048,0.000276184
62,0.328007,-0.328007,-0.000203485,0.000285763
64,0.327917,-0.327917,-0.000178703,0.000295603
66,0.327847,-0.327847,-0.0001585,0.000306325
68,0.327782,-0.327782,-0.000139638,0.000317304
70,0.327727,-0.327727,-0.000124878,0.000329238
72,0.327674,-0.327674,-0.000111017,0.000341382
74,0.327634,-0.327633,-9.89027e-05,0.000354618
76,0.327595,-0.327594,-8.7056e-05,0.000368022
78,0.327567,-0.327566,-7.74452e-05,0.00038278
80,0.327539,-0.327539,-6.80446e-05,0.000397665
82,0.327521,-0.327521,-6.00892e-05,0.000414271
84,0.327503,-0.327502,-5.22013e-05,0.000430962
86,0.327493,-0.327493,-4.54187e-05,0.000449486
88,0.327484,-0.327484,-3.86879e-05,0.000468123
90,0.327482,-0.327482,-3.28517e-05,0.000488708
92,0.32748,-0.32748,-2.71023e-05,0.00050954
94,0.327485,-0.327485,-2.21196e-05,0.000532557
96,0.327491,-0.32749,-1.71277e-05,0.000556011
98,0.327502,-0.327501,-1.20831e-05,0.000581967
100,0.327514,-0.327514,-7.0276e-06,0.000608538
102,0.327533,-0.327532,-1.92697e-06,0.000637643
104,0.327554,-0.327553,3.04375e-06,0.000667614
106,0.327579,-0.327578,7.60802e-06,0.000700296
108,0.327607,-0.327606,1.20754e-05,0.000734194
110,0.327639,-0.327638,1.63045e-05,0.000771085
112,0.327673,-0.327672,2.08186e-05,0.000809711
114,0.327712,-0.327711,2.58959e-05,0.000851768
116,0.327755,-0.327754,3.11655e-05,0.00089601
118,0.327804,-0.327802,3.67451e-05,0.000943774
120,0.327856,-0.327855,4.21973e-05,0.000994374
122,0.327914,-0.327913,4.74801e-05,0.00104874
124,0.327976,-0.327974,5.27679e-05,0.00110687
126,0.328042,-0.32804,5.80609e-05,0.00116913
128,0.328113,-0.328111,6.46009e-05,0.00123644
130,0.328189,-0.328187,7.2276e-05,0.00130837
132,0.328274,-0.328271,8.10674e-05,0.00138659
134,0.328366,-0.328362,9.06997e-05,0.00146958
136,0.328467,-0.328464,0.000100652,0.00156067
138,0.328576,-0.328572,0.000110802,0.0016568
140,0.328694,-0.328689,0.000121462,0.00176359
142,0.328817,-0.328811,0.000132378,0.00187576
144,0.328955,-0.328948,0.000146698,0.002002
146,0.329099,-0.329092,0.000162401,0.00213396
148,0.329264,-0.329256,0.000180521,0.00228385
150,0.329437,-0.329428,0.000199413,0.00243947
152,0.329636,-0.329625,0.000219569,0.00261854
154,0.329841,-0.329829,0.000240033,0.00280331
156,0.330069,-0.330055,0.000262683,0.00301954
158,0.330301,-0.330285,0.000285715,0.00324125
160,0.330574,-0.330555,0.000320519,0.00350395
162,0.330851,-0.33083,0.000356653,0.00377128
164,0.331186,-0.331161,0.000402937,0.00409355
166,0.331525,-0.331495,0.000449809,0.00441899
168,0.331941,-0.331906,0.000503866,0.00481969
170,0.332361,-0.33232,0.000558321,0.00522493
172,0.33284,-0.33279,0.000621173,0.00572728
174,0.333329,-0.33327,0.000687265,0.00624018
176,0.333928,-0.333856,0.000787806,0.00686526
178,0.334549,-0.334463,0.000892971,0.0075131
180,0.33531,-0.335206,0.00102833,0.0083096
182,0.336115,-0.335988,0.00116615,0.00914956
184,0.33711,-0.336953,0.00131516,0.010188
186,0.338139,-0.337947,0.00146355,0.0113049
188,0.339278,-0.339037,0.0016098,0.0126901
190,0.340497,-0.340197,0.00179106,0.0141843
192,0.341922,-0.341542,0.00206535,0.0159679
194,0.343482,-0.343004,0.00239607,0.0179582
196,0.345325,-0.344711,0.00284653,0.0203869
198,0.347472,-0.346681,0.00325589,0.0232107
200,0.350143,-0.349104,0.00359443,0.0267155
202,0.352621,-0.351243,0.00375066,0.0309185
204,0.354839,-0.352978,0.0036489,0.0361095
206,0.356917,-0.35443,0.00382138,0.041885
208,0.358848,-0.355551,0.00431459,0.048344
210,0.360589,-0.356126,0.00497275,0.0563371
212,0.362248,-0.356172,0.00579078,0.065817
214,0.364426,-0.356009,0.00628348,0.0776197
216,0.367264,-0.355678,0.00651501,0.0912873
218,0.36773,-0.351028,0.00459541,0.109468
220,0.367522,-0.343518,0.00125104,0.130638
222,0.361052,-0.324675,-0.0033177,0.157904
224,0.35413,-0.299687,-0.00855025,0.188474
226,0.333573,-0.247218,-0.0274942,0.222257
228,0.320017,-0.182707,-0.0524465,0.257447
230,0.268287,-0.119296,-0.0915199,0.222195
232,0.218915,-0.0562673,-0.135499,0.162474
234,0.155674,-0.0735872,-0.136846,0.00961853
236,0.238699,-0.112386,-0.126796,-0.168135
238,0.357011,-0.164581,-0.149245,-0.279456
240,0.471737,-0.219405,-0.178073,-0.377739
242,0.526613,-0.177916,-0.166841,-0.466724
244,0.643629,0.280826,-0.179448,-0.55063
246,0.511904,0.194564,-0.0260935,-0.472768
248,0.369374,-0.0836879,0.215303,-0.288233
250,0.464732,-0.210148,0.338021,-0.239906
252,0.597618,-0.339925,0.451796,-0.193593
254,0.54799,-0.46266,0.259051,-0.138316
256,0.58387,-0.572588,0.0776019,-0.0838196
258,0.516697,-0.513159,0.0455088,-0.0396515
260,0.458915,-0.458601,0.0164257,-0.00423492
262,0.442215,-0.440734,0.0100182,-0.0347467
264,0.429157,-0.425484,0.00437911,-0.0558519
266,0.424574,-0.423572,0.0026555,-0.0290278
268,0.418425,-0.418349,0.000920398,-0.00793708
270,0.400831,-0.400744,-0.000857642,-0.00829355
272,0.387155,-0.387076,-0.00186087,-0.00759498
274,0.384762,-0.384742,-0.000633601,-0.00385922
276,0.38053,-0.380529,4.87776e-05,-0.000982157
278,0.372029,-0.372029,-0.000512319,-6.47005e-05
280,0.365449,-0.365448,-0.000598955,0.0010068
282,0.362413,-0.362406,0.000189526,0.00236241
284,0.359183,-0.359168,0.000806953,0.00314923
286,0.355651,-0.355636,0.00116612,0.00307727
288,0.353011,-0.352994,0.000998213,0.00332281
290,0.351483,-0.35146,0.000173773,0.00396383
292,0.348811,-0.348787,-0.000303247,0.00413189
294,0.344958,-0.344936,-0.000421816,0.00381197
296,0.342391,-0.342376,-0.000182224,0.0031994
298,0.340928,-0.34092,0.000363624,0.0023366
300,0.340155,-0.340146,0.000856349,0.00238951
302,0.33987,-0.339853,0.00131153,0.00308953
304,0.33962,-0.339609,0.000677167,0.00259759
306,0.339396,-0.339392,-0.000589409,0.00141402
308,0.337535,-0.337531,-0.00100779,0.00121568
310,0.3349,-0.334895,-0.00102646,0.00148163
312,0.333887,-0.333882,-0.000567994,0.00164391
314,0.333486,-0.333481,7.00328e-05,0.00176718
316,0.333307,-0.333302,0.000251328,0.00184092
318,0.333193,-0.333187,0.000298832,0.00190015
320,0.332975,-0.332971,5.74104e-05,0.00168099
322,0.332734,-0.332731,-0.0002473,0.00140084
324,0.33208,-0.332077,-0.000321067,0.00129848
326,0.331363,-0.33136,-0.000359464,0.00122334
328,0.330994,-0.330992,-0.00023911,0.00119823
330,0.330658,-0.330656,-0.00010383,0.00117783
332,0.330439,-0.330437,-7.46397e-05,0.00113568
334,0.330225,-0.330223,-5.02053e-05,0.00109248
336,0.33002,-0.330018,-8.21285e-05,0.00102928
338,0.329813,-0.329811,-0.000112376,0.000967133
340,0.329582,-0.32958,-0.000113662,0.000923123
342,0.329356,-0.329355,-0.00011286,0.000880073
344,0.329179,-0.329178,-9.35888e-05,0.000845517
346,0.329007,-0.329006,-7.59214e-05,0.000811171
348,0.328863,-0.328862,-6.74522e-05,0.000778035
350,0.328723,-0.328723,-6.03373e-05,0.000745166
352,0.3286,-0.3286,-5.88018e-05,0.000713401
354,0.32848,-0.32848,-5.70151e-05,0.00068263
356,0.32837,-0.328369,-5.44422e-05,0.000654973
358,0.328263,-0.328262,-5.15144e-05,0.000628109
360,0.328166,-0.328165,-4.77137e-05,0.000603197
362,0.328072,-0.328072,-4.38735e-05,0.000579018
364,0.327988,-0.327987,-3.99552e-05,0.000556288
366,0.327908,-0.327907,-3.62494e-05,0.00053428
368,0.327836,-0.327835,-3.28865e-05,0.000513435
370,0.327768,-0.327768,-3.00381e-05,0.000493512
372,0.327706,-0.327706,-2.78728e-05,0.000474809
374,0.327647,-0.327646,-2.59754e-05,0.000456892
376,0.327591,-0.32759,-2.43722e-05,0.000439839
378,0.327538,-0.327538,-2.24092e-05,0.000423549
380,0.327489,-0.327489,-2.01187e-05,0.000407954
382,0.327444,-0.327444,-1.77193e-05,0.000393124
384,0.327402,-0.327402,-1.5238e-05,0.00037887
386,0.327364,-0.327364,-1.32924e-05,0.000365507
388,0.327329,-0.327328,-1.16792e-05,0.000352696
390,0.327295,-0.327295,-1.03103e-05,0.000340632
392,0.327263,-0.327263,-9.06483e-06,0.000328946
394,0.327234,-0.327234,-7.29737e-06,0.000317941
396,0.327207,-0.327207,-5.31765e-06,0.000307213
398,0.327184,-0.327184,-3.39508e-06,0.000297165
400,0.327162,-0.327162,-1.49078e-06,0.000287333
402,0.327143,-0.327143,-4.07666e-07,0.000278266
404,0.327125,-0.327125,4.76125e-07,0.000269385
406,0.327108,-0.327108,1.26364e-06,0.000261198
408,0.327091,-0.327091,2.03437e-06,0.000253132
410,0.327078,-0.327077,4.54074e-06,0.000245656
412,0.327064,-0.327064,7.24332e-06,0.000238246
414,0.327059,-0.327059,1.03187e-05,0.000231409
416,0.327055,-0.327055,1.34157e-05,0.000224605
418,0.327054,-0.327054,1.33216e-05,0.000218512
420,0.327054,-0.327054,1.32122e-05,0.000212446
422,0.327048,-0.327048,1.33448e-05,0.000206903
424,0.327043,-0.327043,1.35265e-05,0.000201403
426,0.327046,-0.327046,1.42313e-05,0.000196362
428,0.327049,-0.327049,1.47452e-05,0.000191388
430,0.327063,-0.327063,1.40121e-05,0.000186848
432,0.327076,-0.327076,1.19978e-05,0.00018239
434,0.327086,-0.327086,4.13539e-06,0.000178303
436,0.327086,-0.327086,-1.92594e-06,0.000174303
438,0.327056,-0.327056,-1.83865e-06,0.000170598
440,0.327024,-0.327024,-5.22888e-07,0.000167
442,0.326989,-0.326989,4.05708e-06,0.000163686
444,0.326951,-0.326951,-1.96659e-05,0.000160484
446,0.326906,-0.326906,-0.000103446,0.000157518
448,0.326806,-0.326805,-0.000265517,0.000154715
450,0.32661,-0.326609,-0.000562514,0.000152194
452,0.326292,-0.32629,-0.000930506,0.000149825
454,0.3258,-0.325797,-0.00139896,0.000147672
456,0.325187,-0.325183,-0.00176396,0.000145644
458,0.324432,-0.324426,-0.00200795,0.00014376
460,0.323799,-0.323793,-0.00196305,0.000141984
462,0.323284,-0.32328,-0.00163814,0.000140314
464,0.322916,-0.322914,-0.000847617,0.000138595
466,0.322668,-0.322667,0.000316707,0.000136836
468,0.323017,-0.323012,0.00189952,0.000134964
470,0.323769,-0.323747,0.00375952,0.000133016
472,0.32523,-0.325184,0.00545793,0.000131643
474,0.327078,-0.327001,0.00706873,0.000130584
476,0.329869,-0.329792,0.00713456,0.000130119
478,0.333073,-0.333009,0.00652336,0.000129915
480,0.334868,-0.334825,0.00533883,0.00012982
482,0.336177,-0.336154,0.00395513,0.000129762
484,0.337579,-0.337563,0.00325108,0.000129877
486,0.339005,-0.338994,0.00272872,0.000130036
488,0.339826,-0.339819,0.00222631,0.00013058
490,0.340529,-0.340525,0.00172781,0.000131199
492,0.341225,-0.341222,0.00144492,0.000132162
494,0.34192,-0.341918,0.00119065,0.000133172
496,0.342377,-0.342375,0.00107648,0.00013458
498,0.342816,-0.342815,0.000972902,0.000136018
