x,v,vx,vy,vz
0,0.347519,-0.347519,2.81161e-05,-7.60359e-08
2,0.347529,-0.347529,1.92879e-05,-8.48091e-08
4,0.347529,-0.347529,4.02051e-06,-8.76019e-08
6,0.347527,-0.347527,-1.15603e-05,-8.93759e-08
8,0.347499,-0.347499,-3.12841e-05,-7.76806e-08
10,0.347471,-0.347471,-5.31233e-05,-6.33868e-08
12,0.347446,-0.347446,-9.08984e-05,-2.95179e-08
14,0.347406,-0.347406,-0.000136186,1.33884e-09
16,0.347287,-0.347287,-0.000219751,1.68478e-08
18,0.347184,-0.347183,-0.000343914,2.21633e-08
20,0.347137,-0.347136,-0.000619942,-1.06521e-08
22,0.346936,-0.346935,-0.000821839,-3.98336e-08
24,0.346291,-0.346291,-0.000810325,-5.85543e-08
26,0.34584,-0.345839,-0.000721598,-6.82141e-08
28,0.34583,-0.34583,-0.000456666,-5.71966e-08
30,0.345761,-0.345761,-0.000272054,-4.47085e-08
32,0.345582,-0.345582,-0.000235589,-2.95079e-08
34,0.345464,-0.345464,-0.000190488,-1.55047e-08
36,0.345435,-0.345435,-0.000132349,-3.3096e-09
38,0.345395,-0.345395,-9.32714e-05,6.06743e-09
40,0.34534,-0.34534,-7.79368e-05,1.19342e-08
42,0.345304,-0.345304,-6.28432e-05,1.67156e-08
44,0.345286,-0.345286,-4.79985e-05,2.0377e-08
46,0.345267,-0.345267,-3.84886e-05,2.29581e-08
48,0.345246,-0.345246,-3.35404e-05,2.46155e-08
50,0.345231,-0.345231,-2.87803e-05,2.61645e-08
52,0.345219,-0.345219,-2.4153e-05,2.76371e-08
54,0.345208,-0.345208,-2.08773e-05,2.87026e-08
56,0.345198,-0.345198,-1.83858e-05,2.9532e-08
58,0.345191,-0.345191,-1.63441e-05,3.01895e-08
60,0.345184,-0.345184,-1.45142e-05,3.07661e-08
62,0.345178,-0.345178,-1.33075e-05,3.12345e-08
64,0.345172,-0.345172,-1.23354e-05,3.16623e-08
66,0.345167,-0.345167,-1.14256e-05,3.20339e-08
68,0.345163,-0.345163,-1.05341e-05,3.23889e-08
70,0.345159,-0.345159,-9.84818e-06,3.26959e-08
72,0.345155,-0.345155,-9.20735e-06,3.29923e-08
74,0.345152,-0.345152,-8.6875e-06,3.32221e-08
76,0.345149,-0.345149,-8.18617e-06,3.34417e-08
78,0.345147,-0.345147,-7.85598e-06,3.36514e-08
80,0.345144,-0.345144,-7.54189e-06,3.38602e-08
82,0.345142,-0.345142,-7.23303e-06,3.4036e-08
84,0.34514,-0.34514,-6.9249e-06,3.42104e-08
86,0.345138,-0.345138,-6.68353e-06,3.4368e-08
88,0.345136,-0.345136,-6.44452e-06,3.45238e-08
90,0.345135,-0.345135,-6.24653e-06,3.4648e-08
92,0.345133,-0.345133,-6.05534e-06,3.47712e-08
94,0.345132,-0.345132,-5.92434e-06,3.48855e-08
96,0.34513,-0.34513,-5.79262e-06,3.49968e-08
98,0.345129,-0.345129,-5.65679e-06,3.50908e-08
100,0.345128,-0.345128,-5.52539e-06,3.51815e-08
102,0.345127,-0.345127,-5.4122e-06,3.52587e-08
104,0.345126,-0.345126,-5.30316e-06,3.53296e-08
106,0.345125,-0.345125,-5.2071e-06,3.53805e-08
108,0.345124,-0.345124,-5.1196e-06,3.54269e-08
110,0.345124,-0.345124,-5.05313e-06,3.54623e-08
112,0.345123,-0.345123,-4.98533e-06,3.54929e-08
114,0.345122,-0.345122,-4.91489e-06,3.55141e-08
116,0.345121,-0.345121,-4.8485e-06,3.55591e-08
118,0.345121,-0.345121,-4.78866e-06,3.56425e-08
120,0.34512,-0.34512,-4.73296e-06,3.56665e-08
122,0.34512,-0.34512,-4.68276e-06,3.56119e-08
124,0.345119,-0.345119,-4.63988e-06,3.55379e-08
126,0.345119,-0.345119,-4.60505e-06,3.54426e-08
128,0.345118,-0.345118,-4.5682e-06,3.54334e-08
130,0.345118,-0.345118,-4.52952e-06,3.55026e-08
132,0.345117,-0.345117,-4.49305e-06,3.5534e-08
134,0.345117,-0.345117,-4.45825e-06,3.55369e-08
136,0.345116,-0.345116,-4.42611e-06,3.55346e-08
138,0.345116,-0.345116,-4.39562e-06,3.5529e-08
140,0.345116,-0.345116,-4.37054e-06,3.55218e-08
142,0.345115,-0.345115,-4.34819e-06,3.55139e-08
144,0.345115,-0.345115,-4.32432e-06,3.55055e-08
146,0.345115,-0.345115,-4.29983e-06,3.54969e-08
148,0.345114,-0.345114,-4.27749e-06,3.549e-08
150,0.345114,-0.345114,-4.25584e-06,3.54837e-08
152,0.345114,-0.345114,-4.23673e-06,3.54733e-08
154,0.345114,-0.345114,-4.21823e-06,3.5462e-08
156,0.345113,-0.345113,-4.20403e-06,3.54489e-08
158,0.345113,-0.345113,-4.19058e-06,3.54354e-08
160,0.345113,-0.345113,-4.17542e-06,3.54212e-08
162,0.345113,-0.345113,-4.16007e-06,3.54068e-08
164,0.345113,-0.345113,-4.14562e-06,3.5393e-08
166,0.345112,-0.345112,-4.13121e-06,3.53792e-08
168,0.345112,-0.345112,-4.11819e-06,3.53657e-08
170,0.345112,-0.345112,-4.1053e-06,3.53524e-08
172,0.345112,-0.345112,-4.09532e-06,3.53419e-08
174,0.345112,-0.345112,-4.08525e-06,3.53318e-08
176,0.345112,-0.345112,-4.07416e-06,3.53247e-08
178,0.345111,-0.345111,-4.06321e-06,3.53179e-08
180,0.345111,-0.345111,-4.0532e-06,3.53135e-08
182,0.345111,-0.345111,-4.04342e-06,3.53105e-08
184,0.345111,-0.345111,-4.03473e-06,3.53138e-08
186,0.345111,-0.345111,-4.02652e-06,3.53175e-08
188,0.345111,-0.345111,-4.01997e-06,3.53224e-08
190,0.345111,-0.345111,-4.01311e-06,3.53271e-08
192,0.345111,-0.345111,-4.00544e-06,3.53311e-08
194,0.345111,-0.345111,-3.99784e-06,3.53331e-08
196,0.345111,-0.345111,-3.99037e-06,3.53307e-08
198,0.34511,-0.34511,-3.98307e-06,3.53286e-08
200,0.34511,-0.34511,-3.97609e-06,3.53269e-08
202,0.34511,-0.34511,-3.96968e-06,3.5326e-08
204,0.34511,-0.34511,-3.96408e-06,3.53263e-08
206,0.34511,-0.34511,-3.95818e-06,3.53297e-08
208,0.34511,-0.34511,-3.9519e-06,3.53369e-08
210,0.34511,-0.34511,-3.94585e-06,3.53451e-08
212,0.34511,-0.34511,-3.94001e-06,3.53543e-08
214,0.34511,-0.34511,-3.93451e-06,3.53654e-08
216,0.34511,-0.34511,-3.9293e-06,3.53781e-08
218,0.34511,-0.34511,-3.92481e-06,3.53932e-08
220,0.34511,-0.34511,-3.92082e-06,3.54099e-08
222,0.34511,-0.34511,-3.91613e-06,3.54264e-08
224,0.34511,-0.34511,-3.91107e-06,3.54429e-08
226,0.34511,-0.34511,-3.90577e-06,3.54176e-08
228,0.34511,-0.34511,-3.90037e-06,3.53739e-08
230,0.34511,-0.34511,-3.8943e-06,3.53067e-08
232,0.34511,-0.34511,-3.88799e-06,3.52312e-08
234,0.34511,-0.34511,-3.88324e-06,3.53188e-08
236,0.34511,-0.34511,-3.87891e-06,3.545e-08
238,0.34511,-0.34511,-3.8711e-06,3.58713e-08
240,0.34511,-0.34511,-3.86261e-06,3.63494e-08
242,0.34511,-0.34511,-3.86049e-06,3.64047e-08
244,0.34511,-0.34511,-3.85922e-06,3.64039e-08
246,0.34511,-0.34511,-3.84623e-06,3.48878e-08
248,0.34511,-0.34511,-3.83235e-06,3.3257e-08
250,0.34511,-0.34511,-3.84837e-06,3.32828e-08
252,0.34511,-0.34511,-3.86447e-06,3.33398e-08
254,0.34511,-0.34511,-3.85356e-06,3.30389e-08
256,0.34511,-0.34511,-3.8433e-06,3.27383e-08
258,0.34511,-0.34511,-3.84156e-06,3.24425e-08
260,0.34511,-0.34511,-3.83901e-06,3.21943e-08
262,0.34511,-0.34511,-3.83037e-06,3.23058e-08
264,0.34511,-0.34511,-3.82264e-06,3.23815e-08
266,0.34511,-0.34511,-3.81952e-06,3.22757e-08
268,0.34511,-0.34511,-3.81589e-06,3.22102e-08
270,0.34511,-0.34511,-3.81039e-06,3.22953e-08
272,0.34511,-0.34511,-3.80506e-06,3.23486e-08
274,0.34511,-0.34511,-3.80024e-06,3.23106e-08
276,0.34511,-0.34511,-3.79544e-06,3.22934e-08
278,0.34511,-0.34511,-3.79068e-06,3.23235e-08
280,0.34511,-0.34511,-3.78623e-06,3.23416e-08
282,0.34511,-0.34511,-3.78234e-06,3.23375e-08
284,0.34511,-0.34511,-3.77795e-06,3.2343e-08
286,0.34511,-0.34511,-3.77281e-06,3.23633e-08
288,0.34511,-0.34511,-3.76745e-06,3.23785e-08
290,0.34511,-0.34511,-3.76184e-06,3.23875e-08
292,0.34511,-0.34511,-3.75615e-06,3.2397e-08
294,0.345111,-0.345111,-3.75038e-06,3.24072e-08
296,0.345111,-0.345111,-3.74484e-06,3.24149e-08
298,0.345111,-0.345111,-3.73949e-06,3.24203e-08
300,0.345111,-0.345111,-3.73347e-06,3.24237e-08
302,0.345111,-0.345111,-3.72696e-06,3.24255e-08
304,0.345111,-0.345111,-3.72028e-06,3.24249e-08
306,0.345111,-0.345111,-3.7135e-06,3.2423e-08
308,0.345111,-0.345111,-3.70681e-06,3.2419e-08
310,0.345111,-0.345111,-3.70017e-06,3.24141e-08
312,0.345111,-0.345111,-3.69379e-06,3.24078e-08
314,0.345112,-0.345112,-3.68752e-06,3.24009e-08
316,0.345112,-0.345112,-3.67978e-06,3.23919e-08
318,0.345112,-0.345112,-3.67161e-06,3.23822e-08
320,0.345112,-0.345112,-3.66268e-06,3.23705e-08
322,0.345112,-0.345112,-3.65359e-06,3.23584e-08
324,0.345112,-0.345112,-3.64411e-06,3.23421e-08
326,0.345112,-0.345112,-3.63457e-06,3.23252e-08
328,0.345113,-0.345113,-3.62524e-06,3.2305e-08
330,0.345113,-0.345113,-3.61594e-06,3.22844e-08
332,0.345113,-0.345113,-3.60441e-06,3.22624e-08
334,0.345113,-0.345113,-3.59278e-06,3.22404e-08
336,0.345113,-0.345113,-3.58032e-06,3.22177e-08
338,0.345114,-0.345114,-3.56785e-06,3.2195e-08
340,0.345114,-0.345114,-3.55526e-06,3.21712e-08
342,0.345114,-0.345114,-3.54269e-06,3.21475e-08
344,0.345114,-0.345114,-3.53031e-06,3.21245e-08
346,0.345115,-0.345115,-3.51734e-06,3.21017e-08
348,0.345115,-0.345115,-3.50101e-06,3.20797e-08
350,0.345115,-0.345115,-3.48426e-06,3.20576e-08
352,0.345115,-0.345115,-3.4658e-06,3.20345e-08
354,0.345116,-0.345116,-3.44702e-06,3.20115e-08
356,0.345116,-0.345116,-3.42722e-06,3.1989e-08
358,0.345116,-0.345116,-3.40738e-06,3.1966e-08
360,0.345117,-0.345117,-3.38745e-06,3.19418e-08
362,0.345117,-0.345117,-3.36555e-06,3.19127e-08
364,0.345117,-0.345117,-3.33975e-06,3.18739e-08
366,0.345118,-0.345118,-3.31294e-06,3.18264e-08
368,0.345118,-0.345118,-3.28451e-06,3.1765e-08
370,0.345118,-0.345118,-3.25544e-06,3.1699e-08
372,0.345119,-0.345119,-3.22553e-06,3.1627e-08
374,0.345119,-0.345119,-3.19522e-06,3.15673e-08
376,0.34512,-0.34512,-3.16447e-06,3.1521e-08
378,0.34512,-0.34512,-3.12809e-06,3.1497e-08
380,0.345121,-0.345121,-3.08656e-06,3.14932e-08
382,0.345121,-0.345121,-3.04164e-06,3.1481e-08
384,0.345122,-0.345122,-2.99414e-06,3.14625e-08
386,0.345123,-0.345123,-2.94362e-06,3.14389e-08
388,0.345123,-0.345123,-2.89121e-06,3.14122e-08
390,0.345124,-0.345124,-2.83735e-06,3.13729e-08
392,0.345125,-0.345125,-2.78276e-06,3.13272e-08
394,0.345125,-0.345125,-2.71458e-06,3.12874e-08
396,0.345126,-0.345126,-2.64088e-06,3.12499e-08
398,0.345127,-0.345127,-2.55899e-06,3.1196e-08
400,0.345128,-0.345128,-2.47448e-06,3.11367e-08
402,0.345129,-0.345129,-2.38034e-06,3.1007e-08
404,0.34513,-0.34513,-2.28387e-06,3.08601e-08
406,0.345131,-0.345131,-2.18088e-06,3.06216e-08
408,0.345132,-0.345132,-2.07675e-06,3.03671e-08
410,0.345133,-0.345133,-1.93503e-06,3.00339e-08
412,0.345135,-0.345135,-1.78906e-06,2.96918e-08
414,0.345136,-0.345136,-1.61685e-06,2.93014e-08
416,0.345138,-0.345138,-1.44313e-06,2.89083e-08
418,0.34514,-0.34514,-1.2349e-06,2.85165e-08
420,0.345141,-0.345141,-1.02537e-06,2.81339e-08
422,0.345143,-0.345143,-7.90623e-07,2.79783e-08
424,0.345145,-0.345145,-5.47169e-07,2.78115e-08
426,0.345148,-0.345148,-2.11117e-07,2.7526e-08
428,0.34515,-0.34515,1.35388e-07,2.72921e-08
430,0.345153,-0.345153,5.50151e-07,2.73959e-08
432,0.345156,-0.345156,9.80273e-07,2.76016e-08
434,0.34516,-0.34516,1.48051e-06,2.82727e-08
436,0.345163,-0.345163,2.00329e-06,2.8888e-08
438,0.345167,-0.345167,2.60301e-06,2.9313e-08
440,0.345172,-0.345172,3.34558e-06,2.98509e-08
442,0.345177,-0.345177,4.46769e-06,3.06889e-08
444,0.345182,-0.345182,5.76193e-06,3.16192e-08
446,0.345189,-0.345189,7.42143e-06,3.27452e-08
448,0.345196,-0.345196,9.10252e-06,3.39466e-08
450,0.345205,-0.345205,1.08208e-05,3.52781e-08
452,0.345215,-0.345215,1.27765e-05,3.67018e-08
454,0.345225,-0.345225,1.50682e-05,3.82559e-08
456,0.345235,-0.345235,2.05427e-05,3.82971e-08
458,0.345246,-0.345246,2.97396e-05,3.6569e-08
460,0.34527,-0.34527,4.09109e-05,3.14121e-08
462,0.345307,-0.345307,5.3996e-05,2.29319e-08
464,0.345336,-0.345336,7.67479e-05,8.16773e-09
466,0.345358,-0.345358,0.00010726,-1.16415e-08
468,0.34544,-0.34544,0.000164085,-2.48523e-08
470,0.345563,-0.345563,0.000238337,-3.36927e-08
472,0.345624,-0.345624,0.000449333,-2.33684e-08
474,0.345652,-0.345651,0.000734466,-2.65351e-09
476,0.346114,-0.346113,0.000827825,4.5377e-09
478,0.346765,-0.346764,0.000837148,5.80279e-09
480,0.346954,-0.346953,0.000641071,-5.37015e-09
482,0.346983,-0.346982,0.000373646,-2.08637e-08
484,0.347124,-0.347124,0.000282094,-3.22716e-08
486,0.347296,-0.347296,0.000237558,-4.25873e-08
488,0.347353,-0.347353,0.000178873,-5.14741e-08
490,0.347388,-0.347388,0.000117412,-6.00804e-08
492,0.347434,-0.347434,9.24121e-05,-6.54641e-08
494,0.347482,-0.347482,7.22528e-05,-7.04199e-08
496,0.347496,-0.347496,5.45328e-05,-6.91309e-08
498,0.347508,-0.347508,3.69974e-05,-6.73695e-08
