x,v,vx,vy,vz
0,0.344597,-0.344597,0.000494899,7.71101e-06
2,0.34483,-0.34483,0.00050934,7.76358e-06
4,0.345041,-0.345041,0.000559549,7.7536e-06
6,0.345245,-0.345244,0.000599854,7.7438e-06
8,0.345355,-0.345354,0.000509198,7.7364e-06
10,0.34546,-0.34546,0.000362308,7.72572e-06
12,0.345526,-0.345526,-0.000208207,7.69043e-06
14,0.345491,-0.34549,-0.000853217,7.65264e-06
16,0.34493,-0.344925,-0.0018778,7.60207e-06
18,0.344288,-0.344276,-0.00289019,7.56455e-06
20,0.34333,-0.343308,-0.00385698,7.57585e-06
22,0.342082,-0.342053,-0.00445637,7.59482e-06
24,0.339991,-0.339968,-0.00399811,7.63589e-06
26,0.338362,-0.338345,-0.003395,7.68608e-06
28,0.337785,-0.337776,-0.00246131,7.75708e-06
30,0.337128,-0.337123,-0.00176332,7.83781e-06
32,0.336319,-0.336316,-0.00150005,7.93648e-06
34,0.335707,-0.335705,-0.0012314,8.03892e-06
36,0.335391,-0.335389,-0.000954643,8.14707e-06
38,0.335057,-0.335057,-0.000750817,8.26556e-06
40,0.334702,-0.334701,-0.000637834,8.39694e-06
42,0.33443,-0.334429,-0.000530982,8.53796e-06
44,0.334243,-0.334243,-0.000430456,8.68893e-06
46,0.334065,-0.334065,-0.000356631,8.85189e-06
48,0.333895,-0.333895,-0.000305637,9.02509e-06
50,0.333761,-0.333761,-0.000260855,9.21292e-06
52,0.333653,-0.333653,-0.000220463,9.41108e-06
54,0.333554,-0.333554,-0.000190715,9.62578e-06
56,0.33346,-0.33346,-0.000167143,9.85009e-06
58,0.333383,-0.333383,-0.000146618,1.00939e-05
60,0.333315,-0.333314,-0.000127528,1.03468e-05
62,0.333255,-0.333254,-0.000113475,1.06219e-05
64,0.333198,-0.333198,-0.000101319,1.09054e-05
66,0.33315,-0.33315,-9.10305e-05,1.12165e-05
68,0.333104,-0.333104,-8.12897e-05,1.15358e-05
70,0.333065,-0.333065,-7.38574e-05,1.18853e-05
72,0.333028,-0.333028,-6.69308e-05,1.22416e-05
74,0.332995,-0.332995,-6.11603e-05,1.26337e-05
76,0.332964,-0.332964,-5.5567e-05,1.30314e-05
78,0.332936,-0.332936,-5.1461e-05,1.34698e-05
80,0.332909,-0.332909,-4.74948e-05,1.39121e-05
82,0.332886,-0.332886,-4.40673e-05,1.44057e-05
84,0.332862,-0.332862,-4.06673e-05,1.49019e-05
86,0.332842,-0.332842,-3.79793e-05,1.5453e-05
88,0.332822,-0.332822,-3.53195e-05,1.60076e-05
90,0.332804,-0.332804,-3.31465e-05,1.66221e-05
92,0.332786,-0.332786,-3.10329e-05,1.72436e-05
94,0.33277,-0.33277,-2.94449e-05,1.79276e-05
96,0.332753,-0.332753,-2.78809e-05,1.86242e-05
98,0.332738,-0.332738,-2.64555e-05,1.93929e-05
100,0.332724,-0.332724,-2.50808e-05,2.01791e-05
102,0.33271,-0.33271,-2.39149e-05,2.10374e-05
104,0.332697,-0.332697,-2.28115e-05,2.19209e-05
106,0.332684,-0.332684,-2.19035e-05,2.28834e-05
108,0.332671,-0.332671,-2.10755e-05,2.38793e-05
110,0.332658,-0.332658,-2.04443e-05,2.49571e-05
112,0.332646,-0.332646,-1.98427e-05,2.6083e-05
114,0.332634,-0.332634,-1.92998e-05,2.7304e-05
116,0.332622,-0.332622,-1.88057e-05,2.85842e-05
118,0.33261,-0.33261,-1.83905e-05,2.99601e-05
120,0.332598,-0.332598,-1.80499e-05,3.14155e-05
122,0.332586,-0.332586,-1.78085e-05,3.29763e-05
124,0.332574,-0.332574,-1.76426e-05,3.46367e-05
126,0.332561,-0.332561,-1.75598e-05,3.64062e-05
128,0.332549,-0.332549,-1.75411e-05,3.83131e-05
130,0.332536,-0.332536,-1.75809e-05,4.0345e-05
132,0.332522,-0.332522,-1.76741e-05,4.2543e-05
134,0.332509,-0.332508,-1.78074e-05,4.4866e-05
136,0.332494,-0.332494,-1.80518e-05,4.74115e-05
138,0.332479,-0.332479,-1.8365e-05,5.00951e-05
140,0.332463,-0.332463,-1.87643e-05,5.30551e-05
142,0.332447,-0.332447,-1.9207e-05,5.61551e-05
144,0.33243,-0.33243,-1.98588e-05,5.96406e-05
146,0.332412,-0.332412,-2.05955e-05,6.32829e-05
148,0.332392,-0.332392,-2.14463e-05,6.73961e-05
150,0.332372,-0.332372,-2.23335e-05,7.16598e-05
152,0.332349,-0.332349,-2.35096e-05,7.65674e-05
154,0.332326,-0.332326,-2.47558e-05,8.16312e-05
156,0.332299,-0.332299,-2.6165e-05,8.75169e-05
158,0.332273,-0.332273,-2.76026e-05,9.35459e-05
160,0.332242,-0.332242,-2.97263e-05,0.000100727
162,0.332211,-0.332211,-3.19276e-05,0.000108037
164,0.332174,-0.332174,-3.44665e-05,0.000116829
166,0.332137,-0.332137,-3.70249e-05,0.000125705
168,0.332093,-0.332093,-4.04831e-05,0.000136631
170,0.332049,-0.332049,-4.39745e-05,0.000147674
172,0.331996,-0.331996,-4.81043e-05,0.000161216
174,0.331943,-0.331943,-5.23904e-05,0.000175054
176,0.331878,-0.331878,-5.83389e-05,0.000192053
178,0.331812,-0.331812,-6.43959e-05,0.000209672
180,0.331734,-0.331734,-7.11613e-05,0.000231332
182,0.331652,-0.331652,-7.87563e-05,0.000254042
184,0.331554,-0.331554,-9.0138e-05,0.000281541
186,0.33145,-0.33145,-0.00010236,0.000310848
188,0.331325,-0.331325,-0.000117449,0.000346329
190,0.33119,-0.33119,-0.000131635,0.000384737
192,0.331028,-0.331028,-0.000143422,0.00043092
194,0.330861,-0.330861,-0.00015533,0.00048242
196,0.330684,-0.330683,-0.000167495,0.0005452
198,0.330483,-0.330482,-0.000194388,0.000611348
200,0.330241,-0.33024,-0.000246661,0.0006833
202,0.32994,-0.329939,-0.000303229,0.000762498
204,0.329555,-0.329554,-0.000365872,0.00085195
206,0.32913,-0.329128,-0.000401657,0.000974299
208,0.328657,-0.328655,-0.000406031,0.00113512
210,0.328184,-0.328181,-0.000440078,0.00132381
212,0.327712,-0.327708,-0.000502887,0.00153952
214,0.327018,-0.327013,-0.000645182,0.00172214
216,0.326147,-0.32614,-0.000851291,0.0018782
218,0.324859,-0.324851,-0.000919755,0.00213445
220,0.323296,-0.323286,-0.000897052,0.00245707
222,0.321889,-0.321873,-0.000979144,0.00309664
224,0.320568,-0.320542,-0.00111805,0.00390804
226,0.318286,-0.318244,-0.00211208,0.00468208
228,0.315588,-0.315522,-0.00348081,0.00543974
230,0.309631,-0.30954,-0.00363354,0.00655549
232,0.302545,-0.302426,-0.00336386,0.00779563
234,0.295086,-0.29485,0.00134054,0.0117223
236,0.287707,-0.28715,0.00723046,0.0163672
238,0.292475,-0.290604,0.019202,0.0268768
240,0.300491,-0.296247,0.0323672,0.0385373
242,0.315131,-0.305698,0.0572885,0.050734
244,0.332603,-0.315655,0.0837704,0.0630018
246,0.425475,-0.402352,0.115847,0.0756369
248,0.524102,-0.494853,0.148347,0.0882998
250,0.435477,-0.42922,0.00567981,0.0733374
252,0.389946,-0.36016,-0.137568,0.0584604
254,0.341114,-0.30645,-0.129834,0.0747642
256,0.296339,-0.256574,-0.119367,0.0879651
258,0.274146,-0.257382,-0.0727588,0.0601403
260,0.263161,-0.259147,-0.0298719,0.0347058
262,0.269919,-0.268116,-0.0150209,0.0272789
264,0.278365,-0.277611,-0.00230879,0.0203522
266,0.290221,-0.289781,-0.000494355,0.015974
268,0.300312,-0.300071,0.000974336,0.0120038
270,0.30348,-0.303328,0.00114968,0.00955995
272,0.306747,-0.30666,0.0013126,0.00721285
274,0.310256,-0.31021,0.0014398,0.00514441
276,0.313491,-0.313467,0.00160079,0.00352303
278,0.316076,-0.316057,0.0018389,0.00292189
280,0.318546,-0.318531,0.00186498,0.0024535
282,0.320802,-0.320791,0.00149998,0.00222998
284,0.322625,-0.322617,0.00116939,0.00198025
286,0.323792,-0.323787,0.000890754,0.00169099
288,0.324805,-0.324801,0.000718957,0.00142205
290,0.325624,-0.325621,0.000680244,0.00117845
292,0.326406,-0.326403,0.000648082,0.00100434
294,0.327149,-0.327147,0.00062268,0.000901929
296,0.327822,-0.32782,0.000566682,0.000826496
298,0.328435,-0.328434,0.000484524,0.00077413
300,0.328937,-0.328936,0.000401051,0.000708903
302,0.32936,-0.32936,0.000316649,0.000634587
304,0.329693,-0.329692,0.000264003,0.000566418
306,0.329972,-0.329972,0.000229784,0.000501817
308,0.330222,-0.330222,0.000208148,0.000454662
310,0.330458,-0.330457,0.000192442,0.000415728
312,0.330669,-0.330668,0.000175345,0.000387442
314,0.33087,-0.33087,0.000157724,0.000363162
316,0.331038,-0.331038,0.000136365,0.000337328
318,0.331197,-0.331196,0.00011391,0.000311039
320,0.331318,-0.331317,9.79085e-05,0.000286293
322,0.33143,-0.33143,8.33202e-05,0.000261885
324,0.331524,-0.331524,7.46887e-05,0.000243143
326,0.331615,-0.331615,6.69695e-05,0.000225269
328,0.331695,-0.331694,6.20082e-05,0.000211231
330,0.331773,-0.331773,5.73062e-05,0.000197554
332,0.331839,-0.331839,5.08393e-05,0.000184894
334,0.331905,-0.331905,4.43112e-05,0.000172287
336,0.331956,-0.331956,3.91426e-05,0.000161189
338,0.332007,-0.332007,3.40785e-05,0.000150198
340,0.332049,-0.332049,3.08231e-05,0.000141055
342,0.332091,-0.332091,2.77045e-05,0.000132068
344,0.332127,-0.332127,2.57974e-05,0.000124467
346,0.332163,-0.332163,2.383e-05,0.000117002
348,0.332195,-0.332195,2.15162e-05,0.000110315
350,0.332225,-0.332225,1.92811e-05,0.000103795
352,0.332251,-0.332251,1.73696e-05,9.79648e-05
354,0.332277,-0.332277,1.55936e-05,9.23317e-05
356,0.332299,-0.332299,1.42416e-05,8.73147e-05
358,0.332321,-0.332321,1.30454e-05,8.2499e-05
360,0.332341,-0.332341,1.22326e-05,7.81784e-05
362,0.33236,-0.33236,1.14002e-05,7.40313e-05
364,0.332377,-0.332377,1.05287e-05,7.02272e-05
366,0.332394,-0.332394,9.71958e-06,6.66013e-05
368,0.33241,-0.33241,9.01082e-06,6.32626e-05
370,0.332424,-0.332424,8.39108e-06,6.0096e-05
372,0.332438,-0.332438,7.88949e-06,5.71576e-05
374,0.332451,-0.332451,7.48922e-06,5.43847e-05
376,0.332464,-0.332464,7.20022e-06,5.17934e-05
378,0.332476,-0.332476,6.92421e-06,4.93571e-05
380,0.332488,-0.332488,6.66002e-06,4.70617e-05
382,0.332499,-0.332499,6.44515e-06,4.49139e-05
384,0.33251,-0.33251,6.26742e-06,4.28773e-05
386,0.33252,-0.33252,6.1473e-06,4.09788e-05
388,0.33253,-0.33253,6.06289e-06,3.9166e-05
390,0.33254,-0.33254,6.04032e-06,3.74863e-05
392,0.33255,-0.33255,6.04904e-06,3.58738e-05
394,0.332559,-0.332559,6.11743e-06,3.43774e-05
396,0.332568,-0.332568,6.2101e-06,3.29282e-05
398,0.332578,-0.332578,6.33173e-06,3.15907e-05
400,0.332587,-0.332587,6.46261e-06,3.02888e-05
402,0.332596,-0.332596,6.61052e-06,2.90893e-05
404,0.332605,-0.332605,6.76255e-06,2.79146e-05
406,0.332614,-0.332614,6.97846e-06,2.6842e-05
408,0.332623,-0.332623,7.20551e-06,2.57871e-05
410,0.332632,-0.332632,7.7054e-06,2.48214e-05
412,0.332641,-0.332641,8.23614e-06,2.38657e-05
414,0.332651,-0.332651,8.91116e-06,2.29951e-05
416,0.332661,-0.332661,9.59453e-06,2.21295e-05
418,0.332672,-0.332672,1.01987e-05,2.13463e-05
420,0.332682,-0.332682,1.07975e-05,2.05668e-05
422,0.332692,-0.332692,1.12777e-05,1.98629e-05
424,0.332703,-0.332703,1.17843e-05,1.91643e-05
426,0.332715,-0.332715,1.25703e-05,1.85234e-05
428,0.332727,-0.332727,1.3261e-05,1.78898e-05
430,0.332742,-0.332742,1.33301e-05,1.73039e-05
432,0.332757,-0.332757,1.29987e-05,1.6726e-05
434,0.332769,-0.332769,1.08389e-05,1.61842e-05
436,0.332779,-0.332779,8.16389e-06,1.56533e-05
438,0.332785,-0.332785,3.72955e-06,1.51598e-05
440,0.332789,-0.332789,3.37206e-07,1.46858e-05
442,0.33279,-0.33279,-2.86432e-07,1.42633e-05
444,0.33279,-0.33279,-2.65402e-06,1.38597e-05
446,0.332791,-0.332791,-8.72216e-06,1.34958e-05
448,0.332778,-0.332778,-3.40444e-05,1.31368e-05
450,0.332741,-0.332741,-9.25491e-05,1.27863e-05
452,0.33267,-0.33267,-0.000195496,1.24371e-05
454,0.33255,-0.33255,-0.000361332,1.20899e-05
456,0.332379,-0.332379,-0.000537192,1.17433e-05
458,0.332149,-0.332148,-0.000724777,1.13976e-05
460,0.331934,-0.331932,-0.000828349,1.10699e-05
462,0.331732,-0.331731,-0.000850493,1.07595e-05
464,0.331546,-0.331545,-0.000601066,1.04831e-05
466,0.331371,-0.331371,-0.000133618,1.02339e-05
468,0.331507,-0.331506,0.000795246,9.98845e-06
470,0.331851,-0.331845,0.00202972,9.74546e-06
472,0.332663,-0.332646,0.00335645,9.50267e-06
474,0.333731,-0.333697,0.00473321,9.25999e-06
476,0.335771,-0.335735,0.00491117,9.05529e-06
478,0.338237,-0.338206,0.00456381,8.86725e-06
480,0.33945,-0.33943,0.00367878,8.70148e-06
482,0.340231,-0.340221,0.00260697,8.54345e-06
484,0.341141,-0.341134,0.00209762,8.40364e-06
486,0.342084,-0.342079,0.00173864,8.2687e-06
488,0.342603,-0.342601,0.00139961,8.14492e-06
490,0.34304,-0.343039,0.00106449,8.02332e-06
492,0.343453,-0.343452,0.000876323,7.92598e-06
494,0.343863,-0.343862,0.000707658,7.83186e-06
496,0.344119,-0.344118,0.000593857,7.74574e-06
498,0.344364,-0.344363,0.000484204,7.66022e-06
