x,v,vx,vy,vz
0,0.343553,-0.343552,0.000879462,0.000105843
2,0.343947,-0.343945,0.000971546,0.000106048
4,0.344366,-0.344365,0.00105041,0.000106411
6,0.344773,-0.344772,0.00110621,0.000106809
8,0.345018,-0.345017,0.000857121,0.000107652
10,0.345242,-0.345241,0.000527988,0.000108527
12,0.345311,-0.345311,-0.000404107,0.000109642
14,0.34524,-0.345238,-0.0013938,0.000110798
16,0.344446,-0.344436,-0.00267694,0.000112163
18,0.343553,-0.343531,-0.00390419,0.000113596
20,0.34228,-0.342244,-0.00492237,0.000115284
22,0.340722,-0.340678,-0.00553073,0.000116992
24,0.338341,-0.338305,-0.0049593,0.000118758
26,0.336432,-0.336405,-0.00423571,0.000120583
28,0.335601,-0.335586,-0.00316487,0.000122544
30,0.334701,-0.334693,-0.00235422,0.000124632
32,0.333671,-0.333665,-0.00202348,0.000126955
34,0.332874,-0.33287,-0.00168559,0.000129406
36,0.33243,-0.332427,-0.00133689,0.000132051
38,0.33196,-0.331958,-0.00107645,0.000134861
40,0.331458,-0.331457,-0.000925955,0.000137874
42,0.33107,-0.331069,-0.000781961,0.00014106
44,0.330798,-0.330797,-0.000644677,0.000144424
46,0.330537,-0.330537,-0.000540203,0.000147999
48,0.330286,-0.330286,-0.000463784,0.000151754
50,0.330091,-0.330091,-0.000397773,0.000155783
52,0.329936,-0.329936,-0.000339118,0.000160006
54,0.329788,-0.329788,-0.000295343,0.000164525
56,0.329645,-0.329645,-0.000260203,0.000169217
58,0.329529,-0.329529,-0.000228907,0.000174245
60,0.329427,-0.329427,-0.000199422,0.000179432
62,0.329337,-0.329337,-0.000176605,0.000185019
64,0.329253,-0.329252,-0.000156298,0.000190757
66,0.329183,-0.329183,-0.000139743,0.000197018
68,0.329118,-0.329118,-0.000124288,0.000203431
70,0.329062,-0.329062,-0.000112355,0.000210409
72,0.329007,-0.329007,-0.000101194,0.000217511
74,0.328961,-0.328961,-9.16709e-05,0.000225259
76,0.328916,-0.328916,-8.23983e-05,0.000233105
78,0.328879,-0.328879,-7.5109e-05,0.000241707
80,0.328843,-0.328843,-6.80061e-05,0.00025038
82,0.328812,-0.328812,-6.21181e-05,0.000260049
84,0.328782,-0.328782,-5.62878e-05,0.000269766
86,0.328758,-0.328758,-5.15065e-05,0.00028053
88,0.328733,-0.328733,-4.67706e-05,0.000291359
90,0.328713,-0.328713,-4.28174e-05,0.000303294
92,0.328693,-0.328693,-3.89449e-05,0.000315364
94,0.328676,-0.328676,-3.57855e-05,0.000328624
96,0.32866,-0.32866,-3.26657e-05,0.000342129
98,0.328646,-0.328646,-2.97731e-05,0.000357045
100,0.328633,-0.328633,-2.69385e-05,0.000372301
102,0.328623,-0.328622,-2.43426e-05,0.000388959
104,0.328613,-0.328613,-2.1849e-05,0.000406092
106,0.328605,-0.328605,-1.96753e-05,0.000424714
108,0.328598,-0.328597,-1.76221e-05,0.000443984
110,0.328592,-0.328591,-1.58651e-05,0.000464849
112,0.328586,-0.328586,-1.40818e-05,0.000486662
114,0.328582,-0.328582,-1.22469e-05,0.000510351
116,0.328579,-0.328579,-1.04355e-05,0.000535196
118,0.328578,-0.328577,-8.6622e-06,0.000561905
120,0.328577,-0.328576,-7.00101e-06,0.000590109
122,0.328577,-0.328577,-5.48867e-06,0.000620297
124,0.328578,-0.328577,-4.09192e-06,0.000652421
126,0.328579,-0.328579,-2.82212e-06,0.00068667
128,0.328581,-0.328581,-1.31619e-06,0.000723583
130,0.328584,-0.328583,4.04751e-07,0.00076292
132,0.328588,-0.328587,2.28576e-06,0.000805492
134,0.328593,-0.328592,4.28737e-06,0.0008505
136,0.328599,-0.328598,6.34143e-06,0.000899613
138,0.328606,-0.328605,8.428e-06,0.000951272
140,0.328614,-0.328612,1.03973e-05,0.0010081
142,0.328622,-0.32862,1.23074e-05,0.00106755
144,0.328631,-0.328629,1.48422e-05,0.00113401
146,0.328641,-0.328638,1.76311e-05,0.00120332
148,0.328652,-0.328649,2.06695e-05,0.00128119
150,0.328664,-0.328661,2.37875e-05,0.0013618
152,0.328677,-0.328674,2.679e-05,0.00145334
154,0.328691,-0.328687,2.97645e-05,0.00154752
156,0.328703,-0.328699,3.25858e-05,0.00165568
158,0.328715,-0.32871,3.53804e-05,0.00176628
160,0.328727,-0.328721,4.09284e-05,0.00189555
162,0.328739,-0.328732,4.67877e-05,0.00202693
164,0.328753,-0.328745,5.43242e-05,0.00218153
166,0.328767,-0.328758,6.19577e-05,0.00233748
168,0.328782,-0.328772,6.83971e-05,0.00252377
170,0.328797,-0.328785,7.48208e-05,0.00271178
172,0.328797,-0.328784,8.10887e-05,0.00293651
174,0.328798,-0.328782,8.82077e-05,0.00316543
176,0.328794,-0.328776,0.000104379,0.00343893
178,0.32879,-0.328769,0.000120909,0.00372041
180,0.328789,-0.328764,0.000139781,0.00405406
182,0.328785,-0.328756,0.000157068,0.00440126
184,0.328767,-0.328732,0.000167113,0.00481032
186,0.328733,-0.328691,0.000177725,0.00524216
188,0.328645,-0.328594,0.000190273,0.00575178
190,0.328545,-0.328485,0.000206879,0.00629245
192,0.328417,-0.328344,0.000234269,0.0069156
194,0.328264,-0.328176,0.000260846,0.00758867
196,0.328059,-0.327952,0.000285696,0.00836765
198,0.327791,-0.327661,0.000297665,0.00922534
200,0.327413,-0.327253,0.000287434,0.0102187
202,0.326862,-0.326666,0.000278871,0.0113338
204,0.326069,-0.325825,0.000272668,0.0126213
206,0.325092,-0.324789,0.000210391,0.0140187
208,0.323899,-0.323526,8.25367e-05,0.0155446
210,0.322016,-0.321551,-0.000194124,0.0172933
212,0.319469,-0.318888,-0.000615012,0.019258
214,0.31574,-0.315007,-0.00108901,0.0214742
216,0.311073,-0.31015,-0.00160566,0.0238923
218,0.304548,-0.303384,-0.00204762,0.0265274
220,0.296813,-0.295353,-0.00244012,0.0293061
222,0.286791,-0.285042,-0.00262166,0.0315143
224,0.275541,-0.273495,-0.00268881,0.0334131
226,0.260614,-0.25818,-0.00296027,0.0354069
228,0.244127,-0.241215,-0.00332127,0.0374423
230,0.222469,-0.218611,-0.00688211,0.0406725
232,0.199379,-0.194048,-0.0115545,0.0443176
234,0.160187,-0.153102,-0.0222002,0.041555
236,0.119067,-0.107777,-0.0344428,0.0370794
238,0.0597759,-0.0384496,-0.0414855,0.0193324
240,0.0593677,0.0355881,-0.0475076,-0.00101923
242,0.158441,0.0804355,-0.0476869,-0.127905
244,0.298801,0.121408,-0.0470907,-0.268932
246,0.276634,0.0367899,0.0891563,-0.259276
248,0.339962,-0.0573268,0.235663,-0.238225
250,0.438821,-0.228714,0.31129,-0.208213
252,0.580032,-0.400307,0.380196,-0.177881
254,0.575581,-0.503202,0.23997,-0.143163
256,0.616492,-0.598086,0.106993,-0.104445
258,0.591326,-0.587044,0.069868,-0.0128345
260,0.571995,-0.567399,0.0348432,0.063427
262,0.483795,-0.482943,0.0156435,0.0240596
264,0.413431,-0.41338,0.000112203,-0.00650982
266,0.419781,-0.419697,0.00327244,0.00774795
268,0.419408,-0.418944,0.00500444,0.0190776
270,0.392232,-0.391746,0.00139379,0.0194538
272,0.37182,-0.371312,-0.000861938,0.0194117
274,0.370792,-0.370346,0.000782848,0.0181654
276,0.367352,-0.366962,0.00177232,0.0168306
278,0.35839,-0.358061,0.00126632,0.0152938
280,0.352184,-0.351902,0.000816191,0.0140496
282,0.351055,-0.350801,0.000469089,0.0133453
284,0.348512,-0.348283,0.000229331,0.012611
286,0.34383,-0.343627,0.000151641,0.0118318
288,0.340757,-0.340597,0.000134785,0.0104271
290,0.339694,-0.339594,0.000193705,0.00824332
292,0.338269,-0.338192,0.000456493,0.00718413
294,0.33646,-0.33638,0.000929622,0.00728519
296,0.33572,-0.335649,0.000789205,0.00689182
298,0.335898,-0.335843,0.00012416,0.00607569
300,0.335177,-0.335131,-0.000210795,0.0055467
302,0.333819,-0.333778,-0.000312487,0.00522063
304,0.333038,-0.333003,-0.000211791,0.00478208
306,0.332591,-0.332563,6.34038e-06,0.00427826
308,0.332125,-0.332101,0.000107261,0.00394861
310,0.33165,-0.331629,0.000152944,0.00370105
312,0.33139,-0.331371,0.000121049,0.00346281
314,0.33121,-0.331195,5.99576e-05,0.00322807
316,0.330978,-0.330965,2.60621e-05,0.00300562
318,0.330731,-0.330719,1.33181e-07,0.00278677
320,0.330523,-0.330513,-1.11869e-05,0.00257612
322,0.330324,-0.330316,-1.93069e-05,0.00236728
324,0.330131,-0.330124,-2.04272e-05,0.0022084
326,0.32994,-0.329933,-2.04755e-05,0.00205717
328,0.329808,-0.329802,-1.11295e-05,0.00193671
330,0.329681,-0.329676,-9.00283e-07,0.00181913
332,0.329585,-0.32958,1.07934e-06,0.00171037
334,0.32949,-0.329486,2.67104e-06,0.00160204
336,0.329405,-0.329402,-2.4141e-06,0.00150447
338,0.329321,-0.329318,-7.262e-06,0.00140784
340,0.329245,-0.329242,-8.00901e-06,0.00132766
342,0.329171,-0.329169,-8.51304e-06,0.00124877
344,0.32911,-0.329108,-6.86772e-06,0.00118129
346,0.32905,-0.329049,-5.33928e-06,0.00111493
348,0.329,-0.328999,-4.48143e-06,0.001055
350,0.328952,-0.32895,-3.76987e-06,0.000996444
352,0.328909,-0.328908,-3.66097e-06,0.000943581
354,0.328868,-0.328867,-3.50565e-06,0.000892464
356,0.328833,-0.328832,-3.20509e-06,0.000846813
358,0.328798,-0.328797,-2.96378e-06,0.000802906
360,0.328768,-0.328767,-2.8682e-06,0.000763286
362,0.328738,-0.328738,-2.63325e-06,0.000725111
364,0.328712,-0.328711,-2.12281e-06,0.000689793
366,0.328687,-0.328687,-1.5562e-06,0.000656002
368,0.328665,-0.328665,-8.99057e-07,0.000624675
370,0.328645,-0.328644,-3.21134e-07,0.000594974
372,0.328627,-0.328626,1.51641e-07,0.000567433
374,0.32861,-0.328609,4.81949e-07,0.000541432
376,0.328594,-0.328594,6.55777e-07,0.000517122
378,0.32858,-0.328579,1.01492e-06,0.000494085
380,0.328567,-0.328566,1.54278e-06,0.000472205
382,0.328555,-0.328555,2.17524e-06,0.00045164
384,0.328544,-0.328544,2.8865e-06,0.000432066
386,0.328535,-0.328535,3.49068e-06,0.000413822
388,0.328527,-0.328527,4.02845e-06,0.000396402
390,0.32852,-0.328519,4.46938e-06,0.000380256
392,0.328513,-0.328513,4.86133e-06,0.000364754
394,0.328508,-0.328507,5.50914e-06,0.000350265
396,0.328503,-0.328503,6.26098e-06,0.000336188
398,0.3285,-0.328499,7.01327e-06,0.000323162
400,0.328497,-0.328497,7.76571e-06,0.000310472
402,0.328496,-0.328496,8.24366e-06,0.000298844
404,0.328495,-0.328495,8.65498e-06,0.000287474
406,0.328494,-0.328494,9.10529e-06,0.000277112
408,0.328493,-0.328493,9.56239e-06,0.000266925
410,0.328495,-0.328494,1.1032e-05,0.000257532
412,0.328496,-0.328496,1.26161e-05,0.000248229
414,0.328502,-0.328501,1.45488e-05,0.000239749
416,0.328507,-0.328507,1.65017e-05,0.000231317
418,0.328516,-0.328515,1.67907e-05,0.000223732
420,0.328524,-0.328524,1.70599e-05,0.000216184
422,0.328529,-0.328529,1.71647e-05,0.000209384
424,0.328535,-0.328535,1.73413e-05,0.000202633
426,0.328545,-0.328545,1.82812e-05,0.000196401
428,0.328556,-0.328556,1.9e-05,0.000190247
430,0.328574,-0.328574,1.82747e-05,0.000184608
432,0.328591,-0.328591,1.63754e-05,0.000179072
434,0.328605,-0.328605,9.11595e-06,0.000174009
436,0.328613,-0.328613,2.59663e-06,0.000169059
438,0.3286,-0.3286,-1.39605e-06,0.000164495
440,0.328585,-0.328585,-2.66093e-06,0.000160044
442,0.328566,-0.328566,3.32231e-06,0.000155895
444,0.328546,-0.328546,-5.47202e-06,0.000151871
446,0.328525,-0.328525,-4.56236e-05,0.000148113
448,0.32847,-0.32847,-0.000145659,0.000144509
450,0.328356,-0.328356,-0.000348898,0.000141172
452,0.328147,-0.328146,-0.000624609,0.000137999
454,0.327801,-0.3278,-0.00100288,0.000135061
456,0.327352,-0.327349,-0.00132616,0.000132267
458,0.32678,-0.326776,-0.00158515,0.000129644
460,0.326284,-0.32628,-0.00161996,0.000127181
462,0.325861,-0.325858,-0.00143748,0.000124874
464,0.325539,-0.325538,-0.000832885,0.000122664
466,0.325301,-0.325301,0.000110584,0.000120531
468,0.325567,-0.325563,0.00150845,0.000118377
470,0.326173,-0.326158,0.00320728,0.000116208
472,0.327434,-0.327399,0.00481484,0.000114354
474,0.329052,-0.32899,0.0063729,0.000112672
476,0.331609,-0.331546,0.00647309,0.000111354
478,0.334576,-0.334523,0.00593444,0.000110196
480,0.336189,-0.336154,0.00483451,0.000109209
482,0.337336,-0.337317,0.00353963,0.000108282
484,0.338584,-0.338572,0.00289395,0.000107519
486,0.33986,-0.339851,0.00242183,0.000106801
488,0.340586,-0.340581,0.0019681,0.000106228
490,0.341206,-0.341202,0.00151799,0.000105684
492,0.341808,-0.341806,0.00125943,0.000105446
494,0.342408,-0.342407,0.00102629,0.000105249
496,0.342793,-0.342792,0.000904857,0.000105431
498,0.343161,-0.34316,0.000791875,0.000105641
