x,v,vx,vy,vz
0,0.344691,-0.344691,0.000471608,4.28183e-06
2,0.344915,-0.344915,0.000481508,4.27927e-06
4,0.345115,-0.345114,0.000526641,4.19493e-06
6,0.345307,-0.345306,0.000562812,4.1115e-06
8,0.345405,-0.345405,0.000480483,4.04013e-06
10,0.345499,-0.345499,0.000344225,3.96414e-06
12,0.345563,-0.345563,-0.000198301,3.85342e-06
14,0.345528,-0.345527,-0.000815534,3.73874e-06
16,0.344986,-0.344982,-0.00181341,3.60395e-06
18,0.344364,-0.344353,-0.00280386,3.47984e-06
20,0.343433,-0.343412,-0.00376651,3.39571e-06
22,0.342212,-0.342185,-0.00436606,3.31832e-06
24,0.340154,-0.340132,-0.00392032,3.26031e-06
26,0.338552,-0.338536,-0.00332947,3.20928e-06
28,0.337993,-0.337984,-0.00240747,3.17417e-06
30,0.337353,-0.337349,-0.00171894,3.1453e-06
32,0.336562,-0.336559,-0.00146102,3.12793e-06
34,0.335965,-0.335963,-0.00119783,3.11028e-06
36,0.335659,-0.335658,-0.000926699,3.0922e-06
38,0.335337,-0.335336,-0.00072734,3.07979e-06
40,0.334991,-0.334991,-0.000617386,3.07444e-06
42,0.334728,-0.334727,-0.000513377,3.07347e-06
44,0.334548,-0.334547,-0.000415501,3.07701e-06
46,0.334376,-0.334376,-0.000343802,3.0862e-06
48,0.334211,-0.334211,-0.000294488,3.10023e-06
50,0.334082,-0.334082,-0.000251149,3.12161e-06
52,0.333978,-0.333978,-0.000212033,3.14821e-06
54,0.333883,-0.333883,-0.00018328,3.18286e-06
56,0.333792,-0.333792,-0.000160539,3.22218e-06
58,0.333719,-0.333719,-0.00014074,3.27135e-06
60,0.333652,-0.333652,-0.000122327,3.32517e-06
62,0.333595,-0.333595,-0.000108805,3.38985e-06
64,0.33354,-0.33354,-9.71233e-05,3.45861e-06
66,0.333494,-0.333494,-8.72158e-05,3.54219e-06
68,0.333451,-0.333451,-7.78281e-05,3.6301e-06
70,0.333413,-0.333413,-7.06678e-05,3.73356e-06
72,0.333378,-0.333378,-6.39953e-05,3.84043e-06
74,0.333346,-0.333346,-5.84323e-05,3.96669e-06
76,0.333316,-0.333316,-5.30393e-05,4.09591e-06
78,0.33329,-0.33329,-4.90891e-05,4.24661e-06
80,0.333264,-0.333264,-4.52746e-05,4.39932e-06
82,0.333242,-0.333242,-4.19568e-05,4.58154e-06
84,0.333219,-0.333219,-3.86648e-05,4.76519e-06
86,0.3332,-0.3332,-3.60657e-05,4.97911e-06
88,0.333181,-0.333181,-3.34929e-05,5.19505e-06
90,0.333164,-0.333164,-3.13755e-05,5.44571e-06
92,0.333147,-0.333147,-2.93165e-05,5.70039e-06
94,0.333131,-0.333131,-2.77742e-05,5.99058e-06
96,0.333116,-0.333116,-2.62519e-05,6.28845e-06
98,0.333102,-0.333102,-2.48447e-05,6.63034e-06
100,0.333088,-0.333088,-2.34887e-05,6.98253e-06
102,0.333075,-0.333075,-2.23439e-05,7.3772e-06
104,0.333063,-0.333063,-2.1254e-05,7.78733e-06
106,0.33305,-0.33305,-2.03354e-05,8.24582e-06
108,0.333038,-0.333038,-1.94981e-05,8.72422e-06
110,0.333027,-0.333027,-1.88608e-05,9.25158e-06
112,0.333015,-0.333015,-1.82439e-05,9.80924e-06
114,0.333004,-0.333004,-1.76672e-05,1.04268e-05
116,0.332993,-0.332993,-1.71444e-05,1.10806e-05
118,0.332982,-0.332982,-1.67085e-05,1.17927e-05
120,0.332971,-0.332971,-1.6332e-05,1.2555e-05
122,0.33296,-0.33296,-1.60345e-05,1.3384e-05
124,0.332949,-0.332949,-1.58182e-05,1.42742e-05
126,0.332937,-0.332937,-1.56912e-05,1.52317e-05
128,0.332926,-0.332926,-1.56124e-05,1.62775e-05
130,0.332914,-0.332914,-1.55773e-05,1.74036e-05
132,0.332901,-0.332901,-1.56055e-05,1.86333e-05
134,0.332889,-0.332889,-1.56815e-05,1.99408e-05
136,0.332876,-0.332876,-1.58473e-05,2.13929e-05
138,0.332862,-0.332862,-1.60689e-05,2.29346e-05
140,0.332848,-0.332848,-1.63834e-05,2.46522e-05
142,0.332834,-0.332834,-1.67447e-05,2.64587e-05
144,0.332818,-0.332818,-1.72936e-05,2.85256e-05
146,0.332802,-0.332802,-1.79186e-05,3.06982e-05
148,0.332784,-0.332784,-1.86667e-05,3.31818e-05
150,0.332766,-0.332766,-1.9454e-05,3.57647e-05
152,0.332746,-0.332746,-2.04997e-05,3.87969e-05
154,0.332725,-0.332725,-2.1608e-05,4.19381e-05
156,0.332702,-0.332702,-2.28681e-05,4.56464e-05
158,0.332679,-0.332679,-2.41548e-05,4.94537e-05
160,0.332652,-0.332652,-2.60829e-05,5.41058e-05
162,0.332625,-0.332625,-2.80836e-05,5.88534e-05
164,0.332593,-0.332593,-3.03937e-05,6.4674e-05
166,0.332561,-0.332561,-3.27216e-05,7.05568e-05
168,0.332523,-0.332523,-3.57853e-05,7.80073e-05
170,0.332485,-0.332485,-3.88733e-05,8.55474e-05
172,0.33244,-0.33244,-4.24152e-05,9.49852e-05
174,0.332394,-0.332394,-4.60939e-05,0.000104657
176,0.332339,-0.332339,-5.12285e-05,0.000116818
178,0.332282,-0.332282,-5.64485e-05,0.000129465
180,0.332214,-0.332214,-6.2226e-05,0.00014529
182,0.332143,-0.332143,-6.85574e-05,0.000161999
184,0.332058,-0.332058,-7.74174e-05,0.000182748
186,0.331968,-0.331968,-8.69375e-05,0.000204971
188,0.331859,-0.331859,-9.87112e-05,0.000232232
190,0.331741,-0.331741,-0.00010982,0.000262047
192,0.331598,-0.331598,-0.00011916,0.00029865
194,0.331449,-0.331449,-0.000128147,0.000339599
196,0.331286,-0.331285,-0.000136383,0.000389767
198,0.331102,-0.331102,-0.000156924,0.000443861
200,0.330884,-0.330883,-0.000198669,0.000504721
202,0.330611,-0.33061,-0.000246577,0.000572742
204,0.33026,-0.330259,-0.000303206,0.000650895
206,0.329869,-0.329868,-0.000328441,0.000758721
208,0.329429,-0.329428,-0.000316962,0.000901249
210,0.329018,-0.329016,-0.000312784,0.00107284
212,0.328634,-0.328632,-0.000315682,0.00127261
214,0.328099,-0.328096,-0.000451921,0.00144585
216,0.327443,-0.327439,-0.000695207,0.0015978
218,0.326305,-0.326299,-0.000860561,0.00183741
220,0.324848,-0.32484,-0.000974298,0.00213508
222,0.323491,-0.323477,-0.000986626,0.00278055
224,0.322188,-0.322167,-0.000943972,0.0036146
226,0.320377,-0.32034,-0.00181868,0.00446914
228,0.318347,-0.318288,-0.00309537,0.00533265
230,0.31338,-0.313299,-0.00336403,0.00631355
232,0.307394,-0.307289,-0.00328252,0.00733522
234,0.301925,-0.301728,0.00098827,0.0108621
236,0.296737,-0.296286,0.00637897,0.0150586
238,0.300384,-0.29894,0.0159968,0.0246876
240,0.306383,-0.303182,0.0264442,0.0353827
242,0.32262,-0.315735,0.0459496,0.0477845
244,0.341455,-0.329391,0.0666574,0.0604128
246,0.425713,-0.410504,0.083519,0.0757757
248,0.514871,-0.496719,0.10009,0.0913454
250,0.443178,-0.43707,-0.0198861,0.0705807
252,0.402438,-0.374159,-0.139715,0.0494141
254,0.345154,-0.321218,-0.116886,0.0478371
256,0.291126,-0.272055,-0.0932588,0.0452005
258,0.280629,-0.272846,-0.0590932,0.0285534
260,0.275894,-0.274204,-0.0272814,0.0136034
262,0.280372,-0.279827,-0.0132018,0.0114384
264,0.286462,-0.286308,-0.0012813,0.00930136
266,0.297248,-0.297158,-0.000362476,0.00730735
268,0.306251,-0.306202,0.000343392,0.005476
270,0.308523,-0.308494,0.000252654,0.00425311
272,0.310853,-0.310837,0.000307789,0.0030974
274,0.313337,-0.313328,0.000782865,0.00213506
276,0.31582,-0.315814,0.00122021,0.00142263
278,0.318294,-0.318288,0.00157145,0.00128051
280,0.32061,-0.320604,0.00166087,0.0011802
282,0.322635,-0.322631,0.00126735,0.00115699
284,0.324265,-0.324261,0.000918153,0.001081
286,0.325296,-0.325294,0.000635858,0.000925335
288,0.32616,-0.326158,0.000480993,0.000780926
290,0.326813,-0.326812,0.000484857,0.000650541
292,0.327462,-0.327461,0.000491169,0.000572215
294,0.328104,-0.328103,0.000500007,0.000547598
296,0.328702,-0.328701,0.000472584,0.00053331
298,0.32926,-0.32926,0.000414156,0.000527855
300,0.329725,-0.329725,0.000346455,0.000499265
302,0.330123,-0.330123,0.0002722,0.000454325
304,0.330425,-0.330425,0.000221118,0.00040884
306,0.330671,-0.330671,0.000183484,0.000363039
308,0.330885,-0.330885,0.000163703,0.000331792
310,0.331085,-0.331085,0.000152336,0.000307405
312,0.331268,-0.331268,0.000141879,0.000290666
314,0.331445,-0.331445,0.000131763,0.000276805
316,0.331596,-0.331596,0.000115181,0.00025966
318,0.331739,-0.331738,9.67036e-05,0.000241552
320,0.331846,-0.331846,8.18114e-05,0.00022316
322,0.331945,-0.331945,6.77043e-05,0.000204705
324,0.332026,-0.332026,6.02257e-05,0.000190756
326,0.332105,-0.332105,5.37623e-05,0.000177496
328,0.332174,-0.332174,5.02991e-05,0.000167073
330,0.332242,-0.332242,4.71179e-05,0.000156917
332,0.3323,-0.3323,4.19029e-05,0.000147308
334,0.332358,-0.332358,3.66105e-05,0.000137729
336,0.332403,-0.332403,3.19729e-05,0.000129088
338,0.332448,-0.332447,2.7439e-05,0.00012053
340,0.332484,-0.332484,2.46981e-05,0.000113398
342,0.332521,-0.332521,2.2084e-05,0.000106382
344,0.332552,-0.332552,2.05903e-05,0.000100407
346,0.332584,-0.332584,1.90396e-05,9.45354e-05
348,0.332611,-0.332611,1.71619e-05,8.92634e-05
350,0.332638,-0.332638,1.53297e-05,8.41165e-05
352,0.332661,-0.332661,1.36847e-05,7.94854e-05
354,0.332683,-0.332683,1.21692e-05,7.50079e-05
356,0.332703,-0.332703,1.1059e-05,7.10112e-05
358,0.332722,-0.332722,1.00795e-05,6.71688e-05
360,0.332739,-0.332739,9.42134e-06,6.37059e-05
362,0.332756,-0.332756,8.75214e-06,6.03802e-05
364,0.332772,-0.332772,8.06117e-06,5.73256e-05
366,0.332787,-0.332787,7.41079e-06,5.44104e-05
368,0.3328,-0.3328,6.82584e-06,5.17201e-05
370,0.332813,-0.332813,6.32905e-06,4.91637e-05
372,0.332826,-0.332826,5.94927e-06,4.67852e-05
374,0.332837,-0.332837,5.64902e-06,4.45292e-05
376,0.332848,-0.332848,5.43612e-06,4.24078e-05
378,0.332859,-0.332859,5.24336e-06,4.04163e-05
380,0.33287,-0.33287,5.06892e-06,3.8543e-05
382,0.33288,-0.33288,4.9267e-06,3.67893e-05
384,0.332889,-0.332889,4.80876e-06,3.51257e-05
386,0.332899,-0.332899,4.7521e-06,3.35724e-05
388,0.332908,-0.332908,4.73344e-06,3.20876e-05
390,0.332917,-0.332917,4.76043e-06,3.07082e-05
392,0.332925,-0.332925,4.81052e-06,2.93821e-05
394,0.332934,-0.332934,4.92697e-06,2.81492e-05
396,0.332942,-0.332942,5.0704e-06,2.69542e-05
398,0.332951,-0.332951,5.2293e-06,2.5847e-05
400,0.332959,-0.332959,5.39316e-06,2.47679e-05
402,0.332968,-0.332968,5.57634e-06,2.37693e-05
404,0.332976,-0.332976,5.76422e-06,2.27901e-05
406,0.332984,-0.332984,6.00202e-06,2.18915e-05
408,0.332992,-0.332992,6.24853e-06,2.1007e-05
410,0.333001,-0.333001,6.76419e-06,2.01941e-05
412,0.33301,-0.33301,7.31029e-06,1.93893e-05
414,0.333019,-0.333019,7.9766e-06,1.86517e-05
416,0.333028,-0.333028,8.64987e-06,1.79181e-05
418,0.333038,-0.333038,9.24745e-06,1.72501e-05
420,0.333048,-0.333048,9.84059e-06,1.65851e-05
422,0.333058,-0.333058,1.03394e-05,1.59804e-05
424,0.333067,-0.333067,1.08693e-05,1.538e-05
426,0.333079,-0.333079,1.17312e-05,1.48259e-05
428,0.333091,-0.333091,1.25043e-05,1.42776e-05
430,0.333105,-0.333105,1.26985e-05,1.37669e-05
432,0.333119,-0.333119,1.25059e-05,1.32623e-05
434,0.33313,-0.33313,1.0548e-05,1.27852e-05
436,0.33314,-0.33314,8.07069e-06,1.2316e-05
438,0.333146,-0.333146,3.81988e-06,1.18738e-05
440,0.33315,-0.33315,5.62343e-07,1.14483e-05
442,0.333151,-0.333151,-5.59179e-08,1.10673e-05
444,0.333153,-0.333153,-2.09426e-06,1.07035e-05
446,0.333155,-0.333155,-7.14594e-06,1.03763e-05
448,0.333144,-0.333144,-2.95044e-05,1.00519e-05
450,0.333111,-0.333111,-8.16894e-05,9.73218e-06
452,0.333046,-0.333046,-0.000175487,9.41062e-06
454,0.332937,-0.332936,-0.000328169,9.08643e-06
456,0.33278,-0.332779,-0.00049198,8.75937e-06
458,0.332567,-0.332567,-0.000668806,8.42896e-06
460,0.33237,-0.332369,-0.000771034,8.11148e-06
462,0.332188,-0.332187,-0.000800961,7.80655e-06
464,0.332014,-0.332014,-0.00057281,7.53155e-06
466,0.331847,-0.331847,-0.00013747,7.28058e-06
468,0.331977,-0.331976,0.000752604,7.03317e-06
470,0.332307,-0.332301,0.00194387,6.78812e-06
472,0.333086,-0.333071,0.00324483,6.53833e-06
474,0.334112,-0.33408,0.00460527,6.28596e-06
476,0.336106,-0.336072,0.00478975,6.06366e-06
478,0.338522,-0.338493,0.00445893,5.85454e-06
480,0.339704,-0.339685,0.00359144,5.66465e-06
482,0.340461,-0.340451,0.00253753,5.48144e-06
484,0.341346,-0.341339,0.00203873,5.31322e-06
486,0.342264,-0.34226,0.00168833,5.14901e-06
488,0.342768,-0.342765,0.00135762,4.99192e-06
490,0.34319,-0.343188,0.00103078,4.83623e-06
492,0.343589,-0.343588,0.000848122,4.69714e-06
494,0.343985,-0.343984,0.000684602,4.56026e-06
496,0.344231,-0.344231,0.000572983,4.42296e-06
498,0.344467,-0.344466,0.000465291,4.28562e-06
