x,v,vx,vy,vz
0,0.34816,-0.34816,7.00088e-06,-8.54184e-08
2,0.34816,-0.34816,4.98979e-06,-9.10508e-08
4,0.348157,-0.348157,1.82228e-06,-8.58556e-08
6,0.348155,-0.348155,-1.42864e-06,-8.07147e-08
8,0.348147,-0.348147,-5.78233e-06,-7.62925e-08
10,0.34814,-0.34814,-1.06715e-05,-7.18588e-08
12,0.348132,-0.348132,-1.95949e-05,-6.73381e-08
14,0.34812,-0.34812,-2.89784e-05,-6.6512e-08
16,0.348085,-0.348085,-4.07067e-05,-8.45102e-08
18,0.34806,-0.34806,-6.25142e-05,-1.03613e-07
20,0.348072,-0.348072,-0.000122025,-1.26848e-07
22,0.348026,-0.348026,-0.000166876,-1.40096e-07
24,0.347813,-0.347813,-0.00016952,-1.24591e-07
26,0.347671,-0.347671,-0.000153067,-1.03905e-07
28,0.347689,-0.347689,-9.30309e-05,-7.13943e-08
30,0.347687,-0.347687,-5.15643e-05,-4.29655e-08
32,0.347647,-0.347647,-4.43477e-05,-2.2065e-08
34,0.34762,-0.34762,-3.59012e-05,-5.17482e-09
36,0.347614,-0.347614,-2.55978e-05,5.66044e-09
38,0.347606,-0.347606,-1.84153e-05,1.31003e-08
40,0.347596,-0.347596,-1.51202e-05,1.63109e-08
42,0.347589,-0.347589,-1.22433e-05,1.84067e-08
44,0.347585,-0.347585,-9.79787e-06,1.93523e-08
46,0.347581,-0.347581,-8.14808e-06,1.96442e-08
48,0.347578,-0.347578,-7.17864e-06,1.93771e-08
50,0.347575,-0.347575,-6.31855e-06,1.90846e-08
52,0.347572,-0.347572,-5.53572e-06,1.8774e-08
54,0.34757,-0.34757,-4.98318e-06,1.86227e-08
56,0.347569,-0.347569,-4.56428e-06,1.85637e-08
58,0.347567,-0.347567,-4.20167e-06,1.86157e-08
60,0.347566,-0.347566,-3.86559e-06,1.872e-08
62,0.347565,-0.347565,-3.64858e-06,1.894e-08
64,0.347564,-0.347564,-3.47637e-06,1.92037e-08
66,0.347563,-0.347563,-3.30913e-06,1.95007e-08
68,0.347562,-0.347562,-3.14334e-06,1.98075e-08
70,0.347561,-0.347561,-3.03021e-06,2.01276e-08
72,0.347561,-0.347561,-2.92861e-06,2.04505e-08
74,0.34756,-0.34756,-2.8334e-06,2.07437e-08
76,0.34756,-0.34756,-2.73917e-06,2.10324e-08
78,0.347559,-0.347559,-2.68146e-06,2.12984e-08
80,0.347559,-0.347559,-2.62718e-06,2.15621e-08
82,0.347558,-0.347558,-2.56995e-06,2.17827e-08
84,0.347558,-0.347558,-2.51273e-06,2.20012e-08
86,0.347558,-0.347558,-2.47389e-06,2.21828e-08
88,0.347557,-0.347557,-2.43513e-06,2.23622e-08
90,0.347557,-0.347557,-2.39781e-06,2.25029e-08
92,0.347557,-0.347557,-2.36199e-06,2.26403e-08
94,0.347556,-0.347556,-2.33947e-06,2.2749e-08
96,0.347556,-0.347556,-2.31655e-06,2.28524e-08
98,0.347556,-0.347556,-2.29133e-06,2.29259e-08
100,0.347556,-0.347556,-2.26744e-06,2.29941e-08
102,0.347556,-0.347556,-2.24904e-06,2.30399e-08
104,0.347555,-0.347555,-2.2307e-06,2.30789e-08
106,0.347555,-0.347555,-2.21256e-06,2.30968e-08
108,0.347555,-0.347555,-2.19634e-06,2.31098e-08
110,0.347555,-0.347555,-2.18483e-06,2.3111e-08
112,0.347555,-0.347555,-2.17278e-06,2.3103e-08
114,0.347555,-0.347555,-2.15963e-06,2.30765e-08
116,0.347555,-0.347555,-2.14774e-06,2.30596e-08
118,0.347555,-0.347555,-2.13788e-06,2.3058e-08
120,0.347554,-0.347554,-2.12807e-06,2.30509e-08
122,0.347554,-0.347554,-2.11835e-06,2.30364e-08
124,0.347554,-0.347554,-2.11031e-06,2.30201e-08
126,0.347554,-0.347554,-2.10412e-06,2.30017e-08
128,0.347554,-0.347554,-2.09732e-06,2.30032e-08
130,0.347554,-0.347554,-2.08996e-06,2.30227e-08
132,0.347554,-0.347554,-2.0835e-06,2.30166e-08
134,0.347554,-0.347554,-2.07771e-06,2.29913e-08
136,0.347554,-0.347554,-2.07186e-06,2.29541e-08
138,0.347554,-0.347554,-2.06596e-06,2.29096e-08
140,0.347554,-0.347554,-2.06136e-06,2.28656e-08
142,0.347554,-0.347554,-2.0574e-06,2.28219e-08
144,0.347554,-0.347554,-2.05293e-06,2.27723e-08
146,0.347554,-0.347554,-2.04824e-06,2.27203e-08
148,0.347554,-0.347554,-2.04433e-06,2.26707e-08
150,0.347553,-0.347553,-2.04066e-06,2.2622e-08
152,0.347553,-0.347553,-2.03696e-06,2.25726e-08
154,0.347553,-0.347553,-2.03325e-06,2.25231e-08
156,0.347553,-0.347553,-2.03062e-06,2.24745e-08
158,0.347553,-0.347553,-2.02819e-06,2.2426e-08
160,0.347553,-0.347553,-2.02522e-06,2.23783e-08
162,0.347553,-0.347553,-2.0222e-06,2.23307e-08
164,0.347553,-0.347553,-2.0197e-06,2.2283e-08
166,0.347553,-0.347553,-2.01723e-06,2.22352e-08
168,0.347553,-0.347553,-2.01462e-06,2.21893e-08
170,0.347553,-0.347553,-2.01204e-06,2.21435e-08
172,0.347553,-0.347553,-2.01022e-06,2.2101e-08
174,0.347553,-0.347553,-2.00837e-06,2.20587e-08
176,0.347553,-0.347553,-2.00616e-06,2.20191e-08
178,0.347553,-0.347553,-2.004e-06,2.19799e-08
180,0.347553,-0.347553,-2.00222e-06,2.19439e-08
182,0.347553,-0.347553,-2.00044e-06,2.19085e-08
184,0.347553,-0.347553,-1.99858e-06,2.18758e-08
186,0.347553,-0.347553,-1.99686e-06,2.18441e-08
188,0.347553,-0.347553,-1.99559e-06,2.18157e-08
190,0.347553,-0.347553,-1.99423e-06,2.17876e-08
192,0.347553,-0.347553,-1.99262e-06,2.17607e-08
194,0.347553,-0.347553,-1.9911e-06,2.17346e-08
196,0.347553,-0.347553,-1.98976e-06,2.17103e-08
198,0.347553,-0.347553,-1.98836e-06,2.16864e-08
200,0.347553,-0.347553,-1.98684e-06,2.16629e-08
202,0.347553,-0.347553,-1.98548e-06,2.16404e-08
204,0.347553,-0.347553,-1.98437e-06,2.16192e-08
206,0.347553,-0.347553,-1.98316e-06,2.16013e-08
208,0.347553,-0.347553,-1.98185e-06,2.15873e-08
210,0.347553,-0.347553,-1.98068e-06,2.15766e-08
212,0.347553,-0.347553,-1.97963e-06,2.15693e-08
214,0.347553,-0.347553,-1.97845e-06,2.15638e-08
216,0.347553,-0.347553,-1.97718e-06,2.156e-08
218,0.347553,-0.347553,-1.9761e-06,2.15622e-08
220,0.347553,-0.347553,-1.97514e-06,2.15683e-08
222,0.347553,-0.347553,-1.9741e-06,2.15731e-08
224,0.347553,-0.347553,-1.97302e-06,2.15772e-08
226,0.347553,-0.347553,-1.97224e-06,2.15678e-08
228,0.347553,-0.347553,-1.9716e-06,2.15525e-08
230,0.347553,-0.347553,-1.96972e-06,2.1536e-08
232,0.347553,-0.347553,-1.96741e-06,2.15192e-08
234,0.347553,-0.347553,-1.96656e-06,2.11963e-08
236,0.347553,-0.347553,-1.9661e-06,2.07917e-08
238,0.347553,-0.347553,-1.96237e-06,2.13157e-08
240,0.347553,-0.347553,-1.958e-06,2.20219e-08
242,0.347553,-0.347553,-1.9589e-06,2.15314e-08
244,0.347553,-0.347553,-1.9605e-06,2.0882e-08
246,0.347553,-0.347553,-1.95213e-06,2.13977e-08
248,0.347553,-0.347553,-1.943e-06,2.20016e-08
250,0.347553,-0.347553,-1.95833e-06,2.14229e-08
252,0.347553,-0.347553,-1.9737e-06,2.08414e-08
254,0.347553,-0.347553,-1.96566e-06,2.13287e-08
256,0.347553,-0.347553,-1.9584e-06,2.17028e-08
258,0.347553,-0.347553,-1.96125e-06,2.05806e-08
260,0.347553,-0.347553,-1.96322e-06,1.96462e-08
262,0.347553,-0.347553,-1.95864e-06,2.01263e-08
264,0.347553,-0.347553,-1.9548e-06,2.04526e-08
266,0.347553,-0.347553,-1.95476e-06,1.9995e-08
268,0.347553,-0.347553,-1.95425e-06,1.96669e-08
270,0.347553,-0.347553,-1.95203e-06,1.98229e-08
272,0.347553,-0.347553,-1.95022e-06,1.99277e-08
274,0.347553,-0.347553,-1.9496e-06,1.98852e-08
276,0.347553,-0.347553,-1.94872e-06,1.98674e-08
278,0.347553,-0.347553,-1.94724e-06,1.99058e-08
280,0.347553,-0.347553,-1.94589e-06,1.99283e-08
282,0.347553,-0.347553,-1.94475e-06,1.99213e-08
284,0.347553,-0.347553,-1.9435e-06,1.99222e-08
286,0.347553,-0.347553,-1.94207e-06,1.99349e-08
288,0.347553,-0.347553,-1.94073e-06,1.99496e-08
290,0.347553,-0.347553,-1.93948e-06,1.99668e-08
292,0.347553,-0.347553,-1.93804e-06,1.99826e-08
294,0.347553,-0.347553,-1.9364e-06,1.99971e-08
296,0.347553,-0.347553,-1.9349e-06,2.00102e-08
298,0.347554,-0.347554,-1.93353e-06,2.00222e-08
300,0.347554,-0.347554,-1.93189e-06,2.00344e-08
302,0.347554,-0.347554,-1.93006e-06,2.00469e-08
304,0.347554,-0.347554,-1.92835e-06,2.00598e-08
306,0.347554,-0.347554,-1.92669e-06,2.00731e-08
308,0.347554,-0.347554,-1.92483e-06,2.00859e-08
310,0.347554,-0.347554,-1.92286e-06,2.00986e-08
312,0.347554,-0.347554,-1.92117e-06,2.01115e-08
314,0.347554,-0.347554,-1.91957e-06,2.01245e-08
316,0.347554,-0.347554,-1.91743e-06,2.01373e-08
318,0.347554,-0.347554,-1.91513e-06,2.015e-08
320,0.347554,-0.347554,-1.91288e-06,2.01628e-08
322,0.347554,-0.347554,-1.91064e-06,2.01755e-08
324,0.347554,-0.347554,-1.90799e-06,2.0188e-08
326,0.347554,-0.347554,-1.90527e-06,2.02005e-08
328,0.347554,-0.347554,-1.90293e-06,2.02132e-08
330,0.347554,-0.347554,-1.90062e-06,2.0226e-08
332,0.347554,-0.347554,-1.89743e-06,2.02378e-08
334,0.347554,-0.347554,-1.89421e-06,2.02495e-08
336,0.347554,-0.347554,-1.8911e-06,2.02612e-08
338,0.347554,-0.347554,-1.88797e-06,2.02728e-08
340,0.347554,-0.347554,-1.88432e-06,2.02841e-08
342,0.347554,-0.347554,-1.88072e-06,2.02953e-08
344,0.347555,-0.347555,-1.87765e-06,2.03068e-08
346,0.347555,-0.347555,-1.87435e-06,2.03179e-08
348,0.347555,-0.347555,-1.86981e-06,2.03272e-08
350,0.347555,-0.347555,-1.86526e-06,2.03363e-08
352,0.347555,-0.347555,-1.86068e-06,2.03443e-08
354,0.347555,-0.347555,-1.85586e-06,2.03524e-08
356,0.347555,-0.347555,-1.85024e-06,2.03612e-08
358,0.347555,-0.347555,-1.84483e-06,2.03679e-08
360,0.347555,-0.347555,-1.83992e-06,2.03698e-08
362,0.347555,-0.347555,-1.83428e-06,2.03731e-08
364,0.347555,-0.347555,-1.82721e-06,2.03789e-08
366,0.347555,-0.347555,-1.82016e-06,2.03682e-08
368,0.347556,-0.347556,-1.81315e-06,2.0331e-08
370,0.347556,-0.347556,-1.80547e-06,2.0316e-08
372,0.347556,-0.347556,-1.79692e-06,2.03304e-08
374,0.347556,-0.347556,-1.7889e-06,2.02773e-08
376,0.347556,-0.347556,-1.78144e-06,2.015e-08
378,0.347556,-0.347556,-1.77194e-06,2.00955e-08
380,0.347556,-0.347556,-1.7606e-06,2.01073e-08
382,0.347556,-0.347556,-1.74907e-06,2.00867e-08
384,0.347557,-0.347557,-1.7374e-06,2.00417e-08
386,0.347557,-0.347557,-1.72375e-06,2.00381e-08
388,0.347557,-0.347557,-1.70888e-06,2.00602e-08
390,0.347557,-0.347557,-1.69495e-06,2.00886e-08
392,0.347557,-0.347557,-1.68149e-06,2.01201e-08
394,0.347558,-0.347558,-1.66316e-06,2.01772e-08
396,0.347558,-0.347558,-1.64285e-06,2.02448e-08
398,0.347558,-0.347558,-1.62216e-06,2.03291e-08
400,0.347558,-0.347558,-1.60135e-06,2.04189e-08
402,0.347559,-0.347559,-1.57542e-06,2.05348e-08
404,0.347559,-0.347559,-1.54826e-06,2.0657e-08
406,0.347559,-0.347559,-1.52279e-06,2.08046e-08
408,0.347559,-0.347559,-1.49763e-06,2.09566e-08
410,0.34756,-0.34756,-1.45916e-06,2.11325e-08
412,0.34756,-0.34756,-1.41919e-06,2.13111e-08
414,0.34756,-0.34756,-1.37699e-06,2.15373e-08
416,0.347561,-0.347561,-1.33466e-06,2.17663e-08
418,0.347561,-0.347561,-1.27565e-06,2.20609e-08
420,0.347562,-0.347562,-1.21655e-06,2.2359e-08
422,0.347562,-0.347562,-1.15841e-06,2.27314e-08
424,0.347563,-0.347563,-1.09708e-06,2.31051e-08
426,0.347564,-0.347564,-1.00181e-06,2.34917e-08
428,0.347564,-0.347564,-9.05301e-07,2.38799e-08
430,0.347565,-0.347565,-8.00614e-07,2.42785e-08
432,0.347566,-0.347566,-6.85867e-07,2.47093e-08
434,0.347567,-0.347567,-5.25198e-07,2.52872e-08
436,0.347568,-0.347568,-3.60984e-07,2.58405e-08
438,0.347569,-0.347569,-1.84671e-07,2.63094e-08
440,0.34757,-0.34757,2.988e-08,2.67549e-08
442,0.347571,-0.347571,3.46034e-07,2.71383e-08
444,0.347573,-0.347573,6.91809e-07,2.7567e-08
446,0.347575,-0.347575,1.10044e-06,2.80921e-08
448,0.347577,-0.347577,1.61998e-06,2.83662e-08
450,0.347579,-0.347579,2.33069e-06,2.82076e-08
452,0.347582,-0.347582,3.14555e-06,2.73011e-08
454,0.347586,-0.347586,4.1078e-06,2.53363e-08
456,0.347589,-0.347589,5.65947e-06,2.26223e-08
458,0.347594,-0.347594,7.90046e-06,1.90322e-08
460,0.347601,-0.347601,1.09064e-05,1.45171e-08
462,0.347609,-0.347609,1.46537e-05,9.10543e-09
464,0.347618,-0.347618,2.09561e-05,5.24561e-09
466,0.347626,-0.347626,2.93097e-05,2.63162e-09
468,0.347651,-0.347651,3.92274e-05,1.23677e-08
470,0.347687,-0.347687,5.01809e-05,3.02838e-08
472,0.347691,-0.347691,9.2622e-05,5.06795e-08
474,0.347677,-0.347677,0.000152135,7.24196e-08
476,0.347821,-0.347821,0.000172743,6.71027e-08
478,0.348034,-0.348034,0.000176305,4.99294e-08
480,0.348076,-0.348076,0.000132473,2.11858e-08
482,0.348058,-0.348058,7.21797e-05,-1.15768e-08
484,0.348085,-0.348085,5.32405e-05,-3.43726e-08
486,0.348124,-0.348124,4.53564e-05,-5.4504e-08
488,0.348135,-0.348135,3.50237e-05,-6.55388e-08
490,0.348141,-0.348141,2.42104e-05,-7.47883e-08
492,0.348148,-0.348148,1.95172e-05,-7.9127e-08
494,0.348156,-0.348156,1.56364e-05,-8.28139e-08
496,0.348158,-0.348158,1.23048e-05,-8.14505e-08
498,0.34816,-0.34816,9.01484e-06,-7.97051e-08
