x,v,vx,vy,vz
0,0.343805,-0.343804,0.000746156,6.07881e-05
2,0.344141,-0.34414,0.000815868,6.0686e-05
4,0.3445,-0.344499,0.000892103,6.06648e-05
6,0.344849,-0.344848,0.00094957,6.06548e-05
8,0.345049,-0.345048,0.000758873,6.07927e-05
10,0.345234,-0.345233,0.00049327,6.09504e-05
12,0.345305,-0.345304,-0.00033662,6.12564e-05
14,0.345244,-0.345242,-0.00122944,6.15845e-05
16,0.34451,-0.344501,-0.0024429,6.20247e-05
18,0.343683,-0.343664,-0.00361433,6.25113e-05
20,0.342497,-0.342466,-0.00462852,6.31712e-05
22,0.341031,-0.340991,-0.00524131,6.38474e-05
24,0.33875,-0.338718,-0.00469855,6.45702e-05
26,0.336932,-0.336909,-0.00400441,6.53278e-05
28,0.336172,-0.336158,-0.00296483,6.61648e-05
30,0.335339,-0.335332,-0.00218167,6.7065e-05
32,0.33437,-0.334365,-0.00187148,6.80821e-05
34,0.333627,-0.333624,-0.00155268,6.91631e-05
36,0.333227,-0.333224,-0.00122089,7.03408e-05
38,0.3328,-0.332798,-0.000975318,7.16021e-05
40,0.332341,-0.332339,-0.000837155,7.29676e-05
42,0.331987,-0.331986,-0.000704562,7.44227e-05
44,0.331743,-0.331742,-0.000577714,7.59704e-05
46,0.331507,-0.331507,-0.000482302,7.76242e-05
48,0.331279,-0.331279,-0.000413772,7.9369e-05
50,0.331102,-0.331102,-0.000354147,8.12493e-05
52,0.330962,-0.330962,-0.000300814,8.32254e-05
54,0.330829,-0.330829,-0.000261395,8.53491e-05
56,0.3307,-0.3307,-0.000230049,8.75584e-05
58,0.330596,-0.330596,-0.000202287,8.99353e-05
60,0.330503,-0.330503,-0.000176215,9.23911e-05
62,0.330421,-0.330421,-0.000156263,9.50412e-05
64,0.330344,-0.330344,-0.000138616,9.77645e-05
66,0.33028,-0.33028,-0.000124142,0.000100738
68,0.330219,-0.330219,-0.000110598,0.000103786
70,0.330167,-0.330166,-0.000100152,0.000107106
72,0.330116,-0.330116,-9.03857e-05,0.000110486
74,0.330072,-0.330072,-8.22187e-05,0.000114178
76,0.330029,-0.330029,-7.42966e-05,0.000117919
78,0.329993,-0.329993,-6.81573e-05,0.000122016
80,0.329957,-0.329957,-6.21856e-05,0.000126147
82,0.329926,-0.329926,-5.72396e-05,0.000130745
84,0.329895,-0.329895,-5.23425e-05,0.000135366
86,0.329869,-0.329869,-4.83523e-05,0.000140481
88,0.329844,-0.329844,-4.44047e-05,0.000145627
90,0.32982,-0.32982,-4.11962e-05,0.000151297
92,0.329798,-0.329798,-3.80613e-05,0.000157028
94,0.329778,-0.329778,-3.55775e-05,0.00016331
96,0.329758,-0.329758,-3.31373e-05,0.000169705
98,0.32974,-0.32974,-3.09468e-05,0.000176753
100,0.329722,-0.329722,-2.88175e-05,0.000183959
102,0.329706,-0.329706,-2.69408e-05,0.000191815
104,0.329691,-0.32969,-2.51617e-05,0.000199893
106,0.329676,-0.329676,-2.36882e-05,0.000208665
108,0.329662,-0.329662,-2.23274e-05,0.000217732
110,0.329648,-0.329648,-2.1244e-05,0.000227522
112,0.329635,-0.329635,-2.01876e-05,0.000237747
114,0.329623,-0.329622,-1.91843e-05,0.000248832
116,0.32961,-0.32961,-1.8237e-05,0.000260446
118,0.329598,-0.329598,-1.73799e-05,0.000272913
120,0.329587,-0.329587,-1.66402e-05,0.000286071
122,0.329576,-0.329575,-1.60561e-05,0.000300144
124,0.329564,-0.329564,-1.55945e-05,0.000315084
126,0.329553,-0.329553,-1.52675e-05,0.000330979
128,0.329542,-0.329542,-1.49203e-05,0.000348086
130,0.32953,-0.32953,-1.45547e-05,0.000366299
132,0.329519,-0.329519,-1.42134e-05,0.000385974
134,0.329507,-0.329507,-1.38904e-05,0.00040675
136,0.329496,-0.329495,-1.36167e-05,0.000429401
138,0.329484,-0.329484,-1.33735e-05,0.000453213
140,0.329472,-0.329472,-1.32999e-05,0.00047936
142,0.32946,-0.329459,-1.33121e-05,0.000506688
144,0.329446,-0.329446,-1.32853e-05,0.000537201
146,0.329433,-0.329433,-1.32427e-05,0.000569009
148,0.329419,-0.329418,-1.33624e-05,0.000604674
150,0.329404,-0.329404,-1.35341e-05,0.000641571
152,0.329389,-0.329388,-1.3868e-05,0.000683432
154,0.329372,-0.329372,-1.42414e-05,0.000726498
156,0.329354,-0.329353,-1.49878e-05,0.000775798
158,0.329334,-0.329333,-1.57993e-05,0.000826185
160,0.329312,-0.329311,-1.60435e-05,0.000885134
162,0.32929,-0.329288,-1.62236e-05,0.000945051
164,0.329264,-0.329262,-1.6348e-05,0.00101545
166,0.329237,-0.329236,-1.64693e-05,0.00108645
168,0.329207,-0.329205,-1.74922e-05,0.00117123
170,0.329176,-0.329174,-1.85768e-05,0.00125679
172,0.329134,-0.329131,-2.10037e-05,0.0013586
174,0.329091,-0.329088,-2.3094e-05,0.00146242
176,0.32904,-0.329036,-2.16041e-05,0.00158761
178,0.328988,-0.328983,-2.01223e-05,0.00171656
180,0.328929,-0.328924,-1.86929e-05,0.00186999
182,0.328868,-0.328862,-1.85632e-05,0.00202945
184,0.328791,-0.328784,-2.43674e-05,0.00221649
186,0.328703,-0.328694,-3.10321e-05,0.00241398
188,0.328577,-0.328566,-4.06344e-05,0.00264717
190,0.32844,-0.328428,-4.63801e-05,0.0028984
192,0.328278,-0.328263,-4.18785e-05,0.00319758
194,0.328107,-0.328088,-3.54402e-05,0.0035189
196,0.327915,-0.327892,-2.48923e-05,0.0038872
198,0.327689,-0.327661,-2.89674e-05,0.00428982
200,0.327404,-0.32737,-5.82438e-05,0.0047516
202,0.32701,-0.326967,-9.83926e-05,0.00528357
204,0.326461,-0.326408,-0.000153927,0.00591489
206,0.325802,-0.325734,-0.000207267,0.00663911
208,0.325014,-0.324928,-0.000258042,0.00747196
210,0.323959,-0.32385,-0.000314273,0.00841337
212,0.322646,-0.322508,-0.000375794,0.00946
214,0.320921,-0.320739,-0.000576354,0.0107722
216,0.318868,-0.318629,-0.000888539,0.0122975
218,0.315326,-0.314998,-0.00140411,0.0143033
220,0.310812,-0.31036,-0.00205439,0.0166272
222,0.304376,-0.303768,-0.00251331,0.0190735
224,0.296916,-0.296116,-0.00286848,0.0215861
226,0.286752,-0.285656,-0.00217304,0.0249481
228,0.275465,-0.273966,-0.00101723,0.0286821
230,0.261938,-0.259637,-0.000151417,0.0346356
232,0.247869,-0.244393,0.000613655,0.04136
234,0.227436,-0.220854,-0.00127496,0.0543033
236,0.206946,-0.195097,-0.00387298,0.0689091
238,0.166449,-0.146605,-0.00071566,0.0788138
240,0.128419,-0.0936512,0.00357121,0.0877958
242,0.0793056,-0.00924125,0.0513212,0.0597504
244,0.134182,0.0793443,0.104841,0.0267899
246,0.250253,0.0326336,0.237128,-0.073023
248,0.416102,-0.0243096,0.375372,-0.177892
250,0.480459,-0.226222,0.392895,-0.159053
252,0.605067,-0.429224,0.403971,-0.136674
254,0.602697,-0.532639,0.267118,-0.090485
256,0.64175,-0.625954,0.135705,-0.0401027
258,0.594316,-0.585731,0.0762326,0.0657191
260,0.562881,-0.540743,0.0240493,0.154445
262,0.474627,-0.459859,0.0267785,0.114385
264,0.400672,-0.391878,0.0269648,0.07901
266,0.395708,-0.389649,0.014194,0.0675032
268,0.387,-0.382745,0.00442547,0.0570601
270,0.361955,-0.358353,0.00588726,0.050596
272,0.34364,-0.34074,0.00656711,0.0440695
274,0.344705,-0.342638,0.00499593,0.0373633
276,0.343521,-0.342057,0.00363829,0.0314684
278,0.336949,-0.335819,0.00276798,0.0274248
280,0.332471,-0.331651,0.00205614,0.0232446
282,0.331838,-0.3313,0.00163661,0.0188124
284,0.3308,-0.330425,0.00164641,0.0156666
286,0.329084,-0.328758,0.00230443,0.0144629
288,0.328593,-0.328331,0.00229447,0.0129176
290,0.329636,-0.329451,0.00145247,0.0109468
292,0.329793,-0.329656,0.000862125,0.00946485
294,0.32903,-0.32892,0.000531411,0.00848735
296,0.328653,-0.328565,0.000436389,0.0075581
298,0.328606,-0.328538,0.000542901,0.00667009
300,0.328546,-0.328491,0.000603944,0.00597588
302,0.328475,-0.32843,0.000632855,0.00541862
304,0.328552,-0.328516,0.00057419,0.00489633
306,0.328716,-0.328686,0.00046471,0.00439433
308,0.328819,-0.328795,0.000373451,0.00397183
310,0.328894,-0.328875,0.00029078,0.0035868
312,0.328929,-0.328912,0.000231317,0.0032593
314,0.328947,-0.328934,0.000180589,0.00295344
316,0.328944,-0.328932,0.0001572,0.00270138
318,0.328933,-0.328924,0.000141819,0.00246508
320,0.328959,-0.328951,0.000139226,0.00226919
322,0.328993,-0.328986,0.000139434,0.00208215
324,0.329042,-0.329036,0.000127498,0.00192428
326,0.329093,-0.329089,0.000113703,0.00177087
328,0.329124,-0.329119,9.34742e-05,0.00164213
330,0.329152,-0.329148,7.26409e-05,0.00151571
332,0.329167,-0.329164,6.3584e-05,0.00140997
334,0.329182,-0.32918,5.50604e-05,0.00130521
336,0.3292,-0.329198,5.34572e-05,0.00121833
338,0.329219,-0.329217,5.17289e-05,0.00113222
340,0.32924,-0.329239,4.78373e-05,0.00105948
342,0.329261,-0.32926,4.37792e-05,0.000987951
344,0.329279,-0.329277,3.8248e-05,0.000927059
346,0.329295,-0.329294,3.30476e-05,0.000867425
348,0.329309,-0.329308,2.9746e-05,0.000815004
350,0.329322,-0.329321,2.67453e-05,0.000764079
352,0.329334,-0.329333,2.49846e-05,0.000719319
354,0.329345,-0.329345,2.32828e-05,0.000676109
356,0.329357,-0.329356,2.17649e-05,0.000637754
358,0.329368,-0.329368,2.02438e-05,0.000601018
360,0.329379,-0.329378,1.87152e-05,0.000568268
362,0.329389,-0.329389,1.7305e-05,0.000536857
364,0.329399,-0.329399,1.61289e-05,0.000508095
366,0.329408,-0.329408,1.50818e-05,0.000480755
368,0.329417,-0.329416,1.42429e-05,0.000455709
370,0.329425,-0.329425,1.35342e-05,0.000432027
372,0.329433,-0.329433,1.29983e-05,0.000410154
374,0.329441,-0.329441,1.25086e-05,0.00038964
376,0.329449,-0.329449,1.20697e-05,0.000370616
378,0.329457,-0.329457,1.17041e-05,0.000352682
380,0.329465,-0.329465,1.14054e-05,0.000335739
382,0.329472,-0.329472,1.11838e-05,0.000319916
384,0.32948,-0.32948,1.10202e-05,0.000304935
386,0.329487,-0.329487,1.09378e-05,0.000291011
388,0.329495,-0.329494,1.09057e-05,0.000277742
390,0.329502,-0.329502,1.09026e-05,0.000265518
392,0.329509,-0.329509,1.09142e-05,0.000253822
394,0.329517,-0.329517,1.10576e-05,0.000242951
396,0.329525,-0.329525,1.12546e-05,0.000232414
398,0.329533,-0.329533,1.14927e-05,0.000222723
400,0.329541,-0.329541,1.17439e-05,0.000213302
402,0.329549,-0.329549,1.19418e-05,0.000204685
404,0.329558,-0.329558,1.21266e-05,0.000196262
406,0.329566,-0.329566,1.23382e-05,0.000188627
408,0.329574,-0.329574,1.25544e-05,0.000181128
410,0.329583,-0.329583,1.34288e-05,0.000174251
412,0.329592,-0.329592,1.43777e-05,0.000167444
414,0.329603,-0.329603,1.57861e-05,0.000161271
416,0.329614,-0.329614,1.72212e-05,0.000155134
418,0.329627,-0.329627,1.77817e-05,0.000149613
420,0.32964,-0.32964,1.83108e-05,0.00014412
422,0.329652,-0.329652,1.82364e-05,0.000139188
424,0.329663,-0.329663,1.82217e-05,0.000134293
426,0.329677,-0.329677,1.88418e-05,0.000129792
428,0.329691,-0.329691,1.9355e-05,0.000125347
430,0.32971,-0.32971,1.91692e-05,0.000121276
432,0.329729,-0.329729,1.80355e-05,0.000117275
434,0.329745,-0.329745,1.25738e-05,0.000113601
436,0.329758,-0.329758,6.96386e-06,0.000110013
438,0.329756,-0.329756,8.47746e-07,0.000106715
440,0.329751,-0.329751,-2.81147e-06,0.000103502
442,0.329739,-0.329739,5.76143e-08,0.000100515
444,0.329726,-0.329726,-4.75076e-06,9.76146e-05
446,0.329713,-0.329713,-2.58503e-05,9.49001e-05
448,0.329678,-0.329678,-9.29505e-05,9.22806e-05
450,0.329603,-0.329603,-0.000239328,8.9825e-05
452,0.329454,-0.329453,-0.000454848,8.74786e-05
454,0.329198,-0.329197,-0.000768211,8.52867e-05
456,0.328847,-0.328845,-0.00105345,8.31986e-05
458,0.328386,-0.328383,-0.00130579,8.12318e-05
460,0.327979,-0.327976,-0.00137822,7.93851e-05
462,0.327625,-0.327622,-0.00127629,7.76546e-05
464,0.327342,-0.327341,-0.000788187,7.60195e-05
466,0.327117,-0.327117,9.93019e-06,7.44608e-05
468,0.327342,-0.327339,0.00127068,7.29113e-05
470,0.32787,-0.327858,0.00283786,7.13678e-05
472,0.329,-0.328971,0.00437617,6.99763e-05
474,0.330459,-0.330406,0.00589884,6.86673e-05
476,0.332844,-0.332789,0.00602674,6.75679e-05
478,0.335632,-0.335587,0.00554346,6.65603e-05
480,0.337123,-0.337093,0.00449989,6.56651e-05
482,0.338166,-0.33815,0.00326168,6.48089e-05
484,0.339317,-0.339306,0.00265574,6.40639e-05
486,0.340496,-0.340489,0.00221882,6.33487e-05
488,0.341157,-0.341152,0.00179732,6.27416e-05
490,0.341717,-0.341714,0.00137884,6.21557e-05
492,0.342262,-0.342261,0.00113925,6.17472e-05
494,0.342807,-0.342805,0.000923403,6.13621e-05
496,0.343146,-0.343145,0.000798749,6.1123e-05
498,0.343469,-0.343469,0.000680991,6.0895e-05
