x,v,vx,vy,vz
0,0.343734,-0.343733,0.000778842,7.24677e-05
2,0.344084,-0.344083,0.000854243,7.24104e-05
4,0.344459,-0.344458,0.000931357,7.24478e-05
6,0.344823,-0.344821,0.000988649,7.25009e-05
8,0.345033,-0.345032,0.000783844,7.27618e-05
10,0.345227,-0.345227,0.000502779,7.3046e-05
12,0.345298,-0.345297,-0.000352778,7.35059e-05
14,0.345235,-0.345233,-0.00127013,7.39922e-05
16,0.344485,-0.344476,-0.00250232,7.46131e-05
18,0.343642,-0.343622,-0.00368877,7.52859e-05
20,0.342434,-0.342402,-0.00470406,7.61525e-05
22,0.340945,-0.340903,-0.00531568,7.70379e-05
24,0.338638,-0.338604,-0.00476526,7.79776e-05
26,0.336797,-0.336772,-0.00406334,7.89591e-05
28,0.336018,-0.336004,-0.00301572,8.00359e-05
30,0.335168,-0.335161,-0.00222544,8.11901e-05
32,0.334184,-0.334178,-0.00190984,8.24872e-05
34,0.333427,-0.333424,-0.0015861,8.38635e-05
36,0.333016,-0.333014,-0.00125009,8.53595e-05
38,0.332578,-0.332577,-0.00100079,8.69574e-05
40,0.332109,-0.332107,-0.000859497,8.86824e-05
42,0.331746,-0.331745,-0.000724051,9.05166e-05
44,0.331495,-0.331494,-0.000594636,9.24636e-05
46,0.331253,-0.331253,-0.000496927,9.45406e-05
48,0.331019,-0.331018,-0.000426331,9.67288e-05
50,0.330838,-0.330837,-0.000365087,9.90844e-05
52,0.330694,-0.330694,-0.000310451,0.000101558
54,0.330557,-0.330557,-0.000269988,0.000104214
56,0.330424,-0.330424,-0.000237747,0.000106975
58,0.330317,-0.330317,-0.000209122,0.000109942
60,0.330222,-0.330221,-0.0001822,0.000113007
62,0.330138,-0.330138,-0.000161533,0.000116312
64,0.330059,-0.330059,-0.000143219,0.000119708
66,0.329993,-0.329993,-0.000128236,0.000123417
68,0.329931,-0.329931,-0.000114227,0.000127218
70,0.329878,-0.329877,-0.000103436,0.000131357
72,0.329826,-0.329825,-9.33483e-05,0.000135571
74,0.329781,-0.329781,-8.48688e-05,0.000140175
76,0.329737,-0.329737,-7.66355e-05,0.000144838
78,0.329701,-0.329701,-7.02272e-05,0.000149947
80,0.329665,-0.329665,-6.39906e-05,0.000155098
82,0.329634,-0.329634,-5.88348e-05,0.000160837
84,0.329603,-0.329603,-5.37303e-05,0.000166604
86,0.329577,-0.329577,-4.95676e-05,0.000172992
88,0.329551,-0.329551,-4.54486e-05,0.000179418
90,0.329529,-0.329529,-4.20858e-05,0.000186501
92,0.329506,-0.329506,-3.87978e-05,0.000193663
94,0.329487,-0.329487,-3.61726e-05,0.000201518
96,0.329468,-0.329468,-3.35916e-05,0.000209517
98,0.32945,-0.32945,-3.12639e-05,0.000218342
100,0.329433,-0.329433,-2.89969e-05,0.000227367
102,0.329418,-0.329418,-2.69805e-05,0.000237213
104,0.329404,-0.329404,-2.5064e-05,0.00024734
106,0.329391,-0.329391,-2.34599e-05,0.000258343
108,0.329378,-0.329378,-2.19707e-05,0.000269721
110,0.329366,-0.329366,-2.07637e-05,0.000282017
112,0.329354,-0.329354,-1.95739e-05,0.000294866
114,0.329343,-0.329343,-1.84179e-05,0.000308809
116,0.329333,-0.329333,-1.73133e-05,0.000323424
118,0.329323,-0.329323,-1.62915e-05,0.000339124
120,0.329314,-0.329313,-1.53853e-05,0.000355699
122,0.329304,-0.329304,-1.46327e-05,0.000373436
124,0.329296,-0.329295,-1.40065e-05,0.000392282
126,0.329287,-0.329287,-1.35191e-05,0.000412343
128,0.329278,-0.329278,-1.29637e-05,0.000433956
130,0.329269,-0.329269,-1.23462e-05,0.000456981
132,0.329261,-0.329261,-1.17217e-05,0.00048187
134,0.329253,-0.329252,-1.10919e-05,0.000508165
136,0.329245,-0.329244,-1.04851e-05,0.000536854
138,0.329237,-0.329236,-9.89258e-06,0.000567028
140,0.329229,-0.329228,-9.46703e-06,0.000600181
142,0.32922,-0.32922,-9.12593e-06,0.000634842
144,0.329212,-0.329211,-8.6474e-06,0.000673587
146,0.329203,-0.329202,-8.113e-06,0.000713992
148,0.329194,-0.329193,-7.64522e-06,0.000759359
150,0.329185,-0.329184,-7.19872e-06,0.000806313
152,0.329175,-0.329174,-6.91286e-06,0.000859661
154,0.329165,-0.329164,-6.66597e-06,0.000914561
156,0.329153,-0.329152,-6.77491e-06,0.000977526
158,0.32914,-0.329139,-6.94586e-06,0.0010419
160,0.329126,-0.329124,-6.11711e-06,0.00111734
162,0.32911,-0.329108,-5.17535e-06,0.00119403
164,0.329093,-0.329091,-3.76352e-06,0.00128427
166,0.329076,-0.329073,-2.3245e-06,0.0013753
168,0.329056,-0.329052,-1.93707e-06,0.00148429
170,0.329035,-0.329031,-1.60529e-06,0.00159429
172,0.329003,-0.328999,-2.43841e-06,0.00172559
174,0.32897,-0.328965,-2.80372e-06,0.0018595
176,0.32893,-0.328924,1.80682e-06,0.00202109
178,0.328889,-0.328882,6.59587e-06,0.00218753
180,0.328845,-0.328837,1.25505e-05,0.00238567
182,0.328799,-0.328789,1.69949e-05,0.00259185
184,0.328739,-0.328727,1.45443e-05,0.0028347
186,0.328666,-0.328652,1.14181e-05,0.00309142
188,0.328551,-0.328533,5.98486e-06,0.00339553
190,0.328425,-0.328404,5.32979e-06,0.00372198
192,0.328272,-0.328246,1.73709e-05,0.00410783
194,0.32811,-0.328078,3.25755e-05,0.00452362
196,0.327927,-0.327889,5.44927e-05,0.00500295
198,0.327708,-0.327661,6.02561e-05,0.00553039
200,0.327428,-0.32737,3.81802e-05,0.00614071
202,0.327016,-0.326945,5.87292e-06,0.00684172
204,0.32642,-0.32633,-4.09125e-05,0.00767105
206,0.325691,-0.325578,-8.61758e-05,0.00860611
208,0.324808,-0.324664,-0.000129659,0.00966483
210,0.323605,-0.323422,-0.000188202,0.0108784
212,0.322095,-0.321862,-0.000261343,0.0122422
214,0.320027,-0.319723,-0.000484325,0.0139288
216,0.317519,-0.31712,-0.000827602,0.0158746
218,0.313289,-0.312748,-0.00138314,0.0183513
220,0.307941,-0.307205,-0.00207926,0.0211795
222,0.300159,-0.299188,-0.00239855,0.0240068
224,0.29108,-0.28983,-0.00251354,0.0268335
226,0.279345,-0.277682,-0.00154828,0.0303943
228,0.266526,-0.264312,-0.00010965,0.0342768
230,0.250485,-0.247215,0.000235125,0.040337
232,0.233631,-0.228823,0.000199929,0.0471535
234,0.206573,-0.198282,-0.0041758,0.057787
236,0.178812,-0.164492,-0.00971187,0.0694409
238,0.123754,-0.104039,-0.00294521,0.0669485
240,0.0728993,-0.038354,0.00623601,0.0616797
242,0.0618769,0.0396858,0.0474613,-0.00110441
244,0.167337,0.119366,0.0929402,-0.0715233
246,0.258694,0.0481178,0.213777,-0.137501
248,0.397836,-0.0345446,0.340314,-0.203142
250,0.470053,-0.234709,0.366037,-0.178546
252,0.600942,-0.435214,0.385703,-0.151501
254,0.600474,-0.532425,0.253776,-0.112648
256,0.637682,-0.620974,0.127527,-0.0690375
258,0.601038,-0.594989,0.0763491,0.0374897
260,0.576834,-0.56185,0.0304832,0.127016
262,0.483626,-0.474827,0.0246316,0.0884666
264,0.406272,-0.40203,0.0184682,0.0555637
266,0.405139,-0.401719,0.0107158,0.0514297
268,0.39879,-0.395948,0.00465221,0.047301
270,0.3723,-0.369753,0.00490614,0.0431923
272,0.352851,-0.350675,0.00480967,0.038835
274,0.353716,-0.352082,0.00370445,0.0337622
276,0.351698,-0.350476,0.00264269,0.0291727
278,0.342961,-0.341994,0.00168007,0.0256859
280,0.336955,-0.336231,0.00114089,0.0220557
282,0.335976,-0.335482,0.00138275,0.018161
284,0.334732,-0.33437,0.00177978,0.0154547
286,0.333038,-0.332711,0.00241112,0.0145424
288,0.332422,-0.33216,0.00224216,0.013008
290,0.333163,-0.332989,0.00107635,0.0106986
292,0.332635,-0.33251,0.000343093,0.00913573
294,0.330786,-0.330681,5.61131e-05,0.00834301
296,0.329859,-0.329772,0.000131568,0.00758681
298,0.329721,-0.329649,0.000516932,0.00686183
300,0.329664,-0.329604,0.000702128,0.0062684
302,0.329664,-0.329613,0.000745871,0.00576792
304,0.329722,-0.32968,0.000607081,0.00520694
306,0.329815,-0.329782,0.000362375,0.00461085
308,0.329716,-0.32969,0.000222017,0.00415109
310,0.329528,-0.329506,0.000130834,0.00375557
312,0.329418,-0.329401,0.00012317,0.00343783
314,0.329339,-0.329324,0.000146938,0.00314936
316,0.329295,-0.329282,0.000151831,0.00289972
318,0.329261,-0.32925,0.000151194,0.00266145
320,0.329249,-0.32924,0.000133718,0.00245314
322,0.329242,-0.329235,0.000112554,0.00225138
324,0.329236,-0.32923,9.58726e-05,0.00208395
326,0.329231,-0.329225,7.9878e-05,0.00192177
328,0.32922,-0.329215,6.82172e-05,0.00178715
330,0.329208,-0.329204,5.69638e-05,0.00165511
332,0.329196,-0.329192,5.17878e-05,0.00154355
334,0.329184,-0.329181,4.6882e-05,0.00143295
336,0.32918,-0.329178,4.49061e-05,0.00134002
338,0.329177,-0.329175,4.28392e-05,0.0012479
340,0.32918,-0.329177,3.91992e-05,0.00116979
342,0.329182,-0.32918,3.5428e-05,0.00109292
344,0.329182,-0.32918,3.04955e-05,0.00102714
346,0.329182,-0.32918,2.59185e-05,0.000962691
348,0.329181,-0.329179,2.3381e-05,0.000905916
350,0.32918,-0.329179,2.115e-05,0.000850718
352,0.32918,-0.329179,2.01815e-05,0.000802013
354,0.32918,-0.32918,1.9168e-05,0.000754962
356,0.329183,-0.329182,1.80137e-05,0.000713085
358,0.329185,-0.329184,1.67613e-05,0.000672927
360,0.329187,-0.329186,1.52676e-05,0.000636999
362,0.329189,-0.329188,1.39699e-05,0.000602512
364,0.329191,-0.32919,1.30596e-05,0.000570873
366,0.329193,-0.329192,1.23089e-05,0.000540763
368,0.329195,-0.329194,1.18156e-05,0.000513116
370,0.329197,-0.329197,1.13849e-05,0.000486956
372,0.3292,-0.3292,1.10373e-05,0.000462769
374,0.329203,-0.329203,1.06801e-05,0.000440053
376,0.329206,-0.329206,1.03123e-05,0.000418952
378,0.329209,-0.329209,1.00484e-05,0.000399036
380,0.329213,-0.329213,9.87887e-06,0.0003802
382,0.329217,-0.329216,9.80481e-06,0.000362583
384,0.32922,-0.32922,9.80266e-06,0.000345883
386,0.329224,-0.329224,9.84286e-06,0.000330354
388,0.329229,-0.329229,9.90932e-06,0.000315549
390,0.329233,-0.329233,9.97911e-06,0.000301895
392,0.329238,-0.329238,1.00506e-05,0.000288823
394,0.329243,-0.329243,1.02779e-05,0.000276655
396,0.329248,-0.329248,1.05686e-05,0.000264854
398,0.329254,-0.329254,1.08993e-05,0.000253987
400,0.32926,-0.32926,1.12429e-05,0.000243419
402,0.329266,-0.329266,1.1486e-05,0.000233748
404,0.329273,-0.329273,1.17046e-05,0.000224296
406,0.329279,-0.329279,1.19502e-05,0.000215719
408,0.329286,-0.329286,1.22005e-05,0.000207294
410,0.329293,-0.329293,1.31991e-05,0.000199558
412,0.329301,-0.329301,1.42824e-05,0.000191899
414,0.329311,-0.329311,1.58207e-05,0.000184944
416,0.329321,-0.329321,1.73852e-05,0.000178031
418,0.329333,-0.329333,1.78691e-05,0.000171812
420,0.329345,-0.329345,1.83229e-05,0.000165625
422,0.329356,-0.329356,1.82464e-05,0.000160067
424,0.329366,-0.329366,1.82393e-05,0.00015455
426,0.329379,-0.329379,1.89713e-05,0.000149471
428,0.329392,-0.329392,1.95648e-05,0.000144456
430,0.329412,-0.329412,1.92537e-05,0.000139864
432,0.329431,-0.329431,1.79272e-05,0.000135353
434,0.329447,-0.329447,1.19655e-05,0.000131212
436,0.329458,-0.329458,6.04648e-06,0.000127166
438,0.329454,-0.329454,2.73269e-07,0.000123447
440,0.329447,-0.329447,-2.88486e-06,0.000119823
442,0.329433,-0.329433,9.05644e-07,0.000116452
444,0.329418,-0.329418,-4.50005e-06,0.000113179
446,0.329404,-0.329404,-2.94196e-05,0.000110115
448,0.329365,-0.329365,-0.00010392,0.000107164
450,0.329282,-0.329282,-0.000263869,0.000104406
452,0.329119,-0.329118,-0.000494233,0.000101775
454,0.328841,-0.32884,-0.00082424,9.93225e-05
456,0.328467,-0.328465,-0.00111972,9.69868e-05
458,0.327978,-0.327975,-0.00137482,9.47877e-05
460,0.327549,-0.327546,-0.00143892,9.27222e-05
462,0.327178,-0.327175,-0.00131788,9.07861e-05
464,0.326885,-0.326884,-0.000801446,8.89518e-05
466,0.326657,-0.326657,3.24292e-05,8.71992e-05
468,0.326892,-0.326889,0.00132818,8.5453e-05
470,0.327438,-0.327425,0.00292985,8.37112e-05
472,0.3286,-0.32857,0.00448654,8.21586e-05
474,0.3301,-0.330045,0.00601884,8.07086e-05
476,0.332527,-0.332471,0.00613982,7.95036e-05
478,0.335361,-0.335313,0.00564234,7.84058e-05
480,0.336882,-0.336851,0.00458452,7.74365e-05
482,0.337952,-0.337936,0.00333206,7.65118e-05
484,0.339128,-0.339117,0.00271596,7.57133e-05
486,0.340331,-0.340323,0.00226997,7.49484e-05
488,0.341008,-0.341003,0.00184036,7.43172e-05
490,0.341583,-0.34158,0.00141395,7.37123e-05
492,0.342143,-0.342141,0.00116928,7.32908e-05
494,0.3427,-0.342699,0.000948741,7.28937e-05
496,0.343051,-0.34305,0.000824713,7.27039e-05
498,0.343385,-0.343384,0.000707984,7.25299e-05
