x,v,vx,vy,vz
0,0.346318,-0.346318,0.000142549,-1.20559e-07
2,0.346394,-0.346394,0.000120157,-1.3887e-07
4,0.346437,-0.346437,9.57679e-05,-1.18755e-07
6,0.346475,-0.346475,7.08718e-05,-9.63492e-08
8,0.346447,-0.346447,3.92741e-05,-4.36494e-08
10,0.346419,-0.346419,-5.30604e-06,8.57608e-09
12,0.346397,-0.346397,-0.000147687,5.72292e-08
14,0.346337,-0.346337,-0.000331953,9.50774e-08
16,0.34609,-0.346089,-0.00072963,7.7872e-08
18,0.345816,-0.345814,-0.00118889,4.87349e-08
20,0.345441,-0.345436,-0.00187851,-2.50357e-08
22,0.344824,-0.344816,-0.00235084,-8.71943e-08
24,0.343509,-0.343502,-0.00219767,-1.15924e-07
26,0.342526,-0.34252,-0.00190691,-1.28861e-07
28,0.342299,-0.342297,-0.00130218,-1.05754e-07
30,0.341999,-0.341998,-0.000861237,-8.11214e-08
32,0.34156,-0.341559,-0.000722381,-5.36741e-08
34,0.341247,-0.341247,-0.000577842,-3.24116e-08
36,0.341125,-0.341125,-0.000424722,-2.0487e-08
38,0.340985,-0.340985,-0.0003168,-1.17182e-08
40,0.340823,-0.340822,-0.000265179,-6.88034e-09
42,0.340707,-0.340707,-0.000215876,-3.08142e-09
44,0.340638,-0.340638,-0.000168966,-3.54436e-10
46,0.340569,-0.340569,-0.000136675,2.0975e-09
48,0.340497,-0.340497,-0.000116885,4.31426e-09
50,0.340444,-0.340444,-9.87802e-05,6.5767e-09
52,0.340403,-0.340403,-8.1866e-05,8.87143e-09
54,0.340366,-0.340366,-6.99462e-05,1.09524e-08
56,0.340331,-0.340331,-6.09245e-05,1.29093e-08
58,0.340303,-0.340303,-5.32599e-05,1.48472e-08
60,0.340278,-0.340278,-4.6235e-05,1.67761e-08
62,0.340256,-0.340256,-4.13447e-05,1.86548e-08
64,0.340236,-0.340236,-3.72577e-05,2.05147e-08
66,0.340218,-0.340218,-3.35999e-05,2.21949e-08
68,0.340202,-0.340202,-3.00676e-05,2.38225e-08
70,0.340188,-0.340188,-2.73738e-05,2.52674e-08
72,0.340175,-0.340175,-2.48636e-05,2.66724e-08
74,0.340164,-0.340164,-2.28511e-05,2.78618e-08
76,0.340153,-0.340153,-2.09149e-05,2.90183e-08
78,0.340144,-0.340144,-1.95493e-05,3.0092e-08
80,0.340135,-0.340135,-1.82374e-05,3.11579e-08
82,0.340127,-0.340127,-1.70221e-05,3.20549e-08
84,0.340119,-0.340119,-1.58126e-05,3.2944e-08
86,0.340112,-0.340112,-1.48455e-05,3.37058e-08
88,0.340106,-0.340106,-1.38896e-05,3.44597e-08
90,0.3401,-0.3401,-1.31286e-05,3.50767e-08
92,0.340095,-0.340095,-1.239e-05,3.56863e-08
94,0.34009,-0.34009,-1.18494e-05,3.62293e-08
96,0.340085,-0.340085,-1.13105e-05,3.67586e-08
98,0.340081,-0.340081,-1.07815e-05,3.72091e-08
100,0.340077,-0.340077,-1.02683e-05,3.76446e-08
102,0.340073,-0.340073,-9.81967e-06,3.80179e-08
104,0.340069,-0.340069,-9.39172e-06,3.83774e-08
106,0.340066,-0.340066,-9.02837e-06,3.86935e-08
108,0.340063,-0.340063,-8.69318e-06,3.90024e-08
110,0.34006,-0.34006,-8.42723e-06,3.92936e-08
112,0.340057,-0.340057,-8.16069e-06,3.95739e-08
114,0.340055,-0.340055,-7.89298e-06,3.98327e-08
116,0.340052,-0.340052,-7.63948e-06,4.00166e-08
118,0.34005,-0.34005,-7.40888e-06,4.00795e-08
120,0.340048,-0.340048,-7.19711e-06,4.01504e-08
122,0.340046,-0.340046,-7.01032e-06,4.0232e-08
124,0.340044,-0.340044,-6.84692e-06,4.01368e-08
126,0.340042,-0.340042,-6.70921e-06,3.98477e-08
128,0.340041,-0.340041,-6.56784e-06,3.98299e-08
130,0.340039,-0.340039,-6.42314e-06,4.00591e-08
132,0.340037,-0.340037,-6.28595e-06,4.00961e-08
134,0.340036,-0.340036,-6.15442e-06,3.99883e-08
136,0.340035,-0.340035,-6.03567e-06,3.99853e-08
138,0.340033,-0.340033,-5.92483e-06,4.00475e-08
140,0.340032,-0.340032,-5.83106e-06,4.00686e-08
142,0.340031,-0.340031,-5.74592e-06,4.00688e-08
144,0.34003,-0.34003,-5.65795e-06,4.0083e-08
146,0.340028,-0.340028,-5.56882e-06,4.01028e-08
148,0.340027,-0.340027,-5.48707e-06,4.01128e-08
150,0.340026,-0.340026,-5.40769e-06,4.01197e-08
152,0.340026,-0.340026,-5.33915e-06,4.01279e-08
154,0.340025,-0.340025,-5.27324e-06,4.01364e-08
156,0.340024,-0.340024,-5.22046e-06,4.01334e-08
158,0.340023,-0.340023,-5.16997e-06,4.01285e-08
160,0.340022,-0.340022,-5.11549e-06,4.01113e-08
162,0.340021,-0.340021,-5.06056e-06,4.00927e-08
164,0.340021,-0.340021,-5.00842e-06,4.00723e-08
166,0.34002,-0.34002,-4.95643e-06,4.00519e-08
168,0.340019,-0.340019,-4.91108e-06,4.00373e-08
170,0.340019,-0.340019,-4.86613e-06,4.00226e-08
172,0.340018,-0.340018,-4.82989e-06,4.00027e-08
174,0.340017,-0.340017,-4.79345e-06,3.99821e-08
176,0.340017,-0.340017,-4.75502e-06,3.99534e-08
178,0.340016,-0.340016,-4.71708e-06,3.99253e-08
180,0.340016,-0.340016,-4.6823e-06,3.99003e-08
182,0.340015,-0.340015,-4.6485e-06,3.9881e-08
184,0.340015,-0.340015,-4.61918e-06,3.98875e-08
186,0.340015,-0.340015,-4.59125e-06,3.9898e-08
188,0.340014,-0.340014,-4.56806e-06,3.99222e-08
190,0.340014,-0.340014,-4.54413e-06,3.99388e-08
192,0.340013,-0.340013,-4.51821e-06,3.9935e-08
194,0.340013,-0.340013,-4.49243e-06,3.99268e-08
196,0.340013,-0.340013,-4.46694e-06,3.99096e-08
198,0.340012,-0.340012,-4.44236e-06,3.98961e-08
200,0.340012,-0.340012,-4.41936e-06,3.98892e-08
202,0.340012,-0.340012,-4.39792e-06,3.98852e-08
204,0.340011,-0.340011,-4.37868e-06,3.98853e-08
206,0.340011,-0.340011,-4.35876e-06,3.98881e-08
208,0.340011,-0.340011,-4.33803e-06,3.98939e-08
210,0.34001,-0.34001,-4.31814e-06,3.98992e-08
212,0.34001,-0.34001,-4.29907e-06,3.99038e-08
214,0.34001,-0.34001,-4.28139e-06,3.9904e-08
216,0.34001,-0.34001,-4.26483e-06,3.99009e-08
218,0.34001,-0.34001,-4.24988e-06,3.99102e-08
220,0.340009,-0.340009,-4.23602e-06,3.99278e-08
222,0.340009,-0.340009,-4.22022e-06,3.99962e-08
224,0.340009,-0.340009,-4.20338e-06,4.0092e-08
226,0.340009,-0.340009,-4.18577e-06,4.02828e-08
228,0.340009,-0.340009,-4.16782e-06,4.05152e-08
230,0.340009,-0.340009,-4.15003e-06,4.07056e-08
232,0.340008,-0.340008,-4.13229e-06,4.08813e-08
234,0.340008,-0.340008,-4.11932e-06,4.09037e-08
236,0.340008,-0.340008,-4.10763e-06,4.0885e-08
238,0.340008,-0.340008,-4.09601e-06,4.0093e-08
240,0.340008,-0.340008,-4.0844e-06,3.91493e-08
242,0.340008,-0.340008,-4.07817e-06,3.72201e-08
244,0.340008,-0.340008,-4.07265e-06,3.516e-08
246,0.340008,-0.340008,-4.04463e-06,3.20867e-08
248,0.340008,-0.340008,-4.01491e-06,2.89367e-08
250,0.340008,-0.340008,-4.01949e-06,3.05763e-08
252,0.340008,-0.340008,-4.02455e-06,3.22831e-08
254,0.340008,-0.340008,-4.01581e-06,3.20045e-08
256,0.340008,-0.340008,-4.00684e-06,3.17687e-08
258,0.340008,-0.340008,-3.99491e-06,3.20974e-08
260,0.340008,-0.340008,-3.9822e-06,3.24113e-08
262,0.340008,-0.340008,-3.96354e-06,3.26144e-08
264,0.340008,-0.340008,-3.94641e-06,3.27746e-08
266,0.340008,-0.340008,-3.93706e-06,3.2717e-08
268,0.340008,-0.340008,-3.92664e-06,3.26891e-08
270,0.340008,-0.340008,-3.91222e-06,3.27724e-08
272,0.340008,-0.340008,-3.89824e-06,3.28424e-08
274,0.340008,-0.340008,-3.88553e-06,3.28743e-08
276,0.340008,-0.340008,-3.87298e-06,3.29082e-08
278,0.340008,-0.340008,-3.86078e-06,3.29466e-08
280,0.340008,-0.340008,-3.84912e-06,3.29725e-08
282,0.340008,-0.340008,-3.83845e-06,3.29756e-08
284,0.340008,-0.340008,-3.8267e-06,3.29835e-08
286,0.340008,-0.340008,-3.8133e-06,3.29985e-08
288,0.340008,-0.340008,-3.79952e-06,3.30115e-08
290,0.340009,-0.340009,-3.78526e-06,3.30219e-08
292,0.340009,-0.340009,-3.77092e-06,3.3032e-08
294,0.340009,-0.340009,-3.75651e-06,3.3042e-08
296,0.340009,-0.340009,-3.74242e-06,3.3056e-08
298,0.340009,-0.340009,-3.7286e-06,3.30735e-08
300,0.340009,-0.340009,-3.71346e-06,3.3096e-08
302,0.34001,-0.34001,-3.69739e-06,3.31221e-08
304,0.34001,-0.34001,-3.68114e-06,3.3147e-08
306,0.34001,-0.34001,-3.66478e-06,3.31711e-08
308,0.34001,-0.34001,-3.64846e-06,3.31976e-08
310,0.34001,-0.34001,-3.63216e-06,3.32253e-08
312,0.340011,-0.340011,-3.61616e-06,3.32625e-08
314,0.340011,-0.340011,-3.60028e-06,3.33033e-08
316,0.340011,-0.340011,-3.5815e-06,3.33357e-08
318,0.340012,-0.340012,-3.56189e-06,3.33655e-08
320,0.340012,-0.340012,-3.54059e-06,3.33482e-08
322,0.340012,-0.340012,-3.51892e-06,3.33204e-08
324,0.340013,-0.340013,-3.49575e-06,3.32944e-08
326,0.340013,-0.340013,-3.47235e-06,3.32685e-08
328,0.340013,-0.340013,-3.44879e-06,3.32864e-08
330,0.340014,-0.340014,-3.42522e-06,3.33084e-08
332,0.340014,-0.340014,-3.39702e-06,3.33002e-08
334,0.340014,-0.340014,-3.36863e-06,3.32905e-08
336,0.340015,-0.340015,-3.33882e-06,3.32498e-08
338,0.340015,-0.340015,-3.30892e-06,3.32106e-08
340,0.340016,-0.340016,-3.27766e-06,3.3199e-08
342,0.340016,-0.340016,-3.24633e-06,3.31921e-08
344,0.340017,-0.340017,-3.21443e-06,3.32277e-08
346,0.340017,-0.340017,-3.18136e-06,3.32657e-08
348,0.340018,-0.340018,-3.1416e-06,3.33175e-08
350,0.340019,-0.340019,-3.10118e-06,3.33635e-08
352,0.340019,-0.340019,-3.05809e-06,3.3386e-08
354,0.34002,-0.34002,-3.0141e-06,3.33891e-08
356,0.340021,-0.340021,-2.96733e-06,3.33316e-08
358,0.340021,-0.340021,-2.92019e-06,3.3257e-08
360,0.340022,-0.340022,-2.87215e-06,3.31403e-08
362,0.340023,-0.340023,-2.8202e-06,3.30206e-08
364,0.340024,-0.340024,-2.76053e-06,3.2895e-08
366,0.340025,-0.340025,-2.69898e-06,3.27732e-08
368,0.340025,-0.340025,-2.63441e-06,3.26577e-08
370,0.340026,-0.340026,-2.56672e-06,3.24571e-08
372,0.340027,-0.340027,-2.4949e-06,3.21437e-08
374,0.340028,-0.340028,-2.42165e-06,3.01748e-08
376,0.34003,-0.34003,-2.34684e-06,2.63878e-08
378,0.340031,-0.340031,-2.25955e-06,2.4077e-08
380,0.340032,-0.340032,-2.16092e-06,2.31101e-08
382,0.340033,-0.340033,-2.05457e-06,2.26552e-08
384,0.340035,-0.340035,-1.94242e-06,2.2586e-08
386,0.340036,-0.340036,-1.82077e-06,2.24698e-08
388,0.340038,-0.340038,-1.69322e-06,2.23245e-08
390,0.340039,-0.340039,-1.55986e-06,2.19268e-08
392,0.340041,-0.340041,-1.42355e-06,2.14014e-08
394,0.340043,-0.340043,-1.25713e-06,2.10828e-08
396,0.340045,-0.340045,-1.07846e-06,2.08483e-08
398,0.340047,-0.340047,-8.80809e-07,2.06892e-08
400,0.340049,-0.340049,-6.77085e-07,2.05543e-08
402,0.340051,-0.340051,-4.54352e-07,1.98965e-08
404,0.340053,-0.340053,-2.27006e-07,1.91118e-08
406,0.340056,-0.340056,1.76567e-08,1.82548e-08
408,0.340059,-0.340059,2.65337e-07,1.73852e-08
410,0.340062,-0.340062,6.12524e-07,1.65081e-08
412,0.340065,-0.340065,9.70959e-07,1.56301e-08
414,0.340068,-0.340068,1.39036e-06,1.4532e-08
416,0.340072,-0.340072,1.81329e-06,1.34211e-08
418,0.340076,-0.340076,2.21693e-06,1.24686e-08
420,0.34008,-0.34008,2.6209e-06,1.15321e-08
422,0.340084,-0.340084,3.03638e-06,1.09557e-08
424,0.340088,-0.340088,3.48592e-06,1.04909e-08
426,0.340093,-0.340093,4.29761e-06,1.12129e-08
428,0.340099,-0.340099,5.11811e-06,1.21084e-08
430,0.340105,-0.340105,5.99614e-06,1.41369e-08
432,0.340112,-0.340112,6.7668e-06,1.61069e-08
434,0.340119,-0.340119,7.04729e-06,1.781e-08
436,0.340126,-0.340126,7.30764e-06,1.91331e-08
438,0.340132,-0.340132,7.4992e-06,1.91587e-08
440,0.340138,-0.340138,8.1209e-06,1.89434e-08
442,0.340145,-0.340145,9.88556e-06,1.8088e-08
444,0.340154,-0.340154,1.14126e-05,1.86534e-08
446,0.340168,-0.340168,1.24353e-05,2.22337e-08
448,0.340179,-0.340179,1.20093e-05,2.95427e-08
450,0.340186,-0.340186,9.08669e-06,4.32776e-08
452,0.340189,-0.340189,3.02871e-06,5.63041e-08
454,0.340185,-0.340185,-7.46615e-06,6.8328e-08
456,0.340177,-0.340177,-1.73745e-05,7.23817e-08
458,0.340163,-0.340163,-2.65968e-05,6.71143e-08
460,0.340177,-0.340177,-3.89235e-05,5.29086e-08
462,0.34022,-0.34022,-5.42591e-05,3.00396e-08
464,0.340234,-0.340234,-1.91539e-05,4.66629e-09
466,0.340224,-0.340224,5.64462e-05,-2.27176e-08
468,0.340335,-0.340335,0.000319917,-3.40126e-08
470,0.340528,-0.340527,0.00070782,-3.46514e-08
472,0.340802,-0.340799,0.00137127,-1.76989e-08
474,0.341121,-0.341114,0.00218412,8.7912e-09
476,0.342198,-0.342189,0.00239395,1.04336e-08
478,0.343605,-0.343597,0.00233956,1.18765e-09
480,0.344191,-0.344186,0.00185408,-2.28061e-08
482,0.344493,-0.344491,0.00121887,-5.19228e-08
484,0.344919,-0.344918,0.000945743,-7.10651e-08
486,0.345379,-0.345378,0.000769412,-8.7541e-08
488,0.345592,-0.345592,0.000597488,-9.3071e-08
490,0.345757,-0.345757,0.000426429,-9.64528e-08
492,0.34592,-0.345919,0.000343151,-9.73862e-08
494,0.346082,-0.346082,0.000271524,-9.79945e-08
496,0.346165,-0.346165,0.00021788,-9.98168e-08
498,0.346242,-0.346242,0.000165595,-1.01731e-07
