x,v,vx,vy,vz
0,0.345197,-0.345197,0.000346302,2.47053e-06
2,0.345369,-0.345369,0.000335055,2.66403e-06
4,0.345506,-0.345506,0.00035032,2.83189e-06
6,0.345637,-0.345636,0.000361116,3.00174e-06
8,0.345675,-0.345675,0.000312828,3.19797e-06
10,0.345714,-0.345714,0.000225134,3.3879e-06
12,0.345753,-0.345753,-0.000159411,3.53039e-06
14,0.345714,-0.345713,-0.000615433,3.66592e-06
16,0.345281,-0.345278,-0.00143565,3.76599e-06
18,0.344779,-0.344772,-0.00227725,3.86938e-06
20,0.344015,-0.344,-0.00319882,3.98519e-06
22,0.342971,-0.34295,-0.00378955,4.11345e-06
24,0.34112,-0.341102,-0.00342783,4.27754e-06
26,0.339693,-0.33968,-0.00291958,4.45288e-06
28,0.339237,-0.339231,-0.00207694,4.65393e-06
30,0.338702,-0.338699,-0.00145165,4.85949e-06
32,0.33802,-0.338017,-0.00122724,5.07336e-06
34,0.337512,-0.337511,-0.000998222,5.28493e-06
36,0.337269,-0.337268,-0.000762254,5.49302e-06
38,0.337007,-0.337006,-0.000590582,5.70606e-06
40,0.336722,-0.336721,-0.000498999,5.92525e-06
42,0.336507,-0.336507,-0.000412286,6.14968e-06
44,0.336366,-0.336366,-0.000330597,6.37953e-06
46,0.336229,-0.336229,-0.000271697,6.61644e-06
48,0.336096,-0.336096,-0.000232285,6.85939e-06
50,0.335993,-0.335993,-0.000197446,7.11067e-06
52,0.335912,-0.335912,-0.000165838,7.36784e-06
54,0.335837,-0.335837,-0.000142898,7.63541e-06
56,0.335766,-0.335766,-0.000124987,7.90902e-06
58,0.335708,-0.335708,-0.00010947,8.19454e-06
60,0.335657,-0.335657,-9.50801e-05,8.48568e-06
62,0.335612,-0.335612,-8.46617e-05,8.79079e-06
64,0.335569,-0.335569,-7.57379e-05,9.10117e-06
66,0.335533,-0.335533,-6.81065e-05,9.4275e-06
68,0.3355,-0.3355,-6.08536e-05,9.75851e-06
70,0.335471,-0.335471,-5.53232e-05,1.01085e-05
72,0.335443,-0.335443,-5.017e-05,1.04626e-05
74,0.335419,-0.335419,-4.59393e-05,1.0838e-05
76,0.335395,-0.335395,-4.18499e-05,1.12166e-05
78,0.335375,-0.335375,-3.88795e-05,1.16204e-05
80,0.335355,-0.335355,-3.60143e-05,1.20266e-05
82,0.335338,-0.335338,-3.35133e-05,1.24614e-05
84,0.33532,-0.33532,-3.10311e-05,1.28977e-05
86,0.335305,-0.335305,-2.90511e-05,1.3367e-05
88,0.335291,-0.335291,-2.70944e-05,1.38384e-05
90,0.335278,-0.335278,-2.554e-05,1.43436e-05
92,0.335264,-0.335264,-2.40283e-05,1.4853e-05
94,0.335253,-0.335253,-2.2895e-05,1.53989e-05
96,0.335241,-0.335241,-2.17799e-05,1.59515e-05
98,0.33523,-0.33523,-2.07692e-05,1.65426e-05
100,0.335219,-0.335219,-1.97899e-05,1.71438e-05
102,0.335209,-0.335209,-1.89397e-05,1.77859e-05
104,0.3352,-0.3352,-1.81432e-05,1.84418e-05
106,0.335191,-0.335191,-1.75146e-05,1.91403e-05
108,0.335181,-0.335181,-1.69365e-05,1.98575e-05
110,0.335173,-0.335173,-1.64823e-05,2.06205e-05
112,0.335164,-0.335164,-1.6057e-05,2.14084e-05
114,0.335155,-0.335155,-1.56891e-05,2.22454e-05
116,0.335147,-0.335147,-1.53453e-05,2.31147e-05
118,0.335139,-0.335139,-1.50405e-05,2.4036e-05
120,0.335131,-0.335131,-1.48016e-05,2.49992e-05
122,0.335122,-0.335122,-1.46503e-05,2.60181e-05
124,0.335114,-0.335114,-1.45335e-05,2.7092e-05
126,0.335106,-0.335106,-1.44545e-05,2.82265e-05
128,0.335097,-0.335097,-1.44364e-05,2.9428e-05
130,0.335088,-0.335088,-1.44737e-05,3.06907e-05
132,0.335079,-0.335079,-1.45256e-05,3.20415e-05
134,0.33507,-0.33507,-1.45884e-05,3.34586e-05
136,0.335061,-0.335061,-1.47515e-05,3.49864e-05
138,0.335051,-0.335051,-1.49767e-05,3.65828e-05
140,0.335041,-0.335041,-1.52134e-05,3.83197e-05
142,0.335031,-0.335031,-1.5456e-05,4.01277e-05
144,0.33502,-0.33502,-1.58587e-05,4.21173e-05
146,0.335008,-0.335008,-1.63265e-05,4.41806e-05
148,0.334996,-0.334996,-1.68182e-05,4.64701e-05
150,0.334983,-0.334983,-1.73175e-05,4.88318e-05
152,0.334969,-0.334969,-1.80255e-05,5.14822e-05
154,0.334955,-0.334955,-1.87841e-05,5.42027e-05
156,0.334939,-0.334939,-1.95343e-05,5.72846e-05
158,0.334922,-0.334922,-2.0283e-05,6.04296e-05
160,0.334904,-0.334904,-2.14984e-05,6.40568e-05
162,0.334885,-0.334885,-2.27665e-05,6.77385e-05
164,0.334863,-0.334863,-2.41177e-05,7.20196e-05
166,0.334841,-0.334841,-2.54738e-05,7.63354e-05
168,0.334814,-0.334814,-2.74515e-05,8.14811e-05
170,0.334787,-0.334787,-2.94336e-05,8.66726e-05
172,0.334756,-0.334756,-3.14039e-05,9.28266e-05
174,0.334724,-0.334724,-3.34848e-05,9.91061e-05
176,0.334685,-0.334685,-3.67422e-05,0.000106721
178,0.334646,-0.334646,-4.00291e-05,0.000114569
180,0.334599,-0.334599,-4.35091e-05,0.000123942
182,0.334549,-0.334549,-4.72685e-05,0.000133815
184,0.33449,-0.33449,-5.23035e-05,0.000145972
186,0.334428,-0.334428,-5.72241e-05,0.000158906
188,0.334354,-0.334354,-6.17541e-05,0.000174495
190,0.334275,-0.334275,-6.74232e-05,0.000191642
192,0.334182,-0.334182,-7.61191e-05,0.000212927
194,0.334079,-0.334079,-8.49825e-05,0.000236478
196,0.333957,-0.333956,-9.42012e-05,0.000264836
198,0.33382,-0.33382,-0.000104239,0.000298122
200,0.333659,-0.333658,-0.000115687,0.000339901
202,0.33348,-0.33348,-0.000125426,0.000388407
204,0.333276,-0.333276,-0.000132746,0.000446434
206,0.333043,-0.333042,-0.000143374,0.000516274
208,0.332773,-0.332773,-0.000157868,0.00059993
210,0.332467,-0.332466,-0.000158493,0.000701644
212,0.332124,-0.332123,-0.000145675,0.000820861
214,0.33173,-0.331728,-0.000165936,0.000971611
216,0.331294,-0.331291,-0.000212752,0.00114768
218,0.330662,-0.330659,-0.000311171,0.00136728
220,0.329902,-0.329898,-0.000443768,0.00161572
222,0.328929,-0.328922,-0.000271758,0.00203456
224,0.32784,-0.32783,6.53985e-05,0.00254578
226,0.327308,-0.327291,0.000884295,0.00326723
228,0.327025,-0.326994,0.00191429,0.0040808
230,0.327252,-0.327214,0.00168354,0.00465295
232,0.327656,-0.327614,0.00101484,0.00514124
234,0.325057,-0.325005,-0.000711339,0.00581174
236,0.321669,-0.321591,-0.00272022,0.00653095
238,0.315185,-0.314978,0.00149565,0.0113339
240,0.308281,-0.307737,0.00693319,0.0169384
242,0.32312,-0.321382,0.0224517,0.0248146
244,0.341676,-0.3378,0.0393084,0.0329923
246,0.376567,-0.372957,0.0372318,0.0363257
248,0.412791,-0.409531,0.0337233,0.0392927
250,0.411685,-0.4107,0.000478047,0.0284551
252,0.412035,-0.410369,-0.0328079,0.0171365
254,0.384846,-0.38296,-0.0380542,-0.000424206
256,0.359272,-0.35638,-0.0422226,-0.0169364
258,0.342838,-0.340766,-0.032138,-0.019585
260,0.327645,-0.32614,-0.0224912,-0.0218693
262,0.320076,-0.318951,-0.0161431,-0.0214088
264,0.3137,-0.312915,-0.00985772,-0.0198677
266,0.31304,-0.312753,-0.00389166,-0.01282
268,0.314043,-0.313964,0.00090585,-0.00695742
270,0.320363,-0.320313,0.00133215,-0.00552802
272,0.325272,-0.325239,0.00127848,-0.00446742
274,0.326102,-0.326072,-0.000156894,-0.00446851
276,0.326653,-0.326623,-0.00110473,-0.00426228
278,0.326556,-0.326535,-0.000939987,-0.00358292
280,0.326802,-0.326789,-0.000570146,-0.002852
282,0.327682,-0.327675,0.000177981,-0.00202599
284,0.32871,-0.328707,0.000625854,-0.00138222
286,0.32996,-0.329958,0.0006204,-0.0010136
288,0.330913,-0.330912,0.000498279,-0.000781721
290,0.331497,-0.331497,0.000230835,-0.000720166
292,0.331907,-0.331906,7.65865e-05,-0.000630351
294,0.332136,-0.332136,3.91267e-05,-0.000511379
296,0.332396,-0.332395,6.80536e-05,-0.000402761
298,0.332681,-0.332681,0.000153746,-0.000302995
300,0.33297,-0.33297,0.000184173,-0.000228615
302,0.33326,-0.33326,0.000175546,-0.000172175
304,0.333486,-0.333486,0.000148553,-0.000138581
306,0.333674,-0.333674,0.000110903,-0.000118243
308,0.333819,-0.333819,8.90212e-05,-9.92308e-05
310,0.333943,-0.333943,7.45711e-05,-8.08435e-05
312,0.334052,-0.334052,7.11566e-05,-6.69843e-05
314,0.334154,-0.334154,7.18952e-05,-5.48291e-05
316,0.334244,-0.334244,6.70434e-05,-4.57527e-05
318,0.334331,-0.334331,6.05539e-05,-3.7578e-05
320,0.334401,-0.334401,5.40286e-05,-3.27004e-05
322,0.334467,-0.334467,4.74954e-05,-2.85449e-05
324,0.33452,-0.33452,4.23332e-05,-2.52256e-05
326,0.334572,-0.334572,3.7381e-05,-2.20343e-05
328,0.334615,-0.334615,3.46518e-05,-1.99197e-05
330,0.334657,-0.334657,3.21316e-05,-1.79062e-05
332,0.334692,-0.334692,2.91231e-05,-1.63594e-05
334,0.334727,-0.334727,2.61012e-05,-1.48357e-05
336,0.334756,-0.334756,2.38938e-05,-1.38262e-05
338,0.334784,-0.334784,2.16966e-05,-1.28276e-05
340,0.334808,-0.334808,1.96773e-05,-1.20169e-05
342,0.334832,-0.334832,1.77426e-05,-1.12271e-05
344,0.334852,-0.334852,1.65555e-05,-1.06227e-05
346,0.334872,-0.334872,1.53463e-05,-1.00325e-05
348,0.33489,-0.33489,1.40097e-05,-9.5235e-06
350,0.334907,-0.334907,1.2748e-05,-9.03301e-06
352,0.334922,-0.334922,1.17943e-05,-8.61878e-06
354,0.334937,-0.334937,1.08515e-05,-8.21726e-06
356,0.33495,-0.33495,9.9424e-06,-7.85553e-06
358,0.334962,-0.334962,9.14363e-06,-7.50858e-06
360,0.334974,-0.334974,8.61626e-06,-7.19798e-06
362,0.334985,-0.334985,8.06466e-06,-6.89779e-06
364,0.334996,-0.334996,7.4652e-06,-6.61818e-06
366,0.335006,-0.335006,6.94228e-06,-6.34842e-06
368,0.335015,-0.335015,6.54273e-06,-6.09451e-06
370,0.335024,-0.335024,6.15205e-06,-5.84881e-06
372,0.335032,-0.335032,5.77311e-06,-5.614e-06
374,0.335041,-0.335041,5.4896e-06,-5.39339e-06
376,0.335048,-0.335048,5.31091e-06,-5.18837e-06
378,0.335056,-0.335056,5.12034e-06,-4.99228e-06
380,0.335063,-0.335063,4.91896e-06,-4.80431e-06
382,0.33507,-0.33507,4.78362e-06,-4.61994e-06
384,0.335077,-0.335077,4.69805e-06,-4.43829e-06
386,0.335084,-0.335084,4.61805e-06,-4.26411e-06
388,0.335091,-0.335091,4.54151e-06,-4.09459e-06
390,0.335097,-0.335097,4.54026e-06,-3.93117e-06
392,0.335104,-0.335104,4.5771e-06,-3.77086e-06
394,0.33511,-0.33511,4.64388e-06,-3.61618e-06
396,0.335116,-0.335116,4.72283e-06,-3.4638e-06
398,0.335123,-0.335123,4.86563e-06,-3.31602e-06
400,0.335129,-0.335129,5.02883e-06,-3.16972e-06
402,0.335136,-0.335136,5.16485e-06,-3.02988e-06
404,0.335142,-0.335142,5.29427e-06,-2.89161e-06
406,0.335148,-0.335148,5.48535e-06,-2.7598e-06
408,0.335155,-0.335155,5.68718e-06,-2.62911e-06
410,0.335162,-0.335162,6.07666e-06,-2.50265e-06
412,0.335168,-0.335168,6.48734e-06,-2.37668e-06
414,0.335176,-0.335176,7.00162e-06,-2.25507e-06
416,0.335183,-0.335183,7.52189e-06,-2.13372e-06
418,0.335191,-0.335191,7.90684e-06,-2.01662e-06
420,0.335199,-0.335199,8.29336e-06,-1.89954e-06
422,0.335206,-0.335206,8.74478e-06,-1.78178e-06
424,0.335214,-0.335214,9.24056e-06,-1.66412e-06
426,0.335223,-0.335223,1.02081e-05,-1.54744e-06
428,0.335232,-0.335232,1.11385e-05,-1.43113e-06
430,0.335244,-0.335244,1.18268e-05,-1.31734e-06
432,0.335256,-0.335256,1.21927e-05,-1.20396e-06
434,0.335266,-0.335266,1.10869e-05,-1.0925e-06
436,0.335275,-0.335275,9.62311e-06,-9.85568e-07
438,0.335281,-0.335281,6.93739e-06,-8.94062e-07
440,0.335286,-0.335286,4.89779e-06,-7.98883e-07
442,0.33529,-0.33529,4.575e-06,-6.93944e-07
444,0.335296,-0.335296,3.8889e-06,-5.76951e-07
446,0.335306,-0.335306,2.43189e-06,-4.34379e-07
448,0.335307,-0.335307,-7.55871e-06,-2.94801e-07
450,0.335292,-0.335292,-3.22562e-05,-1.60381e-07
452,0.335258,-0.335258,-8.22079e-05,-3.73438e-08
454,0.335198,-0.335198,-0.000167897,6.9585e-08
456,0.33511,-0.33511,-0.000265112,1.59742e-07
458,0.33499,-0.334989,-0.000375807,2.30286e-07
460,0.334889,-0.334889,-0.000456879,2.94584e-07
462,0.334808,-0.334808,-0.00050924,3.52829e-07
464,0.334709,-0.334708,-0.000384656,4.2745e-07
466,0.334594,-0.334594,-0.000118019,5.15217e-07
468,0.334704,-0.334704,0.000543358,6.16535e-07
470,0.334965,-0.334962,0.00146618,7.26827e-07
472,0.33556,-0.33555,0.00259321,8.29124e-07
474,0.336339,-0.336317,0.00383093,9.27086e-07
476,0.338047,-0.338022,0.0040466,1.02042e-06
478,0.34016,-0.340139,0.0038144,1.11173e-06
480,0.341155,-0.341142,0.00305839,1.20798e-06
482,0.341765,-0.341758,0.00212041,1.30594e-06
484,0.342502,-0.342498,0.00168711,1.41733e-06
486,0.343274,-0.343271,0.00138872,1.53229e-06
488,0.343681,-0.343679,0.00110784,1.65349e-06
490,0.344016,-0.344015,0.000830391,1.7759e-06
492,0.344335,-0.344335,0.00068066,1.89994e-06
494,0.344652,-0.344651,0.000547882,2.0242e-06
496,0.344843,-0.344842,0.000452561,2.15099e-06
498,0.345024,-0.345024,0.000360074,2.27798e-06
