x,v,vx,vy,vz
0,0.345322,-0.345322,0.000327095,-6.20594e-06
2,0.345486,-0.345486,0.000313441,-6.11956e-06
4,0.345614,-0.345614,0.000324285,-6.05296e-06
6,0.345735,-0.345735,0.000331206,-5.98455e-06
8,0.345766,-0.345766,0.000286259,-5.89213e-06
10,0.345797,-0.345797,0.000204341,-5.80848e-06
12,0.34583,-0.34583,-0.000156097,-5.79094e-06
14,0.34579,-0.345789,-0.000586714,-5.78294e-06
16,0.345374,-0.345371,-0.00137491,-5.82354e-06
18,0.344892,-0.344885,-0.00218906,-5.86495e-06
20,0.344156,-0.344142,-0.00310035,-5.90944e-06
22,0.343144,-0.343124,-0.00368738,-5.94431e-06
24,0.341329,-0.341313,-0.00334095,-5.95147e-06
26,0.339933,-0.339922,-0.00284786,-5.95076e-06
28,0.339495,-0.339489,-0.00202008,-5.93206e-06
30,0.338978,-0.338975,-0.00140647,-5.9148e-06
32,0.338314,-0.338311,-0.00118788,-5.90022e-06
34,0.337821,-0.33782,-0.000964759,-5.89507e-06
36,0.337588,-0.337587,-0.000734793,-5.90418e-06
38,0.337336,-0.337335,-0.00056781,-5.91706e-06
40,0.33706,-0.33706,-0.000479277,-5.93461e-06
42,0.336854,-0.336854,-0.000395416,-5.95633e-06
44,0.336719,-0.336719,-0.000316377,-5.98236e-06
46,0.336588,-0.336587,-0.000259551,-6.01276e-06
48,0.33646,-0.33646,-0.000221719,-6.04689e-06
50,0.336361,-0.336361,-0.000188198,-6.08535e-06
52,0.336283,-0.336283,-0.000157724,-6.12687e-06
54,0.336211,-0.336211,-0.000135667,-6.1732e-06
56,0.336143,-0.336143,-0.000118493,-6.22231e-06
58,0.336088,-0.336088,-0.000103594,-6.27623e-06
60,0.336039,-0.336039,-8.97673e-05,-6.33241e-06
62,0.335996,-0.335996,-7.97909e-05,-6.39461e-06
64,0.335956,-0.335956,-7.12635e-05,-6.45909e-06
66,0.335921,-0.335921,-6.39127e-05,-6.52947e-06
68,0.335889,-0.335889,-5.69064e-05,-6.60158e-06
70,0.335861,-0.335861,-5.15889e-05,-6.68086e-06
72,0.335835,-0.335835,-4.66413e-05,-6.7617e-06
74,0.335812,-0.335812,-4.25281e-05,-6.84969e-06
76,0.33579,-0.33579,-3.85427e-05,-6.93878e-06
78,0.335771,-0.335771,-3.56756e-05,-7.0367e-06
80,0.335752,-0.335752,-3.29138e-05,-7.13545e-06
82,0.335735,-0.335735,-3.04273e-05,-7.24252e-06
84,0.335718,-0.335718,-2.79564e-05,-7.35001e-06
86,0.335704,-0.335704,-2.60279e-05,-7.46803e-06
88,0.335691,-0.335691,-2.41173e-05,-7.5866e-06
90,0.335678,-0.335678,-2.25159e-05,-7.71457e-06
92,0.335666,-0.335666,-2.09619e-05,-7.84376e-06
94,0.335654,-0.335654,-1.98286e-05,-7.98382e-06
96,0.335643,-0.335643,-1.86996e-05,-8.12541e-06
98,0.335633,-0.335633,-1.75951e-05,-8.27582e-06
100,0.335623,-0.335623,-1.65366e-05,-8.42883e-06
102,0.335614,-0.335614,-1.56672e-05,-8.59254e-06
104,0.335605,-0.335605,-1.48243e-05,-8.7592e-06
106,0.335596,-0.335596,-1.40638e-05,-8.93509e-06
108,0.335587,-0.335587,-1.33753e-05,-9.11545e-06
110,0.335579,-0.335579,-1.28638e-05,-9.30682e-06
112,0.335571,-0.335571,-1.23441e-05,-9.50223e-06
114,0.335563,-0.335563,-1.18081e-05,-9.70565e-06
116,0.335555,-0.335555,-1.13347e-05,-9.91509e-06
118,0.335548,-0.335548,-1.09621e-05,-1.01343e-05
120,0.33554,-0.33554,-1.05985e-05,-1.0355e-05
122,0.335532,-0.335532,-1.02468e-05,-1.05778e-05
124,0.335525,-0.335525,-9.97886e-06,-1.08016e-05
126,0.335517,-0.335517,-9.80283e-06,-1.10262e-05
128,0.335509,-0.335509,-9.61245e-06,-1.12628e-05
130,0.335501,-0.335501,-9.40901e-06,-1.15102e-05
132,0.335493,-0.335493,-9.29876e-06,-1.17679e-05
134,0.335484,-0.335484,-9.25872e-06,-1.20334e-05
136,0.335476,-0.335476,-9.20107e-06,-1.23012e-05
138,0.335467,-0.335467,-9.1325e-06,-1.25704e-05
140,0.335458,-0.335458,-9.17707e-06,-1.28441e-05
142,0.335448,-0.335448,-9.27887e-06,-1.312e-05
144,0.335438,-0.335438,-9.36509e-06,-1.33832e-05
146,0.335428,-0.335428,-9.44498e-06,-1.36412e-05
148,0.335416,-0.335416,-9.71104e-06,-1.389e-05
150,0.335405,-0.335405,-1.00366e-05,-1.41358e-05
152,0.335392,-0.335392,-1.0282e-05,-1.43439e-05
154,0.335379,-0.335379,-1.0508e-05,-1.45429e-05
156,0.335364,-0.335364,-1.09417e-05,-1.47054e-05
158,0.335349,-0.335349,-1.14115e-05,-1.48614e-05
160,0.335333,-0.335333,-1.18956e-05,-1.49161e-05
162,0.335316,-0.335316,-1.23814e-05,-1.49594e-05
164,0.335296,-0.335296,-1.32883e-05,-1.48991e-05
166,0.335276,-0.335276,-1.42195e-05,-1.48328e-05
168,0.335252,-0.335252,-1.50925e-05,-1.45366e-05
170,0.335228,-0.335228,-1.59817e-05,-1.42294e-05
172,0.3352,-0.3352,-1.72821e-05,-1.3692e-05
174,0.335171,-0.335171,-1.86125e-05,-1.31091e-05
176,0.335137,-0.335137,-2.02611e-05,-1.2042e-05
178,0.335102,-0.335102,-2.20114e-05,-1.0899e-05
180,0.33506,-0.33506,-2.44253e-05,-9.26042e-06
182,0.335017,-0.335017,-2.69003e-05,-7.39407e-06
184,0.334965,-0.334965,-2.96541e-05,-4.48791e-06
186,0.334911,-0.334911,-3.25302e-05,-1.25511e-06
188,0.334847,-0.334847,-3.5824e-05,3.09281e-06
190,0.334778,-0.334778,-3.94117e-05,8.36186e-06
192,0.334697,-0.334697,-4.378e-05,1.60785e-05
194,0.334609,-0.334609,-4.86587e-05,2.50481e-05
196,0.334504,-0.334504,-5.46206e-05,3.66765e-05
198,0.334387,-0.334387,-5.95315e-05,5.17889e-05
200,0.33425,-0.33425,-6.26312e-05,7.29059e-05
202,0.334096,-0.334096,-6.39368e-05,9.86054e-05
204,0.333921,-0.333921,-6.27037e-05,0.00013079
206,0.333719,-0.333719,-6.35584e-05,0.000172819
208,0.333487,-0.333487,-6.68549e-05,0.00022636
210,0.333209,-0.333209,-6.73457e-05,0.000292801
212,0.332887,-0.332886,-6.51171e-05,0.000371746
214,0.3325,-0.3325,-6.09405e-05,0.000488066
216,0.332063,-0.332062,-5.52e-05,0.000634393
218,0.331507,-0.331506,-6.58589e-05,0.000824041
220,0.330872,-0.330871,-8.73797e-05,0.00104238
222,0.330072,-0.330069,5.50624e-05,0.00137743
224,0.329183,-0.329178,0.0002864,0.00177574
226,0.328521,-0.328512,0.00088864,0.00233667
228,0.327961,-0.327944,0.00165341,0.00296887
230,0.327814,-0.327792,0.00162449,0.00350227
232,0.327811,-0.327784,0.00131986,0.00400136
234,0.325245,-0.325215,-0.000107633,0.00445479
236,0.322003,-0.32196,-0.00183529,0.00489602
238,0.3163,-0.316164,0.00182762,0.00909512
240,0.310256,-0.30987,0.00654849,0.0140318
242,0.321962,-0.32049,0.0212267,0.0222526
244,0.336849,-0.333356,0.0372268,0.0309093
246,0.36481,-0.361529,0.035979,0.0329969
248,0.393808,-0.390859,0.0334269,0.0345876
250,0.399307,-0.398335,0.00864732,0.0264816
252,0.405424,-0.404696,-0.0163392,0.0179484
254,0.387523,-0.386527,-0.0277233,0.00130662
256,0.370694,-0.368481,-0.0377909,-0.0144166
258,0.353822,-0.35205,-0.0304521,-0.0179941
260,0.337855,-0.336369,-0.0235326,-0.021167
262,0.327627,-0.326336,-0.0197727,-0.0212921
264,0.318702,-0.317685,-0.0153308,-0.0202969
266,0.316456,-0.316077,-0.00741482,-0.0135931
268,0.316159,-0.316058,-0.000949337,-0.00793251
270,0.322044,-0.321985,9.00806e-05,-0.00617396
272,0.326687,-0.32665,0.000484205,-0.00485783
274,0.327721,-0.327684,-0.000979334,-0.00481531
276,0.32833,-0.328293,-0.00193662,-0.00455995
278,0.327958,-0.327931,-0.0017386,-0.00381882
280,0.327955,-0.327938,-0.00128796,-0.00306471
282,0.328633,-0.328625,-0.000371359,-0.00228661
284,0.32948,-0.329476,0.000229161,-0.00165518
286,0.330576,-0.330574,0.000352457,-0.00124518
288,0.331452,-0.33145,0.000329062,-0.000966074
290,0.332051,-0.33205,0.000122947,-0.000850008
292,0.332491,-0.33249,6.20219e-06,-0.000729003
294,0.332767,-0.332766,-1.83358e-05,-0.000602905
296,0.333036,-0.333036,2.6019e-06,-0.000495945
298,0.333301,-0.333301,6.24245e-05,-0.000405348
300,0.333554,-0.333553,8.72838e-05,-0.000332932
302,0.333798,-0.333798,8.74357e-05,-0.000273362
304,0.333998,-0.333998,7.59336e-05,-0.00023248
306,0.334173,-0.334173,5.76692e-05,-0.00020244
308,0.334314,-0.334314,4.60714e-05,-0.000177067
310,0.33444,-0.33444,3.76152e-05,-0.000153893
312,0.334546,-0.334546,3.35695e-05,-0.000136583
314,0.334644,-0.334644,3.11836e-05,-0.00012148
316,0.334728,-0.334728,2.74029e-05,-0.000109326
318,0.334807,-0.334807,2.32137e-05,-9.80352e-05
320,0.334873,-0.334872,1.94563e-05,-8.97974e-05
322,0.334934,-0.334934,1.57936e-05,-8.22284e-05
324,0.334986,-0.334986,1.2977e-05,-7.60715e-05
326,0.335035,-0.335035,1.02899e-05,-7.01309e-05
328,0.335076,-0.335076,8.48673e-06,-6.55954e-05
330,0.335116,-0.335116,6.76662e-06,-6.11921e-05
332,0.335149,-0.335149,5.30761e-06,-5.75729e-05
334,0.335182,-0.335182,3.86042e-06,-5.39913e-05
336,0.335209,-0.335209,2.56663e-06,-5.1142e-05
338,0.335236,-0.335236,1.30198e-06,-4.83173e-05
340,0.335258,-0.335258,5.40991e-07,-4.59167e-05
342,0.33528,-0.33528,-1.99064e-07,-4.35566e-05
344,0.335299,-0.335299,-7.53923e-07,-4.15554e-05
346,0.335317,-0.335317,-1.27751e-06,-3.95942e-05
348,0.335334,-0.335334,-1.62168e-06,-3.78627e-05
350,0.335349,-0.335349,-1.9845e-06,-3.61779e-05
352,0.335363,-0.335363,-2.4241e-06,-3.46861e-05
354,0.335376,-0.335376,-2.78919e-06,-3.32373e-05
356,0.335388,-0.335388,-2.92113e-06,-3.19228e-05
358,0.3354,-0.3354,-3.05602e-06,-3.06547e-05
360,0.33541,-0.33541,-3.19817e-06,-2.95007e-05
362,0.33542,-0.33542,-3.28665e-06,-2.83881e-05
364,0.33543,-0.33543,-3.269e-06,-2.73572e-05
366,0.335439,-0.335439,-3.29438e-06,-2.63679e-05
368,0.335447,-0.335447,-3.38914e-06,-2.54458e-05
370,0.335455,-0.335455,-3.39592e-06,-2.45609e-05
372,0.335462,-0.335462,-3.28592e-06,-2.37255e-05
374,0.335469,-0.335469,-3.19903e-06,-2.29337e-05
376,0.335476,-0.335476,-3.13752e-06,-2.21898e-05
378,0.335483,-0.335483,-3.00576e-06,-2.14826e-05
380,0.33549,-0.33549,-2.81004e-06,-2.08088e-05
382,0.335496,-0.335496,-2.66628e-06,-2.0166e-05
384,0.335502,-0.335502,-2.56167e-06,-1.95465e-05
386,0.335508,-0.335508,-2.3689e-06,-1.89595e-05
388,0.335514,-0.335514,-2.12143e-06,-1.83926e-05
390,0.335519,-0.335519,-1.90893e-06,-1.78573e-05
392,0.335525,-0.335525,-1.71411e-06,-1.7338e-05
394,0.335531,-0.335531,-1.41132e-06,-1.68477e-05
396,0.335536,-0.335536,-1.06463e-06,-1.63691e-05
398,0.335542,-0.335542,-7.61876e-07,-1.59187e-05
400,0.335548,-0.335548,-4.73159e-07,-1.54771e-05
402,0.335554,-0.335554,-1.25139e-07,-1.50627e-05
404,0.335559,-0.335559,2.37276e-07,-1.46548e-05
406,0.335565,-0.335565,5.59611e-07,-1.42741e-05
408,0.335571,-0.335571,8.74959e-07,-1.38981e-05
410,0.335577,-0.335577,1.44475e-06,-1.35464e-05
412,0.335583,-0.335583,2.04331e-06,-1.31975e-05
414,0.33559,-0.33559,2.64018e-06,-1.2873e-05
416,0.335597,-0.335597,3.23695e-06,-1.25498e-05
418,0.335604,-0.335604,3.77519e-06,-1.22499e-05
420,0.335612,-0.335612,4.31256e-06,-1.19508e-05
422,0.335619,-0.335619,4.83977e-06,-1.16686e-05
424,0.335626,-0.335626,5.4181e-06,-1.13878e-05
426,0.335634,-0.335634,6.54006e-06,-1.11229e-05
428,0.335643,-0.335643,7.6204e-06,-1.08605e-05
430,0.335654,-0.335654,8.42903e-06,-1.06142e-05
432,0.335665,-0.335665,8.93908e-06,-1.03709e-05
434,0.335674,-0.335674,8.08607e-06,-1.0141e-05
436,0.335683,-0.335683,6.90806e-06,-9.91856e-06
438,0.335689,-0.335689,4.62055e-06,-9.7218e-06
440,0.335694,-0.335694,2.93199e-06,-9.52579e-06
442,0.335699,-0.335699,2.83489e-06,-9.33178e-06
444,0.335705,-0.335705,2.43309e-06,-9.13021e-06
446,0.335715,-0.335715,1.38473e-06,-8.91259e-06
448,0.335717,-0.335717,-7.1644e-06,-8.70127e-06
450,0.335705,-0.335705,-2.86404e-05,-8.50081e-06
452,0.335675,-0.335675,-7.29157e-05,-8.3165e-06
454,0.335621,-0.335621,-0.000149454,-8.15503e-06
456,0.335543,-0.335542,-0.000236829,-8.01543e-06
458,0.335434,-0.335434,-0.000336876,-7.9014e-06
460,0.335347,-0.335347,-0.000412737,-7.80092e-06
462,0.33528,-0.33528,-0.000465156,-7.71355e-06
464,0.335192,-0.335192,-0.000353566,-7.61764e-06
466,0.335087,-0.335087,-0.000110305,-7.51487e-06
468,0.335196,-0.335195,0.000514607,-7.4018e-06
470,0.335447,-0.335444,0.0013923,-7.28191e-06
472,0.336013,-0.336004,0.00248732,-7.17476e-06
474,0.336752,-0.336732,0.00370017,-7.07451e-06
476,0.338412,-0.338389,0.00391941,-6.99256e-06
478,0.340473,-0.340453,0.00370325,-6.91861e-06
480,0.341437,-0.341424,0.00296688,-6.85068e-06
482,0.342022,-0.342016,0.00204981,-6.78483e-06
484,0.342735,-0.342731,0.00162792,-6.71419e-06
486,0.343482,-0.343479,0.00133841,-6.64228e-06
488,0.343873,-0.343871,0.00106591,-6.57206e-06
490,0.344194,-0.344193,0.000796739,-6.50218e-06
492,0.3445,-0.344499,0.000652453,-6.44104e-06
494,0.344803,-0.344803,0.000524744,-6.38105e-06
496,0.344985,-0.344985,0.000432578,-6.33587e-06
498,0.345157,-0.345157,0.000343101,-6.2918e-06
