x,v,vx,vy,vz
0,0.344426,-0.344425,0.000543676,1.03945e-05
2,0.344678,-0.344677,0.000568065,1.04742e-05
4,0.344913,-0.344912,0.000628117,1.04741e-05
6,0.345141,-0.34514,0.000676241,1.04753e-05
8,0.345275,-0.345274,0.000566653,1.04922e-05
10,0.345402,-0.345402,0.000396415,1.05076e-05
12,0.345473,-0.345473,-0.00023072,1.05127e-05
14,0.345435,-0.345434,-0.000931377,1.05168e-05
16,0.344838,-0.344832,-0.00200665,1.05157e-05
18,0.344155,-0.344142,-0.0030604,1.05305e-05
20,0.343146,-0.343122,-0.00403368,1.06044e-05
22,0.341843,-0.341812,-0.00463178,1.06848e-05
24,0.33969,-0.339665,-0.00414983,1.07838e-05
26,0.338006,-0.337988,-0.00352345,1.08927e-05
28,0.337395,-0.337386,-0.0025675,1.10243e-05
30,0.336704,-0.336699,-0.00185136,1.11691e-05
32,0.33586,-0.335856,-0.00157754,1.13383e-05
34,0.335218,-0.335215,-0.00129814,1.15149e-05
36,0.33488,-0.334879,-0.0010103,1.17026e-05
38,0.334526,-0.334525,-0.000797631,1.19046e-05
40,0.33415,-0.33415,-0.000678588,1.21245e-05
42,0.333861,-0.333861,-0.000566067,1.2358e-05
44,0.333661,-0.333661,-0.000460275,1.26055e-05
46,0.333471,-0.333471,-0.000382155,1.287e-05
48,0.333289,-0.333289,-0.000327698,1.3149e-05
50,0.333146,-0.333146,-0.000279916,1.34483e-05
52,0.33303,-0.33303,-0.000236852,1.37622e-05
54,0.332924,-0.332924,-0.000205068,1.40993e-05
56,0.332823,-0.332823,-0.000179828,1.44501e-05
58,0.33274,-0.33274,-0.000157787,1.48277e-05
60,0.332666,-0.332666,-0.000137253,1.5218e-05
62,0.332601,-0.332601,-0.000122065,1.56396e-05
64,0.33254,-0.33254,-0.000108889,1.60731e-05
66,0.332489,-0.332489,-9.7748e-05,1.65451e-05
68,0.33244,-0.33244,-8.7203e-05,1.70283e-05
70,0.332398,-0.332398,-7.9156e-05,1.75544e-05
72,0.332357,-0.332357,-7.16563e-05,1.809e-05
74,0.332322,-0.332322,-6.53723e-05,1.86754e-05
76,0.332287,-0.332287,-5.92744e-05,1.92684e-05
78,0.332258,-0.332258,-5.47831e-05,1.99189e-05
80,0.332229,-0.332229,-5.04427e-05,2.05749e-05
82,0.332203,-0.332203,-4.66782e-05,2.13021e-05
84,0.332178,-0.332178,-4.29433e-05,2.20329e-05
86,0.332156,-0.332156,-3.99997e-05,2.28411e-05
88,0.332134,-0.332134,-3.70846e-05,2.3654e-05
90,0.332114,-0.332114,-3.46644e-05,2.45498e-05
92,0.332094,-0.332094,-3.23104e-05,2.54555e-05
94,0.332077,-0.332077,-3.0542e-05,2.6449e-05
96,0.332059,-0.332059,-2.87963e-05,2.74597e-05
98,0.332043,-0.332043,-2.71815e-05,2.85702e-05
100,0.332026,-0.332026,-2.56275e-05,2.97051e-05
102,0.332011,-0.332011,-2.4324e-05,3.09409e-05
104,0.331996,-0.331996,-2.30809e-05,3.22114e-05
106,0.331982,-0.331982,-2.20267e-05,3.35909e-05
108,0.331968,-0.331968,-2.10682e-05,3.5017e-05
110,0.331954,-0.331954,-2.03453e-05,3.65576e-05
112,0.33194,-0.33194,-1.96449e-05,3.81645e-05
114,0.331927,-0.331927,-1.89891e-05,3.99027e-05
116,0.331913,-0.331913,-1.83998e-05,4.17233e-05
118,0.3319,-0.3319,-1.79175e-05,4.36768e-05
120,0.331886,-0.331886,-1.7504e-05,4.57395e-05
122,0.331873,-0.331873,-1.71817e-05,4.79472e-05
124,0.331859,-0.331859,-1.69588e-05,5.02929e-05
126,0.331845,-0.331845,-1.68448e-05,5.27902e-05
128,0.331831,-0.331831,-1.67816e-05,5.54758e-05
130,0.331816,-0.331816,-1.67646e-05,5.8333e-05
132,0.3318,-0.3318,-1.68323e-05,6.14199e-05
134,0.331785,-0.331785,-1.69636e-05,6.46799e-05
136,0.331768,-0.331768,-1.71792e-05,6.82421e-05
138,0.331751,-0.331751,-1.74471e-05,7.19917e-05
140,0.331733,-0.331733,-1.78469e-05,7.61214e-05
142,0.331715,-0.331715,-1.83133e-05,8.04434e-05
144,0.331695,-0.331695,-1.89366e-05,8.52819e-05
146,0.331674,-0.331674,-1.96239e-05,9.03304e-05
148,0.331651,-0.331651,-2.05e-05,9.60181e-05
150,0.331628,-0.331628,-2.14365e-05,0.00010191
152,0.331602,-0.331602,-2.25532e-05,0.000108649
154,0.331575,-0.331575,-2.37137e-05,0.000115592
156,0.331545,-0.331545,-2.51753e-05,0.000123633
158,0.331514,-0.331514,-2.66893e-05,0.000131866
160,0.331478,-0.331478,-2.86678e-05,0.000141572
162,0.331442,-0.331442,-3.06989e-05,0.000151445
164,0.331399,-0.331399,-3.33035e-05,0.000163246
166,0.331356,-0.331356,-3.59412e-05,0.000175158
168,0.331304,-0.331304,-3.92717e-05,0.000189593
170,0.331252,-0.331252,-4.26549e-05,0.000204177
172,0.331189,-0.331189,-4.71975e-05,0.00022193
174,0.331126,-0.331126,-5.18233e-05,0.000240046
176,0.331049,-0.331049,-5.73353e-05,0.000262018
178,0.330971,-0.330971,-6.30463e-05,0.000284736
180,0.330879,-0.330878,-7.00568e-05,0.000312328
182,0.330782,-0.330782,-7.80236e-05,0.000341049
184,0.330667,-0.330666,-9.03555e-05,0.000374927
186,0.330543,-0.330543,-0.0001037,0.000410923
188,0.330392,-0.330392,-0.000120503,0.000454148
190,0.33023,-0.33023,-0.00013567,0.000500641
192,0.330038,-0.330038,-0.00014649,0.000555818
194,0.329839,-0.329839,-0.000159859,0.000616804
196,0.329625,-0.329624,-0.000178635,0.000690115
198,0.329376,-0.329375,-0.000210338,0.000764922
200,0.329069,-0.329068,-0.000264318,0.000842306
202,0.328695,-0.328693,-0.000317165,0.000927279
204,0.328225,-0.328223,-0.000368409,0.00102299
206,0.327715,-0.327713,-0.000408648,0.00115668
208,0.327159,-0.327156,-0.000436017,0.00133479
210,0.326531,-0.326527,-0.000502524,0.00153798
212,0.325835,-0.325829,-0.000606965,0.0017655
214,0.324834,-0.324827,-0.000744118,0.0019545
216,0.32359,-0.323582,-0.000907533,0.00211259
218,0.32189,-0.321879,-0.0010523,0.00238927
220,0.319887,-0.319874,-0.0011847,0.00274449
222,0.317589,-0.317567,-0.00145785,0.00337944
224,0.315131,-0.315098,-0.0018073,0.00416606
226,0.311022,-0.310974,-0.00235041,0.00492974
228,0.306192,-0.306125,-0.00297838,0.00568336
230,0.298676,-0.298581,-0.00236763,0.00715271
232,0.290239,-0.290101,-0.00132659,0.00887069
234,0.279865,-0.279528,0.00452843,0.0129579
236,0.269231,-0.268396,0.0116704,0.0176784
238,0.271904,-0.269183,0.0244687,0.0295587
240,0.278317,-0.272308,0.0383773,0.0428443
242,0.280121,-0.263579,0.0769017,0.055499
244,0.287872,-0.253276,0.118694,0.06807
246,0.395446,-0.344168,0.182952,0.0667427
248,0.511951,-0.442713,0.248909,0.0643642
250,0.42512,-0.409383,0.0872147,0.0743368
252,0.389603,-0.372097,-0.0773375,0.085754
254,0.36043,-0.301844,-0.133308,0.145016
256,0.356127,-0.236167,-0.179836,0.19675
258,0.293011,-0.230999,-0.101525,0.148955
260,0.252883,-0.228533,-0.0306375,0.103844
262,0.25924,-0.246428,-0.0156689,0.0789503
264,0.269315,-0.263402,-0.00269647,0.056061
266,0.279079,-0.275686,0.000105397,0.0433848
268,0.288403,-0.286624,0.00233201,0.0319012
270,0.29359,-0.292524,0.00240678,0.0248785
272,0.29878,-0.298201,0.00243818,0.0184283
274,0.30355,-0.303235,0.00234476,0.0136261
276,0.307821,-0.307659,0.00226908,0.00971929
278,0.310796,-0.310689,0.00223388,0.00785564
280,0.31373,-0.313659,0.00210878,0.00634812
282,0.316572,-0.316519,0.00181784,0.00549749
284,0.318905,-0.318867,0.00153279,0.00469815
286,0.320466,-0.320439,0.00125662,0.00397624
288,0.321873,-0.321854,0.0010494,0.0033054
290,0.323087,-0.323074,0.00092807,0.00269817
292,0.324158,-0.324149,0.000824823,0.00223701
294,0.325081,-0.325074,0.000740238,0.00192656
296,0.325912,-0.325907,0.000654859,0.00169211
298,0.326664,-0.32666,0.000568801,0.00152264
300,0.327283,-0.32728,0.000480632,0.00135763
302,0.327808,-0.327805,0.000390971,0.00119576
304,0.328235,-0.328233,0.000332009,0.00105286
306,0.328606,-0.328605,0.000290861,0.000920966
308,0.328934,-0.328932,0.000260872,0.000819856
310,0.32924,-0.329239,0.000236142,0.000733254
312,0.329506,-0.329505,0.000210675,0.000668432
314,0.329756,-0.329755,0.000184929,0.000611807
316,0.329961,-0.329961,0.000158862,0.00055903
318,0.330154,-0.330153,0.000132702,0.000507382
320,0.330305,-0.330304,0.000115391,0.000462557
322,0.330447,-0.330446,0.000100018,0.000419227
324,0.330566,-0.330566,8.99301e-05,0.000385275
326,0.330683,-0.330682,8.06512e-05,0.00035276
328,0.330782,-0.330782,7.33452e-05,0.000327368
330,0.33088,-0.33088,6.62246e-05,0.000302645
332,0.330962,-0.330962,5.83289e-05,0.000280852
334,0.331043,-0.331042,5.04185e-05,0.000259203
336,0.331106,-0.331106,4.46459e-05,0.000240936
338,0.331168,-0.331168,3.89865e-05,0.000222852
340,0.331221,-0.331221,3.52829e-05,0.00020793
342,0.331273,-0.331273,3.16991e-05,0.000193285
344,0.331318,-0.331318,2.91737e-05,0.000181087
346,0.331363,-0.331363,2.66154e-05,0.000169131
348,0.331401,-0.331401,2.3868e-05,0.000158561
350,0.331439,-0.331439,2.12259e-05,0.000148291
352,0.331471,-0.331471,1.90174e-05,0.000139263
354,0.331502,-0.331502,1.69798e-05,0.000130558
356,0.331529,-0.331529,1.54771e-05,0.000122869
358,0.331556,-0.331556,1.41254e-05,0.000115516
360,0.33158,-0.33158,1.31452e-05,0.000108991
362,0.331603,-0.331603,1.21621e-05,0.000102745
364,0.331624,-0.331624,1.11734e-05,9.70494e-05
366,0.331645,-0.331645,1.02467e-05,9.16426e-05
368,0.331663,-0.331663,9.41993e-06,8.67017e-05
370,0.331681,-0.331681,8.71615e-06,8.20324e-05
372,0.331697,-0.331697,8.17559e-06,7.77236e-05
374,0.331713,-0.331713,7.73375e-06,7.36845e-05
376,0.331728,-0.331728,7.40036e-06,6.99416e-05
378,0.331742,-0.331742,7.09575e-06,6.64281e-05
380,0.331756,-0.331756,6.81734e-06,6.31237e-05
382,0.331769,-0.331769,6.57745e-06,6.00465e-05
384,0.331782,-0.331782,6.36658e-06,5.71406e-05
386,0.331794,-0.331794,6.2386e-06,5.44417e-05
388,0.331805,-0.331805,6.16202e-06,5.18713e-05
390,0.331817,-0.331817,6.13851e-06,4.95044e-05
392,0.331828,-0.331828,6.14183e-06,4.72403e-05
394,0.331839,-0.331839,6.22053e-06,4.51471e-05
396,0.331849,-0.331849,6.32988e-06,4.31233e-05
398,0.33186,-0.33186,6.45455e-06,4.12672e-05
400,0.33187,-0.33187,6.58411e-06,3.94648e-05
402,0.331881,-0.331881,6.75648e-06,3.78146e-05
404,0.331891,-0.331891,6.93925e-06,3.62012e-05
406,0.331901,-0.331901,7.17695e-06,3.4739e-05
408,0.331911,-0.331911,7.42424e-06,3.3303e-05
410,0.331921,-0.331921,7.97959e-06,3.1994e-05
412,0.331931,-0.331931,8.56976e-06,3.06994e-05
414,0.331942,-0.331942,9.319e-06,2.95294e-05
416,0.331953,-0.331953,1.00774e-05,2.83666e-05
418,0.331965,-0.331965,1.07701e-05,2.73213e-05
420,0.331977,-0.331977,1.14538e-05,2.62813e-05
422,0.331988,-0.331988,1.19299e-05,2.53491e-05
424,0.332,-0.332,1.24232e-05,2.44243e-05
426,0.332013,-0.332013,1.30985e-05,2.35796e-05
428,0.332026,-0.332026,1.36624e-05,2.27453e-05
430,0.332043,-0.332043,1.34994e-05,2.19798e-05
432,0.332058,-0.332058,1.29105e-05,2.1226e-05
434,0.332071,-0.332071,1.03774e-05,2.05255e-05
436,0.332081,-0.332081,7.3551e-06,1.98419e-05
438,0.332087,-0.332087,2.66238e-06,1.92159e-05
440,0.332091,-0.332091,-8.81797e-07,1.86137e-05
442,0.332091,-0.332091,-1.37413e-06,1.80747e-05
444,0.332089,-0.332089,-4.4502e-06,1.75572e-05
446,0.332087,-0.332087,-1.30088e-05,1.70851e-05
448,0.332069,-0.332069,-4.51642e-05,1.66218e-05
450,0.332024,-0.332024,-0.000117986,1.61739e-05
452,0.331939,-0.331939,-0.000240837,1.57335e-05
454,0.331795,-0.331795,-0.000434484,1.53035e-05
456,0.331594,-0.331594,-0.000634753,1.48811e-05
458,0.331326,-0.331325,-0.000842767,1.44675e-05
460,0.331072,-0.33107,-0.000946587,1.40804e-05
462,0.330831,-0.330829,-0.00094942,1.3719e-05
464,0.330619,-0.330618,-0.000654181,1.33946e-05
466,0.330432,-0.330432,-0.000119645,1.30999e-05
468,0.33058,-0.330578,0.000886506,1.28041e-05
470,0.330954,-0.330947,0.00220502,1.25077e-05
472,0.331831,-0.331812,0.00358056,1.22207e-05
474,0.332985,-0.332947,0.00498701,1.19387e-05
476,0.335118,-0.335079,0.0051512,1.17099e-05
478,0.337681,-0.337647,0.00477103,1.15044e-05
480,0.338956,-0.338934,0.00385181,1.13252e-05
482,0.339787,-0.339776,0.00274535,1.1155e-05
484,0.340745,-0.340738,0.00221523,1.10061e-05
486,0.341738,-0.341733,0.00183918,1.08629e-05
488,0.34229,-0.342287,0.00148352,1.0735e-05
490,0.342756,-0.342754,0.00113186,1.06102e-05
492,0.343197,-0.343195,0.000932721,1.05154e-05
494,0.343634,-0.343633,0.000753827,1.04245e-05
496,0.343909,-0.343909,0.000636265,1.0369e-05
498,0.344173,-0.344172,0.000523341,1.03161e-05
