y	b	u.x	u.y	u.z	
0.78125	0.00588873	-2.88309e-12	-1.48741e-07	-2.59457e-15
2.78567	0.0209972	-1.02801e-11	-5.30361e-07	-9.25135e-15
4.79009	0.0361056	-1.19559e-11	-2.41322e-07	3.55468e-15
6.79451	0.0512141	-1.24657e-11	1.84392e-07	2.03271e-14
8.79893	0.0663225	-1.29756e-11	6.10106e-07	3.70994e-14
10.8033	0.081431	-1.33084e-11	3.38947e-07	2.98548e-14
12.8078	0.0965395	-1.35698e-11	-2.13271e-07	1.29236e-14
14.8122	0.111648	-1.38312e-11	-7.6549e-07	-4.00753e-15
16.8166	0.126756	-1.68571e-11	-5.20817e-07	3.25511e-14
18.821	0.141865	-2.17687e-11	2.67432e-07	1.05596e-13
20.8254	0.156973	-2.66804e-11	1.05568e-06	1.78641e-13
22.8299	0.172082	-2.80726e-11	9.18871e-07	1.47801e-13
24.8343	0.18719	-2.55964e-11	-2.34746e-07	2.77201e-15
26.8387	0.202299	-2.31202e-11	-1.38836e-06	-1.42257e-13
28.8431	0.217407	-2.82463e-11	-1.51919e-06	-6.0731e-14
30.8475	0.232516	-4.69901e-11	1.82041e-07	4.26604e-13
32.852	0.247624	-6.57338e-11	1.88327e-06	9.13939e-13
34.8564	0.262732	-7.5159e-11	2.58067e-06	1.03802e-12
36.8608	0.277841	-5.51007e-11	1.01993e-07	1.27621e-14
38.8652	0.292949	-3.50424e-11	-2.37668e-06	-1.01249e-12
40.8696	0.308058	-2.62735e-11	-4.11726e-06	-1.50793e-12
42.874	0.323166	-9.8716e-11	-5.48254e-07	1.80796e-12
44.8785	0.338275	-1.71158e-10	3.02076e-06	5.12384e-12
46.8829	0.353383	-2.42825e-10	6.55586e-06	8.40266e-12
48.8873	0.368492	-1.18162e-10	1.50795e-06	2.29676e-12
50.8917	0.3836	6.50233e-12	-3.53996e-06	-3.80914e-12
52.8961	0.398709	1.31166e-10	-8.58787e-06	-9.91504e-12
54.9006	0.413817	-1.43182e-10	-2.94197e-06	7.88929e-12
56.905	0.428925	-4.68959e-10	4.08228e-06	2.87754e-11
58.9094	0.444034	-7.94737e-10	1.11065e-05	4.96616e-11
60.9138	0.459142	-7.90375e-11	5.37949e-06	2.84779e-11
62.9182	0.474251	9.51781e-10	-4.20569e-06	-5.43488e-12
64.9227	0.489359	1.9826e-09	-1.37909e-05	-3.93477e-11
66.9271	0.504468	6.02169e-10	-8.80012e-06	3.38529e-11
68.9315	0.519576	-2.07889e-09	4.0529e-06	1.64831e-10
70.9359	0.534685	-4.75995e-09	1.69059e-05	2.95808e-10
72.9403	0.549793	2.28416e-09	1.39531e-05	4.65626e-10
74.9448	0.564902	1.7901e-08	-2.93259e-06	6.69681e-10
76.9492	0.58001	3.35177e-08	-1.98182e-05	8.73736e-10
78.9536	0.595118	-1.12632e-07	-2.06967e-05	-1.96152e-09
80.958	0.610227	-4.88339e-07	1.14019e-06	-9.10976e-09
82.9624	0.625335	-8.64046e-07	2.29771e-05	-1.6258e-08
84.9668	0.640444	-2.61722e-06	3.0239e-05	-3.07421e-08
86.9713	0.655553	-7.65801e-06	2.71487e-06	-6.2735e-08
88.9757	0.670661	-1.26988e-05	-2.48093e-05	-9.47278e-08
90.9801	0.68577	7.46639e-05	-4.46926e-05	3.17496e-06
92.9845	0.700878	0.000591203	-2.90874e-05	2.17796e-05
94.9889	0.715988	1.76171e-05	3.16214e-05	-1.01494e-05
96.9934	0.731096	0.00120848	-0.00010171	6.80872e-05
98.9978	0.7462	0.00423336	0.000230985	0.000117842
101.002	0.761314	0.00422996	-0.000231963	-0.000110157
103.007	0.776419	0.00120423	0.000102123	-7.84024e-05
105.011	0.791526	1.69967e-05	-2.45553e-05	1.8681e-06
107.015	0.806636	0.000589988	2.48222e-05	-2.39285e-05
109.02	0.821745	7.46191e-05	3.64057e-05	-3.52073e-06
111.024	0.836853	-1.25753e-05	1.98708e-05	7.65565e-08
113.029	0.851962	-7.57583e-06	-2.71844e-06	5.42227e-08
115.033	0.86707	-2.5763e-06	-2.53077e-05	3.18888e-08
117.038	0.882179	-8.42024e-07	-1.89847e-05	1.93477e-08
119.042	0.897287	-4.75899e-07	-5.47289e-07	1.09098e-08
121.046	0.912396	-1.09773e-07	1.78901e-05	2.4719e-09
123.051	0.927504	3.27411e-08	1.68751e-05	-8.53789e-10
125.055	0.942613	1.76731e-08	2.15151e-06	-5.76811e-10
127.06	0.957721	2.60509e-09	-1.2572e-05	-2.99833e-10
129.064	0.97283	-4.24647e-09	-1.49277e-05	-1.23372e-10
131.068	0.987938	-1.77664e-09	-3.2521e-06	-6.09478e-11
133.073	1.00305	6.93194e-10	8.42346e-06	1.47674e-12
135.077	1.01816	1.95168e-09	1.27852e-05	3.46075e-11
137.082	1.03326	9.64334e-10	3.58727e-06	1.34278e-11
139.086	1.04837	-2.30085e-11	-5.61067e-06	-7.75193e-12
141.091	1.06348	-7.12664e-10	-1.09837e-05	-2.15196e-11
143.095	1.07859	-4.18399e-10	-3.71476e-06	-1.0789e-11
145.099	1.0937	-1.24133e-10	3.55422e-06	-5.8364e-14
147.104	1.10881	1.23321e-10	9.33082e-06	9.00055e-12
149.108	1.12391	7.5593e-12	3.5278e-06	5.08836e-12
151.113	1.13902	-1.08202e-10	-2.27523e-06	1.17618e-12
153.117	1.15413	-2.23964e-10	-8.07825e-06	-2.73601e-12
155.122	1.16924	-1.58941e-10	-3.38511e-06	-1.2916e-12
157.126	1.18435	-9.32028e-11	1.3496e-06	1.74026e-13
159.13	1.19946	-2.74641e-11	6.08431e-06	1.63965e-12
161.135	1.21457	-3.50439e-11	3.17057e-06	1.25441e-12
163.139	1.22967	-5.28166e-11	-8.06484e-07	6.11849e-13
165.144	1.24478	-7.05893e-11	-4.78354e-06	-3.07077e-14
167.148	1.25989	-6.18449e-11	-3.10553e-06	-5.47989e-14
169.152	1.275	-4.4719e-11	3.59907e-07	1.16592e-13
171.157	1.29011	-2.75932e-11	3.82535e-06	2.87984e-13
173.161	1.30522	-2.27384e-11	3.05936e-06	2.87336e-13
175.166	1.32032	-2.47347e-11	-6.90348e-08	1.90639e-13
177.17	1.33543	-2.6731e-11	-3.19743e-06	9.39411e-14
179.175	1.35054	-2.5348e-11	-3.15764e-06	5.35863e-14
181.179	1.36565	-2.08907e-11	-2.35404e-07	6.44924e-14
183.183	1.38076	-1.64334e-11	2.68683e-06	7.53985e-14
185.188	1.39587	-1.36785e-11	3.28913e-06	7.59723e-14
187.192	1.41097	-1.34195e-11	4.90219e-07	6.13982e-14
189.197	1.42608	-1.31605e-11	-2.30869e-06	4.68242e-14
191.201	1.44119	-1.27368e-11	-3.516e-06	3.62023e-14
193.205	1.4563	-1.19047e-11	-7.76823e-07	3.53802e-14
195.21	1.47141	-1.10727e-11	1.96235e-06	3.4558e-14
197.214	1.48652	-1.03815e-11	3.77769e-06	3.3875e-14
199.219	1.50163	-1.03815e-11	1.05949e-06	3.3875e-14
