x=100	y=70	z=100	n=65	len=1
b
0.52763	0.52763	0.52763	0.52763	0.52763	0.52763	0.52763	0.52763	0.52763	0.52763	0.52763	0.52763	0.52763	0.52763	0.52763	0.52763	0.52763	0.52763	0.52763	0.52763	0.52763	0.52763	0.52763	0.52763	0.52763	0.52763	0.52763	0.52763	0.52763	0.52763	0.52763	0.52763	0.52763	0.52763	0.52763	0.52763	0.52763	0.52763	0.52763	0.52763	0.52763	0.52763	0.52763	0.52763	0.52763	0.52763	0.52763	0.52763	0.52763	0.52763	0.52763	0.52763	0.52763	0.52763	0.52763	0.52763	0.52763	0.52763	0.52763	0.52763	0.52763	0.52763	0.52763	0.52763	0.52763	
0.52763	0.52763	0.52763	0.52763	0.52763	0.52763	0.52763	0.52763	0.52763	0.52763	0.52763	0.52763	0.52763	0.52763	0.52763	0.52763	0.52763	0.52763	0.52763	0.52763	0.52763	0.52763	0.52763	0.52763	0.52763	0.52763	0.52763	0.52763	0.52763	0.52763	0.52763	0.52763	0.52763	0.52763	0.52763	0.52763	0.52763	0.52763	0.52763	0.52763	0.52763	0.52763	0.52763	0.52763	0.52763	0.52763	0.52763	0.52763	0.52763	0.52763	0.52763	0.52763	0.52763	0.52763	0.52763	0.52763	0.52763	0.52763	0.52763	0.52763	0.52763	0.52763	0.52763	0.52763	0.52763	
0.52763	0.52763	0.52763	0.52763	0.52763	0.52763	0.52763	0.52763	0.52763	0.52763	0.52763	0.52763	0.52763	0.52763	0.52763	0.52763	0.52763	0.52763	0.52763	0.52763	0.52763	0.52763	0.52763	0.52763	0.52763	0.52763	0.52763	0.52763	0.52763	0.52763	0.52763	0.52763	0.52763	0.52763	0.52763	0.52763	0.52763	0.52763	0.52763	0.52763	0.52763	0.52763	0.52763	0.52763	0.52763	0.52763	0.52763	0.52763	0.52763	0.52763	0.52763	0.52763	0.52763	0.52763	0.52763	0.52763	0.52763	0.52763	0.52763	0.52763	0.52763	0.52763	0.52763	0.52763	0.52763	
0.52763	0.52763	0.52763	0.52763	0.52763	0.52763	0.52763	0.52763	0.52763	0.52763	0.52763	0.52763	0.52763	0.52763	0.52763	0.52763	0.52763	0.52763	0.52763	0.52763	0.52763	0.52763	0.52763	0.52763	0.52763	0.52763	0.52763	0.52763	0.52763	0.52763	0.52763	0.52763	0.52763	0.52763	0.52763	0.52763	0.52763	0.52763	0.52763	0.52763	0.52763	0.52763	0.52763	0.52763	0.52763	0.52763	0.52763	0.52763	0.52763	0.52763	0.52763	0.52763	0.52763	0.52763	0.52763	0.52763	0.52763	0.52763	0.52763	0.52763	0.52763	0.52763	0.52763	0.52763	0.52763	
0.52763	0.52763	0.52763	0.52763	0.52763	0.52763	0.52763	0.52763	0.52763	0.52763	0.52763	0.52763	0.52763	0.52763	0.52763	0.52763	0.52763	0.52763	0.52763	0.52763	0.52763	0.52763	0.52763	0.52763	0.52763	0.52763	0.52763	0.52763	0.52763	0.52763	0.52763	0.52763	0.52763	0.52763	0.52763	0.52763	0.52763	0.52763	0.52763	0.52763	0.52763	0.52763	0.52763	0.52763	0.52763	0.52763	0.52763	0.52763	0.52763	0.52763	0.52763	0.52763	0.52763	0.52763	0.52763	0.52763	0.52763	0.52763	0.52763	0.52763	0.52763	0.52763	0.52763	0.52763	0.52763	
0.52763	0.52763	0.52763	0.52763	0.52763	0.52763	0.52763	0.52763	0.52763	0.52763	0.52763	0.52763	0.52763	0.52763	0.52763	0.52763	0.52763	0.52763	0.52763	0.52763	0.52763	0.52763	0.52763	0.52763	0.52763	0.52763	0.52763	0.52763	0.52763	0.52763	0.52763	0.52763	0.52763	0.52763	0.52763	0.52763	0.52763	0.52763	0.52763	0.52763	0.52763	0.52763	0.52763	0.52763	0.52763	0.52763	0.52763	0.52763	0.52763	0.52763	0.52763	0.52763	0.52763	0.52763	0.52763	0.52763	0.52763	0.52763	0.52763	0.52763	0.52763	0.52763	0.52763	0.52763	0.52763	
0.52763	0.52763	0.52763	0.52763	0.52763	0.52763	0.52763	0.52763	0.52763	0.52763	0.52763	0.52763	0.52763	0.52763	0.52763	0.52763	0.52763	0.52763	0.52763	0.52763	0.52763	0.52763	0.52763	0.52763	0.52763	0.52763	0.52763	0.52763	0.52763	0.52763	0.52763	0.52763	0.52763	0.52763	0.52763	0.52763	0.52763	0.52763	0.52763	0.52763	0.52763	0.52763	0.52763	0.52763	0.52763	0.52763	0.52763	0.52763	0.52763	0.52763	0.52763	0.52763	0.52763	0.52763	0.52763	0.52763	0.52763	0.52763	0.52763	0.52763	0.52763	0.52763	0.52763	0.52763	0.52763	
0.52763	0.52763	0.52763	0.52763	0.52763	0.52763	0.52763	0.52763	0.52763	0.52763	0.52763	0.52763	0.52763	0.52763	0.52763	0.52763	0.52763	0.52763	0.52763	0.52763	0.52763	0.52763	0.52763	0.52763	0.52763	0.52763	0.52763	0.52763	0.52763	0.52763	0.52763	0.52763	0.52763	0.52763	0.52763	0.52763	0.52763	0.52763	0.52763	0.52763	0.52763	0.52763	0.52763	0.52763	0.52763	0.52763	0.52763	0.52763	0.52763	0.52763	0.52763	0.52763	0.52763	0.52763	0.52763	0.52763	0.52763	0.52763	0.52763	0.52763	0.52763	0.52763	0.52763	0.52763	0.52763	
0.52763	0.52763	0.52763	0.52763	0.52763	0.52763	0.52763	0.52763	0.52763	0.52763	0.52763	0.52763	0.52763	0.52763	0.52763	0.52763	0.52763	0.52763	0.52763	0.52763	0.52763	0.52763	0.52763	0.52763	0.52763	0.52763	0.52763	0.52763	0.52763	0.52763	0.52763	0.52763	0.52763	0.52763	0.52763	0.52763	0.52763	0.52763	0.52763	0.52763	0.52763	0.52763	0.52763	0.52763	0.52763	0.52763	0.52763	0.52763	0.52763	0.52763	0.52763	0.52763	0.52763	0.52763	0.52763	0.52763	0.52763	0.52763	0.52763	0.52763	0.52763	0.52763	0.52763	0.52763	0.52763	
0.52763	0.52763	0.52763	0.52763	0.52763	0.52763	0.52763	0.52763	0.52763	0.52763	0.52763	0.52763	0.52763	0.52763	0.52763	0.52763	0.52763	0.52763	0.52763	0.52763	0.52763	0.52763	0.52763	0.52763	0.52763	0.52763	0.52763	0.52763	0.52763	0.52763	0.52763	0.52763	0.52763	0.52763	0.52763	0.52763	0.52763	0.52763	0.52763	0.52763	0.52763	0.52763	0.52763	0.52763	0.52763	0.52763	0.52763	0.52763	0.52763	0.52763	0.52763	0.52763	0.52763	0.52763	0.52763	0.52763	0.52763	0.52763	0.52763	0.52763	0.52763	0.52763	0.52763	0.52763	0.52763	
0.52763	0.52763	0.52763	0.52763	0.52763	0.52763	0.52763	0.52763	0.52763	0.52763	0.52763	0.52763	0.52763	0.52763	0.52763	0.52763	0.52763	0.52763	0.52763	0.52763	0.52763	0.52763	0.52763	0.52763	0.52763	0.52763	0.52763	0.52763	0.52763	0.52763	0.52763	0.52763	0.52763	0.52763	0.52763	0.52763	0.52763	0.52763	0.52763	0.52763	0.52763	0.52763	0.52763	0.52763	0.52763	0.52763	0.52763	0.52763	0.52763	0.52763	0.52763	0.52763	0.52763	0.52763	0.52763	0.52763	0.52763	0.52763	0.52763	0.52763	0.52763	0.52763	0.52763	0.52763	0.52763	
0.52763	0.52763	0.52763	0.52763	0.52763	0.52763	0.52763	0.52763	0.52763	0.52763	0.52763	0.52763	0.52763	0.52763	0.52763	0.52763	0.52763	0.52763	0.52763	0.52763	0.52763	0.52763	0.52763	0.52763	0.52763	0.52763	0.52763	0.52763	0.52763	0.52763	0.52763	0.52763	0.52763	0.52763	0.52763	0.52763	0.52763	0.52763	0.52763	0.52763	0.52763	0.52763	0.52763	0.52763	0.52763	0.52763	0.52763	0.52763	0.52763	0.52763	0.52763	0.52763	0.52763	0.52763	0.52763	0.52763	0.52763	0.52763	0.52763	0.52763	0.52763	0.52763	0.52763	0.52763	0.52763	
0.52763	0.52763	0.52763	0.52763	0.52763	0.52763	0.52763	0.52763	0.52763	0.52763	0.52763	0.52763	0.52763	0.52763	0.52763	0.52763	0.52763	0.52763	0.52763	0.52763	0.52763	0.52763	0.52763	0.52763	0.52763	0.52763	0.52763	0.52763	0.52763	0.52763	0.52763	0.52763	0.52763	0.52763	0.52763	0.52763	0.52763	0.52763	0.52763	0.52763	0.52763	0.52763	0.52763	0.52763	0.52763	0.52763	0.52763	0.52763	0.52763	0.52763	0.52763	0.52763	0.52763	0.52763	0.52763	0.52763	0.52763	0.52763	0.52763	0.52763	0.52763	0.52763	0.52763	0.52763	0.52763	
0.52763	0.52763	0.52763	0.52763	0.52763	0.52763	0.52763	0.52763	0.52763	0.52763	0.52763	0.52763	0.52763	0.52763	0.52763	0.52763	0.52763	0.52763	0.52763	0.52763	0.52763	0.52763	0.52763	0.52763	0.52763	0.52763	0.52763	0.52763	0.52763	0.52763	0.52763	0.52763	0.52763	0.52763	0.52763	0.52763	0.52763	0.52763	0.52763	0.52763	0.52763	0.52763	0.52763	0.52763	0.52763	0.52763	0.52763	0.52763	0.52763	0.52763	0.52763	0.52763	0.52763	0.52763	0.52763	0.52763	0.52763	0.52763	0.52763	0.52763	0.52763	0.52763	0.52763	0.52763	0.52763	
0.52763	0.52763	0.52763	0.52763	0.52763	0.52763	0.52763	0.52763	0.52763	0.52763	0.52763	0.52763	0.52763	0.52763	0.52763	0.52763	0.52763	0.52763	0.52763	0.52763	0.52763	0.52763	0.52763	0.52763	0.52763	0.52763	0.52763	0.52763	0.52763	0.52763	0.52763	0.52763	0.52763	0.52763	0.52763	0.52763	0.52763	0.52763	0.52763	0.52763	0.52763	0.52763	0.52763	0.52763	0.52763	0.52763	0.52763	0.52763	0.52763	0.52763	0.52763	0.52763	0.52763	0.52763	0.52763	0.52763	0.52763	0.52763	0.52763	0.52763	0.52763	0.52763	0.52763	0.52763	0.52763	
0.52763	0.52763	0.52763	0.52763	0.52763	0.52763	0.52763	0.52763	0.52763	0.52763	0.52763	0.52763	0.52763	0.52763	0.52763	0.52763	0.52763	0.52763	0.52763	0.52763	0.52763	0.52763	0.52763	0.52763	0.52763	0.52763	0.52763	0.52763	0.52763	0.52763	0.52763	0.52763	0.52763	0.52763	0.52763	0.52763	0.52763	0.52763	0.52763	0.52763	0.52763	0.52763	0.52763	0.52763	0.52763	0.52763	0.52763	0.52763	0.52763	0.52763	0.52763	0.52763	0.52763	0.52763	0.52763	0.52763	0.52763	0.52763	0.52763	0.52763	0.52763	0.52763	0.52763	0.52763	0.52763	
0.52763	0.52763	0.52763	0.52763	0.52763	0.52763	0.52763	0.52763	0.52763	0.52763	0.52763	0.52763	0.52763	0.52763	0.52763	0.52763	0.52763	0.52763	0.52763	0.52763	0.52763	0.52763	0.52763	0.52763	0.52763	0.52763	0.52763	0.52763	0.52763	0.52763	0.52763	0.52763	0.52763	0.52763	0.52763	0.52763	0.52763	0.52763	0.52763	0.52763	0.52763	0.52763	0.52763	0.52763	0.52763	0.52763	0.52763	0.52763	0.52763	0.52763	0.52763	0.52763	0.52763	0.52763	0.52763	0.52763	0.52763	0.52763	0.52763	0.52763	0.52763	0.52763	0.52763	0.52763	0.52763	
0.52763	0.52763	0.52763	0.52763	0.52763	0.52763	0.52763	0.52763	0.52763	0.52763	0.52763	0.52763	0.52763	0.52763	0.52763	0.52763	0.52763	0.52763	0.52763	0.52763	0.52763	0.52763	0.52763	0.52763	0.52763	0.52763	0.52763	0.52763	0.52763	0.52763	0.52763	0.52763	0.52763	0.52763	0.52763	0.52763	0.52763	0.52763	0.52763	0.52763	0.52763	0.52763	0.52763	0.52763	0.52763	0.52763	0.52763	0.52763	0.52763	0.52763	0.52763	0.52763	0.52763	0.52763	0.52763	0.52763	0.52763	0.52763	0.52763	0.52763	0.52763	0.52763	0.52763	0.52763	0.52763	
0.52763	0.52763	0.52763	0.52763	0.52763	0.52763	0.52763	0.52763	0.52763	0.52763	0.52763	0.52763	0.52763	0.52763	0.52763	0.52763	0.52763	0.52763	0.52763	0.52763	0.52763	0.52763	0.52763	0.52763	0.52763	0.52763	0.52763	0.52763	0.52763	0.52763	0.52763	0.52763	0.52763	0.52763	0.52763	0.52763	0.52763	0.52763	0.52763	0.52763	0.52763	0.52763	0.52763	0.52763	0.52763	0.52763	0.52763	0.52763	0.52763	0.52763	0.52763	0.52763	0.52763	0.52763	0.52763	0.52763	0.52763	0.52763	0.52763	0.52763	0.52763	0.52763	0.52763	0.52763	0.52763	
0.52763	0.52763	0.52763	0.52763	0.52763	0.52763	0.52763	0.52763	0.52763	0.52763	0.52763	0.52763	0.52763	0.52763	0.52763	0.52763	0.52763	0.52763	0.52763	0.52763	0.52763	0.52763	0.52763	0.52763	0.52763	0.52763	0.52763	0.52763	0.52763	0.52763	0.52763	0.52763	0.52763	0.52763	0.52763	0.52763	0.52763	0.52763	0.52763	0.52763	0.52763	0.52763	0.52763	0.52763	0.52763	0.52763	0.52763	0.52763	0.52763	0.52763	0.52763	0.52763	0.52763	0.52763	0.52763	0.52763	0.52763	0.52763	0.52763	0.52763	0.52763	0.52763	0.52763	0.52763	0.52763	
0.52763	0.52763	0.52763	0.52763	0.52763	0.52763	0.52763	0.52763	0.52763	0.52763	0.52763	0.52763	0.52763	0.52763	0.52763	0.52763	0.52763	0.52763	0.52763	0.52763	0.52763	0.52763	0.52763	0.52763	0.52763	0.52763	0.52763	0.52763	0.52763	0.52763	0.52763	0.52763	0.52763	0.52763	0.52763	0.52763	0.52763	0.52763	0.52763	0.52763	0.52763	0.52763	0.52763	0.52763	0.52763	0.52763	0.52763	0.52763	0.52763	0.52763	0.52763	0.52763	0.52763	0.52763	0.52763	0.52763	0.52763	0.52763	0.52763	0.52763	0.52763	0.52763	0.52763	0.52763	0.52763	
0.52763	0.52763	0.52763	0.52763	0.52763	0.52763	0.52763	0.52763	0.52763	0.52763	0.52763	0.52763	0.52763	0.52763	0.52763	0.52763	0.52763	0.52763	0.52763	0.52763	0.52763	0.52763	0.52763	0.52763	0.52763	0.52763	0.52763	0.52763	0.52763	0.52763	0.52763	0.52763	0.52763	0.52763	0.52763	0.52763	0.52763	0.52763	0.52763	0.52763	0.52763	0.52763	0.52763	0.52763	0.52763	0.52763	0.52763	0.52763	0.52763	0.52763	0.52763	0.52763	0.52763	0.52763	0.52763	0.52763	0.52763	0.52763	0.52763	0.52763	0.52763	0.52763	0.52763	0.52763	0.52763	
0.52763	0.52763	0.52763	0.52763	0.52763	0.52763	0.52763	0.52763	0.52763	0.52763	0.52763	0.52763	0.52763	0.52763	0.52763	0.52763	0.52763	0.52763	0.52763	0.52763	0.52763	0.52763	0.52763	0.52763	0.52763	0.52763	0.52763	0.52763	0.52763	0.52763	0.52763	0.52763	0.52763	0.52763	0.52763	0.52763	0.52763	0.52763	0.52763	0.52763	0.52763	0.52763	0.52763	0.52763	0.52763	0.52763	0.52763	0.52763	0.52763	0.52763	0.52763	0.52763	0.52763	0.52763	0.52763	0.52763	0.52763	0.52763	0.52763	0.52763	0.52763	0.52763	0.52763	0.52763	0.52763	
0.52763	0.52763	0.52763	0.52763	0.52763	0.52763	0.52763	0.52763	0.52763	0.52763	0.52763	0.52763	0.52763	0.52763	0.52763	0.52763	0.52763	0.52763	0.52763	0.52763	0.52763	0.52763	0.52763	0.52763	0.52763	0.52763	0.52763	0.52763	0.52763	0.52763	0.52763	0.52763	0.52763	0.52763	0.52763	0.52763	0.52763	0.52763	0.52763	0.52763	0.52763	0.52763	0.52763	0.52763	0.52763	0.52763	0.52763	0.52763	0.52763	0.52763	0.52763	0.52763	0.52763	0.52763	0.52763	0.52763	0.52763	0.52763	0.52763	0.52763	0.52763	0.52763	0.52763	0.52763	0.52763	
0.52763	0.52763	0.52763	0.52763	0.52763	0.52763	0.52763	0.52763	0.52763	0.52763	0.52763	0.52763	0.52763	0.52763	0.52763	0.52763	0.52763	0.52763	0.52763	0.52763	0.52763	0.52763	0.52763	0.52763	0.52763	0.52763	0.52763	0.52763	0.52763	0.52763	0.52763	0.52763	0.52763	0.52763	0.52763	0.52763	0.52763	0.52763	0.52763	0.52763	0.52763	0.52763	0.52763	0.52763	0.52763	0.52763	0.52763	0.52763	0.52763	0.52763	0.52763	0.52763	0.52763	0.52763	0.52763	0.52763	0.52763	0.52763	0.52763	0.52763	0.52763	0.52763	0.52763	0.52763	0.52763	
0.52763	0.52763	0.52763	0.52763	0.52763	0.52763	0.52763	0.52763	0.52763	0.52763	0.52763	0.52763	0.52763	0.52763	0.52763	0.52763	0.52763	0.52763	0.52763	0.52763	0.52763	0.52763	0.52763	0.52763	0.52763	0.52763	0.52763	0.52763	0.52763	0.52763	0.52763	0.52763	0.52763	0.52763	0.52763	0.52763	0.52763	0.52763	0.52763	0.52763	0.52763	0.52763	0.52763	0.52763	0.52763	0.52763	0.52763	0.52763	0.52763	0.52763	0.52763	0.52763	0.52763	0.52763	0.52763	0.52763	0.52763	0.52763	0.52763	0.52763	0.52763	0.52763	0.52763	0.52763	0.52763	
0.52763	0.52763	0.52763	0.52763	0.52763	0.52763	0.52763	0.52763	0.52763	0.52763	0.52763	0.52763	0.52763	0.52763	0.52763	0.52763	0.52763	0.52763	0.52763	0.52763	0.52763	0.52763	0.52763	0.52763	0.52763	0.52763	0.52763	0.52763	0.52763	0.52763	0.52763	0.52763	0.52763	0.52763	0.52763	0.52763	0.52763	0.52763	0.52763	0.52763	0.52763	0.52763	0.52763	0.52763	0.52763	0.52763	0.52763	0.52763	0.52763	0.52763	0.52763	0.52763	0.52763	0.52763	0.52763	0.52763	0.52763	0.52763	0.52763	0.52763	0.52763	0.52763	0.52763	0.52763	0.52763	
0.52763	0.52763	0.52763	0.52763	0.52763	0.52763	0.52763	0.52763	0.52763	0.52763	0.52763	0.52763	0.52763	0.52763	0.52763	0.52763	0.52763	0.52763	0.52763	0.52763	0.52763	0.52763	0.52763	0.52763	0.52763	0.52763	0.52763	0.52763	0.52763	0.52763	0.52763	0.52763	0.52763	0.52763	0.52763	0.52763	0.52763	0.52763	0.52763	0.52763	0.52763	0.52763	0.52763	0.52763	0.52763	0.52763	0.52763	0.52763	0.52763	0.52763	0.52763	0.52763	0.52763	0.52763	0.52763	0.52763	0.52763	0.52763	0.52763	0.52763	0.52763	0.52763	0.52763	0.52763	0.52763	
0.52763	0.52763	0.52763	0.52763	0.52763	0.52763	0.52763	0.52763	0.52763	0.52763	0.52763	0.52763	0.52763	0.52763	0.52763	0.52763	0.52763	0.52763	0.52763	0.52763	0.52763	0.52763	0.52763	0.52763	0.52763	0.52763	0.52763	0.52763	0.52763	0.52763	0.52763	0.52763	0.52763	0.52763	0.52763	0.52763	0.52763	0.52763	0.52763	0.52763	0.52763	0.52763	0.52763	0.52763	0.52763	0.52763	0.52763	0.52763	0.52763	0.52763	0.52763	0.52763	0.52763	0.52763	0.52763	0.52763	0.52763	0.52763	0.52763	0.52763	0.52763	0.52763	0.52763	0.52763	0.52763	
0.52763	0.52763	0.52763	0.52763	0.52763	0.52763	0.52763	0.52763	0.52763	0.52763	0.52763	0.52763	0.52763	0.52763	0.52763	0.52763	0.52763	0.52763	0.52763	0.52763	0.52763	0.52763	0.52763	0.52763	0.52763	0.52763	0.52763	0.52763	0.52763	0.52763	0.52763	0.52763	0.52763	0.52763	0.52763	0.52763	0.52763	0.52763	0.52763	0.52763	0.52763	0.52763	0.52763	0.52763	0.52763	0.52763	0.52763	0.52763	0.52763	0.52763	0.52763	0.52763	0.52763	0.52763	0.52763	0.52763	0.52763	0.52763	0.52763	0.52763	0.52763	0.52763	0.52763	0.52763	0.52763	
0.52763	0.52763	0.52763	0.52763	0.52763	0.52763	0.52763	0.52763	0.52763	0.52763	0.52763	0.52763	0.52763	0.52763	0.52763	0.52763	0.52763	0.52763	0.52763	0.52763	0.52763	0.52763	0.52763	0.52763	0.52763	0.52763	0.52763	0.52763	0.52763	0.52763	0.52763	0.52763	0.52763	0.52763	0.52763	0.52763	0.52763	0.52763	0.52763	0.52763	0.52763	0.52763	0.52763	0.52763	0.52763	0.52763	0.52763	0.52763	0.52763	0.52763	0.52763	0.52763	0.52763	0.52763	0.52763	0.52763	0.52763	0.52763	0.52763	0.52763	0.52763	0.52763	0.52763	0.52763	0.52763	
0.52763	0.52763	0.52763	0.52763	0.52763	0.52763	0.52763	0.52763	0.52763	0.52763	0.52763	0.52763	0.52763	0.52763	0.52763	0.52763	0.52763	0.52763	0.52763	0.52763	0.52763	0.52763	0.52763	0.52763	0.52763	0.52763	0.52763	0.52763	0.52763	0.52763	0.52763	0.52763	0.52763	0.52763	0.52763	0.52763	0.52763	0.52763	0.52763	0.52763	0.52763	0.52763	0.52763	0.52763	0.52763	0.52763	0.52763	0.52763	0.52763	0.52763	0.52763	0.52763	0.52763	0.52763	0.52763	0.52763	0.52763	0.52763	0.52763	0.52763	0.52763	0.52763	0.52763	0.52763	0.52763	
0.52763	0.52763	0.52763	0.52763	0.52763	0.52763	0.52763	0.52763	0.52763	0.52763	0.52763	0.52763	0.52763	0.52763	0.52763	0.52763	0.52763	0.52763	0.52763	0.52763	0.52763	0.52763	0.52763	0.52763	0.52763	0.52763	0.52763	0.52763	0.52763	0.52763	0.52763	0.52763	0.52763	0.52763	0.52763	0.52763	0.52763	0.52763	0.52763	0.52763	0.52763	0.52763	0.52763	0.52763	0.52763	0.52763	0.52763	0.52763	0.52763	0.52763	0.52763	0.52763	0.52763	0.52763	0.52763	0.52763	0.52763	0.52763	0.52763	0.52763	0.52763	0.52763	0.52763	0.52763	0.52763	
0.52763	0.52763	0.52763	0.52763	0.52763	0.52763	0.52763	0.52763	0.52763	0.52763	0.52763	0.52763	0.52763	0.52763	0.52763	0.52763	0.52763	0.52763	0.52763	0.52763	0.52763	0.52763	0.52763	0.52763	0.52763	0.52763	0.52763	0.52763	0.52763	0.52763	0.52763	0.52763	0.52763	0.52763	0.52763	0.52763	0.52763	0.52763	0.52763	0.52763	0.52763	0.52763	0.52763	0.52763	0.52763	0.52763	0.52763	0.52763	0.52763	0.52763	0.52763	0.52763	0.52763	0.52763	0.52763	0.52763	0.52763	0.52763	0.52763	0.52763	0.52763	0.52763	0.52763	0.52763	0.52763	
0.52763	0.52763	0.52763	0.52763	0.52763	0.52763	0.52763	0.52763	0.52763	0.52763	0.52763	0.52763	0.52763	0.52763	0.52763	0.52763	0.52763	0.52763	0.52763	0.52763	0.52763	0.52763	0.52763	0.52763	0.52763	0.52763	0.52763	0.52763	0.52763	0.52763	0.52763	0.52763	0.52763	0.52763	0.52763	0.52763	0.52763	0.52763	0.52763	0.52763	0.52763	0.52763	0.52763	0.52763	0.52763	0.52763	0.52763	0.52763	0.52763	0.52763	0.52763	0.52763	0.52763	0.52763	0.52763	0.52763	0.52763	0.52763	0.52763	0.52763	0.52763	0.52763	0.52763	0.52763	0.52763	
0.52763	0.52763	0.52763	0.52763	0.52763	0.52763	0.52763	0.52763	0.52763	0.52763	0.52763	0.52763	0.52763	0.52763	0.52763	0.52763	0.52763	0.52763	0.52763	0.52763	0.52763	0.52763	0.52763	0.52763	0.52763	0.52763	0.52763	0.52763	0.52763	0.52763	0.52763	0.52763	0.52763	0.52763	0.52763	0.52763	0.52763	0.52763	0.52763	0.52763	0.52763	0.52763	0.52763	0.52763	0.52763	0.52763	0.52763	0.52763	0.52763	0.52763	0.52763	0.52763	0.52763	0.52763	0.52763	0.52763	0.52763	0.52763	0.52763	0.52763	0.52763	0.52763	0.52763	0.52763	0.52763	
0.52763	0.52763	0.52763	0.52763	0.52763	0.52763	0.52763	0.52763	0.52763	0.52763	0.52763	0.52763	0.52763	0.52763	0.52763	0.52763	0.52763	0.52763	0.52763	0.52763	0.52763	0.52763	0.52763	0.52763	0.52763	0.52763	0.52763	0.52763	0.52763	0.52763	0.52763	0.52763	0.52763	0.52763	0.52763	0.52763	0.52763	0.52763	0.52763	0.52763	0.52763	0.52763	0.52763	0.52763	0.52763	0.52763	0.52763	0.52763	0.52763	0.52763	0.52763	0.52763	0.52763	0.52763	0.52763	0.52763	0.52763	0.52763	0.52763	0.52763	0.52763	0.52763	0.52763	0.52763	0.52763	
0.52763	0.52763	0.52763	0.52763	0.52763	0.52763	0.52763	0.52763	0.52763	0.52763	0.52763	0.52763	0.52763	0.52763	0.52763	0.52763	0.52763	0.52763	0.52763	0.52763	0.52763	0.52763	0.52763	0.52763	0.52763	0.52763	0.52763	0.52763	0.52763	0.52763	0.52763	0.52763	0.52763	0.52763	0.52763	0.52763	0.52763	0.52763	0.52763	0.52763	0.52763	0.52763	0.52763	0.52763	0.52763	0.52763	0.52763	0.52763	0.52763	0.52763	0.52763	0.52763	0.52763	0.52763	0.52763	0.52763	0.52763	0.52763	0.52763	0.52763	0.52763	0.52763	0.52763	0.52763	0.52763	
0.52763	0.52763	0.52763	0.52763	0.52763	0.52763	0.52763	0.52763	0.52763	0.52763	0.52763	0.52763	0.52763	0.52763	0.52763	0.52763	0.52763	0.52763	0.52763	0.52763	0.52763	0.52763	0.52763	0.52763	0.52763	0.52763	0.52763	0.52763	0.52763	0.52763	0.52763	0.52763	0.52763	0.52763	0.52763	0.52763	0.52763	0.52763	0.52763	0.52763	0.52763	0.52763	0.52763	0.52763	0.52763	0.52763	0.52763	0.52763	0.52763	0.52763	0.52763	0.52763	0.52763	0.52763	0.52763	0.52763	0.52763	0.52763	0.52763	0.52763	0.52763	0.52763	0.52763	0.52763	0.52763	
0.52763	0.52763	0.52763	0.52763	0.52763	0.52763	0.52763	0.52763	0.52763	0.52763	0.52763	0.52763	0.52763	0.52763	0.52763	0.52763	0.52763	0.52763	0.52763	0.52763	0.52763	0.52763	0.52763	0.52763	0.52763	0.52763	0.52763	0.52763	0.52763	0.52763	0.52763	0.52763	0.52763	0.52763	0.52763	0.52763	0.52763	0.52763	0.52763	0.52763	0.52763	0.52763	0.52763	0.52763	0.52763	0.52763	0.52763	0.52763	0.52763	0.52763	0.52763	0.52763	0.52763	0.52763	0.52763	0.52763	0.52763	0.52763	0.52763	0.52763	0.52763	0.52763	0.52763	0.52763	0.52763	
0.52763	0.52763	0.52763	0.52763	0.52763	0.52763	0.52763	0.52763	0.52763	0.52763	0.52763	0.52763	0.52763	0.52763	0.52763	0.52763	0.52763	0.52763	0.52763	0.52763	0.52763	0.52763	0.52763	0.52763	0.52763	0.52763	0.52763	0.52763	0.52763	0.52763	0.52763	0.52763	0.52763	0.52763	0.52763	0.52763	0.52763	0.52763	0.52763	0.52763	0.52763	0.52763	0.52763	0.52763	0.52763	0.52763	0.52763	0.52763	0.52763	0.52763	0.52763	0.52763	0.52763	0.52763	0.52763	0.52763	0.52763	0.52763	0.52763	0.52763	0.52763	0.52763	0.52763	0.52763	0.52763	
0.52763	0.52763	0.52763	0.52763	0.52763	0.52763	0.52763	0.52763	0.52763	0.52763	0.52763	0.52763	0.52763	0.52763	0.52763	0.52763	0.52763	0.52763	0.52763	0.52763	0.52763	0.52763	0.52763	0.52763	0.52763	0.52763	0.52763	0.52763	0.52763	0.52763	0.52763	0.52763	0.52763	0.52763	0.52763	0.52763	0.52763	0.52763	0.52763	0.52763	0.52763	0.52763	0.52763	0.52763	0.52763	0.52763	0.52763	0.52763	0.52763	0.52763	0.52763	0.52763	0.52763	0.52763	0.52763	0.52763	0.52763	0.52763	0.52763	0.52763	0.52763	0.52763	0.52763	0.52763	0.52763	
0.52763	0.52763	0.52763	0.52763	0.52763	0.52763	0.52763	0.52763	0.52763	0.52763	0.52763	0.52763	0.52763	0.52763	0.52763	0.52763	0.52763	0.52763	0.52763	0.52763	0.52763	0.52763	0.52763	0.52763	0.52763	0.52763	0.52763	0.52763	0.52763	0.52763	0.52763	0.52763	0.52763	0.52763	0.52763	0.52763	0.52763	0.52763	0.52763	0.52763	0.52763	0.52763	0.52763	0.52763	0.52763	0.52763	0.52763	0.52763	0.52763	0.52763	0.52763	0.52763	0.52763	0.52763	0.52763	0.52763	0.52763	0.52763	0.52763	0.52763	0.52763	0.52763	0.52763	0.52763	0.52763	
0.52763	0.52763	0.52763	0.52763	0.52763	0.52763	0.52763	0.52763	0.52763	0.52763	0.52763	0.52763	0.52763	0.52763	0.52763	0.52763	0.52763	0.52763	0.52763	0.52763	0.52763	0.52763	0.52763	0.52763	0.52763	0.52763	0.52763	0.52763	0.52763	0.52763	0.52763	0.52763	0.52763	0.52763	0.52763	0.52763	0.52763	0.52763	0.52763	0.52763	0.52763	0.52763	0.52763	0.52763	0.52763	0.52763	0.52763	0.52763	0.52763	0.52763	0.52763	0.52763	0.52763	0.52763	0.52763	0.52763	0.52763	0.52763	0.52763	0.52763	0.52763	0.52763	0.52763	0.52763	0.52763	
0.52763	0.52763	0.52763	0.52763	0.52763	0.52763	0.52763	0.52763	0.52763	0.52763	0.52763	0.52763	0.52763	0.52763	0.52763	0.52763	0.52763	0.52763	0.52763	0.52763	0.52763	0.52763	0.52763	0.52763	0.52763	0.52763	0.52763	0.52763	0.52763	0.52763	0.52763	0.52763	0.52763	0.52763	0.52763	0.52763	0.52763	0.52763	0.52763	0.52763	0.52763	0.52763	0.52763	0.52763	0.52763	0.52763	0.52763	0.52763	0.52763	0.52763	0.52763	0.52763	0.52763	0.52763	0.52763	0.52763	0.52763	0.52763	0.52763	0.52763	0.52763	0.52763	0.52763	0.52763	0.52763	
0.52763	0.52763	0.52763	0.52763	0.52763	0.52763	0.52763	0.52763	0.52763	0.52763	0.52763	0.52763	0.52763	0.52763	0.52763	0.52763	0.52763	0.52763	0.52763	0.52763	0.52763	0.52763	0.52763	0.52763	0.52763	0.52763	0.52763	0.52763	0.52763	0.52763	0.52763	0.52763	0.52763	0.52763	0.52763	0.52763	0.52763	0.52763	0.52763	0.52763	0.52763	0.52763	0.52763	0.52763	0.52763	0.52763	0.52763	0.52763	0.52763	0.52763	0.52763	0.52763	0.52763	0.52763	0.52763	0.52763	0.52763	0.52763	0.52763	0.52763	0.52763	0.52763	0.52763	0.52763	0.52763	
0.52763	0.52763	0.52763	0.52763	0.52763	0.52763	0.52763	0.52763	0.52763	0.52763	0.52763	0.52763	0.52763	0.52763	0.52763	0.52763	0.52763	0.52763	0.52763	0.52763	0.52763	0.52763	0.52763	0.52763	0.52763	0.52763	0.52763	0.52763	0.52763	0.52763	0.52763	0.52763	0.52763	0.52763	0.52763	0.52763	0.52763	0.52763	0.52763	0.52763	0.52763	0.52763	0.52763	0.52763	0.52763	0.52763	0.52763	0.52763	0.52763	0.52763	0.52763	0.52763	0.52763	0.52763	0.52763	0.52763	0.52763	0.52763	0.52763	0.52763	0.52763	0.52763	0.52763	0.52763	0.52763	
0.52763	0.52763	0.52763	0.52763	0.52763	0.52763	0.52763	0.52763	0.52763	0.52763	0.52763	0.52763	0.52763	0.52763	0.52763	0.52763	0.52763	0.52763	0.52763	0.52763	0.52763	0.52763	0.52763	0.52763	0.52763	0.52763	0.52763	0.52763	0.52763	0.52763	0.52763	0.52763	0.52763	0.52763	0.52763	0.52763	0.52763	0.52763	0.52763	0.52763	0.52763	0.52763	0.52763	0.52763	0.52763	0.52763	0.52763	0.52763	0.52763	0.52763	0.52763	0.52763	0.52763	0.52763	0.52763	0.52763	0.52763	0.52763	0.52763	0.52763	0.52763	0.52763	0.52763	0.52763	0.52763	
0.52763	0.52763	0.52763	0.52763	0.52763	0.52763	0.52763	0.52763	0.52763	0.52763	0.52763	0.52763	0.52763	0.52763	0.52763	0.52763	0.52763	0.52763	0.52763	0.52763	0.52763	0.52763	0.52763	0.52763	0.52763	0.52763	0.52763	0.52763	0.52763	0.52763	0.52763	0.52763	0.52763	0.52763	0.52763	0.52763	0.52763	0.52763	0.52763	0.52763	0.52763	0.52763	0.52763	0.52763	0.52763	0.52763	0.52763	0.52763	0.52763	0.52763	0.52763	0.52763	0.52763	0.52763	0.52763	0.52763	0.52763	0.52763	0.52763	0.52763	0.52763	0.52763	0.52763	0.52763	0.52763	
0.52763	0.52763	0.52763	0.52763	0.52763	0.52763	0.52763	0.52763	0.52763	0.52763	0.52763	0.52763	0.52763	0.52763	0.52763	0.52763	0.52763	0.52763	0.52763	0.52763	0.52763	0.52763	0.52763	0.52763	0.52763	0.52763	0.52763	0.52763	0.52763	0.52763	0.52763	0.52763	0.52763	0.52763	0.52763	0.52763	0.52763	0.52763	0.52763	0.52763	0.52763	0.52763	0.52763	0.52763	0.52763	0.52763	0.52763	0.52763	0.52763	0.52763	0.52763	0.52763	0.52763	0.52763	0.52763	0.52763	0.52763	0.52763	0.52763	0.52763	0.52763	0.52763	0.52763	0.52763	0.52763	
0.52763	0.52763	0.52763	0.52763	0.52763	0.52763	0.52763	0.52763	0.52763	0.52763	0.52763	0.52763	0.52763	0.52763	0.52763	0.52763	0.52763	0.52763	0.52763	0.52763	0.52763	0.52763	0.52763	0.52763	0.52763	0.52763	0.52763	0.52763	0.52763	0.52763	0.52763	0.52763	0.52763	0.52763	0.52763	0.52763	0.52763	0.52763	0.52763	0.52763	0.52763	0.52763	0.52763	0.52763	0.52763	0.52763	0.52763	0.52763	0.52763	0.52763	0.52763	0.52763	0.52763	0.52763	0.52763	0.52763	0.52763	0.52763	0.52763	0.52763	0.52763	0.52763	0.52763	0.52763	0.52763	
0.52763	0.52763	0.52763	0.52763	0.52763	0.52763	0.52763	0.52763	0.52763	0.52763	0.52763	0.52763	0.52763	0.52763	0.52763	0.52763	0.52763	0.52763	0.52763	0.52763	0.52763	0.52763	0.52763	0.52763	0.52763	0.52763	0.52763	0.52763	0.52763	0.52763	0.52763	0.52763	0.52763	0.52763	0.52763	0.52763	0.52763	0.52763	0.52763	0.52763	0.52763	0.52763	0.52763	0.52763	0.52763	0.52763	0.52763	0.52763	0.52763	0.52763	0.52763	0.52763	0.52763	0.52763	0.52763	0.52763	0.52763	0.52763	0.52763	0.52763	0.52763	0.52763	0.52763	0.52763	0.52763	
0.52763	0.52763	0.52763	0.52763	0.52763	0.52763	0.52763	0.52763	0.52763	0.52763	0.52763	0.52763	0.52763	0.52763	0.52763	0.52763	0.52763	0.52763	0.52763	0.52763	0.52763	0.52763	0.52763	0.52763	0.52763	0.52763	0.52763	0.52763	0.52763	0.52763	0.52763	0.52763	0.52763	0.52763	0.52763	0.52763	0.52763	0.52763	0.52763	0.52763	0.52763	0.52763	0.52763	0.52763	0.52763	0.52763	0.52763	0.52763	0.52763	0.52763	0.52763	0.52763	0.52763	0.52763	0.52763	0.52763	0.52763	0.52763	0.52763	0.52763	0.52763	0.52763	0.52763	0.52763	0.52763	
0.52763	0.52763	0.52763	0.52763	0.52763	0.52763	0.52763	0.52763	0.52763	0.52763	0.52763	0.52763	0.52763	0.52763	0.52763	0.52763	0.52763	0.52763	0.52763	0.52763	0.52763	0.52763	0.52763	0.52763	0.52763	0.52763	0.52763	0.52763	0.52763	0.52763	0.52763	0.52763	0.52763	0.52763	0.52763	0.52763	0.52763	0.52763	0.52763	0.52763	0.52763	0.52763	0.52763	0.52763	0.52763	0.52763	0.52763	0.52763	0.52763	0.52763	0.52763	0.52763	0.52763	0.52763	0.52763	0.52763	0.52763	0.52763	0.52763	0.52763	0.52763	0.52763	0.52763	0.52763	0.52763	
0.52763	0.52763	0.52763	0.52763	0.52763	0.52763	0.52763	0.52763	0.52763	0.52763	0.52763	0.52763	0.52763	0.52763	0.52763	0.52763	0.52763	0.52763	0.52763	0.52763	0.52763	0.52763	0.52763	0.52763	0.52763	0.52763	0.52763	0.52763	0.52763	0.52763	0.52763	0.52763	0.52763	0.52763	0.52763	0.52763	0.52763	0.52763	0.52763	0.52763	0.52763	0.52763	0.52763	0.52763	0.52763	0.52763	0.52763	0.52763	0.52763	0.52763	0.52763	0.52763	0.52763	0.52763	0.52763	0.52763	0.52763	0.52763	0.52763	0.52763	0.52763	0.52763	0.52763	0.52763	0.52763	
0.52763	0.52763	0.52763	0.52763	0.52763	0.52763	0.52763	0.52763	0.52763	0.52763	0.52763	0.52763	0.52763	0.52763	0.52763	0.52763	0.52763	0.52763	0.52763	0.52763	0.52763	0.52763	0.52763	0.52763	0.52763	0.52763	0.52763	0.52763	0.52763	0.52763	0.52763	0.52763	0.52763	0.52763	0.52763	0.52763	0.52763	0.52763	0.52763	0.52763	0.52763	0.52763	0.52763	0.52763	0.52763	0.52763	0.52763	0.52763	0.52763	0.52763	0.52763	0.52763	0.52763	0.52763	0.52763	0.52763	0.52763	0.52763	0.52763	0.52763	0.52763	0.52763	0.52763	0.52763	0.52763	
0.52763	0.52763	0.52763	0.52763	0.52763	0.52763	0.52763	0.52763	0.52763	0.52763	0.52763	0.52763	0.52763	0.52763	0.52763	0.52763	0.52763	0.52763	0.52763	0.52763	0.52763	0.52763	0.52763	0.52763	0.52763	0.52763	0.52763	0.52763	0.52763	0.52763	0.52763	0.52763	0.52763	0.52763	0.52763	0.52763	0.52763	0.52763	0.52763	0.52763	0.52763	0.52763	0.52763	0.52763	0.52763	0.52763	0.52763	0.52763	0.52763	0.52763	0.52763	0.52763	0.52763	0.52763	0.52763	0.52763	0.52763	0.52763	0.52763	0.52763	0.52763	0.52763	0.52763	0.52763	0.52763	
0.52763	0.52763	0.52763	0.52763	0.52763	0.52763	0.52763	0.52763	0.52763	0.52763	0.52763	0.52763	0.52763	0.52763	0.52763	0.52763	0.52763	0.52763	0.52763	0.52763	0.52763	0.52763	0.52763	0.52763	0.52763	0.52763	0.52763	0.52763	0.52763	0.52763	0.52763	0.52763	0.52763	0.52763	0.52763	0.52763	0.52763	0.52763	0.52763	0.52763	0.52763	0.52763	0.52763	0.52763	0.52763	0.52763	0.52763	0.52763	0.52763	0.52763	0.52763	0.52763	0.52763	0.52763	0.52763	0.52763	0.52763	0.52763	0.52763	0.52763	0.52763	0.52763	0.52763	0.52763	0.52763	
0.52763	0.52763	0.52763	0.52763	0.52763	0.52763	0.52763	0.52763	0.52763	0.52763	0.52763	0.52763	0.52763	0.52763	0.52763	0.52763	0.52763	0.52763	0.52763	0.52763	0.52763	0.52763	0.52763	0.52763	0.52763	0.52763	0.52763	0.52763	0.52763	0.52763	0.52763	0.52763	0.52763	0.52763	0.52763	0.52763	0.52763	0.52763	0.52763	0.52763	0.52763	0.52763	0.52763	0.52763	0.52763	0.52763	0.52763	0.52763	0.52763	0.52763	0.52763	0.52763	0.52763	0.52763	0.52763	0.52763	0.52763	0.52763	0.52763	0.52763	0.52763	0.52763	0.52763	0.52763	0.52763	
0.52763	0.52763	0.52763	0.52763	0.52763	0.52763	0.52763	0.52763	0.52763	0.52763	0.52763	0.52763	0.52763	0.52763	0.52763	0.52763	0.52763	0.52763	0.52763	0.52763	0.52763	0.52763	0.52763	0.52763	0.52763	0.52763	0.52763	0.52763	0.52763	0.52763	0.52763	0.52763	0.52763	0.52763	0.52763	0.52763	0.52763	0.52763	0.52763	0.52763	0.52763	0.52763	0.52763	0.52763	0.52763	0.52763	0.52763	0.52763	0.52763	0.52763	0.52763	0.52763	0.52763	0.52763	0.52763	0.52763	0.52763	0.52763	0.52763	0.52763	0.52763	0.52763	0.52763	0.52763	0.52763	
0.52763	0.52763	0.52763	0.52763	0.52763	0.52763	0.52763	0.52763	0.52763	0.52763	0.52763	0.52763	0.52763	0.52763	0.52763	0.52763	0.52763	0.52763	0.52763	0.52763	0.52763	0.52763	0.52763	0.52763	0.52763	0.52763	0.52763	0.52763	0.52763	0.52763	0.52763	0.52763	0.52763	0.52763	0.52763	0.52763	0.52763	0.52763	0.52763	0.52763	0.52763	0.52763	0.52763	0.52763	0.52763	0.52763	0.52763	0.52763	0.52763	0.52763	0.52763	0.52763	0.52763	0.52763	0.52763	0.52763	0.52763	0.52763	0.52763	0.52763	0.52763	0.52763	0.52763	0.52763	0.52763	
0.52763	0.52763	0.52763	0.52763	0.52763	0.52763	0.52763	0.52763	0.52763	0.52763	0.52763	0.52763	0.52763	0.52763	0.52763	0.52763	0.52763	0.52763	0.52763	0.52763	0.52763	0.52763	0.52763	0.52763	0.52763	0.52763	0.52763	0.52763	0.52763	0.52763	0.52763	0.52763	0.52763	0.52763	0.52763	0.52763	0.52763	0.52763	0.52763	0.52763	0.52763	0.52763	0.52763	0.52763	0.52763	0.52763	0.52763	0.52763	0.52763	0.52763	0.52763	0.52763	0.52763	0.52763	0.52763	0.52763	0.52763	0.52763	0.52763	0.52763	0.52763	0.52763	0.52763	0.52763	0.52763	
0.52763	0.52763	0.52763	0.52763	0.52763	0.52763	0.52763	0.52763	0.52763	0.52763	0.52763	0.52763	0.52763	0.52763	0.52763	0.52763	0.52763	0.52763	0.52763	0.52763	0.52763	0.52763	0.52763	0.52763	0.52763	0.52763	0.52763	0.52763	0.52763	0.52763	0.52763	0.52763	0.52763	0.52763	0.52763	0.52763	0.52763	0.52763	0.52763	0.52763	0.52763	0.52763	0.52763	0.52763	0.52763	0.52763	0.52763	0.52763	0.52763	0.52763	0.52763	0.52763	0.52763	0.52763	0.52763	0.52763	0.52763	0.52763	0.52763	0.52763	0.52763	0.52763	0.52763	0.52763	0.52763	
0.52763	0.52763	0.52763	0.52763	0.52763	0.52763	0.52763	0.52763	0.52763	0.52763	0.52763	0.52763	0.52763	0.52763	0.52763	0.52763	0.52763	0.52763	0.52763	0.52763	0.52763	0.52763	0.52763	0.52763	0.52763	0.52763	0.52763	0.52763	0.52763	0.52763	0.52763	0.52763	0.52763	0.52763	0.52763	0.52763	0.52763	0.52763	0.52763	0.52763	0.52763	0.52763	0.52763	0.52763	0.52763	0.52763	0.52763	0.52763	0.52763	0.52763	0.52763	0.52763	0.52763	0.52763	0.52763	0.52763	0.52763	0.52763	0.52763	0.52763	0.52763	0.52763	0.52763	0.52763	0.52763	
0.52763	0.52763	0.52763	0.52763	0.52763	0.52763	0.52763	0.52763	0.52763	0.52763	0.52763	0.52763	0.52763	0.52763	0.52763	0.52763	0.52763	0.52763	0.52763	0.52763	0.52763	0.52763	0.52763	0.52763	0.52763	0.52763	0.52763	0.52763	0.52763	0.52763	0.52763	0.52763	0.52763	0.52763	0.52763	0.52763	0.52763	0.52763	0.52763	0.52763	0.52763	0.52763	0.52763	0.52763	0.52763	0.52763	0.52763	0.52763	0.52763	0.52763	0.52763	0.52763	0.52763	0.52763	0.52763	0.52763	0.52763	0.52763	0.52763	0.52763	0.52763	0.52763	0.52763	0.52763	0.52763	
