x=100	y=25	z=100	n=65	len=1
b
0.188439	0.188439	0.188439	0.188439	0.188439	0.188439	0.188439	0.188439	0.188439	0.188439	0.188439	0.188439	0.188439	0.188439	0.188439	0.188439	0.188439	0.188439	0.188439	0.188439	0.188439	0.188439	0.188439	0.188439	0.188439	0.188439	0.188439	0.188439	0.188439	0.188439	0.188439	0.188439	0.188439	0.188439	0.188439	0.188439	0.188439	0.188439	0.188439	0.188439	0.188439	0.188439	0.188439	0.188439	0.188439	0.188439	0.188439	0.188439	0.188439	0.188439	0.188439	0.188439	0.188439	0.188439	0.188439	0.188439	0.188439	0.188439	0.188439	0.188439	0.188439	0.188439	0.188439	0.188439	0.188439	
0.188439	0.188439	0.188439	0.188439	0.188439	0.188439	0.188439	0.188439	0.188439	0.188439	0.188439	0.188439	0.188439	0.188439	0.188439	0.188439	0.188439	0.188439	0.188439	0.188439	0.188439	0.188439	0.188439	0.188439	0.188439	0.188439	0.188439	0.188439	0.188439	0.188439	0.188439	0.188439	0.188439	0.188439	0.188439	0.188439	0.188439	0.188439	0.188439	0.188439	0.188439	0.188439	0.188439	0.188439	0.188439	0.188439	0.188439	0.188439	0.188439	0.188439	0.188439	0.188439	0.188439	0.188439	0.188439	0.188439	0.188439	0.188439	0.188439	0.188439	0.188439	0.188439	0.188439	0.188439	0.188439	
0.188439	0.188439	0.188439	0.188439	0.188439	0.188439	0.188439	0.188439	0.188439	0.188439	0.188439	0.188439	0.188439	0.188439	0.188439	0.188439	0.188439	0.188439	0.188439	0.188439	0.188439	0.188439	0.188439	0.188439	0.188439	0.188439	0.188439	0.188439	0.188439	0.188439	0.188439	0.188439	0.188439	0.188439	0.188439	0.188439	0.188439	0.188439	0.188439	0.188439	0.188439	0.188439	0.188439	0.188439	0.188439	0.188439	0.188439	0.188439	0.188439	0.188439	0.188439	0.188439	0.188439	0.188439	0.188439	0.188439	0.188439	0.188439	0.188439	0.188439	0.188439	0.188439	0.188439	0.188439	0.188439	
0.188439	0.188439	0.188439	0.188439	0.188439	0.188439	0.188439	0.188439	0.188439	0.188439	0.188439	0.188439	0.188439	0.188439	0.188439	0.188439	0.188439	0.188439	0.188439	0.188439	0.188439	0.188439	0.188439	0.188439	0.188439	0.188439	0.188439	0.188439	0.188439	0.188439	0.188439	0.188439	0.188439	0.188439	0.188439	0.188439	0.188439	0.188439	0.188439	0.188439	0.188439	0.188439	0.188439	0.188439	0.188439	0.188439	0.188439	0.188439	0.188439	0.188439	0.188439	0.188439	0.188439	0.188439	0.188439	0.188439	0.188439	0.188439	0.188439	0.188439	0.188439	0.188439	0.188439	0.188439	0.188439	
0.188439	0.188439	0.188439	0.188439	0.188439	0.188439	0.188439	0.188439	0.188439	0.188439	0.188439	0.188439	0.188439	0.188439	0.188439	0.188439	0.188439	0.188439	0.188439	0.188439	0.188439	0.188439	0.188439	0.188439	0.188439	0.188439	0.188439	0.188439	0.188439	0.188439	0.188439	0.188439	0.188439	0.188439	0.188439	0.188439	0.188439	0.188439	0.188439	0.188439	0.188439	0.188439	0.188439	0.188439	0.188439	0.188439	0.188439	0.188439	0.188439	0.188439	0.188439	0.188439	0.188439	0.188439	0.188439	0.188439	0.188439	0.188439	0.188439	0.188439	0.188439	0.188439	0.188439	0.188439	0.188439	
0.188439	0.188439	0.188439	0.188439	0.188439	0.188439	0.188439	0.188439	0.188439	0.188439	0.188439	0.188439	0.188439	0.188439	0.188439	0.188439	0.188439	0.188439	0.188439	0.188439	0.188439	0.188439	0.188439	0.188439	0.188439	0.188439	0.188439	0.188439	0.188439	0.188439	0.188439	0.188439	0.188439	0.188439	0.188439	0.188439	0.188439	0.188439	0.188439	0.188439	0.188439	0.188439	0.188439	0.188439	0.188439	0.188439	0.188439	0.188439	0.188439	0.188439	0.188439	0.188439	0.188439	0.188439	0.188439	0.188439	0.188439	0.188439	0.188439	0.188439	0.188439	0.188439	0.188439	0.188439	0.188439	
0.188439	0.188439	0.188439	0.188439	0.188439	0.188439	0.188439	0.188439	0.188439	0.188439	0.188439	0.188439	0.188439	0.188439	0.188439	0.188439	0.188439	0.188439	0.188439	0.188439	0.188439	0.188439	0.188439	0.188439	0.188439	0.188439	0.188439	0.188439	0.188439	0.188439	0.188439	0.188439	0.188439	0.188439	0.188439	0.188439	0.188439	0.188439	0.188439	0.188439	0.188439	0.188439	0.188439	0.188439	0.188439	0.188439	0.188439	0.188439	0.188439	0.188439	0.188439	0.188439	0.188439	0.188439	0.188439	0.188439	0.188439	0.188439	0.188439	0.188439	0.188439	0.188439	0.188439	0.188439	0.188439	
0.188439	0.188439	0.188439	0.188439	0.188439	0.188439	0.188439	0.188439	0.188439	0.188439	0.188439	0.188439	0.188439	0.188439	0.188439	0.188439	0.188439	0.188439	0.188439	0.188439	0.188439	0.188439	0.188439	0.188439	0.188439	0.188439	0.188439	0.188439	0.188439	0.188439	0.188439	0.188439	0.188439	0.188439	0.188439	0.188439	0.188439	0.188439	0.188439	0.188439	0.188439	0.188439	0.188439	0.188439	0.188439	0.188439	0.188439	0.188439	0.188439	0.188439	0.188439	0.188439	0.188439	0.188439	0.188439	0.188439	0.188439	0.188439	0.188439	0.188439	0.188439	0.188439	0.188439	0.188439	0.188439	
0.188439	0.188439	0.188439	0.188439	0.188439	0.188439	0.188439	0.188439	0.188439	0.188439	0.188439	0.188439	0.188439	0.188439	0.188439	0.188439	0.188439	0.188439	0.188439	0.188439	0.188439	0.188439	0.188439	0.188439	0.188439	0.188439	0.188439	0.188439	0.188439	0.188439	0.188439	0.188439	0.188439	0.188439	0.188439	0.188439	0.188439	0.188439	0.188439	0.188439	0.188439	0.188439	0.188439	0.188439	0.188439	0.188439	0.188439	0.188439	0.188439	0.188439	0.188439	0.188439	0.188439	0.188439	0.188439	0.188439	0.188439	0.188439	0.188439	0.188439	0.188439	0.188439	0.188439	0.188439	0.188439	
0.188439	0.188439	0.188439	0.188439	0.188439	0.188439	0.188439	0.188439	0.188439	0.188439	0.188439	0.188439	0.188439	0.188439	0.188439	0.188439	0.188439	0.188439	0.188439	0.188439	0.188439	0.188439	0.188439	0.188439	0.188439	0.188439	0.188439	0.188439	0.188439	0.188439	0.188439	0.188439	0.188439	0.188439	0.188439	0.188439	0.188439	0.188439	0.188439	0.188439	0.188439	0.188439	0.188439	0.188439	0.188439	0.188439	0.188439	0.188439	0.188439	0.188439	0.188439	0.188439	0.188439	0.188439	0.188439	0.188439	0.188439	0.188439	0.188439	0.188439	0.188439	0.188439	0.188439	0.188439	0.188439	
0.188439	0.188439	0.188439	0.188439	0.188439	0.188439	0.188439	0.188439	0.188439	0.188439	0.188439	0.188439	0.188439	0.188439	0.188439	0.188439	0.188439	0.188439	0.188439	0.188439	0.188439	0.188439	0.188439	0.188439	0.188439	0.188439	0.188439	0.188439	0.188439	0.188439	0.188439	0.188439	0.188439	0.188439	0.188439	0.188439	0.188439	0.188439	0.188439	0.188439	0.188439	0.188439	0.188439	0.188439	0.188439	0.188439	0.188439	0.188439	0.188439	0.188439	0.188439	0.188439	0.188439	0.188439	0.188439	0.188439	0.188439	0.188439	0.188439	0.188439	0.188439	0.188439	0.188439	0.188439	0.188439	
0.188439	0.188439	0.188439	0.188439	0.188439	0.188439	0.188439	0.188439	0.188439	0.188439	0.188439	0.188439	0.188439	0.188439	0.188439	0.188439	0.188439	0.188439	0.188439	0.188439	0.188439	0.188439	0.188439	0.188439	0.188439	0.188439	0.188439	0.188439	0.188439	0.188439	0.188439	0.188439	0.188439	0.188439	0.188439	0.188439	0.188439	0.188439	0.188439	0.188439	0.188439	0.188439	0.188439	0.188439	0.188439	0.188439	0.188439	0.188439	0.188439	0.188439	0.188439	0.188439	0.188439	0.188439	0.188439	0.188439	0.188439	0.188439	0.188439	0.188439	0.188439	0.188439	0.188439	0.188439	0.188439	
0.188439	0.188439	0.188439	0.188439	0.188439	0.188439	0.188439	0.188439	0.188439	0.188439	0.188439	0.188439	0.188439	0.188439	0.188439	0.188439	0.188439	0.188439	0.188439	0.188439	0.188439	0.188439	0.188439	0.188439	0.188439	0.188439	0.188439	0.188439	0.188439	0.188439	0.188439	0.188439	0.188439	0.188439	0.188439	0.188439	0.188439	0.188439	0.188439	0.188439	0.188439	0.188439	0.188439	0.188439	0.188439	0.188439	0.188439	0.188439	0.188439	0.188439	0.188439	0.188439	0.188439	0.188439	0.188439	0.188439	0.188439	0.188439	0.188439	0.188439	0.188439	0.188439	0.188439	0.188439	0.188439	
0.188439	0.188439	0.188439	0.188439	0.188439	0.188439	0.188439	0.188439	0.188439	0.188439	0.188439	0.188439	0.188439	0.188439	0.188439	0.188439	0.188439	0.188439	0.188439	0.188439	0.188439	0.188439	0.188439	0.188439	0.188439	0.188439	0.188439	0.188439	0.188439	0.188439	0.188439	0.188439	0.188439	0.188439	0.188439	0.188439	0.188439	0.188439	0.188439	0.188439	0.188439	0.188439	0.188439	0.188439	0.188439	0.188439	0.188439	0.188439	0.188439	0.188439	0.188439	0.188439	0.188439	0.188439	0.188439	0.188439	0.188439	0.188439	0.188439	0.188439	0.188439	0.188439	0.188439	0.188439	0.188439	
0.188439	0.188439	0.188439	0.188439	0.188439	0.188439	0.188439	0.188439	0.188439	0.188439	0.188439	0.188439	0.188439	0.188439	0.188439	0.188439	0.188439	0.188439	0.188439	0.188439	0.188439	0.188439	0.188439	0.188439	0.188439	0.188439	0.188439	0.188439	0.188439	0.188439	0.188439	0.188439	0.188439	0.188439	0.188439	0.188439	0.188439	0.188439	0.188439	0.188439	0.188439	0.188439	0.188439	0.188439	0.188439	0.188439	0.188439	0.188439	0.188439	0.188439	0.188439	0.188439	0.188439	0.188439	0.188439	0.188439	0.188439	0.188439	0.188439	0.188439	0.188439	0.188439	0.188439	0.188439	0.188439	
0.188439	0.188439	0.188439	0.188439	0.188439	0.188439	0.188439	0.188439	0.188439	0.188439	0.188439	0.188439	0.188439	0.188439	0.188439	0.188439	0.188439	0.188439	0.188439	0.188439	0.188439	0.188439	0.188439	0.188439	0.188439	0.188439	0.188439	0.188439	0.188439	0.188439	0.188439	0.188439	0.188439	0.188439	0.188439	0.188439	0.188439	0.188439	0.188439	0.188439	0.188439	0.188439	0.188439	0.188439	0.188439	0.188439	0.188439	0.188439	0.188439	0.188439	0.188439	0.188439	0.188439	0.188439	0.188439	0.188439	0.188439	0.188439	0.188439	0.188439	0.188439	0.188439	0.188439	0.188439	0.188439	
0.188439	0.188439	0.188439	0.188439	0.188439	0.188439	0.188439	0.188439	0.188439	0.188439	0.188439	0.188439	0.188439	0.188439	0.188439	0.188439	0.188439	0.188439	0.188439	0.188439	0.188439	0.188439	0.188439	0.188439	0.188439	0.188439	0.188439	0.188439	0.188439	0.188439	0.188439	0.188439	0.188439	0.188439	0.188439	0.188439	0.188439	0.188439	0.188439	0.188439	0.188439	0.188439	0.188439	0.188439	0.188439	0.188439	0.188439	0.188439	0.188439	0.188439	0.188439	0.188439	0.188439	0.188439	0.188439	0.188439	0.188439	0.188439	0.188439	0.188439	0.188439	0.188439	0.188439	0.188439	0.188439	
0.188439	0.188439	0.188439	0.188439	0.188439	0.188439	0.188439	0.188439	0.188439	0.188439	0.188439	0.188439	0.188439	0.188439	0.188439	0.188439	0.188439	0.188439	0.188439	0.188439	0.188439	0.188439	0.188439	0.188439	0.188439	0.188439	0.188439	0.188439	0.188439	0.188439	0.188439	0.188439	0.188439	0.188439	0.188439	0.188439	0.188439	0.188439	0.188439	0.188439	0.188439	0.188439	0.188439	0.188439	0.188439	0.188439	0.188439	0.188439	0.188439	0.188439	0.188439	0.188439	0.188439	0.188439	0.188439	0.188439	0.188439	0.188439	0.188439	0.188439	0.188439	0.188439	0.188439	0.188439	0.188439	
0.188439	0.188439	0.188439	0.188439	0.188439	0.188439	0.188439	0.188439	0.188439	0.188439	0.188439	0.188439	0.188439	0.188439	0.188439	0.188439	0.188439	0.188439	0.188439	0.188439	0.188439	0.188439	0.188439	0.188439	0.188439	0.188439	0.188439	0.188439	0.188439	0.188439	0.188439	0.188439	0.188439	0.188439	0.188439	0.188439	0.188439	0.188439	0.188439	0.188439	0.188439	0.188439	0.188439	0.188439	0.188439	0.188439	0.188439	0.188439	0.188439	0.188439	0.188439	0.188439	0.188439	0.188439	0.188439	0.188439	0.188439	0.188439	0.188439	0.188439	0.188439	0.188439	0.188439	0.188439	0.188439	
0.188439	0.188439	0.188439	0.188439	0.188439	0.188439	0.188439	0.188439	0.188439	0.188439	0.188439	0.188439	0.188439	0.188439	0.188439	0.188439	0.188439	0.188439	0.188439	0.188439	0.188439	0.188439	0.188439	0.188439	0.188439	0.188439	0.188439	0.188439	0.188439	0.188439	0.188439	0.188439	0.188439	0.188439	0.188439	0.188439	0.188439	0.188439	0.188439	0.188439	0.188439	0.188439	0.188439	0.188439	0.188439	0.188439	0.188439	0.188439	0.188439	0.188439	0.188439	0.188439	0.188439	0.188439	0.188439	0.188439	0.188439	0.188439	0.188439	0.188439	0.188439	0.188439	0.188439	0.188439	0.188439	
0.188439	0.188439	0.188439	0.188439	0.188439	0.188439	0.188439	0.188439	0.188439	0.188439	0.188439	0.188439	0.188439	0.188439	0.188439	0.188439	0.188439	0.188439	0.188439	0.188439	0.188439	0.188439	0.188439	0.188439	0.188439	0.188439	0.188439	0.188439	0.188439	0.188439	0.188439	0.188439	0.188439	0.188439	0.188439	0.188439	0.188439	0.188439	0.188439	0.188439	0.188439	0.188439	0.188439	0.188439	0.188439	0.188439	0.188439	0.188439	0.188439	0.188439	0.188439	0.188439	0.188439	0.188439	0.188439	0.188439	0.188439	0.188439	0.188439	0.188439	0.188439	0.188439	0.188439	0.188439	0.188439	
0.188439	0.188439	0.188439	0.188439	0.188439	0.188439	0.188439	0.188439	0.188439	0.188439	0.188439	0.188439	0.188439	0.188439	0.188439	0.188439	0.188439	0.188439	0.188439	0.188439	0.188439	0.188439	0.188439	0.188439	0.188439	0.188439	0.188439	0.188439	0.188439	0.188439	0.188439	0.188439	0.188439	0.188439	0.188439	0.188439	0.188439	0.188439	0.188439	0.188439	0.188439	0.188439	0.188439	0.188439	0.188439	0.188439	0.188439	0.188439	0.188439	0.188439	0.188439	0.188439	0.188439	0.188439	0.188439	0.188439	0.188439	0.188439	0.188439	0.188439	0.188439	0.188439	0.188439	0.188439	0.188439	
0.188439	0.188439	0.188439	0.188439	0.188439	0.188439	0.188439	0.188439	0.188439	0.188439	0.188439	0.188439	0.188439	0.188439	0.188439	0.188439	0.188439	0.188439	0.188439	0.188439	0.188439	0.188439	0.188439	0.188439	0.188439	0.188439	0.188439	0.188439	0.188439	0.188439	0.188439	0.188439	0.188439	0.188439	0.188439	0.188439	0.188439	0.188439	0.188439	0.188439	0.188439	0.188439	0.188439	0.188439	0.188439	0.188439	0.188439	0.188439	0.188439	0.188439	0.188439	0.188439	0.188439	0.188439	0.188439	0.188439	0.188439	0.188439	0.188439	0.188439	0.188439	0.188439	0.188439	0.188439	0.188439	
0.188439	0.188439	0.188439	0.188439	0.188439	0.188439	0.188439	0.188439	0.188439	0.188439	0.188439	0.188439	0.188439	0.188439	0.188439	0.188439	0.188439	0.188439	0.188439	0.188439	0.188439	0.188439	0.188439	0.188439	0.188439	0.188439	0.188439	0.188439	0.188439	0.188439	0.188439	0.188439	0.188439	0.188439	0.188439	0.188439	0.188439	0.188439	0.188439	0.188439	0.188439	0.188439	0.188439	0.188439	0.188439	0.188439	0.188439	0.188439	0.188439	0.188439	0.188439	0.188439	0.188439	0.188439	0.188439	0.188439	0.188439	0.188439	0.188439	0.188439	0.188439	0.188439	0.188439	0.188439	0.188439	
0.188439	0.188439	0.188439	0.188439	0.188439	0.188439	0.188439	0.188439	0.188439	0.188439	0.188439	0.188439	0.188439	0.188439	0.188439	0.188439	0.188439	0.188439	0.188439	0.188439	0.188439	0.188439	0.188439	0.188439	0.188439	0.188439	0.188439	0.188439	0.188439	0.188439	0.188439	0.188439	0.188439	0.188439	0.188439	0.188439	0.188439	0.188439	0.188439	0.188439	0.188439	0.188439	0.188439	0.188439	0.188439	0.188439	0.188439	0.188439	0.188439	0.188439	0.188439	0.188439	0.188439	0.188439	0.188439	0.188439	0.188439	0.188439	0.188439	0.188439	0.188439	0.188439	0.188439	0.188439	0.188439	
0.188439	0.188439	0.188439	0.188439	0.188439	0.188439	0.188439	0.188439	0.188439	0.188439	0.188439	0.188439	0.188439	0.188439	0.188439	0.188439	0.188439	0.188439	0.188439	0.188439	0.188439	0.188439	0.188439	0.188439	0.188439	0.188439	0.188439	0.188439	0.188439	0.188439	0.188439	0.188439	0.188439	0.188439	0.188439	0.188439	0.188439	0.188439	0.188439	0.188439	0.188439	0.188439	0.188439	0.188439	0.188439	0.188439	0.188439	0.188439	0.188439	0.188439	0.188439	0.188439	0.188439	0.188439	0.188439	0.188439	0.188439	0.188439	0.188439	0.188439	0.188439	0.188439	0.188439	0.188439	0.188439	
0.188439	0.188439	0.188439	0.188439	0.188439	0.188439	0.188439	0.188439	0.188439	0.188439	0.188439	0.188439	0.188439	0.188439	0.188439	0.188439	0.188439	0.188439	0.188439	0.188439	0.188439	0.188439	0.188439	0.188439	0.188439	0.188439	0.188439	0.188439	0.188439	0.188439	0.188439	0.188439	0.188439	0.188439	0.188439	0.188439	0.188439	0.188439	0.188439	0.188439	0.188439	0.188439	0.188439	0.188439	0.188439	0.188439	0.188439	0.188439	0.188439	0.188439	0.188439	0.188439	0.188439	0.188439	0.188439	0.188439	0.188439	0.188439	0.188439	0.188439	0.188439	0.188439	0.188439	0.188439	0.188439	
0.188439	0.188439	0.188439	0.188439	0.188439	0.188439	0.188439	0.188439	0.188439	0.188439	0.188439	0.188439	0.188439	0.188439	0.188439	0.188439	0.188439	0.188439	0.188439	0.188439	0.188439	0.188439	0.188439	0.188439	0.188439	0.188439	0.188439	0.188439	0.188439	0.188439	0.188439	0.188439	0.188439	0.188439	0.188439	0.188439	0.188439	0.188439	0.188439	0.188439	0.188439	0.188439	0.188439	0.188439	0.188439	0.188439	0.188439	0.188439	0.188439	0.188439	0.188439	0.188439	0.188439	0.188439	0.188439	0.188439	0.188439	0.188439	0.188439	0.188439	0.188439	0.188439	0.188439	0.188439	0.188439	
0.188439	0.188439	0.188439	0.188439	0.188439	0.188439	0.188439	0.188439	0.188439	0.188439	0.188439	0.188439	0.188439	0.188439	0.188439	0.188439	0.188439	0.188439	0.188439	0.188439	0.188439	0.188439	0.188439	0.188439	0.188439	0.188439	0.188439	0.188439	0.188439	0.188439	0.188439	0.188439	0.188439	0.188439	0.188439	0.188439	0.188439	0.188439	0.188439	0.188439	0.188439	0.188439	0.188439	0.188439	0.188439	0.188439	0.188439	0.188439	0.188439	0.188439	0.188439	0.188439	0.188439	0.188439	0.188439	0.188439	0.188439	0.188439	0.188439	0.188439	0.188439	0.188439	0.188439	0.188439	0.188439	
0.188439	0.188439	0.188439	0.188439	0.188439	0.188439	0.188439	0.188439	0.188439	0.188439	0.188439	0.188439	0.188439	0.188439	0.188439	0.188439	0.188439	0.188439	0.188439	0.188439	0.188439	0.188439	0.188439	0.188439	0.188439	0.188439	0.188439	0.188439	0.188439	0.188439	0.188439	0.188439	0.188439	0.188439	0.188439	0.188439	0.188439	0.188439	0.188439	0.188439	0.188439	0.188439	0.188439	0.188439	0.188439	0.188439	0.188439	0.188439	0.188439	0.188439	0.188439	0.188439	0.188439	0.188439	0.188439	0.188439	0.188439	0.188439	0.188439	0.188439	0.188439	0.188439	0.188439	0.188439	0.188439	
0.188439	0.188439	0.188439	0.188439	0.188439	0.188439	0.188439	0.188439	0.188439	0.188439	0.188439	0.188439	0.188439	0.188439	0.188439	0.188439	0.188439	0.188439	0.188439	0.188439	0.188439	0.188439	0.188439	0.188439	0.188439	0.188439	0.188439	0.188439	0.188439	0.188439	0.188439	0.188439	0.188439	0.188439	0.188439	0.188439	0.188439	0.188439	0.188439	0.188439	0.188439	0.188439	0.188439	0.188439	0.188439	0.188439	0.188439	0.188439	0.188439	0.188439	0.188439	0.188439	0.188439	0.188439	0.188439	0.188439	0.188439	0.188439	0.188439	0.188439	0.188439	0.188439	0.188439	0.188439	0.188439	
0.188439	0.188439	0.188439	0.188439	0.188439	0.188439	0.188439	0.188439	0.188439	0.188439	0.188439	0.188439	0.188439	0.188439	0.188439	0.188439	0.188439	0.188439	0.188439	0.188439	0.188439	0.188439	0.188439	0.188439	0.188439	0.188439	0.188439	0.188439	0.188439	0.188439	0.188439	0.188439	0.188439	0.188439	0.188439	0.188439	0.188439	0.188439	0.188439	0.188439	0.188439	0.188439	0.188439	0.188439	0.188439	0.188439	0.188439	0.188439	0.188439	0.188439	0.188439	0.188439	0.188439	0.188439	0.188439	0.188439	0.188439	0.188439	0.188439	0.188439	0.188439	0.188439	0.188439	0.188439	0.188439	
0.188439	0.188439	0.188439	0.188439	0.188439	0.188439	0.188439	0.188439	0.188439	0.188439	0.188439	0.188439	0.188439	0.188439	0.188439	0.188439	0.188439	0.188439	0.188439	0.188439	0.188439	0.188439	0.188439	0.188439	0.188439	0.188439	0.188439	0.188439	0.188439	0.188439	0.188439	0.188439	0.188439	0.188439	0.188439	0.188439	0.188439	0.188439	0.188439	0.188439	0.188439	0.188439	0.188439	0.188439	0.188439	0.188439	0.188439	0.188439	0.188439	0.188439	0.188439	0.188439	0.188439	0.188439	0.188439	0.188439	0.188439	0.188439	0.188439	0.188439	0.188439	0.188439	0.188439	0.188439	0.188439	
0.188439	0.188439	0.188439	0.188439	0.188439	0.188439	0.188439	0.188439	0.188439	0.188439	0.188439	0.188439	0.188439	0.188439	0.188439	0.188439	0.188439	0.188439	0.188439	0.188439	0.188439	0.188439	0.188439	0.188439	0.188439	0.188439	0.188439	0.188439	0.188439	0.188439	0.188439	0.188439	0.188439	0.188439	0.188439	0.188439	0.188439	0.188439	0.188439	0.188439	0.188439	0.188439	0.188439	0.188439	0.188439	0.188439	0.188439	0.188439	0.188439	0.188439	0.188439	0.188439	0.188439	0.188439	0.188439	0.188439	0.188439	0.188439	0.188439	0.188439	0.188439	0.188439	0.188439	0.188439	0.188439	
0.188439	0.188439	0.188439	0.188439	0.188439	0.188439	0.188439	0.188439	0.188439	0.188439	0.188439	0.188439	0.188439	0.188439	0.188439	0.188439	0.188439	0.188439	0.188439	0.188439	0.188439	0.188439	0.188439	0.188439	0.188439	0.188439	0.188439	0.188439	0.188439	0.188439	0.188439	0.188439	0.188439	0.188439	0.188439	0.188439	0.188439	0.188439	0.188439	0.188439	0.188439	0.188439	0.188439	0.188439	0.188439	0.188439	0.188439	0.188439	0.188439	0.188439	0.188439	0.188439	0.188439	0.188439	0.188439	0.188439	0.188439	0.188439	0.188439	0.188439	0.188439	0.188439	0.188439	0.188439	0.188439	
0.188439	0.188439	0.188439	0.188439	0.188439	0.188439	0.188439	0.188439	0.188439	0.188439	0.188439	0.188439	0.188439	0.188439	0.188439	0.188439	0.188439	0.188439	0.188439	0.188439	0.188439	0.188439	0.188439	0.188439	0.188439	0.188439	0.188439	0.188439	0.188439	0.188439	0.188439	0.188439	0.188439	0.188439	0.188439	0.188439	0.188439	0.188439	0.188439	0.188439	0.188439	0.188439	0.188439	0.188439	0.188439	0.188439	0.188439	0.188439	0.188439	0.188439	0.188439	0.188439	0.188439	0.188439	0.188439	0.188439	0.188439	0.188439	0.188439	0.188439	0.188439	0.188439	0.188439	0.188439	0.188439	
0.188439	0.188439	0.188439	0.188439	0.188439	0.188439	0.188439	0.188439	0.188439	0.188439	0.188439	0.188439	0.188439	0.188439	0.188439	0.188439	0.188439	0.188439	0.188439	0.188439	0.188439	0.188439	0.188439	0.188439	0.188439	0.188439	0.188439	0.188439	0.188439	0.188439	0.188439	0.188439	0.188439	0.188439	0.188439	0.188439	0.188439	0.188439	0.188439	0.188439	0.188439	0.188439	0.188439	0.188439	0.188439	0.188439	0.188439	0.188439	0.188439	0.188439	0.188439	0.188439	0.188439	0.188439	0.188439	0.188439	0.188439	0.188439	0.188439	0.188439	0.188439	0.188439	0.188439	0.188439	0.188439	
0.188439	0.188439	0.188439	0.188439	0.188439	0.188439	0.188439	0.188439	0.188439	0.188439	0.188439	0.188439	0.188439	0.188439	0.188439	0.188439	0.188439	0.188439	0.188439	0.188439	0.188439	0.188439	0.188439	0.188439	0.188439	0.188439	0.188439	0.188439	0.188439	0.188439	0.188439	0.188439	0.188439	0.188439	0.188439	0.188439	0.188439	0.188439	0.188439	0.188439	0.188439	0.188439	0.188439	0.188439	0.188439	0.188439	0.188439	0.188439	0.188439	0.188439	0.188439	0.188439	0.188439	0.188439	0.188439	0.188439	0.188439	0.188439	0.188439	0.188439	0.188439	0.188439	0.188439	0.188439	0.188439	
0.188439	0.188439	0.188439	0.188439	0.188439	0.188439	0.188439	0.188439	0.188439	0.188439	0.188439	0.188439	0.188439	0.188439	0.188439	0.188439	0.188439	0.188439	0.188439	0.188439	0.188439	0.188439	0.188439	0.188439	0.188439	0.188439	0.188439	0.188439	0.188439	0.188439	0.188439	0.188439	0.188439	0.188439	0.188439	0.188439	0.188439	0.188439	0.188439	0.188439	0.188439	0.188439	0.188439	0.188439	0.188439	0.188439	0.188439	0.188439	0.188439	0.188439	0.188439	0.188439	0.188439	0.188439	0.188439	0.188439	0.188439	0.188439	0.188439	0.188439	0.188439	0.188439	0.188439	0.188439	0.188439	
0.188439	0.188439	0.188439	0.188439	0.188439	0.188439	0.188439	0.188439	0.188439	0.188439	0.188439	0.188439	0.188439	0.188439	0.188439	0.188439	0.188439	0.188439	0.188439	0.188439	0.188439	0.188439	0.188439	0.188439	0.188439	0.188439	0.188439	0.188439	0.188439	0.188439	0.188439	0.188439	0.188439	0.188439	0.188439	0.188439	0.188439	0.188439	0.188439	0.188439	0.188439	0.188439	0.188439	0.188439	0.188439	0.188439	0.188439	0.188439	0.188439	0.188439	0.188439	0.188439	0.188439	0.188439	0.188439	0.188439	0.188439	0.188439	0.188439	0.188439	0.188439	0.188439	0.188439	0.188439	0.188439	
0.188439	0.188439	0.188439	0.188439	0.188439	0.188439	0.188439	0.188439	0.188439	0.188439	0.188439	0.188439	0.188439	0.188439	0.188439	0.188439	0.188439	0.188439	0.188439	0.188439	0.188439	0.188439	0.188439	0.188439	0.188439	0.188439	0.188439	0.188439	0.188439	0.188439	0.188439	0.188439	0.188439	0.188439	0.188439	0.188439	0.188439	0.188439	0.188439	0.188439	0.188439	0.188439	0.188439	0.188439	0.188439	0.188439	0.188439	0.188439	0.188439	0.188439	0.188439	0.188439	0.188439	0.188439	0.188439	0.188439	0.188439	0.188439	0.188439	0.188439	0.188439	0.188439	0.188439	0.188439	0.188439	
0.188439	0.188439	0.188439	0.188439	0.188439	0.188439	0.188439	0.188439	0.188439	0.188439	0.188439	0.188439	0.188439	0.188439	0.188439	0.188439	0.188439	0.188439	0.188439	0.188439	0.188439	0.188439	0.188439	0.188439	0.188439	0.188439	0.188439	0.188439	0.188439	0.188439	0.188439	0.188439	0.188439	0.188439	0.188439	0.188439	0.188439	0.188439	0.188439	0.188439	0.188439	0.188439	0.188439	0.188439	0.188439	0.188439	0.188439	0.188439	0.188439	0.188439	0.188439	0.188439	0.188439	0.188439	0.188439	0.188439	0.188439	0.188439	0.188439	0.188439	0.188439	0.188439	0.188439	0.188439	0.188439	
0.188439	0.188439	0.188439	0.188439	0.188439	0.188439	0.188439	0.188439	0.188439	0.188439	0.188439	0.188439	0.188439	0.188439	0.188439	0.188439	0.188439	0.188439	0.188439	0.188439	0.188439	0.188439	0.188439	0.188439	0.188439	0.188439	0.188439	0.188439	0.188439	0.188439	0.188439	0.188439	0.188439	0.188439	0.188439	0.188439	0.188439	0.188439	0.188439	0.188439	0.188439	0.188439	0.188439	0.188439	0.188439	0.188439	0.188439	0.188439	0.188439	0.188439	0.188439	0.188439	0.188439	0.188439	0.188439	0.188439	0.188439	0.188439	0.188439	0.188439	0.188439	0.188439	0.188439	0.188439	0.188439	
0.188439	0.188439	0.188439	0.188439	0.188439	0.188439	0.188439	0.188439	0.188439	0.188439	0.188439	0.188439	0.188439	0.188439	0.188439	0.188439	0.188439	0.188439	0.188439	0.188439	0.188439	0.188439	0.188439	0.188439	0.188439	0.188439	0.188439	0.188439	0.188439	0.188439	0.188439	0.188439	0.188439	0.188439	0.188439	0.188439	0.188439	0.188439	0.188439	0.188439	0.188439	0.188439	0.188439	0.188439	0.188439	0.188439	0.188439	0.188439	0.188439	0.188439	0.188439	0.188439	0.188439	0.188439	0.188439	0.188439	0.188439	0.188439	0.188439	0.188439	0.188439	0.188439	0.188439	0.188439	0.188439	
0.188439	0.188439	0.188439	0.188439	0.188439	0.188439	0.188439	0.188439	0.188439	0.188439	0.188439	0.188439	0.188439	0.188439	0.188439	0.188439	0.188439	0.188439	0.188439	0.188439	0.188439	0.188439	0.188439	0.188439	0.188439	0.188439	0.188439	0.188439	0.188439	0.188439	0.188439	0.188439	0.188439	0.188439	0.188439	0.188439	0.188439	0.188439	0.188439	0.188439	0.188439	0.188439	0.188439	0.188439	0.188439	0.188439	0.188439	0.188439	0.188439	0.188439	0.188439	0.188439	0.188439	0.188439	0.188439	0.188439	0.188439	0.188439	0.188439	0.188439	0.188439	0.188439	0.188439	0.188439	0.188439	
0.188439	0.188439	0.188439	0.188439	0.188439	0.188439	0.188439	0.188439	0.188439	0.188439	0.188439	0.188439	0.188439	0.188439	0.188439	0.188439	0.188439	0.188439	0.188439	0.188439	0.188439	0.188439	0.188439	0.188439	0.188439	0.188439	0.188439	0.188439	0.188439	0.188439	0.188439	0.188439	0.188439	0.188439	0.188439	0.188439	0.188439	0.188439	0.188439	0.188439	0.188439	0.188439	0.188439	0.188439	0.188439	0.188439	0.188439	0.188439	0.188439	0.188439	0.188439	0.188439	0.188439	0.188439	0.188439	0.188439	0.188439	0.188439	0.188439	0.188439	0.188439	0.188439	0.188439	0.188439	0.188439	
0.188439	0.188439	0.188439	0.188439	0.188439	0.188439	0.188439	0.188439	0.188439	0.188439	0.188439	0.188439	0.188439	0.188439	0.188439	0.188439	0.188439	0.188439	0.188439	0.188439	0.188439	0.188439	0.188439	0.188439	0.188439	0.188439	0.188439	0.188439	0.188439	0.188439	0.188439	0.188439	0.188439	0.188439	0.188439	0.188439	0.188439	0.188439	0.188439	0.188439	0.188439	0.188439	0.188439	0.188439	0.188439	0.188439	0.188439	0.188439	0.188439	0.188439	0.188439	0.188439	0.188439	0.188439	0.188439	0.188439	0.188439	0.188439	0.188439	0.188439	0.188439	0.188439	0.188439	0.188439	0.188439	
0.188439	0.188439	0.188439	0.188439	0.188439	0.188439	0.188439	0.188439	0.188439	0.188439	0.188439	0.188439	0.188439	0.188439	0.188439	0.188439	0.188439	0.188439	0.188439	0.188439	0.188439	0.188439	0.188439	0.188439	0.188439	0.188439	0.188439	0.188439	0.188439	0.188439	0.188439	0.188439	0.188439	0.188439	0.188439	0.188439	0.188439	0.188439	0.188439	0.188439	0.188439	0.188439	0.188439	0.188439	0.188439	0.188439	0.188439	0.188439	0.188439	0.188439	0.188439	0.188439	0.188439	0.188439	0.188439	0.188439	0.188439	0.188439	0.188439	0.188439	0.188439	0.188439	0.188439	0.188439	0.188439	
0.188439	0.188439	0.188439	0.188439	0.188439	0.188439	0.188439	0.188439	0.188439	0.188439	0.188439	0.188439	0.188439	0.188439	0.188439	0.188439	0.188439	0.188439	0.188439	0.188439	0.188439	0.188439	0.188439	0.188439	0.188439	0.188439	0.188439	0.188439	0.188439	0.188439	0.188439	0.188439	0.188439	0.188439	0.188439	0.188439	0.188439	0.188439	0.188439	0.188439	0.188439	0.188439	0.188439	0.188439	0.188439	0.188439	0.188439	0.188439	0.188439	0.188439	0.188439	0.188439	0.188439	0.188439	0.188439	0.188439	0.188439	0.188439	0.188439	0.188439	0.188439	0.188439	0.188439	0.188439	0.188439	
0.188439	0.188439	0.188439	0.188439	0.188439	0.188439	0.188439	0.188439	0.188439	0.188439	0.188439	0.188439	0.188439	0.188439	0.188439	0.188439	0.188439	0.188439	0.188439	0.188439	0.188439	0.188439	0.188439	0.188439	0.188439	0.188439	0.188439	0.188439	0.188439	0.188439	0.188439	0.188439	0.188439	0.188439	0.188439	0.188439	0.188439	0.188439	0.188439	0.188439	0.188439	0.188439	0.188439	0.188439	0.188439	0.188439	0.188439	0.188439	0.188439	0.188439	0.188439	0.188439	0.188439	0.188439	0.188439	0.188439	0.188439	0.188439	0.188439	0.188439	0.188439	0.188439	0.188439	0.188439	0.188439	
0.188439	0.188439	0.188439	0.188439	0.188439	0.188439	0.188439	0.188439	0.188439	0.188439	0.188439	0.188439	0.188439	0.188439	0.188439	0.188439	0.188439	0.188439	0.188439	0.188439	0.188439	0.188439	0.188439	0.188439	0.188439	0.188439	0.188439	0.188439	0.188439	0.188439	0.188439	0.188439	0.188439	0.188439	0.188439	0.188439	0.188439	0.188439	0.188439	0.188439	0.188439	0.188439	0.188439	0.188439	0.188439	0.188439	0.188439	0.188439	0.188439	0.188439	0.188439	0.188439	0.188439	0.188439	0.188439	0.188439	0.188439	0.188439	0.188439	0.188439	0.188439	0.188439	0.188439	0.188439	0.188439	
0.188439	0.188439	0.188439	0.188439	0.188439	0.188439	0.188439	0.188439	0.188439	0.188439	0.188439	0.188439	0.188439	0.188439	0.188439	0.188439	0.188439	0.188439	0.188439	0.188439	0.188439	0.188439	0.188439	0.188439	0.188439	0.188439	0.188439	0.188439	0.188439	0.188439	0.188439	0.188439	0.188439	0.188439	0.188439	0.188439	0.188439	0.188439	0.188439	0.188439	0.188439	0.188439	0.188439	0.188439	0.188439	0.188439	0.188439	0.188439	0.188439	0.188439	0.188439	0.188439	0.188439	0.188439	0.188439	0.188439	0.188439	0.188439	0.188439	0.188439	0.188439	0.188439	0.188439	0.188439	0.188439	
0.188439	0.188439	0.188439	0.188439	0.188439	0.188439	0.188439	0.188439	0.188439	0.188439	0.188439	0.188439	0.188439	0.188439	0.188439	0.188439	0.188439	0.188439	0.188439	0.188439	0.188439	0.188439	0.188439	0.188439	0.188439	0.188439	0.188439	0.188439	0.188439	0.188439	0.188439	0.188439	0.188439	0.188439	0.188439	0.188439	0.188439	0.188439	0.188439	0.188439	0.188439	0.188439	0.188439	0.188439	0.188439	0.188439	0.188439	0.188439	0.188439	0.188439	0.188439	0.188439	0.188439	0.188439	0.188439	0.188439	0.188439	0.188439	0.188439	0.188439	0.188439	0.188439	0.188439	0.188439	0.188439	
0.188439	0.188439	0.188439	0.188439	0.188439	0.188439	0.188439	0.188439	0.188439	0.188439	0.188439	0.188439	0.188439	0.188439	0.188439	0.188439	0.188439	0.188439	0.188439	0.188439	0.188439	0.188439	0.188439	0.188439	0.188439	0.188439	0.188439	0.188439	0.188439	0.188439	0.188439	0.188439	0.188439	0.188439	0.188439	0.188439	0.188439	0.188439	0.188439	0.188439	0.188439	0.188439	0.188439	0.188439	0.188439	0.188439	0.188439	0.188439	0.188439	0.188439	0.188439	0.188439	0.188439	0.188439	0.188439	0.188439	0.188439	0.188439	0.188439	0.188439	0.188439	0.188439	0.188439	0.188439	0.188439	
0.188439	0.188439	0.188439	0.188439	0.188439	0.188439	0.188439	0.188439	0.188439	0.188439	0.188439	0.188439	0.188439	0.188439	0.188439	0.188439	0.188439	0.188439	0.188439	0.188439	0.188439	0.188439	0.188439	0.188439	0.188439	0.188439	0.188439	0.188439	0.188439	0.188439	0.188439	0.188439	0.188439	0.188439	0.188439	0.188439	0.188439	0.188439	0.188439	0.188439	0.188439	0.188439	0.188439	0.188439	0.188439	0.188439	0.188439	0.188439	0.188439	0.188439	0.188439	0.188439	0.188439	0.188439	0.188439	0.188439	0.188439	0.188439	0.188439	0.188439	0.188439	0.188439	0.188439	0.188439	0.188439	
0.188439	0.188439	0.188439	0.188439	0.188439	0.188439	0.188439	0.188439	0.188439	0.188439	0.188439	0.188439	0.188439	0.188439	0.188439	0.188439	0.188439	0.188439	0.188439	0.188439	0.188439	0.188439	0.188439	0.188439	0.188439	0.188439	0.188439	0.188439	0.188439	0.188439	0.188439	0.188439	0.188439	0.188439	0.188439	0.188439	0.188439	0.188439	0.188439	0.188439	0.188439	0.188439	0.188439	0.188439	0.188439	0.188439	0.188439	0.188439	0.188439	0.188439	0.188439	0.188439	0.188439	0.188439	0.188439	0.188439	0.188439	0.188439	0.188439	0.188439	0.188439	0.188439	0.188439	0.188439	0.188439	
0.188439	0.188439	0.188439	0.188439	0.188439	0.188439	0.188439	0.188439	0.188439	0.188439	0.188439	0.188439	0.188439	0.188439	0.188439	0.188439	0.188439	0.188439	0.188439	0.188439	0.188439	0.188439	0.188439	0.188439	0.188439	0.188439	0.188439	0.188439	0.188439	0.188439	0.188439	0.188439	0.188439	0.188439	0.188439	0.188439	0.188439	0.188439	0.188439	0.188439	0.188439	0.188439	0.188439	0.188439	0.188439	0.188439	0.188439	0.188439	0.188439	0.188439	0.188439	0.188439	0.188439	0.188439	0.188439	0.188439	0.188439	0.188439	0.188439	0.188439	0.188439	0.188439	0.188439	0.188439	0.188439	
0.188439	0.188439	0.188439	0.188439	0.188439	0.188439	0.188439	0.188439	0.188439	0.188439	0.188439	0.188439	0.188439	0.188439	0.188439	0.188439	0.188439	0.188439	0.188439	0.188439	0.188439	0.188439	0.188439	0.188439	0.188439	0.188439	0.188439	0.188439	0.188439	0.188439	0.188439	0.188439	0.188439	0.188439	0.188439	0.188439	0.188439	0.188439	0.188439	0.188439	0.188439	0.188439	0.188439	0.188439	0.188439	0.188439	0.188439	0.188439	0.188439	0.188439	0.188439	0.188439	0.188439	0.188439	0.188439	0.188439	0.188439	0.188439	0.188439	0.188439	0.188439	0.188439	0.188439	0.188439	0.188439	
0.188439	0.188439	0.188439	0.188439	0.188439	0.188439	0.188439	0.188439	0.188439	0.188439	0.188439	0.188439	0.188439	0.188439	0.188439	0.188439	0.188439	0.188439	0.188439	0.188439	0.188439	0.188439	0.188439	0.188439	0.188439	0.188439	0.188439	0.188439	0.188439	0.188439	0.188439	0.188439	0.188439	0.188439	0.188439	0.188439	0.188439	0.188439	0.188439	0.188439	0.188439	0.188439	0.188439	0.188439	0.188439	0.188439	0.188439	0.188439	0.188439	0.188439	0.188439	0.188439	0.188439	0.188439	0.188439	0.188439	0.188439	0.188439	0.188439	0.188439	0.188439	0.188439	0.188439	0.188439	0.188439	
0.188439	0.188439	0.188439	0.188439	0.188439	0.188439	0.188439	0.188439	0.188439	0.188439	0.188439	0.188439	0.188439	0.188439	0.188439	0.188439	0.188439	0.188439	0.188439	0.188439	0.188439	0.188439	0.188439	0.188439	0.188439	0.188439	0.188439	0.188439	0.188439	0.188439	0.188439	0.188439	0.188439	0.188439	0.188439	0.188439	0.188439	0.188439	0.188439	0.188439	0.188439	0.188439	0.188439	0.188439	0.188439	0.188439	0.188439	0.188439	0.188439	0.188439	0.188439	0.188439	0.188439	0.188439	0.188439	0.188439	0.188439	0.188439	0.188439	0.188439	0.188439	0.188439	0.188439	0.188439	0.188439	
0.188439	0.188439	0.188439	0.188439	0.188439	0.188439	0.188439	0.188439	0.188439	0.188439	0.188439	0.188439	0.188439	0.188439	0.188439	0.188439	0.188439	0.188439	0.188439	0.188439	0.188439	0.188439	0.188439	0.188439	0.188439	0.188439	0.188439	0.188439	0.188439	0.188439	0.188439	0.188439	0.188439	0.188439	0.188439	0.188439	0.188439	0.188439	0.188439	0.188439	0.188439	0.188439	0.188439	0.188439	0.188439	0.188439	0.188439	0.188439	0.188439	0.188439	0.188439	0.188439	0.188439	0.188439	0.188439	0.188439	0.188439	0.188439	0.188439	0.188439	0.188439	0.188439	0.188439	0.188439	0.188439	
0.188439	0.188439	0.188439	0.188439	0.188439	0.188439	0.188439	0.188439	0.188439	0.188439	0.188439	0.188439	0.188439	0.188439	0.188439	0.188439	0.188439	0.188439	0.188439	0.188439	0.188439	0.188439	0.188439	0.188439	0.188439	0.188439	0.188439	0.188439	0.188439	0.188439	0.188439	0.188439	0.188439	0.188439	0.188439	0.188439	0.188439	0.188439	0.188439	0.188439	0.188439	0.188439	0.188439	0.188439	0.188439	0.188439	0.188439	0.188439	0.188439	0.188439	0.188439	0.188439	0.188439	0.188439	0.188439	0.188439	0.188439	0.188439	0.188439	0.188439	0.188439	0.188439	0.188439	0.188439	0.188439	
0.188439	0.188439	0.188439	0.188439	0.188439	0.188439	0.188439	0.188439	0.188439	0.188439	0.188439	0.188439	0.188439	0.188439	0.188439	0.188439	0.188439	0.188439	0.188439	0.188439	0.188439	0.188439	0.188439	0.188439	0.188439	0.188439	0.188439	0.188439	0.188439	0.188439	0.188439	0.188439	0.188439	0.188439	0.188439	0.188439	0.188439	0.188439	0.188439	0.188439	0.188439	0.188439	0.188439	0.188439	0.188439	0.188439	0.188439	0.188439	0.188439	0.188439	0.188439	0.188439	0.188439	0.188439	0.188439	0.188439	0.188439	0.188439	0.188439	0.188439	0.188439	0.188439	0.188439	0.188439	0.188439	
0.188439	0.188439	0.188439	0.188439	0.188439	0.188439	0.188439	0.188439	0.188439	0.188439	0.188439	0.188439	0.188439	0.188439	0.188439	0.188439	0.188439	0.188439	0.188439	0.188439	0.188439	0.188439	0.188439	0.188439	0.188439	0.188439	0.188439	0.188439	0.188439	0.188439	0.188439	0.188439	0.188439	0.188439	0.188439	0.188439	0.188439	0.188439	0.188439	0.188439	0.188439	0.188439	0.188439	0.188439	0.188439	0.188439	0.188439	0.188439	0.188439	0.188439	0.188439	0.188439	0.188439	0.188439	0.188439	0.188439	0.188439	0.188439	0.188439	0.188439	0.188439	0.188439	0.188439	0.188439	0.188439	
0.188439	0.188439	0.188439	0.188439	0.188439	0.188439	0.188439	0.188439	0.188439	0.188439	0.188439	0.188439	0.188439	0.188439	0.188439	0.188439	0.188439	0.188439	0.188439	0.188439	0.188439	0.188439	0.188439	0.188439	0.188439	0.188439	0.188439	0.188439	0.188439	0.188439	0.188439	0.188439	0.188439	0.188439	0.188439	0.188439	0.188439	0.188439	0.188439	0.188439	0.188439	0.188439	0.188439	0.188439	0.188439	0.188439	0.188439	0.188439	0.188439	0.188439	0.188439	0.188439	0.188439	0.188439	0.188439	0.188439	0.188439	0.188439	0.188439	0.188439	0.188439	0.188439	0.188439	0.188439	0.188439	
