x,y,z,b
325,1,0,0.123662
325,1,1,0.123662
325,1,2,0.123662
325,1,3,0.123661
325,1,4,0.12366
325,1,5,0.123658
325,1,6,0.123656
325,1,7,0.123654
325,1,8,0.123654
325,1,9,0.123653
325,1,10,0.123652
325,1,11,0.123651
325,1,12,0.123649
325,1,13,0.123645
325,1,14,0.123642
325,1,15,0.123627
325,1,16,0.123612
325,1,17,0.123601
325,1,18,0.123592
325,1,19,0.123583
325,1,20,0.12356
325,1,21,0.123536
325,1,22,0.123504
325,1,23,0.123461
325,1,24,0.123418
325,1,25,0.122697
325,1,26,0.121883
325,1,27,0.121354
325,1,28,0.121379
325,1,29,0.121404
325,1,30,0.121336
325,1,31,0.121244
325,1,32,0.121179
325,1,33,0.121188
325,1,34,0.121197
325,1,35,0.121154
325,1,36,0.12109
325,1,37,0.121038
325,1,38,0.121034
325,1,39,0.121031
325,1,40,0.121028
325,1,41,0.121024
325,1,42,0.12102
325,1,43,0.12102
325,1,44,0.121019
325,1,45,0.121011
325,1,46,0.120998
325,1,47,0.120985
325,1,48,0.120982
325,1,49,0.12098
325,1,50,0.12098
325,1,51,0.120982
325,1,52,0.120984
325,1,53,0.120984
325,1,54,0.120983
325,1,55,0.120981
325,1,56,0.120977
325,1,57,0.120973
325,1,58,0.120972
325,1,59,0.120971
325,1,60,0.120971
325,1,61,0.120972
325,1,62,0.120973
325,1,63,0.120973
325,1,64,0.120973
325,1,65,0.120972
325,1,66,0.120971
325,1,67,0.12097
325,1,68,0.120969
325,1,69,0.120969
325,1,70,0.120968
325,1,71,0.120969
325,1,72,0.120969
325,1,73,0.120969
325,1,74,0.120969
325,1,75,0.120969
325,1,76,0.120968
325,1,77,0.120968
325,1,78,0.120968
325,1,79,0.120967
325,1,80,0.120967
325,1,81,0.120967
325,1,82,0.120968
325,1,83,0.120968
325,1,84,0.120967
325,1,85,0.120967
325,1,86,0.120967
325,1,87,0.120967
325,1,88,0.120967
325,1,89,0.120967
325,1,90,0.120967
325,1,91,0.120967
325,1,92,0.120967
325,1,93,0.120967
325,1,94,0.120967
325,1,95,0.120967
325,1,96,0.120966
325,1,97,0.120966
325,1,98,0.120966
325,1,99,0.120966
325,1,100,0.120966
325,1,101,0.120966
325,1,102,0.120966
325,1,103,0.120966
325,1,104,0.120966
325,1,105,0.120966
325,1,106,0.120966
325,1,107,0.120966
325,1,108,0.120966
325,1,109,0.120966
325,1,110,0.120966
325,1,111,0.120966
325,1,112,0.120966
325,1,113,0.120966
325,1,114,0.120966
325,1,115,0.120966
325,1,116,0.120965
325,1,117,0.120965
325,1,118,0.120965
325,1,119,0.120965
325,1,120,0.120965
325,1,121,0.120965
325,1,122,0.120965
325,1,123,0.120965
325,1,124,0.120965
325,1,125,0.120965
325,1,126,0.120965
325,1,127,0.120965
325,1,128,0.120965
325,1,129,0.120965
325,1,130,0.120965
325,1,131,0.120965
325,1,132,0.120965
325,1,133,0.120965
325,1,134,0.120965
325,1,135,0.120965
325,1,136,0.120965
325,1,137,0.120965
325,1,138,0.120965
325,1,139,0.120964
325,1,140,0.120964
325,1,141,0.120964
325,1,142,0.120964
325,1,143,0.120964
325,1,144,0.120964
325,1,145,0.120964
325,1,146,0.120964
325,1,147,0.120964
325,1,148,0.120964
325,1,149,0.120964
325,1,150,0.120964
325,1,151,0.120964
325,1,152,0.120964
325,1,153,0.120964
325,1,154,0.120963
325,1,155,0.120963
325,1,156,0.120963
325,1,157,0.120963
325,1,158,0.120963
325,1,159,0.120963
325,1,160,0.120963
325,1,161,0.120963
325,1,162,0.120963
325,1,163,0.120963
325,1,164,0.120963
325,1,165,0.120963
325,1,166,0.120962
325,1,167,0.120962
325,1,168,0.120962
325,1,169,0.120962
325,1,170,0.120962
325,1,171,0.120962
325,1,172,0.120962
325,1,173,0.120962
325,1,174,0.120962
325,1,175,0.120961
325,1,176,0.120961
325,1,177,0.120961
325,1,178,0.120961
325,1,179,0.120961
325,1,180,0.120961
325,1,181,0.120961
325,1,182,0.120961
325,1,183,0.120961
325,1,184,0.120961
325,1,185,0.120961
325,1,186,0.120961
325,1,187,0.12096
325,1,188,0.12096
325,1,189,0.12096
325,1,190,0.12096
325,1,191,0.12096
325,1,192,0.120959
325,1,193,0.120959
325,1,194,0.120959
325,1,195,0.120959
325,1,196,0.120959
325,1,197,0.120959
325,1,198,0.120958
325,1,199,0.120958
325,1,200,0.120957
325,1,201,0.120957
325,1,202,0.120957
325,1,203,0.120957
325,1,204,0.120957
325,1,205,0.120957
325,1,206,0.120957
325,1,207,0.120956
325,1,208,0.120956
325,1,209,0.120955
325,1,210,0.120954
325,1,211,0.120954
325,1,212,0.120954
325,1,213,0.120954
325,1,214,0.120954
325,1,215,0.120953
325,1,216,0.120953
325,1,217,0.120952
325,1,218,0.120951
325,1,219,0.12095
325,1,220,0.120949
325,1,221,0.120949
325,1,222,0.120948
325,1,223,0.120948
325,1,224,0.120949
325,1,225,0.120949
325,1,226,0.120948
325,1,227,0.120947
325,1,228,0.120946
325,1,229,0.120944
325,1,230,0.120942
325,1,231,0.120941
325,1,232,0.12094
325,1,233,0.12094
325,1,234,0.120941
325,1,235,0.120941
325,1,236,0.12094
325,1,237,0.120938
325,1,238,0.120935
325,1,239,0.120932
325,1,240,0.120929
325,1,241,0.120928
325,1,242,0.120927
325,1,243,0.120928
325,1,244,0.12093
325,1,245,0.120933
325,1,246,0.120931
325,1,247,0.120929
325,1,248,0.120926
325,1,249,0.12092
325,1,250,0.120914
325,1,251,0.120911
325,1,252,0.120908
325,1,253,0.120907
325,1,254,0.12091
325,1,255,0.120912
325,1,256,0.12091
325,1,257,0.120906
325,1,258,0.120902
325,1,259,0.120895
325,1,260,0.120888
325,1,261,0.120885
325,1,262,0.120883
325,1,263,0.120882
325,1,264,0.120885
325,1,265,0.120888
325,1,266,0.120889
325,1,267,0.120889
325,1,268,0.12089
325,1,269,0.120897
325,1,270,0.120904
325,1,271,0.120902
325,1,272,0.120892
325,1,273,0.120881
325,1,274,0.120852
325,1,275,0.120822
325,1,276,0.120808
325,1,277,0.120809
325,1,278,0.12081
325,1,279,0.120896
325,1,280,0.120984
325,1,281,0.121042
325,1,282,0.121059
325,1,283,0.121077
325,1,284,0.12095
325,1,285,0.120806
325,1,286,0.120708
325,1,287,0.120693
325,1,288,0.120679
325,1,289,0.121023
325,1,290,0.121448
325,1,291,0.121771
325,1,292,0.121828
325,1,293,0.121885
325,1,294,0.121506
325,1,295,0.120973
325,1,296,0.120452
325,1,297,0.119981
325,1,298,0.119511
325,1,299,0.120027
325,1,300,0.121052
325,1,301,0.122087
325,1,302,0.123191
325,1,303,0.124295
325,1,304,0.123912
325,1,305,0.120193
325,1,306,0.119762
325,1,307,0.119332
325,1,308,0.118778
325,1,309,0.118188
325,1,310,0.120235
325,1,311,0.120676
325,1,312,0.120642
325,1,313,0.120591
325,1,314,0.119984
325,1,315,0.118627
325,1,316,0.117271
325,1,317,0.115142
325,1,318,0.112915
325,1,319,0.110472
325,1,320,0.107627
325,1,321,0.104781
325,1,322,0.102844
325,1,323,0.101121
325,1,324,0.101568
325,1,325,0.107892
325,1,326,0.114215
325,1,327,0.115075
325,1,328,0.113919
325,1,329,0.112942
325,1,330,0.112724
325,1,331,0.112506
325,1,332,0.112816
325,1,333,0.113406
325,1,334,0.113926
325,1,335,0.113895
325,1,336,0.113865
325,1,337,0.114593
325,1,338,0.115883
325,1,339,0.117157
325,1,340,0.117982
325,1,341,0.118807
325,1,342,0.119466
325,1,343,0.119955
325,1,344,0.120444
325,1,345,0.120766
325,1,346,0.12108
325,1,347,0.121329
325,1,348,0.121485
325,1,349,0.121642
325,1,350,0.121681
325,1,351,0.121705
325,1,352,0.12176
325,1,353,0.121876
325,1,354,0.121993
325,1,355,0.122133
325,1,356,0.12228
325,1,357,0.122383
325,1,358,0.122365
325,1,359,0.122348
325,1,360,0.122262
325,1,361,0.122151
325,1,362,0.122044
325,1,363,0.121957
325,1,364,0.12187
325,1,365,0.121816
325,1,366,0.121781
325,1,367,0.121743
325,1,368,0.121684
325,1,369,0.121625
325,1,370,0.121571
325,1,371,0.121522
325,1,372,0.121474
325,1,373,0.121438
325,1,374,0.121403
325,1,375,0.121378
325,1,376,0.121365
325,1,377,0.121352
325,1,378,0.12133
325,1,379,0.121307
325,1,380,0.121285
325,1,381,0.121263
325,1,382,0.121242
325,1,383,0.121222
325,1,384,0.121202
325,1,385,0.121184
325,1,386,0.121172
325,1,387,0.121159
325,1,388,0.121148
325,1,389,0.121137
325,1,390,0.121126
325,1,391,0.121118
325,1,392,0.12111
325,1,393,0.121102
325,1,394,0.121094
325,1,395,0.121087
325,1,396,0.121082
325,1,397,0.121077
325,1,398,0.121071
325,1,399,0.121065
325,1,400,0.121059
325,1,401,0.121056
325,1,402,0.121052
325,1,403,0.121048
325,1,404,0.121045
325,1,405,0.121041
325,1,406,0.121037
325,1,407,0.121034
325,1,408,0.121031
325,1,409,0.121028
325,1,410,0.121026
325,1,411,0.121024
325,1,412,0.121022
325,1,413,0.12102
325,1,414,0.121017
325,1,415,0.121015
325,1,416,0.121013
325,1,417,0.121011
325,1,418,0.121009
325,1,419,0.121006
325,1,420,0.121004
325,1,421,0.121003
325,1,422,0.121002
325,1,423,0.121001
325,1,424,0.121
325,1,425,0.120999
325,1,426,0.120998
325,1,427,0.120997
325,1,428,0.120995
325,1,429,0.120995
325,1,430,0.120994
325,1,431,0.120994
325,1,432,0.120993
325,1,433,0.120992
325,1,434,0.120991
325,1,435,0.12099
325,1,436,0.120989
325,1,437,0.120988
325,1,438,0.120987
325,1,439,0.120986
325,1,440,0.120985
325,1,441,0.120985
325,1,442,0.120984
325,1,443,0.120984
325,1,444,0.120983
325,1,445,0.120983
325,1,446,0.120983
325,1,447,0.120982
325,1,448,0.120982
325,1,449,0.120981
325,1,450,0.120981
325,1,451,0.120981
325,1,452,0.120981
325,1,453,0.12098
325,1,454,0.12098
325,1,455,0.120979
325,1,456,0.120979
325,1,457,0.120978
325,1,458,0.120978
325,1,459,0.120977
325,1,460,0.120977
325,1,461,0.120976
325,1,462,0.120976
325,1,463,0.120976
325,1,464,0.120976
325,1,465,0.120975
325,1,466,0.120975
325,1,467,0.120975
325,1,468,0.120975
325,1,469,0.120975
325,1,470,0.120975
325,1,471,0.120974
325,1,472,0.120974
325,1,473,0.120974
325,1,474,0.120974
325,1,475,0.120974
325,1,476,0.120974
325,1,477,0.120973
325,1,478,0.120973
325,1,479,0.120973
325,1,480,0.120973
325,1,481,0.120973
325,1,482,0.120972
325,1,483,0.120972
325,1,484,0.120972
325,1,485,0.120972
325,1,486,0.120972
325,1,487,0.120972
325,1,488,0.120972
325,1,489,0.120972
325,1,490,0.120972
325,1,491,0.120972
325,1,492,0.120972
325,1,493,0.120972
325,1,494,0.120971
325,1,495,0.120971
325,1,496,0.120971
325,1,497,0.120971
325,1,498,0.120971
325,1,499,0.120971
325,1,500,0.120971
325,1,501,0.120971
325,1,502,0.120971
325,1,503,0.120971
325,1,504,0.12097
325,1,505,0.12097
325,1,506,0.12097
325,1,507,0.12097
325,1,508,0.12097
325,1,509,0.12097
325,1,510,0.12097
325,1,511,0.12097
325,1,512,0.12097
325,1,513,0.12097
325,1,514,0.12097
325,1,515,0.12097
325,1,516,0.12097
325,1,517,0.12097
325,1,518,0.12097
325,1,519,0.12097
325,1,520,0.12097
325,1,521,0.12097
325,1,522,0.120969
325,1,523,0.120969
325,1,524,0.120969
325,1,525,0.120969
325,1,526,0.120969
325,1,527,0.120969
325,1,528,0.120969
325,1,529,0.120969
325,1,530,0.120969
325,1,531,0.120969
325,1,532,0.120969
325,1,533,0.120969
325,1,534,0.120969
325,1,535,0.120969
325,1,536,0.120969
325,1,537,0.120969
325,1,538,0.120969
325,1,539,0.120969
325,1,540,0.120969
325,1,541,0.120969
325,1,542,0.120969
325,1,543,0.120969
325,1,544,0.120969
325,1,545,0.120969
325,1,546,0.120969
325,1,547,0.120969
325,1,548,0.120969
325,1,549,0.120969
325,1,550,0.120969
325,1,551,0.120969
325,1,552,0.120969
325,1,553,0.120969
325,1,554,0.120969
325,1,555,0.120969
325,1,556,0.120969
325,1,557,0.120969
325,1,558,0.120969
325,1,559,0.120969
325,1,560,0.120969
325,1,561,0.120969
325,1,562,0.120969
325,1,563,0.120969
325,1,564,0.120969
325,1,565,0.120969
325,1,566,0.120969
325,1,567,0.12097
325,1,568,0.120969
325,1,569,0.120969
325,1,570,0.120969
325,1,571,0.120969
325,1,572,0.120969
325,1,573,0.12097
325,1,574,0.12097
325,1,575,0.120971
325,1,576,0.120971
325,1,577,0.120971
325,1,578,0.120971
325,1,579,0.12097
325,1,580,0.12097
325,1,581,0.12097
325,1,582,0.120971
325,1,583,0.120971
325,1,584,0.120972
325,1,585,0.120974
325,1,586,0.120974
325,1,587,0.120975
325,1,588,0.120974
325,1,589,0.120973
325,1,590,0.120972
325,1,591,0.120973
325,1,592,0.120974
325,1,593,0.120975
325,1,594,0.120979
325,1,595,0.120983
325,1,596,0.120984
325,1,597,0.120985
325,1,598,0.120985
325,1,599,0.120983
325,1,600,0.120981
325,1,601,0.120981
325,1,602,0.120983
325,1,603,0.120986
325,1,604,0.120999
325,1,605,0.121013
325,1,606,0.121021
325,1,607,0.121021
325,1,608,0.121022
325,1,609,0.121025
325,1,610,0.121029
325,1,611,0.121032
325,1,612,0.121036
325,1,613,0.121039
325,1,614,0.121092
325,1,615,0.121156
325,1,616,0.1212
325,1,617,0.121191
325,1,618,0.121182
325,1,619,0.121246
325,1,620,0.121337
325,1,621,0.121404
325,1,622,0.121379
325,1,623,0.121355
325,1,624,0.121885
325,1,625,0.1227
325,1,626,0.123422
325,1,627,0.123463
325,1,628,0.123504
325,1,629,0.123535
325,1,630,0.12356
325,1,631,0.123583
325,1,632,0.123592
325,1,633,0.123601
325,1,634,0.123612
325,1,635,0.123627
325,1,636,0.123641
325,1,637,0.123645
325,1,638,0.123648
325,1,639,0.123651
325,1,640,0.123652
325,1,641,0.123653
325,1,642,0.123654
325,1,643,0.123655
325,1,644,0.123656
325,1,645,0.123658
325,1,646,0.12366
325,1,647,0.123661
325,1,648,0.123662
325,1,649,0.123662
325,1,650,0.123662
