x,y,z,b
325,1,0,0.123577
325,1,1,0.123578
325,1,2,0.123577
325,1,3,0.123576
325,1,4,0.123574
325,1,5,0.12357
325,1,6,0.123566
325,1,7,0.123562
325,1,8,0.123559
325,1,9,0.123556
325,1,10,0.123551
325,1,11,0.123546
325,1,12,0.123539
325,1,13,0.123529
325,1,14,0.123519
325,1,15,0.123494
325,1,16,0.123468
325,1,17,0.123441
325,1,18,0.123414
325,1,19,0.123386
325,1,20,0.123341
325,1,21,0.123296
325,1,22,0.123215
325,1,23,0.123086
325,1,24,0.122958
325,1,25,0.121907
325,1,26,0.120729
325,1,27,0.119983
325,1,28,0.120075
325,1,29,0.120168
325,1,30,0.119994
325,1,31,0.119753
325,1,32,0.119587
325,1,33,0.119633
325,1,34,0.119678
325,1,35,0.119584
325,1,36,0.119435
325,1,37,0.119317
325,1,38,0.119334
325,1,39,0.119352
325,1,40,0.119318
325,1,41,0.119256
325,1,42,0.1192
325,1,43,0.119203
325,1,44,0.119206
325,1,45,0.119182
325,1,46,0.119138
325,1,47,0.119096
325,1,48,0.119093
325,1,49,0.119091
325,1,50,0.119085
325,1,51,0.119076
325,1,52,0.119066
325,1,53,0.119063
325,1,54,0.119061
325,1,55,0.119054
325,1,56,0.11904
325,1,57,0.119025
325,1,58,0.119021
325,1,59,0.119019
325,1,60,0.119016
325,1,61,0.119016
325,1,62,0.119015
325,1,63,0.119013
325,1,64,0.119011
325,1,65,0.119008
325,1,66,0.119003
325,1,67,0.118997
325,1,68,0.118994
325,1,69,0.118993
325,1,70,0.118991
325,1,71,0.118992
325,1,72,0.118992
325,1,73,0.118992
325,1,74,0.118991
325,1,75,0.11899
325,1,76,0.118987
325,1,77,0.118984
325,1,78,0.118983
325,1,79,0.118982
325,1,80,0.118981
325,1,81,0.118981
325,1,82,0.118981
325,1,83,0.118981
325,1,84,0.11898
325,1,85,0.11898
325,1,86,0.118979
325,1,87,0.118977
325,1,88,0.118976
325,1,89,0.118976
325,1,90,0.118975
325,1,91,0.118975
325,1,92,0.118975
325,1,93,0.118975
325,1,94,0.118974
325,1,95,0.118974
325,1,96,0.118973
325,1,97,0.118972
325,1,98,0.118972
325,1,99,0.118971
325,1,100,0.118971
325,1,101,0.118971
325,1,102,0.11897
325,1,103,0.11897
325,1,104,0.11897
325,1,105,0.118969
325,1,106,0.118969
325,1,107,0.118968
325,1,108,0.118967
325,1,109,0.118967
325,1,110,0.118966
325,1,111,0.118966
325,1,112,0.118966
325,1,113,0.118965
325,1,114,0.118965
325,1,115,0.118964
325,1,116,0.118963
325,1,117,0.118963
325,1,118,0.118962
325,1,119,0.118961
325,1,120,0.118961
325,1,121,0.11896
325,1,122,0.11896
325,1,123,0.11896
325,1,124,0.118959
325,1,125,0.118958
325,1,126,0.118957
325,1,127,0.118956
325,1,128,0.118955
325,1,129,0.118954
325,1,130,0.118954
325,1,131,0.118953
325,1,132,0.118953
325,1,133,0.118952
325,1,134,0.118951
325,1,135,0.11895
325,1,136,0.118949
325,1,137,0.118948
325,1,138,0.118946
325,1,139,0.118945
325,1,140,0.118944
325,1,141,0.118943
325,1,142,0.118943
325,1,143,0.118942
325,1,144,0.118941
325,1,145,0.11894
325,1,146,0.118939
325,1,147,0.118937
325,1,148,0.118935
325,1,149,0.118933
325,1,150,0.118931
325,1,151,0.11893
325,1,152,0.118929
325,1,153,0.118929
325,1,154,0.118927
325,1,155,0.118925
325,1,156,0.118923
325,1,157,0.11892
325,1,158,0.118918
325,1,159,0.118915
325,1,160,0.118913
325,1,161,0.118911
325,1,162,0.11891
325,1,163,0.118909
325,1,164,0.118908
325,1,165,0.118905
325,1,166,0.118902
325,1,167,0.118898
325,1,168,0.118894
325,1,169,0.11889
325,1,170,0.118886
325,1,171,0.118883
325,1,172,0.118881
325,1,173,0.11888
325,1,174,0.118879
325,1,175,0.118874
325,1,176,0.118869
325,1,177,0.118863
325,1,178,0.118856
325,1,179,0.118849
325,1,180,0.118844
325,1,181,0.11884
325,1,182,0.118837
325,1,183,0.118835
325,1,184,0.118834
325,1,185,0.118827
325,1,186,0.11882
325,1,187,0.118811
325,1,188,0.118799
325,1,189,0.118787
325,1,190,0.118779
325,1,191,0.118771
325,1,192,0.118765
325,1,193,0.118763
325,1,194,0.118762
325,1,195,0.118751
325,1,196,0.118739
325,1,197,0.118724
325,1,198,0.118704
325,1,199,0.118684
325,1,200,0.118669
325,1,201,0.118657
325,1,202,0.118647
325,1,203,0.118646
325,1,204,0.118645
325,1,205,0.118631
325,1,206,0.11861
325,1,207,0.118587
325,1,208,0.118552
325,1,209,0.118517
325,1,210,0.118489
325,1,211,0.118468
325,1,212,0.118447
325,1,213,0.118445
325,1,214,0.118443
325,1,215,0.118424
325,1,216,0.118385
325,1,217,0.118346
325,1,218,0.118287
325,1,219,0.118225
325,1,220,0.118174
325,1,221,0.118138
325,1,222,0.118103
325,1,223,0.118092
325,1,224,0.118086
325,1,225,0.118061
325,1,226,0.117992
325,1,227,0.117922
325,1,228,0.11783
325,1,229,0.117729
325,1,230,0.117634
325,1,231,0.117553
325,1,232,0.117473
325,1,233,0.117415
325,1,234,0.117366
325,1,235,0.117306
325,1,236,0.11717
325,1,237,0.117034
325,1,238,0.116889
325,1,239,0.116738
325,1,240,0.116582
325,1,241,0.116352
325,1,242,0.116122
325,1,243,0.115901
325,1,244,0.115688
325,1,245,0.115476
325,1,246,0.115259
325,1,247,0.115042
325,1,248,0.114936
325,1,249,0.114969
325,1,250,0.115002
325,1,251,0.11453
325,1,252,0.114004
325,1,253,0.113343
325,1,254,0.112448
325,1,255,0.111553
325,1,256,0.110489
325,1,257,0.109389
325,1,258,0.108468
325,1,259,0.107995
325,1,260,0.107522
325,1,261,0.108753
325,1,262,0.110563
325,1,263,0.112583
325,1,264,0.115399
325,1,265,0.118216
325,1,266,0.120834
325,1,267,0.123355
325,1,268,0.125773
325,1,269,0.127504
325,1,270,0.129234
325,1,271,0.130221
325,1,272,0.13069
325,1,273,0.13109
325,1,274,0.130217
325,1,275,0.129344
325,1,276,0.129011
325,1,277,0.129194
325,1,278,0.129376
325,1,279,0.132885
325,1,280,0.136487
325,1,281,0.141476
325,1,282,0.148275
325,1,283,0.155075
325,1,284,0.159423
325,1,285,0.163481
325,1,286,0.166672
325,1,287,0.168287
325,1,288,0.169903
325,1,289,0.170192
325,1,290,0.170183
325,1,291,0.169767
325,1,292,0.168289
325,1,293,0.166812
325,1,294,0.165692
325,1,295,0.164699
325,1,296,0.163833
325,1,297,0.163476
325,1,298,0.163119
325,1,299,0.162806
325,1,300,0.162515
325,1,301,0.162228
325,1,302,0.161961
325,1,303,0.161694
325,1,304,0.161179
325,1,305,0.160487
325,1,306,0.159765
325,1,307,0.158365
325,1,308,0.156966
325,1,309,0.1553
325,1,310,0.153372
325,1,311,0.151445
325,1,312,0.148985
325,1,313,0.146507
325,1,314,0.143969
325,1,315,0.141352
325,1,316,0.138735
325,1,317,0.13929
325,1,318,0.140251
325,1,319,0.142507
325,1,320,0.147195
325,1,321,0.151883
325,1,322,0.156752
325,1,323,0.161665
325,1,324,0.164602
325,1,325,0.16218
325,1,326,0.159759
325,1,327,0.155006
325,1,328,0.149393
325,1,329,0.144269
325,1,330,0.141205
325,1,331,0.138141
325,1,332,0.136182
325,1,333,0.13481
325,1,334,0.133252
325,1,335,0.130235
325,1,336,0.127217
325,1,337,0.124147
325,1,338,0.121037
325,1,339,0.117973
325,1,340,0.116172
325,1,341,0.114371
325,1,342,0.113351
325,1,343,0.113126
325,1,344,0.1129
325,1,345,0.113569
325,1,346,0.114277
325,1,347,0.114967
325,1,348,0.115631
325,1,349,0.116295
325,1,350,0.116929
325,1,351,0.117559
325,1,352,0.118152
325,1,353,0.118671
325,1,354,0.119189
325,1,355,0.119508
325,1,356,0.119777
325,1,357,0.120015
325,1,358,0.120167
325,1,359,0.120318
325,1,360,0.120527
325,1,361,0.120757
325,1,362,0.120974
325,1,363,0.121134
325,1,364,0.121293
325,1,365,0.121389
325,1,366,0.12145
325,1,367,0.121489
325,1,368,0.121339
325,1,369,0.121188
325,1,370,0.121039
325,1,371,0.12089
325,1,372,0.120748
325,1,373,0.120836
325,1,374,0.120923
325,1,375,0.12105
325,1,376,0.121219
325,1,377,0.121387
325,1,378,0.121313
325,1,379,0.121225
325,1,380,0.121093
325,1,381,0.120898
325,1,382,0.120702
325,1,383,0.120606
325,1,384,0.120525
325,1,385,0.120466
325,1,386,0.12045
325,1,387,0.120434
325,1,388,0.120359
325,1,389,0.120268
325,1,390,0.120173
325,1,391,0.120068
325,1,392,0.119962
325,1,393,0.119896
325,1,394,0.119846
325,1,395,0.119804
325,1,396,0.119796
325,1,397,0.119788
325,1,398,0.119756
325,1,399,0.119712
325,1,400,0.119666
325,1,401,0.119612
325,1,402,0.119558
325,1,403,0.119518
325,1,404,0.119487
325,1,405,0.119457
325,1,406,0.119444
325,1,407,0.119431
325,1,408,0.119413
325,1,409,0.119392
325,1,410,0.11937
325,1,411,0.119344
325,1,412,0.119318
325,1,413,0.119298
325,1,414,0.119285
325,1,415,0.119271
325,1,416,0.119268
325,1,417,0.119265
325,1,418,0.11926
325,1,419,0.11925
325,1,420,0.119239
325,1,421,0.119226
325,1,422,0.119213
325,1,423,0.1192
325,1,424,0.119191
325,1,425,0.119182
325,1,426,0.119175
325,1,427,0.11917
325,1,428,0.119165
325,1,429,0.119158
325,1,430,0.119151
325,1,431,0.119144
325,1,432,0.119137
325,1,433,0.11913
325,1,434,0.119125
325,1,435,0.119121
325,1,436,0.119118
325,1,437,0.119117
325,1,438,0.119116
325,1,439,0.119112
325,1,440,0.119108
325,1,441,0.119104
325,1,442,0.119099
325,1,443,0.119095
325,1,444,0.119091
325,1,445,0.119088
325,1,446,0.119085
325,1,447,0.119082
325,1,448,0.119079
325,1,449,0.119077
325,1,450,0.119074
325,1,451,0.119071
325,1,452,0.119068
325,1,453,0.119065
325,1,454,0.119063
325,1,455,0.119061
325,1,456,0.119059
325,1,457,0.119058
325,1,458,0.119057
325,1,459,0.119056
325,1,460,0.119054
325,1,461,0.119052
325,1,462,0.11905
325,1,463,0.119048
325,1,464,0.119046
325,1,465,0.119044
325,1,466,0.119043
325,1,467,0.119041
325,1,468,0.11904
325,1,469,0.119039
325,1,470,0.119037
325,1,471,0.119036
325,1,472,0.119034
325,1,473,0.119033
325,1,474,0.119032
325,1,475,0.11903
325,1,476,0.119029
325,1,477,0.119029
325,1,478,0.119028
325,1,479,0.119027
325,1,480,0.119026
325,1,481,0.119025
325,1,482,0.119024
325,1,483,0.119023
325,1,484,0.119022
325,1,485,0.119021
325,1,486,0.11902
325,1,487,0.119019
325,1,488,0.119019
325,1,489,0.119018
325,1,490,0.119017
325,1,491,0.119016
325,1,492,0.119016
325,1,493,0.119015
325,1,494,0.119014
325,1,495,0.119013
325,1,496,0.119013
325,1,497,0.119012
325,1,498,0.119012
325,1,499,0.119011
325,1,500,0.119011
325,1,501,0.11901
325,1,502,0.11901
325,1,503,0.119009
325,1,504,0.119009
325,1,505,0.119008
325,1,506,0.119008
325,1,507,0.119007
325,1,508,0.119007
325,1,509,0.119007
325,1,510,0.119006
325,1,511,0.119006
325,1,512,0.119006
325,1,513,0.119005
325,1,514,0.119005
325,1,515,0.119005
325,1,516,0.119004
325,1,517,0.119004
325,1,518,0.119004
325,1,519,0.119003
325,1,520,0.119003
325,1,521,0.119003
325,1,522,0.119002
325,1,523,0.119002
325,1,524,0.119002
325,1,525,0.119002
325,1,526,0.119001
325,1,527,0.119001
325,1,528,0.119001
325,1,529,0.119001
325,1,530,0.119001
325,1,531,0.119
325,1,532,0.119
325,1,533,0.119
325,1,534,0.119
325,1,535,0.119
325,1,536,0.118999
325,1,537,0.118999
325,1,538,0.118999
325,1,539,0.118999
325,1,540,0.118999
325,1,541,0.118999
325,1,542,0.118998
325,1,543,0.118998
325,1,544,0.118999
325,1,545,0.118999
325,1,546,0.118999
325,1,547,0.118999
325,1,548,0.118998
325,1,549,0.118998
325,1,550,0.118998
325,1,551,0.118998
325,1,552,0.118998
325,1,553,0.118999
325,1,554,0.118999
325,1,555,0.118999
325,1,556,0.118999
325,1,557,0.118999
325,1,558,0.118999
325,1,559,0.118999
325,1,560,0.118998
325,1,561,0.118999
325,1,562,0.118999
325,1,563,0.118999
325,1,564,0.119
325,1,565,0.119001
325,1,566,0.119002
325,1,567,0.119002
325,1,568,0.119002
325,1,569,0.119002
325,1,570,0.119001
325,1,571,0.119002
325,1,572,0.119003
325,1,573,0.119004
325,1,574,0.119007
325,1,575,0.119009
325,1,576,0.11901
325,1,577,0.11901
325,1,578,0.11901
325,1,579,0.119009
325,1,580,0.119009
325,1,581,0.119009
325,1,582,0.119011
325,1,583,0.119013
325,1,584,0.119019
325,1,585,0.119025
325,1,586,0.119027
325,1,587,0.119029
325,1,588,0.119031
325,1,589,0.119031
325,1,590,0.119031
325,1,591,0.119034
325,1,592,0.119037
325,1,593,0.119041
325,1,594,0.119057
325,1,595,0.119072
325,1,596,0.119079
325,1,597,0.119081
325,1,598,0.119083
325,1,599,0.11909
325,1,600,0.119098
325,1,601,0.119103
325,1,602,0.119106
325,1,603,0.119108
325,1,604,0.119154
325,1,605,0.1192
325,1,606,0.119225
325,1,607,0.119223
325,1,608,0.11922
325,1,609,0.119272
325,1,610,0.119331
325,1,611,0.119363
325,1,612,0.119346
325,1,613,0.11933
325,1,614,0.119454
325,1,615,0.11961
325,1,616,0.119709
325,1,617,0.119663
325,1,618,0.119616
325,1,619,0.119773
325,1,620,0.120003
325,1,621,0.120169
325,1,622,0.12008
325,1,623,0.119991
325,1,624,0.120744
325,1,625,0.121931
325,1,626,0.122988
325,1,627,0.1231
325,1,628,0.123213
325,1,629,0.12329
325,1,630,0.123341
325,1,631,0.123391
325,1,632,0.123417
325,1,633,0.123443
325,1,634,0.123468
325,1,635,0.123491
325,1,636,0.123514
325,1,637,0.123524
325,1,638,0.123534
325,1,639,0.123542
325,1,640,0.123549
325,1,641,0.123555
325,1,642,0.12356
325,1,643,0.123563
325,1,644,0.123567
325,1,645,0.12357
325,1,646,0.123573
325,1,647,0.123574
325,1,648,0.123575
325,1,649,0.123576
325,1,650,0.123577
