x,y,z,b
325,1,0,0.1236
325,1,1,0.1236
325,1,2,0.1236
325,1,3,0.123599
325,1,4,0.123597
325,1,5,0.123594
325,1,6,0.12359
325,1,7,0.123588
325,1,8,0.123585
325,1,9,0.123583
325,1,10,0.12358
325,1,11,0.123577
325,1,12,0.123572
325,1,13,0.123565
325,1,14,0.123557
325,1,15,0.123535
325,1,16,0.123512
325,1,17,0.123491
325,1,18,0.123471
325,1,19,0.123451
325,1,20,0.123414
325,1,21,0.123376
325,1,22,0.123315
325,1,23,0.123221
325,1,24,0.123126
325,1,25,0.122187
325,1,26,0.121132
325,1,27,0.120458
325,1,28,0.120526
325,1,29,0.120594
325,1,30,0.12046
325,1,31,0.120277
325,1,32,0.120149
325,1,33,0.120179
325,1,34,0.120208
325,1,35,0.120128
325,1,36,0.120005
325,1,37,0.119906
325,1,38,0.119911
325,1,39,0.119917
325,1,40,0.119899
325,1,41,0.119868
325,1,42,0.119841
325,1,43,0.119841
325,1,44,0.119842
325,1,45,0.119824
325,1,46,0.119792
325,1,47,0.11976
325,1,48,0.119757
325,1,49,0.119754
325,1,50,0.119752
325,1,51,0.11975
325,1,52,0.119749
325,1,53,0.119747
325,1,54,0.119746
325,1,55,0.119741
325,1,56,0.119731
325,1,57,0.119721
325,1,58,0.119718
325,1,59,0.119716
325,1,60,0.119715
325,1,61,0.119716
325,1,62,0.119717
325,1,63,0.119717
325,1,64,0.119716
325,1,65,0.119714
325,1,66,0.11971
325,1,67,0.119706
325,1,68,0.119704
325,1,69,0.119703
325,1,70,0.119703
325,1,71,0.119704
325,1,72,0.119704
325,1,73,0.119704
325,1,74,0.119704
325,1,75,0.119703
325,1,76,0.119701
325,1,77,0.1197
325,1,78,0.119699
325,1,79,0.119698
325,1,80,0.119698
325,1,81,0.119698
325,1,82,0.119698
325,1,83,0.119698
325,1,84,0.119698
325,1,85,0.119697
325,1,86,0.119697
325,1,87,0.119696
325,1,88,0.119695
325,1,89,0.119695
325,1,90,0.119695
325,1,91,0.119695
325,1,92,0.119695
325,1,93,0.119695
325,1,94,0.119695
325,1,95,0.119694
325,1,96,0.119694
325,1,97,0.119694
325,1,98,0.119693
325,1,99,0.119693
325,1,100,0.119693
325,1,101,0.119693
325,1,102,0.119693
325,1,103,0.119693
325,1,104,0.119692
325,1,105,0.119692
325,1,106,0.119692
325,1,107,0.119692
325,1,108,0.119691
325,1,109,0.119691
325,1,110,0.119691
325,1,111,0.119691
325,1,112,0.11969
325,1,113,0.11969
325,1,114,0.11969
325,1,115,0.11969
325,1,116,0.11969
325,1,117,0.119689
325,1,118,0.119689
325,1,119,0.119689
325,1,120,0.119688
325,1,121,0.119688
325,1,122,0.119688
325,1,123,0.119688
325,1,124,0.119688
325,1,125,0.119688
325,1,126,0.119687
325,1,127,0.119687
325,1,128,0.119687
325,1,129,0.119686
325,1,130,0.119686
325,1,131,0.119686
325,1,132,0.119686
325,1,133,0.119686
325,1,134,0.119685
325,1,135,0.119685
325,1,136,0.119685
325,1,137,0.119684
325,1,138,0.119684
325,1,139,0.119683
325,1,140,0.119683
325,1,141,0.119683
325,1,142,0.119683
325,1,143,0.119683
325,1,144,0.119683
325,1,145,0.119682
325,1,146,0.119682
325,1,147,0.119681
325,1,148,0.119681
325,1,149,0.11968
325,1,150,0.11968
325,1,151,0.119679
325,1,152,0.119679
325,1,153,0.119679
325,1,154,0.119679
325,1,155,0.119678
325,1,156,0.119678
325,1,157,0.119677
325,1,158,0.119676
325,1,159,0.119675
325,1,160,0.119675
325,1,161,0.119674
325,1,162,0.119674
325,1,163,0.119674
325,1,164,0.119674
325,1,165,0.119673
325,1,166,0.119673
325,1,167,0.119671
325,1,168,0.11967
325,1,169,0.119669
325,1,170,0.119668
325,1,171,0.119667
325,1,172,0.119667
325,1,173,0.119667
325,1,174,0.119667
325,1,175,0.119666
325,1,176,0.119665
325,1,177,0.119664
325,1,178,0.119662
325,1,179,0.11966
325,1,180,0.119659
325,1,181,0.119658
325,1,182,0.119658
325,1,183,0.119658
325,1,184,0.119658
325,1,185,0.119657
325,1,186,0.119655
325,1,187,0.119653
325,1,188,0.119651
325,1,189,0.119648
325,1,190,0.119646
325,1,191,0.119644
325,1,192,0.119643
325,1,193,0.119644
325,1,194,0.119644
325,1,195,0.119642
325,1,196,0.11964
325,1,197,0.119637
325,1,198,0.119633
325,1,199,0.119628
325,1,200,0.119625
325,1,201,0.119623
325,1,202,0.119621
325,1,203,0.119622
325,1,204,0.119622
325,1,205,0.11962
325,1,206,0.119617
325,1,207,0.119613
325,1,208,0.119606
325,1,209,0.119599
325,1,210,0.119594
325,1,211,0.11959
325,1,212,0.119586
325,1,213,0.119586
325,1,214,0.119587
325,1,215,0.119585
325,1,216,0.119579
325,1,217,0.119573
325,1,218,0.119562
325,1,219,0.119551
325,1,220,0.119541
325,1,221,0.119535
325,1,222,0.119529
325,1,223,0.119529
325,1,224,0.119531
325,1,225,0.11953
325,1,226,0.11952
325,1,227,0.11951
325,1,228,0.119494
325,1,229,0.119476
325,1,230,0.119459
325,1,231,0.119447
325,1,232,0.119434
325,1,233,0.11943
325,1,234,0.119429
325,1,235,0.119426
325,1,236,0.119409
325,1,237,0.119392
325,1,238,0.11937
325,1,239,0.119343
325,1,240,0.119317
325,1,241,0.119297
325,1,242,0.119276
325,1,243,0.119264
325,1,244,0.11926
325,1,245,0.119257
325,1,246,0.119231
325,1,247,0.119204
325,1,248,0.119175
325,1,249,0.119144
325,1,250,0.119112
325,1,251,0.11907
325,1,252,0.119027
325,1,253,0.11898
325,1,254,0.118928
325,1,255,0.118877
325,1,256,0.118832
325,1,257,0.118788
325,1,258,0.118761
325,1,259,0.118773
325,1,260,0.118785
325,1,261,0.118734
325,1,262,0.118661
325,1,263,0.118572
325,1,264,0.118425
325,1,265,0.118277
325,1,266,0.118163
325,1,267,0.118066
325,1,268,0.117998
325,1,269,0.11812
325,1,270,0.118243
325,1,271,0.118187
325,1,272,0.118006
325,1,273,0.117816
325,1,274,0.117446
325,1,275,0.117076
325,1,276,0.116707
325,1,277,0.116339
325,1,278,0.115972
325,1,279,0.116328
325,1,280,0.116704
325,1,281,0.116677
325,1,282,0.116122
325,1,283,0.115567
325,1,284,0.11482
325,1,285,0.11405
325,1,286,0.113151
325,1,287,0.112019
325,1,288,0.110886
325,1,289,0.110594
325,1,290,0.11049
325,1,291,0.110437
325,1,292,0.110516
325,1,293,0.110594
325,1,294,0.11114
325,1,295,0.111851
325,1,296,0.112908
325,1,297,0.115358
325,1,298,0.117808
325,1,299,0.118739
325,1,300,0.118887
325,1,301,0.118912
325,1,302,0.11804
325,1,303,0.117169
325,1,304,0.116937
325,1,305,0.117165
325,1,306,0.117447
325,1,307,0.118931
325,1,308,0.120415
325,1,309,0.121724
325,1,310,0.122861
325,1,311,0.123997
325,1,312,0.124847
325,1,313,0.125686
325,1,314,0.126131
325,1,315,0.126046
325,1,316,0.125961
325,1,317,0.124902
325,1,318,0.123719
325,1,319,0.124119
325,1,320,0.12749
325,1,321,0.130862
325,1,322,0.144552
325,1,323,0.160685
325,1,324,0.172794
325,1,325,0.173998
325,1,326,0.175201
325,1,327,0.171907
325,1,328,0.166953
325,1,329,0.160435
325,1,330,0.147314
325,1,331,0.134192
325,1,332,0.126662
325,1,333,0.122111
325,1,334,0.11778
325,1,335,0.115167
325,1,336,0.112554
325,1,337,0.11164
325,1,338,0.111985
325,1,339,0.11233
325,1,340,0.112678
325,1,341,0.113025
325,1,342,0.113583
325,1,343,0.114355
325,1,344,0.115128
325,1,345,0.115924
325,1,346,0.116721
325,1,347,0.11745
325,1,348,0.118082
325,1,349,0.118715
325,1,350,0.119257
325,1,351,0.119786
325,1,352,0.120282
325,1,353,0.120713
325,1,354,0.121143
325,1,355,0.12144
325,1,356,0.121703
325,1,357,0.121896
325,1,358,0.121887
325,1,359,0.121879
325,1,360,0.121781
325,1,361,0.121647
325,1,362,0.12155
325,1,363,0.121614
325,1,364,0.121678
325,1,365,0.121756
325,1,366,0.121841
325,1,367,0.121906
325,1,368,0.121793
325,1,369,0.12168
325,1,370,0.121542
325,1,371,0.121384
325,1,372,0.12123
325,1,373,0.12119
325,1,374,0.121151
325,1,375,0.121136
325,1,376,0.121149
325,1,377,0.121161
325,1,378,0.121092
325,1,379,0.121018
325,1,380,0.120932
325,1,381,0.120827
325,1,382,0.120723
325,1,383,0.120649
325,1,384,0.120579
325,1,385,0.120521
325,1,386,0.120486
325,1,387,0.120451
325,1,388,0.1204
325,1,389,0.120343
325,1,390,0.120289
325,1,391,0.12024
325,1,392,0.12019
325,1,393,0.12016
325,1,394,0.120138
325,1,395,0.120119
325,1,396,0.120114
325,1,397,0.12011
325,1,398,0.120098
325,1,399,0.120082
325,1,400,0.120065
325,1,401,0.120042
325,1,402,0.120018
325,1,403,0.119997
325,1,404,0.11998
325,1,405,0.119962
325,1,406,0.119952
325,1,407,0.119942
325,1,408,0.119931
325,1,409,0.119918
325,1,410,0.119906
325,1,411,0.119894
325,1,412,0.119882
325,1,413,0.119873
325,1,414,0.119866
325,1,415,0.11986
325,1,416,0.119857
325,1,417,0.119854
325,1,418,0.119851
325,1,419,0.119846
325,1,420,0.119841
325,1,421,0.119835
325,1,422,0.119829
325,1,423,0.119823
325,1,424,0.119818
325,1,425,0.119813
325,1,426,0.119809
325,1,427,0.119806
325,1,428,0.119802
325,1,429,0.119798
325,1,430,0.119795
325,1,431,0.119791
325,1,432,0.119788
325,1,433,0.119784
325,1,434,0.119781
325,1,435,0.119779
325,1,436,0.119777
325,1,437,0.119775
325,1,438,0.119774
325,1,439,0.119771
325,1,440,0.119769
325,1,441,0.119767
325,1,442,0.119764
325,1,443,0.119762
325,1,444,0.11976
325,1,445,0.119759
325,1,446,0.119757
325,1,447,0.119755
325,1,448,0.119754
325,1,449,0.119752
325,1,450,0.119751
325,1,451,0.11975
325,1,452,0.119748
325,1,453,0.119747
325,1,454,0.119745
325,1,455,0.119744
325,1,456,0.119742
325,1,457,0.119741
325,1,458,0.11974
325,1,459,0.119739
325,1,460,0.119738
325,1,461,0.119737
325,1,462,0.119736
325,1,463,0.119735
325,1,464,0.119734
325,1,465,0.119733
325,1,466,0.119732
325,1,467,0.119731
325,1,468,0.11973
325,1,469,0.119729
325,1,470,0.119729
325,1,471,0.119728
325,1,472,0.119727
325,1,473,0.119726
325,1,474,0.119726
325,1,475,0.119725
325,1,476,0.119724
325,1,477,0.119723
325,1,478,0.119723
325,1,479,0.119722
325,1,480,0.119721
325,1,481,0.11972
325,1,482,0.11972
325,1,483,0.119719
325,1,484,0.119719
325,1,485,0.119718
325,1,486,0.119718
325,1,487,0.119718
325,1,488,0.119717
325,1,489,0.119717
325,1,490,0.119717
325,1,491,0.119716
325,1,492,0.119716
325,1,493,0.119716
325,1,494,0.119715
325,1,495,0.119715
325,1,496,0.119714
325,1,497,0.119714
325,1,498,0.119714
325,1,499,0.119714
325,1,500,0.119713
325,1,501,0.119713
325,1,502,0.119712
325,1,503,0.119712
325,1,504,0.119712
325,1,505,0.119712
325,1,506,0.119712
325,1,507,0.119711
325,1,508,0.119711
325,1,509,0.119711
325,1,510,0.119711
325,1,511,0.11971
325,1,512,0.11971
325,1,513,0.11971
325,1,514,0.11971
325,1,515,0.11971
325,1,516,0.119709
325,1,517,0.119709
325,1,518,0.119709
325,1,519,0.119709
325,1,520,0.119709
325,1,521,0.119708
325,1,522,0.119708
325,1,523,0.119708
325,1,524,0.119708
325,1,525,0.119708
325,1,526,0.119708
325,1,527,0.119708
325,1,528,0.119707
325,1,529,0.119707
325,1,530,0.119707
325,1,531,0.119707
325,1,532,0.119707
325,1,533,0.119707
325,1,534,0.119707
325,1,535,0.119707
325,1,536,0.119707
325,1,537,0.119707
325,1,538,0.119706
325,1,539,0.119706
325,1,540,0.119706
325,1,541,0.119706
325,1,542,0.119706
325,1,543,0.119706
325,1,544,0.119706
325,1,545,0.119706
325,1,546,0.119706
325,1,547,0.119706
325,1,548,0.119706
325,1,549,0.119706
325,1,550,0.119706
325,1,551,0.119706
325,1,552,0.119706
325,1,553,0.119706
325,1,554,0.119706
325,1,555,0.119706
325,1,556,0.119706
325,1,557,0.119706
325,1,558,0.119706
325,1,559,0.119706
325,1,560,0.119706
325,1,561,0.119706
325,1,562,0.119706
325,1,563,0.119706
325,1,564,0.119707
325,1,565,0.119708
325,1,566,0.119708
325,1,567,0.119708
325,1,568,0.119708
325,1,569,0.119707
325,1,570,0.119707
325,1,571,0.119708
325,1,572,0.119708
325,1,573,0.119709
325,1,574,0.11971
325,1,575,0.119712
325,1,576,0.119712
325,1,577,0.119713
325,1,578,0.119712
325,1,579,0.119711
325,1,580,0.11971
325,1,581,0.119711
325,1,582,0.119712
325,1,583,0.119713
325,1,584,0.119717
325,1,585,0.119721
325,1,586,0.119723
325,1,587,0.119724
325,1,588,0.119724
325,1,589,0.119723
325,1,590,0.119722
325,1,591,0.119723
325,1,592,0.119725
325,1,593,0.119728
325,1,594,0.119738
325,1,595,0.119749
325,1,596,0.119754
325,1,597,0.119755
325,1,598,0.119756
325,1,599,0.119757
325,1,600,0.119757
325,1,601,0.119759
325,1,602,0.119762
325,1,603,0.119766
325,1,604,0.119798
325,1,605,0.119832
325,1,606,0.119851
325,1,607,0.11985
325,1,608,0.11985
325,1,609,0.119876
325,1,610,0.119904
325,1,611,0.119921
325,1,612,0.119916
325,1,613,0.119912
325,1,614,0.120015
325,1,615,0.120142
325,1,616,0.120226
325,1,617,0.120195
325,1,618,0.120165
325,1,619,0.120288
325,1,620,0.120464
325,1,621,0.120593
325,1,622,0.120527
325,1,623,0.12046
325,1,624,0.121139
325,1,625,0.1222
325,1,626,0.123143
325,1,627,0.123228
325,1,628,0.123313
325,1,629,0.123373
325,1,630,0.123414
325,1,631,0.123454
325,1,632,0.123473
325,1,633,0.123492
325,1,634,0.123512
325,1,635,0.123533
325,1,636,0.123554
325,1,637,0.123562
325,1,638,0.123568
325,1,639,0.123574
325,1,640,0.123578
325,1,641,0.123583
325,1,642,0.123585
325,1,643,0.123588
325,1,644,0.123591
325,1,645,0.123594
325,1,646,0.123597
325,1,647,0.123598
325,1,648,0.123599
325,1,649,0.1236
325,1,650,0.1236
