x,y,z,b
325,1,0,0.123616
325,1,1,0.123616
325,1,2,0.123616
325,1,3,0.123615
325,1,4,0.123614
325,1,5,0.123611
325,1,6,0.123608
325,1,7,0.123605
325,1,8,0.123604
325,1,9,0.123602
325,1,10,0.1236
325,1,11,0.123597
325,1,12,0.123593
325,1,13,0.123588
325,1,14,0.123582
325,1,15,0.123561
325,1,16,0.123541
325,1,17,0.123523
325,1,18,0.123507
325,1,19,0.123492
325,1,20,0.123459
325,1,21,0.123426
325,1,22,0.123375
325,1,23,0.123299
325,1,24,0.123223
325,1,25,0.122352
325,1,26,0.121372
325,1,27,0.120743
325,1,28,0.120796
325,1,29,0.120849
325,1,30,0.120738
325,1,31,0.120587
325,1,32,0.12048
325,1,33,0.120502
325,1,34,0.120524
325,1,35,0.120454
325,1,36,0.12035
325,1,37,0.120266
325,1,38,0.120267
325,1,39,0.120267
325,1,40,0.120256
325,1,41,0.120238
325,1,42,0.120222
325,1,43,0.120222
325,1,44,0.120222
325,1,45,0.120207
325,1,46,0.120182
325,1,47,0.120157
325,1,48,0.120154
325,1,49,0.120151
325,1,50,0.12015
325,1,51,0.120151
325,1,52,0.120151
325,1,53,0.12015
325,1,54,0.120149
325,1,55,0.120145
325,1,56,0.120138
325,1,57,0.12013
325,1,58,0.120128
325,1,59,0.120126
325,1,60,0.120126
325,1,61,0.120127
325,1,62,0.120128
325,1,63,0.120128
325,1,64,0.120127
325,1,65,0.120126
325,1,66,0.120123
325,1,67,0.120121
325,1,68,0.120119
325,1,69,0.120118
325,1,70,0.120118
325,1,71,0.120119
325,1,72,0.120119
325,1,73,0.120119
325,1,74,0.120119
325,1,75,0.120119
325,1,76,0.120117
325,1,77,0.120116
325,1,78,0.120115
325,1,79,0.120115
325,1,80,0.120115
325,1,81,0.120115
325,1,82,0.120115
325,1,83,0.120115
325,1,84,0.120115
325,1,85,0.120115
325,1,86,0.120114
325,1,87,0.120114
325,1,88,0.120113
325,1,89,0.120113
325,1,90,0.120113
325,1,91,0.120113
325,1,92,0.120113
325,1,93,0.120113
325,1,94,0.120113
325,1,95,0.120113
325,1,96,0.120112
325,1,97,0.120112
325,1,98,0.120112
325,1,99,0.120112
325,1,100,0.120112
325,1,101,0.120112
325,1,102,0.120112
325,1,103,0.120112
325,1,104,0.120111
325,1,105,0.120111
325,1,106,0.120111
325,1,107,0.120111
325,1,108,0.120111
325,1,109,0.120111
325,1,110,0.12011
325,1,111,0.12011
325,1,112,0.12011
325,1,113,0.12011
325,1,114,0.12011
325,1,115,0.12011
325,1,116,0.12011
325,1,117,0.12011
325,1,118,0.120109
325,1,119,0.120109
325,1,120,0.120109
325,1,121,0.120109
325,1,122,0.120109
325,1,123,0.120109
325,1,124,0.120109
325,1,125,0.120109
325,1,126,0.120109
325,1,127,0.120108
325,1,128,0.120108
325,1,129,0.120108
325,1,130,0.120108
325,1,131,0.120108
325,1,132,0.120107
325,1,133,0.120107
325,1,134,0.120107
325,1,135,0.120107
325,1,136,0.120107
325,1,137,0.120107
325,1,138,0.120106
325,1,139,0.120106
325,1,140,0.120106
325,1,141,0.120106
325,1,142,0.120106
325,1,143,0.120106
325,1,144,0.120105
325,1,145,0.120105
325,1,146,0.120105
325,1,147,0.120105
325,1,148,0.120104
325,1,149,0.120104
325,1,150,0.120104
325,1,151,0.120104
325,1,152,0.120104
325,1,153,0.120104
325,1,154,0.120104
325,1,155,0.120103
325,1,156,0.120103
325,1,157,0.120103
325,1,158,0.120102
325,1,159,0.120102
325,1,160,0.120102
325,1,161,0.120101
325,1,162,0.120101
325,1,163,0.120101
325,1,164,0.120101
325,1,165,0.120101
325,1,166,0.120101
325,1,167,0.1201
325,1,168,0.1201
325,1,169,0.120099
325,1,170,0.120099
325,1,171,0.120098
325,1,172,0.120098
325,1,173,0.120098
325,1,174,0.120098
325,1,175,0.120098
325,1,176,0.120097
325,1,177,0.120096
325,1,178,0.120095
325,1,179,0.120095
325,1,180,0.120094
325,1,181,0.120094
325,1,182,0.120093
325,1,183,0.120094
325,1,184,0.120094
325,1,185,0.120093
325,1,186,0.120093
325,1,187,0.120092
325,1,188,0.12009
325,1,189,0.120089
325,1,190,0.120088
325,1,191,0.120087
325,1,192,0.120087
325,1,193,0.120087
325,1,194,0.120087
325,1,195,0.120086
325,1,196,0.120085
325,1,197,0.120084
325,1,198,0.120082
325,1,199,0.12008
325,1,200,0.120078
325,1,201,0.120077
325,1,202,0.120077
325,1,203,0.120077
325,1,204,0.120078
325,1,205,0.120077
325,1,206,0.120076
325,1,207,0.120074
325,1,208,0.120071
325,1,209,0.120068
325,1,210,0.120065
325,1,211,0.120064
325,1,212,0.120062
325,1,213,0.120063
325,1,214,0.120064
325,1,215,0.120063
325,1,216,0.12006
325,1,217,0.120058
325,1,218,0.120053
325,1,219,0.120048
325,1,220,0.120044
325,1,221,0.120042
325,1,222,0.12004
325,1,223,0.120041
325,1,224,0.120044
325,1,225,0.120044
325,1,226,0.120041
325,1,227,0.120038
325,1,228,0.120031
325,1,229,0.120023
325,1,230,0.120016
325,1,231,0.120012
325,1,232,0.120007
325,1,233,0.120008
325,1,234,0.12001
325,1,235,0.120011
325,1,236,0.120005
325,1,237,0.119999
325,1,238,0.11999
325,1,239,0.119979
325,1,240,0.119967
325,1,241,0.119962
325,1,242,0.119956
325,1,243,0.119956
325,1,244,0.119961
325,1,245,0.119965
325,1,246,0.119958
325,1,247,0.119952
325,1,248,0.119942
325,1,249,0.119928
325,1,250,0.119914
325,1,251,0.1199
325,1,252,0.119886
325,1,253,0.119874
325,1,254,0.119866
325,1,255,0.119858
325,1,256,0.119846
325,1,257,0.119833
325,1,258,0.119824
325,1,259,0.119822
325,1,260,0.119821
325,1,261,0.119808
325,1,262,0.119791
325,1,263,0.119772
325,1,264,0.119742
325,1,265,0.119712
325,1,266,0.119692
325,1,267,0.119677
325,1,268,0.11967
325,1,269,0.119723
325,1,270,0.119775
325,1,271,0.119765
325,1,272,0.119712
325,1,273,0.119652
325,1,274,0.119476
325,1,275,0.119299
325,1,276,0.119164
325,1,277,0.11907
325,1,278,0.118975
325,1,279,0.119171
325,1,280,0.119375
325,1,281,0.119458
325,1,282,0.119384
325,1,283,0.11931
325,1,284,0.119145
325,1,285,0.118968
325,1,286,0.118754
325,1,287,0.118475
325,1,288,0.118195
325,1,289,0.118463
325,1,290,0.118854
325,1,291,0.119125
325,1,292,0.119083
325,1,293,0.11904
325,1,294,0.119299
325,1,295,0.119664
325,1,296,0.120039
325,1,297,0.120454
325,1,298,0.120869
325,1,299,0.120496
325,1,300,0.119718
325,1,301,0.119034
325,1,302,0.119035
325,1,303,0.119035
325,1,304,0.119344
325,1,305,0.119875
325,1,306,0.120369
325,1,307,0.120052
325,1,308,0.119736
325,1,309,0.119054
325,1,310,0.118012
325,1,311,0.116971
325,1,312,0.116669
325,1,313,0.116394
325,1,314,0.115922
325,1,315,0.115184
325,1,316,0.114446
325,1,317,0.116332
325,1,318,0.118554
325,1,319,0.118857
325,1,320,0.115558
325,1,321,0.11226
325,1,322,0.118719
325,1,323,0.127489
325,1,324,0.137396
325,1,325,0.150384
325,1,326,0.163373
325,1,327,0.156763
325,1,328,0.14292
325,1,329,0.1301
325,1,330,0.121601
325,1,331,0.113102
325,1,332,0.110201
325,1,333,0.110283
325,1,334,0.110307
325,1,335,0.10988
325,1,336,0.109453
325,1,337,0.110244
325,1,338,0.111938
325,1,339,0.113596
325,1,340,0.114284
325,1,341,0.114973
325,1,342,0.115697
325,1,343,0.116457
325,1,344,0.117218
325,1,345,0.117825
325,1,346,0.118425
325,1,347,0.118969
325,1,348,0.119436
325,1,349,0.119902
325,1,350,0.120326
325,1,351,0.120744
325,1,352,0.121139
325,1,353,0.121486
325,1,354,0.121834
325,1,355,0.122056
325,1,356,0.122248
325,1,357,0.122388
325,1,358,0.122381
325,1,359,0.122374
325,1,360,0.122238
325,1,361,0.122052
325,1,362,0.121895
325,1,363,0.121867
325,1,364,0.121839
325,1,365,0.121837
325,1,366,0.12185
325,1,367,0.12185
325,1,368,0.121743
325,1,369,0.121637
325,1,370,0.121519
325,1,371,0.121393
325,1,372,0.121269
325,1,373,0.121215
325,1,374,0.121161
325,1,375,0.12113
325,1,376,0.121122
325,1,377,0.121114
325,1,378,0.12106
325,1,379,0.121003
325,1,380,0.120942
325,1,381,0.120874
325,1,382,0.120806
325,1,383,0.120757
325,1,384,0.12071
325,1,385,0.12067
325,1,386,0.120645
325,1,387,0.12062
325,1,388,0.120589
325,1,389,0.120556
325,1,390,0.120524
325,1,391,0.120493
325,1,392,0.120462
325,1,393,0.12044
325,1,394,0.120422
325,1,395,0.120406
325,1,396,0.1204
325,1,397,0.120395
325,1,398,0.120384
325,1,399,0.120371
325,1,400,0.120358
325,1,401,0.120344
325,1,402,0.12033
325,1,403,0.120318
325,1,404,0.120307
325,1,405,0.120297
325,1,406,0.12029
325,1,407,0.120282
325,1,408,0.120275
325,1,409,0.120269
325,1,410,0.120262
325,1,411,0.120255
325,1,412,0.120248
325,1,413,0.120242
325,1,414,0.120236
325,1,415,0.120231
325,1,416,0.120227
325,1,417,0.120224
325,1,418,0.120221
325,1,419,0.120216
325,1,420,0.120212
325,1,421,0.120208
325,1,422,0.120204
325,1,423,0.120201
325,1,424,0.120198
325,1,425,0.120195
325,1,426,0.120192
325,1,427,0.120189
325,1,428,0.120187
325,1,429,0.120185
325,1,430,0.120183
325,1,431,0.120181
325,1,432,0.120179
325,1,433,0.120177
325,1,434,0.120175
325,1,435,0.120172
325,1,436,0.12017
325,1,437,0.120169
325,1,438,0.120167
325,1,439,0.120165
325,1,440,0.120163
325,1,441,0.120161
325,1,442,0.12016
325,1,443,0.120159
325,1,444,0.120158
325,1,445,0.120157
325,1,446,0.120156
325,1,447,0.120154
325,1,448,0.120153
325,1,449,0.120152
325,1,450,0.120152
325,1,451,0.120151
325,1,452,0.12015
325,1,453,0.120149
325,1,454,0.120148
325,1,455,0.120147
325,1,456,0.120146
325,1,457,0.120145
325,1,458,0.120144
325,1,459,0.120143
325,1,460,0.120142
325,1,461,0.120141
325,1,462,0.12014
325,1,463,0.12014
325,1,464,0.120139
325,1,465,0.120138
325,1,466,0.120138
325,1,467,0.120137
325,1,468,0.120136
325,1,469,0.120136
325,1,470,0.120135
325,1,471,0.120135
325,1,472,0.120135
325,1,473,0.120134
325,1,474,0.120133
325,1,475,0.120133
325,1,476,0.120132
325,1,477,0.120132
325,1,478,0.120131
325,1,479,0.120131
325,1,480,0.12013
325,1,481,0.12013
325,1,482,0.120129
325,1,483,0.120129
325,1,484,0.120129
325,1,485,0.120129
325,1,486,0.120128
325,1,487,0.120128
325,1,488,0.120128
325,1,489,0.120127
325,1,490,0.120127
325,1,491,0.120127
325,1,492,0.120127
325,1,493,0.120127
325,1,494,0.120127
325,1,495,0.120126
325,1,496,0.120126
325,1,497,0.120126
325,1,498,0.120125
325,1,499,0.120125
325,1,500,0.120125
325,1,501,0.120125
325,1,502,0.120124
325,1,503,0.120124
325,1,504,0.120124
325,1,505,0.120124
325,1,506,0.120124
325,1,507,0.120124
325,1,508,0.120123
325,1,509,0.120123
325,1,510,0.120123
325,1,511,0.120123
325,1,512,0.120123
325,1,513,0.120123
325,1,514,0.120123
325,1,515,0.120123
325,1,516,0.120122
325,1,517,0.120122
325,1,518,0.120122
325,1,519,0.120122
325,1,520,0.120122
325,1,521,0.120122
325,1,522,0.120121
325,1,523,0.120121
325,1,524,0.120121
325,1,525,0.120121
325,1,526,0.120121
325,1,527,0.120121
325,1,528,0.120121
325,1,529,0.120121
325,1,530,0.120121
325,1,531,0.120121
325,1,532,0.120121
325,1,533,0.120121
325,1,534,0.120121
325,1,535,0.120121
325,1,536,0.12012
325,1,537,0.12012
325,1,538,0.12012
325,1,539,0.12012
325,1,540,0.12012
325,1,541,0.12012
325,1,542,0.12012
325,1,543,0.12012
325,1,544,0.12012
325,1,545,0.12012
325,1,546,0.12012
325,1,547,0.12012
325,1,548,0.12012
325,1,549,0.12012
325,1,550,0.12012
325,1,551,0.12012
325,1,552,0.12012
325,1,553,0.12012
325,1,554,0.12012
325,1,555,0.12012
325,1,556,0.12012
325,1,557,0.12012
325,1,558,0.12012
325,1,559,0.12012
325,1,560,0.12012
325,1,561,0.12012
325,1,562,0.12012
325,1,563,0.12012
325,1,564,0.120121
325,1,565,0.120121
325,1,566,0.120121
325,1,567,0.120121
325,1,568,0.120121
325,1,569,0.120121
325,1,570,0.120121
325,1,571,0.120121
325,1,572,0.120121
325,1,573,0.120122
325,1,574,0.120123
325,1,575,0.120124
325,1,576,0.120124
325,1,577,0.120124
325,1,578,0.120124
325,1,579,0.120123
325,1,580,0.120123
325,1,581,0.120123
325,1,582,0.120124
325,1,583,0.120125
325,1,584,0.120128
325,1,585,0.120131
325,1,586,0.120132
325,1,587,0.120132
325,1,588,0.120133
325,1,589,0.120131
325,1,590,0.12013
325,1,591,0.12013
325,1,592,0.120132
325,1,593,0.120134
325,1,594,0.120142
325,1,595,0.12015
325,1,596,0.120154
325,1,597,0.120155
325,1,598,0.120156
325,1,599,0.120154
325,1,600,0.120153
325,1,601,0.120154
325,1,602,0.120157
325,1,603,0.12016
325,1,604,0.120186
325,1,605,0.120212
325,1,606,0.120227
325,1,607,0.120227
325,1,608,0.120228
325,1,609,0.120243
325,1,610,0.120259
325,1,611,0.12027
325,1,612,0.12027
325,1,613,0.12027
325,1,614,0.120357
325,1,615,0.120464
325,1,616,0.120535
325,1,617,0.120513
325,1,618,0.120491
325,1,619,0.120593
325,1,620,0.12074
325,1,621,0.120848
325,1,622,0.120796
325,1,623,0.120744
325,1,624,0.121376
325,1,625,0.122361
325,1,626,0.123234
325,1,627,0.123304
325,1,628,0.123374
325,1,629,0.123423
325,1,630,0.123459
325,1,631,0.123493
325,1,632,0.123509
325,1,633,0.123524
325,1,634,0.123541
325,1,635,0.12356
325,1,636,0.12358
325,1,637,0.123586
325,1,638,0.123591
325,1,639,0.123596
325,1,640,0.123599
325,1,641,0.123602
325,1,642,0.123604
325,1,643,0.123606
325,1,644,0.123608
325,1,645,0.123611
325,1,646,0.123614
325,1,647,0.123615
325,1,648,0.123615
325,1,649,0.123616
325,1,650,0.123616
