x,y,z,b
325,1,0,0.123576
325,1,1,0.123577
325,1,2,0.123576
325,1,3,0.123575
325,1,4,0.123573
325,1,5,0.123568
325,1,6,0.123564
325,1,7,0.123561
325,1,8,0.123557
325,1,9,0.123554
325,1,10,0.123549
325,1,11,0.123544
325,1,12,0.123536
325,1,13,0.123526
325,1,14,0.123516
325,1,15,0.12349
325,1,16,0.123464
325,1,17,0.123437
325,1,18,0.123408
325,1,19,0.123379
325,1,20,0.123333
325,1,21,0.123286
325,1,22,0.123203
325,1,23,0.123069
325,1,24,0.122935
325,1,25,0.121869
325,1,26,0.120674
325,1,27,0.119917
325,1,28,0.120013
325,1,29,0.120109
325,1,30,0.119928
325,1,31,0.119679
325,1,32,0.119508
325,1,33,0.119556
325,1,34,0.119604
325,1,35,0.119508
325,1,36,0.119357
325,1,37,0.119237
325,1,38,0.119256
325,1,39,0.119276
325,1,40,0.119239
325,1,41,0.119171
325,1,42,0.119111
325,1,43,0.119114
325,1,44,0.119118
325,1,45,0.119093
325,1,46,0.119048
325,1,47,0.119004
325,1,48,0.119002
325,1,49,0.119
325,1,50,0.118993
325,1,51,0.118982
325,1,52,0.118971
325,1,53,0.118968
325,1,54,0.118966
325,1,55,0.118958
325,1,56,0.118943
325,1,57,0.118928
325,1,58,0.118924
325,1,59,0.118921
325,1,60,0.118919
325,1,61,0.118917
325,1,62,0.118916
325,1,63,0.118914
325,1,64,0.118912
325,1,65,0.118909
325,1,66,0.118903
325,1,67,0.118897
325,1,68,0.118894
325,1,69,0.118893
325,1,70,0.118891
325,1,71,0.118892
325,1,72,0.118892
325,1,73,0.118891
325,1,74,0.11889
325,1,75,0.118889
325,1,76,0.118886
325,1,77,0.118884
325,1,78,0.118882
325,1,79,0.118881
325,1,80,0.11888
325,1,81,0.11888
325,1,82,0.11888
325,1,83,0.11888
325,1,84,0.118879
325,1,85,0.118878
325,1,86,0.118877
325,1,87,0.118876
325,1,88,0.118875
325,1,89,0.118874
325,1,90,0.118874
325,1,91,0.118874
325,1,92,0.118874
325,1,93,0.118873
325,1,94,0.118873
325,1,95,0.118872
325,1,96,0.118871
325,1,97,0.118871
325,1,98,0.11887
325,1,99,0.118869
325,1,100,0.118869
325,1,101,0.118868
325,1,102,0.118868
325,1,103,0.118868
325,1,104,0.118867
325,1,105,0.118867
325,1,106,0.118866
325,1,107,0.118865
325,1,108,0.118864
325,1,109,0.118864
325,1,110,0.118863
325,1,111,0.118863
325,1,112,0.118863
325,1,113,0.118862
325,1,114,0.118862
325,1,115,0.118861
325,1,116,0.11886
325,1,117,0.118859
325,1,118,0.118858
325,1,119,0.118858
325,1,120,0.118857
325,1,121,0.118856
325,1,122,0.118856
325,1,123,0.118856
325,1,124,0.118855
325,1,125,0.118854
325,1,126,0.118853
325,1,127,0.118852
325,1,128,0.118851
325,1,129,0.11885
325,1,130,0.118849
325,1,131,0.118848
325,1,132,0.118847
325,1,133,0.118847
325,1,134,0.118846
325,1,135,0.118845
325,1,136,0.118843
325,1,137,0.118842
325,1,138,0.11884
325,1,139,0.118839
325,1,140,0.118837
325,1,141,0.118836
325,1,142,0.118836
325,1,143,0.118835
325,1,144,0.118834
325,1,145,0.118832
325,1,146,0.118831
325,1,147,0.118828
325,1,148,0.118826
325,1,149,0.118824
325,1,150,0.118822
325,1,151,0.11882
325,1,152,0.118819
325,1,153,0.118819
325,1,154,0.118817
325,1,155,0.118815
325,1,156,0.118812
325,1,157,0.118809
325,1,158,0.118805
325,1,159,0.118802
325,1,160,0.118799
325,1,161,0.118797
325,1,162,0.118796
325,1,163,0.118795
325,1,164,0.118793
325,1,165,0.11879
325,1,166,0.118786
325,1,167,0.118782
325,1,168,0.118776
325,1,169,0.118771
325,1,170,0.118767
325,1,171,0.118763
325,1,172,0.11876
325,1,173,0.118759
325,1,174,0.118758
325,1,175,0.118752
325,1,176,0.118746
325,1,177,0.118738
325,1,178,0.118729
325,1,179,0.118721
325,1,180,0.118715
325,1,181,0.118709
325,1,182,0.118705
325,1,183,0.118703
325,1,184,0.118702
325,1,185,0.118693
325,1,186,0.118684
325,1,187,0.118672
325,1,188,0.118657
325,1,189,0.118642
325,1,190,0.118631
325,1,191,0.118621
325,1,192,0.118614
325,1,193,0.118611
325,1,194,0.118609
325,1,195,0.118595
325,1,196,0.118579
325,1,197,0.11856
325,1,198,0.118534
325,1,199,0.118508
325,1,200,0.118489
325,1,201,0.118473
325,1,202,0.11846
325,1,203,0.118457
325,1,204,0.118454
325,1,205,0.118436
325,1,206,0.118407
325,1,207,0.118376
325,1,208,0.11833
325,1,209,0.118283
325,1,210,0.118247
325,1,211,0.118218
325,1,212,0.11819
325,1,213,0.118185
325,1,214,0.118181
325,1,215,0.118153
325,1,216,0.118096
325,1,217,0.118039
325,1,218,0.117957
325,1,219,0.117873
325,1,220,0.1178
325,1,221,0.117748
325,1,222,0.117696
325,1,223,0.117671
325,1,224,0.117651
325,1,225,0.117606
325,1,226,0.1175
325,1,227,0.117394
325,1,228,0.11726
325,1,229,0.117117
325,1,230,0.116978
325,1,231,0.116853
325,1,232,0.116728
325,1,233,0.116632
325,1,234,0.116549
325,1,235,0.116448
325,1,236,0.116225
325,1,237,0.116003
325,1,238,0.115792
325,1,239,0.115588
325,1,240,0.115382
325,1,241,0.115134
325,1,242,0.114885
325,1,243,0.114706
325,1,244,0.114592
325,1,245,0.114477
325,1,246,0.114079
325,1,247,0.113674
325,1,248,0.113208
325,1,249,0.112663
325,1,250,0.112118
325,1,251,0.110979
325,1,252,0.109776
325,1,253,0.108381
325,1,254,0.10665
325,1,255,0.104918
325,1,256,0.104295
325,1,257,0.103907
325,1,258,0.104219
325,1,259,0.106282
325,1,260,0.108345
325,1,261,0.111728
325,1,262,0.115561
325,1,263,0.11921
325,1,264,0.122158
325,1,265,0.125107
325,1,266,0.128462
325,1,267,0.13202
325,1,268,0.13542
325,1,269,0.13775
325,1,270,0.14008
325,1,271,0.141366
325,1,272,0.141926
325,1,273,0.142385
325,1,274,0.140951
325,1,275,0.139518
325,1,276,0.137678
325,1,277,0.135449
325,1,278,0.133221
325,1,279,0.132802
325,1,280,0.132435
325,1,281,0.135785
325,1,282,0.143993
325,1,283,0.152202
325,1,284,0.157888
325,1,285,0.163277
325,1,286,0.167119
325,1,287,0.168153
325,1,288,0.169188
325,1,289,0.169876
325,1,290,0.170487
325,1,291,0.171187
325,1,292,0.172119
325,1,293,0.173051
325,1,294,0.173707
325,1,295,0.174266
325,1,296,0.174727
325,1,297,0.174795
325,1,298,0.174863
325,1,299,0.1745
325,1,300,0.173914
325,1,301,0.1733
325,1,302,0.172482
325,1,303,0.171664
325,1,304,0.170804
325,1,305,0.169914
325,1,306,0.16901
325,1,307,0.167801
325,1,308,0.166592
325,1,309,0.165054
325,1,310,0.163193
325,1,311,0.161332
325,1,312,0.158738
325,1,313,0.156118
325,1,314,0.153358
325,1,315,0.150411
325,1,316,0.147463
325,1,317,0.146441
325,1,318,0.145664
325,1,319,0.146342
325,1,320,0.14975
325,1,321,0.153158
325,1,322,0.154786
325,1,323,0.155994
325,1,324,0.156072
325,1,325,0.153091
325,1,326,0.15011
325,1,327,0.145902
325,1,328,0.141241
325,1,329,0.137359
325,1,330,0.136768
325,1,331,0.136177
325,1,332,0.135619
325,1,333,0.135078
325,1,334,0.134274
325,1,335,0.131399
325,1,336,0.128524
325,1,337,0.125506
325,1,338,0.122383
325,1,339,0.119294
325,1,340,0.117125
325,1,341,0.114956
325,1,342,0.113681
325,1,343,0.113313
325,1,344,0.112946
325,1,345,0.113508
325,1,346,0.114111
325,1,347,0.11473
325,1,348,0.115373
325,1,349,0.116015
325,1,350,0.116642
325,1,351,0.117266
325,1,352,0.117851
325,1,353,0.118358
325,1,354,0.118865
325,1,355,0.119175
325,1,356,0.119435
325,1,357,0.11968
325,1,358,0.119878
325,1,359,0.120077
325,1,360,0.120344
325,1,361,0.120638
325,1,362,0.120906
325,1,363,0.121058
325,1,364,0.12121
325,1,365,0.121292
325,1,366,0.121336
325,1,367,0.121359
325,1,368,0.121204
325,1,369,0.121049
325,1,370,0.120906
325,1,371,0.12077
325,1,372,0.120642
325,1,373,0.120763
325,1,374,0.120885
325,1,375,0.121042
325,1,376,0.121236
325,1,377,0.12143
325,1,378,0.121356
325,1,379,0.121268
325,1,380,0.121131
325,1,381,0.120923
325,1,382,0.120715
325,1,383,0.12062
325,1,384,0.120542
325,1,385,0.120487
325,1,386,0.120477
325,1,387,0.120468
325,1,388,0.120389
325,1,389,0.120291
325,1,390,0.120189
325,1,391,0.120072
325,1,392,0.119956
325,1,393,0.119883
325,1,394,0.119828
325,1,395,0.11978
325,1,396,0.119772
325,1,397,0.119763
325,1,398,0.119727
325,1,399,0.119676
325,1,400,0.119624
325,1,401,0.119564
325,1,402,0.119505
325,1,403,0.11946
325,1,404,0.119428
325,1,405,0.119396
325,1,406,0.119383
325,1,407,0.119369
325,1,408,0.119352
325,1,409,0.119328
325,1,410,0.119305
325,1,411,0.119277
325,1,412,0.119248
325,1,413,0.119225
325,1,414,0.11921
325,1,415,0.119196
325,1,416,0.119191
325,1,417,0.119189
325,1,418,0.119183
325,1,419,0.119171
325,1,420,0.119159
325,1,421,0.119144
325,1,422,0.119129
325,1,423,0.119116
325,1,424,0.119106
325,1,425,0.119096
325,1,426,0.11909
325,1,427,0.119084
325,1,428,0.119079
325,1,429,0.119072
325,1,430,0.119065
325,1,431,0.119057
325,1,432,0.119049
325,1,433,0.119041
325,1,434,0.119036
325,1,435,0.119031
325,1,436,0.119028
325,1,437,0.119027
325,1,438,0.119025
325,1,439,0.119021
325,1,440,0.119017
325,1,441,0.119012
325,1,442,0.119007
325,1,443,0.119003
325,1,444,0.118999
325,1,445,0.118995
325,1,446,0.118991
325,1,447,0.118989
325,1,448,0.118986
325,1,449,0.118983
325,1,450,0.11898
325,1,451,0.118977
325,1,452,0.118974
325,1,453,0.118971
325,1,454,0.118968
325,1,455,0.118966
325,1,456,0.118964
325,1,457,0.118963
325,1,458,0.118962
325,1,459,0.118961
325,1,460,0.118959
325,1,461,0.118957
325,1,462,0.118954
325,1,463,0.118952
325,1,464,0.11895
325,1,465,0.118948
325,1,466,0.118947
325,1,467,0.118945
325,1,468,0.118944
325,1,469,0.118942
325,1,470,0.118941
325,1,471,0.118939
325,1,472,0.118938
325,1,473,0.118936
325,1,474,0.118935
325,1,475,0.118934
325,1,476,0.118932
325,1,477,0.118932
325,1,478,0.118931
325,1,479,0.11893
325,1,480,0.118929
325,1,481,0.118928
325,1,482,0.118927
325,1,483,0.118926
325,1,484,0.118924
325,1,485,0.118923
325,1,486,0.118923
325,1,487,0.118922
325,1,488,0.118921
325,1,489,0.11892
325,1,490,0.118919
325,1,491,0.118919
325,1,492,0.118918
325,1,493,0.118917
325,1,494,0.118916
325,1,495,0.118915
325,1,496,0.118914
325,1,497,0.118914
325,1,498,0.118914
325,1,499,0.118913
325,1,500,0.118913
325,1,501,0.118912
325,1,502,0.118911
325,1,503,0.118911
325,1,504,0.11891
325,1,505,0.11891
325,1,506,0.118909
325,1,507,0.118909
325,1,508,0.118909
325,1,509,0.118908
325,1,510,0.118908
325,1,511,0.118907
325,1,512,0.118907
325,1,513,0.118907
325,1,514,0.118906
325,1,515,0.118906
325,1,516,0.118905
325,1,517,0.118905
325,1,518,0.118905
325,1,519,0.118905
325,1,520,0.118904
325,1,521,0.118904
325,1,522,0.118904
325,1,523,0.118903
325,1,524,0.118903
325,1,525,0.118903
325,1,526,0.118902
325,1,527,0.118902
325,1,528,0.118902
325,1,529,0.118902
325,1,530,0.118901
325,1,531,0.118901
325,1,532,0.118901
325,1,533,0.118901
325,1,534,0.118901
325,1,535,0.118901
325,1,536,0.1189
325,1,537,0.1189
325,1,538,0.1189
325,1,539,0.1189
325,1,540,0.1189
325,1,541,0.118899
325,1,542,0.118899
325,1,543,0.118899
325,1,544,0.118899
325,1,545,0.118899
325,1,546,0.118899
325,1,547,0.118899
325,1,548,0.118899
325,1,549,0.118899
325,1,550,0.118899
325,1,551,0.118899
325,1,552,0.118899
325,1,553,0.118899
325,1,554,0.1189
325,1,555,0.1189
325,1,556,0.1189
325,1,557,0.1189
325,1,558,0.1189
325,1,559,0.1189
325,1,560,0.118899
325,1,561,0.118899
325,1,562,0.1189
325,1,563,0.1189
325,1,564,0.118901
325,1,565,0.118903
325,1,566,0.118903
325,1,567,0.118903
325,1,568,0.118903
325,1,569,0.118903
325,1,570,0.118903
325,1,571,0.118903
325,1,572,0.118904
325,1,573,0.118906
325,1,574,0.118908
325,1,575,0.118911
325,1,576,0.118912
325,1,577,0.118912
325,1,578,0.118912
325,1,579,0.118911
325,1,580,0.118911
325,1,581,0.118912
325,1,582,0.118913
325,1,583,0.118915
325,1,584,0.118921
325,1,585,0.118927
325,1,586,0.11893
325,1,587,0.118932
325,1,588,0.118934
325,1,589,0.118935
325,1,590,0.118936
325,1,591,0.118938
325,1,592,0.118941
325,1,593,0.118946
325,1,594,0.118962
325,1,595,0.118978
325,1,596,0.118986
325,1,597,0.118987
325,1,598,0.118989
325,1,599,0.118998
325,1,600,0.119008
325,1,601,0.119013
325,1,602,0.119016
325,1,603,0.119018
325,1,604,0.119065
325,1,605,0.119113
325,1,606,0.119139
325,1,607,0.119136
325,1,608,0.119133
325,1,609,0.11919
325,1,610,0.119254
325,1,611,0.119288
325,1,612,0.11927
325,1,613,0.119251
325,1,614,0.119378
325,1,615,0.119536
325,1,616,0.119637
325,1,617,0.119588
325,1,618,0.119539
325,1,619,0.119702
325,1,620,0.119939
325,1,621,0.120111
325,1,622,0.120019
325,1,623,0.119927
325,1,624,0.120691
325,1,625,0.121895
325,1,626,0.122968
325,1,627,0.123084
325,1,628,0.123201
325,1,629,0.12328
325,1,630,0.123333
325,1,631,0.123385
325,1,632,0.123412
325,1,633,0.123439
325,1,634,0.123464
325,1,635,0.123487
325,1,636,0.12351
325,1,637,0.123521
325,1,638,0.123531
325,1,639,0.123539
325,1,640,0.123546
325,1,641,0.123554
325,1,642,0.123558
325,1,643,0.123562
325,1,644,0.123565
325,1,645,0.123568
325,1,646,0.123571
325,1,647,0.123573
325,1,648,0.123574
325,1,649,0.123575
325,1,650,0.123576
