x,y,z,b
325,1,0,0.123748
325,1,1,0.123748
325,1,2,0.123748
325,1,3,0.123748
325,1,4,0.123747
325,1,5,0.123746
325,1,6,0.123745
325,1,7,0.123745
325,1,8,0.123744
325,1,9,0.123744
325,1,10,0.123743
325,1,11,0.123743
325,1,12,0.123742
325,1,13,0.12374
325,1,14,0.123738
325,1,15,0.123731
325,1,16,0.123723
325,1,17,0.123717
325,1,18,0.123713
325,1,19,0.123709
325,1,20,0.123697
325,1,21,0.123683
325,1,22,0.123668
325,1,23,0.12365
325,1,24,0.123631
325,1,25,0.123095
325,1,26,0.122487
325,1,27,0.122087
325,1,28,0.122093
325,1,29,0.122098
325,1,30,0.122065
325,1,31,0.122023
325,1,32,0.121993
325,1,33,0.121994
325,1,34,0.121995
325,1,35,0.121976
325,1,36,0.12195
325,1,37,0.121928
325,1,38,0.121925
325,1,39,0.121922
325,1,40,0.121921
325,1,41,0.121921
325,1,42,0.121921
325,1,43,0.12192
325,1,44,0.12192
325,1,45,0.121917
325,1,46,0.121912
325,1,47,0.121908
325,1,48,0.121907
325,1,49,0.121906
325,1,50,0.121906
325,1,51,0.121907
325,1,52,0.121908
325,1,53,0.121908
325,1,54,0.121907
325,1,55,0.121907
325,1,56,0.121905
325,1,57,0.121904
325,1,58,0.121904
325,1,59,0.121903
325,1,60,0.121903
325,1,61,0.121904
325,1,62,0.121904
325,1,63,0.121904
325,1,64,0.121904
325,1,65,0.121904
325,1,66,0.121903
325,1,67,0.121903
325,1,68,0.121903
325,1,69,0.121903
325,1,70,0.121903
325,1,71,0.121903
325,1,72,0.121903
325,1,73,0.121903
325,1,74,0.121903
325,1,75,0.121903
325,1,76,0.121902
325,1,77,0.121902
325,1,78,0.121902
325,1,79,0.121902
325,1,80,0.121902
325,1,81,0.121902
325,1,82,0.121902
325,1,83,0.121902
325,1,84,0.121902
325,1,85,0.121902
325,1,86,0.121902
325,1,87,0.121902
325,1,88,0.121902
325,1,89,0.121902
325,1,90,0.121902
325,1,91,0.121902
325,1,92,0.121902
325,1,93,0.121902
325,1,94,0.121902
325,1,95,0.121902
325,1,96,0.121902
325,1,97,0.121902
325,1,98,0.121902
325,1,99,0.121902
325,1,100,0.121902
325,1,101,0.121902
325,1,102,0.121902
325,1,103,0.121902
325,1,104,0.121902
325,1,105,0.121902
325,1,106,0.121902
325,1,107,0.121902
325,1,108,0.121902
325,1,109,0.121902
325,1,110,0.121902
325,1,111,0.121902
325,1,112,0.121902
325,1,113,0.121902
325,1,114,0.121902
325,1,115,0.121902
325,1,116,0.121902
325,1,117,0.121902
325,1,118,0.121902
325,1,119,0.121902
325,1,120,0.121902
325,1,121,0.121902
325,1,122,0.121902
325,1,123,0.121902
325,1,124,0.121902
325,1,125,0.121902
325,1,126,0.121902
325,1,127,0.121902
325,1,128,0.121902
325,1,129,0.121902
325,1,130,0.121902
325,1,131,0.121902
325,1,132,0.121902
325,1,133,0.121902
325,1,134,0.121902
325,1,135,0.121902
325,1,136,0.121902
325,1,137,0.121902
325,1,138,0.121902
325,1,139,0.121902
325,1,140,0.121902
325,1,141,0.121902
325,1,142,0.121902
325,1,143,0.121902
325,1,144,0.121901
325,1,145,0.121901
325,1,146,0.121901
325,1,147,0.121901
325,1,148,0.121901
325,1,149,0.121901
325,1,150,0.121901
325,1,151,0.121901
325,1,152,0.121901
325,1,153,0.121901
325,1,154,0.121901
325,1,155,0.121901
325,1,156,0.121901
325,1,157,0.121901
325,1,158,0.121901
325,1,159,0.121901
325,1,160,0.121901
325,1,161,0.121901
325,1,162,0.121901
325,1,163,0.121901
325,1,164,0.121901
325,1,165,0.121901
325,1,166,0.121901
325,1,167,0.121901
325,1,168,0.121901
325,1,169,0.121901
325,1,170,0.121901
325,1,171,0.121901
325,1,172,0.121901
325,1,173,0.121901
325,1,174,0.121901
325,1,175,0.121901
325,1,176,0.121901
325,1,177,0.121901
325,1,178,0.121901
325,1,179,0.121901
325,1,180,0.121901
325,1,181,0.121901
325,1,182,0.121901
325,1,183,0.121901
325,1,184,0.121901
325,1,185,0.121901
325,1,186,0.121901
325,1,187,0.121901
325,1,188,0.121901
325,1,189,0.121901
325,1,190,0.1219
325,1,191,0.1219
325,1,192,0.1219
325,1,193,0.1219
325,1,194,0.1219
325,1,195,0.1219
325,1,196,0.1219
325,1,197,0.1219
325,1,198,0.1219
325,1,199,0.1219
325,1,200,0.1219
325,1,201,0.1219
325,1,202,0.1219
325,1,203,0.1219
325,1,204,0.1219
325,1,205,0.1219
325,1,206,0.1219
325,1,207,0.1219
325,1,208,0.121899
325,1,209,0.121899
325,1,210,0.121899
325,1,211,0.121899
325,1,212,0.121899
325,1,213,0.121899
325,1,214,0.121899
325,1,215,0.121899
325,1,216,0.121899
325,1,217,0.121899
325,1,218,0.121899
325,1,219,0.121899
325,1,220,0.121899
325,1,221,0.121899
325,1,222,0.121898
325,1,223,0.121898
325,1,224,0.121898
325,1,225,0.121898
325,1,226,0.121898
325,1,227,0.121898
325,1,228,0.121898
325,1,229,0.121897
325,1,230,0.121897
325,1,231,0.121897
325,1,232,0.121897
325,1,233,0.121897
325,1,234,0.121897
325,1,235,0.121896
325,1,236,0.121896
325,1,237,0.121896
325,1,238,0.121896
325,1,239,0.121896
325,1,240,0.121896
325,1,241,0.121895
325,1,242,0.121895
325,1,243,0.121895
325,1,244,0.121895
325,1,245,0.121894
325,1,246,0.121894
325,1,247,0.121893
325,1,248,0.121892
325,1,249,0.121891
325,1,250,0.12189
325,1,251,0.121891
325,1,252,0.121891
325,1,253,0.121891
325,1,254,0.121889
325,1,255,0.121887
325,1,256,0.121887
325,1,257,0.121887
325,1,258,0.121886
325,1,259,0.121884
325,1,260,0.121882
325,1,261,0.12188
325,1,262,0.121877
325,1,263,0.121875
325,1,264,0.121876
325,1,265,0.121877
325,1,266,0.121876
325,1,267,0.121873
325,1,268,0.12187
325,1,269,0.121864
325,1,270,0.121857
325,1,271,0.121856
325,1,272,0.121858
325,1,273,0.121859
325,1,274,0.121851
325,1,275,0.121842
325,1,276,0.121837
325,1,277,0.121836
325,1,278,0.121835
325,1,279,0.121825
325,1,280,0.121815
325,1,281,0.121804
325,1,282,0.121792
325,1,283,0.121779
325,1,284,0.121784
325,1,285,0.121791
325,1,286,0.121791
325,1,287,0.121778
325,1,288,0.121765
325,1,289,0.12175
325,1,290,0.121734
325,1,291,0.121721
325,1,292,0.12172
325,1,293,0.121718
325,1,294,0.121644
325,1,295,0.121545
325,1,296,0.121473
325,1,297,0.121506
325,1,298,0.12154
325,1,299,0.121595
325,1,300,0.121662
325,1,301,0.121715
325,1,302,0.121669
325,1,303,0.121622
325,1,304,0.121708
325,1,305,0.121889
325,1,306,0.122056
325,1,307,0.121923
325,1,308,0.121791
325,1,309,0.121335
325,1,310,0.120563
325,1,311,0.11979
325,1,312,0.119862
325,1,313,0.119965
325,1,314,0.120955
325,1,315,0.123142
325,1,316,0.125328
325,1,317,0.129541
325,1,318,0.134012
325,1,319,0.137516
325,1,320,0.139201
325,1,321,0.140887
325,1,322,0.1367
325,1,323,0.131122
325,1,324,0.126131
325,1,325,0.122734
325,1,326,0.119337
325,1,327,0.119799
325,1,328,0.121685
325,1,329,0.123503
325,1,330,0.125037
325,1,331,0.12657
325,1,332,0.126971
325,1,333,0.126768
325,1,334,0.126248
325,1,335,0.123236
325,1,336,0.120224
325,1,337,0.119298
325,1,338,0.119918
325,1,339,0.120531
325,1,340,0.120949
325,1,341,0.121368
325,1,342,0.121673
325,1,343,0.121865
325,1,344,0.122056
325,1,345,0.121999
325,1,346,0.121931
325,1,347,0.121951
325,1,348,0.122095
325,1,349,0.122238
325,1,350,0.12231
325,1,351,0.122371
325,1,352,0.122397
325,1,353,0.122352
325,1,354,0.122307
325,1,355,0.122291
325,1,356,0.122282
325,1,357,0.122258
325,1,358,0.122187
325,1,359,0.122117
325,1,360,0.122108
325,1,361,0.122124
325,1,362,0.122134
325,1,363,0.122121
325,1,364,0.122107
325,1,365,0.122085
325,1,366,0.122057
325,1,367,0.122032
325,1,368,0.122031
325,1,369,0.122031
325,1,370,0.122027
325,1,371,0.122021
325,1,372,0.122014
325,1,373,0.122
325,1,374,0.121987
325,1,375,0.12198
325,1,376,0.121982
325,1,377,0.121983
325,1,378,0.12197
325,1,379,0.121955
325,1,380,0.121946
325,1,381,0.121945
325,1,382,0.121943
325,1,383,0.121941
325,1,384,0.12194
325,1,385,0.121938
325,1,386,0.121935
325,1,387,0.121933
325,1,388,0.121934
325,1,389,0.121935
325,1,390,0.121935
325,1,391,0.121933
325,1,392,0.121931
325,1,393,0.121929
325,1,394,0.121925
325,1,395,0.121923
325,1,396,0.121923
325,1,397,0.121924
325,1,398,0.121922
325,1,399,0.121919
325,1,400,0.121916
325,1,401,0.121915
325,1,402,0.121915
325,1,403,0.121914
325,1,404,0.121914
325,1,405,0.121914
325,1,406,0.121913
325,1,407,0.121913
325,1,408,0.121913
325,1,409,0.121913
325,1,410,0.121913
325,1,411,0.121913
325,1,412,0.121912
325,1,413,0.121911
325,1,414,0.12191
325,1,415,0.12191
325,1,416,0.121909
325,1,417,0.121909
325,1,418,0.121909
325,1,419,0.121908
325,1,420,0.121907
325,1,421,0.121907
325,1,422,0.121907
325,1,423,0.121907
325,1,424,0.121906
325,1,425,0.121906
325,1,426,0.121906
325,1,427,0.121906
325,1,428,0.121906
325,1,429,0.121906
325,1,430,0.121906
325,1,431,0.121906
325,1,432,0.121906
325,1,433,0.121906
325,1,434,0.121905
325,1,435,0.121905
325,1,436,0.121905
325,1,437,0.121905
325,1,438,0.121905
325,1,439,0.121905
325,1,440,0.121904
325,1,441,0.121904
325,1,442,0.121904
325,1,443,0.121904
325,1,444,0.121904
325,1,445,0.121904
325,1,446,0.121904
325,1,447,0.121904
325,1,448,0.121904
325,1,449,0.121904
325,1,450,0.121904
325,1,451,0.121904
325,1,452,0.121904
325,1,453,0.121904
325,1,454,0.121904
325,1,455,0.121904
325,1,456,0.121904
325,1,457,0.121904
325,1,458,0.121904
325,1,459,0.121904
325,1,460,0.121903
325,1,461,0.121903
325,1,462,0.121903
325,1,463,0.121903
325,1,464,0.121903
325,1,465,0.121903
325,1,466,0.121903
325,1,467,0.121903
325,1,468,0.121903
325,1,469,0.121903
325,1,470,0.121903
325,1,471,0.121903
325,1,472,0.121903
325,1,473,0.121903
325,1,474,0.121903
325,1,475,0.121903
325,1,476,0.121903
325,1,477,0.121903
325,1,478,0.121903
325,1,479,0.121903
325,1,480,0.121903
325,1,481,0.121903
325,1,482,0.121903
325,1,483,0.121903
325,1,484,0.121903
325,1,485,0.121903
325,1,486,0.121903
325,1,487,0.121903
325,1,488,0.121903
325,1,489,0.121903
325,1,490,0.121903
325,1,491,0.121903
325,1,492,0.121903
325,1,493,0.121903
325,1,494,0.121903
325,1,495,0.121903
325,1,496,0.121903
325,1,497,0.121903
325,1,498,0.121903
325,1,499,0.121903
325,1,500,0.121903
325,1,501,0.121903
325,1,502,0.121903
325,1,503,0.121903
325,1,504,0.121903
325,1,505,0.121903
325,1,506,0.121903
325,1,507,0.121903
325,1,508,0.121903
325,1,509,0.121903
325,1,510,0.121903
325,1,511,0.121903
325,1,512,0.121902
325,1,513,0.121902
325,1,514,0.121902
325,1,515,0.121902
325,1,516,0.121902
325,1,517,0.121902
325,1,518,0.121902
325,1,519,0.121902
325,1,520,0.121902
325,1,521,0.121902
325,1,522,0.121902
325,1,523,0.121902
325,1,524,0.121902
325,1,525,0.121902
325,1,526,0.121902
325,1,527,0.121902
325,1,528,0.121902
325,1,529,0.121902
325,1,530,0.121902
325,1,531,0.121902
325,1,532,0.121902
325,1,533,0.121902
325,1,534,0.121902
325,1,535,0.121902
325,1,536,0.121902
325,1,537,0.121902
325,1,538,0.121902
325,1,539,0.121902
325,1,540,0.121902
325,1,541,0.121902
325,1,542,0.121902
325,1,543,0.121902
325,1,544,0.121902
325,1,545,0.121902
325,1,546,0.121902
325,1,547,0.121902
325,1,548,0.121902
325,1,549,0.121902
325,1,550,0.121902
325,1,551,0.121902
325,1,552,0.121902
325,1,553,0.121902
325,1,554,0.121902
325,1,555,0.121902
325,1,556,0.121902
325,1,557,0.121902
325,1,558,0.121902
325,1,559,0.121902
325,1,560,0.121902
325,1,561,0.121902
325,1,562,0.121902
325,1,563,0.121902
325,1,564,0.121903
325,1,565,0.121903
325,1,566,0.121903
325,1,567,0.121903
325,1,568,0.121903
325,1,569,0.121903
325,1,570,0.121903
325,1,571,0.121903
325,1,572,0.121903
325,1,573,0.121903
325,1,574,0.121903
325,1,575,0.121903
325,1,576,0.121903
325,1,577,0.121903
325,1,578,0.121903
325,1,579,0.121903
325,1,580,0.121903
325,1,581,0.121903
325,1,582,0.121903
325,1,583,0.121903
325,1,584,0.121904
325,1,585,0.121904
325,1,586,0.121904
325,1,587,0.121904
325,1,588,0.121904
325,1,589,0.121904
325,1,590,0.121904
325,1,591,0.121904
325,1,592,0.121904
325,1,593,0.121904
325,1,594,0.121906
325,1,595,0.121907
325,1,596,0.121908
325,1,597,0.121908
325,1,598,0.121908
325,1,599,0.121907
325,1,600,0.121906
325,1,601,0.121906
325,1,602,0.121907
325,1,603,0.121908
325,1,604,0.121913
325,1,605,0.121917
325,1,606,0.12192
325,1,607,0.121921
325,1,608,0.121921
325,1,609,0.121921
325,1,610,0.121921
325,1,611,0.121922
325,1,612,0.121925
325,1,613,0.121928
325,1,614,0.12195
325,1,615,0.121977
325,1,616,0.121996
325,1,617,0.121994
325,1,618,0.121993
325,1,619,0.122024
325,1,620,0.122065
325,1,621,0.122098
325,1,622,0.122092
325,1,623,0.122087
325,1,624,0.122487
325,1,625,0.123095
325,1,626,0.123632
325,1,627,0.12365
325,1,628,0.123668
325,1,629,0.123683
325,1,630,0.123696
325,1,631,0.12371
325,1,632,0.123713
325,1,633,0.123717
325,1,634,0.123723
325,1,635,0.123731
325,1,636,0.123738
325,1,637,0.12374
325,1,638,0.123742
325,1,639,0.123743
325,1,640,0.123743
325,1,641,0.123744
325,1,642,0.123744
325,1,643,0.123745
325,1,644,0.123745
325,1,645,0.123746
325,1,646,0.123747
325,1,647,0.123748
325,1,648,0.123748
325,1,649,0.123748
325,1,650,0.123748
