x,y,z,b
325,1,0,0.123674
325,1,1,0.123674
325,1,2,0.123673
325,1,3,0.123673
325,1,4,0.123672
325,1,5,0.12367
325,1,6,0.123668
325,1,7,0.123667
325,1,8,0.123666
325,1,9,0.123665
325,1,10,0.123664
325,1,11,0.123664
325,1,12,0.123662
325,1,13,0.123659
325,1,14,0.123655
325,1,15,0.123642
325,1,16,0.123628
325,1,17,0.123618
325,1,18,0.12361
325,1,19,0.123602
325,1,20,0.123581
325,1,21,0.123559
325,1,22,0.123531
325,1,23,0.123493
325,1,24,0.123455
325,1,25,0.122765
325,1,26,0.121984
325,1,27,0.121476
325,1,28,0.121497
325,1,29,0.121518
325,1,30,0.121457
325,1,31,0.121375
325,1,32,0.121317
325,1,33,0.121324
325,1,34,0.121331
325,1,35,0.121292
325,1,36,0.121236
325,1,37,0.12119
325,1,38,0.121186
325,1,39,0.121183
325,1,40,0.12118
325,1,41,0.121177
325,1,42,0.121175
325,1,43,0.121175
325,1,44,0.121174
325,1,45,0.121167
325,1,46,0.121156
325,1,47,0.121144
325,1,48,0.121142
325,1,49,0.12114
325,1,50,0.12114
325,1,51,0.121142
325,1,52,0.121144
325,1,53,0.121144
325,1,54,0.121143
325,1,55,0.121142
325,1,56,0.121138
325,1,57,0.121135
325,1,58,0.121134
325,1,59,0.121133
325,1,60,0.121133
325,1,61,0.121134
325,1,62,0.121135
325,1,63,0.121135
325,1,64,0.121135
325,1,65,0.121134
325,1,66,0.121133
325,1,67,0.121132
325,1,68,0.121131
325,1,69,0.121131
325,1,70,0.121131
325,1,71,0.121131
325,1,72,0.121132
325,1,73,0.121132
325,1,74,0.121131
325,1,75,0.121131
325,1,76,0.121131
325,1,77,0.12113
325,1,78,0.12113
325,1,79,0.12113
325,1,80,0.12113
325,1,81,0.12113
325,1,82,0.12113
325,1,83,0.12113
325,1,84,0.12113
325,1,85,0.12113
325,1,86,0.12113
325,1,87,0.12113
325,1,88,0.12113
325,1,89,0.121129
325,1,90,0.121129
325,1,91,0.121129
325,1,92,0.121129
325,1,93,0.121129
325,1,94,0.121129
325,1,95,0.121129
325,1,96,0.121129
325,1,97,0.121129
325,1,98,0.121129
325,1,99,0.121129
325,1,100,0.121129
325,1,101,0.121129
325,1,102,0.121129
325,1,103,0.121129
325,1,104,0.121129
325,1,105,0.121129
325,1,106,0.121129
325,1,107,0.121129
325,1,108,0.121129
325,1,109,0.121129
325,1,110,0.121129
325,1,111,0.121129
325,1,112,0.121129
325,1,113,0.121129
325,1,114,0.121129
325,1,115,0.121128
325,1,116,0.121128
325,1,117,0.121128
325,1,118,0.121128
325,1,119,0.121128
325,1,120,0.121128
325,1,121,0.121128
325,1,122,0.121128
325,1,123,0.121128
325,1,124,0.121128
325,1,125,0.121128
325,1,126,0.121128
325,1,127,0.121128
325,1,128,0.121128
325,1,129,0.121128
325,1,130,0.121128
325,1,131,0.121128
325,1,132,0.121128
325,1,133,0.121128
325,1,134,0.121128
325,1,135,0.121128
325,1,136,0.121128
325,1,137,0.121128
325,1,138,0.121128
325,1,139,0.121128
325,1,140,0.121128
325,1,141,0.121128
325,1,142,0.121128
325,1,143,0.121127
325,1,144,0.121127
325,1,145,0.121127
325,1,146,0.121127
325,1,147,0.121127
325,1,148,0.121127
325,1,149,0.121127
325,1,150,0.121127
325,1,151,0.121127
325,1,152,0.121127
325,1,153,0.121127
325,1,154,0.121127
325,1,155,0.121127
325,1,156,0.121127
325,1,157,0.121127
325,1,158,0.121127
325,1,159,0.121127
325,1,160,0.121126
325,1,161,0.121126
325,1,162,0.121126
325,1,163,0.121126
325,1,164,0.121126
325,1,165,0.121126
325,1,166,0.121126
325,1,167,0.121126
325,1,168,0.121126
325,1,169,0.121126
325,1,170,0.121126
325,1,171,0.121126
325,1,172,0.121125
325,1,173,0.121125
325,1,174,0.121125
325,1,175,0.121125
325,1,176,0.121125
325,1,177,0.121125
325,1,178,0.121125
325,1,179,0.121125
325,1,180,0.121125
325,1,181,0.121125
325,1,182,0.121125
325,1,183,0.121125
325,1,184,0.121125
325,1,185,0.121125
325,1,186,0.121124
325,1,187,0.121124
325,1,188,0.121124
325,1,189,0.121124
325,1,190,0.121124
325,1,191,0.121124
325,1,192,0.121124
325,1,193,0.121124
325,1,194,0.121123
325,1,195,0.121123
325,1,196,0.121123
325,1,197,0.121123
325,1,198,0.121123
325,1,199,0.121123
325,1,200,0.121122
325,1,201,0.121122
325,1,202,0.121122
325,1,203,0.121122
325,1,204,0.121122
325,1,205,0.121122
325,1,206,0.121122
325,1,207,0.121121
325,1,208,0.121121
325,1,209,0.12112
325,1,210,0.12112
325,1,211,0.12112
325,1,212,0.12112
325,1,213,0.121119
325,1,214,0.121119
325,1,215,0.121119
325,1,216,0.121119
325,1,217,0.121118
325,1,218,0.121117
325,1,219,0.121117
325,1,220,0.121116
325,1,221,0.121116
325,1,222,0.121115
325,1,223,0.121115
325,1,224,0.121116
325,1,225,0.121116
325,1,226,0.121115
325,1,227,0.121114
325,1,228,0.121113
325,1,229,0.121112
325,1,230,0.121111
325,1,231,0.12111
325,1,232,0.121109
325,1,233,0.121109
325,1,234,0.121109
325,1,235,0.121109
325,1,236,0.121108
325,1,237,0.121107
325,1,238,0.121105
325,1,239,0.121102
325,1,240,0.1211
325,1,241,0.121099
325,1,242,0.121098
325,1,243,0.121099
325,1,244,0.121101
325,1,245,0.121103
325,1,246,0.121101
325,1,247,0.121099
325,1,248,0.121096
325,1,249,0.121091
325,1,250,0.121087
325,1,251,0.121084
325,1,252,0.121082
325,1,253,0.12108
325,1,254,0.121082
325,1,255,0.121083
325,1,256,0.12108
325,1,257,0.121076
325,1,258,0.121072
325,1,259,0.121065
325,1,260,0.121058
325,1,261,0.121055
325,1,262,0.121053
325,1,263,0.121053
325,1,264,0.121057
325,1,265,0.12106
325,1,266,0.121061
325,1,267,0.121059
325,1,268,0.121058
325,1,269,0.121059
325,1,270,0.12106
325,1,271,0.121054
325,1,272,0.121044
325,1,273,0.121033
325,1,274,0.121011
325,1,275,0.120988
325,1,276,0.120977
325,1,277,0.120976
325,1,278,0.120975
325,1,279,0.121035
325,1,280,0.121097
325,1,281,0.121138
325,1,282,0.121151
325,1,283,0.121164
325,1,284,0.121069
325,1,285,0.120962
325,1,286,0.120896
325,1,287,0.120905
325,1,288,0.120913
325,1,289,0.121207
325,1,290,0.121566
325,1,291,0.121828
325,1,292,0.121839
325,1,293,0.12185
325,1,294,0.121474
325,1,295,0.12096
325,1,296,0.120491
325,1,297,0.120205
325,1,298,0.119919
325,1,299,0.120449
325,1,300,0.121399
325,1,301,0.122335
325,1,302,0.123169
325,1,303,0.124004
325,1,304,0.123596
325,1,305,0.119958
325,1,306,0.11954
325,1,307,0.119121
325,1,308,0.118742
325,1,309,0.118374
325,1,310,0.120697
325,1,311,0.121386
325,1,312,0.121101
325,1,313,0.120781
325,1,314,0.120027
325,1,315,0.118689
325,1,316,0.117352
325,1,317,0.115335
325,1,318,0.113232
325,1,319,0.110991
325,1,320,0.108492
325,1,321,0.105993
325,1,322,0.104027
325,1,323,0.102187
325,1,324,0.102585
325,1,325,0.10905
325,1,326,0.115516
325,1,327,0.11654
325,1,328,0.115556
325,1,329,0.114823
325,1,330,0.115149
325,1,331,0.115474
325,1,332,0.11563
325,1,333,0.115695
325,1,334,0.115719
325,1,335,0.11542
325,1,336,0.115121
325,1,337,0.115617
325,1,338,0.116704
325,1,339,0.117778
325,1,340,0.118522
325,1,341,0.119265
325,1,342,0.119871
325,1,343,0.120335
325,1,344,0.120799
325,1,345,0.121079
325,1,346,0.121351
325,1,347,0.121566
325,1,348,0.121702
325,1,349,0.121837
325,1,350,0.121855
325,1,351,0.121856
325,1,352,0.121879
325,1,353,0.121942
325,1,354,0.122004
325,1,355,0.122114
325,1,356,0.122236
325,1,357,0.12232
325,1,358,0.122298
325,1,359,0.122275
325,1,360,0.12221
325,1,361,0.122129
325,1,362,0.122047
325,1,363,0.121965
325,1,364,0.121883
325,1,365,0.121828
325,1,366,0.121789
325,1,367,0.121748
325,1,368,0.121699
325,1,369,0.121649
325,1,370,0.121608
325,1,371,0.121573
325,1,372,0.121539
325,1,373,0.12151
325,1,374,0.12148
325,1,375,0.121459
325,1,376,0.121447
325,1,377,0.121435
325,1,378,0.121416
325,1,379,0.121398
325,1,380,0.121381
325,1,381,0.121366
325,1,382,0.121351
325,1,383,0.121335
325,1,384,0.121319
325,1,385,0.121305
325,1,386,0.121293
325,1,387,0.121282
325,1,388,0.121273
325,1,389,0.121264
325,1,390,0.121256
325,1,391,0.12125
325,1,392,0.121244
325,1,393,0.121238
325,1,394,0.121231
325,1,395,0.121225
325,1,396,0.121221
325,1,397,0.121217
325,1,398,0.121213
325,1,399,0.121207
325,1,400,0.121202
325,1,401,0.1212
325,1,402,0.121197
325,1,403,0.121194
325,1,404,0.121192
325,1,405,0.121189
325,1,406,0.121186
325,1,407,0.121183
325,1,408,0.12118
325,1,409,0.121178
325,1,410,0.121177
325,1,411,0.121175
325,1,412,0.121174
325,1,413,0.121172
325,1,414,0.12117
325,1,415,0.121168
325,1,416,0.121166
325,1,417,0.121165
325,1,418,0.121163
325,1,419,0.121161
325,1,420,0.121159
325,1,421,0.121158
325,1,422,0.121157
325,1,423,0.121156
325,1,424,0.121156
325,1,425,0.121155
325,1,426,0.121154
325,1,427,0.121153
325,1,428,0.121152
325,1,429,0.121152
325,1,430,0.121151
325,1,431,0.121151
325,1,432,0.12115
325,1,433,0.12115
325,1,434,0.121149
325,1,435,0.121148
325,1,436,0.121147
325,1,437,0.121146
325,1,438,0.121146
325,1,439,0.121145
325,1,440,0.121144
325,1,441,0.121143
325,1,442,0.121143
325,1,443,0.121143
325,1,444,0.121142
325,1,445,0.121142
325,1,446,0.121142
325,1,447,0.121142
325,1,448,0.121141
325,1,449,0.121141
325,1,450,0.121141
325,1,451,0.121141
325,1,452,0.12114
325,1,453,0.12114
325,1,454,0.12114
325,1,455,0.121139
325,1,456,0.121139
325,1,457,0.121138
325,1,458,0.121138
325,1,459,0.121138
325,1,460,0.121137
325,1,461,0.121137
325,1,462,0.121137
325,1,463,0.121136
325,1,464,0.121136
325,1,465,0.121136
325,1,466,0.121136
325,1,467,0.121136
325,1,468,0.121136
325,1,469,0.121136
325,1,470,0.121136
325,1,471,0.121136
325,1,472,0.121135
325,1,473,0.121135
325,1,474,0.121135
325,1,475,0.121135
325,1,476,0.121135
325,1,477,0.121135
325,1,478,0.121134
325,1,479,0.121134
325,1,480,0.121134
325,1,481,0.121134
325,1,482,0.121134
325,1,483,0.121134
325,1,484,0.121134
325,1,485,0.121134
325,1,486,0.121134
325,1,487,0.121134
325,1,488,0.121133
325,1,489,0.121133
325,1,490,0.121133
325,1,491,0.121133
325,1,492,0.121133
325,1,493,0.121133
325,1,494,0.121133
325,1,495,0.121133
325,1,496,0.121133
325,1,497,0.121133
325,1,498,0.121133
325,1,499,0.121133
325,1,500,0.121133
325,1,501,0.121133
325,1,502,0.121132
325,1,503,0.121132
325,1,504,0.121132
325,1,505,0.121132
325,1,506,0.121132
325,1,507,0.121132
325,1,508,0.121132
325,1,509,0.121132
325,1,510,0.121132
325,1,511,0.121132
325,1,512,0.121132
325,1,513,0.121132
325,1,514,0.121132
325,1,515,0.121132
325,1,516,0.121132
325,1,517,0.121132
325,1,518,0.121132
325,1,519,0.121132
325,1,520,0.121132
325,1,521,0.121132
325,1,522,0.121132
325,1,523,0.121132
325,1,524,0.121131
325,1,525,0.121131
325,1,526,0.121131
325,1,527,0.121131
325,1,528,0.121131
325,1,529,0.121131
325,1,530,0.121131
325,1,531,0.121131
325,1,532,0.121131
325,1,533,0.121131
325,1,534,0.121131
325,1,535,0.121131
325,1,536,0.121131
325,1,537,0.121131
325,1,538,0.121131
325,1,539,0.121131
325,1,540,0.121131
325,1,541,0.121131
325,1,542,0.121131
325,1,543,0.121131
325,1,544,0.121131
325,1,545,0.121131
325,1,546,0.121131
325,1,547,0.121131
325,1,548,0.121131
325,1,549,0.121131
325,1,550,0.121131
325,1,551,0.121131
325,1,552,0.121131
325,1,553,0.121131
325,1,554,0.121131
325,1,555,0.121131
325,1,556,0.121131
325,1,557,0.121131
325,1,558,0.121131
325,1,559,0.121131
325,1,560,0.121131
325,1,561,0.121131
325,1,562,0.121131
325,1,563,0.121131
325,1,564,0.121131
325,1,565,0.121132
325,1,566,0.121132
325,1,567,0.121132
325,1,568,0.121132
325,1,569,0.121131
325,1,570,0.121131
325,1,571,0.121131
325,1,572,0.121132
325,1,573,0.121132
325,1,574,0.121132
325,1,575,0.121133
325,1,576,0.121133
325,1,577,0.121133
325,1,578,0.121133
325,1,579,0.121132
325,1,580,0.121132
325,1,581,0.121132
325,1,582,0.121133
325,1,583,0.121133
325,1,584,0.121134
325,1,585,0.121135
325,1,586,0.121136
325,1,587,0.121136
325,1,588,0.121136
325,1,589,0.121135
325,1,590,0.121134
325,1,591,0.121134
325,1,592,0.121135
325,1,593,0.121136
325,1,594,0.121139
325,1,595,0.121143
325,1,596,0.121144
325,1,597,0.121145
325,1,598,0.121145
325,1,599,0.121143
325,1,600,0.121141
325,1,601,0.121141
325,1,602,0.121143
325,1,603,0.121145
325,1,604,0.121157
325,1,605,0.121168
325,1,606,0.121175
325,1,607,0.121176
325,1,608,0.121176
325,1,609,0.121179
325,1,610,0.121181
325,1,611,0.121184
325,1,612,0.121187
325,1,613,0.121191
325,1,614,0.121238
325,1,615,0.121294
325,1,616,0.121333
325,1,617,0.121326
325,1,618,0.121319
325,1,619,0.121376
325,1,620,0.121457
325,1,621,0.121517
325,1,622,0.121497
325,1,623,0.121476
325,1,624,0.121985
325,1,625,0.122767
325,1,626,0.123458
325,1,627,0.123494
325,1,628,0.123531
325,1,629,0.123559
325,1,630,0.123581
325,1,631,0.123603
325,1,632,0.12361
325,1,633,0.123618
325,1,634,0.123628
325,1,635,0.123642
325,1,636,0.123655
325,1,637,0.123658
325,1,638,0.123661
325,1,639,0.123663
325,1,640,0.123664
325,1,641,0.123665
325,1,642,0.123666
325,1,643,0.123667
325,1,644,0.123668
325,1,645,0.12367
325,1,646,0.123672
325,1,647,0.123673
325,1,648,0.123673
325,1,649,0.123674
325,1,650,0.123674
