x,y,z,b
500,1,609.808,0.0116224
499.5,1,608.942,0.0116224
499,1,608.076,0.0116224
498.5,1,607.21,0.0116224
498,1,606.344,0.0116224
497.5,1,605.477,0.0116224
497,1,604.611,0.0116224
496.5,1,603.745,0.0116224
496,1,602.879,0.0116224
495.5,1,602.013,0.0116224
495,1,601.147,0.0116224
494.5,1,600.281,0.0116224
494,1,599.415,0.0116224
493.5,1,598.549,0.0116224
493,1,597.683,0.0116224
492.5,1,596.817,0.0116224
492,1,595.951,0.0116224
491.5,1,595.085,0.0116224
491,1,594.219,0.0116224
490.5,1,593.353,0.0116224
490,1,592.487,0.0116224
489.5,1,591.621,0.0116224
489,1,590.755,0.0116224
488.5,1,589.889,0.0116224
488,1,589.023,0.0116224
487.5,1,588.157,0.0116224
487,1,587.291,0.0116224
486.5,1,586.425,0.0116224
486,1,585.559,0.0116224
485.5,1,584.693,0.0116224
485,1,583.827,0.0116224
484.5,1,582.961,0.0116224
484,1,582.095,0.0116224
483.5,1,581.229,0.0116224
483,1,580.363,0.0116224
482.5,1,579.497,0.0116224
482,1,578.631,0.0116224
481.5,1,577.765,0.0116224
481,1,576.899,0.0116224
480.5,1,576.033,0.0116224
480,1,575.167,0.0116224
479.5,1,574.301,0.0116224
479,1,573.435,0.0116224
478.5,1,572.569,0.0116224
478,1,571.703,0.0116224
477.5,1,570.836,0.0116224
477,1,569.97,0.0116223
476.5,1,569.104,0.0116223
476,1,568.238,0.0116223
475.5,1,567.372,0.0116223
475,1,566.506,0.0116223
474.5,1,565.64,0.0116223
474,1,564.774,0.0116223
473.5,1,563.908,0.0116223
473,1,563.042,0.0116223
472.5,1,562.176,0.0116223
472,1,561.31,0.0116223
471.5,1,560.444,0.0116223
471,1,559.578,0.0116223
470.5,1,558.712,0.0116223
470,1,557.846,0.0116223
469.5,1,556.98,0.0116223
469,1,556.114,0.0116223
468.5,1,555.248,0.0116223
468,1,554.382,0.0116223
467.5,1,553.516,0.0116223
467,1,552.65,0.0116223
466.5,1,551.784,0.0116223
466,1,550.918,0.0116223
465.5,1,550.052,0.0116223
465,1,549.186,0.0116223
464.5,1,548.32,0.0116223
464,1,547.454,0.0116223
463.5,1,546.588,0.0116223
463,1,545.722,0.0116223
462.5,1,544.856,0.0116223
462,1,543.99,0.0116223
461.5,1,543.124,0.0116223
461,1,542.258,0.0116222
460.5,1,541.392,0.0116222
460,1,540.526,0.0116222
459.5,1,539.66,0.0116222
459,1,538.794,0.0116222
458.5,1,537.928,0.0116222
458,1,537.061,0.0116222
457.5,1,536.195,0.0116222
457,1,535.329,0.0116222
456.5,1,534.463,0.0116222
456,1,533.597,0.0116222
455.5,1,532.731,0.0116222
455,1,531.865,0.0116222
454.5,1,530.999,0.0116222
454,1,530.133,0.0116222
453.5,1,529.267,0.0116222
453,1,528.401,0.0116222
452.5,1,527.535,0.0116222
452,1,526.669,0.0116222
451.5,1,525.803,0.0116222
451,1,524.937,0.0116222
450.5,1,524.071,0.0116222
450,1,523.205,0.0116222
449.5,1,522.339,0.0116222
449,1,521.473,0.0116222
448.5,1,520.607,0.0116223
448,1,519.741,0.0116223
447.5,1,518.875,0.0116223
447,1,518.009,0.0116223
446.5,1,517.143,0.0116222
446,1,516.277,0.0116222
445.5,1,515.411,0.0116222
445,1,514.545,0.0116222
444.5,1,513.679,0.0116222
444,1,512.813,0.0116222
443.5,1,511.947,0.0116222
443,1,511.081,0.0116222
442.5,1,510.215,0.0116222
442,1,509.349,0.0116222
441.5,1,508.483,0.0116222
441,1,507.617,0.0116222
440.5,1,506.751,0.0116222
440,1,505.885,0.0116222
439.5,1,505.019,0.0116222
439,1,504.153,0.0116222
438.5,1,503.286,0.0116222
438,1,502.42,0.0116222
437.5,1,501.554,0.0116222
437,1,500.688,0.0116221
436.5,1,499.822,0.0116221
436,1,498.956,0.0116221
435.5,1,498.09,0.0116221
435,1,497.224,0.0116221
434.5,1,496.358,0.0116221
434,1,495.492,0.0116221
433.5,1,494.626,0.0116221
433,1,493.76,0.0116221
432.5,1,492.894,0.0116221
432,1,492.028,0.0116221
431.5,1,491.162,0.0116221
431,1,490.296,0.0116221
430.5,1,489.43,0.0116221
430,1,488.564,0.0116221
429.5,1,487.698,0.011622
429,1,486.832,0.011622
428.5,1,485.966,0.011622
428,1,485.1,0.011622
427.5,1,484.234,0.011622
427,1,483.368,0.0116219
426.5,1,482.502,0.0116219
426,1,481.636,0.0116219
425.5,1,480.77,0.0116219
425,1,479.904,0.0116219
424.5,1,479.038,0.0116218
424,1,478.172,0.0116218
423.5,1,477.306,0.0116218
423,1,476.44,0.0116218
422.5,1,475.574,0.0116218
422,1,474.708,0.0116217
421.5,1,473.842,0.0116217
421,1,472.976,0.0116217
420.5,1,472.11,0.0116217
420,1,471.244,0.0116216
419.5,1,470.378,0.0116216
419,1,469.512,0.0116216
418.5,1,468.645,0.0116216
418,1,467.779,0.0116215
417.5,1,466.913,0.0116215
417,1,466.047,0.0116215
416.5,1,465.181,0.0116215
416,1,464.315,0.0116214
415.5,1,463.449,0.0116214
415,1,462.583,0.0116213
414.5,1,461.717,0.0116213
414,1,460.851,0.0116212
413.5,1,459.985,0.0116211
413,1,459.119,0.011621
412.5,1,458.253,0.011621
412,1,457.387,0.0116209
411.5,1,456.521,0.0116208
411,1,455.655,0.0116207
410.5,1,454.789,0.0116206
410,1,453.923,0.0116205
409.5,1,453.057,0.0116204
409,1,452.191,0.0116203
408.5,1,451.325,0.0116201
408,1,450.459,0.01162
407.5,1,449.593,0.0116199
407,1,448.727,0.0116197
406.5,1,447.861,0.0116196
406,1,446.995,0.0116194
405.5,1,446.129,0.0116193
405,1,445.263,0.0116191
404.5,1,444.397,0.0116189
404,1,443.531,0.0116187
403.5,1,442.665,0.0116185
403,1,441.799,0.0116181
402.5,1,440.933,0.0116178
402,1,440.067,0.0116174
401.5,1,439.201,0.011617
401,1,438.335,0.0116166
400.5,1,437.469,0.0116162
400,1,436.603,0.0116158
399.5,1,435.737,0.0116154
399,1,434.87,0.0116149
398.5,1,434.004,0.0116143
398,1,433.138,0.0116138
397.5,1,432.272,0.0116132
397,1,431.406,0.0116124
396.5,1,430.54,0.0116117
396,1,429.674,0.0116109
395.5,1,428.808,0.0116101
395,1,427.942,0.0116093
394.5,1,427.076,0.0116085
394,1,426.21,0.0116077
393.5,1,425.344,0.0116069
393,1,424.478,0.0116061
392.5,1,423.612,0.0116053
392,1,422.746,0.0116045
391.5,1,421.88,0.0116037
391,1,421.014,0.0116027
390.5,1,420.148,0.0116005
390,1,419.282,0.0115981
389.5,1,418.416,0.0115957
389,1,417.55,0.0115932
388.5,1,416.684,0.0115906
388,1,415.818,0.0115878
387.5,1,414.952,0.0115847
387,1,414.086,0.0115815
386.5,1,413.22,0.0115782
386,1,412.354,0.0115748
385.5,1,411.488,0.0115712
385,1,410.622,0.0115674
384.5,1,409.756,0.0115654
384,1,408.89,0.0115656
383.5,1,408.024,0.0115657
383,1,407.158,0.0115659
382.5,1,406.292,0.0115661
382,1,405.426,0.0115663
381.5,1,404.56,0.0115666
381,1,403.694,0.0115669
380.5,1,402.828,0.0115672
380,1,401.962,0.0115675
379.5,1,401.095,0.0115679
379,1,400.229,0.0115682
378.5,1,399.363,0.0115686
378,1,398.497,0.011521
377.5,1,397.631,0.011462
377,1,396.765,0.0114067
376.5,1,395.899,0.0113561
376,1,395.033,0.0113084
375.5,1,394.167,0.0112637
375,1,393.301,0.0115678
374.5,1,392.435,0.011404
374,1,391.569,0.0112409
373.5,1,390.703,0.0111401
373,1,389.837,0.0111525
372.5,1,388.971,0.0111654
372,1,388.105,0.0111652
371.5,1,387.239,0.0111926
371,1,386.373,0.0112069
370.5,1,385.507,0.0112343
370,1,384.641,0.0114664
369.5,1,383.775,0.0115846
369,1,382.909,0.0116273
368.5,1,382.043,0.0112362
368,1,381.177,0.0111782
367.5,1,380.311,0.0112307
367,1,379.445,0.0112546
366.5,1,378.579,0.0112549
366,1,377.713,0.0112383
365.5,1,376.847,0.0112484
365,1,375.981,0.011283
364.5,1,375.115,0.0113384
364,1,374.249,0.0112475
363.5,1,373.383,0.0113637
363,1,372.517,0.0119957
362.5,1,371.651,0.0112021
362,1,370.785,0.01111
361.5,1,369.919,0.0106401
361,1,369.053,0.011282
360.5,1,368.187,0.012697
360,1,367.321,0.0120089
359.5,1,366.454,0.0112721
359,1,365.588,0.0115198
358.5,1,364.722,0.0119251
358,1,363.856,0.0124691
357.5,1,362.99,0.0125552
357,1,362.124,0.0122944
356.5,1,361.258,0.0127054
356,1,360.392,0.0130864
355.5,1,359.526,0.0132084
355,1,358.66,0.0131123
354.5,1,357.794,0.0130972
354,1,356.928,0.0131752
353.5,1,356.062,0.0131941
353,1,355.196,0.0131392
352.5,1,354.33,0.0130213
352,1,353.464,0.0124841
351.5,1,352.598,0.0118043
351,1,351.732,0.0113198
350.5,1,350.866,0.0109212
350,1,350,0.0105862
349.5,1,349.134,0.0103558
349,1,348.268,0.0103474
348.5,1,347.402,0.0105751
348,1,346.536,0.0108093
347.5,1,345.67,0.0109961
347,1,344.804,0.0110742
346.5,1,343.938,0.0111696
346,1,343.072,0.0112256
345.5,1,342.206,0.0113604
345,1,341.34,0.0115216
344.5,1,340.474,0.0116205
344,1,339.608,0.0116748
343.5,1,338.742,0.0116847
343,1,337.876,0.0116501
342.5,1,337.01,0.0115709
342,1,336.144,0.0114737
341.5,1,335.278,0.0115235
341,1,334.412,0.0116025
340.5,1,333.546,0.0116624
340,1,332.679,0.0117031
339.5,1,331.813,0.0117247
339,1,330.947,0.0114531
338.5,1,330.081,0.0114161
338,1,329.215,0.0113997
337.5,1,328.349,0.0114037
337,1,327.483,0.0114284
336.5,1,326.617,0.0114735
336,1,325.751,0.0115392
335.5,1,324.885,0.0116254
335,1,324.019,0.0117321
334.5,1,323.153,0.0118594
334,1,322.287,0.0119545
333.5,1,321.421,0.0119667
333,1,320.555,0.0119293
332.5,1,319.689,0.0118942
332,1,318.823,0.0118614
331.5,1,317.957,0.0118307
331,1,317.091,0.0118023
330.5,1,316.225,0.0117761
330,1,315.359,0.0117521
329.5,1,314.493,0.0117304
329,1,313.627,0.0117109
328.5,1,312.761,0.0116936
328,1,311.895,0.0116785
327.5,1,311.029,0.0116795
327,1,310.163,0.0116837
326.5,1,309.297,0.0116872
326,1,308.431,0.0116901
325.5,1,307.565,0.0116925
325,1,306.699,0.0116942
324.5,1,305.833,0.0116952
324,1,304.967,0.0116957
323.5,1,304.101,0.0116955
323,1,303.235,0.0116948
322.5,1,302.369,0.0116932
322,1,301.503,0.0116911
321.5,1,300.637,0.011689
321,1,299.771,0.0116867
320.5,1,298.905,0.0116844
320,1,298.038,0.011682
319.5,1,297.172,0.0116794
319,1,296.306,0.0116768
318.5,1,295.44,0.0116742
318,1,294.574,0.0116714
317.5,1,293.708,0.0116686
317,1,292.842,0.0116656
316.5,1,291.976,0.0116626
316,1,291.11,0.0116595
315.5,1,290.244,0.0116564
315,1,289.378,0.0116544
314.5,1,288.512,0.0116536
314,1,287.646,0.0116529
313.5,1,286.78,0.0116523
313,1,285.914,0.0116517
312.5,1,285.048,0.0116511
312,1,284.182,0.0116507
311.5,1,283.316,0.01165
311,1,282.45,0.0116491
310.5,1,281.584,0.0116481
310,1,280.718,0.0116472
309.5,1,279.852,0.0116462
309,1,278.986,0.0116453
308.5,1,278.12,0.0116439
308,1,277.254,0.0116426
307.5,1,276.388,0.0116412
307,1,275.522,0.01164
306.5,1,274.656,0.0116387
306,1,273.79,0.0116374
305.5,1,272.924,0.0116362
305,1,272.058,0.0116351
304.5,1,271.192,0.0116339
304,1,270.326,0.0116328
303.5,1,269.46,0.0116317
303,1,268.594,0.0116306
302.5,1,267.728,0.0116298
302,1,266.862,0.0116293
301.5,1,265.996,0.0116289
301,1,265.13,0.0116285
300.5,1,264.263,0.0116284
300,1,263.397,0.0116284
299.5,1,262.531,0.0116284
299,1,261.665,0.0116283
298.5,1,260.799,0.0116283
298,1,259.933,0.0116283
297.5,1,259.067,0.0116283
297,1,258.201,0.0116282
296.5,1,257.335,0.0116282
296,1,256.469,0.0116281
295.5,1,255.603,0.0116278
295,1,254.737,0.0116276
294.5,1,253.871,0.0116274
294,1,253.005,0.0116272
293.5,1,252.139,0.011627
293,1,251.273,0.0116269
292.5,1,250.407,0.0116267
292,1,249.541,0.0116265
291.5,1,248.675,0.0116264
291,1,247.809,0.0116262
290.5,1,246.943,0.0116261
290,1,246.077,0.0116259
289.5,1,245.211,0.0116258
289,1,244.345,0.0116257
288.5,1,243.479,0.0116256
288,1,242.613,0.0116255
287.5,1,241.747,0.0116254
287,1,240.881,0.0116253
286.5,1,240.015,0.0116252
286,1,239.149,0.0116252
285.5,1,238.283,0.0116251
285,1,237.417,0.0116251
284.5,1,236.551,0.0116251
284,1,235.685,0.0116251
283.5,1,234.819,0.0116251
283,1,233.953,0.0116251
282.5,1,233.087,0.0116251
282,1,232.221,0.0116251
281.5,1,231.355,0.0116252
281,1,230.488,0.0116252
280.5,1,229.622,0.0116252
280,1,228.756,0.0116252
279.5,1,227.89,0.0116252
279,1,227.024,0.0116252
278.5,1,226.158,0.0116251
278,1,225.292,0.0116251
277.5,1,224.426,0.011625
277,1,223.56,0.0116249
276.5,1,222.694,0.0116249
276,1,221.828,0.0116248
275.5,1,220.962,0.0116248
275,1,220.096,0.0116248
274.5,1,219.23,0.0116247
274,1,218.364,0.0116247
273.5,1,217.498,0.0116246
273,1,216.632,0.0116246
272.5,1,215.766,0.0116245
272,1,214.9,0.0116244
271.5,1,214.034,0.0116244
271,1,213.168,0.0116243
270.5,1,212.302,0.0116243
270,1,211.436,0.0116242
269.5,1,210.57,0.0116242
269,1,209.704,0.0116241
268.5,1,208.838,0.0116241
268,1,207.972,0.0116241
267.5,1,207.106,0.011624
267,1,206.24,0.011624
266.5,1,205.374,0.0116239
266,1,204.508,0.0116239
265.5,1,203.642,0.0116239
265,1,202.776,0.0116238
264.5,1,201.91,0.0116238
264,1,201.044,0.0116237
263.5,1,200.178,0.0116237
263,1,199.312,0.0116237
262.5,1,198.446,0.0116236
262,1,197.58,0.0116236
261.5,1,196.714,0.0116235
261,1,195.847,0.0116235
260.5,1,194.981,0.0116234
260,1,194.115,0.0116234
259.5,1,193.249,0.0116233
259,1,192.383,0.0116233
258.5,1,191.517,0.0116232
258,1,190.651,0.0116232
257.5,1,189.785,0.0116232
257,1,188.919,0.0116231
256.5,1,188.053,0.0116231
256,1,187.187,0.0116231
255.5,1,186.321,0.0116231
255,1,185.455,0.011623
254.5,1,184.589,0.011623
254,1,183.723,0.011623
253.5,1,182.857,0.011623
253,1,181.991,0.0116229
252.5,1,181.125,0.0116229
252,1,180.259,0.0116229
251.5,1,179.393,0.0116229
251,1,178.527,0.0116229
250.5,1,177.661,0.0116229
250,1,176.795,0.0116229
249.5,1,175.929,0.0116229
249,1,175.063,0.0116229
248.5,1,174.197,0.0116229
248,1,173.331,0.0116229
247.5,1,172.465,0.0116229
247,1,171.599,0.0116229
246.5,1,170.733,0.0116229
246,1,169.867,0.0116229
245.5,1,169.001,0.0116229
245,1,168.135,0.0116229
244.5,1,167.269,0.0116229
244,1,166.403,0.0116229
243.5,1,165.537,0.0116229
243,1,164.671,0.0116229
242.5,1,163.805,0.0116229
242,1,162.939,0.0116229
241.5,1,162.072,0.0116229
241,1,161.206,0.0116229
240.5,1,160.34,0.0116229
240,1,159.474,0.0116229
239.5,1,158.608,0.0116229
239,1,157.742,0.0116229
238.5,1,156.876,0.0116229
238,1,156.01,0.0116228
237.5,1,155.144,0.0116228
237,1,154.278,0.0116228
236.5,1,153.412,0.0116228
236,1,152.546,0.0116228
235.5,1,151.68,0.0116228
235,1,150.814,0.0116228
234.5,1,149.948,0.0116228
234,1,149.082,0.0116228
233.5,1,148.216,0.0116228
233,1,147.35,0.0116228
232.5,1,146.484,0.0116228
232,1,145.618,0.0116228
231.5,1,144.752,0.0116228
231,1,143.886,0.0116228
230.5,1,143.02,0.0116228
230,1,142.154,0.0116228
229.5,1,141.288,0.0116228
229,1,140.422,0.0116228
228.5,1,139.556,0.0116228
228,1,138.69,0.0116228
227.5,1,137.824,0.0116228
227,1,136.958,0.0116227
226.5,1,136.092,0.0116227
226,1,135.226,0.0116227
225.5,1,134.36,0.0116227
225,1,133.494,0.0116227
224.5,1,132.628,0.0116227
224,1,131.762,0.0116227
223.5,1,130.896,0.0116227
223,1,130.03,0.0116227
222.5,1,129.164,0.0116227
222,1,128.297,0.0116227
221.5,1,127.431,0.0116227
221,1,126.565,0.0116227
220.5,1,125.699,0.0116227
220,1,124.833,0.0116227
219.5,1,123.967,0.0116227
219,1,123.101,0.0116227
218.5,1,122.235,0.0116227
218,1,121.369,0.0116227
217.5,1,120.503,0.0116226
217,1,119.637,0.0116226
216.5,1,118.771,0.0116226
216,1,117.905,0.0116226
215.5,1,117.039,0.0116226
215,1,116.173,0.0116226
214.5,1,115.307,0.0116226
214,1,114.441,0.0116226
213.5,1,113.575,0.0116226
213,1,112.709,0.0116226
212.5,1,111.843,0.0116226
212,1,110.977,0.0116226
211.5,1,110.111,0.0116226
211,1,109.245,0.0116226
210.5,1,108.379,0.0116226
210,1,107.513,0.0116226
209.5,1,106.647,0.0116226
209,1,105.781,0.0116226
208.5,1,104.915,0.0116226
208,1,104.049,0.0116226
207.5,1,103.183,0.0116226
207,1,102.317,0.0116226
206.5,1,101.451,0.0116226
206,1,100.585,0.0116225
205.5,1,99.7187,0.0116225
205,1,98.8526,0.0116225
204.5,1,97.9866,0.0116225
204,1,97.1206,0.0116225
203.5,1,96.2546,0.0116225
203,1,95.3885,0.0116225
202.5,1,94.5225,0.0116225
202,1,93.6565,0.0116225
201.5,1,92.7905,0.0116225
201,1,91.9244,0.0116225
200.5,1,91.0584,0.0116225
200,1,90.1924,0.0116225
