x,y,z,b
90.1924,1,500,0.0116226
91.0584,1,499.5,0.0116226
91.9244,1,499,0.0116226
92.7905,1,498.5,0.0116226
93.6565,1,498,0.0116226
94.5225,1,497.5,0.0116226
95.3885,1,497,0.0116226
96.2546,1,496.5,0.0116226
97.1206,1,496,0.0116226
97.9866,1,495.5,0.0116226
98.8526,1,495,0.0116226
99.7187,1,494.5,0.0116226
100.585,1,494,0.0116226
101.451,1,493.5,0.0116226
102.317,1,493,0.0116226
103.183,1,492.5,0.0116226
104.049,1,492,0.0116226
104.915,1,491.5,0.0116226
105.781,1,491,0.0116226
106.647,1,490.5,0.0116226
107.513,1,490,0.0116227
108.379,1,489.5,0.0116227
109.245,1,489,0.0116227
110.111,1,488.5,0.0116227
110.977,1,488,0.0116227
111.843,1,487.5,0.0116227
112.709,1,487,0.0116227
113.575,1,486.5,0.0116227
114.441,1,486,0.0116227
115.307,1,485.5,0.0116227
116.173,1,485,0.0116227
117.039,1,484.5,0.0116227
117.905,1,484,0.0116227
118.771,1,483.5,0.0116227
119.637,1,483,0.0116227
120.503,1,482.5,0.0116227
121.369,1,482,0.0116227
122.235,1,481.5,0.0116227
123.101,1,481,0.0116227
123.967,1,480.5,0.0116227
124.833,1,480,0.0116227
125.699,1,479.5,0.0116227
126.565,1,479,0.0116227
127.431,1,478.5,0.0116227
128.297,1,478,0.0116228
129.164,1,477.5,0.0116228
130.03,1,477,0.0116228
130.896,1,476.5,0.0116228
131.762,1,476,0.0116228
132.628,1,475.5,0.0116228
133.494,1,475,0.0116229
134.36,1,474.5,0.0116229
135.226,1,474,0.0116229
136.092,1,473.5,0.0116229
136.958,1,473,0.0116229
137.824,1,472.5,0.0116229
138.69,1,472,0.0116229
139.556,1,471.5,0.0116229
140.422,1,471,0.0116229
141.288,1,470.5,0.011623
142.154,1,470,0.011623
143.02,1,469.5,0.011623
143.886,1,469,0.011623
144.752,1,468.5,0.011623
145.618,1,468,0.011623
146.484,1,467.5,0.011623
147.35,1,467,0.011623
148.216,1,466.5,0.011623
149.082,1,466,0.011623
149.948,1,465.5,0.011623
150.814,1,465,0.011623
151.68,1,464.5,0.011623
152.546,1,464,0.011623
153.412,1,463.5,0.011623
154.278,1,463,0.011623
155.144,1,462.5,0.0116231
156.01,1,462,0.0116231
156.876,1,461.5,0.0116231
157.742,1,461,0.0116231
158.608,1,460.5,0.0116231
159.474,1,460,0.0116231
160.34,1,459.5,0.0116232
161.206,1,459,0.0116232
162.072,1,458.5,0.0116232
162.939,1,458,0.0116232
163.805,1,457.5,0.0116233
164.671,1,457,0.0116233
165.537,1,456.5,0.0116233
166.403,1,456,0.0116233
167.269,1,455.5,0.0116233
168.135,1,455,0.0116234
169.001,1,454.5,0.0116234
169.867,1,454,0.0116234
170.733,1,453.5,0.0116234
171.599,1,453,0.0116234
172.465,1,452.5,0.0116234
173.331,1,452,0.0116234
174.197,1,451.5,0.0116235
175.063,1,451,0.0116235
175.929,1,450.5,0.0116235
176.795,1,450,0.0116235
177.661,1,449.5,0.0116235
178.527,1,449,0.0116235
179.393,1,448.5,0.0116235
180.259,1,448,0.0116235
181.125,1,447.5,0.0116235
181.991,1,447,0.0116236
182.857,1,446.5,0.0116236
183.723,1,446,0.0116236
184.589,1,445.5,0.0116236
185.455,1,445,0.0116237
186.321,1,444.5,0.0116237
187.187,1,444,0.0116237
188.053,1,443.5,0.0116238
188.919,1,443,0.0116238
189.785,1,442.5,0.0116238
190.651,1,442,0.0116238
191.517,1,441.5,0.0116239
192.383,1,441,0.0116239
193.249,1,440.5,0.0116239
194.115,1,440,0.0116239
194.981,1,439.5,0.0116239
195.847,1,439,0.0116239
196.714,1,438.5,0.011624
197.58,1,438,0.011624
198.446,1,437.5,0.011624
199.312,1,437,0.011624
200.178,1,436.5,0.011624
201.044,1,436,0.011624
201.91,1,435.5,0.011624
202.776,1,435,0.011624
203.642,1,434.5,0.0116241
204.508,1,434,0.0116241
205.374,1,433.5,0.0116241
206.24,1,433,0.0116241
207.106,1,432.5,0.0116242
207.972,1,432,0.0116242
208.838,1,431.5,0.0116242
209.704,1,431,0.0116243
210.57,1,430.5,0.0116244
211.436,1,430,0.0116244
212.302,1,429.5,0.0116245
213.168,1,429,0.0116245
214.034,1,428.5,0.0116247
214.9,1,428,0.0116248
215.766,1,427.5,0.011625
216.632,1,427,0.0116251
217.498,1,426.5,0.0116253
218.364,1,426,0.0116254
219.23,1,425.5,0.0116256
220.096,1,425,0.0116258
220.962,1,424.5,0.0116259
221.828,1,424,0.0116261
222.694,1,423.5,0.0116263
223.56,1,423,0.0116265
224.426,1,422.5,0.0116266
225.292,1,422,0.0116267
226.158,1,421.5,0.0116268
227.024,1,421,0.0116269
227.89,1,420.5,0.0116269
228.756,1,420,0.011627
229.622,1,419.5,0.0116271
230.488,1,419,0.0116271
231.355,1,418.5,0.0116272
232.221,1,418,0.0116273
233.087,1,417.5,0.0116273
233.953,1,417,0.0116274
234.819,1,416.5,0.0116275
235.685,1,416,0.0116275
236.551,1,415.5,0.0116276
237.417,1,415,0.0116277
238.283,1,414.5,0.0116277
239.149,1,414,0.0116278
240.015,1,413.5,0.0116278
240.881,1,413,0.0116279
241.747,1,412.5,0.0116279
242.613,1,412,0.0116279
243.479,1,411.5,0.011628
244.345,1,411,0.011628
245.211,1,410.5,0.011628
246.077,1,410,0.0116281
246.943,1,409.5,0.0116284
247.809,1,409,0.0116286
248.675,1,408.5,0.0116288
249.541,1,408,0.0116291
250.407,1,407.5,0.0116293
251.273,1,407,0.0116295
252.139,1,406.5,0.0116297
253.005,1,406,0.01163
253.871,1,405.5,0.0116302
254.737,1,405,0.0116304
255.603,1,404.5,0.0116306
256.469,1,404,0.0116308
257.335,1,403.5,0.0116313
258.201,1,403,0.0116322
259.067,1,402.5,0.0116332
259.933,1,402,0.0116343
260.799,1,401.5,0.0116354
261.665,1,401,0.0116365
262.531,1,400.5,0.0116376
263.397,1,400,0.0116388
264.263,1,399.5,0.01164
265.13,1,399,0.0116411
265.996,1,398.5,0.0116421
266.862,1,398,0.0116431
267.728,1,397.5,0.011644
268.594,1,397,0.011644
269.46,1,396.5,0.0116436
270.326,1,396,0.0116433
271.192,1,395.5,0.0116429
272.058,1,395,0.0116426
272.924,1,394.5,0.0116423
273.79,1,394,0.0116421
274.656,1,393.5,0.0116418
275.522,1,393,0.0116416
276.388,1,392.5,0.0116414
277.254,1,392,0.0116412
278.12,1,391.5,0.011641
278.986,1,391,0.0116411
279.852,1,390.5,0.011643
280.718,1,390,0.0116451
281.584,1,389.5,0.0116473
282.45,1,389,0.0116495
283.316,1,388.5,0.0116518
284.182,1,388,0.0116544
285.048,1,387.5,0.0116573
285.914,1,387,0.0116605
286.78,1,386.5,0.0116638
287.646,1,386,0.0116673
288.512,1,385.5,0.0116711
289.378,1,385,0.0116751
290.244,1,384.5,0.0116766
291.11,1,384,0.0116749
291.976,1,383.5,0.0116729
292.842,1,383,0.0116706
293.708,1,382.5,0.011668
294.574,1,382,0.0116652
295.44,1,381.5,0.0116621
296.306,1,381,0.0116587
297.172,1,380.5,0.011655
298.038,1,380,0.011651
298.905,1,379.5,0.0116468
299.771,1,379,0.0116422
300.637,1,378.5,0.0116374
301.503,1,378,0.0116479
302.369,1,377.5,0.011662
303.235,1,377,0.0116783
304.101,1,376.5,0.0116955
304.967,1,376,0.0117129
305.833,1,375.5,0.0117307
306.699,1,375,0.0117487
307.565,1,374.5,0.0117671
308.431,1,374,0.0117857
309.297,1,373.5,0.0118046
310.163,1,373,0.0118237
311.029,1,372.5,0.0118432
311.895,1,372,0.0118547
312.761,1,371.5,0.011834
313.627,1,371,0.011813
314.493,1,370.5,0.0117917
315.359,1,370,0.01177
316.225,1,369.5,0.0117479
317.091,1,369,0.0117255
317.957,1,368.5,0.0117028
318.823,1,368,0.0116797
319.689,1,367.5,0.0116562
320.555,1,367,0.0116324
321.421,1,366.5,0.0116083
322.287,1,366,0.0115535
323.153,1,365.5,0.0115488
324.019,1,365,0.0115992
324.885,1,364.5,0.0116621
325.751,1,364,0.0117376
326.617,1,363.5,0.0118257
327.483,1,363,0.0119264
328.349,1,362.5,0.0118289
329.215,1,362,0.0116533
330.081,1,361.5,0.0114887
330.947,1,361,0.0113524
331.813,1,360.5,0.0113814
332.679,1,360,0.011422
333.546,1,359.5,0.0114742
334.412,1,359,0.0115379
335.278,1,358.5,0.0116133
336.144,1,358,0.0116878
337.01,1,357.5,0.0114524
337.876,1,357,0.0110796
338.742,1,356.5,0.0106433
339.608,1,356,0.0101437
340.474,1,355.5,0.00958057
341.34,1,355,0.00895404
342.206,1,354.5,0.00867687
343.072,1,354,0.00885102
343.938,1,353.5,0.00903412
344.804,1,353,0.00942026
345.67,1,352.5,0.00956264
346.536,1,352,0.00972431
347.402,1,351.5,0.00989241
348.268,1,351,0.0100925
349.134,1,350.5,0.0101978
350,1,350,0.010181
350.866,1,349.5,0.0100576
351.732,1,349,0.0100223
352.598,1,348.5,0.0101905
353.464,1,348,0.0103796
354.33,1,347.5,0.0104781
355.196,1,347,0.0105845
356.062,1,346.5,0.0106337
356.928,1,346,0.0106285
357.794,1,345.5,0.0105845
358.66,1,345,0.010538
359.526,1,344.5,0.00991122
360.392,1,344,0.0102943
361.258,1,343.5,0.0106508
362.124,1,343,0.0109806
362.99,1,342.5,0.0112836
363.856,1,342,0.011482
364.722,1,341.5,0.0114983
365.588,1,341,0.0115791
366.454,1,340.5,0.0116501
367.321,1,340,0.0117113
368.187,1,339.5,0.0117626
369.053,1,339,0.0118041
369.919,1,338.5,0.0118288
370.785,1,338,0.0118934
371.651,1,337.5,0.0120012
372.517,1,337,0.0121613
373.383,1,336.5,0.0120018
374.249,1,336,0.0118621
375.115,1,335.5,0.011742
375.981,1,335,0.0116417
376.847,1,334.5,0.011561
377.713,1,334,0.0115208
378.579,1,333.5,0.0115165
379.445,1,333,0.0115179
380.311,1,332.5,0.0115198
381.177,1,332,0.0115223
382.043,1,331.5,0.0115252
382.909,1,331,0.0115287
383.775,1,330.5,0.0115328
384.641,1,330,0.0115373
385.507,1,329.5,0.0115424
386.373,1,329,0.011548
387.239,1,328.5,0.0115541
388.105,1,328,0.0115608
388.971,1,327.5,0.0115608
389.837,1,327,0.0115593
390.703,1,326.5,0.0115579
391.569,1,326,0.0115567
392.435,1,325.5,0.0115557
393.301,1,325,0.0115548
394.167,1,324.5,0.0115541
395.033,1,324,0.0115536
395.899,1,323.5,0.0115533
396.765,1,323,0.0115531
397.631,1,322.5,0.0115539
398.497,1,322,0.0115562
399.363,1,321.5,0.0115589
400.229,1,321,0.011564
401.095,1,320.5,0.0115688
401.962,1,320,0.0115734
402.828,1,319.5,0.0115778
403.694,1,319,0.0115821
404.56,1,318.5,0.0115861
405.426,1,318,0.01159
406.292,1,317.5,0.0115937
407.158,1,317,0.0115972
408.024,1,316.5,0.0116004
408.89,1,316,0.0116035
409.756,1,315.5,0.0116065
410.622,1,315,0.0116082
411.488,1,314.5,0.0116089
412.354,1,314,0.0116096
413.22,1,313.5,0.0116103
414.086,1,313,0.0116109
414.952,1,312.5,0.0116114
415.818,1,312,0.0116119
416.684,1,311.5,0.0116121
417.55,1,311,0.0116118
418.416,1,310.5,0.0116116
419.282,1,310,0.0116114
420.148,1,309.5,0.0116113
421.014,1,309,0.0116111
421.88,1,308.5,0.0116115
422.746,1,308,0.0116119
423.612,1,307.5,0.0116123
424.478,1,307,0.0116128
425.344,1,306.5,0.0116132
426.21,1,306,0.0116136
427.076,1,305.5,0.0116141
427.942,1,305,0.0116145
428.808,1,304.5,0.011615
429.674,1,304,0.0116154
430.54,1,303.5,0.0116159
431.406,1,303,0.0116163
432.272,1,302.5,0.0116167
433.138,1,302,0.0116169
434.004,1,301.5,0.0116171
434.87,1,301,0.0116172
435.737,1,300.5,0.0116174
436.603,1,300,0.0116176
437.469,1,299.5,0.0116177
438.335,1,299,0.0116178
439.201,1,298.5,0.011618
440.067,1,298,0.0116181
440.933,1,297.5,0.0116182
441.799,1,297,0.0116183
442.665,1,296.5,0.0116184
443.531,1,296,0.0116186
444.397,1,295.5,0.0116188
445.263,1,295,0.0116189
446.129,1,294.5,0.0116191
446.995,1,294,0.0116192
447.861,1,293.5,0.0116193
448.727,1,293,0.0116195
449.593,1,292.5,0.0116196
450.459,1,292,0.0116197
451.325,1,291.5,0.0116198
452.191,1,291,0.0116199
453.057,1,290.5,0.01162
453.923,1,290,0.0116201
454.789,1,289.5,0.0116202
455.655,1,289,0.0116203
456.521,1,288.5,0.0116204
457.387,1,288,0.0116204
458.253,1,287.5,0.0116205
459.119,1,287,0.0116206
459.985,1,286.5,0.0116206
460.851,1,286,0.0116207
461.717,1,285.5,0.0116207
462.583,1,285,0.0116208
463.449,1,284.5,0.0116208
464.315,1,284,0.0116208
465.181,1,283.5,0.0116209
466.047,1,283,0.0116209
466.913,1,282.5,0.0116209
467.779,1,282,0.011621
468.645,1,281.5,0.011621
469.512,1,281,0.011621
470.378,1,280.5,0.011621
471.244,1,280,0.0116211
472.11,1,279.5,0.0116211
472.976,1,279,0.0116211
473.842,1,278.5,0.0116212
474.708,1,278,0.0116212
475.574,1,277.5,0.0116212
476.44,1,277,0.0116213
477.306,1,276.5,0.0116213
478.172,1,276,0.0116214
479.038,1,275.5,0.0116215
479.904,1,275,0.0116215
480.77,1,274.5,0.0116216
481.636,1,274,0.0116217
482.502,1,273.5,0.0116218
483.368,1,273,0.0116218
484.234,1,272.5,0.0116219
485.1,1,272,0.011622
485.966,1,271.5,0.011622
486.832,1,271,0.0116221
487.698,1,270.5,0.0116221
488.564,1,270,0.0116221
489.43,1,269.5,0.0116222
490.296,1,269,0.0116222
491.162,1,268.5,0.0116222
492.028,1,268,0.0116222
492.894,1,267.5,0.0116222
493.76,1,267,0.0116222
494.626,1,266.5,0.0116222
495.492,1,266,0.0116222
496.358,1,265.5,0.0116222
497.224,1,265,0.0116223
498.09,1,264.5,0.0116222
498.956,1,264,0.0116222
499.822,1,263.5,0.0116222
500.688,1,263,0.0116222
501.554,1,262.5,0.0116222
502.42,1,262,0.0116222
503.286,1,261.5,0.0116222
504.153,1,261,0.0116222
505.019,1,260.5,0.0116222
505.885,1,260,0.0116222
506.751,1,259.5,0.0116222
507.617,1,259,0.0116222
508.483,1,258.5,0.0116222
509.349,1,258,0.0116222
510.215,1,257.5,0.0116222
511.081,1,257,0.0116222
511.947,1,256.5,0.0116222
512.813,1,256,0.0116222
513.679,1,255.5,0.0116222
514.545,1,255,0.0116223
515.411,1,254.5,0.0116223
516.277,1,254,0.0116223
517.143,1,253.5,0.0116223
518.009,1,253,0.0116223
518.875,1,252.5,0.0116223
519.741,1,252,0.0116223
520.607,1,251.5,0.0116223
521.473,1,251,0.0116223
522.339,1,250.5,0.0116222
523.205,1,250,0.0116222
524.071,1,249.5,0.0116222
524.937,1,249,0.0116222
525.803,1,248.5,0.0116222
526.669,1,248,0.0116222
527.535,1,247.5,0.0116222
528.401,1,247,0.0116222
529.267,1,246.5,0.0116222
530.133,1,246,0.0116222
530.999,1,245.5,0.0116222
531.865,1,245,0.0116222
532.731,1,244.5,0.0116222
533.597,1,244,0.0116222
534.463,1,243.5,0.0116222
535.329,1,243,0.0116222
536.195,1,242.5,0.0116222
537.061,1,242,0.0116222
537.928,1,241.5,0.0116222
538.794,1,241,0.0116222
539.66,1,240.5,0.0116222
540.526,1,240,0.0116222
541.392,1,239.5,0.0116222
542.258,1,239,0.0116223
543.124,1,238.5,0.0116223
543.99,1,238,0.0116223
544.856,1,237.5,0.0116223
545.722,1,237,0.0116223
546.588,1,236.5,0.0116223
547.454,1,236,0.0116223
548.32,1,235.5,0.0116223
549.186,1,235,0.0116223
550.052,1,234.5,0.0116223
550.918,1,234,0.0116223
551.784,1,233.5,0.0116223
552.65,1,233,0.0116223
553.516,1,232.5,0.0116223
554.382,1,232,0.0116223
555.248,1,231.5,0.0116223
556.114,1,231,0.0116223
556.98,1,230.5,0.0116223
557.846,1,230,0.0116223
558.712,1,229.5,0.0116223
559.578,1,229,0.0116223
560.444,1,228.5,0.0116223
561.31,1,228,0.0116223
562.176,1,227.5,0.0116223
563.042,1,227,0.0116223
563.908,1,226.5,0.0116223
564.774,1,226,0.0116223
565.64,1,225.5,0.0116223
566.506,1,225,0.0116223
567.372,1,224.5,0.0116223
568.238,1,224,0.0116223
569.104,1,223.5,0.0116223
569.97,1,223,0.0116224
570.836,1,222.5,0.0116224
571.703,1,222,0.0116224
572.569,1,221.5,0.0116224
573.435,1,221,0.0116224
574.301,1,220.5,0.0116224
575.167,1,220,0.0116224
576.033,1,219.5,0.0116224
576.899,1,219,0.0116224
577.765,1,218.5,0.0116224
578.631,1,218,0.0116224
579.497,1,217.5,0.0116224
580.363,1,217,0.0116224
581.229,1,216.5,0.0116224
582.095,1,216,0.0116224
582.961,1,215.5,0.0116224
583.827,1,215,0.0116224
584.693,1,214.5,0.0116224
585.559,1,214,0.0116224
586.425,1,213.5,0.0116224
587.291,1,213,0.0116224
588.157,1,212.5,0.0116224
589.023,1,212,0.0116224
589.889,1,211.5,0.0116224
590.755,1,211,0.0116224
591.621,1,210.5,0.0116224
592.487,1,210,0.0116224
593.353,1,209.5,0.0116224
594.219,1,209,0.0116224
595.085,1,208.5,0.0116224
595.951,1,208,0.0116224
596.817,1,207.5,0.0116224
597.683,1,207,0.0116224
598.549,1,206.5,0.0116224
599.415,1,206,0.0116224
600.281,1,205.5,0.0116224
601.147,1,205,0.0116224
602.013,1,204.5,0.0116224
602.879,1,204,0.0116224
603.745,1,203.5,0.0116224
604.611,1,203,0.0116224
605.477,1,202.5,0.0116224
606.344,1,202,0.0116224
607.21,1,201.5,0.0116224
608.076,1,201,0.0116224
608.942,1,200.5,0.0116224
609.808,1,200,0.0116224
