x,y,z,b
90.1924,1,500,0.0116224
91.0584,1,499.5,0.0116224
91.9244,1,499,0.0116224
92.7905,1,498.5,0.0116224
93.6565,1,498,0.0116224
94.5225,1,497.5,0.0116224
95.3885,1,497,0.0116224
96.2546,1,496.5,0.0116224
97.1206,1,496,0.0116224
97.9866,1,495.5,0.0116224
98.8526,1,495,0.0116224
99.7187,1,494.5,0.0116224
100.585,1,494,0.0116224
101.451,1,493.5,0.0116224
102.317,1,493,0.0116224
103.183,1,492.5,0.0116224
104.049,1,492,0.0116224
104.915,1,491.5,0.0116224
105.781,1,491,0.0116224
106.647,1,490.5,0.0116224
107.513,1,490,0.0116224
108.379,1,489.5,0.0116225
109.245,1,489,0.0116225
110.111,1,488.5,0.0116225
110.977,1,488,0.0116225
111.843,1,487.5,0.0116225
112.709,1,487,0.0116225
113.575,1,486.5,0.0116225
114.441,1,486,0.0116225
115.307,1,485.5,0.0116225
116.173,1,485,0.0116225
117.039,1,484.5,0.0116225
117.905,1,484,0.0116225
118.771,1,483.5,0.0116225
119.637,1,483,0.0116225
120.503,1,482.5,0.0116225
121.369,1,482,0.0116225
122.235,1,481.5,0.0116225
123.101,1,481,0.0116225
123.967,1,480.5,0.0116225
124.833,1,480,0.0116225
125.699,1,479.5,0.0116225
126.565,1,479,0.0116225
127.431,1,478.5,0.0116225
128.297,1,478,0.0116225
129.164,1,477.5,0.0116225
130.03,1,477,0.0116225
130.896,1,476.5,0.0116225
131.762,1,476,0.0116225
132.628,1,475.5,0.0116225
133.494,1,475,0.0116225
134.36,1,474.5,0.0116225
135.226,1,474,0.0116225
136.092,1,473.5,0.0116225
136.958,1,473,0.0116225
137.824,1,472.5,0.0116225
138.69,1,472,0.0116225
139.556,1,471.5,0.0116225
140.422,1,471,0.0116225
141.288,1,470.5,0.0116225
142.154,1,470,0.0116225
143.02,1,469.5,0.0116225
143.886,1,469,0.0116225
144.752,1,468.5,0.0116225
145.618,1,468,0.0116225
146.484,1,467.5,0.0116225
147.35,1,467,0.0116225
148.216,1,466.5,0.0116225
149.082,1,466,0.0116225
149.948,1,465.5,0.0116225
150.814,1,465,0.0116225
151.68,1,464.5,0.0116225
152.546,1,464,0.0116225
153.412,1,463.5,0.0116225
154.278,1,463,0.0116225
155.144,1,462.5,0.0116225
156.01,1,462,0.0116225
156.876,1,461.5,0.0116225
157.742,1,461,0.0116225
158.608,1,460.5,0.0116225
159.474,1,460,0.0116225
160.34,1,459.5,0.0116225
161.206,1,459,0.0116225
162.072,1,458.5,0.0116225
162.939,1,458,0.0116225
163.805,1,457.5,0.0116225
164.671,1,457,0.0116225
165.537,1,456.5,0.0116225
166.403,1,456,0.0116225
167.269,1,455.5,0.0116225
168.135,1,455,0.0116225
169.001,1,454.5,0.0116225
169.867,1,454,0.0116225
170.733,1,453.5,0.0116225
171.599,1,453,0.0116225
172.465,1,452.5,0.0116225
173.331,1,452,0.0116225
174.197,1,451.5,0.0116225
175.063,1,451,0.0116225
175.929,1,450.5,0.0116225
176.795,1,450,0.0116225
177.661,1,449.5,0.0116225
178.527,1,449,0.0116225
179.393,1,448.5,0.0116225
180.259,1,448,0.0116225
181.125,1,447.5,0.0116225
181.991,1,447,0.0116225
182.857,1,446.5,0.0116225
183.723,1,446,0.0116226
184.589,1,445.5,0.0116226
185.455,1,445,0.0116226
186.321,1,444.5,0.0116226
187.187,1,444,0.0116226
188.053,1,443.5,0.0116226
188.919,1,443,0.0116226
189.785,1,442.5,0.0116226
190.651,1,442,0.0116226
191.517,1,441.5,0.0116226
192.383,1,441,0.0116226
193.249,1,440.5,0.0116226
194.115,1,440,0.0116226
194.981,1,439.5,0.0116226
195.847,1,439,0.0116226
196.714,1,438.5,0.0116226
197.58,1,438,0.0116226
198.446,1,437.5,0.0116226
199.312,1,437,0.0116226
200.178,1,436.5,0.0116226
201.044,1,436,0.0116226
201.91,1,435.5,0.0116226
202.776,1,435,0.0116226
203.642,1,434.5,0.0116226
204.508,1,434,0.0116226
205.374,1,433.5,0.0116226
206.24,1,433,0.0116226
207.106,1,432.5,0.0116227
207.972,1,432,0.0116227
208.838,1,431.5,0.0116227
209.704,1,431,0.0116227
210.57,1,430.5,0.0116227
211.436,1,430,0.0116227
212.302,1,429.5,0.0116227
213.168,1,429,0.0116227
214.034,1,428.5,0.0116227
214.9,1,428,0.0116227
215.766,1,427.5,0.0116227
216.632,1,427,0.0116227
217.498,1,426.5,0.0116227
218.364,1,426,0.0116227
219.23,1,425.5,0.0116227
220.096,1,425,0.0116227
220.962,1,424.5,0.0116227
221.828,1,424,0.0116227
222.694,1,423.5,0.0116227
223.56,1,423,0.0116227
224.426,1,422.5,0.0116228
225.292,1,422,0.0116228
226.158,1,421.5,0.0116228
227.024,1,421,0.0116228
227.89,1,420.5,0.0116228
228.756,1,420,0.0116228
229.622,1,419.5,0.0116228
230.488,1,419,0.0116229
231.355,1,418.5,0.0116229
232.221,1,418,0.0116229
233.087,1,417.5,0.0116229
233.953,1,417,0.0116229
234.819,1,416.5,0.0116229
235.685,1,416,0.0116229
236.551,1,415.5,0.011623
237.417,1,415,0.011623
238.283,1,414.5,0.011623
239.149,1,414,0.011623
240.015,1,413.5,0.011623
240.881,1,413,0.011623
241.747,1,412.5,0.0116231
242.613,1,412,0.0116231
243.479,1,411.5,0.0116231
244.345,1,411,0.0116231
245.211,1,410.5,0.0116232
246.077,1,410,0.0116232
246.943,1,409.5,0.0116232
247.809,1,409,0.0116233
248.675,1,408.5,0.0116233
249.541,1,408,0.0116233
250.407,1,407.5,0.0116234
251.273,1,407,0.0116234
252.139,1,406.5,0.0116235
253.005,1,406,0.0116235
253.871,1,405.5,0.0116236
254.737,1,405,0.0116236
255.603,1,404.5,0.0116237
256.469,1,404,0.0116237
257.335,1,403.5,0.0116238
258.201,1,403,0.0116239
259.067,1,402.5,0.0116239
259.933,1,402,0.011624
260.799,1,401.5,0.0116241
261.665,1,401,0.0116241
262.531,1,400.5,0.0116242
263.397,1,400,0.0116243
264.263,1,399.5,0.0116243
265.13,1,399,0.0116244
265.996,1,398.5,0.0116245
266.862,1,398,0.0116246
267.728,1,397.5,0.0116246
268.594,1,397,0.0116247
269.46,1,396.5,0.0116248
270.326,1,396,0.0116249
271.192,1,395.5,0.0116249
272.058,1,395,0.011625
272.924,1,394.5,0.0116251
273.79,1,394,0.0116251
274.656,1,393.5,0.0116252
275.522,1,393,0.0116252
276.388,1,392.5,0.0116253
277.254,1,392,0.0116254
278.12,1,391.5,0.0116254
278.986,1,391,0.0116255
279.852,1,390.5,0.0116256
280.718,1,390,0.0116258
281.584,1,389.5,0.011626
282.45,1,389,0.0116262
283.316,1,388.5,0.0116264
284.182,1,388,0.0116266
285.048,1,387.5,0.0116269
285.914,1,387,0.0116272
286.78,1,386.5,0.0116275
287.646,1,386,0.0116278
288.512,1,385.5,0.0116281
289.378,1,385,0.0116285
290.244,1,384.5,0.0116286
291.11,1,384,0.0116284
291.976,1,383.5,0.0116283
292.842,1,383,0.0116281
293.708,1,382.5,0.0116279
294.574,1,382,0.0116277
295.44,1,381.5,0.0116275
296.306,1,381,0.0116273
297.172,1,380.5,0.011627
298.038,1,380,0.0116268
298.905,1,379.5,0.0116265
299.771,1,379,0.0116262
300.637,1,378.5,0.0116258
301.503,1,378,0.0116273
302.369,1,377.5,0.0116291
303.235,1,377,0.011631
304.101,1,376.5,0.0116331
304.967,1,376,0.0116353
305.833,1,375.5,0.0116376
306.699,1,375,0.01164
307.565,1,374.5,0.0116425
308.431,1,374,0.0116452
309.297,1,373.5,0.011648
310.163,1,373,0.011651
311.029,1,372.5,0.011654
311.895,1,372,0.0116557
312.761,1,371.5,0.0116517
313.627,1,371,0.0116475
314.493,1,370.5,0.0116431
315.359,1,370,0.0116385
316.225,1,369.5,0.0116338
317.091,1,369,0.0116288
317.957,1,368.5,0.0116237
318.823,1,368,0.0116184
319.689,1,367.5,0.011613
320.555,1,367,0.0116073
321.421,1,366.5,0.0116015
322.287,1,366,0.0115951
323.153,1,365.5,0.0115975
324.019,1,365,0.0116051
324.885,1,364.5,0.0116111
325.751,1,364,0.0116154
326.617,1,363.5,0.0116179
327.483,1,363,0.0116188
328.349,1,362.5,0.011618
329.215,1,362,0.0116155
330.081,1,361.5,0.0116113
330.947,1,361,0.0116054
331.813,1,360.5,0.0115979
332.679,1,360,0.0115886
333.546,1,359.5,0.0115776
334.412,1,359,0.0116267
335.278,1,358.5,0.0116908
336.144,1,358,0.0117667
337.01,1,357.5,0.0118545
337.876,1,357,0.011954
338.742,1,356.5,0.0120654
339.608,1,356,0.0119694
340.474,1,355.5,0.0117928
341.34,1,355,0.0116105
342.206,1,354.5,0.0115312
343.072,1,354,0.0115757
343.938,1,353.5,0.0116253
344.804,1,353,0.0114894
345.67,1,352.5,0.0113758
346.536,1,352,0.0113441
347.402,1,351.5,0.0113378
348.268,1,351,0.0112522
349.134,1,350.5,0.0112186
350,1,350,0.0112777
350.866,1,349.5,0.0113802
351.732,1,349,0.0114399
352.598,1,348.5,0.0113969
353.464,1,348,0.0113628
354.33,1,347.5,0.0113659
355.196,1,347,0.0114805
356.062,1,346.5,0.0116313
356.928,1,346,0.0116096
357.794,1,345.5,0.01159
358.66,1,345,0.0115908
359.526,1,344.5,0.0116109
360.392,1,344,0.0116344
361.258,1,343.5,0.0116613
362.124,1,343,0.0116914
362.99,1,342.5,0.0117248
363.856,1,342,0.0117475
364.722,1,341.5,0.011765
365.588,1,341,0.0118162
366.454,1,340.5,0.0118704
367.321,1,340,0.0119275
368.187,1,339.5,0.0119876
369.053,1,339,0.0117902
369.919,1,338.5,0.011756
370.785,1,338,0.0117248
371.651,1,337.5,0.0116967
372.517,1,337,0.0116715
373.383,1,336.5,0.0116494
374.249,1,336,0.0116303
375.115,1,335.5,0.0116141
375.981,1,335,0.011601
376.847,1,334.5,0.011591
377.713,1,334,0.0115886
378.579,1,333.5,0.0115931
379.445,1,333,0.0115956
380.311,1,332.5,0.0115981
381.177,1,332,0.0116005
382.043,1,331.5,0.0116029
382.909,1,331,0.0116051
383.775,1,330.5,0.0116074
384.641,1,330,0.0116095
385.507,1,329.5,0.0116116
386.373,1,329,0.0116136
387.239,1,328.5,0.0116156
388.105,1,328,0.0116175
388.971,1,327.5,0.0116174
389.837,1,327,0.0116169
390.703,1,326.5,0.0116164
391.569,1,326,0.011616
392.435,1,325.5,0.0116156
393.301,1,325,0.0116153
394.167,1,324.5,0.0116151
395.033,1,324,0.0116149
395.899,1,323.5,0.0116148
396.765,1,323,0.0116148
397.631,1,322.5,0.0116149
398.497,1,322,0.0116152
399.363,1,321.5,0.0116156
400.229,1,321,0.0116161
401.095,1,320.5,0.0116166
401.962,1,320,0.0116171
402.828,1,319.5,0.0116175
403.694,1,319,0.011618
404.56,1,318.5,0.0116184
405.426,1,318,0.0116188
406.292,1,317.5,0.0116192
407.158,1,317,0.0116195
408.024,1,316.5,0.0116199
408.89,1,316,0.0116202
409.756,1,315.5,0.0116205
410.622,1,315,0.0116207
411.488,1,314.5,0.0116208
412.354,1,314,0.0116209
413.22,1,313.5,0.011621
414.086,1,313,0.011621
414.952,1,312.5,0.0116211
415.818,1,312,0.0116212
416.684,1,311.5,0.0116213
417.55,1,311,0.0116213
418.416,1,310.5,0.0116213
419.282,1,310,0.0116214
420.148,1,309.5,0.0116214
421.014,1,309,0.0116214
421.88,1,308.5,0.0116215
422.746,1,308,0.0116215
423.612,1,307.5,0.0116216
424.478,1,307,0.0116216
425.344,1,306.5,0.0116216
426.21,1,306,0.0116217
427.076,1,305.5,0.0116217
427.942,1,305,0.0116217
428.808,1,304.5,0.0116218
429.674,1,304,0.0116218
430.54,1,303.5,0.0116218
431.406,1,303,0.0116219
432.272,1,302.5,0.0116219
433.138,1,302,0.0116219
434.004,1,301.5,0.0116219
434.87,1,301,0.0116219
435.737,1,300.5,0.011622
436.603,1,300,0.011622
437.469,1,299.5,0.011622
438.335,1,299,0.011622
439.201,1,298.5,0.011622
440.067,1,298,0.011622
440.933,1,297.5,0.011622
441.799,1,297,0.011622
442.665,1,296.5,0.011622
443.531,1,296,0.0116221
444.397,1,295.5,0.0116221
445.263,1,295,0.0116221
446.129,1,294.5,0.0116221
446.995,1,294,0.0116221
447.861,1,293.5,0.0116221
448.727,1,293,0.0116222
449.593,1,292.5,0.0116222
450.459,1,292,0.0116222
451.325,1,291.5,0.0116222
452.191,1,291,0.0116222
453.057,1,290.5,0.0116222
453.923,1,290,0.0116222
454.789,1,289.5,0.0116222
455.655,1,289,0.0116222
456.521,1,288.5,0.0116222
457.387,1,288,0.0116222
458.253,1,287.5,0.0116223
459.119,1,287,0.0116223
459.985,1,286.5,0.0116223
460.851,1,286,0.0116223
461.717,1,285.5,0.0116223
462.583,1,285,0.0116223
463.449,1,284.5,0.0116223
464.315,1,284,0.0116223
465.181,1,283.5,0.0116223
466.047,1,283,0.0116223
466.913,1,282.5,0.0116223
467.779,1,282,0.0116223
468.645,1,281.5,0.0116223
469.512,1,281,0.0116223
470.378,1,280.5,0.0116223
471.244,1,280,0.0116223
472.11,1,279.5,0.0116223
472.976,1,279,0.0116223
473.842,1,278.5,0.0116223
474.708,1,278,0.0116224
475.574,1,277.5,0.0116224
476.44,1,277,0.0116224
477.306,1,276.5,0.0116224
478.172,1,276,0.0116224
479.038,1,275.5,0.0116224
479.904,1,275,0.0116224
480.77,1,274.5,0.0116224
481.636,1,274,0.0116224
482.502,1,273.5,0.0116224
483.368,1,273,0.0116224
484.234,1,272.5,0.0116224
485.1,1,272,0.0116224
485.966,1,271.5,0.0116224
486.832,1,271,0.0116224
487.698,1,270.5,0.0116224
488.564,1,270,0.0116224
489.43,1,269.5,0.0116224
490.296,1,269,0.0116224
491.162,1,268.5,0.0116224
492.028,1,268,0.0116224
492.894,1,267.5,0.0116224
493.76,1,267,0.0116224
494.626,1,266.5,0.0116224
495.492,1,266,0.0116224
496.358,1,265.5,0.0116224
497.224,1,265,0.0116224
498.09,1,264.5,0.0116224
498.956,1,264,0.0116224
499.822,1,263.5,0.0116224
500.688,1,263,0.0116224
501.554,1,262.5,0.0116224
502.42,1,262,0.0116224
503.286,1,261.5,0.0116224
504.153,1,261,0.0116224
505.019,1,260.5,0.0116224
505.885,1,260,0.0116224
506.751,1,259.5,0.0116224
507.617,1,259,0.0116224
508.483,1,258.5,0.0116224
509.349,1,258,0.0116224
510.215,1,257.5,0.0116224
511.081,1,257,0.0116224
511.947,1,256.5,0.0116224
512.813,1,256,0.0116224
513.679,1,255.5,0.0116224
514.545,1,255,0.0116224
515.411,1,254.5,0.0116224
516.277,1,254,0.0116224
517.143,1,253.5,0.0116224
518.009,1,253,0.0116224
518.875,1,252.5,0.0116224
519.741,1,252,0.0116224
520.607,1,251.5,0.0116224
521.473,1,251,0.0116224
522.339,1,250.5,0.0116224
523.205,1,250,0.0116224
524.071,1,249.5,0.0116224
524.937,1,249,0.0116224
525.803,1,248.5,0.0116224
526.669,1,248,0.0116224
527.535,1,247.5,0.0116224
528.401,1,247,0.0116224
529.267,1,246.5,0.0116224
530.133,1,246,0.0116224
530.999,1,245.5,0.0116224
531.865,1,245,0.0116224
532.731,1,244.5,0.0116224
533.597,1,244,0.0116224
534.463,1,243.5,0.0116224
535.329,1,243,0.0116224
536.195,1,242.5,0.0116224
537.061,1,242,0.0116224
537.928,1,241.5,0.0116224
538.794,1,241,0.0116224
539.66,1,240.5,0.0116224
540.526,1,240,0.0116224
541.392,1,239.5,0.0116224
542.258,1,239,0.0116224
543.124,1,238.5,0.0116224
543.99,1,238,0.0116224
544.856,1,237.5,0.0116224
545.722,1,237,0.0116224
546.588,1,236.5,0.0116224
547.454,1,236,0.0116224
548.32,1,235.5,0.0116224
549.186,1,235,0.0116224
550.052,1,234.5,0.0116224
550.918,1,234,0.0116224
551.784,1,233.5,0.0116224
552.65,1,233,0.0116224
553.516,1,232.5,0.0116224
554.382,1,232,0.0116224
555.248,1,231.5,0.0116224
556.114,1,231,0.0116224
556.98,1,230.5,0.0116224
557.846,1,230,0.0116224
558.712,1,229.5,0.0116224
559.578,1,229,0.0116224
560.444,1,228.5,0.0116224
561.31,1,228,0.0116224
562.176,1,227.5,0.0116224
563.042,1,227,0.0116224
563.908,1,226.5,0.0116224
564.774,1,226,0.0116224
565.64,1,225.5,0.0116224
566.506,1,225,0.0116224
567.372,1,224.5,0.0116224
568.238,1,224,0.0116224
569.104,1,223.5,0.0116224
569.97,1,223,0.0116224
570.836,1,222.5,0.0116224
571.703,1,222,0.0116224
572.569,1,221.5,0.0116224
573.435,1,221,0.0116224
574.301,1,220.5,0.0116224
575.167,1,220,0.0116224
576.033,1,219.5,0.0116224
576.899,1,219,0.0116224
577.765,1,218.5,0.0116224
578.631,1,218,0.0116224
579.497,1,217.5,0.0116224
580.363,1,217,0.0116224
581.229,1,216.5,0.0116224
582.095,1,216,0.0116224
582.961,1,215.5,0.0116224
583.827,1,215,0.0116224
584.693,1,214.5,0.0116224
585.559,1,214,0.0116224
586.425,1,213.5,0.0116224
587.291,1,213,0.0116224
588.157,1,212.5,0.0116224
589.023,1,212,0.0116224
589.889,1,211.5,0.0116224
590.755,1,211,0.0116224
591.621,1,210.5,0.0116224
592.487,1,210,0.0116224
593.353,1,209.5,0.0116224
594.219,1,209,0.0116224
595.085,1,208.5,0.0116224
595.951,1,208,0.0116224
596.817,1,207.5,0.0116224
597.683,1,207,0.0116224
598.549,1,206.5,0.0116224
599.415,1,206,0.0116224
600.281,1,205.5,0.0116224
601.147,1,205,0.0116224
602.013,1,204.5,0.0116224
602.879,1,204,0.0116224
603.745,1,203.5,0.0116224
604.611,1,203,0.0116224
605.477,1,202.5,0.0116224
606.344,1,202,0.0116224
607.21,1,201.5,0.0116224
608.076,1,201,0.0116224
608.942,1,200.5,0.0116224
609.808,1,200,0.0116224
