x,y,z,b
90.1924,1,500,0.0116225
91.0584,1,499.5,0.0116225
91.9244,1,499,0.0116225
92.7905,1,498.5,0.0116225
93.6565,1,498,0.0116225
94.5225,1,497.5,0.0116225
95.3885,1,497,0.0116225
96.2546,1,496.5,0.0116225
97.1206,1,496,0.0116225
97.9866,1,495.5,0.0116225
98.8526,1,495,0.0116225
99.7187,1,494.5,0.0116225
100.585,1,494,0.0116225
101.451,1,493.5,0.0116225
102.317,1,493,0.0116225
103.183,1,492.5,0.0116225
104.049,1,492,0.0116225
104.915,1,491.5,0.0116225
105.781,1,491,0.0116225
106.647,1,490.5,0.0116225
107.513,1,490,0.0116225
108.379,1,489.5,0.0116225
109.245,1,489,0.0116225
110.111,1,488.5,0.0116225
110.977,1,488,0.0116225
111.843,1,487.5,0.0116225
112.709,1,487,0.0116225
113.575,1,486.5,0.0116225
114.441,1,486,0.0116225
115.307,1,485.5,0.0116225
116.173,1,485,0.0116225
117.039,1,484.5,0.0116225
117.905,1,484,0.0116225
118.771,1,483.5,0.0116225
119.637,1,483,0.0116225
120.503,1,482.5,0.0116225
121.369,1,482,0.0116225
122.235,1,481.5,0.0116225
123.101,1,481,0.0116225
123.967,1,480.5,0.0116225
124.833,1,480,0.0116225
125.699,1,479.5,0.0116225
126.565,1,479,0.0116225
127.431,1,478.5,0.0116225
128.297,1,478,0.0116225
129.164,1,477.5,0.0116225
130.03,1,477,0.0116225
130.896,1,476.5,0.0116225
131.762,1,476,0.0116225
132.628,1,475.5,0.0116225
133.494,1,475,0.0116225
134.36,1,474.5,0.0116225
135.226,1,474,0.0116225
136.092,1,473.5,0.0116225
136.958,1,473,0.0116225
137.824,1,472.5,0.0116225
138.69,1,472,0.0116225
139.556,1,471.5,0.0116225
140.422,1,471,0.0116225
141.288,1,470.5,0.0116225
142.154,1,470,0.0116225
143.02,1,469.5,0.0116225
143.886,1,469,0.0116225
144.752,1,468.5,0.0116225
145.618,1,468,0.0116225
146.484,1,467.5,0.0116225
147.35,1,467,0.0116225
148.216,1,466.5,0.0116225
149.082,1,466,0.0116225
149.948,1,465.5,0.0116225
150.814,1,465,0.0116225
151.68,1,464.5,0.0116225
152.546,1,464,0.0116225
153.412,1,463.5,0.0116225
154.278,1,463,0.0116225
155.144,1,462.5,0.0116225
156.01,1,462,0.0116225
156.876,1,461.5,0.0116225
157.742,1,461,0.0116225
158.608,1,460.5,0.0116225
159.474,1,460,0.0116225
160.34,1,459.5,0.0116225
161.206,1,459,0.0116225
162.072,1,458.5,0.0116225
162.939,1,458,0.0116226
163.805,1,457.5,0.0116226
164.671,1,457,0.0116226
165.537,1,456.5,0.0116226
166.403,1,456,0.0116226
167.269,1,455.5,0.0116226
168.135,1,455,0.0116226
169.001,1,454.5,0.0116226
169.867,1,454,0.0116226
170.733,1,453.5,0.0116226
171.599,1,453,0.0116226
172.465,1,452.5,0.0116226
173.331,1,452,0.0116226
174.197,1,451.5,0.0116226
175.063,1,451,0.0116226
175.929,1,450.5,0.0116226
176.795,1,450,0.0116226
177.661,1,449.5,0.0116226
178.527,1,449,0.0116226
179.393,1,448.5,0.0116226
180.259,1,448,0.0116226
181.125,1,447.5,0.0116226
181.991,1,447,0.0116226
182.857,1,446.5,0.0116226
183.723,1,446,0.0116226
184.589,1,445.5,0.0116226
185.455,1,445,0.0116226
186.321,1,444.5,0.0116226
187.187,1,444,0.0116227
188.053,1,443.5,0.0116227
188.919,1,443,0.0116227
189.785,1,442.5,0.0116227
190.651,1,442,0.0116227
191.517,1,441.5,0.0116227
192.383,1,441,0.0116227
193.249,1,440.5,0.0116227
194.115,1,440,0.0116227
194.981,1,439.5,0.0116227
195.847,1,439,0.0116227
196.714,1,438.5,0.0116227
197.58,1,438,0.0116227
198.446,1,437.5,0.0116227
199.312,1,437,0.0116227
200.178,1,436.5,0.0116228
201.044,1,436,0.0116228
201.91,1,435.5,0.0116228
202.776,1,435,0.0116228
203.642,1,434.5,0.0116228
204.508,1,434,0.0116228
205.374,1,433.5,0.0116228
206.24,1,433,0.0116228
207.106,1,432.5,0.0116228
207.972,1,432,0.0116228
208.838,1,431.5,0.0116228
209.704,1,431,0.0116228
210.57,1,430.5,0.0116228
211.436,1,430,0.0116228
212.302,1,429.5,0.0116228
213.168,1,429,0.0116228
214.034,1,428.5,0.0116228
214.9,1,428,0.0116229
215.766,1,427.5,0.0116229
216.632,1,427,0.0116229
217.498,1,426.5,0.0116229
218.364,1,426,0.0116229
219.23,1,425.5,0.0116229
220.096,1,425,0.011623
220.962,1,424.5,0.011623
221.828,1,424,0.011623
222.694,1,423.5,0.011623
223.56,1,423,0.011623
224.426,1,422.5,0.011623
225.292,1,422,0.011623
226.158,1,421.5,0.0116231
227.024,1,421,0.0116231
227.89,1,420.5,0.0116231
228.756,1,420,0.0116231
229.622,1,419.5,0.0116232
230.488,1,419,0.0116232
231.355,1,418.5,0.0116232
232.221,1,418,0.0116232
233.087,1,417.5,0.0116232
233.953,1,417,0.0116233
234.819,1,416.5,0.0116233
235.685,1,416,0.0116233
236.551,1,415.5,0.0116233
237.417,1,415,0.0116233
238.283,1,414.5,0.0116233
239.149,1,414,0.0116234
240.015,1,413.5,0.0116234
240.881,1,413,0.0116234
241.747,1,412.5,0.0116234
242.613,1,412,0.0116234
243.479,1,411.5,0.0116235
244.345,1,411,0.0116235
245.211,1,410.5,0.0116235
246.077,1,410,0.0116236
246.943,1,409.5,0.0116236
247.809,1,409,0.0116237
248.675,1,408.5,0.0116237
249.541,1,408,0.0116238
250.407,1,407.5,0.0116238
251.273,1,407,0.0116239
252.139,1,406.5,0.011624
253.005,1,406,0.011624
253.871,1,405.5,0.0116241
254.737,1,405,0.0116242
255.603,1,404.5,0.0116242
256.469,1,404,0.0116243
257.335,1,403.5,0.0116244
258.201,1,403,0.0116246
259.067,1,402.5,0.0116247
259.933,1,402,0.0116248
260.799,1,401.5,0.011625
261.665,1,401,0.0116251
262.531,1,400.5,0.0116253
263.397,1,400,0.0116254
264.263,1,399.5,0.0116256
265.13,1,399,0.0116257
265.996,1,398.5,0.0116259
266.862,1,398,0.0116261
267.728,1,397.5,0.0116262
268.594,1,397,0.0116263
269.46,1,396.5,0.0116264
270.326,1,396,0.0116264
271.192,1,395.5,0.0116265
272.058,1,395,0.0116265
272.924,1,394.5,0.0116266
273.79,1,394,0.0116266
274.656,1,393.5,0.0116266
275.522,1,393,0.0116267
276.388,1,392.5,0.0116267
277.254,1,392,0.0116267
278.12,1,391.5,0.0116267
278.986,1,391,0.0116267
279.852,1,390.5,0.011627
280.718,1,390,0.0116273
281.584,1,389.5,0.0116276
282.45,1,389,0.0116279
283.316,1,388.5,0.0116283
284.182,1,388,0.0116287
285.048,1,387.5,0.0116291
285.914,1,387,0.0116296
286.78,1,386.5,0.0116301
287.646,1,386,0.0116307
288.512,1,385.5,0.0116312
289.378,1,385,0.0116318
290.244,1,384.5,0.011632
291.11,1,384,0.0116315
291.976,1,383.5,0.011631
292.842,1,383,0.0116305
293.708,1,382.5,0.0116299
294.574,1,382,0.0116293
295.44,1,381.5,0.0116286
296.306,1,381,0.0116278
297.172,1,380.5,0.011627
298.038,1,380,0.0116261
298.905,1,379.5,0.0116252
299.771,1,379,0.0116242
300.637,1,378.5,0.0116232
301.503,1,378,0.0116258
302.369,1,377.5,0.0116294
303.235,1,377,0.0116332
304.101,1,376.5,0.0116372
304.967,1,376,0.0116415
305.833,1,375.5,0.0116459
306.699,1,375,0.0116504
307.565,1,374.5,0.0116552
308.431,1,374,0.0116601
309.297,1,373.5,0.0116652
310.163,1,373,0.0116705
311.029,1,372.5,0.0116759
311.895,1,372,0.011679
312.761,1,371.5,0.0116724
313.627,1,371,0.0116655
314.493,1,370.5,0.0116584
315.359,1,370,0.0116511
316.225,1,369.5,0.0116436
317.091,1,369,0.0116359
317.957,1,368.5,0.011628
318.823,1,368,0.0116198
319.689,1,367.5,0.0116115
320.555,1,367,0.0116029
321.421,1,366.5,0.0115941
322.287,1,366,0.0115819
323.153,1,365.5,0.0115798
324.019,1,365,0.0115859
324.885,1,364.5,0.0115912
325.751,1,364,0.0115958
326.617,1,363.5,0.0115997
327.483,1,363,0.0116029
328.349,1,362.5,0.0116053
329.215,1,362,0.011607
330.081,1,361.5,0.011608
330.947,1,361,0.0116083
331.813,1,360.5,0.0116166
332.679,1,360,0.0114958
333.546,1,359.5,0.0113764
334.412,1,359,0.0112585
335.278,1,358.5,0.011142
336.144,1,358,0.0110787
337.01,1,357.5,0.0111309
337.876,1,357,0.0111813
338.742,1,356.5,0.0112179
339.608,1,356,0.0112406
340.474,1,355.5,0.0112494
341.34,1,355,0.0112443
342.206,1,354.5,0.011274
343.072,1,354,0.0113649
343.938,1,353.5,0.01147
344.804,1,353,0.011415
345.67,1,352.5,0.0113699
346.536,1,352,0.0113561
347.402,1,351.5,0.0113349
348.268,1,351,0.011242
349.134,1,350.5,0.0112319
350,1,350,0.0113169
350.866,1,349.5,0.0114135
351.732,1,349,0.0114634
352.598,1,348.5,0.0114542
353.464,1,348,0.0114642
354.33,1,347.5,0.0114593
355.196,1,347,0.0114502
356.062,1,346.5,0.0114796
356.928,1,346,0.0115388
357.794,1,345.5,0.0115802
358.66,1,345,0.0116377
359.526,1,344.5,0.0118086
360.392,1,344,0.0117834
361.258,1,343.5,0.0117679
362.124,1,343,0.0117621
362.99,1,342.5,0.0117659
363.856,1,342,0.0117679
364.722,1,341.5,0.0117875
365.588,1,341,0.0118471
366.454,1,340.5,0.0119093
367.321,1,340,0.0119741
368.187,1,339.5,0.0120416
369.053,1,339,0.0119149
369.919,1,338.5,0.0118622
370.785,1,338,0.0118137
371.651,1,337.5,0.0117694
372.517,1,337,0.0117292
373.383,1,336.5,0.0116933
374.249,1,336,0.0116615
375.115,1,335.5,0.0116339
375.981,1,335,0.0116104
376.847,1,334.5,0.0115912
377.713,1,334,0.0115835
378.579,1,333.5,0.0115868
379.445,1,333,0.0115892
380.311,1,332.5,0.0115916
381.177,1,332,0.0115941
382.043,1,331.5,0.0115966
382.909,1,331,0.0115991
383.775,1,330.5,0.0116016
384.641,1,330,0.0116041
385.507,1,329.5,0.0116067
386.373,1,329,0.0116093
387.239,1,328.5,0.0116119
388.105,1,328,0.0116145
388.971,1,327.5,0.0116141
389.837,1,327,0.0116131
390.703,1,326.5,0.0116122
391.569,1,326,0.0116113
392.435,1,325.5,0.0116106
393.301,1,325,0.0116099
394.167,1,324.5,0.0116094
395.033,1,324,0.0116089
395.899,1,323.5,0.0116086
396.765,1,323,0.0116083
397.631,1,322.5,0.0116084
398.497,1,322,0.011609
399.363,1,321.5,0.0116096
400.229,1,321,0.0116107
401.095,1,320.5,0.0116118
401.962,1,320,0.0116128
402.828,1,319.5,0.0116137
403.694,1,319,0.0116146
404.56,1,318.5,0.0116155
405.426,1,318,0.0116163
406.292,1,317.5,0.0116171
407.158,1,317,0.0116178
408.024,1,316.5,0.0116185
408.89,1,316,0.0116191
409.756,1,315.5,0.0116197
410.622,1,315,0.0116201
411.488,1,314.5,0.0116202
412.354,1,314,0.0116203
413.22,1,313.5,0.0116205
414.086,1,313,0.0116206
414.952,1,312.5,0.0116207
415.818,1,312,0.0116208
416.684,1,311.5,0.0116208
417.55,1,311,0.0116208
418.416,1,310.5,0.0116208
419.282,1,310,0.0116208
420.148,1,309.5,0.0116208
421.014,1,309,0.0116208
421.88,1,308.5,0.0116209
422.746,1,308,0.0116209
423.612,1,307.5,0.011621
424.478,1,307,0.0116211
425.344,1,306.5,0.0116211
426.21,1,306,0.0116212
427.076,1,305.5,0.0116212
427.942,1,305,0.0116213
428.808,1,304.5,0.0116214
429.674,1,304,0.0116214
430.54,1,303.5,0.0116215
431.406,1,303,0.0116216
432.272,1,302.5,0.0116216
433.138,1,302,0.0116216
434.004,1,301.5,0.0116216
434.87,1,301,0.0116216
435.737,1,300.5,0.0116217
436.603,1,300,0.0116217
437.469,1,299.5,0.0116217
438.335,1,299,0.0116217
439.201,1,298.5,0.0116217
440.067,1,298,0.0116217
440.933,1,297.5,0.0116218
441.799,1,297,0.0116218
442.665,1,296.5,0.0116218
443.531,1,296,0.0116218
444.397,1,295.5,0.0116218
445.263,1,295,0.0116219
446.129,1,294.5,0.0116219
446.995,1,294,0.0116219
447.861,1,293.5,0.0116219
448.727,1,293,0.0116219
449.593,1,292.5,0.011622
450.459,1,292,0.011622
451.325,1,291.5,0.011622
452.191,1,291,0.011622
453.057,1,290.5,0.011622
453.923,1,290,0.011622
454.789,1,289.5,0.0116221
455.655,1,289,0.0116221
456.521,1,288.5,0.0116221
457.387,1,288,0.0116221
458.253,1,287.5,0.0116221
459.119,1,287,0.0116221
459.985,1,286.5,0.0116221
460.851,1,286,0.0116222
461.717,1,285.5,0.0116222
462.583,1,285,0.0116222
463.449,1,284.5,0.0116222
464.315,1,284,0.0116222
465.181,1,283.5,0.0116222
466.047,1,283,0.0116222
466.913,1,282.5,0.0116222
467.779,1,282,0.0116222
468.645,1,281.5,0.0116222
469.512,1,281,0.0116222
470.378,1,280.5,0.0116222
471.244,1,280,0.0116222
472.11,1,279.5,0.0116223
472.976,1,279,0.0116223
473.842,1,278.5,0.0116223
474.708,1,278,0.0116223
475.574,1,277.5,0.0116223
476.44,1,277,0.0116223
477.306,1,276.5,0.0116223
478.172,1,276,0.0116223
479.038,1,275.5,0.0116223
479.904,1,275,0.0116223
480.77,1,274.5,0.0116223
481.636,1,274,0.0116223
482.502,1,273.5,0.0116223
483.368,1,273,0.0116223
484.234,1,272.5,0.0116223
485.1,1,272,0.0116223
485.966,1,271.5,0.0116223
486.832,1,271,0.0116224
487.698,1,270.5,0.0116224
488.564,1,270,0.0116224
489.43,1,269.5,0.0116224
490.296,1,269,0.0116224
491.162,1,268.5,0.0116224
492.028,1,268,0.0116224
492.894,1,267.5,0.0116224
493.76,1,267,0.0116224
494.626,1,266.5,0.0116224
495.492,1,266,0.0116224
496.358,1,265.5,0.0116224
497.224,1,265,0.0116224
498.09,1,264.5,0.0116224
498.956,1,264,0.0116224
499.822,1,263.5,0.0116224
500.688,1,263,0.0116224
501.554,1,262.5,0.0116224
502.42,1,262,0.0116224
503.286,1,261.5,0.0116224
504.153,1,261,0.0116224
505.019,1,260.5,0.0116224
505.885,1,260,0.0116224
506.751,1,259.5,0.0116224
507.617,1,259,0.0116224
508.483,1,258.5,0.0116224
509.349,1,258,0.0116224
510.215,1,257.5,0.0116224
511.081,1,257,0.0116224
511.947,1,256.5,0.0116224
512.813,1,256,0.0116224
513.679,1,255.5,0.0116224
514.545,1,255,0.0116224
515.411,1,254.5,0.0116224
516.277,1,254,0.0116224
517.143,1,253.5,0.0116224
518.009,1,253,0.0116224
518.875,1,252.5,0.0116224
519.741,1,252,0.0116224
520.607,1,251.5,0.0116224
521.473,1,251,0.0116224
522.339,1,250.5,0.0116224
523.205,1,250,0.0116224
524.071,1,249.5,0.0116224
524.937,1,249,0.0116224
525.803,1,248.5,0.0116224
526.669,1,248,0.0116224
527.535,1,247.5,0.0116224
528.401,1,247,0.0116224
529.267,1,246.5,0.0116224
530.133,1,246,0.0116224
530.999,1,245.5,0.0116224
531.865,1,245,0.0116224
532.731,1,244.5,0.0116224
533.597,1,244,0.0116224
534.463,1,243.5,0.0116224
535.329,1,243,0.0116224
536.195,1,242.5,0.0116224
537.061,1,242,0.0116224
537.928,1,241.5,0.0116224
538.794,1,241,0.0116224
539.66,1,240.5,0.0116224
540.526,1,240,0.0116224
541.392,1,239.5,0.0116224
542.258,1,239,0.0116224
543.124,1,238.5,0.0116224
543.99,1,238,0.0116224
544.856,1,237.5,0.0116224
545.722,1,237,0.0116224
546.588,1,236.5,0.0116224
547.454,1,236,0.0116224
548.32,1,235.5,0.0116224
549.186,1,235,0.0116224
550.052,1,234.5,0.0116224
550.918,1,234,0.0116224
551.784,1,233.5,0.0116224
552.65,1,233,0.0116224
553.516,1,232.5,0.0116224
554.382,1,232,0.0116224
555.248,1,231.5,0.0116224
556.114,1,231,0.0116224
556.98,1,230.5,0.0116224
557.846,1,230,0.0116224
558.712,1,229.5,0.0116224
559.578,1,229,0.0116224
560.444,1,228.5,0.0116224
561.31,1,228,0.0116224
562.176,1,227.5,0.0116224
563.042,1,227,0.0116224
563.908,1,226.5,0.0116224
564.774,1,226,0.0116224
565.64,1,225.5,0.0116224
566.506,1,225,0.0116224
567.372,1,224.5,0.0116224
568.238,1,224,0.0116224
569.104,1,223.5,0.0116224
569.97,1,223,0.0116224
570.836,1,222.5,0.0116224
571.703,1,222,0.0116224
572.569,1,221.5,0.0116224
573.435,1,221,0.0116224
574.301,1,220.5,0.0116224
575.167,1,220,0.0116224
576.033,1,219.5,0.0116224
576.899,1,219,0.0116224
577.765,1,218.5,0.0116224
578.631,1,218,0.0116224
579.497,1,217.5,0.0116224
580.363,1,217,0.0116224
581.229,1,216.5,0.0116224
582.095,1,216,0.0116224
582.961,1,215.5,0.0116224
583.827,1,215,0.0116224
584.693,1,214.5,0.0116224
585.559,1,214,0.0116224
586.425,1,213.5,0.0116224
587.291,1,213,0.0116224
588.157,1,212.5,0.0116224
589.023,1,212,0.0116224
589.889,1,211.5,0.0116224
590.755,1,211,0.0116224
591.621,1,210.5,0.0116224
592.487,1,210,0.0116224
593.353,1,209.5,0.0116224
594.219,1,209,0.0116224
595.085,1,208.5,0.0116224
595.951,1,208,0.0116224
596.817,1,207.5,0.0116224
597.683,1,207,0.0116224
598.549,1,206.5,0.0116224
599.415,1,206,0.0116224
600.281,1,205.5,0.0116224
601.147,1,205,0.0116224
602.013,1,204.5,0.0116224
602.879,1,204,0.0116224
603.745,1,203.5,0.0116224
604.611,1,203,0.0116224
605.477,1,202.5,0.0116224
606.344,1,202,0.0116224
607.21,1,201.5,0.0116224
608.076,1,201,0.0116224
608.942,1,200.5,0.0116224
609.808,1,200,0.0116224
