x,y,z,b
90.1924,1,500,0.0116226
91.0584,1,499.5,0.0116226
91.9244,1,499,0.0116225
92.7905,1,498.5,0.0116225
93.6565,1,498,0.0116225
94.5225,1,497.5,0.0116225
95.3885,1,497,0.0116225
96.2546,1,496.5,0.0116225
97.1206,1,496,0.0116225
97.9866,1,495.5,0.0116226
98.8526,1,495,0.0116226
99.7187,1,494.5,0.0116226
100.585,1,494,0.0116226
101.451,1,493.5,0.0116226
102.317,1,493,0.0116226
103.183,1,492.5,0.0116226
104.049,1,492,0.0116226
104.915,1,491.5,0.0116226
105.781,1,491,0.0116226
106.647,1,490.5,0.0116226
107.513,1,490,0.0116226
108.379,1,489.5,0.0116226
109.245,1,489,0.0116226
110.111,1,488.5,0.0116226
110.977,1,488,0.0116227
111.843,1,487.5,0.0116227
112.709,1,487,0.0116227
113.575,1,486.5,0.0116227
114.441,1,486,0.0116227
115.307,1,485.5,0.0116227
116.173,1,485,0.0116227
117.039,1,484.5,0.0116227
117.905,1,484,0.0116227
118.771,1,483.5,0.0116227
119.637,1,483,0.0116227
120.503,1,482.5,0.0116227
121.369,1,482,0.0116227
122.235,1,481.5,0.0116227
123.101,1,481,0.0116227
123.967,1,480.5,0.0116227
124.833,1,480,0.0116227
125.699,1,479.5,0.0116227
126.565,1,479,0.0116227
127.431,1,478.5,0.0116227
128.297,1,478,0.0116227
129.164,1,477.5,0.0116227
130.03,1,477,0.0116227
130.896,1,476.5,0.0116227
131.762,1,476,0.0116227
132.628,1,475.5,0.0116228
133.494,1,475,0.0116228
134.36,1,474.5,0.0116228
135.226,1,474,0.0116228
136.092,1,473.5,0.0116228
136.958,1,473,0.0116228
137.824,1,472.5,0.0116228
138.69,1,472,0.0116228
139.556,1,471.5,0.0116228
140.422,1,471,0.0116229
141.288,1,470.5,0.0116229
142.154,1,470,0.0116229
143.02,1,469.5,0.0116229
143.886,1,469,0.0116229
144.752,1,468.5,0.0116229
145.618,1,468,0.0116229
146.484,1,467.5,0.0116229
147.35,1,467,0.0116229
148.216,1,466.5,0.0116229
149.082,1,466,0.0116229
149.948,1,465.5,0.0116229
150.814,1,465,0.0116229
151.68,1,464.5,0.0116229
152.546,1,464,0.0116229
153.412,1,463.5,0.0116229
154.278,1,463,0.0116229
155.144,1,462.5,0.0116229
156.01,1,462,0.0116229
156.876,1,461.5,0.0116229
157.742,1,461,0.011623
158.608,1,460.5,0.011623
159.474,1,460,0.011623
160.34,1,459.5,0.011623
161.206,1,459,0.011623
162.072,1,458.5,0.0116231
162.939,1,458,0.0116231
163.805,1,457.5,0.0116231
164.671,1,457,0.0116231
165.537,1,456.5,0.0116231
166.403,1,456,0.0116232
167.269,1,455.5,0.0116232
168.135,1,455,0.0116232
169.001,1,454.5,0.0116232
169.867,1,454,0.0116232
170.733,1,453.5,0.0116232
171.599,1,453,0.0116232
172.465,1,452.5,0.0116233
173.331,1,452,0.0116233
174.197,1,451.5,0.0116233
175.063,1,451,0.0116233
175.929,1,450.5,0.0116233
176.795,1,450,0.0116233
177.661,1,449.5,0.0116233
178.527,1,449,0.0116233
179.393,1,448.5,0.0116233
180.259,1,448,0.0116233
181.125,1,447.5,0.0116234
181.991,1,447,0.0116234
182.857,1,446.5,0.0116234
183.723,1,446,0.0116234
184.589,1,445.5,0.0116234
185.455,1,445,0.0116235
186.321,1,444.5,0.0116235
187.187,1,444,0.0116235
188.053,1,443.5,0.0116236
188.919,1,443,0.0116236
189.785,1,442.5,0.0116236
190.651,1,442,0.0116236
191.517,1,441.5,0.0116236
192.383,1,441,0.0116237
193.249,1,440.5,0.0116237
194.115,1,440,0.0116237
194.981,1,439.5,0.0116237
195.847,1,439,0.0116237
196.714,1,438.5,0.0116237
197.58,1,438,0.0116237
198.446,1,437.5,0.0116237
199.312,1,437,0.0116237
200.178,1,436.5,0.0116237
201.044,1,436,0.0116237
201.91,1,435.5,0.0116237
202.776,1,435,0.0116237
203.642,1,434.5,0.0116237
204.508,1,434,0.0116238
205.374,1,433.5,0.0116238
206.24,1,433,0.0116238
207.106,1,432.5,0.0116238
207.972,1,432,0.0116238
208.838,1,431.5,0.0116239
209.704,1,431,0.0116239
210.57,1,430.5,0.011624
211.436,1,430,0.011624
212.302,1,429.5,0.0116241
213.168,1,429,0.0116241
214.034,1,428.5,0.0116242
214.9,1,428,0.0116244
215.766,1,427.5,0.0116245
216.632,1,427,0.0116246
217.498,1,426.5,0.0116248
218.364,1,426,0.0116249
219.23,1,425.5,0.0116251
220.096,1,425,0.0116252
220.962,1,424.5,0.0116254
221.828,1,424,0.0116255
222.694,1,423.5,0.0116257
223.56,1,423,0.0116258
224.426,1,422.5,0.011626
225.292,1,422,0.011626
226.158,1,421.5,0.0116261
227.024,1,421,0.0116262
227.89,1,420.5,0.0116262
228.756,1,420,0.0116263
229.622,1,419.5,0.0116263
230.488,1,419,0.0116264
231.355,1,418.5,0.0116265
232.221,1,418,0.0116265
233.087,1,417.5,0.0116266
233.953,1,417,0.0116266
234.819,1,416.5,0.0116267
235.685,1,416,0.0116267
236.551,1,415.5,0.0116268
237.417,1,415,0.0116268
238.283,1,414.5,0.0116268
239.149,1,414,0.0116268
240.015,1,413.5,0.0116268
240.881,1,413,0.0116268
241.747,1,412.5,0.0116268
242.613,1,412,0.0116268
243.479,1,411.5,0.0116268
244.345,1,411,0.0116268
245.211,1,410.5,0.0116268
246.077,1,410,0.0116268
246.943,1,409.5,0.0116271
247.809,1,409,0.0116273
248.675,1,408.5,0.0116275
249.541,1,408,0.0116277
250.407,1,407.5,0.0116279
251.273,1,407,0.0116281
252.139,1,406.5,0.0116283
253.005,1,406,0.0116285
253.871,1,405.5,0.0116287
254.737,1,405,0.0116289
255.603,1,404.5,0.0116291
256.469,1,404,0.0116293
257.335,1,403.5,0.0116297
258.201,1,403,0.0116306
259.067,1,402.5,0.0116315
259.933,1,402,0.0116325
260.799,1,401.5,0.0116335
261.665,1,401,0.0116345
262.531,1,400.5,0.0116355
263.397,1,400,0.0116366
264.263,1,399.5,0.0116377
265.13,1,399,0.0116387
265.996,1,398.5,0.0116396
266.862,1,398,0.0116405
267.728,1,397.5,0.0116413
268.594,1,397,0.0116413
269.46,1,396.5,0.011641
270.326,1,396,0.0116407
271.192,1,395.5,0.0116404
272.058,1,395,0.0116401
272.924,1,394.5,0.0116399
273.79,1,394,0.0116396
274.656,1,393.5,0.0116394
275.522,1,393,0.0116392
276.388,1,392.5,0.0116391
277.254,1,392,0.0116389
278.12,1,391.5,0.0116388
278.986,1,391,0.0116388
279.852,1,390.5,0.0116403
280.718,1,390,0.0116419
281.584,1,389.5,0.0116435
282.45,1,389,0.0116451
283.316,1,388.5,0.0116469
284.182,1,388,0.0116489
285.048,1,387.5,0.0116513
285.914,1,387,0.0116538
286.78,1,386.5,0.0116565
287.646,1,386,0.0116595
288.512,1,385.5,0.0116626
289.378,1,385,0.0116659
290.244,1,384.5,0.0116672
291.11,1,384,0.0116657
291.976,1,383.5,0.011664
292.842,1,383,0.011662
293.708,1,382.5,0.0116597
294.574,1,382,0.0116572
295.44,1,381.5,0.0116544
296.306,1,381,0.0116513
297.172,1,380.5,0.011648
298.038,1,380,0.0116444
298.905,1,379.5,0.0116405
299.771,1,379,0.0116364
300.637,1,378.5,0.011632
301.503,1,378,0.0116418
302.369,1,377.5,0.0116552
303.235,1,377,0.0116704
304.101,1,376.5,0.0116863
304.967,1,376,0.0117023
305.833,1,375.5,0.0117186
306.699,1,375,0.0117351
307.565,1,374.5,0.0117518
308.431,1,374,0.0117686
309.297,1,373.5,0.0117857
310.163,1,373,0.0118029
311.029,1,372.5,0.0118204
311.895,1,372,0.0118306
312.761,1,371.5,0.0118119
313.627,1,371,0.0117932
314.493,1,370.5,0.0117745
315.359,1,370,0.0117558
316.225,1,369.5,0.0117371
317.091,1,369,0.0117184
317.957,1,368.5,0.0116997
318.823,1,368,0.011681
319.689,1,367.5,0.0116623
320.555,1,367,0.0116435
321.421,1,366.5,0.0116248
322.287,1,366,0.011577
323.153,1,365.5,0.0115628
324.019,1,365,0.0115912
324.885,1,364.5,0.0116326
325.751,1,364,0.011687
326.617,1,363.5,0.0117545
327.483,1,363,0.011835
328.349,1,362.5,0.0117712
329.215,1,362,0.0115916
330.081,1,361.5,0.0114228
330.947,1,361,0.0112826
331.813,1,360.5,0.0113094
332.679,1,360,0.0113461
333.546,1,359.5,0.0113928
334.412,1,359,0.0114494
335.278,1,358.5,0.011516
336.144,1,358,0.011579
337.01,1,357.5,0.0113783
337.876,1,357,0.0110552
338.742,1,356.5,0.0106709
339.608,1,356,0.0102255
340.474,1,355.5,0.00971898
341.34,1,355,0.00915127
342.206,1,354.5,0.00890069
343.072,1,354,0.00906667
343.938,1,353.5,0.00924594
344.804,1,353,0.00966927
345.67,1,352.5,0.00984244
346.536,1,352,0.0100003
347.402,1,351.5,0.0101448
348.268,1,351,0.0102993
349.134,1,350.5,0.0103869
350,1,350,0.0103752
350.866,1,349.5,0.0102582
351.732,1,349,0.0102318
352.598,1,348.5,0.0104072
353.464,1,348,0.0106141
354.33,1,347.5,0.0107251
355.196,1,347,0.0108272
356.062,1,346.5,0.0108894
356.928,1,346,0.0109097
357.794,1,345.5,0.0108795
358.66,1,345,0.0108591
359.526,1,344.5,0.0103598
360.392,1,344,0.0107123
361.258,1,343.5,0.0110327
362.124,1,343,0.0113211
362.99,1,342.5,0.0115775
363.856,1,342,0.0117256
364.722,1,341.5,0.0116852
365.588,1,341,0.0117055
366.454,1,340.5,0.0117229
367.321,1,340,0.0117375
368.187,1,339.5,0.0117492
369.053,1,339,0.011758
369.919,1,338.5,0.0117768
370.785,1,338,0.0118375
371.651,1,337.5,0.0119411
372.517,1,337,0.0120473
373.383,1,336.5,0.011908
374.249,1,336,0.0117883
375.115,1,335.5,0.011688
375.981,1,335,0.0116073
376.847,1,334.5,0.011546
377.713,1,334,0.0115207
378.579,1,333.5,0.0115227
379.445,1,333,0.0115234
380.311,1,332.5,0.0115247
381.177,1,332,0.0115265
382.043,1,331.5,0.0115288
382.909,1,331,0.0115317
383.775,1,330.5,0.0115351
384.641,1,330,0.0115391
385.507,1,329.5,0.0115437
386.373,1,329,0.0115488
387.239,1,328.5,0.0115544
388.105,1,328,0.0115606
388.971,1,327.5,0.0115614
389.837,1,327,0.0115608
390.703,1,326.5,0.0115602
391.569,1,326,0.0115598
392.435,1,325.5,0.0115594
393.301,1,325,0.0115591
394.167,1,324.5,0.011559
395.033,1,324,0.0115589
395.899,1,323.5,0.0115589
396.765,1,323,0.011559
397.631,1,322.5,0.0115599
398.497,1,322,0.0115622
399.363,1,321.5,0.0115649
400.229,1,321,0.0115696
401.095,1,320.5,0.0115741
401.962,1,320,0.0115784
402.828,1,319.5,0.0115825
403.694,1,319,0.0115864
404.56,1,318.5,0.0115902
405.426,1,318,0.0115937
406.292,1,317.5,0.0115971
407.158,1,317,0.0116003
408.024,1,316.5,0.0116033
408.89,1,316,0.0116061
409.756,1,315.5,0.0116087
410.622,1,315,0.0116102
411.488,1,314.5,0.0116109
412.354,1,314,0.0116115
413.22,1,313.5,0.011612
414.086,1,313,0.0116126
414.952,1,312.5,0.0116131
415.818,1,312,0.0116135
416.684,1,311.5,0.0116137
417.55,1,311,0.0116135
418.416,1,310.5,0.0116133
419.282,1,310,0.0116131
420.148,1,309.5,0.011613
421.014,1,309,0.0116128
421.88,1,308.5,0.0116131
422.746,1,308,0.0116135
423.612,1,307.5,0.0116138
424.478,1,307,0.0116142
425.344,1,306.5,0.0116145
426.21,1,306,0.0116149
427.076,1,305.5,0.0116152
427.942,1,305,0.0116156
428.808,1,304.5,0.011616
429.674,1,304,0.0116163
430.54,1,303.5,0.0116167
431.406,1,303,0.0116171
432.272,1,302.5,0.0116174
433.138,1,302,0.0116176
434.004,1,301.5,0.0116178
434.87,1,301,0.0116179
435.737,1,300.5,0.011618
436.603,1,300,0.0116182
437.469,1,299.5,0.0116183
438.335,1,299,0.0116185
439.201,1,298.5,0.0116186
440.067,1,298,0.0116187
440.933,1,297.5,0.0116189
441.799,1,297,0.011619
442.665,1,296.5,0.0116191
443.531,1,296,0.0116192
444.397,1,295.5,0.0116194
445.263,1,295,0.0116195
446.129,1,294.5,0.0116196
446.995,1,294,0.0116198
447.861,1,293.5,0.0116199
448.727,1,293,0.01162
449.593,1,292.5,0.0116201
450.459,1,292,0.0116202
451.325,1,291.5,0.0116203
452.191,1,291,0.0116204
453.057,1,290.5,0.0116204
453.923,1,290,0.0116205
454.789,1,289.5,0.0116206
455.655,1,289,0.0116207
456.521,1,288.5,0.0116207
457.387,1,288,0.0116208
458.253,1,287.5,0.0116208
459.119,1,287,0.0116209
459.985,1,286.5,0.0116209
460.851,1,286,0.011621
461.717,1,285.5,0.011621
462.583,1,285,0.011621
463.449,1,284.5,0.011621
464.315,1,284,0.0116211
465.181,1,283.5,0.0116211
466.047,1,283,0.0116211
466.913,1,282.5,0.0116211
467.779,1,282,0.0116212
468.645,1,281.5,0.0116212
469.512,1,281,0.0116212
470.378,1,280.5,0.0116213
471.244,1,280,0.0116213
472.11,1,279.5,0.0116213
472.976,1,279,0.0116213
473.842,1,278.5,0.0116214
474.708,1,278,0.0116214
475.574,1,277.5,0.0116214
476.44,1,277,0.0116215
477.306,1,276.5,0.0116215
478.172,1,276,0.0116216
479.038,1,275.5,0.0116216
479.904,1,275,0.0116217
480.77,1,274.5,0.0116218
481.636,1,274,0.0116218
482.502,1,273.5,0.0116219
483.368,1,273,0.0116219
484.234,1,272.5,0.011622
485.1,1,272,0.011622
485.966,1,271.5,0.0116221
486.832,1,271,0.0116222
487.698,1,270.5,0.0116222
488.564,1,270,0.0116222
489.43,1,269.5,0.0116222
490.296,1,269,0.0116222
491.162,1,268.5,0.0116222
492.028,1,268,0.0116223
492.894,1,267.5,0.0116223
493.76,1,267,0.0116223
494.626,1,266.5,0.0116223
495.492,1,266,0.0116223
496.358,1,265.5,0.0116223
497.224,1,265,0.0116223
498.09,1,264.5,0.0116223
498.956,1,264,0.0116223
499.822,1,263.5,0.0116223
500.688,1,263,0.0116223
501.554,1,262.5,0.0116223
502.42,1,262,0.0116222
503.286,1,261.5,0.0116222
504.153,1,261,0.0116222
505.019,1,260.5,0.0116222
505.885,1,260,0.0116222
506.751,1,259.5,0.0116222
507.617,1,259,0.0116222
508.483,1,258.5,0.0116222
509.349,1,258,0.0116223
510.215,1,257.5,0.0116223
511.081,1,257,0.0116223
511.947,1,256.5,0.0116223
512.813,1,256,0.0116223
513.679,1,255.5,0.0116223
514.545,1,255,0.0116223
515.411,1,254.5,0.0116223
516.277,1,254,0.0116223
517.143,1,253.5,0.0116223
518.009,1,253,0.0116223
518.875,1,252.5,0.0116223
519.741,1,252,0.0116223
520.607,1,251.5,0.0116223
521.473,1,251,0.0116223
522.339,1,250.5,0.0116223
523.205,1,250,0.0116223
524.071,1,249.5,0.0116223
524.937,1,249,0.0116223
525.803,1,248.5,0.0116223
526.669,1,248,0.0116222
527.535,1,247.5,0.0116222
528.401,1,247,0.0116222
529.267,1,246.5,0.0116222
530.133,1,246,0.0116222
530.999,1,245.5,0.0116222
531.865,1,245,0.0116222
532.731,1,244.5,0.0116222
533.597,1,244,0.0116222
534.463,1,243.5,0.0116222
535.329,1,243,0.0116222
536.195,1,242.5,0.0116222
537.061,1,242,0.0116223
537.928,1,241.5,0.0116223
538.794,1,241,0.0116223
539.66,1,240.5,0.0116223
540.526,1,240,0.0116223
541.392,1,239.5,0.0116223
542.258,1,239,0.0116223
543.124,1,238.5,0.0116223
543.99,1,238,0.0116223
544.856,1,237.5,0.0116223
545.722,1,237,0.0116223
546.588,1,236.5,0.0116223
547.454,1,236,0.0116223
548.32,1,235.5,0.0116223
549.186,1,235,0.0116223
550.052,1,234.5,0.0116223
550.918,1,234,0.0116223
551.784,1,233.5,0.0116223
552.65,1,233,0.0116223
553.516,1,232.5,0.0116223
554.382,1,232,0.0116223
555.248,1,231.5,0.0116223
556.114,1,231,0.0116223
556.98,1,230.5,0.0116223
557.846,1,230,0.0116223
558.712,1,229.5,0.0116223
559.578,1,229,0.0116223
560.444,1,228.5,0.0116223
561.31,1,228,0.0116223
562.176,1,227.5,0.0116223
563.042,1,227,0.0116223
563.908,1,226.5,0.0116223
564.774,1,226,0.0116223
565.64,1,225.5,0.0116223
566.506,1,225,0.0116223
567.372,1,224.5,0.0116224
568.238,1,224,0.0116224
569.104,1,223.5,0.0116224
569.97,1,223,0.0116224
570.836,1,222.5,0.0116224
571.703,1,222,0.0116224
572.569,1,221.5,0.0116224
573.435,1,221,0.0116224
574.301,1,220.5,0.0116224
575.167,1,220,0.0116224
576.033,1,219.5,0.0116224
576.899,1,219,0.0116224
577.765,1,218.5,0.0116224
578.631,1,218,0.0116224
579.497,1,217.5,0.0116224
580.363,1,217,0.0116224
581.229,1,216.5,0.0116224
582.095,1,216,0.0116224
582.961,1,215.5,0.0116224
583.827,1,215,0.0116224
584.693,1,214.5,0.0116224
585.559,1,214,0.0116224
586.425,1,213.5,0.0116224
587.291,1,213,0.0116224
588.157,1,212.5,0.0116224
589.023,1,212,0.0116224
589.889,1,211.5,0.0116224
590.755,1,211,0.0116224
591.621,1,210.5,0.0116224
592.487,1,210,0.0116224
593.353,1,209.5,0.0116224
594.219,1,209,0.0116224
595.085,1,208.5,0.0116224
595.951,1,208,0.0116224
596.817,1,207.5,0.0116224
597.683,1,207,0.0116224
598.549,1,206.5,0.0116224
599.415,1,206,0.0116224
600.281,1,205.5,0.0116224
601.147,1,205,0.0116224
602.013,1,204.5,0.0116224
602.879,1,204,0.0116224
603.745,1,203.5,0.0116224
604.611,1,203,0.0116224
605.477,1,202.5,0.0116224
606.344,1,202,0.0116224
607.21,1,201.5,0.0116224
608.076,1,201,0.0116224
608.942,1,200.5,0.0116224
609.808,1,200,0.0116224
