x,y,z,b
355,0,325,0.100122
355,0.1,325,0.102599
355,0.2,325,0.105076
355,0.3,325,0.107553
355,0.4,325,0.110029
355,0.5,325,0.112506
355,0.6,325,0.114983
355,0.7,325,0.11746
355,0.8,325,0.119937
355,0.9,325,0.122414
355,1,325,0.124891
355,1.1,325,0.127367
355,1.2,325,0.129844
355,1.3,325,0.132035
355,1.4,325,0.133571
355,1.5,325,0.135108
355,1.6,325,0.136645
355,1.7,325,0.138182
355,1.8,325,0.139718
355,1.9,325,0.141255
355,2,325,0.142792
355,2.1,325,0.144329
355,2.2,325,0.145865
355,2.3,325,0.147402
355,2.4,325,0.148939
355,2.5,325,0.150476
355,2.6,325,0.152012
355,2.7,325,0.153549
355,2.8,325,0.155086
355,2.9,325,0.156623
355,3,325,0.158159
355,3.1,325,0.159696
355,3.2,325,0.161233
355,3.3,325,0.16277
355,3.4,325,0.164306
355,3.5,325,0.165843
355,3.6,325,0.16738
355,3.7,325,0.168916
355,3.8,325,0.170453
355,3.9,325,0.171078
355,4,325,0.171617
355,4.1,325,0.172156
355,4.2,325,0.172695
355,4.3,325,0.173234
355,4.4,325,0.173773
355,4.5,325,0.174312
355,4.6,325,0.174851
355,4.7,325,0.17539
355,4.8,325,0.175929
355,4.9,325,0.176468
355,5,325,0.177007
355,5.1,325,0.173397
355,5.2,325,0.174268
355,5.3,325,0.17514
355,5.4,325,0.176012
355,5.5,325,0.176883
355,5.6,325,0.177755
355,5.7,325,0.178626
355,5.8,325,0.179498
355,5.9,325,0.18037
355,6,325,0.181241
355,6.1,325,0.182113
355,6.2,325,0.182984
355,6.3,325,0.183856
355,6.4,325,0.184728
355,6.5,325,0.185599
355,6.6,325,0.186471
355,6.7,325,0.187342
355,6.8,325,0.188214
355,6.9,325,0.189086
355,7,325,0.189957
355,7.1,325,0.190829
355,7.2,325,0.1917
355,7.3,325,0.192572
355,7.4,325,0.193444
355,7.5,325,0.194315
355,7.6,325,0.195187
355,7.7,325,0.19555
355,7.8,325,0.195808
355,7.9,325,0.196066
355,8,325,0.196323
355,8.1,325,0.196581
355,8.2,325,0.196839
355,8.3,325,0.197097
355,8.4,325,0.197354
355,8.5,325,0.197612
355,8.6,325,0.19787
355,8.7,325,0.198128
355,8.8,325,0.198385
355,8.9,325,0.198643
355,9,325,0.198901
355,9.1,325,0.199159
355,9.2,325,0.199416
355,9.3,325,0.199674
355,9.4,325,0.199932
355,9.5,325,0.20019
355,9.6,325,0.200447
355,9.7,325,0.200705
355,9.8,325,0.200963
355,9.9,325,0.201221
355,10,325,0.201478
355,10.1,325,0.201736
355,10.2,325,0.196888
355,10.3,325,0.197351
355,10.4,325,0.197813
355,10.5,325,0.198275
355,10.6,325,0.198738
355,10.7,325,0.1992
355,10.8,325,0.199663
355,10.9,325,0.200125
355,11,325,0.200587
355,11.1,325,0.20105
355,11.2,325,0.201512
355,11.3,325,0.201974
355,11.4,325,0.202437
355,11.5,325,0.202899
355,11.6,325,0.203361
355,11.7,325,0.203824
355,11.8,325,0.204286
355,11.9,325,0.204749
355,12,325,0.205211
355,12.1,325,0.205673
355,12.2,325,0.206136
355,12.3,325,0.206598
355,12.4,325,0.20706
355,12.5,325,0.207523
355,12.6,325,0.207985
355,12.7,325,0.208448
355,12.8,325,0.20891
355,12.9,325,0.209372
355,13,325,0.209835
355,13.1,325,0.210297
355,13.2,325,0.210759
355,13.3,325,0.211222
355,13.4,325,0.211684
355,13.5,325,0.212147
355,13.6,325,0.212609
355,13.7,325,0.213071
355,13.8,325,0.213534
355,13.9,325,0.213996
355,14,325,0.214458
355,14.1,325,0.214921
355,14.2,325,0.215383
355,14.3,325,0.215846
355,14.4,325,0.216308
355,14.5,325,0.21677
355,14.6,325,0.217233
355,14.7,325,0.217695
355,14.8,325,0.218157
355,14.9,325,0.21862
355,15,325,0.219082
355,15.1,325,0.219544
355,15.2,325,0.220007
355,15.3,325,0.220284
355,15.4,325,0.220465
355,15.5,325,0.220645
355,15.6,325,0.220825
355,15.7,325,0.221006
355,15.8,325,0.221186
355,15.9,325,0.221367
355,16,325,0.221547
355,16.1,325,0.221728
355,16.2,325,0.221908
355,16.3,325,0.222088
355,16.4,325,0.222269
355,16.5,325,0.222449
355,16.6,325,0.22263
355,16.7,325,0.22281
355,16.8,325,0.222991
355,16.9,325,0.223171
355,17,325,0.223351
355,17.1,325,0.223532
355,17.2,325,0.223712
355,17.3,325,0.223893
355,17.4,325,0.224073
355,17.5,325,0.224254
355,17.6,325,0.224434
355,17.7,325,0.224614
355,17.8,325,0.224795
355,17.9,325,0.224975
355,18,325,0.225156
355,18.1,325,0.225336
355,18.2,325,0.225517
355,18.3,325,0.225697
355,18.4,325,0.225877
355,18.5,325,0.226058
355,18.6,325,0.226238
355,18.7,325,0.226419
355,18.8,325,0.226599
355,18.9,325,0.22678
355,19,325,0.22696
355,19.1,325,0.22714
355,19.2,325,0.227321
355,19.3,325,0.227501
355,19.4,325,0.227682
355,19.5,325,0.227862
355,19.6,325,0.228043
355,19.7,325,0.228223
355,19.8,325,0.228403
355,19.9,325,0.228584
355,20,325,0.228764
