x,y,z,b
355,0,325,0.0902692
355,0.1,325,0.0927628
355,0.2,325,0.0952564
355,0.3,325,0.09775
355,0.4,325,0.100244
355,0.5,325,0.102737
355,0.6,325,0.105231
355,0.7,325,0.107724
355,0.8,325,0.110218
355,0.9,325,0.112712
355,1,325,0.115205
355,1.1,325,0.117699
355,1.2,325,0.120192
355,1.3,325,0.122398
355,1.4,325,0.123945
355,1.5,325,0.125492
355,1.6,325,0.127039
355,1.7,325,0.128586
355,1.8,325,0.130133
355,1.9,325,0.13168
355,2,325,0.133227
355,2.1,325,0.134775
355,2.2,325,0.136322
355,2.3,325,0.137869
355,2.4,325,0.139416
355,2.5,325,0.140963
355,2.6,325,0.14251
355,2.7,325,0.144057
355,2.8,325,0.145604
355,2.9,325,0.147152
355,3,325,0.148699
355,3.1,325,0.150246
355,3.2,325,0.151793
355,3.3,325,0.15334
355,3.4,325,0.154887
355,3.5,325,0.156434
355,3.6,325,0.157981
355,3.7,325,0.159529
355,3.8,325,0.161076
355,3.9,325,0.161873
355,4,325,0.162601
355,4.1,325,0.163328
355,4.2,325,0.164056
355,4.3,325,0.164783
355,4.4,325,0.16551
355,4.5,325,0.166238
355,4.6,325,0.166965
355,4.7,325,0.167692
355,4.8,325,0.16842
355,4.9,325,0.169147
355,5,325,0.169875
355,5.1,325,0.168418
355,5.2,325,0.16932
355,5.3,325,0.170223
355,5.4,325,0.171125
355,5.5,325,0.172028
355,5.6,325,0.17293
355,5.7,325,0.173832
355,5.8,325,0.174735
355,5.9,325,0.175637
355,6,325,0.17654
355,6.1,325,0.177442
355,6.2,325,0.178345
355,6.3,325,0.179247
355,6.4,325,0.180149
355,6.5,325,0.181052
355,6.6,325,0.181954
355,6.7,325,0.182857
355,6.8,325,0.183759
355,6.9,325,0.184662
355,7,325,0.185564
355,7.1,325,0.186466
355,7.2,325,0.187369
355,7.3,325,0.188271
355,7.4,325,0.189174
355,7.5,325,0.190076
355,7.6,325,0.190979
355,7.7,325,0.191487
355,7.8,325,0.191915
355,7.9,325,0.192342
355,8,325,0.192769
355,8.1,325,0.193196
355,8.2,325,0.193623
355,8.3,325,0.19405
355,8.4,325,0.194477
355,8.5,325,0.194904
355,8.6,325,0.195331
355,8.7,325,0.195759
355,8.8,325,0.196186
355,8.9,325,0.196613
355,9,325,0.19704
355,9.1,325,0.197467
355,9.2,325,0.197894
355,9.3,325,0.198321
355,9.4,325,0.198748
355,9.5,325,0.199175
355,9.6,325,0.199603
355,9.7,325,0.20003
355,9.8,325,0.200457
355,9.9,325,0.200884
355,10,325,0.201311
355,10.1,325,0.201738
355,10.2,325,0.202165
355,10.3,325,0.202592
355,10.4,325,0.203019
355,10.5,325,0.203447
355,10.6,325,0.203874
355,10.7,325,0.204301
355,10.8,325,0.204728
355,10.9,325,0.205155
355,11,325,0.205582
355,11.1,325,0.206009
355,11.2,325,0.206436
355,11.3,325,0.206863
355,11.4,325,0.20729
355,11.5,325,0.207718
355,11.6,325,0.208145
355,11.7,325,0.208572
355,11.8,325,0.208999
355,11.9,325,0.209426
355,12,325,0.209853
355,12.1,325,0.21028
355,12.2,325,0.210707
355,12.3,325,0.211134
355,12.4,325,0.211562
355,12.5,325,0.211989
355,12.6,325,0.212416
355,12.7,325,0.212835
355,12.8,325,0.213085
355,12.9,325,0.213335
355,13,325,0.213585
355,13.1,325,0.213835
355,13.2,325,0.214086
355,13.3,325,0.214336
355,13.4,325,0.214586
355,13.5,325,0.214836
355,13.6,325,0.215086
355,13.7,325,0.215336
355,13.8,325,0.215587
355,13.9,325,0.215837
355,14,325,0.216087
355,14.1,325,0.216337
355,14.2,325,0.216587
355,14.3,325,0.216838
355,14.4,325,0.217088
355,14.5,325,0.217338
355,14.6,325,0.217588
355,14.7,325,0.217838
355,14.8,325,0.218089
355,14.9,325,0.218339
355,15,325,0.218589
355,15.1,325,0.218839
355,15.2,325,0.219089
355,15.3,325,0.219339
355,15.4,325,0.21959
355,15.5,325,0.21984
355,15.6,325,0.22009
355,15.7,325,0.22034
355,15.8,325,0.22059
355,15.9,325,0.220841
355,16,325,0.221091
355,16.1,325,0.221341
355,16.2,325,0.221591
355,16.3,325,0.221841
355,16.4,325,0.222092
355,16.5,325,0.222342
355,16.6,325,0.222592
355,16.7,325,0.222842
355,16.8,325,0.223092
355,16.9,325,0.223342
355,17,325,0.223593
355,17.1,325,0.223843
355,17.2,325,0.224093
355,17.3,325,0.224343
355,17.4,325,0.224593
355,17.5,325,0.224844
355,17.6,325,0.225094
355,17.7,325,0.225344
355,17.8,325,0.225572
355,17.9,325,0.225738
355,18,325,0.225904
355,18.1,325,0.226069
355,18.2,325,0.226235
355,18.3,325,0.226401
355,18.4,325,0.226567
355,18.5,325,0.226733
355,18.6,325,0.226899
355,18.7,325,0.227065
355,18.8,325,0.22723
355,18.9,325,0.227396
355,19,325,0.227562
355,19.1,325,0.227728
355,19.2,325,0.227894
355,19.3,325,0.22806
355,19.4,325,0.228226
355,19.5,325,0.228391
355,19.6,325,0.228557
355,19.7,325,0.228723
355,19.8,325,0.228889
355,19.9,325,0.229055
355,20,325,0.229221
