x,y,z,b
355,0,325,0.0914046
355,0.1,325,0.093806
355,0.2,325,0.0962073
355,0.3,325,0.0986087
355,0.4,325,0.10101
355,0.5,325,0.103411
355,0.6,325,0.105813
355,0.7,325,0.108214
355,0.8,325,0.110615
355,0.9,325,0.113017
355,1,325,0.115418
355,1.1,325,0.11782
355,1.2,325,0.120221
355,1.3,325,0.122345
355,1.4,325,0.123834
355,1.5,325,0.125324
355,1.6,325,0.126814
355,1.7,325,0.128304
355,1.8,325,0.129794
355,1.9,325,0.131284
355,2,325,0.132774
355,2.1,325,0.134264
355,2.2,325,0.135754
355,2.3,325,0.137243
355,2.4,325,0.138733
355,2.5,325,0.140223
355,2.6,325,0.141713
355,2.7,325,0.143203
355,2.8,325,0.144693
355,2.9,325,0.146183
355,3,325,0.147673
355,3.1,325,0.149163
355,3.2,325,0.150652
355,3.3,325,0.152142
355,3.4,325,0.153632
355,3.5,325,0.155122
355,3.6,325,0.156612
355,3.7,325,0.158102
355,3.8,325,0.159592
355,3.9,325,0.160405
355,4,325,0.161154
355,4.1,325,0.161903
355,4.2,325,0.162652
355,4.3,325,0.163401
355,4.4,325,0.16415
355,4.5,325,0.164899
355,4.6,325,0.165648
355,4.7,325,0.166397
355,4.8,325,0.167146
355,4.9,325,0.167895
355,5,325,0.168644
355,5.1,325,0.167907
355,5.2,325,0.168754
355,5.3,325,0.169601
355,5.4,325,0.170448
355,5.5,325,0.171295
355,5.6,325,0.172141
355,5.7,325,0.172988
355,5.8,325,0.173835
355,5.9,325,0.174682
355,6,325,0.175529
355,6.1,325,0.176376
355,6.2,325,0.177223
355,6.3,325,0.178069
355,6.4,325,0.178916
355,6.5,325,0.179763
355,6.6,325,0.18061
355,6.7,325,0.181457
355,6.8,325,0.182304
355,6.9,325,0.183151
355,7,325,0.183998
355,7.1,325,0.184844
355,7.2,325,0.185691
355,7.3,325,0.186538
355,7.4,325,0.187385
355,7.5,325,0.188232
355,7.6,325,0.189079
355,7.7,325,0.189593
355,7.8,325,0.190039
355,7.9,325,0.190484
355,8,325,0.190929
355,8.1,325,0.191374
355,8.2,325,0.19182
355,8.3,325,0.192265
355,8.4,325,0.19271
355,8.5,325,0.193156
355,8.6,325,0.193601
355,8.7,325,0.194046
355,8.8,325,0.194492
355,8.9,325,0.194937
355,9,325,0.195382
355,9.1,325,0.195828
355,9.2,325,0.196273
355,9.3,325,0.196718
355,9.4,325,0.197164
355,9.5,325,0.197609
355,9.6,325,0.198054
355,9.7,325,0.1985
355,9.8,325,0.198945
355,9.9,325,0.19939
355,10,325,0.199836
355,10.1,325,0.200281
355,10.2,325,0.200726
355,10.3,325,0.201172
355,10.4,325,0.201617
355,10.5,325,0.202062
355,10.6,325,0.202508
355,10.7,325,0.202953
355,10.8,325,0.203398
355,10.9,325,0.203844
355,11,325,0.204289
355,11.1,325,0.204734
355,11.2,325,0.20518
355,11.3,325,0.205625
355,11.4,325,0.20607
355,11.5,325,0.206516
355,11.6,325,0.206961
355,11.7,325,0.207406
355,11.8,325,0.207852
355,11.9,325,0.208297
355,12,325,0.208742
355,12.1,325,0.209188
355,12.2,325,0.209633
355,12.3,325,0.210078
355,12.4,325,0.210524
355,12.5,325,0.210969
355,12.6,325,0.211414
355,12.7,325,0.211851
355,12.8,325,0.212111
355,12.9,325,0.212371
355,13,325,0.212632
355,13.1,325,0.212892
355,13.2,325,0.213152
355,13.3,325,0.213412
355,13.4,325,0.213672
355,13.5,325,0.213933
355,13.6,325,0.214193
355,13.7,325,0.214453
355,13.8,325,0.214713
355,13.9,325,0.214973
355,14,325,0.215234
355,14.1,325,0.215494
355,14.2,325,0.215754
355,14.3,325,0.216014
355,14.4,325,0.216274
355,14.5,325,0.216535
355,14.6,325,0.216795
355,14.7,325,0.217055
355,14.8,325,0.217315
355,14.9,325,0.217575
355,15,325,0.217836
355,15.1,325,0.218096
355,15.2,325,0.218356
355,15.3,325,0.218616
355,15.4,325,0.218876
355,15.5,325,0.219137
355,15.6,325,0.219397
355,15.7,325,0.219657
355,15.8,325,0.219917
355,15.9,325,0.220177
355,16,325,0.220438
355,16.1,325,0.220698
355,16.2,325,0.220958
355,16.3,325,0.221218
355,16.4,325,0.221478
355,16.5,325,0.221739
355,16.6,325,0.221999
355,16.7,325,0.222259
355,16.8,325,0.222519
355,16.9,325,0.22278
355,17,325,0.22304
355,17.1,325,0.2233
355,17.2,325,0.22356
355,17.3,325,0.22382
355,17.4,325,0.224081
355,17.5,325,0.224341
355,17.6,325,0.224601
355,17.7,325,0.224861
355,17.8,325,0.225096
355,17.9,325,0.225262
355,18,325,0.225427
355,18.1,325,0.225592
355,18.2,325,0.225758
355,18.3,325,0.225923
355,18.4,325,0.226089
355,18.5,325,0.226254
355,18.6,325,0.226419
355,18.7,325,0.226585
355,18.8,325,0.22675
355,18.9,325,0.226916
355,19,325,0.227081
355,19.1,325,0.227246
355,19.2,325,0.227412
355,19.3,325,0.227577
355,19.4,325,0.227743
355,19.5,325,0.227908
355,19.6,325,0.228074
355,19.7,325,0.228239
355,19.8,325,0.228404
355,19.9,325,0.22857
355,20,325,0.228735
