x,y,z,b
355,0,325,0.0863455
355,0.1,325,0.0890186
355,0.2,325,0.0916918
355,0.3,325,0.0943649
355,0.4,325,0.097038
355,0.5,325,0.0997111
355,0.6,325,0.102384
355,0.7,325,0.105057
355,0.8,325,0.10773
355,0.9,325,0.110404
355,1,325,0.113077
355,1.1,325,0.11575
355,1.2,325,0.118423
355,1.3,325,0.120787
355,1.4,325,0.122445
355,1.5,325,0.124104
355,1.6,325,0.125762
355,1.7,325,0.127421
355,1.8,325,0.129079
355,1.9,325,0.130738
355,2,325,0.132396
355,2.1,325,0.134055
355,2.2,325,0.135713
355,2.3,325,0.137372
355,2.4,325,0.13903
355,2.5,325,0.140689
355,2.6,325,0.142347
355,2.7,325,0.144006
355,2.8,325,0.145664
355,2.9,325,0.147323
355,3,325,0.148981
355,3.1,325,0.15064
355,3.2,325,0.152298
355,3.3,325,0.153957
355,3.4,325,0.155615
355,3.5,325,0.157274
355,3.6,325,0.158932
355,3.7,325,0.160591
355,3.8,325,0.162249
355,3.9,325,0.163123
355,4,325,0.163922
355,4.1,325,0.164722
355,4.2,325,0.165521
355,4.3,325,0.166321
355,4.4,325,0.16712
355,4.5,325,0.16792
355,4.6,325,0.168719
355,4.7,325,0.169519
355,4.8,325,0.170318
355,4.9,325,0.171118
355,5,325,0.171917
355,5.1,325,0.170326
355,5.2,325,0.171318
355,5.3,325,0.172309
355,5.4,325,0.1733
355,5.5,325,0.174291
355,5.6,325,0.175282
355,5.7,325,0.176273
355,5.8,325,0.177264
355,5.9,325,0.178255
355,6,325,0.179246
355,6.1,325,0.180238
355,6.2,325,0.181229
355,6.3,325,0.18222
355,6.4,325,0.183211
355,6.5,325,0.184202
355,6.6,325,0.185193
355,6.7,325,0.186184
355,6.8,325,0.187175
355,6.9,325,0.188166
355,7,325,0.189157
355,7.1,325,0.190149
355,7.2,325,0.19114
355,7.3,325,0.192131
355,7.4,325,0.193122
355,7.5,325,0.194113
355,7.6,325,0.195104
355,7.7,325,0.195595
355,7.8,325,0.195983
355,7.9,325,0.19637
355,8,325,0.196758
355,8.1,325,0.197145
355,8.2,325,0.197533
355,8.3,325,0.19792
355,8.4,325,0.198308
355,8.5,325,0.198695
355,8.6,325,0.199083
355,8.7,325,0.19947
355,8.8,325,0.199858
355,8.9,325,0.200245
355,9,325,0.200633
355,9.1,325,0.20102
355,9.2,325,0.201408
355,9.3,325,0.201795
355,9.4,325,0.202182
355,9.5,325,0.20257
355,9.6,325,0.202957
355,9.7,325,0.203345
355,9.8,325,0.203732
355,9.9,325,0.20412
355,10,325,0.204507
355,10.1,325,0.204895
355,10.2,325,0.205282
355,10.3,325,0.20567
355,10.4,325,0.206057
355,10.5,325,0.206445
355,10.6,325,0.206832
355,10.7,325,0.20722
355,10.8,325,0.207607
355,10.9,325,0.207995
355,11,325,0.208382
355,11.1,325,0.20877
355,11.2,325,0.209157
355,11.3,325,0.209545
355,11.4,325,0.209932
355,11.5,325,0.210319
355,11.6,325,0.210707
355,11.7,325,0.211094
355,11.8,325,0.211482
355,11.9,325,0.211869
355,12,325,0.212257
355,12.1,325,0.212644
355,12.2,325,0.213032
355,12.3,325,0.213419
355,12.4,325,0.213807
355,12.5,325,0.214194
355,12.6,325,0.214582
355,12.7,325,0.214962
355,12.8,325,0.215206
355,12.9,325,0.215449
355,13,325,0.215692
355,13.1,325,0.215935
355,13.2,325,0.216178
355,13.3,325,0.216421
355,13.4,325,0.216664
355,13.5,325,0.216908
355,13.6,325,0.217151
355,13.7,325,0.217394
355,13.8,325,0.217637
355,13.9,325,0.21788
355,14,325,0.218123
355,14.1,325,0.218366
355,14.2,325,0.21861
355,14.3,325,0.218853
355,14.4,325,0.219096
355,14.5,325,0.219339
355,14.6,325,0.219582
355,14.7,325,0.219825
355,14.8,325,0.220068
355,14.9,325,0.220312
355,15,325,0.220555
355,15.1,325,0.220798
355,15.2,325,0.221041
355,15.3,325,0.221284
355,15.4,325,0.221527
355,15.5,325,0.221771
355,15.6,325,0.222014
355,15.7,325,0.222257
355,15.8,325,0.2225
355,15.9,325,0.222743
355,16,325,0.222986
355,16.1,325,0.223229
355,16.2,325,0.223473
355,16.3,325,0.223716
355,16.4,325,0.223959
355,16.5,325,0.224202
355,16.6,325,0.224445
355,16.7,325,0.224688
355,16.8,325,0.224931
355,16.9,325,0.225175
355,17,325,0.225418
355,17.1,325,0.225661
355,17.2,325,0.225904
355,17.3,325,0.226147
355,17.4,325,0.22639
355,17.5,325,0.226633
355,17.6,325,0.226877
355,17.7,325,0.22712
355,17.8,325,0.227341
355,17.9,325,0.227503
355,18,325,0.227664
355,18.1,325,0.227826
355,18.2,325,0.227988
355,18.3,325,0.228149
355,18.4,325,0.228311
355,18.5,325,0.228473
355,18.6,325,0.228634
355,18.7,325,0.228796
355,18.8,325,0.228958
355,18.9,325,0.229119
355,19,325,0.229281
355,19.1,325,0.229442
355,19.2,325,0.229604
355,19.3,325,0.229766
355,19.4,325,0.229927
355,19.5,325,0.230089
355,19.6,325,0.230251
355,19.7,325,0.230412
355,19.8,325,0.230574
355,19.9,325,0.230736
355,20,325,0.230897
