x,y,z,b
355,0,325,0.0965975
355,0.1,325,0.0992007
355,0.2,325,0.101804
355,0.3,325,0.104407
355,0.4,325,0.10701
355,0.5,325,0.109613
355,0.6,325,0.112216
355,0.7,325,0.114819
355,0.8,325,0.117423
355,0.9,325,0.120026
355,1,325,0.122629
355,1.1,325,0.125232
355,1.2,325,0.127835
355,1.3,325,0.130137
355,1.4,325,0.131752
355,1.5,325,0.133367
355,1.6,325,0.134982
355,1.7,325,0.136598
355,1.8,325,0.138213
355,1.9,325,0.139828
355,2,325,0.141443
355,2.1,325,0.143058
355,2.2,325,0.144673
355,2.3,325,0.146288
355,2.4,325,0.147903
355,2.5,325,0.149518
355,2.6,325,0.151133
355,2.7,325,0.152748
355,2.8,325,0.154363
355,2.9,325,0.155979
355,3,325,0.157594
355,3.1,325,0.159209
355,3.2,325,0.160824
355,3.3,325,0.162439
355,3.4,325,0.164054
355,3.5,325,0.165669
355,3.6,325,0.167284
355,3.7,325,0.168899
355,3.8,325,0.170514
355,3.9,325,0.171137
355,4,325,0.171666
355,4.1,325,0.172195
355,4.2,325,0.172725
355,4.3,325,0.173254
355,4.4,325,0.173783
355,4.5,325,0.174313
355,4.6,325,0.174842
355,4.7,325,0.175371
355,4.8,325,0.1759
355,4.9,325,0.17643
355,5,325,0.176959
355,5.1,325,0.172985
355,5.2,325,0.173875
355,5.3,325,0.174765
355,5.4,325,0.175655
355,5.5,325,0.176546
355,5.6,325,0.177436
355,5.7,325,0.178326
355,5.8,325,0.179216
355,5.9,325,0.180107
355,6,325,0.180997
355,6.1,325,0.181887
355,6.2,325,0.182778
355,6.3,325,0.183668
355,6.4,325,0.184558
355,6.5,325,0.185448
355,6.6,325,0.186339
355,6.7,325,0.187229
355,6.8,325,0.188119
355,6.9,325,0.189009
355,7,325,0.1899
355,7.1,325,0.19079
355,7.2,325,0.19168
355,7.3,325,0.19257
355,7.4,325,0.193461
355,7.5,325,0.194351
355,7.6,325,0.195241
355,7.7,325,0.195668
355,7.8,325,0.195999
355,7.9,325,0.19633
355,8,325,0.19666
355,8.1,325,0.196991
355,8.2,325,0.197322
355,8.3,325,0.197653
355,8.4,325,0.197983
355,8.5,325,0.198314
355,8.6,325,0.198645
355,8.7,325,0.198976
355,8.8,325,0.199306
355,8.9,325,0.199637
355,9,325,0.199968
355,9.1,325,0.200299
355,9.2,325,0.200629
355,9.3,325,0.20096
355,9.4,325,0.201291
355,9.5,325,0.201621
355,9.6,325,0.201952
355,9.7,325,0.202283
355,9.8,325,0.202614
355,9.9,325,0.202944
355,10,325,0.203275
355,10.1,325,0.203606
355,10.2,325,0.203937
355,10.3,325,0.204267
355,10.4,325,0.204598
355,10.5,325,0.204929
355,10.6,325,0.20526
355,10.7,325,0.20559
355,10.8,325,0.205921
355,10.9,325,0.206252
355,11,325,0.206583
355,11.1,325,0.206913
355,11.2,325,0.207244
355,11.3,325,0.207575
355,11.4,325,0.207906
355,11.5,325,0.208236
355,11.6,325,0.208567
355,11.7,325,0.208898
355,11.8,325,0.209229
355,11.9,325,0.209559
355,12,325,0.20989
355,12.1,325,0.210221
355,12.2,325,0.210552
355,12.3,325,0.210882
355,12.4,325,0.211213
355,12.5,325,0.211544
355,12.6,325,0.211874
355,12.7,325,0.212202
355,12.8,325,0.212471
355,12.9,325,0.212739
355,13,325,0.213008
355,13.1,325,0.213277
355,13.2,325,0.213545
355,13.3,325,0.213814
355,13.4,325,0.214082
355,13.5,325,0.214351
355,13.6,325,0.214619
355,13.7,325,0.214888
355,13.8,325,0.215156
355,13.9,325,0.215425
355,14,325,0.215694
355,14.1,325,0.215962
355,14.2,325,0.216231
355,14.3,325,0.216499
355,14.4,325,0.216768
355,14.5,325,0.217036
355,14.6,325,0.217305
355,14.7,325,0.217574
355,14.8,325,0.217842
355,14.9,325,0.218111
355,15,325,0.218379
355,15.1,325,0.218648
355,15.2,325,0.218916
355,15.3,325,0.219185
355,15.4,325,0.219453
355,15.5,325,0.219722
355,15.6,325,0.219991
355,15.7,325,0.220259
355,15.8,325,0.220528
355,15.9,325,0.220796
355,16,325,0.221065
355,16.1,325,0.221333
355,16.2,325,0.221602
355,16.3,325,0.22187
355,16.4,325,0.222139
355,16.5,325,0.222408
355,16.6,325,0.222676
355,16.7,325,0.222945
355,16.8,325,0.223213
355,16.9,325,0.223482
355,17,325,0.22375
355,17.1,325,0.224019
355,17.2,325,0.224288
355,17.3,325,0.224556
355,17.4,325,0.224825
355,17.5,325,0.225093
355,17.6,325,0.225362
355,17.7,325,0.22563
355,17.8,325,0.22587
355,17.9,325,0.226028
355,18,325,0.226187
355,18.1,325,0.226346
355,18.2,325,0.226504
355,18.3,325,0.226663
355,18.4,325,0.226821
355,18.5,325,0.22698
355,18.6,325,0.227139
355,18.7,325,0.227297
355,18.8,325,0.227456
355,18.9,325,0.227614
355,19,325,0.227773
355,19.1,325,0.227932
355,19.2,325,0.22809
355,19.3,325,0.228249
355,19.4,325,0.228407
355,19.5,325,0.228566
355,19.6,325,0.228725
355,19.7,325,0.228883
355,19.8,325,0.229042
355,19.9,325,0.229201
355,20,325,0.229359
