x,y,z,b
355,0,325,0.0920488
355,0.1,325,0.0946005
355,0.2,325,0.0971521
355,0.3,325,0.0997038
355,0.4,325,0.102255
355,0.5,325,0.104807
355,0.6,325,0.107359
355,0.7,325,0.10991
355,0.8,325,0.112462
355,0.9,325,0.115014
355,1,325,0.117565
355,1.1,325,0.120117
355,1.2,325,0.122669
355,1.3,325,0.124925
355,1.4,325,0.126508
355,1.5,325,0.128091
355,1.6,325,0.129675
355,1.7,325,0.131258
355,1.8,325,0.132841
355,1.9,325,0.134424
355,2,325,0.136007
355,2.1,325,0.13759
355,2.2,325,0.139173
355,2.3,325,0.140757
355,2.4,325,0.14234
355,2.5,325,0.143923
355,2.6,325,0.145506
355,2.7,325,0.147089
355,2.8,325,0.148672
355,2.9,325,0.150255
355,3,325,0.151839
355,3.1,325,0.153422
355,3.2,325,0.155005
355,3.3,325,0.156588
355,3.4,325,0.158171
355,3.5,325,0.159754
355,3.6,325,0.161337
355,3.7,325,0.162921
355,3.8,325,0.164504
355,3.9,325,0.165339
355,4,325,0.166104
355,4.1,325,0.166869
355,4.2,325,0.167635
355,4.3,325,0.1684
355,4.4,325,0.169165
355,4.5,325,0.16993
355,4.6,325,0.170695
355,4.7,325,0.17146
355,4.8,325,0.172225
355,4.9,325,0.172991
355,5,325,0.173756
355,5.1,325,0.17178
355,5.2,325,0.172765
355,5.3,325,0.17375
355,5.4,325,0.174734
355,5.5,325,0.175719
355,5.6,325,0.176704
355,5.7,325,0.177689
355,5.8,325,0.178674
355,5.9,325,0.179659
355,6,325,0.180643
355,6.1,325,0.181628
355,6.2,325,0.182613
355,6.3,325,0.183598
355,6.4,325,0.184583
355,6.5,325,0.185568
355,6.6,325,0.186552
355,6.7,325,0.187537
355,6.8,325,0.188522
355,6.9,325,0.189507
355,7,325,0.190492
355,7.1,325,0.191477
355,7.2,325,0.192461
355,7.3,325,0.193446
355,7.4,325,0.194431
355,7.5,325,0.195416
355,7.6,325,0.196401
355,7.7,325,0.19688
355,7.8,325,0.197254
355,7.9,325,0.197628
355,8,325,0.198001
355,8.1,325,0.198375
355,8.2,325,0.198749
355,8.3,325,0.199123
355,8.4,325,0.199497
355,8.5,325,0.199871
355,8.6,325,0.200245
355,8.7,325,0.200619
355,8.8,325,0.200992
355,8.9,325,0.201366
355,9,325,0.20174
355,9.1,325,0.202114
355,9.2,325,0.202488
355,9.3,325,0.202862
355,9.4,325,0.203236
355,9.5,325,0.20361
355,9.6,325,0.203983
355,9.7,325,0.204357
355,9.8,325,0.204731
355,9.9,325,0.205105
355,10,325,0.205479
355,10.1,325,0.205853
355,10.2,325,0.206227
355,10.3,325,0.206601
355,10.4,325,0.206975
355,10.5,325,0.207348
355,10.6,325,0.207722
355,10.7,325,0.208096
355,10.8,325,0.20847
355,10.9,325,0.208844
355,11,325,0.209218
355,11.1,325,0.209592
355,11.2,325,0.209966
355,11.3,325,0.210339
355,11.4,325,0.210713
355,11.5,325,0.211087
355,11.6,325,0.211461
355,11.7,325,0.211835
355,11.8,325,0.212209
355,11.9,325,0.212583
355,12,325,0.212957
355,12.1,325,0.213331
355,12.2,325,0.213704
355,12.3,325,0.214078
355,12.4,325,0.214452
355,12.5,325,0.214826
355,12.6,325,0.2152
355,12.7,325,0.215567
355,12.8,325,0.215805
355,12.9,325,0.216043
355,13,325,0.216281
355,13.1,325,0.216519
355,13.2,325,0.216756
355,13.3,325,0.216994
355,13.4,325,0.217232
355,13.5,325,0.21747
355,13.6,325,0.217707
355,13.7,325,0.217945
355,13.8,325,0.218183
355,13.9,325,0.218421
355,14,325,0.218658
355,14.1,325,0.218896
355,14.2,325,0.219134
355,14.3,325,0.219372
355,14.4,325,0.21961
355,14.5,325,0.219847
355,14.6,325,0.220085
355,14.7,325,0.220323
355,14.8,325,0.220561
355,14.9,325,0.220798
355,15,325,0.221036
355,15.1,325,0.221274
355,15.2,325,0.221512
355,15.3,325,0.22175
355,15.4,325,0.221987
355,15.5,325,0.222225
355,15.6,325,0.222463
355,15.7,325,0.222701
355,15.8,325,0.222938
355,15.9,325,0.223176
355,16,325,0.223414
355,16.1,325,0.223652
355,16.2,325,0.223889
355,16.3,325,0.224127
355,16.4,325,0.224365
355,16.5,325,0.224603
355,16.6,325,0.224841
355,16.7,325,0.225078
355,16.8,325,0.225316
355,16.9,325,0.225554
355,17,325,0.225792
355,17.1,325,0.226029
355,17.2,325,0.226267
355,17.3,325,0.226505
355,17.4,325,0.226743
355,17.5,325,0.226981
355,17.6,325,0.227218
355,17.7,325,0.227456
355,17.8,325,0.227672
355,17.9,325,0.22783
355,18,325,0.227987
355,18.1,325,0.228144
355,18.2,325,0.228302
355,18.3,325,0.228459
355,18.4,325,0.228616
355,18.5,325,0.228773
355,18.6,325,0.228931
355,18.7,325,0.229088
355,18.8,325,0.229245
355,18.9,325,0.229402
355,19,325,0.22956
355,19.1,325,0.229717
355,19.2,325,0.229874
355,19.3,325,0.230031
355,19.4,325,0.230189
355,19.5,325,0.230346
355,19.6,325,0.230503
355,19.7,325,0.23066
355,19.8,325,0.230818
355,19.9,325,0.230975
355,20,325,0.231132
