x,y,z,b
355,0,325,0.0959539
355,0.1,325,0.0985647
355,0.2,325,0.101175
355,0.3,325,0.103786
355,0.4,325,0.106397
355,0.5,325,0.109008
355,0.6,325,0.111619
355,0.7,325,0.114229
355,0.8,325,0.11684
355,0.9,325,0.119451
355,1,325,0.122062
355,1.1,325,0.124673
355,1.2,325,0.127283
355,1.3,325,0.129592
355,1.4,325,0.131212
355,1.5,325,0.132832
355,1.6,325,0.134452
355,1.7,325,0.136072
355,1.8,325,0.137692
355,1.9,325,0.139311
355,2,325,0.140931
355,2.1,325,0.142551
355,2.2,325,0.144171
355,2.3,325,0.145791
355,2.4,325,0.147411
355,2.5,325,0.14903
355,2.6,325,0.15065
355,2.7,325,0.15227
355,2.8,325,0.15389
355,2.9,325,0.15551
355,3,325,0.15713
355,3.1,325,0.158749
355,3.2,325,0.160369
355,3.3,325,0.161989
355,3.4,325,0.163609
355,3.5,325,0.165229
355,3.6,325,0.166849
355,3.7,325,0.168469
355,3.8,325,0.170088
355,3.9,325,0.170705
355,4,325,0.171226
355,4.1,325,0.171748
355,4.2,325,0.17227
355,4.3,325,0.172792
355,4.4,325,0.173313
355,4.5,325,0.173835
355,4.6,325,0.174357
355,4.7,325,0.174879
355,4.8,325,0.175401
355,4.9,325,0.175922
355,5,325,0.176444
355,5.1,325,0.172401
355,5.2,325,0.173289
355,5.3,325,0.174177
355,5.4,325,0.175064
355,5.5,325,0.175952
355,5.6,325,0.176839
355,5.7,325,0.177727
355,5.8,325,0.178615
355,5.9,325,0.179502
355,6,325,0.18039
355,6.1,325,0.181278
355,6.2,325,0.182165
355,6.3,325,0.183053
355,6.4,325,0.183941
355,6.5,325,0.184828
355,6.6,325,0.185716
355,6.7,325,0.186603
355,6.8,325,0.187491
355,6.9,325,0.188379
355,7,325,0.189266
355,7.1,325,0.190154
355,7.2,325,0.191042
355,7.3,325,0.191929
355,7.4,325,0.192817
355,7.5,325,0.193705
355,7.6,325,0.194592
355,7.7,325,0.195041
355,7.8,325,0.195399
355,7.9,325,0.195757
355,8,325,0.196114
355,8.1,325,0.196472
355,8.2,325,0.19683
355,8.3,325,0.197188
355,8.4,325,0.197546
355,8.5,325,0.197903
355,8.6,325,0.198261
355,8.7,325,0.198619
355,8.8,325,0.198977
355,8.9,325,0.199335
355,9,325,0.199692
355,9.1,325,0.20005
355,9.2,325,0.200408
355,9.3,325,0.200766
355,9.4,325,0.201123
355,9.5,325,0.201481
355,9.6,325,0.201839
355,9.7,325,0.202197
355,9.8,325,0.202555
355,9.9,325,0.202912
355,10,325,0.20327
355,10.1,325,0.203628
355,10.2,325,0.203986
355,10.3,325,0.204344
355,10.4,325,0.204701
355,10.5,325,0.205059
355,10.6,325,0.205417
355,10.7,325,0.205775
355,10.8,325,0.206133
355,10.9,325,0.20649
355,11,325,0.206848
355,11.1,325,0.207206
355,11.2,325,0.207564
355,11.3,325,0.207921
355,11.4,325,0.208279
355,11.5,325,0.208637
355,11.6,325,0.208995
355,11.7,325,0.209353
355,11.8,325,0.20971
355,11.9,325,0.210068
355,12,325,0.210426
355,12.1,325,0.210784
355,12.2,325,0.211142
355,12.3,325,0.211499
355,12.4,325,0.211857
355,12.5,325,0.212215
355,12.6,325,0.212573
355,12.7,325,0.212926
355,12.8,325,0.213179
355,12.9,325,0.213432
355,13,325,0.213686
355,13.1,325,0.213939
355,13.2,325,0.214192
355,13.3,325,0.214446
355,13.4,325,0.214699
355,13.5,325,0.214952
355,13.6,325,0.215206
355,13.7,325,0.215459
355,13.8,325,0.215712
355,13.9,325,0.215966
355,14,325,0.216219
355,14.1,325,0.216472
355,14.2,325,0.216726
355,14.3,325,0.216979
355,14.4,325,0.217232
355,14.5,325,0.217486
355,14.6,325,0.217739
355,14.7,325,0.217992
355,14.8,325,0.218246
355,14.9,325,0.218499
355,15,325,0.218752
355,15.1,325,0.219005
355,15.2,325,0.219259
355,15.3,325,0.219512
355,15.4,325,0.219765
355,15.5,325,0.220019
355,15.6,325,0.220272
355,15.7,325,0.220525
355,15.8,325,0.220779
355,15.9,325,0.221032
355,16,325,0.221285
355,16.1,325,0.221539
355,16.2,325,0.221792
355,16.3,325,0.222045
355,16.4,325,0.222299
355,16.5,325,0.222552
355,16.6,325,0.222805
355,16.7,325,0.223059
355,16.8,325,0.223312
355,16.9,325,0.223565
355,17,325,0.223819
355,17.1,325,0.224072
355,17.2,325,0.224325
355,17.3,325,0.224579
355,17.4,325,0.224832
355,17.5,325,0.225085
355,17.6,325,0.225339
355,17.7,325,0.225592
355,17.8,325,0.225819
355,17.9,325,0.225971
355,18,325,0.226124
355,18.1,325,0.226276
355,18.2,325,0.226429
355,18.3,325,0.226581
355,18.4,325,0.226734
355,18.5,325,0.226886
355,18.6,325,0.227039
355,18.7,325,0.227191
355,18.8,325,0.227344
355,18.9,325,0.227496
355,19,325,0.227649
355,19.1,325,0.227801
355,19.2,325,0.227954
355,19.3,325,0.228106
355,19.4,325,0.228259
355,19.5,325,0.228412
355,19.6,325,0.228564
355,19.7,325,0.228717
355,19.8,325,0.228869
355,19.9,325,0.229022
355,20,325,0.229174
