x,y,z,b
355,0,325,0.0996493
355,0.1,325,0.102143
355,0.2,325,0.104636
355,0.3,325,0.10713
355,0.4,325,0.109623
355,0.5,325,0.112117
355,0.6,325,0.11461
355,0.7,325,0.117104
355,0.8,325,0.119597
355,0.9,325,0.122091
355,1,325,0.124584
355,1.1,325,0.127078
355,1.2,325,0.129571
355,1.3,325,0.131776
355,1.4,325,0.133323
355,1.5,325,0.13487
355,1.6,325,0.136417
355,1.7,325,0.137964
355,1.8,325,0.139512
355,1.9,325,0.141059
355,2,325,0.142606
355,2.1,325,0.144153
355,2.2,325,0.1457
355,2.3,325,0.147247
355,2.4,325,0.148794
355,2.5,325,0.150341
355,2.6,325,0.151888
355,2.7,325,0.153435
355,2.8,325,0.154982
355,2.9,325,0.156529
355,3,325,0.158076
355,3.1,325,0.159623
355,3.2,325,0.16117
355,3.3,325,0.162717
355,3.4,325,0.164264
355,3.5,325,0.165811
355,3.6,325,0.167359
355,3.7,325,0.168906
355,3.8,325,0.170453
355,3.9,325,0.171077
355,4,325,0.171615
355,4.1,325,0.172153
355,4.2,325,0.17269
355,4.3,325,0.173228
355,4.4,325,0.173766
355,4.5,325,0.174303
355,4.6,325,0.174841
355,4.7,325,0.175379
355,4.8,325,0.175917
355,4.9,325,0.176454
355,5,325,0.176992
355,5.1,325,0.173332
355,5.2,325,0.174206
355,5.3,325,0.17508
355,5.4,325,0.175955
355,5.5,325,0.176829
355,5.6,325,0.177703
355,5.7,325,0.178577
355,5.8,325,0.179451
355,5.9,325,0.180326
355,6,325,0.1812
355,6.1,325,0.182074
355,6.2,325,0.182948
355,6.3,325,0.183822
355,6.4,325,0.184696
355,6.5,325,0.185571
355,6.6,325,0.186445
355,6.7,325,0.187319
355,6.8,325,0.188193
355,6.9,325,0.189067
355,7,325,0.189941
355,7.1,325,0.190816
355,7.2,325,0.19169
355,7.3,325,0.192564
355,7.4,325,0.193438
355,7.5,325,0.194312
355,7.6,325,0.195186
355,7.7,325,0.19555
355,7.8,325,0.195807
355,7.9,325,0.196065
355,8,325,0.196322
355,8.1,325,0.19658
355,8.2,325,0.196837
355,8.3,325,0.197094
355,8.4,325,0.197352
355,8.5,325,0.197609
355,8.6,325,0.197867
355,8.7,325,0.198124
355,8.8,325,0.198382
355,8.9,325,0.198639
355,9,325,0.198897
355,9.1,325,0.199154
355,9.2,325,0.199411
355,9.3,325,0.199669
355,9.4,325,0.199926
355,9.5,325,0.200184
355,9.6,325,0.200441
355,9.7,325,0.200699
355,9.8,325,0.200956
355,9.9,325,0.201213
355,10,325,0.201471
355,10.1,325,0.201728
355,10.2,325,0.196856
355,10.3,325,0.197319
355,10.4,325,0.197782
355,10.5,325,0.198245
355,10.6,325,0.198708
355,10.7,325,0.199171
355,10.8,325,0.199634
355,10.9,325,0.200097
355,11,325,0.20056
355,11.1,325,0.201023
355,11.2,325,0.201486
355,11.3,325,0.201949
355,11.4,325,0.202412
355,11.5,325,0.202875
355,11.6,325,0.203338
355,11.7,325,0.203801
355,11.8,325,0.204264
355,11.9,325,0.204727
355,12,325,0.20519
355,12.1,325,0.205653
355,12.2,325,0.206116
355,12.3,325,0.206579
355,12.4,325,0.207042
355,12.5,325,0.207505
355,12.6,325,0.207968
355,12.7,325,0.208431
355,12.8,325,0.208894
355,12.9,325,0.209357
355,13,325,0.20982
355,13.1,325,0.210283
355,13.2,325,0.210746
355,13.3,325,0.211209
355,13.4,325,0.211672
355,13.5,325,0.212135
355,13.6,325,0.212599
355,13.7,325,0.213062
355,13.8,325,0.213525
355,13.9,325,0.213988
355,14,325,0.214451
355,14.1,325,0.214914
355,14.2,325,0.215377
355,14.3,325,0.21584
355,14.4,325,0.216303
355,14.5,325,0.216766
355,14.6,325,0.217229
355,14.7,325,0.217692
355,14.8,325,0.218155
355,14.9,325,0.218618
355,15,325,0.219081
355,15.1,325,0.219544
355,15.2,325,0.220007
355,15.3,325,0.220284
355,15.4,325,0.220465
355,15.5,325,0.220645
355,15.6,325,0.220826
355,15.7,325,0.221006
355,15.8,325,0.221186
355,15.9,325,0.221367
355,16,325,0.221547
355,16.1,325,0.221728
355,16.2,325,0.221908
355,16.3,325,0.222089
355,16.4,325,0.222269
355,16.5,325,0.222449
355,16.6,325,0.22263
355,16.7,325,0.22281
355,16.8,325,0.222991
355,16.9,325,0.223171
355,17,325,0.223352
355,17.1,325,0.223532
355,17.2,325,0.223712
355,17.3,325,0.223893
355,17.4,325,0.224073
355,17.5,325,0.224254
355,17.6,325,0.224434
355,17.7,325,0.224615
355,17.8,325,0.224795
355,17.9,325,0.224975
355,18,325,0.225156
355,18.1,325,0.225336
355,18.2,325,0.225517
355,18.3,325,0.225697
355,18.4,325,0.225878
355,18.5,325,0.226058
355,18.6,325,0.226238
355,18.7,325,0.226419
355,18.8,325,0.226599
355,18.9,325,0.22678
355,19,325,0.22696
355,19.1,325,0.227141
355,19.2,325,0.227321
355,19.3,325,0.227501
355,19.4,325,0.227682
355,19.5,325,0.227862
355,19.6,325,0.228043
355,19.7,325,0.228223
355,19.8,325,0.228404
355,19.9,325,0.228584
355,20,325,0.228764
