x,y,z,b
355,0,325,0.0975791
355,0.1,325,0.100147
355,0.2,325,0.102714
355,0.3,325,0.105282
355,0.4,325,0.107849
355,0.5,325,0.110417
355,0.6,325,0.112984
355,0.7,325,0.115552
355,0.8,325,0.118119
355,0.9,325,0.120687
355,1,325,0.123254
355,1.1,325,0.125822
355,1.2,325,0.12839
355,1.3,325,0.13066
355,1.4,325,0.132253
355,1.5,325,0.133846
355,1.6,325,0.135439
355,1.7,325,0.137032
355,1.8,325,0.138625
355,1.9,325,0.140218
355,2,325,0.141811
355,2.1,325,0.143404
355,2.2,325,0.144997
355,2.3,325,0.14659
355,2.4,325,0.148183
355,2.5,325,0.149776
355,2.6,325,0.151369
355,2.7,325,0.152962
355,2.8,325,0.154555
355,2.9,325,0.156148
355,3,325,0.157741
355,3.1,325,0.159334
355,3.2,325,0.160927
355,3.3,325,0.16252
355,3.4,325,0.164113
355,3.5,325,0.165706
355,3.6,325,0.167299
355,3.7,325,0.168892
355,3.8,325,0.170485
355,3.9,325,0.171107
355,4,325,0.171638
355,4.1,325,0.172169
355,4.2,325,0.1727
355,4.3,325,0.173231
355,4.4,325,0.173762
355,4.5,325,0.174293
355,4.6,325,0.174824
355,4.7,325,0.175355
355,4.8,325,0.175886
355,4.9,325,0.176417
355,5,325,0.176948
355,5.1,325,0.173062
355,5.2,325,0.173947
355,5.3,325,0.174832
355,5.4,325,0.175717
355,5.5,325,0.176602
355,5.6,325,0.177487
355,5.7,325,0.178372
355,5.8,325,0.179257
355,5.9,325,0.180142
355,6,325,0.181027
355,6.1,325,0.181912
355,6.2,325,0.182797
355,6.3,325,0.183681
355,6.4,325,0.184566
355,6.5,325,0.185451
355,6.6,325,0.186336
355,6.7,325,0.187221
355,6.8,325,0.188106
355,6.9,325,0.188991
355,7,325,0.189876
355,7.1,325,0.190761
355,7.2,325,0.191646
355,7.3,325,0.192531
355,7.4,325,0.193416
355,7.5,325,0.194301
355,7.6,325,0.195186
355,7.7,325,0.195549
355,7.8,325,0.195805
355,7.9,325,0.196061
355,8,325,0.196317
355,8.1,325,0.196573
355,8.2,325,0.196828
355,8.3,325,0.197084
355,8.4,325,0.19734
355,8.5,325,0.197596
355,8.6,325,0.197851
355,8.7,325,0.198107
355,8.8,325,0.198363
355,8.9,325,0.198619
355,9,325,0.198875
355,9.1,325,0.19913
355,9.2,325,0.199386
355,9.3,325,0.199642
355,9.4,325,0.199898
355,9.5,325,0.200153
355,9.6,325,0.200409
355,9.7,325,0.200665
355,9.8,325,0.200921
355,9.9,325,0.201176
355,10,325,0.201432
355,10.1,325,0.201688
355,10.2,325,0.196711
355,10.3,325,0.197177
355,10.4,325,0.197642
355,10.5,325,0.198108
355,10.6,325,0.198573
355,10.7,325,0.199039
355,10.8,325,0.199504
355,10.9,325,0.19997
355,11,325,0.200435
355,11.1,325,0.200901
355,11.2,325,0.201366
355,11.3,325,0.201831
355,11.4,325,0.202297
355,11.5,325,0.202762
355,11.6,325,0.203228
355,11.7,325,0.203693
355,11.8,325,0.204159
355,11.9,325,0.204624
355,12,325,0.20509
355,12.1,325,0.205555
355,12.2,325,0.206021
355,12.3,325,0.206486
355,12.4,325,0.206951
355,12.5,325,0.207417
355,12.6,325,0.207882
355,12.7,325,0.208348
355,12.8,325,0.208813
355,12.9,325,0.209279
355,13,325,0.209744
355,13.1,325,0.21021
355,13.2,325,0.210675
355,13.3,325,0.211141
355,13.4,325,0.211606
355,13.5,325,0.212072
355,13.6,325,0.212537
355,13.7,325,0.213002
355,13.8,325,0.213468
355,13.9,325,0.213933
355,14,325,0.214399
355,14.1,325,0.214864
355,14.2,325,0.21533
355,14.3,325,0.215795
355,14.4,325,0.216261
355,14.5,325,0.216726
355,14.6,325,0.217192
355,14.7,325,0.217657
355,14.8,325,0.218123
355,14.9,325,0.218588
355,15,325,0.219053
355,15.1,325,0.219519
355,15.2,325,0.219984
355,15.3,325,0.220263
355,15.4,325,0.220443
355,15.5,325,0.220624
355,15.6,325,0.220805
355,15.7,325,0.220985
355,15.8,325,0.221166
355,15.9,325,0.221346
355,16,325,0.221527
355,16.1,325,0.221707
355,16.2,325,0.221888
355,16.3,325,0.222068
355,16.4,325,0.222249
355,16.5,325,0.22243
355,16.6,325,0.22261
355,16.7,325,0.222791
355,16.8,325,0.222971
355,16.9,325,0.223152
355,17,325,0.223332
355,17.1,325,0.223513
355,17.2,325,0.223694
355,17.3,325,0.223874
355,17.4,325,0.224055
355,17.5,325,0.224235
355,17.6,325,0.224416
355,17.7,325,0.224596
355,17.8,325,0.224777
355,17.9,325,0.224958
355,18,325,0.225138
355,18.1,325,0.225319
355,18.2,325,0.225499
355,18.3,325,0.22568
355,18.4,325,0.22586
355,18.5,325,0.226041
355,18.6,325,0.226221
355,18.7,325,0.226402
355,18.8,325,0.226583
355,18.9,325,0.226763
355,19,325,0.226944
355,19.1,325,0.227124
355,19.2,325,0.227305
355,19.3,325,0.227485
355,19.4,325,0.227666
355,19.5,325,0.227847
355,19.6,325,0.228027
355,19.7,325,0.228208
355,19.8,325,0.228388
355,19.9,325,0.228569
355,20,325,0.228749
