x,y,z,b
355,0,325,0.0891969
355,0.1,325,0.0917264
355,0.2,325,0.0942558
355,0.3,325,0.0967853
355,0.4,325,0.0993147
355,0.5,325,0.101844
355,0.6,325,0.104374
355,0.7,325,0.106903
355,0.8,325,0.109433
355,0.9,325,0.111962
355,1,325,0.114491
355,1.1,325,0.117021
355,1.2,325,0.11955
355,1.3,325,0.121787
355,1.4,325,0.123357
355,1.5,325,0.124926
355,1.6,325,0.126495
355,1.7,325,0.128065
355,1.8,325,0.129634
355,1.9,325,0.131204
355,2,325,0.132773
355,2.1,325,0.134342
355,2.2,325,0.135912
355,2.3,325,0.137481
355,2.4,325,0.13905
355,2.5,325,0.14062
355,2.6,325,0.142189
355,2.7,325,0.143759
355,2.8,325,0.145328
355,2.9,325,0.146897
355,3,325,0.148467
355,3.1,325,0.150036
355,3.2,325,0.151605
355,3.3,325,0.153175
355,3.4,325,0.154744
355,3.5,325,0.156313
355,3.6,325,0.157883
355,3.7,325,0.159452
355,3.8,325,0.161022
355,3.9,325,0.16187
355,4,325,0.162651
355,4.1,325,0.163432
355,4.2,325,0.164213
355,4.3,325,0.164994
355,4.4,325,0.165774
355,4.5,325,0.166555
355,4.6,325,0.167336
355,4.7,325,0.168117
355,4.8,325,0.168898
355,4.9,325,0.169679
355,5,325,0.170459
355,5.1,325,0.169154
355,5.2,325,0.170102
355,5.3,325,0.17105
355,5.4,325,0.171998
355,5.5,325,0.172946
355,5.6,325,0.173894
355,5.7,325,0.174842
355,5.8,325,0.17579
355,5.9,325,0.176738
355,6,325,0.177686
355,6.1,325,0.178634
355,6.2,325,0.179582
355,6.3,325,0.18053
355,6.4,325,0.181478
355,6.5,325,0.182426
355,6.6,325,0.183375
355,6.7,325,0.184323
355,6.8,325,0.185271
355,6.9,325,0.186219
355,7,325,0.187167
355,7.1,325,0.188115
355,7.2,325,0.189063
355,7.3,325,0.190011
355,7.4,325,0.190959
355,7.5,325,0.191907
355,7.6,325,0.192855
355,7.7,325,0.193358
355,7.8,325,0.193768
355,7.9,325,0.194179
355,8,325,0.19459
355,8.1,325,0.195001
355,8.2,325,0.195411
355,8.3,325,0.195822
355,8.4,325,0.196233
355,8.5,325,0.196643
355,8.6,325,0.197054
355,8.7,325,0.197465
355,8.8,325,0.197875
355,8.9,325,0.198286
355,9,325,0.198697
355,9.1,325,0.199107
355,9.2,325,0.199518
355,9.3,325,0.199929
355,9.4,325,0.20034
355,9.5,325,0.20075
355,9.6,325,0.201161
355,9.7,325,0.201572
355,9.8,325,0.201982
355,9.9,325,0.202393
355,10,325,0.202804
355,10.1,325,0.203214
355,10.2,325,0.203625
355,10.3,325,0.204036
355,10.4,325,0.204446
355,10.5,325,0.204857
355,10.6,325,0.205268
355,10.7,325,0.205679
355,10.8,325,0.206089
355,10.9,325,0.2065
355,11,325,0.206911
355,11.1,325,0.207321
355,11.2,325,0.207732
355,11.3,325,0.208143
355,11.4,325,0.208553
355,11.5,325,0.208964
355,11.6,325,0.209375
355,11.7,325,0.209785
355,11.8,325,0.210196
355,11.9,325,0.210607
355,12,325,0.211017
355,12.1,325,0.211428
355,12.2,325,0.211839
355,12.3,325,0.21225
355,12.4,325,0.21266
355,12.5,325,0.213071
355,12.6,325,0.213482
355,12.7,325,0.213884
355,12.8,325,0.214127
355,12.9,325,0.21437
355,13,325,0.214613
355,13.1,325,0.214856
355,13.2,325,0.215099
355,13.3,325,0.215342
355,13.4,325,0.215585
355,13.5,325,0.215828
355,13.6,325,0.216071
355,13.7,325,0.216314
355,13.8,325,0.216557
355,13.9,325,0.2168
355,14,325,0.217043
355,14.1,325,0.217286
355,14.2,325,0.217529
355,14.3,325,0.217772
355,14.4,325,0.218015
355,14.5,325,0.218258
355,14.6,325,0.2185
355,14.7,325,0.218743
355,14.8,325,0.218986
355,14.9,325,0.219229
355,15,325,0.219472
355,15.1,325,0.219715
355,15.2,325,0.219958
355,15.3,325,0.220201
355,15.4,325,0.220444
355,15.5,325,0.220687
355,15.6,325,0.22093
355,15.7,325,0.221173
355,15.8,325,0.221416
355,15.9,325,0.221659
355,16,325,0.221902
355,16.1,325,0.222145
355,16.2,325,0.222388
355,16.3,325,0.222631
355,16.4,325,0.222874
355,16.5,325,0.223117
355,16.6,325,0.223359
355,16.7,325,0.223602
355,16.8,325,0.223845
355,16.9,325,0.224088
355,17,325,0.224331
355,17.1,325,0.224574
355,17.2,325,0.224817
355,17.3,325,0.22506
355,17.4,325,0.225303
355,17.5,325,0.225546
355,17.6,325,0.225789
355,17.7,325,0.226032
355,17.8,325,0.226255
355,17.9,325,0.226421
355,18,325,0.226588
355,18.1,325,0.226755
355,18.2,325,0.226921
355,18.3,325,0.227088
355,18.4,325,0.227255
355,18.5,325,0.227422
355,18.6,325,0.227588
355,18.7,325,0.227755
355,18.8,325,0.227922
355,18.9,325,0.228089
355,19,325,0.228255
355,19.1,325,0.228422
355,19.2,325,0.228589
355,19.3,325,0.228755
355,19.4,325,0.228922
355,19.5,325,0.229089
355,19.6,325,0.229256
355,19.7,325,0.229422
355,19.8,325,0.229589
355,19.9,325,0.229756
355,20,325,0.229922
