x,y,z,b
355,0,325,0.0992746
355,0.1,325,0.101781
355,0.2,325,0.104288
355,0.3,325,0.106795
355,0.4,325,0.109301
355,0.5,325,0.111808
355,0.6,325,0.114315
355,0.7,325,0.116821
355,0.8,325,0.119328
355,0.9,325,0.121835
355,1,325,0.124341
355,1.1,325,0.126848
355,1.2,325,0.129355
355,1.3,325,0.131571
355,1.4,325,0.133127
355,1.5,325,0.134682
355,1.6,325,0.136237
355,1.7,325,0.137792
355,1.8,325,0.139348
355,1.9,325,0.140903
355,2,325,0.142458
355,2.1,325,0.144013
355,2.2,325,0.145568
355,2.3,325,0.147124
355,2.4,325,0.148679
355,2.5,325,0.150234
355,2.6,325,0.151789
355,2.7,325,0.153345
355,2.8,325,0.1549
355,2.9,325,0.156455
355,3,325,0.15801
355,3.1,325,0.159566
355,3.2,325,0.161121
355,3.3,325,0.162676
355,3.4,325,0.164231
355,3.5,325,0.165786
355,3.6,325,0.167342
355,3.7,325,0.168897
355,3.8,325,0.170452
355,3.9,325,0.171076
355,4,325,0.171613
355,4.1,325,0.17215
355,4.2,325,0.172686
355,4.3,325,0.173223
355,4.4,325,0.17376
355,4.5,325,0.174297
355,4.6,325,0.174833
355,4.7,325,0.17537
355,4.8,325,0.175907
355,4.9,325,0.176443
355,5,325,0.17698
355,5.1,325,0.173281
355,5.2,325,0.174157
355,5.3,325,0.175033
355,5.4,325,0.175909
355,5.5,325,0.176786
355,5.6,325,0.177662
355,5.7,325,0.178538
355,5.8,325,0.179414
355,5.9,325,0.180291
355,6,325,0.181167
355,6.1,325,0.182043
355,6.2,325,0.182919
355,6.3,325,0.183795
355,6.4,325,0.184672
355,6.5,325,0.185548
355,6.6,325,0.186424
355,6.7,325,0.1873
355,6.8,325,0.188176
355,6.9,325,0.189053
355,7,325,0.189929
355,7.1,325,0.190805
355,7.2,325,0.191681
355,7.3,325,0.192557
355,7.4,325,0.193434
355,7.5,325,0.19431
355,7.6,325,0.195186
355,7.7,325,0.19555
355,7.8,325,0.195807
355,7.9,325,0.196064
355,8,325,0.196321
355,8.1,325,0.196578
355,8.2,325,0.196836
355,8.3,325,0.197093
355,8.4,325,0.19735
355,8.5,325,0.197607
355,8.6,325,0.197864
355,8.7,325,0.198122
355,8.8,325,0.198379
355,8.9,325,0.198636
355,9,325,0.198893
355,9.1,325,0.19915
355,9.2,325,0.199407
355,9.3,325,0.199665
355,9.4,325,0.199922
355,9.5,325,0.200179
355,9.6,325,0.200436
355,9.7,325,0.200693
355,9.8,325,0.200951
355,9.9,325,0.201208
355,10,325,0.201465
355,10.1,325,0.201722
355,10.2,325,0.19683
355,10.3,325,0.197294
355,10.4,325,0.197757
355,10.5,325,0.198221
355,10.6,325,0.198684
355,10.7,325,0.199148
355,10.8,325,0.199612
355,10.9,325,0.200075
355,11,325,0.200539
355,11.1,325,0.201002
355,11.2,325,0.201466
355,11.3,325,0.201929
355,11.4,325,0.202393
355,11.5,325,0.202856
355,11.6,325,0.20332
355,11.7,325,0.203783
355,11.8,325,0.204247
355,11.9,325,0.20471
355,12,325,0.205174
355,12.1,325,0.205637
355,12.2,325,0.206101
355,12.3,325,0.206564
355,12.4,325,0.207028
355,12.5,325,0.207491
355,12.6,325,0.207955
355,12.7,325,0.208419
355,12.8,325,0.208882
355,12.9,325,0.209346
355,13,325,0.209809
355,13.1,325,0.210273
355,13.2,325,0.210736
355,13.3,325,0.2112
355,13.4,325,0.211663
355,13.5,325,0.212127
355,13.6,325,0.21259
355,13.7,325,0.213054
355,13.8,325,0.213517
355,13.9,325,0.213981
355,14,325,0.214444
355,14.1,325,0.214908
355,14.2,325,0.215371
355,14.3,325,0.215835
355,14.4,325,0.216298
355,14.5,325,0.216762
355,14.6,325,0.217226
355,14.7,325,0.217689
355,14.8,325,0.218153
355,14.9,325,0.218616
355,15,325,0.21908
355,15.1,325,0.219543
355,15.2,325,0.220007
355,15.3,325,0.220284
355,15.4,325,0.220465
355,15.5,325,0.220645
355,15.6,325,0.220826
355,15.7,325,0.221006
355,15.8,325,0.221187
355,15.9,325,0.221367
355,16,325,0.221547
355,16.1,325,0.221728
355,16.2,325,0.221908
355,16.3,325,0.222089
355,16.4,325,0.222269
355,16.5,325,0.22245
355,16.6,325,0.22263
355,16.7,325,0.22281
355,16.8,325,0.222991
355,16.9,325,0.223171
355,17,325,0.223352
355,17.1,325,0.223532
355,17.2,325,0.223712
355,17.3,325,0.223893
355,17.4,325,0.224073
355,17.5,325,0.224254
355,17.6,325,0.224434
355,17.7,325,0.224615
355,17.8,325,0.224795
355,17.9,325,0.224975
355,18,325,0.225156
355,18.1,325,0.225336
355,18.2,325,0.225517
355,18.3,325,0.225697
355,18.4,325,0.225878
355,18.5,325,0.226058
355,18.6,325,0.226238
355,18.7,325,0.226419
355,18.8,325,0.226599
355,18.9,325,0.22678
355,19,325,0.22696
355,19.1,325,0.227141
355,19.2,325,0.227321
355,19.3,325,0.227501
355,19.4,325,0.227682
355,19.5,325,0.227862
355,19.6,325,0.228043
355,19.7,325,0.228223
355,19.8,325,0.228404
355,19.9,325,0.228584
355,20,325,0.228764
