x,y,z,b
355,0,325,0.08797
355,0.1,325,0.0905395
355,0.2,325,0.093109
355,0.3,325,0.0956784
355,0.4,325,0.0982479
355,0.5,325,0.100817
355,0.6,325,0.103387
355,0.7,325,0.105956
355,0.8,325,0.108526
355,0.9,325,0.111095
355,1,325,0.113665
355,1.1,325,0.116234
355,1.2,325,0.118804
355,1.3,325,0.121076
355,1.4,325,0.12267
355,1.5,325,0.124264
355,1.6,325,0.125858
355,1.7,325,0.127453
355,1.8,325,0.129047
355,1.9,325,0.130641
355,2,325,0.132235
355,2.1,325,0.133829
355,2.2,325,0.135424
355,2.3,325,0.137018
355,2.4,325,0.138612
355,2.5,325,0.140206
355,2.6,325,0.1418
355,2.7,325,0.143395
355,2.8,325,0.144989
355,2.9,325,0.146583
355,3,325,0.148177
355,3.1,325,0.149771
355,3.2,325,0.151366
355,3.3,325,0.15296
355,3.4,325,0.154554
355,3.5,325,0.156148
355,3.6,325,0.157742
355,3.7,325,0.159336
355,3.8,325,0.160931
355,3.9,325,0.161796
355,4,325,0.162592
355,4.1,325,0.163388
355,4.2,325,0.164184
355,4.3,325,0.164981
355,4.4,325,0.165777
355,4.5,325,0.166573
355,4.6,325,0.16737
355,4.7,325,0.168166
355,4.8,325,0.168962
355,4.9,325,0.169759
355,5,325,0.170555
355,5.1,325,0.169237
355,5.2,325,0.170203
355,5.3,325,0.171169
355,5.4,325,0.172135
355,5.5,325,0.1731
355,5.6,325,0.174066
355,5.7,325,0.175032
355,5.8,325,0.175997
355,5.9,325,0.176963
355,6,325,0.177929
355,6.1,325,0.178895
355,6.2,325,0.17986
355,6.3,325,0.180826
355,6.4,325,0.181792
355,6.5,325,0.182758
355,6.6,325,0.183723
355,6.7,325,0.184689
355,6.8,325,0.185655
355,6.9,325,0.18662
355,7,325,0.187586
355,7.1,325,0.188552
355,7.2,325,0.189518
355,7.3,325,0.190483
355,7.4,325,0.191449
355,7.5,325,0.192415
355,7.6,325,0.193381
355,7.7,325,0.193883
355,7.8,325,0.19429
355,7.9,325,0.194697
355,8,325,0.195104
355,8.1,325,0.195511
355,8.2,325,0.195918
355,8.3,325,0.196324
355,8.4,325,0.196731
355,8.5,325,0.197138
355,8.6,325,0.197545
355,8.7,325,0.197952
355,8.8,325,0.198359
355,8.9,325,0.198765
355,9,325,0.199172
355,9.1,325,0.199579
355,9.2,325,0.199986
355,9.3,325,0.200393
355,9.4,325,0.2008
355,9.5,325,0.201206
355,9.6,325,0.201613
355,9.7,325,0.20202
355,9.8,325,0.202427
355,9.9,325,0.202834
355,10,325,0.203241
355,10.1,325,0.203647
355,10.2,325,0.204054
355,10.3,325,0.204461
355,10.4,325,0.204868
355,10.5,325,0.205275
355,10.6,325,0.205681
355,10.7,325,0.206088
355,10.8,325,0.206495
355,10.9,325,0.206902
355,11,325,0.207309
355,11.1,325,0.207716
355,11.2,325,0.208122
355,11.3,325,0.208529
355,11.4,325,0.208936
355,11.5,325,0.209343
355,11.6,325,0.20975
355,11.7,325,0.210157
355,11.8,325,0.210563
355,11.9,325,0.21097
355,12,325,0.211377
355,12.1,325,0.211784
355,12.2,325,0.212191
355,12.3,325,0.212598
355,12.4,325,0.213004
355,12.5,325,0.213411
355,12.6,325,0.213818
355,12.7,325,0.214217
355,12.8,325,0.21446
355,12.9,325,0.214703
355,13,325,0.214946
355,13.1,325,0.215189
355,13.2,325,0.215431
355,13.3,325,0.215674
355,13.4,325,0.215917
355,13.5,325,0.21616
355,13.6,325,0.216403
355,13.7,325,0.216646
355,13.8,325,0.216888
355,13.9,325,0.217131
355,14,325,0.217374
355,14.1,325,0.217617
355,14.2,325,0.21786
355,14.3,325,0.218103
355,14.4,325,0.218346
355,14.5,325,0.218588
355,14.6,325,0.218831
355,14.7,325,0.219074
355,14.8,325,0.219317
355,14.9,325,0.21956
355,15,325,0.219803
355,15.1,325,0.220045
355,15.2,325,0.220288
355,15.3,325,0.220531
355,15.4,325,0.220774
355,15.5,325,0.221017
355,15.6,325,0.22126
355,15.7,325,0.221503
355,15.8,325,0.221745
355,15.9,325,0.221988
355,16,325,0.222231
355,16.1,325,0.222474
355,16.2,325,0.222717
355,16.3,325,0.22296
355,16.4,325,0.223202
355,16.5,325,0.223445
355,16.6,325,0.223688
355,16.7,325,0.223931
355,16.8,325,0.224174
355,16.9,325,0.224417
355,17,325,0.22466
355,17.1,325,0.224902
355,17.2,325,0.225145
355,17.3,325,0.225388
355,17.4,325,0.225631
355,17.5,325,0.225874
355,17.6,325,0.226117
355,17.7,325,0.226359
355,17.8,325,0.226582
355,17.9,325,0.226749
355,18,325,0.226916
355,18.1,325,0.227082
355,18.2,325,0.227249
355,18.3,325,0.227416
355,18.4,325,0.227583
355,18.5,325,0.227749
355,18.6,325,0.227916
355,18.7,325,0.228083
355,18.8,325,0.22825
355,18.9,325,0.228416
355,19,325,0.228583
355,19.1,325,0.22875
355,19.2,325,0.228917
355,19.3,325,0.229084
355,19.4,325,0.22925
355,19.5,325,0.229417
355,19.6,325,0.229584
355,19.7,325,0.229751
355,19.8,325,0.229917
355,19.9,325,0.230084
355,20,325,0.230251
