x,y,z,b
355,0,325,0.0864293
355,0.1,325,0.0890697
355,0.2,325,0.0917101
355,0.3,325,0.0943504
355,0.4,325,0.0969908
355,0.5,325,0.0996312
355,0.6,325,0.102272
355,0.7,325,0.104912
355,0.8,325,0.107552
355,0.9,325,0.110193
355,1,325,0.112833
355,1.1,325,0.115473
355,1.2,325,0.118114
355,1.3,325,0.120449
355,1.4,325,0.122087
355,1.5,325,0.123725
355,1.6,325,0.125363
355,1.7,325,0.127001
355,1.8,325,0.12864
355,1.9,325,0.130278
355,2,325,0.131916
355,2.1,325,0.133554
355,2.2,325,0.135192
355,2.3,325,0.136831
355,2.4,325,0.138469
355,2.5,325,0.140107
355,2.6,325,0.141745
355,2.7,325,0.143383
355,2.8,325,0.145021
355,2.9,325,0.14666
355,3,325,0.148298
355,3.1,325,0.149936
355,3.2,325,0.151574
355,3.3,325,0.153212
355,3.4,325,0.154851
355,3.5,325,0.156489
355,3.6,325,0.158127
355,3.7,325,0.159765
355,3.8,325,0.161403
355,3.9,325,0.162282
355,4,325,0.163089
355,4.1,325,0.163895
355,4.2,325,0.164702
355,4.3,325,0.165509
355,4.4,325,0.166316
355,4.5,325,0.167123
355,4.6,325,0.16793
355,4.7,325,0.168737
355,4.8,325,0.169544
355,4.9,325,0.170351
355,5,325,0.171158
355,5.1,325,0.16973
355,5.2,325,0.170716
355,5.3,325,0.171702
355,5.4,325,0.172688
355,5.5,325,0.173674
355,5.6,325,0.17466
355,5.7,325,0.175646
355,5.8,325,0.176632
355,5.9,325,0.177618
355,6,325,0.178604
355,6.1,325,0.17959
355,6.2,325,0.180576
355,6.3,325,0.181562
355,6.4,325,0.182548
355,6.5,325,0.183534
355,6.6,325,0.18452
355,6.7,325,0.185506
355,6.8,325,0.186492
355,6.9,325,0.187478
355,7,325,0.188464
355,7.1,325,0.18945
355,7.2,325,0.190436
355,7.3,325,0.191422
355,7.4,325,0.192408
355,7.5,325,0.193394
355,7.6,325,0.19438
355,7.7,325,0.194878
355,7.8,325,0.195274
355,7.9,325,0.195669
355,8,325,0.196065
355,8.1,325,0.196461
355,8.2,325,0.196857
355,8.3,325,0.197253
355,8.4,325,0.197649
355,8.5,325,0.198045
355,8.6,325,0.19844
355,8.7,325,0.198836
355,8.8,325,0.199232
355,8.9,325,0.199628
355,9,325,0.200024
355,9.1,325,0.20042
355,9.2,325,0.200816
355,9.3,325,0.201212
355,9.4,325,0.201607
355,9.5,325,0.202003
355,9.6,325,0.202399
355,9.7,325,0.202795
355,9.8,325,0.203191
355,9.9,325,0.203587
355,10,325,0.203983
355,10.1,325,0.204379
355,10.2,325,0.204774
355,10.3,325,0.20517
355,10.4,325,0.205566
355,10.5,325,0.205962
355,10.6,325,0.206358
355,10.7,325,0.206754
355,10.8,325,0.20715
355,10.9,325,0.207545
355,11,325,0.207941
355,11.1,325,0.208337
355,11.2,325,0.208733
355,11.3,325,0.209129
355,11.4,325,0.209525
355,11.5,325,0.209921
355,11.6,325,0.210317
355,11.7,325,0.210712
355,11.8,325,0.211108
355,11.9,325,0.211504
355,12,325,0.2119
355,12.1,325,0.212296
355,12.2,325,0.212692
355,12.3,325,0.213088
355,12.4,325,0.213484
355,12.5,325,0.213879
355,12.6,325,0.214275
355,12.7,325,0.214664
355,12.8,325,0.214908
355,12.9,325,0.215152
355,13,325,0.215396
355,13.1,325,0.21564
355,13.2,325,0.215884
355,13.3,325,0.216127
355,13.4,325,0.216371
355,13.5,325,0.216615
355,13.6,325,0.216859
355,13.7,325,0.217103
355,13.8,325,0.217347
355,13.9,325,0.217591
355,14,325,0.217835
355,14.1,325,0.218079
355,14.2,325,0.218323
355,14.3,325,0.218567
355,14.4,325,0.21881
355,14.5,325,0.219054
355,14.6,325,0.219298
355,14.7,325,0.219542
355,14.8,325,0.219786
355,14.9,325,0.22003
355,15,325,0.220274
355,15.1,325,0.220518
355,15.2,325,0.220762
355,15.3,325,0.221006
355,15.4,325,0.221249
355,15.5,325,0.221493
355,15.6,325,0.221737
355,15.7,325,0.221981
355,15.8,325,0.222225
355,15.9,325,0.222469
355,16,325,0.222713
355,16.1,325,0.222957
355,16.2,325,0.223201
355,16.3,325,0.223445
355,16.4,325,0.223689
355,16.5,325,0.223932
355,16.6,325,0.224176
355,16.7,325,0.22442
355,16.8,325,0.224664
355,16.9,325,0.224908
355,17,325,0.225152
355,17.1,325,0.225396
355,17.2,325,0.22564
355,17.3,325,0.225884
355,17.4,325,0.226128
355,17.5,325,0.226372
355,17.6,325,0.226615
355,17.7,325,0.226859
355,17.8,325,0.227082
355,17.9,325,0.227246
355,18,325,0.22741
355,18.1,325,0.227574
355,18.2,325,0.227738
355,18.3,325,0.227902
355,18.4,325,0.228066
355,18.5,325,0.22823
355,18.6,325,0.228394
355,18.7,325,0.228558
355,18.8,325,0.228722
355,18.9,325,0.228885
355,19,325,0.229049
355,19.1,325,0.229213
355,19.2,325,0.229377
355,19.3,325,0.229541
355,19.4,325,0.229705
355,19.5,325,0.229869
355,19.6,325,0.230033
355,19.7,325,0.230197
355,19.8,325,0.230361
355,19.9,325,0.230525
355,20,325,0.230689
