x,y,z,b
355,0,325,0.0973065
355,0.1,325,0.099884
355,0.2,325,0.102461
355,0.3,325,0.105039
355,0.4,325,0.107616
355,0.5,325,0.110194
355,0.6,325,0.112771
355,0.7,325,0.115349
355,0.8,325,0.117926
355,0.9,325,0.120504
355,1,325,0.123081
355,1.1,325,0.125659
355,1.2,325,0.128236
355,1.3,325,0.130516
355,1.4,325,0.132115
355,1.5,325,0.133714
355,1.6,325,0.135313
355,1.7,325,0.136913
355,1.8,325,0.138512
355,1.9,325,0.140111
355,2,325,0.14171
355,2.1,325,0.143309
355,2.2,325,0.144908
355,2.3,325,0.146508
355,2.4,325,0.148107
355,2.5,325,0.149706
355,2.6,325,0.151305
355,2.7,325,0.152904
355,2.8,325,0.154503
355,2.9,325,0.156103
355,3,325,0.157702
355,3.1,325,0.159301
355,3.2,325,0.1609
355,3.3,325,0.162499
355,3.4,325,0.164099
355,3.5,325,0.165698
355,3.6,325,0.167297
355,3.7,325,0.168896
355,3.8,325,0.170495
355,3.9,325,0.171118
355,4,325,0.171649
355,4.1,325,0.17218
355,4.2,325,0.17271
355,4.3,325,0.173241
355,4.4,325,0.173772
355,4.5,325,0.174303
355,4.6,325,0.174834
355,4.7,325,0.175364
355,4.8,325,0.175895
355,4.9,325,0.176426
355,5,325,0.176957
355,5.1,325,0.173047
355,5.2,325,0.173933
355,5.3,325,0.17482
355,5.4,325,0.175707
355,5.5,325,0.176594
355,5.6,325,0.17748
355,5.7,325,0.178367
355,5.8,325,0.179254
355,5.9,325,0.180141
355,6,325,0.181028
355,6.1,325,0.181914
355,6.2,325,0.182801
355,6.3,325,0.183688
355,6.4,325,0.184575
355,6.5,325,0.185462
355,6.6,325,0.186348
355,6.7,325,0.187235
355,6.8,325,0.188122
355,6.9,325,0.189009
355,7,325,0.189895
355,7.1,325,0.190782
355,7.2,325,0.191669
355,7.3,325,0.192556
355,7.4,325,0.193443
355,7.5,325,0.194329
355,7.6,325,0.195216
355,7.7,325,0.19558
355,7.8,325,0.195836
355,7.9,325,0.196091
355,8,325,0.196347
355,8.1,325,0.196602
355,8.2,325,0.196857
355,8.3,325,0.197113
355,8.4,325,0.197368
355,8.5,325,0.197624
355,8.6,325,0.197879
355,8.7,325,0.198135
355,8.8,325,0.19839
355,8.9,325,0.198646
355,9,325,0.198901
355,9.1,325,0.199157
355,9.2,325,0.199412
355,9.3,325,0.199668
355,9.4,325,0.199923
355,9.5,325,0.200179
355,9.6,325,0.200434
355,9.7,325,0.20069
355,9.8,325,0.200945
355,9.9,325,0.201201
355,10,325,0.201456
355,10.1,325,0.201712
355,10.2,325,0.196718
355,10.3,325,0.197184
355,10.4,325,0.19765
355,10.5,325,0.198115
355,10.6,325,0.198581
355,10.7,325,0.199047
355,10.8,325,0.199513
355,10.9,325,0.199979
355,11,325,0.200445
355,11.1,325,0.20091
355,11.2,325,0.201376
355,11.3,325,0.201842
355,11.4,325,0.202308
355,11.5,325,0.202774
355,11.6,325,0.20324
355,11.7,325,0.203706
355,11.8,325,0.204171
355,11.9,325,0.204637
355,12,325,0.205103
355,12.1,325,0.205569
355,12.2,325,0.206035
355,12.3,325,0.206501
355,12.4,325,0.206967
355,12.5,325,0.207432
355,12.6,325,0.207898
355,12.7,325,0.208364
355,12.8,325,0.20883
355,12.9,325,0.209296
355,13,325,0.209762
355,13.1,325,0.210227
355,13.2,325,0.210693
355,13.3,325,0.211159
355,13.4,325,0.211625
355,13.5,325,0.212091
355,13.6,325,0.212557
355,13.7,325,0.213023
355,13.8,325,0.213488
355,13.9,325,0.213954
355,14,325,0.21442
355,14.1,325,0.214886
355,14.2,325,0.215352
355,14.3,325,0.215818
355,14.4,325,0.216283
355,14.5,325,0.216749
355,14.6,325,0.217215
355,14.7,325,0.217681
355,14.8,325,0.218147
355,14.9,325,0.218613
355,15,325,0.219079
355,15.1,325,0.219544
355,15.2,325,0.22001
355,15.3,325,0.220288
355,15.4,325,0.220468
355,15.5,325,0.220647
355,15.6,325,0.220827
355,15.7,325,0.221007
355,15.8,325,0.221186
355,15.9,325,0.221366
355,16,325,0.221546
355,16.1,325,0.221725
355,16.2,325,0.221905
355,16.3,325,0.222084
355,16.4,325,0.222264
355,16.5,325,0.222444
355,16.6,325,0.222623
355,16.7,325,0.222803
355,16.8,325,0.222982
355,16.9,325,0.223162
355,17,325,0.223342
355,17.1,325,0.223521
355,17.2,325,0.223701
355,17.3,325,0.223881
355,17.4,325,0.22406
355,17.5,325,0.22424
355,17.6,325,0.224419
355,17.7,325,0.224599
355,17.8,325,0.224779
355,17.9,325,0.224958
355,18,325,0.225138
355,18.1,325,0.225317
355,18.2,325,0.225497
355,18.3,325,0.225677
355,18.4,325,0.225856
355,18.5,325,0.226036
355,18.6,325,0.226215
355,18.7,325,0.226395
355,18.8,325,0.226575
355,18.9,325,0.226754
355,19,325,0.226934
355,19.1,325,0.227114
355,19.2,325,0.227293
355,19.3,325,0.227473
355,19.4,325,0.227652
355,19.5,325,0.227832
355,19.6,325,0.228012
355,19.7,325,0.228191
355,19.8,325,0.228371
355,19.9,325,0.22855
355,20,325,0.22873
