x,y,z,b
355,0,325,0.0863458
355,0.1,325,0.0889953
355,0.2,325,0.0916448
355,0.3,325,0.0942943
355,0.4,325,0.0969438
355,0.5,325,0.0995933
355,0.6,325,0.102243
355,0.7,325,0.104892
355,0.8,325,0.107542
355,0.9,325,0.110191
355,1,325,0.112841
355,1.1,325,0.11549
355,1.2,325,0.11814
355,1.3,325,0.120483
355,1.4,325,0.122127
355,1.5,325,0.123771
355,1.6,325,0.125414
355,1.7,325,0.127058
355,1.8,325,0.128702
355,1.9,325,0.130346
355,2,325,0.13199
355,2.1,325,0.133634
355,2.2,325,0.135277
355,2.3,325,0.136921
355,2.4,325,0.138565
355,2.5,325,0.140209
355,2.6,325,0.141853
355,2.7,325,0.143497
355,2.8,325,0.145141
355,2.9,325,0.146784
355,3,325,0.148428
355,3.1,325,0.150072
355,3.2,325,0.151716
355,3.3,325,0.15336
355,3.4,325,0.155004
355,3.5,325,0.156647
355,3.6,325,0.158291
355,3.7,325,0.159935
355,3.8,325,0.161579
355,3.9,325,0.162457
355,4,325,0.163264
355,4.1,325,0.16407
355,4.2,325,0.164876
355,4.3,325,0.165682
355,4.4,325,0.166489
355,4.5,325,0.167295
355,4.6,325,0.168101
355,4.7,325,0.168908
355,4.8,325,0.169714
355,4.9,325,0.17052
355,5,325,0.171326
355,5.1,325,0.169868
355,5.2,325,0.170856
355,5.3,325,0.171844
355,5.4,325,0.172832
355,5.5,325,0.173819
355,5.6,325,0.174807
355,5.7,325,0.175795
355,5.8,325,0.176783
355,5.9,325,0.17777
355,6,325,0.178758
355,6.1,325,0.179746
355,6.2,325,0.180734
355,6.3,325,0.181721
355,6.4,325,0.182709
355,6.5,325,0.183697
355,6.6,325,0.184685
355,6.7,325,0.185672
355,6.8,325,0.18666
355,6.9,325,0.187648
355,7,325,0.188636
355,7.1,325,0.189623
355,7.2,325,0.190611
355,7.3,325,0.191599
355,7.4,325,0.192587
355,7.5,325,0.193574
355,7.6,325,0.194562
355,7.7,325,0.195058
355,7.8,325,0.195452
355,7.9,325,0.195845
355,8,325,0.196239
355,8.1,325,0.196633
355,8.2,325,0.197026
355,8.3,325,0.19742
355,8.4,325,0.197814
355,8.5,325,0.198208
355,8.6,325,0.198601
355,8.7,325,0.198995
355,8.8,325,0.199389
355,8.9,325,0.199782
355,9,325,0.200176
355,9.1,325,0.20057
355,9.2,325,0.200963
355,9.3,325,0.201357
355,9.4,325,0.201751
355,9.5,325,0.202144
355,9.6,325,0.202538
355,9.7,325,0.202932
355,9.8,325,0.203325
355,9.9,325,0.203719
355,10,325,0.204113
355,10.1,325,0.204506
355,10.2,325,0.2049
355,10.3,325,0.205294
355,10.4,325,0.205687
355,10.5,325,0.206081
355,10.6,325,0.206475
355,10.7,325,0.206869
355,10.8,325,0.207262
355,10.9,325,0.207656
355,11,325,0.20805
355,11.1,325,0.208443
355,11.2,325,0.208837
355,11.3,325,0.209231
355,11.4,325,0.209624
355,11.5,325,0.210018
355,11.6,325,0.210412
355,11.7,325,0.210805
355,11.8,325,0.211199
355,11.9,325,0.211593
355,12,325,0.211986
355,12.1,325,0.21238
355,12.2,325,0.212774
355,12.3,325,0.213167
355,12.4,325,0.213561
355,12.5,325,0.213955
355,12.6,325,0.214349
355,12.7,325,0.214735
355,12.8,325,0.214979
355,12.9,325,0.215223
355,13,325,0.215467
355,13.1,325,0.215711
355,13.2,325,0.215954
355,13.3,325,0.216198
355,13.4,325,0.216442
355,13.5,325,0.216686
355,13.6,325,0.21693
355,13.7,325,0.217174
355,13.8,325,0.217418
355,13.9,325,0.217661
355,14,325,0.217905
355,14.1,325,0.218149
355,14.2,325,0.218393
355,14.3,325,0.218637
355,14.4,325,0.218881
355,14.5,325,0.219125
355,14.6,325,0.219368
355,14.7,325,0.219612
355,14.8,325,0.219856
355,14.9,325,0.2201
355,15,325,0.220344
355,15.1,325,0.220588
355,15.2,325,0.220832
355,15.3,325,0.221075
355,15.4,325,0.221319
355,15.5,325,0.221563
355,15.6,325,0.221807
355,15.7,325,0.222051
355,15.8,325,0.222295
355,15.9,325,0.222538
355,16,325,0.222782
355,16.1,325,0.223026
355,16.2,325,0.22327
355,16.3,325,0.223514
355,16.4,325,0.223758
355,16.5,325,0.224002
355,16.6,325,0.224245
355,16.7,325,0.224489
355,16.8,325,0.224733
355,16.9,325,0.224977
355,17,325,0.225221
355,17.1,325,0.225465
355,17.2,325,0.225709
355,17.3,325,0.225952
355,17.4,325,0.226196
355,17.5,325,0.22644
355,17.6,325,0.226684
355,17.7,325,0.226928
355,17.8,325,0.22715
355,17.9,325,0.227314
355,18,325,0.227477
355,18.1,325,0.227641
355,18.2,325,0.227804
355,18.3,325,0.227967
355,18.4,325,0.228131
355,18.5,325,0.228294
355,18.6,325,0.228458
355,18.7,325,0.228621
355,18.8,325,0.228785
355,18.9,325,0.228948
355,19,325,0.229111
355,19.1,325,0.229275
355,19.2,325,0.229438
355,19.3,325,0.229602
355,19.4,325,0.229765
355,19.5,325,0.229928
355,19.6,325,0.230092
355,19.7,325,0.230255
355,19.8,325,0.230419
355,19.9,325,0.230582
355,20,325,0.230745
