x,y,z,b
355,0,325,0.100455
355,0.1,325,0.102628
355,0.2,325,0.104801
355,0.3,325,0.106974
355,0.4,325,0.109147
355,0.5,325,0.111319
355,0.6,325,0.113492
355,0.7,325,0.115665
355,0.8,325,0.117838
355,0.9,325,0.120011
355,1,325,0.122184
355,1.1,325,0.124357
355,1.2,325,0.12653
355,1.3,325,0.128451
355,1.4,325,0.1298
355,1.5,325,0.131148
355,1.6,325,0.132496
355,1.7,325,0.133844
355,1.8,325,0.135192
355,1.9,325,0.13654
355,2,325,0.137889
355,2.1,325,0.139237
355,2.2,325,0.140585
355,2.3,325,0.141933
355,2.4,325,0.143281
355,2.5,325,0.144629
355,2.6,325,0.145978
355,2.7,325,0.147326
355,2.8,325,0.148674
355,2.9,325,0.150022
355,3,325,0.15137
355,3.1,325,0.152718
355,3.2,325,0.154067
355,3.3,325,0.155415
355,3.4,325,0.156763
355,3.5,325,0.158111
355,3.6,325,0.159459
355,3.7,325,0.160807
355,3.8,325,0.162155
355,3.9,325,0.162829
355,4,325,0.16344
355,4.1,325,0.16405
355,4.2,325,0.164661
355,4.3,325,0.165271
355,4.4,325,0.165882
355,4.5,325,0.166492
355,4.6,325,0.167103
355,4.7,325,0.167713
355,4.8,325,0.168324
355,4.9,325,0.168934
355,5,325,0.169545
355,5.1,325,0.170155
355,5.2,325,0.170766
355,5.3,325,0.171376
355,5.4,325,0.171987
355,5.5,325,0.172597
355,5.6,325,0.173208
355,5.7,325,0.173818
355,5.8,325,0.174429
355,5.9,325,0.175039
355,6,325,0.17565
355,6.1,325,0.17626
355,6.2,325,0.176871
355,6.3,325,0.177481
355,6.4,325,0.178081
355,6.5,325,0.178669
355,6.6,325,0.179258
355,6.7,325,0.179847
355,6.8,325,0.180436
355,6.9,325,0.181025
355,7,325,0.181614
355,7.1,325,0.182202
355,7.2,325,0.182791
355,7.3,325,0.18338
355,7.4,325,0.183969
355,7.5,325,0.184558
355,7.6,325,0.185147
355,7.7,325,0.185735
355,7.8,325,0.186324
355,7.9,325,0.186913
355,8,325,0.187502
355,8.1,325,0.188091
355,8.2,325,0.188679
355,8.3,325,0.189268
355,8.4,325,0.189857
355,8.5,325,0.190446
355,8.6,325,0.191035
355,8.7,325,0.191624
355,8.8,325,0.192212
355,8.9,325,0.192782
355,9,325,0.193228
355,9.1,325,0.193675
355,9.2,325,0.194121
355,9.3,325,0.194567
355,9.4,325,0.195013
355,9.5,325,0.195459
355,9.6,325,0.195905
355,9.7,325,0.196351
355,9.8,325,0.196798
355,9.9,325,0.197244
355,10,325,0.19769
355,10.1,325,0.198136
355,10.2,325,0.198529
355,10.3,325,0.198969
355,10.4,325,0.19941
355,10.5,325,0.199851
355,10.6,325,0.200291
355,10.7,325,0.200732
355,10.8,325,0.201173
355,10.9,325,0.201614
355,11,325,0.202054
355,11.1,325,0.202495
355,11.2,325,0.202936
355,11.3,325,0.203376
355,11.4,325,0.203817
355,11.5,325,0.204258
355,11.6,325,0.204699
355,11.7,325,0.205139
355,11.8,325,0.20558
355,11.9,325,0.206021
355,12,325,0.206461
355,12.1,325,0.206902
355,12.2,325,0.207343
355,12.3,325,0.207784
355,12.4,325,0.208224
355,12.5,325,0.208665
355,12.6,325,0.209106
355,12.7,325,0.209539
355,12.8,325,0.209832
355,12.9,325,0.210124
355,13,325,0.210416
355,13.1,325,0.210708
355,13.2,325,0.211
355,13.3,325,0.211292
355,13.4,325,0.211584
355,13.5,325,0.211877
355,13.6,325,0.212169
355,13.7,325,0.212461
355,13.8,325,0.212753
355,13.9,325,0.213045
355,14,325,0.213337
355,14.1,325,0.213629
355,14.2,325,0.213921
355,14.3,325,0.214214
355,14.4,325,0.214506
355,14.5,325,0.214798
355,14.6,325,0.21509
355,14.7,325,0.215382
355,14.8,325,0.215674
355,14.9,325,0.215966
355,15,325,0.216258
355,15.1,325,0.216551
355,15.2,325,0.216843
355,15.3,325,0.217135
355,15.4,325,0.217427
355,15.5,325,0.217719
355,15.6,325,0.218011
355,15.7,325,0.218303
355,15.8,325,0.218596
355,15.9,325,0.218888
355,16,325,0.21918
355,16.1,325,0.219472
355,16.2,325,0.219764
355,16.3,325,0.220056
355,16.4,325,0.220348
355,16.5,325,0.22064
355,16.6,325,0.220933
355,16.7,325,0.221225
355,16.8,325,0.221517
355,16.9,325,0.221809
355,17,325,0.222101
355,17.1,325,0.222393
355,17.2,325,0.222685
355,17.3,325,0.222977
355,17.4,325,0.22327
355,17.5,325,0.223562
355,17.6,325,0.223854
355,17.7,325,0.224146
355,17.8,325,0.224404
355,17.9,325,0.224566
355,18,325,0.224729
355,18.1,325,0.224891
355,18.2,325,0.225053
355,18.3,325,0.225216
355,18.4,325,0.225378
355,18.5,325,0.225541
355,18.6,325,0.225703
355,18.7,325,0.225865
355,18.8,325,0.226028
355,18.9,325,0.22619
355,19,325,0.226353
355,19.1,325,0.226515
355,19.2,325,0.226677
355,19.3,325,0.22684
355,19.4,325,0.227002
355,19.5,325,0.227165
355,19.6,325,0.227327
355,19.7,325,0.22749
355,19.8,325,0.227652
355,19.9,325,0.227814
355,20,325,0.227977
