x,y,z,b
355,0,325,0.0990883
355,0.1,325,0.101602
355,0.2,325,0.104115
355,0.3,325,0.106628
355,0.4,325,0.109141
355,0.5,325,0.111654
355,0.6,325,0.114168
355,0.7,325,0.116681
355,0.8,325,0.119194
355,0.9,325,0.121707
355,1,325,0.124221
355,1.1,325,0.126734
355,1.2,325,0.129247
355,1.3,325,0.13147
355,1.4,325,0.133029
355,1.5,325,0.134588
355,1.6,325,0.136147
355,1.7,325,0.137707
355,1.8,325,0.139266
355,1.9,325,0.140825
355,2,325,0.142385
355,2.1,325,0.143944
355,2.2,325,0.145503
355,2.3,325,0.147062
355,2.4,325,0.148622
355,2.5,325,0.150181
355,2.6,325,0.15174
355,2.7,325,0.1533
355,2.8,325,0.154859
355,2.9,325,0.156418
355,3,325,0.157978
355,3.1,325,0.159537
355,3.2,325,0.161096
355,3.3,325,0.162655
355,3.4,325,0.164215
355,3.5,325,0.165774
355,3.6,325,0.167333
355,3.7,325,0.168893
355,3.8,325,0.170452
355,3.9,325,0.171076
355,4,325,0.171612
355,4.1,325,0.172148
355,4.2,325,0.172685
355,4.3,325,0.173221
355,4.4,325,0.173757
355,4.5,325,0.174293
355,4.6,325,0.174829
355,4.7,325,0.175366
355,4.8,325,0.175902
355,4.9,325,0.176438
355,5,325,0.176974
355,5.1,325,0.173255
355,5.2,325,0.174133
355,5.3,325,0.17501
355,5.4,325,0.175887
355,5.5,325,0.176764
355,5.6,325,0.177641
355,5.7,325,0.178519
355,5.8,325,0.179396
355,5.9,325,0.180273
355,6,325,0.18115
355,6.1,325,0.182028
355,6.2,325,0.182905
355,6.3,325,0.183782
355,6.4,325,0.184659
355,6.5,325,0.185536
355,6.6,325,0.186414
355,6.7,325,0.187291
355,6.8,325,0.188168
355,6.9,325,0.189045
355,7,325,0.189923
355,7.1,325,0.1908
355,7.2,325,0.191677
355,7.3,325,0.192554
355,7.4,325,0.193432
355,7.5,325,0.194309
355,7.6,325,0.195186
355,7.7,325,0.19555
355,7.8,325,0.195807
355,7.9,325,0.196064
355,8,325,0.196321
355,8.1,325,0.196578
355,8.2,325,0.196835
355,8.3,325,0.197092
355,8.4,325,0.197349
355,8.5,325,0.197606
355,8.6,325,0.197863
355,8.7,325,0.19812
355,8.8,325,0.198377
355,8.9,325,0.198634
355,9,325,0.198891
355,9.1,325,0.199148
355,9.2,325,0.199405
355,9.3,325,0.199663
355,9.4,325,0.19992
355,9.5,325,0.200177
355,9.6,325,0.200434
355,9.7,325,0.200691
355,9.8,325,0.200948
355,9.9,325,0.201205
355,10,325,0.201462
355,10.1,325,0.201719
355,10.2,325,0.196818
355,10.3,325,0.197281
355,10.4,325,0.197745
355,10.5,325,0.198209
355,10.6,325,0.198673
355,10.7,325,0.199137
355,10.8,325,0.1996
355,10.9,325,0.200064
355,11,325,0.200528
355,11.1,325,0.200992
355,11.2,325,0.201455
355,11.3,325,0.201919
355,11.4,325,0.202383
355,11.5,325,0.202847
355,11.6,325,0.203311
355,11.7,325,0.203774
355,11.8,325,0.204238
355,11.9,325,0.204702
355,12,325,0.205166
355,12.1,325,0.205629
355,12.2,325,0.206093
355,12.3,325,0.206557
355,12.4,325,0.207021
355,12.5,325,0.207485
355,12.6,325,0.207948
355,12.7,325,0.208412
355,12.8,325,0.208876
355,12.9,325,0.20934
355,13,325,0.209803
355,13.1,325,0.210267
355,13.2,325,0.210731
355,13.3,325,0.211195
355,13.4,325,0.211659
355,13.5,325,0.212122
355,13.6,325,0.212586
355,13.7,325,0.21305
355,13.8,325,0.213514
355,13.9,325,0.213977
355,14,325,0.214441
355,14.1,325,0.214905
355,14.2,325,0.215369
355,14.3,325,0.215833
355,14.4,325,0.216296
355,14.5,325,0.21676
355,14.6,325,0.217224
355,14.7,325,0.217688
355,14.8,325,0.218152
355,14.9,325,0.218615
355,15,325,0.219079
355,15.1,325,0.219543
355,15.2,325,0.220007
355,15.3,325,0.220284
355,15.4,325,0.220465
355,15.5,325,0.220645
355,15.6,325,0.220826
355,15.7,325,0.221006
355,15.8,325,0.221187
355,15.9,325,0.221367
355,16,325,0.221547
355,16.1,325,0.221728
355,16.2,325,0.221908
355,16.3,325,0.222089
355,16.4,325,0.222269
355,16.5,325,0.22245
355,16.6,325,0.22263
355,16.7,325,0.22281
355,16.8,325,0.222991
355,16.9,325,0.223171
355,17,325,0.223352
355,17.1,325,0.223532
355,17.2,325,0.223713
355,17.3,325,0.223893
355,17.4,325,0.224073
355,17.5,325,0.224254
355,17.6,325,0.224434
355,17.7,325,0.224615
355,17.8,325,0.224795
355,17.9,325,0.224976
355,18,325,0.225156
355,18.1,325,0.225336
355,18.2,325,0.225517
355,18.3,325,0.225697
355,18.4,325,0.225878
355,18.5,325,0.226058
355,18.6,325,0.226238
355,18.7,325,0.226419
355,18.8,325,0.226599
355,18.9,325,0.22678
355,19,325,0.22696
355,19.1,325,0.227141
355,19.2,325,0.227321
355,19.3,325,0.227501
355,19.4,325,0.227682
355,19.5,325,0.227862
355,19.6,325,0.228043
355,19.7,325,0.228223
355,19.8,325,0.228404
355,19.9,325,0.228584
355,20,325,0.228764
