x,y,z,b
355,0,325,0.0908965
355,0.1,325,0.093334
355,0.2,325,0.0957715
355,0.3,325,0.0982089
355,0.4,325,0.100646
355,0.5,325,0.103084
355,0.6,325,0.105521
355,0.7,325,0.107959
355,0.8,325,0.110396
355,0.9,325,0.112834
355,1,325,0.115271
355,1.1,325,0.117709
355,1.2,325,0.120146
355,1.3,325,0.122302
355,1.4,325,0.123814
355,1.5,325,0.125326
355,1.6,325,0.126839
355,1.7,325,0.128351
355,1.8,325,0.129863
355,1.9,325,0.131376
355,2,325,0.132888
355,2.1,325,0.1344
355,2.2,325,0.135912
355,2.3,325,0.137425
355,2.4,325,0.138937
355,2.5,325,0.140449
355,2.6,325,0.141962
355,2.7,325,0.143474
355,2.8,325,0.144986
355,2.9,325,0.146499
355,3,325,0.148011
355,3.1,325,0.149523
355,3.2,325,0.151035
355,3.3,325,0.152548
355,3.4,325,0.15406
355,3.5,325,0.155572
355,3.6,325,0.157085
355,3.7,325,0.158597
355,3.8,325,0.160109
355,3.9,325,0.160919
355,4,325,0.161663
355,4.1,325,0.162407
355,4.2,325,0.16315
355,4.3,325,0.163894
355,4.4,325,0.164638
355,4.5,325,0.165382
355,4.6,325,0.166125
355,4.7,325,0.166869
355,4.8,325,0.167613
355,4.9,325,0.168357
355,5,325,0.1691
355,5.1,325,0.167985
355,5.2,325,0.168854
355,5.3,325,0.169722
355,5.4,325,0.170591
355,5.5,325,0.171459
355,5.6,325,0.172328
355,5.7,325,0.173196
355,5.8,325,0.174065
355,5.9,325,0.174933
355,6,325,0.175802
355,6.1,325,0.17667
355,6.2,325,0.177539
355,6.3,325,0.178407
355,6.4,325,0.179275
355,6.5,325,0.180144
355,6.6,325,0.181012
355,6.7,325,0.181881
355,6.8,325,0.182749
355,6.9,325,0.183618
355,7,325,0.184486
355,7.1,325,0.185355
355,7.2,325,0.186223
355,7.3,325,0.187092
355,7.4,325,0.18796
355,7.5,325,0.188829
355,7.6,325,0.189697
355,7.7,325,0.190211
355,7.8,325,0.190651
355,7.9,325,0.191091
355,8,325,0.191531
355,8.1,325,0.191971
355,8.2,325,0.192411
355,8.3,325,0.192851
355,8.4,325,0.193291
355,8.5,325,0.193731
355,8.6,325,0.194171
355,8.7,325,0.194611
355,8.8,325,0.195051
355,8.9,325,0.195491
355,9,325,0.195931
355,9.1,325,0.196371
355,9.2,325,0.196811
355,9.3,325,0.197251
355,9.4,325,0.197691
355,9.5,325,0.198131
355,9.6,325,0.198571
355,9.7,325,0.199011
355,9.8,325,0.199451
355,9.9,325,0.199891
355,10,325,0.200331
355,10.1,325,0.200771
355,10.2,325,0.201211
355,10.3,325,0.201651
355,10.4,325,0.202091
355,10.5,325,0.202532
355,10.6,325,0.202972
355,10.7,325,0.203412
355,10.8,325,0.203852
355,10.9,325,0.204292
355,11,325,0.204732
355,11.1,325,0.205172
355,11.2,325,0.205612
355,11.3,325,0.206052
355,11.4,325,0.206492
355,11.5,325,0.206932
355,11.6,325,0.207372
355,11.7,325,0.207812
355,11.8,325,0.208252
355,11.9,325,0.208692
355,12,325,0.209132
355,12.1,325,0.209572
355,12.2,325,0.210012
355,12.3,325,0.210452
355,12.4,325,0.210892
355,12.5,325,0.211332
355,12.6,325,0.211772
355,12.7,325,0.212204
355,12.8,325,0.21246
355,12.9,325,0.212716
355,13,325,0.212973
355,13.1,325,0.213229
355,13.2,325,0.213486
355,13.3,325,0.213742
355,13.4,325,0.213998
355,13.5,325,0.214255
355,13.6,325,0.214511
355,13.7,325,0.214768
355,13.8,325,0.215024
355,13.9,325,0.21528
355,14,325,0.215537
355,14.1,325,0.215793
355,14.2,325,0.21605
355,14.3,325,0.216306
355,14.4,325,0.216563
355,14.5,325,0.216819
355,14.6,325,0.217075
355,14.7,325,0.217332
355,14.8,325,0.217588
355,14.9,325,0.217845
355,15,325,0.218101
355,15.1,325,0.218357
355,15.2,325,0.218614
355,15.3,325,0.21887
355,15.4,325,0.219127
355,15.5,325,0.219383
355,15.6,325,0.219639
355,15.7,325,0.219896
355,15.8,325,0.220152
355,15.9,325,0.220409
355,16,325,0.220665
355,16.1,325,0.220922
355,16.2,325,0.221178
355,16.3,325,0.221434
355,16.4,325,0.221691
355,16.5,325,0.221947
355,16.6,325,0.222204
355,16.7,325,0.22246
355,16.8,325,0.222716
355,16.9,325,0.222973
355,17,325,0.223229
355,17.1,325,0.223486
355,17.2,325,0.223742
355,17.3,325,0.223998
355,17.4,325,0.224255
355,17.5,325,0.224511
355,17.6,325,0.224768
355,17.7,325,0.225024
355,17.8,325,0.225256
355,17.9,325,0.225422
355,18,325,0.225588
355,18.1,325,0.225753
355,18.2,325,0.225919
355,18.3,325,0.226085
355,18.4,325,0.22625
355,18.5,325,0.226416
355,18.6,325,0.226581
355,18.7,325,0.226747
355,18.8,325,0.226913
355,18.9,325,0.227078
355,19,325,0.227244
355,19.1,325,0.22741
355,19.2,325,0.227575
355,19.3,325,0.227741
355,19.4,325,0.227906
355,19.5,325,0.228072
355,19.6,325,0.228238
355,19.7,325,0.228403
355,19.8,325,0.228569
355,19.9,325,0.228735
355,20,325,0.2289
