x,y,z,b
355,0,325,0.0899937
355,0.1,325,0.0925108
355,0.2,325,0.095028
355,0.3,325,0.0975452
355,0.4,325,0.100062
355,0.5,325,0.102579
355,0.6,325,0.105097
355,0.7,325,0.107614
355,0.8,325,0.110131
355,0.9,325,0.112648
355,1,325,0.115165
355,1.1,325,0.117682
355,1.2,325,0.1202
355,1.3,325,0.122426
355,1.4,325,0.123987
355,1.5,325,0.125549
355,1.6,325,0.127111
355,1.7,325,0.128673
355,1.8,325,0.130234
355,1.9,325,0.131796
355,2,325,0.133358
355,2.1,325,0.13492
355,2.2,325,0.136481
355,2.3,325,0.138043
355,2.4,325,0.139605
355,2.5,325,0.141167
355,2.6,325,0.142728
355,2.7,325,0.14429
355,2.8,325,0.145852
355,2.9,325,0.147414
355,3,325,0.148975
355,3.1,325,0.150537
355,3.2,325,0.152099
355,3.3,325,0.15366
355,3.4,325,0.155222
355,3.5,325,0.156784
355,3.6,325,0.158346
355,3.7,325,0.159907
355,3.8,325,0.161469
355,3.9,325,0.162268
355,4,325,0.162995
355,4.1,325,0.163722
355,4.2,325,0.164449
355,4.3,325,0.165176
355,4.4,325,0.165903
355,4.5,325,0.16663
355,4.6,325,0.167357
355,4.7,325,0.168084
355,4.8,325,0.168811
355,4.9,325,0.169538
355,5,325,0.170265
355,5.1,325,0.168645
355,5.2,325,0.16956
355,5.3,325,0.170476
355,5.4,325,0.171391
355,5.5,325,0.172306
355,5.6,325,0.173221
355,5.7,325,0.174136
355,5.8,325,0.175051
355,5.9,325,0.175966
355,6,325,0.176881
355,6.1,325,0.177797
355,6.2,325,0.178712
355,6.3,325,0.179627
355,6.4,325,0.180542
355,6.5,325,0.181457
355,6.6,325,0.182372
355,6.7,325,0.183287
355,6.8,325,0.184203
355,6.9,325,0.185118
355,7,325,0.186033
355,7.1,325,0.186948
355,7.2,325,0.187863
355,7.3,325,0.188778
355,7.4,325,0.189693
355,7.5,325,0.190608
355,7.6,325,0.191524
355,7.7,325,0.19203
355,7.8,325,0.192452
355,7.9,325,0.192873
355,8,325,0.193295
355,8.1,325,0.193716
355,8.2,325,0.194138
355,8.3,325,0.19456
355,8.4,325,0.194981
355,8.5,325,0.195403
355,8.6,325,0.195825
355,8.7,325,0.196246
355,8.8,325,0.196668
355,8.9,325,0.197089
355,9,325,0.197511
355,9.1,325,0.197933
355,9.2,325,0.198354
355,9.3,325,0.198776
355,9.4,325,0.199198
355,9.5,325,0.199619
355,9.6,325,0.200041
355,9.7,325,0.200462
355,9.8,325,0.200884
355,9.9,325,0.201306
355,10,325,0.201727
355,10.1,325,0.202149
355,10.2,325,0.202571
355,10.3,325,0.202992
355,10.4,325,0.203414
355,10.5,325,0.203835
355,10.6,325,0.204257
355,10.7,325,0.204679
355,10.8,325,0.2051
355,10.9,325,0.205522
355,11,325,0.205944
355,11.1,325,0.206365
355,11.2,325,0.206787
355,11.3,325,0.207208
355,11.4,325,0.20763
355,11.5,325,0.208052
355,11.6,325,0.208473
355,11.7,325,0.208895
355,11.8,325,0.209317
355,11.9,325,0.209738
355,12,325,0.21016
355,12.1,325,0.210581
355,12.2,325,0.211003
355,12.3,325,0.211425
355,12.4,325,0.211846
355,12.5,325,0.212268
355,12.6,325,0.21269
355,12.7,325,0.213103
355,12.8,325,0.213351
355,12.9,325,0.213599
355,13,325,0.213846
355,13.1,325,0.214094
355,13.2,325,0.214342
355,13.3,325,0.21459
355,13.4,325,0.214838
355,13.5,325,0.215086
355,13.6,325,0.215333
355,13.7,325,0.215581
355,13.8,325,0.215829
355,13.9,325,0.216077
355,14,325,0.216325
355,14.1,325,0.216573
355,14.2,325,0.21682
355,14.3,325,0.217068
355,14.4,325,0.217316
355,14.5,325,0.217564
355,14.6,325,0.217812
355,14.7,325,0.21806
355,14.8,325,0.218307
355,14.9,325,0.218555
355,15,325,0.218803
355,15.1,325,0.219051
355,15.2,325,0.219299
355,15.3,325,0.219546
355,15.4,325,0.219794
355,15.5,325,0.220042
355,15.6,325,0.22029
355,15.7,325,0.220538
355,15.8,325,0.220786
355,15.9,325,0.221033
355,16,325,0.221281
355,16.1,325,0.221529
355,16.2,325,0.221777
355,16.3,325,0.222025
355,16.4,325,0.222273
355,16.5,325,0.22252
355,16.6,325,0.222768
355,16.7,325,0.223016
355,16.8,325,0.223264
355,16.9,325,0.223512
355,17,325,0.22376
355,17.1,325,0.224007
355,17.2,325,0.224255
355,17.3,325,0.224503
355,17.4,325,0.224751
355,17.5,325,0.224999
355,17.6,325,0.225247
355,17.7,325,0.225494
355,17.8,325,0.22572
355,17.9,325,0.225886
355,18,325,0.226052
355,18.1,325,0.226218
355,18.2,325,0.226384
355,18.3,325,0.22655
355,18.4,325,0.226716
355,18.5,325,0.226882
355,18.6,325,0.227048
355,18.7,325,0.227214
355,18.8,325,0.227381
355,18.9,325,0.227547
355,19,325,0.227713
355,19.1,325,0.227879
355,19.2,325,0.228045
355,19.3,325,0.228211
355,19.4,325,0.228377
355,19.5,325,0.228543
355,19.6,325,0.228709
355,19.7,325,0.228875
355,19.8,325,0.229041
355,19.9,325,0.229207
355,20,325,0.229373
