x,y,z,b
355,0,325,0.0941826
355,0.1,325,0.0966844
355,0.2,325,0.0991862
355,0.3,325,0.101688
355,0.4,325,0.10419
355,0.5,325,0.106692
355,0.6,325,0.109193
355,0.7,325,0.111695
355,0.8,325,0.114197
355,0.9,325,0.116699
355,1,325,0.119201
355,1.1,325,0.121702
355,1.2,325,0.124204
355,1.3,325,0.126417
355,1.4,325,0.127969
355,1.5,325,0.129521
355,1.6,325,0.131073
355,1.7,325,0.132626
355,1.8,325,0.134178
355,1.9,325,0.13573
355,2,325,0.137282
355,2.1,325,0.138834
355,2.2,325,0.140387
355,2.3,325,0.141939
355,2.4,325,0.143491
355,2.5,325,0.145043
355,2.6,325,0.146595
355,2.7,325,0.148148
355,2.8,325,0.1497
355,2.9,325,0.151252
355,3,325,0.152804
355,3.1,325,0.154356
355,3.2,325,0.155909
355,3.3,325,0.157461
355,3.4,325,0.159013
355,3.5,325,0.160565
355,3.6,325,0.162118
355,3.7,325,0.16367
355,3.8,325,0.165222
355,3.9,325,0.16604
355,4,325,0.166789
355,4.1,325,0.167538
355,4.2,325,0.168287
355,4.3,325,0.169035
355,4.4,325,0.169784
355,4.5,325,0.170533
355,4.6,325,0.171282
355,4.7,325,0.172031
355,4.8,325,0.17278
355,4.9,325,0.173529
355,5,325,0.174278
355,5.1,325,0.172318
355,5.2,325,0.173284
355,5.3,325,0.17425
355,5.4,325,0.175216
355,5.5,325,0.176182
355,5.6,325,0.177148
355,5.7,325,0.178114
355,5.8,325,0.17908
355,5.9,325,0.180046
355,6,325,0.181012
355,6.1,325,0.181978
355,6.2,325,0.182944
355,6.3,325,0.18391
355,6.4,325,0.184876
355,6.5,325,0.185842
355,6.6,325,0.186808
355,6.7,325,0.187774
355,6.8,325,0.18874
355,6.9,325,0.189706
355,7,325,0.190672
355,7.1,325,0.191637
355,7.2,325,0.192603
355,7.3,325,0.193569
355,7.4,325,0.194535
355,7.5,325,0.195501
355,7.6,325,0.196467
355,7.7,325,0.196942
355,7.8,325,0.197314
355,7.9,325,0.197687
355,8,325,0.198059
355,8.1,325,0.198432
355,8.2,325,0.198804
355,8.3,325,0.199177
355,8.4,325,0.199549
355,8.5,325,0.199922
355,8.6,325,0.200294
355,8.7,325,0.200667
355,8.8,325,0.201039
355,8.9,325,0.201412
355,9,325,0.201785
355,9.1,325,0.202157
355,9.2,325,0.20253
355,9.3,325,0.202902
355,9.4,325,0.203275
355,9.5,325,0.203647
355,9.6,325,0.20402
355,9.7,325,0.204392
355,9.8,325,0.204765
355,9.9,325,0.205137
355,10,325,0.20551
355,10.1,325,0.205882
355,10.2,325,0.206255
355,10.3,325,0.206627
355,10.4,325,0.207
355,10.5,325,0.207372
355,10.6,325,0.207745
355,10.7,325,0.208117
355,10.8,325,0.20849
355,10.9,325,0.208862
355,11,325,0.209235
355,11.1,325,0.209607
355,11.2,325,0.20998
355,11.3,325,0.210352
355,11.4,325,0.210725
355,11.5,325,0.211097
355,11.6,325,0.21147
355,11.7,325,0.211843
355,11.8,325,0.212215
355,11.9,325,0.212588
355,12,325,0.21296
355,12.1,325,0.213333
355,12.2,325,0.213705
355,12.3,325,0.214078
355,12.4,325,0.21445
355,12.5,325,0.214823
355,12.6,325,0.215195
355,12.7,325,0.215561
355,12.8,325,0.215798
355,12.9,325,0.216035
355,13,325,0.216272
355,13.1,325,0.216509
355,13.2,325,0.216746
355,13.3,325,0.216983
355,13.4,325,0.21722
355,13.5,325,0.217457
355,13.6,325,0.217694
355,13.7,325,0.217931
355,13.8,325,0.218168
355,13.9,325,0.218405
355,14,325,0.218642
355,14.1,325,0.218879
355,14.2,325,0.219116
355,14.3,325,0.219353
355,14.4,325,0.21959
355,14.5,325,0.219827
355,14.6,325,0.220064
355,14.7,325,0.220301
355,14.8,325,0.220538
355,14.9,325,0.220775
355,15,325,0.221012
355,15.1,325,0.221249
355,15.2,325,0.221486
355,15.3,325,0.221722
355,15.4,325,0.221959
355,15.5,325,0.222196
355,15.6,325,0.222433
355,15.7,325,0.22267
355,15.8,325,0.222907
355,15.9,325,0.223144
355,16,325,0.223381
355,16.1,325,0.223618
355,16.2,325,0.223855
355,16.3,325,0.224092
355,16.4,325,0.224329
355,16.5,325,0.224566
355,16.6,325,0.224803
355,16.7,325,0.22504
355,16.8,325,0.225277
355,16.9,325,0.225514
355,17,325,0.225751
355,17.1,325,0.225988
355,17.2,325,0.226225
355,17.3,325,0.226462
355,17.4,325,0.226699
355,17.5,325,0.226936
355,17.6,325,0.227173
355,17.7,325,0.22741
355,17.8,325,0.227626
355,17.9,325,0.227783
355,18,325,0.227941
355,18.1,325,0.228098
355,18.2,325,0.228256
355,18.3,325,0.228413
355,18.4,325,0.228571
355,18.5,325,0.228729
355,18.6,325,0.228886
355,18.7,325,0.229044
355,18.8,325,0.229201
355,18.9,325,0.229359
355,19,325,0.229516
355,19.1,325,0.229674
355,19.2,325,0.229831
355,19.3,325,0.229989
355,19.4,325,0.230147
355,19.5,325,0.230304
355,19.6,325,0.230462
355,19.7,325,0.230619
355,19.8,325,0.230777
355,19.9,325,0.230934
355,20,325,0.231092
