x,y,z,b
355,0,325,0.0921816
355,0.1,325,0.0947718
355,0.2,325,0.0973621
355,0.3,325,0.0999523
355,0.4,325,0.102543
355,0.5,325,0.105133
355,0.6,325,0.107723
355,0.7,325,0.110313
355,0.8,325,0.112904
355,0.9,325,0.115494
355,1,325,0.118084
355,1.1,325,0.120674
355,1.2,325,0.123265
355,1.3,325,0.125555
355,1.4,325,0.127162
355,1.5,325,0.128769
355,1.6,325,0.130377
355,1.7,325,0.131984
355,1.8,325,0.133591
355,1.9,325,0.135198
355,2,325,0.136805
355,2.1,325,0.138412
355,2.2,325,0.140019
355,2.3,325,0.141626
355,2.4,325,0.143233
355,2.5,325,0.14484
355,2.6,325,0.146447
355,2.7,325,0.148054
355,2.8,325,0.149662
355,2.9,325,0.151269
355,3,325,0.152876
355,3.1,325,0.154483
355,3.2,325,0.15609
355,3.3,325,0.157697
355,3.4,325,0.159304
355,3.5,325,0.160911
355,3.6,325,0.162518
355,3.7,325,0.164125
355,3.8,325,0.165732
355,3.9,325,0.166523
355,4,325,0.167237
355,4.1,325,0.167951
355,4.2,325,0.168664
355,4.3,325,0.169378
355,4.4,325,0.170092
355,4.5,325,0.170806
355,4.6,325,0.17152
355,4.7,325,0.172233
355,4.8,325,0.172947
355,4.9,325,0.173661
355,5,325,0.174375
355,5.1,325,0.171683
355,5.2,325,0.17267
355,5.3,325,0.173657
355,5.4,325,0.174643
355,5.5,325,0.17563
355,5.6,325,0.176617
355,5.7,325,0.177604
355,5.8,325,0.17859
355,5.9,325,0.179577
355,6,325,0.180564
355,6.1,325,0.181551
355,6.2,325,0.182537
355,6.3,325,0.183524
355,6.4,325,0.184511
355,6.5,325,0.185498
355,6.6,325,0.186484
355,6.7,325,0.187471
355,6.8,325,0.188458
355,6.9,325,0.189445
355,7,325,0.190431
355,7.1,325,0.191418
355,7.2,325,0.192405
355,7.3,325,0.193392
355,7.4,325,0.194379
355,7.5,325,0.195365
355,7.6,325,0.196352
355,7.7,325,0.196832
355,7.8,325,0.197206
355,7.9,325,0.19758
355,8,325,0.197955
355,8.1,325,0.198329
355,8.2,325,0.198703
355,8.3,325,0.199077
355,8.4,325,0.199452
355,8.5,325,0.199826
355,8.6,325,0.2002
355,8.7,325,0.200575
355,8.8,325,0.200949
355,8.9,325,0.201323
355,9,325,0.201698
355,9.1,325,0.202072
355,9.2,325,0.202446
355,9.3,325,0.20282
355,9.4,325,0.203195
355,9.5,325,0.203569
355,9.6,325,0.203943
355,9.7,325,0.204318
355,9.8,325,0.204692
355,9.9,325,0.205066
355,10,325,0.205441
355,10.1,325,0.205815
355,10.2,325,0.206189
355,10.3,325,0.206564
355,10.4,325,0.206938
355,10.5,325,0.207312
355,10.6,325,0.207686
355,10.7,325,0.208061
355,10.8,325,0.208435
355,10.9,325,0.208809
355,11,325,0.209184
355,11.1,325,0.209558
355,11.2,325,0.209932
355,11.3,325,0.210307
355,11.4,325,0.210681
355,11.5,325,0.211055
355,11.6,325,0.211429
355,11.7,325,0.211804
355,11.8,325,0.212178
355,11.9,325,0.212552
355,12,325,0.212927
355,12.1,325,0.213301
355,12.2,325,0.213675
355,12.3,325,0.21405
355,12.4,325,0.214424
355,12.5,325,0.214798
355,12.6,325,0.215173
355,12.7,325,0.21554
355,12.8,325,0.215779
355,12.9,325,0.216017
355,13,325,0.216255
355,13.1,325,0.216493
355,13.2,325,0.216731
355,13.3,325,0.21697
355,13.4,325,0.217208
355,13.5,325,0.217446
355,13.6,325,0.217684
355,13.7,325,0.217922
355,13.8,325,0.218161
355,13.9,325,0.218399
355,14,325,0.218637
355,14.1,325,0.218875
355,14.2,325,0.219113
355,14.3,325,0.219352
355,14.4,325,0.21959
355,14.5,325,0.219828
355,14.6,325,0.220066
355,14.7,325,0.220304
355,14.8,325,0.220543
355,14.9,325,0.220781
355,15,325,0.221019
355,15.1,325,0.221257
355,15.2,325,0.221495
355,15.3,325,0.221734
355,15.4,325,0.221972
355,15.5,325,0.22221
355,15.6,325,0.222448
355,15.7,325,0.222686
355,15.8,325,0.222925
355,15.9,325,0.223163
355,16,325,0.223401
355,16.1,325,0.223639
355,16.2,325,0.223877
355,16.3,325,0.224116
355,16.4,325,0.224354
355,16.5,325,0.224592
355,16.6,325,0.22483
355,16.7,325,0.225068
355,16.8,325,0.225307
355,16.9,325,0.225545
355,17,325,0.225783
355,17.1,325,0.226021
355,17.2,325,0.226259
355,17.3,325,0.226498
355,17.4,325,0.226736
355,17.5,325,0.226974
355,17.6,325,0.227212
355,17.7,325,0.22745
355,17.8,325,0.227667
355,17.9,325,0.227825
355,18,325,0.227982
355,18.1,325,0.228139
355,18.2,325,0.228297
355,18.3,325,0.228454
355,18.4,325,0.228612
355,18.5,325,0.228769
355,18.6,325,0.228926
355,18.7,325,0.229084
355,18.8,325,0.229241
355,18.9,325,0.229399
355,19,325,0.229556
355,19.1,325,0.229713
355,19.2,325,0.229871
355,19.3,325,0.230028
355,19.4,325,0.230185
355,19.5,325,0.230343
355,19.6,325,0.2305
355,19.7,325,0.230658
355,19.8,325,0.230815
355,19.9,325,0.230972
355,20,325,0.23113
