x,y,z,b
355,0,325,0.0981682
355,0.1,325,0.100714
355,0.2,325,0.103259
355,0.3,325,0.105805
355,0.4,325,0.108351
355,0.5,325,0.110896
355,0.6,325,0.113442
355,0.7,325,0.115987
355,0.8,325,0.118533
355,0.9,325,0.121078
355,1,325,0.123624
355,1.1,325,0.12617
355,1.2,325,0.128715
355,1.3,325,0.130966
355,1.4,325,0.132546
355,1.5,325,0.134125
355,1.6,325,0.135705
355,1.7,325,0.137284
355,1.8,325,0.138863
355,1.9,325,0.140443
355,2,325,0.142022
355,2.1,325,0.143601
355,2.2,325,0.145181
355,2.3,325,0.14676
355,2.4,325,0.14834
355,2.5,325,0.149919
355,2.6,325,0.151498
355,2.7,325,0.153078
355,2.8,325,0.154657
355,2.9,325,0.156236
355,3,325,0.157816
355,3.1,325,0.159395
355,3.2,325,0.160975
355,3.3,325,0.162554
355,3.4,325,0.164133
355,3.5,325,0.165713
355,3.6,325,0.167292
355,3.7,325,0.168871
355,3.8,325,0.170451
355,3.9,325,0.171074
355,4,325,0.171608
355,4.1,325,0.172142
355,4.2,325,0.172675
355,4.3,325,0.173209
355,4.4,325,0.173743
355,4.5,325,0.174276
355,4.6,325,0.17481
355,4.7,325,0.175344
355,4.8,325,0.175877
355,4.9,325,0.176411
355,5,325,0.176945
355,5.1,325,0.173129
355,5.2,325,0.174012
355,5.3,325,0.174894
355,5.4,325,0.175776
355,5.5,325,0.176658
355,5.6,325,0.177541
355,5.7,325,0.178423
355,5.8,325,0.179305
355,5.9,325,0.180187
355,6,325,0.181069
355,6.1,325,0.181952
355,6.2,325,0.182834
355,6.3,325,0.183716
355,6.4,325,0.184598
355,6.5,325,0.185481
355,6.6,325,0.186363
355,6.7,325,0.187245
355,6.8,325,0.188127
355,6.9,325,0.18901
355,7,325,0.189892
355,7.1,325,0.190774
355,7.2,325,0.191656
355,7.3,325,0.192539
355,7.4,325,0.193421
355,7.5,325,0.194303
355,7.6,325,0.195185
355,7.7,325,0.195549
355,7.8,325,0.195806
355,7.9,325,0.196062
355,8,325,0.196319
355,8.1,325,0.196575
355,8.2,325,0.196831
355,8.3,325,0.197088
355,8.4,325,0.197344
355,8.5,325,0.197601
355,8.6,325,0.197857
355,8.7,325,0.198114
355,8.8,325,0.19837
355,8.9,325,0.198626
355,9,325,0.198883
355,9.1,325,0.199139
355,9.2,325,0.199396
355,9.3,325,0.199652
355,9.4,325,0.199909
355,9.5,325,0.200165
355,9.6,325,0.200421
355,9.7,325,0.200678
355,9.8,325,0.200934
355,9.9,325,0.201191
355,10,325,0.201447
355,10.1,325,0.201704
355,10.2,325,0.196755
355,10.3,325,0.19722
355,10.4,325,0.197685
355,10.5,325,0.19815
355,10.6,325,0.198615
355,10.7,325,0.19908
355,10.8,325,0.199545
355,10.9,325,0.20001
355,11,325,0.200475
355,11.1,325,0.20094
355,11.2,325,0.201405
355,11.3,325,0.20187
355,11.4,325,0.202335
355,11.5,325,0.2028
355,11.6,325,0.203265
355,11.7,325,0.20373
355,11.8,325,0.204195
355,11.9,325,0.20466
355,12,325,0.205125
355,12.1,325,0.20559
355,12.2,325,0.206055
355,12.3,325,0.20652
355,12.4,325,0.206985
355,12.5,325,0.207451
355,12.6,325,0.207916
355,12.7,325,0.208381
355,12.8,325,0.208846
355,12.9,325,0.209311
355,13,325,0.209776
355,13.1,325,0.210241
355,13.2,325,0.210706
355,13.3,325,0.211171
355,13.4,325,0.211636
355,13.5,325,0.212101
355,13.6,325,0.212566
355,13.7,325,0.213031
355,13.8,325,0.213496
355,13.9,325,0.213961
355,14,325,0.214426
355,14.1,325,0.214891
355,14.2,325,0.215356
355,14.3,325,0.215821
355,14.4,325,0.216286
355,14.5,325,0.216751
355,14.6,325,0.217216
355,14.7,325,0.217681
355,14.8,325,0.218146
355,14.9,325,0.218611
355,15,325,0.219076
355,15.1,325,0.219541
355,15.2,325,0.220006
355,15.3,325,0.220285
355,15.4,325,0.220465
355,15.5,325,0.220646
355,15.6,325,0.220826
355,15.7,325,0.221006
355,15.8,325,0.221187
355,15.9,325,0.221367
355,16,325,0.221548
355,16.1,325,0.221728
355,16.2,325,0.221908
355,16.3,325,0.222089
355,16.4,325,0.222269
355,16.5,325,0.22245
355,16.6,325,0.22263
355,16.7,325,0.222811
355,16.8,325,0.222991
355,16.9,325,0.223171
355,17,325,0.223352
355,17.1,325,0.223532
355,17.2,325,0.223713
355,17.3,325,0.223893
355,17.4,325,0.224074
355,17.5,325,0.224254
355,17.6,325,0.224434
355,17.7,325,0.224615
355,17.8,325,0.224795
355,17.9,325,0.224976
355,18,325,0.225156
355,18.1,325,0.225337
355,18.2,325,0.225517
355,18.3,325,0.225697
355,18.4,325,0.225878
355,18.5,325,0.226058
355,18.6,325,0.226239
355,18.7,325,0.226419
355,18.8,325,0.2266
355,18.9,325,0.22678
355,19,325,0.22696
355,19.1,325,0.227141
355,19.2,325,0.227321
355,19.3,325,0.227502
355,19.4,325,0.227682
355,19.5,325,0.227862
355,19.6,325,0.228043
355,19.7,325,0.228223
355,19.8,325,0.228404
355,19.9,325,0.228584
355,20,325,0.228765
