x,y,z,b
355,0,325,0.096
355,0.1,325,0.098443
355,0.2,325,0.100886
355,0.3,325,0.103329
355,0.4,325,0.105772
355,0.5,325,0.108215
355,0.6,325,0.110658
355,0.7,325,0.113101
355,0.8,325,0.115544
355,0.9,325,0.117988
355,1,325,0.120431
355,1.1,325,0.122874
355,1.2,325,0.125317
355,1.3,325,0.127477
355,1.4,325,0.128993
355,1.5,325,0.130509
355,1.6,325,0.132025
355,1.7,325,0.13354
355,1.8,325,0.135056
355,1.9,325,0.136572
355,2,325,0.138088
355,2.1,325,0.139603
355,2.2,325,0.141119
355,2.3,325,0.142635
355,2.4,325,0.144151
355,2.5,325,0.145666
355,2.6,325,0.147182
355,2.7,325,0.148698
355,2.8,325,0.150214
355,2.9,325,0.15173
355,3,325,0.153245
355,3.1,325,0.154761
355,3.2,325,0.156277
355,3.3,325,0.157793
355,3.4,325,0.159308
355,3.5,325,0.160824
355,3.6,325,0.16234
355,3.7,325,0.163856
355,3.8,325,0.165371
355,3.9,325,0.166288
355,4,325,0.167148
355,4.1,325,0.168008
355,4.2,325,0.168868
355,4.3,325,0.169728
355,4.4,325,0.170588
355,4.5,325,0.171449
355,4.6,325,0.172309
355,4.7,325,0.173169
355,4.8,325,0.174029
355,4.9,325,0.174889
355,5,325,0.175749
355,5.1,325,0.176609
355,5.2,325,0.177469
355,5.3,325,0.178329
355,5.4,325,0.17919
355,5.5,325,0.18005
355,5.6,325,0.18091
355,5.7,325,0.18177
355,5.8,325,0.18263
355,5.9,325,0.18349
355,6,325,0.18435
355,6.1,325,0.18521
355,6.2,325,0.18607
355,6.3,325,0.186931
355,6.4,325,0.187641
355,6.5,325,0.188214
355,6.6,325,0.188788
355,6.7,325,0.189362
355,6.8,325,0.189935
355,6.9,325,0.190509
355,7,325,0.191083
355,7.1,325,0.191656
355,7.2,325,0.19223
355,7.3,325,0.192804
355,7.4,325,0.193377
355,7.5,325,0.193951
355,7.6,325,0.194525
355,7.7,325,0.195098
355,7.8,325,0.195672
355,7.9,325,0.196246
355,8,325,0.196819
355,8.1,325,0.197393
355,8.2,325,0.197967
355,8.3,325,0.19854
355,8.4,325,0.199114
355,8.5,325,0.199688
355,8.6,325,0.200261
355,8.7,325,0.200835
355,8.8,325,0.201409
355,8.9,325,0.201951
355,9,325,0.202291
355,9.1,325,0.20263
355,9.2,325,0.202969
355,9.3,325,0.203309
355,9.4,325,0.203648
355,9.5,325,0.203987
355,9.6,325,0.204327
355,9.7,325,0.204666
355,9.8,325,0.205005
355,9.9,325,0.205345
355,10,325,0.205684
355,10.1,325,0.206023
355,10.2,325,0.205965
355,10.3,325,0.206337
355,10.4,325,0.206709
355,10.5,325,0.207081
355,10.6,325,0.207452
355,10.7,325,0.207824
355,10.8,325,0.208196
355,10.9,325,0.208567
355,11,325,0.208939
355,11.1,325,0.209311
355,11.2,325,0.209683
355,11.3,325,0.210054
355,11.4,325,0.210426
355,11.5,325,0.210798
355,11.6,325,0.21117
355,11.7,325,0.211541
355,11.8,325,0.211913
355,11.9,325,0.212285
355,12,325,0.212657
355,12.1,325,0.213028
355,12.2,325,0.2134
355,12.3,325,0.213772
355,12.4,325,0.214144
355,12.5,325,0.214515
355,12.6,325,0.214887
355,12.7,325,0.215253
355,12.8,325,0.215491
355,12.9,325,0.21573
355,13,325,0.215969
355,13.1,325,0.216207
355,13.2,325,0.216446
355,13.3,325,0.216685
355,13.4,325,0.216924
355,13.5,325,0.217162
355,13.6,325,0.217401
355,13.7,325,0.21764
355,13.8,325,0.217878
355,13.9,325,0.218117
355,14,325,0.218356
355,14.1,325,0.218594
355,14.2,325,0.218833
355,14.3,325,0.219072
355,14.4,325,0.219311
355,14.5,325,0.219549
355,14.6,325,0.219788
355,14.7,325,0.220027
355,14.8,325,0.220265
355,14.9,325,0.220504
355,15,325,0.220743
355,15.1,325,0.220981
355,15.2,325,0.22122
355,15.3,325,0.221459
355,15.4,325,0.221698
355,15.5,325,0.221936
355,15.6,325,0.222175
355,15.7,325,0.222414
355,15.8,325,0.222652
355,15.9,325,0.222891
355,16,325,0.22313
355,16.1,325,0.223368
355,16.2,325,0.223607
355,16.3,325,0.223846
355,16.4,325,0.224085
355,16.5,325,0.224323
355,16.6,325,0.224562
355,16.7,325,0.224801
355,16.8,325,0.225039
355,16.9,325,0.225278
355,17,325,0.225517
355,17.1,325,0.225755
355,17.2,325,0.225994
355,17.3,325,0.226233
355,17.4,325,0.226472
355,17.5,325,0.22671
355,17.6,325,0.226949
355,17.7,325,0.227188
355,17.8,325,0.227405
355,17.9,325,0.227564
355,18,325,0.227723
355,18.1,325,0.227883
355,18.2,325,0.228042
355,18.3,325,0.228201
355,18.4,325,0.22836
355,18.5,325,0.228519
355,18.6,325,0.228678
355,18.7,325,0.228837
355,18.8,325,0.228997
355,18.9,325,0.229156
355,19,325,0.229315
355,19.1,325,0.229474
355,19.2,325,0.229633
355,19.3,325,0.229792
355,19.4,325,0.229951
355,19.5,325,0.230111
355,19.6,325,0.23027
355,19.7,325,0.230429
355,19.8,325,0.230588
355,19.9,325,0.230747
355,20,325,0.230906
