x,y,z,b
375.981,0,335,0.00982143
375.981,0.125,335,0.0100457
375.981,0.25,335,0.0102699
375.981,0.375,335,0.0104941
375.981,0.5,335,0.0107184
375.981,0.625,335,0.0109426
375.981,0.75,335,0.0111669
375.981,0.875,335,0.0113911
375.981,1,335,0.0116153
375.981,1.125,335,0.0118396
375.981,1.25,335,0.0120638
375.981,1.375,335,0.012288
375.981,1.5,335,0.0125123
375.981,1.625,335,0.0127365
375.981,1.75,335,0.0129608
375.981,1.875,335,0.013185
375.981,2,335,0.0134092
375.981,2.125,335,0.0136335
375.981,2.25,335,0.0138577
375.981,2.375,335,0.0140819
375.981,2.5,335,0.0143062
375.981,2.625,335,0.0145304
375.981,2.75,335,0.0147547
375.981,2.875,335,0.0149789
375.981,3,335,0.0152031
375.981,3.125,335,0.0154274
375.981,3.25,335,0.0156516
375.981,3.375,335,0.0158759
375.981,3.5,335,0.0161001
375.981,3.625,335,0.0163243
375.981,3.75,335,0.0165486
375.981,3.875,335,0.0167728
375.981,4,335,0.016997
375.981,4.125,335,0.0172213
375.981,4.25,335,0.0174455
375.981,4.375,335,0.0176698
375.981,4.5,335,0.017894
375.981,4.625,335,0.0181182
375.981,4.75,335,0.0183425
375.981,4.875,335,0.0185667
375.981,5,335,0.0187909
375.981,5.125,335,0.0190152
375.981,5.25,335,0.0192394
375.981,5.375,335,0.0194637
375.981,5.5,335,0.019744
375.981,5.625,335,0.0201924
375.981,5.75,335,0.0206409
375.981,5.875,335,0.0210894
375.981,6,335,0.0215379
375.981,6.125,335,0.0219863
375.981,6.25,335,0.0224348
375.981,6.375,335,0.0228833
375.981,6.5,335,0.0233318
375.981,6.625,335,0.0237802
375.981,6.75,335,0.0242287
375.981,6.875,335,0.0246772
375.981,7,335,0.0251257
375.981,7.125,335,0.0255741
375.981,7.25,335,0.0260226
375.981,7.375,335,0.0264711
375.981,7.5,335,0.0269196
375.981,7.625,335,0.027368
375.981,7.75,335,0.0278165
375.981,7.875,335,0.028265
375.981,8,335,0.0287135
375.981,8.125,335,0.0291619
375.981,8.25,335,0.0296104
375.981,8.375,335,0.0300589
375.981,8.5,335,0.0305074
375.981,8.625,335,0.0309558
375.981,8.75,335,0.0314043
375.981,8.875,335,0.0318528
375.981,9,335,0.0323013
375.981,9.125,335,0.0327497
375.981,9.25,335,0.0331982
375.981,9.375,335,0.0336467
375.981,9.5,335,0.0340952
375.981,9.625,335,0.0345436
375.981,9.75,335,0.0349921
375.981,9.875,335,0.0354406
375.981,10,335,0.0358891
375.981,10.125,335,0.0363375
375.981,10.25,335,0.036786
375.981,10.375,335,0.0372345
375.981,10.5,335,0.037683
375.981,10.625,335,0.0381315
375.981,10.75,335,0.0385799
375.981,10.875,335,0.0390284
375.981,11,335,0.0394769
375.981,11.125,335,0.0399254
375.981,11.25,335,0.0403738
375.981,11.375,335,0.0408223
375.981,11.5,335,0.0412708
375.981,11.625,335,0.0417193
375.981,11.75,335,0.0421677
375.981,11.875,335,0.0426162
375.981,12,335,0.0430647
375.981,12.125,335,0.0435132
375.981,12.25,335,0.0439616
375.981,12.375,335,0.0444101
375.981,12.5,335,0.0448586
375.981,12.625,335,0.0453071
375.981,12.75,335,0.0457555
375.981,12.875,335,0.046204
375.981,13,335,0.0466525
375.981,13.125,335,0.047101
375.981,13.25,335,0.0475494
375.981,13.375,335,0.0479979
375.981,13.5,335,0.0484464
375.981,13.625,335,0.0488949
375.981,13.75,335,0.0493433
375.981,13.875,335,0.0497918
375.981,14,335,0.0502403
375.981,14.125,335,0.0506888
375.981,14.25,335,0.0511372
375.981,14.375,335,0.0515857
375.981,14.5,335,0.0520342
375.981,14.625,335,0.0524827
375.981,14.75,335,0.0529311
375.981,14.875,335,0.0533796
375.981,15,335,0.0538281
375.981,15.125,335,0.0542766
375.981,15.25,335,0.054725
375.981,15.375,335,0.0551735
375.981,15.5,335,0.055622
375.981,15.625,335,0.0560705
375.981,15.75,335,0.0565189
375.981,15.875,335,0.0569674
375.981,16,335,0.0574159
375.981,16.125,335,0.0578644
375.981,16.25,335,0.0583129
375.981,16.375,335,0.0587613
375.981,16.5,335,0.0592107
375.981,16.625,335,0.0596603
375.981,16.75,335,0.0601099
375.981,16.875,335,0.0605596
375.981,17,335,0.0610092
375.981,17.125,335,0.0614588
375.981,17.25,335,0.0619085
375.981,17.375,335,0.0623581
375.981,17.5,335,0.0628078
375.981,17.625,335,0.0632574
375.981,17.75,335,0.063707
375.981,17.875,335,0.0641567
375.981,18,335,0.0646063
375.981,18.125,335,0.0650559
375.981,18.25,335,0.0655056
375.981,18.375,335,0.0659552
375.981,18.5,335,0.0664048
375.981,18.625,335,0.0668545
375.981,18.75,335,0.0673041
375.981,18.875,335,0.0677537
375.981,19,335,0.0682034
375.981,19.125,335,0.068653
375.981,19.25,335,0.0691026
375.981,19.375,335,0.0695523
375.981,19.5,335,0.0700019
375.981,19.625,335,0.0704515
375.981,19.75,335,0.0709012
375.981,19.875,335,0.0713508
375.981,20,335,0.0718004
