x,y,z,b
375.981,0,335,0.00988653
375.981,0.125,335,0.0101029
375.981,0.25,335,0.0103194
375.981,0.375,335,0.0105358
375.981,0.5,335,0.0107522
375.981,0.625,335,0.0109686
375.981,0.75,335,0.011185
375.981,0.875,335,0.0114014
375.981,1,335,0.0116178
375.981,1.125,335,0.0118342
375.981,1.25,335,0.0120506
375.981,1.375,335,0.0122671
375.981,1.5,335,0.0124835
375.981,1.625,335,0.0126999
375.981,1.75,335,0.0129163
375.981,1.875,335,0.0131327
375.981,2,335,0.0133491
375.981,2.125,335,0.0135655
375.981,2.25,335,0.0137819
375.981,2.375,335,0.0139983
375.981,2.5,335,0.0142148
375.981,2.625,335,0.0144312
375.981,2.75,335,0.0146476
375.981,2.875,335,0.014864
375.981,3,335,0.0150804
375.981,3.125,335,0.0152968
375.981,3.25,335,0.0155132
375.981,3.375,335,0.0157296
375.981,3.5,335,0.015946
375.981,3.625,335,0.0161625
375.981,3.75,335,0.0163789
375.981,3.875,335,0.0165953
375.981,4,335,0.0168117
375.981,4.125,335,0.0170281
375.981,4.25,335,0.0172445
375.981,4.375,335,0.0174609
375.981,4.5,335,0.0176773
375.981,4.625,335,0.0178938
375.981,4.75,335,0.0181102
375.981,4.875,335,0.0183266
375.981,5,335,0.018543
375.981,5.125,335,0.0187594
375.981,5.25,335,0.0189758
375.981,5.375,335,0.0191922
375.981,5.5,335,0.0194627
375.981,5.625,335,0.0198956
375.981,5.75,335,0.0203284
375.981,5.875,335,0.0207612
375.981,6,335,0.021194
375.981,6.125,335,0.0216268
375.981,6.25,335,0.0220597
375.981,6.375,335,0.0224925
375.981,6.5,335,0.0229253
375.981,6.625,335,0.0233581
375.981,6.75,335,0.023791
375.981,6.875,335,0.0242238
375.981,7,335,0.0246566
375.981,7.125,335,0.0250894
375.981,7.25,335,0.0255223
375.981,7.375,335,0.0259551
375.981,7.5,335,0.0263879
375.981,7.625,335,0.0268207
375.981,7.75,335,0.0272535
375.981,7.875,335,0.0276864
375.981,8,335,0.0281192
375.981,8.125,335,0.028552
375.981,8.25,335,0.0289848
375.981,8.375,335,0.0294177
375.981,8.5,335,0.0298505
375.981,8.625,335,0.0302833
375.981,8.75,335,0.0307161
375.981,8.875,335,0.0311489
375.981,9,335,0.0315818
375.981,9.125,335,0.0320146
375.981,9.25,335,0.0324474
375.981,9.375,335,0.0328802
375.981,9.5,335,0.0333131
375.981,9.625,335,0.0337459
375.981,9.75,335,0.0341787
375.981,9.875,335,0.0346115
375.981,10,335,0.0350443
375.981,10.125,335,0.0354772
375.981,10.25,335,0.03591
375.981,10.375,335,0.0363428
375.981,10.5,335,0.0367756
375.981,10.625,335,0.0372085
375.981,10.75,335,0.0376413
375.981,10.875,335,0.0380741
375.981,11,335,0.0385069
375.981,11.125,335,0.0389398
375.981,11.25,335,0.0393726
375.981,11.375,335,0.0398054
375.981,11.5,335,0.0402382
375.981,11.625,335,0.040671
375.981,11.75,335,0.0411039
375.981,11.875,335,0.0415367
375.981,12,335,0.0419695
375.981,12.125,335,0.0424023
375.981,12.25,335,0.0428352
375.981,12.375,335,0.043268
375.981,12.5,335,0.0437008
375.981,12.625,335,0.0441336
375.981,12.75,335,0.0445664
375.981,12.875,335,0.0449993
375.981,13,335,0.0454321
375.981,13.125,335,0.0458649
375.981,13.25,335,0.0462977
375.981,13.375,335,0.0467306
375.981,13.5,335,0.0471634
375.981,13.625,335,0.0475962
375.981,13.75,335,0.048029
375.981,13.875,335,0.0484619
375.981,14,335,0.0488947
375.981,14.125,335,0.0493275
375.981,14.25,335,0.0497603
375.981,14.375,335,0.0501931
375.981,14.5,335,0.050626
375.981,14.625,335,0.0510588
375.981,14.75,335,0.0514916
375.981,14.875,335,0.0519244
375.981,15,335,0.0523573
375.981,15.125,335,0.0527901
375.981,15.25,335,0.0532229
375.981,15.375,335,0.0536557
375.981,15.5,335,0.0540885
375.981,15.625,335,0.0545214
375.981,15.75,335,0.0549542
375.981,15.875,335,0.055387
375.981,16,335,0.0558198
375.981,16.125,335,0.0562527
375.981,16.25,335,0.0566855
375.981,16.375,335,0.0571183
375.981,16.5,335,0.0575668
375.981,16.625,335,0.0580204
375.981,16.75,335,0.0584741
375.981,16.875,335,0.0589277
375.981,17,335,0.0593814
375.981,17.125,335,0.0598351
375.981,17.25,335,0.0602887
375.981,17.375,335,0.0607424
375.981,17.5,335,0.061196
375.981,17.625,335,0.0616497
375.981,17.75,335,0.0621033
375.981,17.875,335,0.062557
375.981,18,335,0.0630107
375.981,18.125,335,0.0634643
375.981,18.25,335,0.063918
375.981,18.375,335,0.0643716
375.981,18.5,335,0.0648253
375.981,18.625,335,0.065279
375.981,18.75,335,0.0657326
375.981,18.875,335,0.0661863
375.981,19,335,0.0666399
375.981,19.125,335,0.0670936
375.981,19.25,335,0.0675473
375.981,19.375,335,0.0680009
375.981,19.5,335,0.0684546
375.981,19.625,335,0.0689082
375.981,19.75,335,0.0693619
375.981,19.875,335,0.0698156
375.981,20,335,0.0702692
