x,y,z,b
375.981,0,335,0.00989209
375.981,0.125,335,0.010106
375.981,0.25,335,0.0103199
375.981,0.375,335,0.0105338
375.981,0.5,335,0.0107477
375.981,0.625,335,0.0109616
375.981,0.75,335,0.0111755
375.981,0.875,335,0.0113894
375.981,1,335,0.0116033
375.981,1.125,335,0.0118172
375.981,1.25,335,0.0120311
375.981,1.375,335,0.012245
375.981,1.5,335,0.0124589
375.981,1.625,335,0.0126728
375.981,1.75,335,0.0128867
375.981,1.875,335,0.0131006
375.981,2,335,0.0133145
375.981,2.125,335,0.0135284
375.981,2.25,335,0.0137423
375.981,2.375,335,0.0139562
375.981,2.5,335,0.0141702
375.981,2.625,335,0.0143841
375.981,2.75,335,0.014598
375.981,2.875,335,0.0148119
375.981,3,335,0.0150258
375.981,3.125,335,0.0152397
375.981,3.25,335,0.0154536
375.981,3.375,335,0.0156675
375.981,3.5,335,0.0158814
375.981,3.625,335,0.0160953
375.981,3.75,335,0.0163092
375.981,3.875,335,0.0165231
375.981,4,335,0.016737
375.981,4.125,335,0.0169509
375.981,4.25,335,0.0171648
375.981,4.375,335,0.0173787
375.981,4.5,335,0.0175926
375.981,4.625,335,0.0178065
375.981,4.75,335,0.0180204
375.981,4.875,335,0.0182343
375.981,5,335,0.0184482
375.981,5.125,335,0.0186621
375.981,5.25,335,0.018876
375.981,5.375,335,0.0190899
375.981,5.5,335,0.0193573
375.981,5.625,335,0.0197851
375.981,5.75,335,0.0202129
375.981,5.875,335,0.0206407
375.981,6,335,0.0210685
375.981,6.125,335,0.0214963
375.981,6.25,335,0.0219241
375.981,6.375,335,0.0223519
375.981,6.5,335,0.0227797
375.981,6.625,335,0.0232076
375.981,6.75,335,0.0236354
375.981,6.875,335,0.0240632
375.981,7,335,0.024491
375.981,7.125,335,0.0249188
375.981,7.25,335,0.0253466
375.981,7.375,335,0.0257744
375.981,7.5,335,0.0262022
375.981,7.625,335,0.02663
375.981,7.75,335,0.0270578
375.981,7.875,335,0.0274856
375.981,8,335,0.0279134
375.981,8.125,335,0.0283412
375.981,8.25,335,0.028769
375.981,8.375,335,0.0291968
375.981,8.5,335,0.0296246
375.981,8.625,335,0.0300524
375.981,8.75,335,0.0304803
375.981,8.875,335,0.0309081
375.981,9,335,0.0313359
375.981,9.125,335,0.0317637
375.981,9.25,335,0.0321915
375.981,9.375,335,0.0326193
375.981,9.5,335,0.0330471
375.981,9.625,335,0.0334749
375.981,9.75,335,0.0339027
375.981,9.875,335,0.0343305
375.981,10,335,0.0347583
375.981,10.125,335,0.0351861
375.981,10.25,335,0.0356139
375.981,10.375,335,0.0360417
375.981,10.5,335,0.0364695
375.981,10.625,335,0.0368973
375.981,10.75,335,0.0373252
375.981,10.875,335,0.037753
375.981,11,335,0.0381808
375.981,11.125,335,0.0386086
375.981,11.25,335,0.0390364
375.981,11.375,335,0.0394642
375.981,11.5,335,0.039892
375.981,11.625,335,0.0403198
375.981,11.75,335,0.0407476
375.981,11.875,335,0.0411754
375.981,12,335,0.0416032
375.981,12.125,335,0.042031
375.981,12.25,335,0.0424588
375.981,12.375,335,0.0428866
375.981,12.5,335,0.0433144
375.981,12.625,335,0.0437422
375.981,12.75,335,0.04417
375.981,12.875,335,0.0445979
375.981,13,335,0.0450257
375.981,13.125,335,0.0454535
375.981,13.25,335,0.0458813
375.981,13.375,335,0.0463091
375.981,13.5,335,0.0467369
375.981,13.625,335,0.0471647
375.981,13.75,335,0.0475925
375.981,13.875,335,0.0480203
375.981,14,335,0.0484481
375.981,14.125,335,0.0488759
375.981,14.25,335,0.0493037
375.981,14.375,335,0.0497315
375.981,14.5,335,0.0501593
375.981,14.625,335,0.0505871
375.981,14.75,335,0.0510149
375.981,14.875,335,0.0514428
375.981,15,335,0.0518706
375.981,15.125,335,0.0522984
375.981,15.25,335,0.0527262
375.981,15.375,335,0.053154
375.981,15.5,335,0.0535818
375.981,15.625,335,0.0540096
375.981,15.75,335,0.0544374
375.981,15.875,335,0.0548652
375.981,16,335,0.055293
375.981,16.125,335,0.0557208
375.981,16.25,335,0.0561486
375.981,16.375,335,0.0565764
375.981,16.5,335,0.057026
375.981,16.625,335,0.0574827
375.981,16.75,335,0.0579395
375.981,16.875,335,0.0583963
375.981,17,335,0.0588531
375.981,17.125,335,0.0593098
375.981,17.25,335,0.0597666
375.981,17.375,335,0.0602234
375.981,17.5,335,0.0606802
375.981,17.625,335,0.0611369
375.981,17.75,335,0.0615937
375.981,17.875,335,0.0620505
375.981,18,335,0.0625073
375.981,18.125,335,0.062964
375.981,18.25,335,0.0634208
375.981,18.375,335,0.0638776
375.981,18.5,335,0.0643344
375.981,18.625,335,0.0647911
375.981,18.75,335,0.0652479
375.981,18.875,335,0.0657047
375.981,19,335,0.0661615
375.981,19.125,335,0.0666183
375.981,19.25,335,0.067075
375.981,19.375,335,0.0675318
375.981,19.5,335,0.0679886
375.981,19.625,335,0.0684454
375.981,19.75,335,0.0689021
375.981,19.875,335,0.0693589
375.981,20,335,0.0698157
