x,y,z,b
375.981,0,335,0.00989042
375.981,0.125,335,0.0101057
375.981,0.25,335,0.0103211
375.981,0.375,335,0.0105364
375.981,0.5,335,0.0107517
375.981,0.625,335,0.0109671
375.981,0.75,335,0.0111824
375.981,0.875,335,0.0113977
375.981,1,335,0.0116131
375.981,1.125,335,0.0118284
375.981,1.25,335,0.0120437
375.981,1.375,335,0.012259
375.981,1.5,335,0.0124744
375.981,1.625,335,0.0126897
375.981,1.75,335,0.012905
375.981,1.875,335,0.0131204
375.981,2,335,0.0133357
375.981,2.125,335,0.013551
375.981,2.25,335,0.0137663
375.981,2.375,335,0.0139817
375.981,2.5,335,0.014197
375.981,2.625,335,0.0144123
375.981,2.75,335,0.0146277
375.981,2.875,335,0.014843
375.981,3,335,0.0150583
375.981,3.125,335,0.0152737
375.981,3.25,335,0.015489
375.981,3.375,335,0.0157043
375.981,3.5,335,0.0159196
375.981,3.625,335,0.016135
375.981,3.75,335,0.0163503
375.981,3.875,335,0.0165656
375.981,4,335,0.016781
375.981,4.125,335,0.0169963
375.981,4.25,335,0.0172116
375.981,4.375,335,0.0174269
375.981,4.5,335,0.0176423
375.981,4.625,335,0.0178576
375.981,4.75,335,0.0180729
375.981,4.875,335,0.0182883
375.981,5,335,0.0185036
375.981,5.125,335,0.0187189
375.981,5.25,335,0.0189343
375.981,5.375,335,0.0191496
375.981,5.5,335,0.0194187
375.981,5.625,335,0.0198494
375.981,5.75,335,0.0202801
375.981,5.875,335,0.0207107
375.981,6,335,0.0211414
375.981,6.125,335,0.021572
375.981,6.25,335,0.0220027
375.981,6.375,335,0.0224334
375.981,6.5,335,0.022864
375.981,6.625,335,0.0232947
375.981,6.75,335,0.0237253
375.981,6.875,335,0.024156
375.981,7,335,0.0245867
375.981,7.125,335,0.0250173
375.981,7.25,335,0.025448
375.981,7.375,335,0.0258786
375.981,7.5,335,0.0263093
375.981,7.625,335,0.0267399
375.981,7.75,335,0.0271706
375.981,7.875,335,0.0276013
375.981,8,335,0.0280319
375.981,8.125,335,0.0284626
375.981,8.25,335,0.0288932
375.981,8.375,335,0.0293239
375.981,8.5,335,0.0297546
375.981,8.625,335,0.0301852
375.981,8.75,335,0.0306159
375.981,8.875,335,0.0310465
375.981,9,335,0.0314772
375.981,9.125,335,0.0319079
375.981,9.25,335,0.0323385
375.981,9.375,335,0.0327692
375.981,9.5,335,0.0331998
375.981,9.625,335,0.0336305
375.981,9.75,335,0.0340612
375.981,9.875,335,0.0344918
375.981,10,335,0.0349225
375.981,10.125,335,0.0353531
375.981,10.25,335,0.0357838
375.981,10.375,335,0.0362144
375.981,10.5,335,0.0366451
375.981,10.625,335,0.0370758
375.981,10.75,335,0.0375064
375.981,10.875,335,0.0379371
375.981,11,335,0.0383677
375.981,11.125,335,0.0387984
375.981,11.25,335,0.0392291
375.981,11.375,335,0.0396597
375.981,11.5,335,0.0400904
375.981,11.625,335,0.040521
375.981,11.75,335,0.0409517
375.981,11.875,335,0.0413824
375.981,12,335,0.041813
375.981,12.125,335,0.0422437
375.981,12.25,335,0.0426743
375.981,12.375,335,0.043105
375.981,12.5,335,0.0435357
375.981,12.625,335,0.0439663
375.981,12.75,335,0.044397
375.981,12.875,335,0.0448276
375.981,13,335,0.0452583
375.981,13.125,335,0.0456889
375.981,13.25,335,0.0461196
375.981,13.375,335,0.0465503
375.981,13.5,335,0.0469809
375.981,13.625,335,0.0474116
375.981,13.75,335,0.0478422
375.981,13.875,335,0.0482729
375.981,14,335,0.0487036
375.981,14.125,335,0.0491342
375.981,14.25,335,0.0495649
375.981,14.375,335,0.0499955
375.981,14.5,335,0.0504262
375.981,14.625,335,0.0508569
375.981,14.75,335,0.0512875
375.981,14.875,335,0.0517182
375.981,15,335,0.0521488
375.981,15.125,335,0.0525795
375.981,15.25,335,0.0530102
375.981,15.375,335,0.0534408
375.981,15.5,335,0.0538715
375.981,15.625,335,0.0543021
375.981,15.75,335,0.0547328
375.981,15.875,335,0.0551634
375.981,16,335,0.0555941
375.981,16.125,335,0.0560248
375.981,16.25,335,0.0564554
375.981,16.375,335,0.0568861
375.981,16.5,335,0.0573348
375.981,16.625,335,0.0577896
375.981,16.75,335,0.0582444
375.981,16.875,335,0.0586991
375.981,17,335,0.0591539
375.981,17.125,335,0.0596087
375.981,17.25,335,0.0600635
375.981,17.375,335,0.0605182
375.981,17.5,335,0.060973
375.981,17.625,335,0.0614278
375.981,17.75,335,0.0618825
375.981,17.875,335,0.0623373
375.981,18,335,0.0627921
375.981,18.125,335,0.0632468
375.981,18.25,335,0.0637016
375.981,18.375,335,0.0641564
375.981,18.5,335,0.0646112
375.981,18.625,335,0.0650659
375.981,18.75,335,0.0655207
375.981,18.875,335,0.0659755
375.981,19,335,0.0664302
375.981,19.125,335,0.066885
375.981,19.25,335,0.0673398
375.981,19.375,335,0.0677946
375.981,19.5,335,0.0682493
375.981,19.625,335,0.0687041
375.981,19.75,335,0.0691589
375.981,19.875,335,0.0696136
375.981,20,335,0.0700684
