x,y,z,b
375.981,0,335,0.00982572
375.981,0.125,335,0.0100503
375.981,0.25,335,0.0102749
375.981,0.375,335,0.0104995
375.981,0.5,335,0.0107241
375.981,0.625,335,0.0109487
375.981,0.75,335,0.0111732
375.981,0.875,335,0.0113978
375.981,1,335,0.0116224
375.981,1.125,335,0.011847
375.981,1.25,335,0.0120716
375.981,1.375,335,0.0122962
375.981,1.5,335,0.0125208
375.981,1.625,335,0.0127454
375.981,1.75,335,0.0129699
375.981,1.875,335,0.0131945
375.981,2,335,0.0134191
375.981,2.125,335,0.0136437
375.981,2.25,335,0.0138683
375.981,2.375,335,0.0140929
375.981,2.5,335,0.0143175
375.981,2.625,335,0.0145421
375.981,2.75,335,0.0147666
375.981,2.875,335,0.0149912
375.981,3,335,0.0152158
375.981,3.125,335,0.0154404
375.981,3.25,335,0.015665
375.981,3.375,335,0.0158896
375.981,3.5,335,0.0161142
375.981,3.625,335,0.0163388
375.981,3.75,335,0.0165633
375.981,3.875,335,0.0167879
375.981,4,335,0.0170125
375.981,4.125,335,0.0172371
375.981,4.25,335,0.0174617
375.981,4.375,335,0.0176863
375.981,4.5,335,0.0179109
375.981,4.625,335,0.0181355
375.981,4.75,335,0.01836
375.981,4.875,335,0.0185846
375.981,5,335,0.0188092
375.981,5.125,335,0.0190338
375.981,5.25,335,0.0192584
375.981,5.375,335,0.019483
375.981,5.5,335,0.0197637
375.981,5.625,335,0.0202129
375.981,5.75,335,0.0206621
375.981,5.875,335,0.0211112
375.981,6,335,0.0215604
375.981,6.125,335,0.0220096
375.981,6.25,335,0.0224588
375.981,6.375,335,0.0229079
375.981,6.5,335,0.0233571
375.981,6.625,335,0.0238063
375.981,6.75,335,0.0242555
375.981,6.875,335,0.0247046
375.981,7,335,0.0251538
375.981,7.125,335,0.025603
375.981,7.25,335,0.0260521
375.981,7.375,335,0.0265013
375.981,7.5,335,0.0269505
375.981,7.625,335,0.0273997
375.981,7.75,335,0.0278488
375.981,7.875,335,0.028298
375.981,8,335,0.0287472
375.981,8.125,335,0.0291964
375.981,8.25,335,0.0296455
375.981,8.375,335,0.0300947
375.981,8.5,335,0.0305439
375.981,8.625,335,0.0309931
375.981,8.75,335,0.0314422
375.981,8.875,335,0.0318914
375.981,9,335,0.0323406
375.981,9.125,335,0.0327898
375.981,9.25,335,0.0332389
375.981,9.375,335,0.0336881
375.981,9.5,335,0.0341373
375.981,9.625,335,0.0345865
375.981,9.75,335,0.0350356
375.981,9.875,335,0.0354848
375.981,10,335,0.035934
375.981,10.125,335,0.0363832
375.981,10.25,335,0.0368323
375.981,10.375,335,0.0372815
375.981,10.5,335,0.0377307
375.981,10.625,335,0.0381799
375.981,10.75,335,0.038629
375.981,10.875,335,0.0390782
375.981,11,335,0.0395274
375.981,11.125,335,0.0399766
375.981,11.25,335,0.0404257
375.981,11.375,335,0.0408749
375.981,11.5,335,0.0413241
375.981,11.625,335,0.0417733
375.981,11.75,335,0.0422224
375.981,11.875,335,0.0426716
375.981,12,335,0.0431208
375.981,12.125,335,0.04357
375.981,12.25,335,0.0440191
375.981,12.375,335,0.0444683
375.981,12.5,335,0.0449175
375.981,12.625,335,0.0453666
375.981,12.75,335,0.0458158
375.981,12.875,335,0.046265
375.981,13,335,0.0467142
375.981,13.125,335,0.0471633
375.981,13.25,335,0.0476125
375.981,13.375,335,0.0480617
375.981,13.5,335,0.0485109
375.981,13.625,335,0.04896
375.981,13.75,335,0.0494092
375.981,13.875,335,0.0498584
375.981,14,335,0.0503076
375.981,14.125,335,0.0507567
375.981,14.25,335,0.0512059
375.981,14.375,335,0.0516551
375.981,14.5,335,0.0521043
375.981,14.625,335,0.0525534
375.981,14.75,335,0.0530026
375.981,14.875,335,0.0534518
375.981,15,335,0.053901
375.981,15.125,335,0.0543501
375.981,15.25,335,0.0547993
375.981,15.375,335,0.0552485
375.981,15.5,335,0.0556977
375.981,15.625,335,0.0561468
375.981,15.75,335,0.056596
375.981,15.875,335,0.0570452
375.981,16,335,0.0574944
375.981,16.125,335,0.0579435
375.981,16.25,335,0.0583927
375.981,16.375,335,0.0588419
375.981,16.5,335,0.0592911
375.981,16.625,335,0.0597402
375.981,16.75,335,0.0601894
375.981,16.875,335,0.0606386
375.981,17,335,0.0610878
375.981,17.125,335,0.0615369
375.981,17.25,335,0.0619861
375.981,17.375,335,0.0624353
375.981,17.5,335,0.0628845
375.981,17.625,335,0.0633337
375.981,17.75,335,0.0637828
375.981,17.875,335,0.064232
375.981,18,335,0.0646812
375.981,18.125,335,0.0651304
375.981,18.25,335,0.0655795
375.981,18.375,335,0.0660287
375.981,18.5,335,0.0664779
375.981,18.625,335,0.0669271
375.981,18.75,335,0.0673763
375.981,18.875,335,0.0678254
375.981,19,335,0.0682746
375.981,19.125,335,0.0687238
375.981,19.25,335,0.069173
375.981,19.375,335,0.0696221
375.981,19.5,335,0.0700713
375.981,19.625,335,0.0705205
375.981,19.75,335,0.0709697
375.981,19.875,335,0.0714189
375.981,20,335,0.071868
