x,y,z,b
375.981,0,335,0.00982506
375.981,0.125,335,0.0100472
375.981,0.25,335,0.0102693
375.981,0.375,335,0.0104914
375.981,0.5,335,0.0107135
375.981,0.625,335,0.0109356
375.981,0.75,335,0.0111577
375.981,0.875,335,0.0113798
375.981,1,335,0.0116019
375.981,1.125,335,0.011824
375.981,1.25,335,0.0120461
375.981,1.375,335,0.0122682
375.981,1.5,335,0.0124904
375.981,1.625,335,0.0127125
375.981,1.75,335,0.0129346
375.981,1.875,335,0.0131567
375.981,2,335,0.0133788
375.981,2.125,335,0.0136009
375.981,2.25,335,0.013823
375.981,2.375,335,0.0140451
375.981,2.5,335,0.0142672
375.981,2.625,335,0.0144893
375.981,2.75,335,0.0147114
375.981,2.875,335,0.0149335
375.981,3,335,0.0151556
375.981,3.125,335,0.0153778
375.981,3.25,335,0.0155999
375.981,3.375,335,0.015822
375.981,3.5,335,0.0160441
375.981,3.625,335,0.0162662
375.981,3.75,335,0.0164883
375.981,3.875,335,0.0167104
375.981,4,335,0.0169325
375.981,4.125,335,0.0171546
375.981,4.25,335,0.0173767
375.981,4.375,335,0.0175988
375.981,4.5,335,0.0178209
375.981,4.625,335,0.018043
375.981,4.75,335,0.0182652
375.981,4.875,335,0.0184873
375.981,5,335,0.0187094
375.981,5.125,335,0.0189315
375.981,5.25,335,0.0191536
375.981,5.375,335,0.0193757
375.981,5.5,335,0.0196533
375.981,5.625,335,0.0200975
375.981,5.75,335,0.0205418
375.981,5.875,335,0.020986
375.981,6,335,0.0214302
375.981,6.125,335,0.0218744
375.981,6.25,335,0.0223186
375.981,6.375,335,0.0227628
375.981,6.5,335,0.0232071
375.981,6.625,335,0.0236513
375.981,6.75,335,0.0240955
375.981,6.875,335,0.0245397
375.981,7,335,0.0249839
375.981,7.125,335,0.0254281
375.981,7.25,335,0.0258723
375.981,7.375,335,0.0263166
375.981,7.5,335,0.0267608
375.981,7.625,335,0.027205
375.981,7.75,335,0.0276492
375.981,7.875,335,0.0280934
375.981,8,335,0.0285376
375.981,8.125,335,0.0289819
375.981,8.25,335,0.0294261
375.981,8.375,335,0.0298703
375.981,8.5,335,0.0303145
375.981,8.625,335,0.0307587
375.981,8.75,335,0.0312029
375.981,8.875,335,0.0316471
375.981,9,335,0.0320914
375.981,9.125,335,0.0325356
375.981,9.25,335,0.0329798
375.981,9.375,335,0.033424
375.981,9.5,335,0.0338682
375.981,9.625,335,0.0343124
375.981,9.75,335,0.0347567
375.981,9.875,335,0.0352009
375.981,10,335,0.0356451
375.981,10.125,335,0.0360893
375.981,10.25,335,0.0365335
375.981,10.375,335,0.0369777
375.981,10.5,335,0.0374219
375.981,10.625,335,0.0378662
375.981,10.75,335,0.0383104
375.981,10.875,335,0.0387546
375.981,11,335,0.0391988
375.981,11.125,335,0.039643
375.981,11.25,335,0.0400872
375.981,11.375,335,0.0405315
375.981,11.5,335,0.0409757
375.981,11.625,335,0.0414199
375.981,11.75,335,0.0418641
375.981,11.875,335,0.0423083
375.981,12,335,0.0427525
375.981,12.125,335,0.0431967
375.981,12.25,335,0.043641
375.981,12.375,335,0.0440852
375.981,12.5,335,0.0445294
375.981,12.625,335,0.0449736
375.981,12.75,335,0.0454178
375.981,12.875,335,0.045862
375.981,13,335,0.0463063
375.981,13.125,335,0.0467505
375.981,13.25,335,0.0471947
375.981,13.375,335,0.0476389
375.981,13.5,335,0.0480831
375.981,13.625,335,0.0485273
375.981,13.75,335,0.0489715
375.981,13.875,335,0.0494158
375.981,14,335,0.04986
375.981,14.125,335,0.0503042
375.981,14.25,335,0.0507484
375.981,14.375,335,0.0511926
375.981,14.5,335,0.0516368
375.981,14.625,335,0.0520811
375.981,14.75,335,0.0525253
375.981,14.875,335,0.0529695
375.981,15,335,0.0534137
375.981,15.125,335,0.0538579
375.981,15.25,335,0.0543021
375.981,15.375,335,0.0547463
375.981,15.5,335,0.0551906
375.981,15.625,335,0.0556348
375.981,15.75,335,0.056079
375.981,15.875,335,0.0565232
375.981,16,335,0.0569674
375.981,16.125,335,0.0574116
375.981,16.25,335,0.0578559
375.981,16.375,335,0.0583001
375.981,16.5,335,0.0587484
375.981,16.625,335,0.0591981
375.981,16.75,335,0.0596478
375.981,16.875,335,0.0600974
375.981,17,335,0.0605471
375.981,17.125,335,0.0609968
375.981,17.25,335,0.0614465
375.981,17.375,335,0.0618962
375.981,17.5,335,0.0623459
375.981,17.625,335,0.0627955
375.981,17.75,335,0.0632452
375.981,17.875,335,0.0636949
375.981,18,335,0.0641446
375.981,18.125,335,0.0645943
375.981,18.25,335,0.065044
375.981,18.375,335,0.0654936
375.981,18.5,335,0.0659433
375.981,18.625,335,0.066393
375.981,18.75,335,0.0668427
375.981,18.875,335,0.0672924
375.981,19,335,0.0677421
375.981,19.125,335,0.0681917
375.981,19.25,335,0.0686414
375.981,19.375,335,0.0690911
375.981,19.5,335,0.0695408
375.981,19.625,335,0.0699905
375.981,19.75,335,0.0704402
375.981,19.875,335,0.0708898
375.981,20,335,0.0713395
