x,y,z,b
375.981,0,335,0.00989133
375.981,0.125,335,0.0101051
375.981,0.25,335,0.0103188
375.981,0.375,335,0.0105326
375.981,0.5,335,0.0107463
375.981,0.625,335,0.0109601
375.981,0.75,335,0.0111738
375.981,0.875,335,0.0113876
375.981,1,335,0.0116013
375.981,1.125,335,0.0118151
375.981,1.25,335,0.0120288
375.981,1.375,335,0.0122426
375.981,1.5,335,0.0124563
375.981,1.625,335,0.0126701
375.981,1.75,335,0.0128838
375.981,1.875,335,0.0130976
375.981,2,335,0.0133113
375.981,2.125,335,0.0135251
375.981,2.25,335,0.0137388
375.981,2.375,335,0.0139525
375.981,2.5,335,0.0141663
375.981,2.625,335,0.01438
375.981,2.75,335,0.0145938
375.981,2.875,335,0.0148075
375.981,3,335,0.0150213
375.981,3.125,335,0.015235
375.981,3.25,335,0.0154488
375.981,3.375,335,0.0156625
375.981,3.5,335,0.0158763
375.981,3.625,335,0.01609
375.981,3.75,335,0.0163038
375.981,3.875,335,0.0165175
375.981,4,335,0.0167313
375.981,4.125,335,0.016945
375.981,4.25,335,0.0171588
375.981,4.375,335,0.0173725
375.981,4.5,335,0.0175863
375.981,4.625,335,0.0178
375.981,4.75,335,0.0180138
375.981,4.875,335,0.0182275
375.981,5,335,0.0184413
375.981,5.125,335,0.018655
375.981,5.25,335,0.0188688
375.981,5.375,335,0.0190825
375.981,5.5,335,0.0193497
375.981,5.625,335,0.0197772
375.981,5.75,335,0.0202047
375.981,5.875,335,0.0206322
375.981,6,335,0.0210597
375.981,6.125,335,0.0214872
375.981,6.25,335,0.0219147
375.981,6.375,335,0.0223422
375.981,6.5,335,0.0227697
375.981,6.625,335,0.0231972
375.981,6.75,335,0.0236246
375.981,6.875,335,0.0240521
375.981,7,335,0.0244796
375.981,7.125,335,0.0249071
375.981,7.25,335,0.0253346
375.981,7.375,335,0.0257621
375.981,7.5,335,0.0261896
375.981,7.625,335,0.0266171
375.981,7.75,335,0.0270446
375.981,7.875,335,0.0274721
375.981,8,335,0.0278996
375.981,8.125,335,0.0283271
375.981,8.25,335,0.0287546
375.981,8.375,335,0.0291821
375.981,8.5,335,0.0296096
375.981,8.625,335,0.0300371
375.981,8.75,335,0.0304646
375.981,8.875,335,0.0308921
375.981,9,335,0.0313196
375.981,9.125,335,0.0317471
375.981,9.25,335,0.0321746
375.981,9.375,335,0.0326021
375.981,9.5,335,0.0330296
375.981,9.625,335,0.0334571
375.981,9.75,335,0.0338846
375.981,9.875,335,0.0343121
375.981,10,335,0.0347395
375.981,10.125,335,0.035167
375.981,10.25,335,0.0355945
375.981,10.375,335,0.036022
375.981,10.5,335,0.0364495
375.981,10.625,335,0.036877
375.981,10.75,335,0.0373045
375.981,10.875,335,0.037732
375.981,11,335,0.0381595
375.981,11.125,335,0.038587
375.981,11.25,335,0.0390145
375.981,11.375,335,0.039442
375.981,11.5,335,0.0398695
375.981,11.625,335,0.040297
375.981,11.75,335,0.0407245
375.981,11.875,335,0.041152
375.981,12,335,0.0415795
375.981,12.125,335,0.042007
375.981,12.25,335,0.0424345
375.981,12.375,335,0.042862
375.981,12.5,335,0.0432895
375.981,12.625,335,0.043717
375.981,12.75,335,0.0441445
375.981,12.875,335,0.044572
375.981,13,335,0.0449995
375.981,13.125,335,0.045427
375.981,13.25,335,0.0458545
375.981,13.375,335,0.0462819
375.981,13.5,335,0.0467094
375.981,13.625,335,0.0471369
375.981,13.75,335,0.0475644
375.981,13.875,335,0.0479919
375.981,14,335,0.0484194
375.981,14.125,335,0.0488469
375.981,14.25,335,0.0492744
375.981,14.375,335,0.0497019
375.981,14.5,335,0.0501294
375.981,14.625,335,0.0505569
375.981,14.75,335,0.0509844
375.981,14.875,335,0.0514119
375.981,15,335,0.0518394
375.981,15.125,335,0.0522669
375.981,15.25,335,0.0526944
375.981,15.375,335,0.0531219
375.981,15.5,335,0.0535494
375.981,15.625,335,0.0539769
375.981,15.75,335,0.0544044
375.981,15.875,335,0.0548319
375.981,16,335,0.0552594
375.981,16.125,335,0.0556869
375.981,16.25,335,0.0561144
375.981,16.375,335,0.0565419
375.981,16.5,335,0.0569916
375.981,16.625,335,0.0574488
375.981,16.75,335,0.0579059
375.981,16.875,335,0.0583631
375.981,17,335,0.0588203
375.981,17.125,335,0.0592774
375.981,17.25,335,0.0597346
375.981,17.375,335,0.0601918
375.981,17.5,335,0.0606489
375.981,17.625,335,0.0611061
375.981,17.75,335,0.0615632
375.981,17.875,335,0.0620204
375.981,18,335,0.0624776
375.981,18.125,335,0.0629347
375.981,18.25,335,0.0633919
375.981,18.375,335,0.0638491
375.981,18.5,335,0.0643062
375.981,18.625,335,0.0647634
375.981,18.75,335,0.0652206
375.981,18.875,335,0.0656777
375.981,19,335,0.0661349
375.981,19.125,335,0.0665921
375.981,19.25,335,0.0670492
375.981,19.375,335,0.0675064
375.981,19.5,335,0.0679636
375.981,19.625,335,0.0684207
375.981,19.75,335,0.0688779
375.981,19.875,335,0.069335
375.981,20,335,0.0697922
