x,y,z,b
375.981,0,335,0.00989235
375.981,0.125,335,0.0101065
375.981,0.25,335,0.0103206
375.981,0.375,335,0.0105348
375.981,0.5,335,0.0107489
375.981,0.625,335,0.0109631
375.981,0.75,335,0.0111772
375.981,0.875,335,0.0113914
375.981,1,335,0.0116055
375.981,1.125,335,0.0118196
375.981,1.25,335,0.0120338
375.981,1.375,335,0.0122479
375.981,1.5,335,0.0124621
375.981,1.625,335,0.0126762
375.981,1.75,335,0.0128904
375.981,1.875,335,0.0131045
375.981,2,335,0.0133187
375.981,2.125,335,0.0135328
375.981,2.25,335,0.0137469
375.981,2.375,335,0.0139611
375.981,2.5,335,0.0141752
375.981,2.625,335,0.0143894
375.981,2.75,335,0.0146035
375.981,2.875,335,0.0148177
375.981,3,335,0.0150318
375.981,3.125,335,0.0152459
375.981,3.25,335,0.0154601
375.981,3.375,335,0.0156742
375.981,3.5,335,0.0158884
375.981,3.625,335,0.0161025
375.981,3.75,335,0.0163167
375.981,3.875,335,0.0165308
375.981,4,335,0.0167449
375.981,4.125,335,0.0169591
375.981,4.25,335,0.0171732
375.981,4.375,335,0.0173874
375.981,4.5,335,0.0176015
375.981,4.625,335,0.0178157
375.981,4.75,335,0.0180298
375.981,4.875,335,0.018244
375.981,5,335,0.0184581
375.981,5.125,335,0.0186722
375.981,5.25,335,0.0188864
375.981,5.375,335,0.0191005
375.981,5.5,335,0.0193682
375.981,5.625,335,0.0197965
375.981,5.75,335,0.0202248
375.981,5.875,335,0.0206531
375.981,6,335,0.0210814
375.981,6.125,335,0.0215096
375.981,6.25,335,0.0219379
375.981,6.375,335,0.0223662
375.981,6.5,335,0.0227945
375.981,6.625,335,0.0232228
375.981,6.75,335,0.0236511
375.981,6.875,335,0.0240794
375.981,7,335,0.0245077
375.981,7.125,335,0.0249359
375.981,7.25,335,0.0253642
375.981,7.375,335,0.0257925
375.981,7.5,335,0.0262208
375.981,7.625,335,0.0266491
375.981,7.75,335,0.0270774
375.981,7.875,335,0.0275057
375.981,8,335,0.027934
375.981,8.125,335,0.0283622
375.981,8.25,335,0.0287905
375.981,8.375,335,0.0292188
375.981,8.5,335,0.0296471
375.981,8.625,335,0.0300754
375.981,8.75,335,0.0305037
375.981,8.875,335,0.030932
375.981,9,335,0.0313603
375.981,9.125,335,0.0317885
375.981,9.25,335,0.0322168
375.981,9.375,335,0.0326451
375.981,9.5,335,0.0330734
375.981,9.625,335,0.0335017
375.981,9.75,335,0.03393
375.981,9.875,335,0.0343583
375.981,10,335,0.0347865
375.981,10.125,335,0.0352148
375.981,10.25,335,0.0356431
375.981,10.375,335,0.0360714
375.981,10.5,335,0.0364997
375.981,10.625,335,0.036928
375.981,10.75,335,0.0373563
375.981,10.875,335,0.0377846
375.981,11,335,0.0382128
375.981,11.125,335,0.0386411
375.981,11.25,335,0.0390694
375.981,11.375,335,0.0394977
375.981,11.5,335,0.039926
375.981,11.625,335,0.0403543
375.981,11.75,335,0.0407826
375.981,11.875,335,0.0412109
375.981,12,335,0.0416391
375.981,12.125,335,0.0420674
375.981,12.25,335,0.0424957
375.981,12.375,335,0.042924
375.981,12.5,335,0.0433523
375.981,12.625,335,0.0437806
375.981,12.75,335,0.0442089
375.981,12.875,335,0.0446372
375.981,13,335,0.0450654
375.981,13.125,335,0.0454937
375.981,13.25,335,0.045922
375.981,13.375,335,0.0463503
375.981,13.5,335,0.0467786
375.981,13.625,335,0.0472069
375.981,13.75,335,0.0476352
375.981,13.875,335,0.0480635
375.981,14,335,0.0484917
375.981,14.125,335,0.04892
375.981,14.25,335,0.0493483
375.981,14.375,335,0.0497766
375.981,14.5,335,0.0502049
375.981,14.625,335,0.0506332
375.981,14.75,335,0.0510615
375.981,14.875,335,0.0514898
375.981,15,335,0.051918
375.981,15.125,335,0.0523463
375.981,15.25,335,0.0527746
375.981,15.375,335,0.0532029
375.981,15.5,335,0.0536312
375.981,15.625,335,0.0540595
375.981,15.75,335,0.0544878
375.981,15.875,335,0.054916
375.981,16,335,0.0553443
375.981,16.125,335,0.0557726
375.981,16.25,335,0.0562009
375.981,16.375,335,0.0566292
375.981,16.5,335,0.0570785
375.981,16.625,335,0.0575349
375.981,16.75,335,0.0579912
375.981,16.875,335,0.0584475
375.981,17,335,0.0589039
375.981,17.125,335,0.0593602
375.981,17.25,335,0.0598165
375.981,17.375,335,0.0602728
375.981,17.5,335,0.0607292
375.981,17.625,335,0.0611855
375.981,17.75,335,0.0616418
375.981,17.875,335,0.0620982
375.981,18,335,0.0625545
375.981,18.125,335,0.0630108
375.981,18.25,335,0.0634672
375.981,18.375,335,0.0639235
375.981,18.5,335,0.0643798
375.981,18.625,335,0.0648362
375.981,18.75,335,0.0652925
375.981,18.875,335,0.0657488
375.981,19,335,0.0662052
375.981,19.125,335,0.0666615
375.981,19.25,335,0.0671178
375.981,19.375,335,0.0675742
375.981,19.5,335,0.0680305
375.981,19.625,335,0.0684868
375.981,19.75,335,0.0689432
375.981,19.875,335,0.0693995
375.981,20,335,0.0698558
