x,y,z,b
375.981,0,335,0.00981958
375.981,0.125,335,0.0100433
375.981,0.25,335,0.0102669
375.981,0.375,335,0.0104906
375.981,0.5,335,0.0107143
375.981,0.625,335,0.010938
375.981,0.75,335,0.0111616
375.981,0.875,335,0.0113853
375.981,1,335,0.011609
375.981,1.125,335,0.0118327
375.981,1.25,335,0.0120564
375.981,1.375,335,0.01228
375.981,1.5,335,0.0125037
375.981,1.625,335,0.0127274
375.981,1.75,335,0.0129511
375.981,1.875,335,0.0131748
375.981,2,335,0.0133984
375.981,2.125,335,0.0136221
375.981,2.25,335,0.0138458
375.981,2.375,335,0.0140695
375.981,2.5,335,0.0142932
375.981,2.625,335,0.0145168
375.981,2.75,335,0.0147405
375.981,2.875,335,0.0149642
375.981,3,335,0.0151879
375.981,3.125,335,0.0154115
375.981,3.25,335,0.0156352
375.981,3.375,335,0.0158589
375.981,3.5,335,0.0160826
375.981,3.625,335,0.0163063
375.981,3.75,335,0.0165299
375.981,3.875,335,0.0167536
375.981,4,335,0.0169773
375.981,4.125,335,0.017201
375.981,4.25,335,0.0174247
375.981,4.375,335,0.0176483
375.981,4.5,335,0.017872
375.981,4.625,335,0.0180957
375.981,4.75,335,0.0183194
375.981,4.875,335,0.0185431
375.981,5,335,0.0187667
375.981,5.125,335,0.0189904
375.981,5.25,335,0.0192141
375.981,5.375,335,0.0194378
375.981,5.5,335,0.0197174
375.981,5.625,335,0.0201647
375.981,5.75,335,0.0206121
375.981,5.875,335,0.0210594
375.981,6,335,0.0215068
375.981,6.125,335,0.0219542
375.981,6.25,335,0.0224015
375.981,6.375,335,0.0228489
375.981,6.5,335,0.0232962
375.981,6.625,335,0.0237436
375.981,6.75,335,0.0241909
375.981,6.875,335,0.0246383
375.981,7,335,0.0250857
375.981,7.125,335,0.025533
375.981,7.25,335,0.0259804
375.981,7.375,335,0.0264277
375.981,7.5,335,0.0268751
375.981,7.625,335,0.0273224
375.981,7.75,335,0.0277698
375.981,7.875,335,0.0282172
375.981,8,335,0.0286645
375.981,8.125,335,0.0291119
375.981,8.25,335,0.0295592
375.981,8.375,335,0.0300066
375.981,8.5,335,0.030454
375.981,8.625,335,0.0309013
375.981,8.75,335,0.0313487
375.981,8.875,335,0.031796
375.981,9,335,0.0322434
375.981,9.125,335,0.0326907
375.981,9.25,335,0.0331381
375.981,9.375,335,0.0335855
375.981,9.5,335,0.0340328
375.981,9.625,335,0.0344802
375.981,9.75,335,0.0349275
375.981,9.875,335,0.0353749
375.981,10,335,0.0358222
375.981,10.125,335,0.0362696
375.981,10.25,335,0.036717
375.981,10.375,335,0.0371643
375.981,10.5,335,0.0376117
375.981,10.625,335,0.038059
375.981,10.75,335,0.0385064
375.981,10.875,335,0.0389537
375.981,11,335,0.0394011
375.981,11.125,335,0.0398485
375.981,11.25,335,0.0402958
375.981,11.375,335,0.0407432
375.981,11.5,335,0.0411905
375.981,11.625,335,0.0416379
375.981,11.75,335,0.0420853
375.981,11.875,335,0.0425326
375.981,12,335,0.04298
375.981,12.125,335,0.0434273
375.981,12.25,335,0.0438747
375.981,12.375,335,0.044322
375.981,12.5,335,0.0447694
375.981,12.625,335,0.0452168
375.981,12.75,335,0.0456641
375.981,12.875,335,0.0461115
375.981,13,335,0.0465588
375.981,13.125,335,0.0470062
375.981,13.25,335,0.0474535
375.981,13.375,335,0.0479009
375.981,13.5,335,0.0483483
375.981,13.625,335,0.0487956
375.981,13.75,335,0.049243
375.981,13.875,335,0.0496903
375.981,14,335,0.0501377
375.981,14.125,335,0.050585
375.981,14.25,335,0.0510324
375.981,14.375,335,0.0514798
375.981,14.5,335,0.0519271
375.981,14.625,335,0.0523745
375.981,14.75,335,0.0528218
375.981,14.875,335,0.0532692
375.981,15,335,0.0537166
375.981,15.125,335,0.0541639
375.981,15.25,335,0.0546113
375.981,15.375,335,0.0550586
375.981,15.5,335,0.055506
375.981,15.625,335,0.0559533
375.981,15.75,335,0.0564007
375.981,15.875,335,0.0568481
375.981,16,335,0.0572954
375.981,16.125,335,0.0577428
375.981,16.25,335,0.0581901
375.981,16.375,335,0.0586375
375.981,16.5,335,0.0590868
375.981,16.625,335,0.0595368
375.981,16.75,335,0.0599867
375.981,16.875,335,0.0604367
375.981,17,335,0.0608866
375.981,17.125,335,0.0613366
375.981,17.25,335,0.0617866
375.981,17.375,335,0.0622365
375.981,17.5,335,0.0626865
375.981,17.625,335,0.0631364
375.981,17.75,335,0.0635864
375.981,17.875,335,0.0640364
375.981,18,335,0.0644863
375.981,18.125,335,0.0649363
375.981,18.25,335,0.0653863
375.981,18.375,335,0.0658362
375.981,18.5,335,0.0662862
375.981,18.625,335,0.0667361
375.981,18.75,335,0.0671861
375.981,18.875,335,0.0676361
375.981,19,335,0.068086
375.981,19.125,335,0.068536
375.981,19.25,335,0.0689859
375.981,19.375,335,0.0694359
375.981,19.5,335,0.0698859
375.981,19.625,335,0.0703358
375.981,19.75,335,0.0707858
375.981,19.875,335,0.0712358
375.981,20,335,0.0716857
