x,y,z,b
375.981,0,335,0.00983309
375.981,0.125,335,0.0100547
375.981,0.25,335,0.0102763
375.981,0.375,335,0.0104979
375.981,0.5,335,0.0107194
375.981,0.625,335,0.010941
375.981,0.75,335,0.0111626
375.981,0.875,335,0.0113842
375.981,1,335,0.0116058
375.981,1.125,335,0.0118274
375.981,1.25,335,0.012049
375.981,1.375,335,0.0122706
375.981,1.5,335,0.0124922
375.981,1.625,335,0.0127138
375.981,1.75,335,0.0129353
375.981,1.875,335,0.0131569
375.981,2,335,0.0133785
375.981,2.125,335,0.0136001
375.981,2.25,335,0.0138217
375.981,2.375,335,0.0140433
375.981,2.5,335,0.0142649
375.981,2.625,335,0.0144865
375.981,2.75,335,0.0147081
375.981,2.875,335,0.0149296
375.981,3,335,0.0151512
375.981,3.125,335,0.0153728
375.981,3.25,335,0.0155944
375.981,3.375,335,0.015816
375.981,3.5,335,0.0160376
375.981,3.625,335,0.0162592
375.981,3.75,335,0.0164808
375.981,3.875,335,0.0167024
375.981,4,335,0.016924
375.981,4.125,335,0.0171455
375.981,4.25,335,0.0173671
375.981,4.375,335,0.0175887
375.981,4.5,335,0.0178103
375.981,4.625,335,0.0180319
375.981,4.75,335,0.0182535
375.981,4.875,335,0.0184751
375.981,5,335,0.0186967
375.981,5.125,335,0.0189183
375.981,5.25,335,0.0191398
375.981,5.375,335,0.0193614
375.981,5.5,335,0.0196384
375.981,5.625,335,0.0200816
375.981,5.75,335,0.0205248
375.981,5.875,335,0.020968
375.981,6,335,0.0214111
375.981,6.125,335,0.0218543
375.981,6.25,335,0.0222975
375.981,6.375,335,0.0227407
375.981,6.5,335,0.0231839
375.981,6.625,335,0.023627
375.981,6.75,335,0.0240702
375.981,6.875,335,0.0245134
375.981,7,335,0.0249566
375.981,7.125,335,0.0253998
375.981,7.25,335,0.0258429
375.981,7.375,335,0.0262861
375.981,7.5,335,0.0267293
375.981,7.625,335,0.0271725
375.981,7.75,335,0.0276156
375.981,7.875,335,0.0280588
375.981,8,335,0.028502
375.981,8.125,335,0.0289452
375.981,8.25,335,0.0293884
375.981,8.375,335,0.0298315
375.981,8.5,335,0.0302747
375.981,8.625,335,0.0307179
375.981,8.75,335,0.0311611
375.981,8.875,335,0.0316043
375.981,9,335,0.0320474
375.981,9.125,335,0.0324906
375.981,9.25,335,0.0329338
375.981,9.375,335,0.033377
375.981,9.5,335,0.0338202
375.981,9.625,335,0.0342633
375.981,9.75,335,0.0347065
375.981,9.875,335,0.0351497
375.981,10,335,0.0355929
375.981,10.125,335,0.0360361
375.981,10.25,335,0.0364792
375.981,10.375,335,0.0369224
375.981,10.5,335,0.0373656
375.981,10.625,335,0.0378088
375.981,10.75,335,0.0382519
375.981,10.875,335,0.0386951
375.981,11,335,0.0391383
375.981,11.125,335,0.0395815
375.981,11.25,335,0.0400247
375.981,11.375,335,0.0404678
375.981,11.5,335,0.040911
375.981,11.625,335,0.0413542
375.981,11.75,335,0.0417974
375.981,11.875,335,0.0422406
375.981,12,335,0.0426837
375.981,12.125,335,0.0431269
375.981,12.25,335,0.0435701
375.981,12.375,335,0.0440133
375.981,12.5,335,0.0444565
375.981,12.625,335,0.0448996
375.981,12.75,335,0.0453428
375.981,12.875,335,0.045786
375.981,13,335,0.0462292
375.981,13.125,335,0.0466724
375.981,13.25,335,0.0471155
375.981,13.375,335,0.0475587
375.981,13.5,335,0.0480019
375.981,13.625,335,0.0484451
375.981,13.75,335,0.0488882
375.981,13.875,335,0.0493314
375.981,14,335,0.0497746
375.981,14.125,335,0.0502178
375.981,14.25,335,0.050661
375.981,14.375,335,0.0511041
375.981,14.5,335,0.0515473
375.981,14.625,335,0.0519905
375.981,14.75,335,0.0524337
375.981,14.875,335,0.0528769
375.981,15,335,0.05332
375.981,15.125,335,0.0537632
375.981,15.25,335,0.0542064
375.981,15.375,335,0.0546496
375.981,15.5,335,0.0550928
375.981,15.625,335,0.0555359
375.981,15.75,335,0.0559791
375.981,15.875,335,0.0564223
375.981,16,335,0.0568655
375.981,16.125,335,0.0573087
375.981,16.25,335,0.0577518
375.981,16.375,335,0.058195
375.981,16.5,335,0.0586433
375.981,16.625,335,0.0590932
375.981,16.75,335,0.0595431
375.981,16.875,335,0.059993
375.981,17,335,0.060443
375.981,17.125,335,0.0608929
375.981,17.25,335,0.0613428
375.981,17.375,335,0.0617928
375.981,17.5,335,0.0622427
375.981,17.625,335,0.0626926
375.981,17.75,335,0.0631426
375.981,17.875,335,0.0635925
375.981,18,335,0.0640424
375.981,18.125,335,0.0644924
375.981,18.25,335,0.0649423
375.981,18.375,335,0.0653922
375.981,18.5,335,0.0658421
375.981,18.625,335,0.0662921
375.981,18.75,335,0.066742
375.981,18.875,335,0.0671919
375.981,19,335,0.0676419
375.981,19.125,335,0.0680918
375.981,19.25,335,0.0685417
375.981,19.375,335,0.0689917
375.981,19.5,335,0.0694416
375.981,19.625,335,0.0698915
375.981,19.75,335,0.0703415
375.981,19.875,335,0.0707914
375.981,20,335,0.0712413
