x,y,z,b
375.981,0,335,0.00986796
375.981,0.125,335,0.0100873
375.981,0.25,335,0.0103067
375.981,0.375,335,0.0105261
375.981,0.5,335,0.0107454
375.981,0.625,335,0.0109648
375.981,0.75,335,0.0111842
375.981,0.875,335,0.0114035
375.981,1,335,0.0116229
375.981,1.125,335,0.0118423
375.981,1.25,335,0.0120616
375.981,1.375,335,0.012281
375.981,1.5,335,0.0125004
375.981,1.625,335,0.0127197
375.981,1.75,335,0.0129391
375.981,1.875,335,0.0131585
375.981,2,335,0.0133778
375.981,2.125,335,0.0135972
375.981,2.25,335,0.0138166
375.981,2.375,335,0.0140359
375.981,2.5,335,0.0142553
375.981,2.625,335,0.0144747
375.981,2.75,335,0.014694
375.981,2.875,335,0.0149134
375.981,3,335,0.0151328
375.981,3.125,335,0.0153521
375.981,3.25,335,0.0155715
375.981,3.375,335,0.0157909
375.981,3.5,335,0.0160102
375.981,3.625,335,0.0162296
375.981,3.75,335,0.016449
375.981,3.875,335,0.0166683
375.981,4,335,0.0168877
375.981,4.125,335,0.0171071
375.981,4.25,335,0.0173264
375.981,4.375,335,0.0175458
375.981,4.5,335,0.0177652
375.981,4.625,335,0.0179845
375.981,4.75,335,0.0182039
375.981,4.875,335,0.0184233
375.981,5,335,0.0186426
375.981,5.125,335,0.018862
375.981,5.25,335,0.0190813
375.981,5.375,335,0.0193007
375.981,5.5,335,0.0195749
375.981,5.625,335,0.0200137
375.981,5.75,335,0.0204524
375.981,5.875,335,0.0208911
375.981,6,335,0.0213299
375.981,6.125,335,0.0217686
375.981,6.25,335,0.0222073
375.981,6.375,335,0.0226461
375.981,6.5,335,0.0230848
375.981,6.625,335,0.0235235
375.981,6.75,335,0.0239622
375.981,6.875,335,0.024401
375.981,7,335,0.0248397
375.981,7.125,335,0.0252784
375.981,7.25,335,0.0257172
375.981,7.375,335,0.0261559
375.981,7.5,335,0.0265946
375.981,7.625,335,0.0270334
375.981,7.75,335,0.0274721
375.981,7.875,335,0.0279108
375.981,8,335,0.0283496
375.981,8.125,335,0.0287883
375.981,8.25,335,0.029227
375.981,8.375,335,0.0296658
375.981,8.5,335,0.0301045
375.981,8.625,335,0.0305432
375.981,8.75,335,0.030982
375.981,8.875,335,0.0314207
375.981,9,335,0.0318594
375.981,9.125,335,0.0322982
375.981,9.25,335,0.0327369
375.981,9.375,335,0.0331756
375.981,9.5,335,0.0336144
375.981,9.625,335,0.0340531
375.981,9.75,335,0.0344918
375.981,9.875,335,0.0349306
375.981,10,335,0.0353693
375.981,10.125,335,0.035808
375.981,10.25,335,0.0362468
375.981,10.375,335,0.0366855
375.981,10.5,335,0.0371242
375.981,10.625,335,0.037563
375.981,10.75,335,0.0380017
375.981,10.875,335,0.0384404
375.981,11,335,0.0388792
375.981,11.125,335,0.0393179
375.981,11.25,335,0.0397566
375.981,11.375,335,0.0401954
375.981,11.5,335,0.0406341
375.981,11.625,335,0.0410728
375.981,11.75,335,0.0415116
375.981,11.875,335,0.0419503
375.981,12,335,0.042389
375.981,12.125,335,0.0428278
375.981,12.25,335,0.0432665
375.981,12.375,335,0.0437052
375.981,12.5,335,0.044144
375.981,12.625,335,0.0445827
375.981,12.75,335,0.0450214
375.981,12.875,335,0.0454601
375.981,13,335,0.0458989
375.981,13.125,335,0.0463376
375.981,13.25,335,0.0467763
375.981,13.375,335,0.0472151
375.981,13.5,335,0.0476538
375.981,13.625,335,0.0480925
375.981,13.75,335,0.0485313
375.981,13.875,335,0.04897
375.981,14,335,0.0494087
375.981,14.125,335,0.0498475
375.981,14.25,335,0.0502862
375.981,14.375,335,0.0507249
375.981,14.5,335,0.0511637
375.981,14.625,335,0.0516024
375.981,14.75,335,0.0520411
375.981,14.875,335,0.0524799
375.981,15,335,0.0529186
375.981,15.125,335,0.0533573
375.981,15.25,335,0.0537961
375.981,15.375,335,0.0542348
375.981,15.5,335,0.0546735
375.981,15.625,335,0.0551123
375.981,15.75,335,0.055551
375.981,15.875,335,0.0559897
375.981,16,335,0.0564285
375.981,16.125,335,0.0568672
375.981,16.25,335,0.0573059
375.981,16.375,335,0.0577447
375.981,16.5,335,0.0581929
375.981,16.625,335,0.0586443
375.981,16.75,335,0.0590956
375.981,16.875,335,0.059547
375.981,17,335,0.0599984
375.981,17.125,335,0.0604498
375.981,17.25,335,0.0609012
375.981,17.375,335,0.0613525
375.981,17.5,335,0.0618039
375.981,17.625,335,0.0622553
375.981,17.75,335,0.0627067
375.981,17.875,335,0.063158
375.981,18,335,0.0636094
375.981,18.125,335,0.0640608
375.981,18.25,335,0.0645122
375.981,18.375,335,0.0649636
375.981,18.5,335,0.0654149
375.981,18.625,335,0.0658663
375.981,18.75,335,0.0663177
375.981,18.875,335,0.0667691
375.981,19,335,0.0672205
375.981,19.125,335,0.0676718
375.981,19.25,335,0.0681232
375.981,19.375,335,0.0685746
375.981,19.5,335,0.069026
375.981,19.625,335,0.0694774
375.981,19.75,335,0.0699287
375.981,19.875,335,0.0703801
375.981,20,335,0.0708315
