x,y,z,b
375.981,0,335,0.0098982
375.981,0.125,335,0.0101118
375.981,0.25,335,0.0103255
375.981,0.375,335,0.0105391
375.981,0.5,335,0.0107527
375.981,0.625,335,0.0109664
375.981,0.75,335,0.01118
375.981,0.875,335,0.0113936
375.981,1,335,0.0116073
375.981,1.125,335,0.0118209
375.981,1.25,335,0.0120346
375.981,1.375,335,0.0122482
375.981,1.5,335,0.0124618
375.981,1.625,335,0.0126755
375.981,1.75,335,0.0128891
375.981,1.875,335,0.0131027
375.981,2,335,0.0133164
375.981,2.125,335,0.01353
375.981,2.25,335,0.0137436
375.981,2.375,335,0.0139573
375.981,2.5,335,0.0141709
375.981,2.625,335,0.0143845
375.981,2.75,335,0.0145982
375.981,2.875,335,0.0148118
375.981,3,335,0.0150254
375.981,3.125,335,0.0152391
375.981,3.25,335,0.0154527
375.981,3.375,335,0.0156663
375.981,3.5,335,0.01588
375.981,3.625,335,0.0160936
375.981,3.75,335,0.0163072
375.981,3.875,335,0.0165209
375.981,4,335,0.0167345
375.981,4.125,335,0.0169481
375.981,4.25,335,0.0171618
375.981,4.375,335,0.0173754
375.981,4.5,335,0.0175891
375.981,4.625,335,0.0178027
375.981,4.75,335,0.0180163
375.981,4.875,335,0.01823
375.981,5,335,0.0184436
375.981,5.125,335,0.0186572
375.981,5.25,335,0.0188709
375.981,5.375,335,0.0190845
375.981,5.5,335,0.0193515
375.981,5.625,335,0.0197788
375.981,5.75,335,0.0202061
375.981,5.875,335,0.0206333
375.981,6,335,0.0210606
375.981,6.125,335,0.0214879
375.981,6.25,335,0.0219152
375.981,6.375,335,0.0223424
375.981,6.5,335,0.0227697
375.981,6.625,335,0.023197
375.981,6.75,335,0.0236242
375.981,6.875,335,0.0240515
375.981,7,335,0.0244788
375.981,7.125,335,0.024906
375.981,7.25,335,0.0253333
375.981,7.375,335,0.0257606
375.981,7.5,335,0.0261878
375.981,7.625,335,0.0266151
375.981,7.75,335,0.0270424
375.981,7.875,335,0.0274697
375.981,8,335,0.0278969
375.981,8.125,335,0.0283242
375.981,8.25,335,0.0287515
375.981,8.375,335,0.0291787
375.981,8.5,335,0.029606
375.981,8.625,335,0.0300333
375.981,8.75,335,0.0304605
375.981,8.875,335,0.0308878
375.981,9,335,0.0313151
375.981,9.125,335,0.0317423
375.981,9.25,335,0.0321696
375.981,9.375,335,0.0325969
375.981,9.5,335,0.0330242
375.981,9.625,335,0.0334514
375.981,9.75,335,0.0338787
375.981,9.875,335,0.034306
375.981,10,335,0.0347332
375.981,10.125,335,0.0351605
375.981,10.25,335,0.0355878
375.981,10.375,335,0.036015
375.981,10.5,335,0.0364423
375.981,10.625,335,0.0368696
375.981,10.75,335,0.0372968
375.981,10.875,335,0.0377241
375.981,11,335,0.0381514
375.981,11.125,335,0.0385787
375.981,11.25,335,0.0390059
375.981,11.375,335,0.0394332
375.981,11.5,335,0.0398605
375.981,11.625,335,0.0402877
375.981,11.75,335,0.040715
375.981,11.875,335,0.0411423
375.981,12,335,0.0415695
375.981,12.125,335,0.0419968
375.981,12.25,335,0.0424241
375.981,12.375,335,0.0428513
375.981,12.5,335,0.0432786
375.981,12.625,335,0.0437059
375.981,12.75,335,0.0441332
375.981,12.875,335,0.0445604
375.981,13,335,0.0449877
375.981,13.125,335,0.045415
375.981,13.25,335,0.0458422
375.981,13.375,335,0.0462695
375.981,13.5,335,0.0466968
375.981,13.625,335,0.047124
375.981,13.75,335,0.0475513
375.981,13.875,335,0.0479786
375.981,14,335,0.0484058
375.981,14.125,335,0.0488331
375.981,14.25,335,0.0492604
375.981,14.375,335,0.0496877
375.981,14.5,335,0.0501149
375.981,14.625,335,0.0505422
375.981,14.75,335,0.0509695
375.981,14.875,335,0.0513967
375.981,15,335,0.051824
375.981,15.125,335,0.0522513
375.981,15.25,335,0.0526785
375.981,15.375,335,0.0531058
375.981,15.5,335,0.0535331
375.981,15.625,335,0.0539603
375.981,15.75,335,0.0543876
375.981,15.875,335,0.0548149
375.981,16,335,0.0552422
375.981,16.125,335,0.0556694
375.981,16.25,335,0.0560967
375.981,16.375,335,0.056524
375.981,16.5,335,0.0569744
375.981,16.625,335,0.0574326
375.981,16.75,335,0.0578907
375.981,16.875,335,0.0583489
375.981,17,335,0.058807
375.981,17.125,335,0.0592652
375.981,17.25,335,0.0597234
375.981,17.375,335,0.0601815
375.981,17.5,335,0.0606397
375.981,17.625,335,0.0610978
375.981,17.75,335,0.061556
375.981,17.875,335,0.0620142
375.981,18,335,0.0624723
375.981,18.125,335,0.0629305
375.981,18.25,335,0.0633886
375.981,18.375,335,0.0638468
375.981,18.5,335,0.064305
375.981,18.625,335,0.0647631
375.981,18.75,335,0.0652213
375.981,18.875,335,0.0656794
375.981,19,335,0.0661376
375.981,19.125,335,0.0665958
375.981,19.25,335,0.0670539
375.981,19.375,335,0.0675121
375.981,19.5,335,0.0679702
375.981,19.625,335,0.0684284
375.981,19.75,335,0.0688866
375.981,19.875,335,0.0693447
375.981,20,335,0.0698029
