y	b	u.x	u.y	u.z	
0.390625	0.00293085	-1.99618	-1.06686e-05	1.06044e-06
2.40294	0.0180292	-1.99618	-6.56281e-05	1.06044e-06
4.41525	0.0331299	-1.99638	-5.04305e-05	4.72611e-07
6.42756	0.048232	-1.99669	4.02931e-06	-4.44192e-07
8.43987	0.0633341	-1.99699	5.84892e-05	-1.361e-06
10.4522	0.0784426	-1.99746	5.67504e-05	-1.20035e-06
12.4645	0.0935566	-1.99806	6.2237e-06	-1.04321e-07
14.4768	0.108671	-1.99866	-4.4303e-05	9.91703e-07
16.4891	0.123793	-1.99936	-5.35786e-05	1.28769e-06
18.5014	0.138926	-2.0002	-8.0408e-06	5.20602e-07
20.5137	0.154059	-2.00103	3.74969e-05	-2.46484e-07
22.526	0.1692	-2.00193	5.64096e-05	-4.97782e-07
24.5383	0.184358	-2.00297	1.96513e-05	3.29391e-07
26.5507	0.199516	-2.004	-1.7107e-05	1.15656e-06
28.563	0.214681	-2.00505	-3.99882e-05	1.79052e-06
30.5753	0.229868	-2.00617	-1.29866e-05	1.72992e-06
32.5876	0.245055	-2.0073	1.40151e-05	1.66932e-06
34.5999	0.260246	-2.00843	3.66015e-05	1.55086e-06
36.6122	0.275465	-2.00959	2.4098e-05	9.72502e-07
38.6245	0.290685	-2.01075	1.15944e-05	3.94147e-07
40.6368	0.305904	-2.0119	-8.53696e-07	-1.69951e-07
42.6491	0.321155	-2.01297	-3.92443e-06	1.67634e-06
44.6615	0.336405	-2.01403	-6.99516e-06	3.52263e-06
46.6738	0.351656	-2.0151	-1.00659e-05	5.36893e-06
48.6861	0.366934	-2.01602	1.18288e-05	1.71671e-06
50.6984	0.382216	-2.01692	3.64974e-05	-2.54646e-06
52.7107	0.397497	-2.01783	6.1166e-05	-6.80963e-06
54.723	0.412801	-2.0185	2.8082e-05	-2.93368e-06
56.7353	0.428112	-2.01911	-1.99753e-05	3.05245e-06
58.7476	0.443422	-2.01972	-6.80325e-05	9.03858e-06
60.7599	0.458754	-2.02006	-2.90186e-05	-6.31689e-06
62.7722	0.474095	-2.02029	4.94383e-05	-3.134e-05
64.7846	0.489437	-2.02051	0.000127895	-5.63632e-05
66.7969	0.504782	-2.02052	9.69628e-05	-3.93352e-05
68.8092	0.520131	-2.02038	-1.24217e-05	7.85112e-06
70.8215	0.53548	-2.02023	-0.000121806	5.50374e-05
72.8338	0.550855	-2.01995	-0.000111752	6.99407e-05
74.8461	0.566259	-2.0195	2.954e-05	4.93718e-05
76.8584	0.581664	-2.01905	0.000170832	2.8803e-05
78.8707	0.597122	-2.01691	0.000181842	-6.57367e-05
80.883	0.61267	-2.0119	-2.84243e-05	-0.000285911
82.8954	0.628223	-2.00684	-0.000125424	-0.000206355
84.9077	0.643692	-2.00059	-0.000306109	-0.000836976
86.92	0.658937	-1.99072	6.20029e-05	-0.00191992
88.9323	0.674218	-1.98101	0.000300713	-0.00369783
90.9446	0.689278	-1.97045	0.000958176	-0.00348451
92.9569	0.703872	-1.95299	0.00035794	-0.000505429
94.9692	0.718412	-1.93198	-0.000214092	0.0037456
96.9815	0.732762	-1.91497	-8.3968e-05	0.00750795
98.9938	0.746851	-1.89599	0.000210324	0.00306001
101.006	0.760793	-1.88116	-9.0505e-05	0.00553973
103.018	0.774808	-1.87805	-0.000322649	0.006746
105.031	0.789291	-1.89685	2.63615e-05	0.000373787
107.043	0.803941	-1.92637	-0.000170038	0.000287252
109.055	0.818704	-1.95513	-0.0005571	-0.000252955
111.068	0.833709	-1.97612	-0.0006099	0.00127492
113.08	0.848805	-1.99196	0.000294229	0.000112001
115.092	0.863942	-2.00846	0.000690301	-0.000797339
117.105	0.879389	-2.01468	0.000380602	-0.000461325
119.117	0.894876	-2.01624	4.33414e-05	-6.5293e-05
121.129	0.91037	-2.01823	-0.000351201	0.000265856
123.142	0.925825	-2.01931	-0.000293348	0.00038399
125.154	0.941247	-2.01978	4.38663e-05	0.000325042
127.166	0.956673	-2.02026	0.000361571	0.000289533
129.178	0.972055	-2.02047	0.000349092	0.000274216
131.191	0.987398	-2.02043	3.61026e-05	0.000277276
133.203	1.00274	-2.0204	-0.000276887	0.000280336
135.215	1.01808	-2.02031	-0.000335563	0.000258268
137.228	1.03341	-2.02012	-3.9622e-05	0.000201162
139.24	1.04875	-2.01994	0.000256319	0.000144055
141.252	1.06408	-2.01963	0.000371273	0.000100972
143.265	1.07939	-2.01904	8.66795e-05	8.88444e-05
145.277	1.09471	-2.01845	-0.000197914	7.67172e-05
147.289	1.11002	-2.01781	-0.000367562	6.45037e-05
149.302	1.12531	-2.01696	-9.38304e-05	5.19574e-05
151.314	1.1406	-2.01612	0.000179902	3.9411e-05
153.326	1.15588	-2.01525	0.000399565	2.78824e-05
155.339	1.17114	-2.01413	0.00013257	2.55146e-05
157.351	1.1864	-2.01301	-0.000134426	2.31468e-05
159.363	1.20165	-2.0119	-0.000401421	2.07789e-05
161.375	1.21688	-2.01074	-0.0001441	1.68077e-05
163.388	1.2321	-2.00959	0.000116327	1.28269e-05
165.4	1.24732	-2.00843	0.000376754	8.84618e-06
167.412	1.26251	-2.00724	0.00017779	7.68116e-06
169.425	1.2777	-2.00604	-7.89825e-05	6.87046e-06
171.437	1.29289	-2.00485	-0.000335755	6.05975e-06
173.449	1.30805	-2.00376	-0.000193682	4.89409e-06
175.462	1.32321	-2.00271	5.93539e-05	3.62968e-06
177.474	1.33837	-2.00166	0.00031239	2.36527e-06
179.486	1.35351	-2.00071	0.000224164	1.78564e-06
181.499	1.36863	-1.99982	-2.72808e-05	1.53354e-06
183.511	1.38376	-1.99893	-0.000278726	1.28144e-06
185.523	1.39888	-1.99819	-0.000244325	9.82989e-07
187.535	1.41399	-1.99757	5.20324e-06	6.49651e-07
189.548	1.4291	-1.99696	0.000254732	3.16314e-07
191.56	1.4442	-1.99647	0.00027246	1.16193e-07
193.572	1.4593	-1.99615	2.31668e-05	6.95313e-08
195.585	1.4744	-1.99582	-0.000226126	2.28692e-08
197.597	1.48949	-1.99561	-0.00029679	-7.04996e-09
199.609	1.50458	-1.99561	-4.82486e-05	-7.04996e-09
