y	b	u.x	u.y	u.z	
0.390625	0.00293144	-1.99708	1.71645e-05	1.85672e-06
2.40294	0.0180328	-1.99708	0.000105588	1.85672e-06
4.41525	0.0331366	-1.99729	8.03178e-05	9.90463e-07
6.42756	0.0482417	-1.99762	-8.57846e-06	-3.60579e-07
8.43987	0.0633469	-1.99795	-9.74747e-05	-1.71162e-06
10.4522	0.0784581	-1.99842	-9.08155e-05	-1.40197e-06
12.4645	0.0935746	-1.99901	-1.2013e-06	3.49382e-07
14.4768	0.108691	-1.9996	8.84129e-05	2.10073e-06
16.4891	0.123815	-2.00031	0.000100275	2.5672e-06
18.5014	0.138949	-2.00118	8.82239e-06	1.32634e-06
20.5137	0.154084	-2.00205	-8.26302e-05	8.54773e-08
22.526	0.169226	-2.00298	-0.000114136	-2.65021e-07
24.5383	0.184384	-2.00402	-2.0299e-05	1.24616e-06
26.5507	0.199543	-2.00507	7.35382e-05	2.75734e-06
28.563	0.214708	-2.00615	0.000125689	3.71579e-06
30.5753	0.229895	-2.00736	2.79946e-05	2.68742e-06
32.5876	0.245083	-2.00858	-6.97003e-05	1.65905e-06
34.5999	0.260274	-2.00979	-0.000145011	7.46645e-07
36.6122	0.275495	-2.01101	-4.24209e-05	7.5586e-07
38.6245	0.290716	-2.01223	6.01689e-05	7.65075e-07
40.6368	0.305938	-2.01345	0.000161512	7.67304e-07
42.6491	0.321196	-2.01467	5.21245e-05	-4.11337e-07
44.6615	0.336455	-2.0159	-5.72632e-05	-1.58998e-06
46.6738	0.351713	-2.01712	-0.000166651	-2.76862e-06
48.6861	0.367008	-2.01813	-7.14981e-05	-6.81834e-06
50.6984	0.382306	-2.01912	4.6382e-05	-1.11871e-05
52.7107	0.397605	-2.0201	0.000164262	-1.55558e-05
54.723	0.412936	-2.02087	8.63514e-05	-1.85569e-05
56.7353	0.428277	-2.02158	-4.23209e-05	-2.12035e-05
58.7476	0.443617	-2.0223	-0.000170993	-2.385e-05
60.7599	0.458984	-2.02261	-0.000113457	-3.45926e-05
62.7722	0.474363	-2.02274	2.84309e-05	-4.90027e-05
64.7846	0.489743	-2.02287	0.000170319	-6.34128e-05
66.7969	0.505145	-2.02258	0.00013778	-6.55667e-05
68.8092	0.520564	-2.02198	-1.98533e-05	-5.89307e-05
70.8215	0.535983	-2.02139	-0.000177487	-5.22947e-05
72.8338	0.551411	-2.02021	-0.000176123	-6.23411e-05
74.8461	0.56685	-2.01839	-5.65217e-08	-9.07178e-05
76.8584	0.582289	-2.01657	0.00017601	-0.000119095
78.8707	0.597737	-2.01436	0.000220551	0.000145143
80.883	0.613198	-2.01151	4.1703e-05	0.00090637
82.8954	0.628719	-2.00917	-4.02429e-05	0.00183533
84.9077	0.644068	-2.00329	-0.000244693	0.00218878
86.92	0.659276	-1.99073	-6.73169e-05	0.00116736
88.9323	0.674412	-1.98055	-1.27197e-05	-0.000358732
90.9446	0.689474	-1.96008	0.000634837	-0.00314419
92.9569	0.703968	-1.9366	0.000352892	-0.00144696
94.9692	0.718405	-1.91349	-0.000633601	0.000859368
96.9815	0.732698	-1.89005	-0.000920079	-0.00369116
98.9938	0.74675	-1.86883	-4.16765e-05	-0.00679133
101.006	0.760993	-1.87082	-8.22367e-05	-0.00179831
103.018	0.775147	-1.88989	0.000587672	0.0020846
105.031	0.789447	-1.909	3.34558e-05	0.00438495
107.043	0.803752	-1.93304	-8.8704e-05	0.0037557
109.055	0.818149	-1.95392	-0.000319843	0.000286136
111.068	0.83312	-1.97379	-0.000129408	0.00299528
113.08	0.84833	-1.98682	-1.06313e-05	0.000562258
115.092	0.863544	-1.99721	0.000533194	-5.84661e-05
117.105	0.878896	-2.0016	0.000132628	0.000484611
119.117	0.894271	-2.0057	-8.86846e-05	0.00141373
121.129	0.909694	-2.0104	-0.000461195	0.0013063
123.142	0.925188	-2.01499	-0.000380427	0.000650035
125.154	0.940642	-2.01707	-5.85458e-06	0.000482115
127.166	0.956083	-2.01893	0.000447766	0.000341737
129.178	0.971482	-2.02018	0.000373529	0.000264274
131.191	0.986859	-2.02086	1.5561e-05	0.000249424
133.203	1.00222	-2.02155	-0.000341607	0.000235158
135.215	1.0176	-2.02199	-0.000419527	0.00020371
137.228	1.03296	-2.02199	-6.87385e-05	0.000153631
139.24	1.04833	-2.022	0.00028205	0.000103553
141.252	1.06369	-2.0219	0.000418815	6.82604e-05
143.265	1.07903	-2.02154	8.30996e-05	6.56114e-05
145.277	1.09437	-2.02119	-0.000252616	6.29625e-05
147.289	1.1097	-2.02073	-0.000451221	5.83309e-05
149.302	1.12502	-2.01985	-0.000120945	4.6052e-05
151.314	1.14033	-2.01898	0.000209331	3.37731e-05
153.326	1.15564	-2.01808	0.000473838	2.26911e-05
155.339	1.17091	-2.01705	0.000146379	2.23817e-05
157.351	1.18619	-2.01601	-0.000181079	2.20724e-05
159.363	1.20146	-2.01497	-0.000508538	2.17631e-05
161.375	1.2167	-2.01372	-0.00018545	1.792e-05
163.388	1.23194	-2.01247	0.000141493	1.40559e-05
165.4	1.24718	-2.01122	0.000468436	1.01919e-05
167.412	1.26238	-2.01003	0.000215463	9.40981e-06
169.425	1.27758	-2.00884	-0.000110485	9.01558e-06
171.437	1.29278	-2.00765	-0.000436434	8.62135e-06
173.449	1.30796	-2.00651	-0.000252424	7.31568e-06
175.462	1.32312	-2.00537	7.34599e-05	5.75644e-06
177.474	1.33829	-2.00424	0.000399344	4.19721e-06
179.486	1.35344	-2.00326	0.000284562	3.41802e-06
181.499	1.36857	-2.00236	-4.09811e-05	3.01192e-06
183.511	1.38371	-2.00147	-0.000366525	2.60582e-06
185.523	1.39884	-2.00071	-0.000320448	2.02882e-06
187.535	1.41395	-2.00004	5.31069e-06	1.3232e-06
189.548	1.42907	-1.99938	0.00033107	6.17586e-07
191.56	1.44418	-1.99887	0.000354112	1.58209e-07
193.572	1.45928	-1.99854	2.84401e-05	-1.75167e-08
195.585	1.47438	-1.99821	-0.000297231	-1.93242e-07
197.597	1.48949	-1.998	-0.000389123	-3.05915e-07
199.609	1.50458	-1.998	-6.32591e-05	-3.05915e-07
