x,v,vx,vy,vz
0,0.920557,-0.920212,-0.00606532,-0.0244621
2,0.914187,-0.913776,-0.00659499,-0.0265963
4,0.907823,-0.90734,-0.00712466,-0.0287306
6,0.901465,-0.900904,-0.00765433,-0.0308648
8,0.892149,-0.891503,-0.00713432,-0.0331691
10,0.879687,-0.878947,-0.00549693,-0.0356544
12,0.867238,-0.866391,-0.00385953,-0.0381398
14,0.854803,-0.853834,-0.00222213,-0.0406251
16,0.842382,-0.841278,-0.000584729,-0.0431105
18,0.829976,-0.828722,0.00105267,-0.0455958
20,0.817585,-0.816165,0.00269007,-0.0480812
22,0.801579,-0.800003,0.00408663,-0.0500793
24,0.781205,-0.779489,0.00519251,-0.0514896
26,0.760842,-0.758974,0.0062984,-0.0528998
28,0.740491,-0.73846,0.00740428,-0.05431
30,0.703839,-0.70125,0.00993614,-0.0594898
32,0.676755,-0.673736,0.0118074,-0.0627465
34,0.659142,-0.656025,0.0128738,-0.0627172
36,0.641537,-0.638314,0.0139402,-0.062688
38,0.623939,-0.620603,0.0150066,-0.0626587
40,0.604952,-0.601686,0.0150481,-0.0609505
42,0.585261,-0.582159,0.0145713,-0.058393
44,0.56557,-0.562631,0.0140944,-0.0558355
46,0.546966,-0.544094,0.0135589,-0.0543141
48,0.534628,-0.53124,0.0126869,-0.0587366
50,0.522353,-0.518386,0.011815,-0.0631592
52,0.510147,-0.505532,0.010943,-0.0675817
54,0.498248,-0.49285,0.00941761,-0.072538
56,0.486587,-0.480267,0.00751305,-0.0778039
58,0.475038,-0.467685,0.0056085,-0.0830699
60,0.464016,-0.455458,0.00426188,-0.0886079
62,0.45622,-0.445906,0.00711842,-0.0961956
64,0.448637,-0.436354,0.00997497,-0.103783
66,0.44128,-0.426802,0.0128315,-0.111371
68,0.435135,-0.418091,0.0170441,-0.11938
70,0.429929,-0.409938,0.0221549,-0.127668
72,0.425039,-0.401784,0.0272656,-0.135956
74,0.420925,-0.394123,0.0322232,-0.144247
76,0.421862,-0.391701,0.0355515,-0.152557
78,0.422999,-0.389279,0.0388797,-0.160868
80,0.424336,-0.386857,0.042208,-0.169178
82,0.428377,-0.386696,0.0466161,-0.178325
84,0.434509,-0.388238,0.0518379,-0.188102
86,0.440841,-0.38978,0.0570597,-0.197879
88,0.447439,-0.391552,0.0621165,-0.207437
90,0.455456,-0.397306,0.0643206,-0.213192
92,0.463487,-0.40306,0.0665247,-0.218946
94,0.471533,-0.408814,0.0687288,-0.224701
96,0.48422,-0.422204,0.0680046,-0.227129
98,0.501067,-0.442124,0.0647766,-0.226712
100,0.518153,-0.462044,0.0615485,-0.226295
102,0.535216,-0.481846,0.058003,-0.225648
104,0.54301,-0.496745,0.0412321,-0.215417
106,0.569858,-0.512248,0.0401667,-0.246427
108,0.590708,-0.536372,0.0348257,-0.245004
110,0.600348,-0.557789,0.0347995,-0.219265
112,0.627425,-0.597609,0.0356887,-0.187757
114,0.667094,-0.648287,0.0371179,-0.152844
116,0.711521,-0.703695,0.0370603,-0.0984957
118,0.760725,-0.758796,0.0362135,-0.0402515
120,0.80702,-0.806009,0.0309122,0.0259716
122,0.854301,-0.849199,0.0242355,0.0900279
124,0.897865,-0.885092,0.0150646,0.150156
126,0.937967,-0.916622,0.00560741,0.198885
128,0.975202,-0.945215,-0.0040426,0.239942
130,1.0039,-0.968829,-0.0104292,0.262842
132,1.03034,-0.991107,-0.0158552,0.281176
134,1.04925,-1.00904,-0.017496,0.287153
136,1.06518,-1.02471,-0.0167713,0.290325
138,1.07491,-1.03565,-0.0111159,0.287646
140,1.0808,-1.04232,-0.00414295,0.285768
142,1.08376,-1.04574,0.00383859,0.284503
144,1.08178,-1.04222,0.0125412,0.289582
146,1.07866,-1.03692,0.0217399,0.296366
148,1.07439,-1.02895,0.0370224,0.306933
150,1.07233,-1.02319,0.0517763,0.316685
152,1.07502,-1.02281,0.0652543,0.324467
154,1.08001,-1.02552,0.0744151,0.33046
156,1.08688,-1.03091,0.079826,0.334898
158,1.08641,-1.03122,0.0728145,0.334026
160,1.08366,-1.02982,0.061971,0.33158
162,1.06765,-1.01583,0.0373776,0.326474
164,1.05178,-1.00034,0.0132345,0.324634
166,1.03537,-0.980644,-0.00963859,0.332008
168,1.02291,-0.963011,-0.0221045,0.344191
170,1.01419,-0.947411,-0.0243245,0.361108
172,0.997732,-0.930023,-0.0179881,0.360835
174,0.978616,-0.912027,-0.00873983,0.354712
176,0.952661,-0.886728,-0.00819578,0.34815
178,0.926406,-0.861031,-0.00783004,0.341749
180,0.899404,-0.834288,-0.00771505,0.335905
182,0.867892,-0.805149,-0.0089712,0.323869
184,0.831365,-0.773338,-0.0117571,0.304923
186,0.782747,-0.733305,-0.0214731,0.27294
188,0.729947,-0.689992,-0.0339535,0.235756
190,0.661748,-0.635643,-0.0496272,0.177216
192,0.59537,-0.581238,-0.0647284,0.111527
194,0.534581,-0.528598,-0.0769525,0.0209547
196,0.507141,-0.492637,-0.0930663,-0.0764141
198,0.523986,-0.477785,-0.114103,-0.182384
200,0.587326,-0.510931,-0.158729,-0.242294
202,0.667457,-0.566294,-0.214275,-0.280885
204,0.812683,-0.69961,-0.321304,-0.260316
206,0.995703,-0.863938,-0.424796,-0.254133
208,1.29712,-1.15093,-0.490331,-0.342706
210,1.54832,-1.39681,-0.527167,-0.410268
212,1.72661,-1.58353,-0.522734,-0.447617
214,1.73996,-1.63341,-0.445602,-0.401063
216,1.67271,-1.61036,-0.329727,-0.309796
218,1.45571,-1.44881,-0.0458392,-0.133932
220,1.29823,-1.27204,0.254775,0.0490999
222,1.24426,-1.10227,0.535922,0.214418
224,1.29756,-1.05303,0.697788,0.296458
226,1.39387,-1.20135,0.664133,0.241989
228,1.45524,-1.34129,0.526511,0.203627
230,1.52165,-1.47609,0.325463,0.175091
232,1.48865,-1.45789,0.229128,0.195271
234,1.44307,-1.41805,0.155754,0.217529
236,1.41991,-1.40024,0.136478,0.191984
238,1.39572,-1.38109,0.116628,0.164309
240,1.36926,-1.35945,0.095702,0.132635
242,1.34144,-1.33511,0.087173,0.0967047
244,1.31306,-1.30888,0.0872643,0.0578137
246,1.28926,-1.28451,0.109809,0.0129407
248,1.26841,-1.26058,0.137094,-0.0318155
250,1.25014,-1.23748,0.166983,-0.0600515
252,1.23143,-1.21169,0.201422,-0.0875572
254,1.21069,-1.18006,0.245693,-0.113485
256,1.18388,-1.14025,0.285394,-0.141204
258,1.1529,-1.09399,0.321484,-0.17034
260,1.11888,-1.04979,0.326771,-0.207469
262,1.08474,-1.00568,0.322865,-0.247041
264,1.03687,-0.951773,0.284876,-0.296762
266,0.991601,-0.899044,0.24218,-0.341089
268,0.945927,-0.849264,0.187682,-0.371894
270,0.903889,-0.809827,0.133062,-0.3788
272,0.864126,-0.779663,0.0783332,-0.364284
274,0.816563,-0.74746,0.0211214,-0.328074
276,0.770524,-0.714873,-0.0364266,-0.285197
278,0.739885,-0.701355,-0.059625,-0.227982
280,0.725925,-0.70151,-0.0738497,-0.171453
282,0.768147,-0.758962,-0.0516012,-0.106607
284,0.7802,-0.775413,-0.0465955,-0.0726327
286,0.797359,-0.794642,-0.0425245,-0.050166
288,0.817271,-0.815595,-0.0390333,-0.0348371
290,0.837529,-0.836547,-0.0355421,-0.0195082
292,0.856747,-0.856143,-0.0317048,-0.00543189
294,0.864094,-0.863734,-0.0248052,-0.00243568
296,0.848116,-0.847839,-0.0216376,0.00118625
298,0.853282,-0.853101,-0.0170865,0.00415891
300,0.858484,-0.858363,-0.0125354,0.00713157
302,0.863721,-0.863625,-0.00798427,0.0101042
304,0.874109,-0.874029,-0.0060191,0.0101815
306,0.885564,-0.8855,-0.00459064,0.00965794
308,0.897023,-0.896971,-0.00316217,0.00913433
310,0.947459,-0.947422,0.000153416,0.00836177
312,0.946757,-0.946723,0.000992728,0.00791588
314,0.946056,-0.946025,0.00183204,0.00746999
316,0.945356,-0.945326,0.00267135,0.0070241
318,0.944657,-0.944627,0.00351066,0.00657821
320,0.943959,-0.943929,0.00434998,0.00613232
322,0.943262,-0.94323,0.00518929,0.00568644
324,0.943209,-0.943179,0.00555136,0.00523634
326,0.944804,-0.94478,0.00469383,0.00477548
328,0.9464,-0.946382,0.00383629,0.00431463
330,0.947996,-0.947984,0.00297876,0.00385377
332,0.949594,-0.949586,0.00212123,0.00339291
334,0.951193,-0.951188,0.00126369,0.00293206
336,0.952793,-0.952789,0.000406156,0.0024712
338,0.954393,-0.954391,-0.000451378,0.00201034
340,0.955995,-0.955993,-0.00130891,0.00154949
342,0.957598,-0.957595,-0.00216645,0.00108863
344,0.959202,-0.959197,-0.00302398,0.000627774
346,0.960806,-0.960798,-0.00388152,0.000166918
348,0.962412,-0.9624,-0.00473905,-0.000293938
350,0.964019,-0.964002,-0.00559659,-0.000754795
352,0.965308,-0.965287,-0.00618998,-0.00113754
354,0.96546,-0.965441,-0.00584003,-0.00124131
356,0.965612,-0.965595,-0.00549008,-0.00134508
358,0.965764,-0.96575,-0.00514013,-0.00144885
360,0.965917,-0.965904,-0.00479018,-0.00155262
362,0.966069,-0.966058,-0.00444023,-0.00165638
364,0.966222,-0.966212,-0.00409028,-0.00176015
366,0.966375,-0.966366,-0.00374033,-0.00186392
368,0.966528,-0.96652,-0.00339038,-0.00196769
370,0.966681,-0.966674,-0.00304043,-0.00207146
372,0.966835,-0.966829,-0.00269048,-0.00217523
374,0.966988,-0.966983,-0.00234053,-0.002279
376,0.967142,-0.967137,-0.00199058,-0.00238277
378,0.967295,-0.967291,-0.00164063,-0.00248654
380,0.967426,-0.967421,-0.00135798,-0.00259913
382,0.96743,-0.967425,-0.00143871,-0.00275935
384,0.967434,-0.967428,-0.00151944,-0.00291958
386,0.967438,-0.967431,-0.00160017,-0.00307981
388,0.967442,-0.967435,-0.00168091,-0.00324003
390,0.967446,-0.967438,-0.00176164,-0.00340026
392,0.96745,-0.967442,-0.00184237,-0.00356048
394,0.967454,-0.967445,-0.00192311,-0.00372071
396,0.967458,-0.967448,-0.00200384,-0.00388093
398,0.967462,-0.967452,-0.00208457,-0.00404116
400,0.967466,-0.967455,-0.0021653,-0.00420138
402,0.967471,-0.967458,-0.00224604,-0.00436161
404,0.967475,-0.967462,-0.00232677,-0.00452183
406,0.967479,-0.967465,-0.0024075,-0.00468206
408,0.967425,-0.967409,-0.00246652,-0.00484896
410,0.966799,-0.966783,-0.0023156,-0.00508042
412,0.966173,-0.966156,-0.00216469,-0.00531189
414,0.965547,-0.965529,-0.00201377,-0.00554335
416,0.964921,-0.964902,-0.00186286,-0.00577482
418,0.964296,-0.964276,-0.00171194,-0.00600628
420,0.96367,-0.963649,-0.00156103,-0.00623774
422,0.962334,-0.962305,-0.00211383,-0.0072133
424,0.961529,-0.961496,-0.00216008,-0.00765901
426,0.960725,-0.960688,-0.00220633,-0.00810472
428,0.959921,-0.95988,-0.00225258,-0.00855043
430,0.958266,-0.958217,-0.00242362,-0.00939068
432,0.955907,-0.955845,-0.00269806,-0.0105578
434,0.953551,-0.953474,-0.0029725,-0.011725
436,0.951195,-0.951103,-0.00324694,-0.0128922
438,0.948842,-0.948731,-0.00352138,-0.0140593
440,0.94649,-0.94636,-0.00379582,-0.0152265
442,0.944139,-0.943988,-0.00407026,-0.0163936
444,0.939705,-0.939521,-0.00447631,-0.0180594
446,0.933317,-0.933085,-0.00500598,-0.0201937
448,0.926934,-0.926649,-0.00553565,-0.0223279
