x,v,vx,vy,vz
0,0.972379,-0.972359,-0.000431352,-0.0061713
2,0.971055,-0.971033,-0.000492323,-0.0065008
4,0.969731,-0.969707,-0.000553294,-0.00683029
6,0.968408,-0.968381,-0.000614265,-0.00715979
8,0.967084,-0.967055,-0.000675236,-0.00748928
10,0.965761,-0.965729,-0.000736207,-0.00781878
12,0.964437,-0.964403,-0.000797178,-0.00814827
14,0.963114,-0.963076,-0.000858149,-0.00847777
16,0.957087,-0.957042,-0.00124398,-0.00918556
18,0.95091,-0.950857,-0.0016403,-0.00990555
20,0.944733,-0.944671,-0.00203661,-0.0106255
22,0.938556,-0.938485,-0.00243293,-0.0113455
24,0.932381,-0.932299,-0.00282924,-0.0120655
26,0.926207,-0.926113,-0.00322556,-0.0127855
28,0.920033,-0.919927,-0.00362187,-0.0135055
30,0.904349,-0.904209,-0.00833141,-0.0135778
32,0.89613,-0.895966,-0.00969435,-0.014133
34,0.887914,-0.887724,-0.0110573,-0.0146883
36,0.879599,-0.87938,-0.0127567,-0.0149129
38,0.871149,-0.870897,-0.0149171,-0.0146845
40,0.862705,-0.862415,-0.0170776,-0.0144561
42,0.854267,-0.853932,-0.0192381,-0.0142277
44,0.845836,-0.845449,-0.0213985,-0.0139993
46,0.837411,-0.836966,-0.023559,-0.0137709
48,0.828993,-0.828484,-0.0257195,-0.0135425
50,0.819026,-0.818497,-0.0264534,-0.0128571
52,0.806634,-0.806166,-0.0249621,-0.0114587
54,0.794245,-0.793834,-0.0234707,-0.0100604
56,0.78186,-0.781503,-0.0219794,-0.00866207
58,0.769479,-0.769172,-0.0204881,-0.00726373
60,0.757101,-0.75684,-0.0189967,-0.0058654
62,0.744728,-0.744509,-0.0175054,-0.00446706
64,0.730827,-0.730661,-0.0151821,-0.00348103
66,0.714207,-0.71411,-0.0113759,-0.00322998
68,0.697606,-0.697558,-0.00756973,-0.00297892
70,0.681023,-0.681007,-0.00376354,-0.00272786
72,0.644435,-0.644373,-0.004677,0.00759386
74,0.623427,-0.62333,-0.00275476,0.0106433
76,0.602913,-0.60285,0.00392373,0.00778517
78,0.582487,-0.582369,0.0106022,0.00492707
80,0.562158,-0.561889,0.0172807,0.00206898
82,0.539413,-0.538903,0.0232395,-0.00314214
84,0.514928,-0.51403,0.028656,-0.0101261
86,0.490641,-0.489157,0.0340726,-0.01711
88,0.466785,-0.464473,0.0393947,-0.0245363
90,0.446884,-0.443035,0.043084,-0.0396077
92,0.427694,-0.421598,0.0467734,-0.0546791
94,0.409317,-0.400161,0.0504628,-0.0697505
96,0.390849,-0.377792,0.0495863,-0.0870466
98,0.372901,-0.354626,0.0448058,-0.106245
100,0.356657,-0.33146,0.0400252,-0.125443
102,0.342473,-0.308373,0.0352981,-0.144735
104,0.335466,-0.288539,0.0327944,-0.167949
106,0.331155,-0.268706,0.0302906,-0.191163
108,0.329647,-0.248873,0.0277869,-0.214377
110,0.334189,-0.236423,0.0244004,-0.234927
112,0.343195,-0.231129,0.0201582,-0.252895
114,0.353018,-0.225836,0.0159161,-0.270863
116,0.363591,-0.220542,0.0116739,-0.288831
118,0.374172,-0.221797,0.0118102,-0.301117
120,0.384853,-0.223103,0.0119809,-0.313358
122,0.395628,-0.22441,0.0121516,-0.325599
124,0.398755,-0.229104,0.0159147,-0.325981
126,0.393895,-0.237518,0.0236235,-0.313338
128,0.412567,-0.226109,0.0725077,-0.337386
130,0.41188,-0.239836,0.0891819,-0.322754
132,0.409706,-0.257473,0.0995489,-0.302749
134,0.401962,-0.28922,0.068926,-0.270508
136,0.403918,-0.326709,0.0398691,-0.234139
138,0.421289,-0.376168,0.0140763,-0.189168
140,0.461814,-0.441247,0.000152786,-0.136283
142,0.524044,-0.518284,-0.00468454,-0.0773416
144,0.584263,-0.583894,0.00238149,-0.0206347
146,0.647753,-0.646659,0.0113222,0.0358861
148,0.713698,-0.706819,0.00263447,0.0988159
150,0.780192,-0.763914,-0.000233787,0.158539
152,0.840476,-0.81361,0.0109422,0.210522
154,0.905452,-0.868618,0.0270869,0.254188
156,0.973837,-0.928241,0.0475476,0.29063
158,1.01734,-0.96743,0.0553077,0.309835
160,1.05334,-1.00055,0.0588539,0.323976
162,1.07566,-1.02269,0.0334862,0.331692
164,1.09408,-1.04117,0.00820808,0.336004
166,1.10032,-1.04931,-0.0168174,0.330713
168,1.10457,-1.05601,-0.0345772,0.32205
170,1.10659,-1.0613,-0.045184,0.310067
172,1.1029,-1.0619,-0.0367729,0.29565
174,1.09756,-1.06091,-0.0218897,0.280403
176,1.08889,-1.05709,0.00596733,0.261141
178,1.08115,-1.05299,0.0319186,0.243059
180,1.074,-1.04804,0.0509928,0.229074
182,1.06637,-1.04087,0.0666681,0.221977
184,1.05789,-1.03122,0.0785514,0.222567
186,1.05132,-1.02044,0.0853507,0.238116
188,1.04595,-1.0092,0.090122,0.259632
190,1.05718,-1.01159,0.0862096,0.294746
192,1.07411,-1.01889,0.0772108,0.331098
194,1.10818,-1.04343,0.0493334,0.369974
196,1.14244,-1.06991,0.011252,0.400433
198,1.17712,-1.09883,-0.0397425,0.420241
200,1.19547,-1.11832,-0.0867764,0.413502
202,1.20736,-1.13344,-0.131977,0.394476
204,1.19858,-1.13544,-0.154788,0.351312
206,1.18654,-1.13355,-0.17161,0.305736
208,1.15919,-1.11766,-0.167659,0.257801
210,1.1239,-1.09322,-0.153734,0.210659
212,1.0766,-1.05651,-0.125466,0.164659
214,1.00754,-0.998639,-0.052333,0.122927
216,0.934295,-0.929485,0.0447107,0.0834704
218,0.949422,-0.890345,0.317614,0.0883602
220,1.07578,-0.874398,0.617607,0.106243
222,1.38297,-0.982541,0.957729,0.173151
224,1.54237,-1.03037,1.13263,0.185453
226,1.43025,-0.979344,1.03671,0.108245
228,1.19876,-0.801338,0.887439,-0.0856001
230,0.958533,-0.545867,0.705615,-0.350602
232,1.00807,-0.386635,0.786035,-0.498856
234,1.13141,-0.243772,0.909745,-0.626924
236,1.28832,-0.110471,1.04836,-0.740606
238,1.34848,0.0321284,1.0695,-0.820685
240,1.2231,0.192177,0.870222,-0.83771
242,1.05555,0.362681,0.620615,-0.772977
244,0.910664,0.540454,0.336013,-0.651393
246,0.795914,0.686529,0.141537,-0.376994
248,0.833186,0.830664,-0.0307258,-0.057018
250,1.13343,1.03043,-0.152854,0.44666
252,1.54236,1.21692,-0.256846,0.912135
254,1.91587,1.37472,-0.321653,1.29507
256,2.09416,1.46332,-0.350095,1.45657
258,2.1087,1.49724,-0.349801,1.44309
260,1.88809,1.44715,-0.368177,1.15547
262,1.62881,1.36737,-0.388695,0.795128
264,1.19544,1.09194,-0.353483,0.334371
266,0.856379,0.792702,-0.313417,-0.0823356
268,0.638279,0.43378,-0.261179,-0.388614
270,0.645697,0.0886326,-0.238967,-0.593265
272,0.786509,-0.244168,-0.243666,-0.706828
274,0.708681,-0.396935,-0.198706,-0.552438
276,0.606598,-0.496199,-0.139355,-0.319887
278,0.682769,-0.618227,-0.119922,-0.263795
280,0.698609,-0.659571,-0.0956489,-0.209457
282,0.644712,-0.632136,-0.0753995,-0.101846
284,0.696101,-0.687075,-0.0604248,-0.0939887
286,0.748378,-0.742014,-0.04545,-0.0861317
288,0.801368,-0.796953,-0.0304753,-0.0782746
290,0.817326,-0.813781,-0.0265509,-0.0712501
292,0.827242,-0.824372,-0.0244348,-0.0643617
294,0.837237,-0.834964,-0.0223186,-0.0574734
296,0.847308,-0.845555,-0.0202025,-0.0505851
298,0.857452,-0.856146,-0.0180864,-0.0436967
300,0.867666,-0.866738,-0.0159703,-0.0368084
302,0.877948,-0.877329,-0.0138541,-0.0299201
304,0.88719,-0.886715,-0.0125475,-0.0261773
306,0.89622,-0.89585,-0.0114088,-0.0230874
308,0.905264,-0.904985,-0.0102701,-0.0199975
310,0.937569,-0.937466,-0.00883289,-0.0107796
312,0.939394,-0.939313,-0.00778739,-0.00960282
314,0.941221,-0.941159,-0.00674189,-0.00842603
316,0.943051,-0.943006,-0.00569639,-0.00724924
318,0.944884,-0.944853,-0.00465088,-0.00607245
320,0.94672,-0.9467,-0.00360538,-0.00489566
322,0.948558,-0.948547,-0.00255988,-0.00371887
324,0.950378,-0.950372,-0.00187236,-0.00287823
326,0.952148,-0.952141,-0.00209966,-0.00289662
328,0.953918,-0.953911,-0.00232697,-0.00291501
330,0.955688,-0.95568,-0.00255427,-0.0029334
332,0.957458,-0.957449,-0.00278158,-0.00295179
334,0.959228,-0.959219,-0.00300888,-0.00297018
336,0.960998,-0.960988,-0.00323619,-0.00298857
338,0.962768,-0.962757,-0.0034635,-0.00300696
340,0.964538,-0.964527,-0.0036908,-0.00302535
342,0.966309,-0.966296,-0.00391811,-0.00304374
344,0.968079,-0.968065,-0.00414541,-0.00306213
346,0.969849,-0.969835,-0.00437272,-0.00308052
348,0.97162,-0.971604,-0.00460003,-0.00309891
350,0.97339,-0.973373,-0.00482733,-0.0031173
352,0.974797,-0.974779,-0.00494617,-0.00312979
354,0.974903,-0.974887,-0.00467764,-0.00312117
356,0.97501,-0.974995,-0.00440911,-0.00311256
358,0.975117,-0.975103,-0.00414058,-0.00310394
360,0.975224,-0.975211,-0.00387204,-0.00309533
362,0.975331,-0.975319,-0.00360351,-0.00308671
364,0.975438,-0.975427,-0.00333498,-0.0030781
366,0.975545,-0.975535,-0.00306645,-0.00306948
368,0.975652,-0.975643,-0.00279792,-0.00306087
370,0.975759,-0.975751,-0.00252938,-0.00305225
372,0.975866,-0.975859,-0.00226085,-0.00304364
374,0.975974,-0.975967,-0.00199232,-0.00303502
376,0.976081,-0.976075,-0.00172379,-0.00302641
378,0.976189,-0.976183,-0.00145525,-0.00301779
380,0.976348,-0.976343,-0.00123094,-0.00300912
382,0.976791,-0.976785,-0.00124537,-0.00300012
384,0.977233,-0.977228,-0.00125981,-0.00299113
386,0.977675,-0.97767,-0.00127425,-0.00298213
388,0.978118,-0.978112,-0.00128868,-0.00297313
390,0.97856,-0.978555,-0.00130312,-0.00296414
392,0.979003,-0.978997,-0.00131756,-0.00295514
394,0.979445,-0.97944,-0.00133199,-0.00294614
396,0.979887,-0.979882,-0.00134643,-0.00293715
398,0.98033,-0.980324,-0.00136087,-0.00292815
400,0.980772,-0.980767,-0.0013753,-0.00291916
402,0.981214,-0.981209,-0.00138974,-0.00291016
404,0.981657,-0.981651,-0.00140418,-0.00290116
406,0.982099,-0.982094,-0.00141862,-0.00289217
408,0.982494,-0.982489,-0.00142217,-0.00289048
410,0.982437,-0.982431,-0.00132055,-0.0029595
412,0.982379,-0.982374,-0.00121893,-0.00302851
414,0.982322,-0.982316,-0.00111731,-0.00309753
416,0.982264,-0.982258,-0.00101569,-0.00316655
418,0.982206,-0.982201,-0.000914065,-0.00323556
420,0.982149,-0.982143,-0.000812444,-0.00330458
422,0.982091,-0.982085,-0.000710823,-0.00337359
424,0.982034,-0.982028,-0.000609201,-0.00344261
426,0.981976,-0.98197,-0.00050758,-0.00351162
428,0.981919,-0.981912,-0.000405959,-0.00358064
430,0.981861,-0.981855,-0.000304337,-0.00364965
432,0.981804,-0.981797,-0.000202716,-0.00371867
434,0.981747,-0.981739,-0.000101095,-0.00378768
436,0.98165,-0.981642,-4.55421e-06,-0.00386484
438,0.980325,-0.980316,-6.55253e-05,-0.00419433
440,0.979,-0.97899,-0.000126496,-0.00452383
442,0.977676,-0.977664,-0.000187467,-0.00485332
444,0.976351,-0.976338,-0.000248438,-0.00518282
446,0.975027,-0.975011,-0.000309409,-0.00551231
448,0.973703,-0.973685,-0.000370381,-0.00584181
