x,v,vx,vy,vz
0,0.969647,-0.969646,0.000796449,0.00129759
2,0.969291,-0.96929,0.000991455,0.00129587
4,0.968935,-0.968934,0.00118646,0.00129414
6,0.96858,-0.968578,0.00138147,0.00129242
8,0.968224,-0.968221,0.00157647,0.00129069
10,0.967868,-0.967865,0.00177148,0.00128897
12,0.967512,-0.967509,0.00196648,0.00128725
14,0.967156,-0.967153,0.00216149,0.00128552
16,0.966079,-0.966075,0.00209584,0.00131232
18,0.964978,-0.964975,0.00202179,0.00134003
20,0.963877,-0.963874,0.00194773,0.00136775
22,0.962776,-0.962773,0.00187368,0.00139546
24,0.961675,-0.961673,0.00179962,0.00142318
26,0.960574,-0.960572,0.00172557,0.00145089
28,0.959474,-0.959471,0.00165151,0.00147861
30,0.958373,-0.95837,0.00157746,0.00150632
32,0.957272,-0.95727,0.0015034,0.00153404
34,0.956171,-0.956169,0.00142935,0.00156175
36,0.95507,-0.955068,0.00135529,0.00158947
38,0.95397,-0.953967,0.00128123,0.00161719
40,0.952869,-0.952867,0.00120718,0.0016449
42,0.951768,-0.951766,0.00113312,0.00167262
44,0.95093,-0.950928,0.00108168,0.00173395
46,0.95012,-0.950117,0.00103258,0.00179877
48,0.949309,-0.949307,0.000983484,0.00186358
50,0.948498,-0.948496,0.000934384,0.00192839
52,0.947688,-0.947685,0.000885284,0.00199321
54,0.946877,-0.946875,0.000836183,0.00205802
56,0.946067,-0.946064,0.000787083,0.00212283
58,0.945256,-0.945253,0.000737983,0.00218765
60,0.944446,-0.944443,0.000688883,0.00225246
62,0.943635,-0.943632,0.000639783,0.00231727
64,0.942825,-0.942821,0.000590682,0.00238209
66,0.942014,-0.942011,0.000541582,0.0024469
68,0.941204,-0.9412,0.000492482,0.00251172
70,0.940393,-0.940389,0.000443382,0.00257653
72,0.93639,-0.936387,0.000241767,0.00265706
74,0.931797,-0.931793,1.19082e-05,0.0027405
76,0.927203,-0.927199,-0.00021795,0.00282394
78,0.922609,-0.922605,-0.000447809,0.00290738
80,0.918016,-0.918011,-0.000677667,0.00299082
82,0.913422,-0.913417,-0.000907526,0.00307426
84,0.908829,-0.908823,-0.00113738,0.0031577
86,0.904235,-0.904229,-0.00136724,0.00324114
88,0.899642,-0.899635,-0.0015971,0.00332458
90,0.895049,-0.895041,-0.00182696,0.00340802
92,0.890456,-0.890447,-0.00205682,0.00349146
94,0.885863,-0.885853,-0.00228668,0.0035749
96,0.88127,-0.881259,-0.00251654,0.00365834
98,0.876677,-0.876665,-0.00274639,0.00374178
100,0.869804,-0.86979,-0.00264512,0.00416237
102,0.862293,-0.862277,-0.00245112,0.00467737
104,0.854783,-0.854764,-0.00225713,0.00519237
106,0.847273,-0.847252,-0.00206313,0.00570737
108,0.839764,-0.839739,-0.00186913,0.00622236
110,0.832255,-0.832226,-0.00167514,0.00673736
112,0.824746,-0.824713,-0.00148114,0.00725236
114,0.817238,-0.8172,-0.00128715,0.00776736
116,0.809731,-0.809687,-0.00109315,0.00828236
118,0.802223,-0.802175,-0.000899158,0.00879736
120,0.794717,-0.794662,-0.000705163,0.00931236
122,0.78721,-0.787149,-0.000511167,0.00982735
124,0.779705,-0.779636,-0.000317172,0.0103424
126,0.7722,-0.772123,-0.000123177,0.0108574
128,0.756537,-0.75646,-0.000954574,0.0107376
130,0.737684,-0.737608,-0.00218721,0.0103694
132,0.718833,-0.718755,-0.00341985,0.0100012
134,0.699985,-0.699903,-0.00465249,0.00963308
136,0.681139,-0.681051,-0.00588513,0.00926492
138,0.662296,-0.662198,-0.00711777,0.00889675
140,0.643457,-0.643346,-0.0083504,0.00852859
142,0.624621,-0.624494,-0.00958304,0.00816043
144,0.605788,-0.605641,-0.0108157,0.00779226
146,0.58696,-0.586789,-0.0120483,0.0074241
148,0.568136,-0.567937,-0.013281,0.00705593
150,0.549317,-0.549084,-0.0145136,0.00668777
152,0.530503,-0.530232,-0.0157462,0.0063196
154,0.511696,-0.51138,-0.0169789,0.00595144
156,0.501106,-0.500807,-0.0166357,0.00486706
158,0.494824,-0.49457,-0.0154671,0.00340751
160,0.488547,-0.488334,-0.0142985,0.00194797
162,0.482277,-0.482098,-0.01313,0.000488424
164,0.476013,-0.475862,-0.0119614,-0.00097112
166,0.469756,-0.469626,-0.0107928,-0.00243066
168,0.463506,-0.46339,-0.00962421,-0.00389021
170,0.233676,-0.233446,-0.0103595,0.000596667
172,0.173452,-0.173182,-0.00965078,0.000573239
174,0.113273,-0.112918,-0.00894201,0.000549811
176,0.0588513,-0.0582886,-0.00799928,-0.00139045
178,0.0532824,-0.0495356,-0.00515143,-0.0189392
180,0.0547714,-0.0407827,-0.00230359,-0.0364879
182,0.0628185,-0.0320298,0.000544259,-0.0540367
184,0.0753511,-0.0232768,0.00339211,-0.0715854
186,0.090525,-0.0145239,0.00623995,-0.0891342
188,0.107225,-0.00577097,0.0090878,-0.106683
190,0.122727,0.000615788,0.0112761,-0.122206
192,0.115878,-0.0209184,0.00568131,-0.113833
194,0.113683,-0.0424525,8.65526e-05,-0.105459
196,0.116405,-0.0639867,-0.0055082,-0.0970847
198,0.0775936,0.00576434,0.0065426,-0.0771021
200,0.0689272,0.027611,0.00504336,-0.0629537
202,0.0664444,-0.0052151,-0.000667418,-0.0662361
204,0.0859917,-0.019573,0.00532338,-0.0835652
206,0.105682,-0.0371417,0.00708579,-0.0986867
208,0.130444,-0.0832188,-0.01715,-0.098975
210,0.158539,-0.113941,-0.0361936,-0.104126
212,0.172732,-0.105323,-0.0430444,-0.129964
214,0.202411,-0.12973,-0.0637539,-0.141689
216,0.212105,-0.131124,-0.0481715,-0.159608
218,0.22587,-0.146613,-0.0917204,-0.145291
220,0.284841,-0.213074,-0.182726,-0.0484237
222,0.37073,-0.337625,-0.147802,-0.0400627
224,0.527138,-0.510027,0.0773459,-0.108464
226,0.744151,-0.710629,0.154262,-0.15802
228,0.86617,-0.825444,0.150127,-0.215301
230,0.927295,-0.879531,0.126577,-0.265106
232,0.976429,-0.918775,0.112013,-0.310997
234,1.01614,-0.948554,0.110195,-0.347343
236,1.04331,-0.972668,0.124665,-0.356196
238,1.06436,-0.994447,0.131393,-0.355925
240,1.07717,-1.01106,0.140794,-0.343848
242,1.09342,-1.05299,0.0910231,-0.280141
244,1.09844,-1.07869,0.00555037,-0.207272
246,1.09118,-1.0794,-0.091297,-0.131254
248,1.08829,-1.07476,-0.159326,-0.0623123
250,1.08482,-1.07738,-0.126074,-0.0133141
252,1.0834,-1.08238,-0.000741326,0.0470264
254,1.13069,-1.11266,0.173197,0.102256
256,1.15928,-1.10711,0.306071,0.15672
258,1.14312,-1.07875,0.289511,0.243354
260,1.03277,-0.984873,0.0785446,0.300771
262,0.861582,-0.811296,-0.074482,0.280311
264,0.808388,-0.766554,-0.0454702,0.252623
266,0.833864,-0.816851,-0.0364241,0.163576
268,0.883258,-0.881363,-0.0280532,0.0505662
270,0.874092,-0.874044,-0.00138465,0.00903405
272,0.86392,-0.863363,0.0131216,0.0281063
274,0.867383,-0.865196,0.0232172,0.0570146
276,0.87786,-0.872318,0.0332871,0.0926889
278,0.879128,-0.87396,0.0338793,0.0889545
280,0.879308,-0.874742,0.0324969,0.0833863
282,0.876363,-0.872998,0.0253123,0.0724301
284,0.873181,-0.870717,0.0150489,0.0638004
286,0.869796,-0.867889,0.00165803,0.0575339
288,0.864871,-0.863123,-0.00603605,0.0546141
290,0.859379,-0.85767,-0.0117106,0.0528808
292,0.857913,-0.856328,-0.0146139,0.0500347
294,0.857774,-0.856304,-0.0165675,0.0473825
296,0.862065,-0.860733,-0.0149079,0.0455317
298,0.865979,-0.864759,-0.0146553,0.0435453
300,0.869079,-0.867968,-0.0150601,0.0412748
302,0.871608,-0.870598,-0.0159295,0.0388035
304,0.874146,-0.873229,-0.016799,0.0363321
306,0.876759,-0.875926,-0.0174676,0.0339733
308,0.880253,-0.879494,-0.0154808,0.0331014
310,0.878042,-0.877199,-0.0171079,0.0344417
312,0.879549,-0.878729,-0.0172815,0.0338285
314,0.881057,-0.880258,-0.0174551,0.0332154
316,0.882566,-0.881787,-0.0176287,0.0326023
318,0.886436,-0.885742,-0.0172505,0.0305276
320,0.890914,-0.890314,-0.0167316,0.0280803
322,0.8954,-0.894887,-0.0162126,0.0256331
324,0.899895,-0.899459,-0.0156937,0.0231858
326,0.904396,-0.904031,-0.0151748,0.0207385
328,0.908906,-0.908604,-0.0146559,0.0182913
330,0.913423,-0.913176,-0.014137,0.015844
332,0.916199,-0.915983,-0.0131383,0.0149525
334,0.918443,-0.91825,-0.0119928,0.0145372
336,0.920689,-0.920516,-0.0108474,0.0141219
338,0.930311,-0.930196,-0.0049786,0.0137307
340,0.930303,-0.930193,-0.00527947,0.0133081
342,0.930295,-0.930189,-0.00558035,0.0128854
344,0.930288,-0.930186,-0.00588122,0.0124628
346,0.930281,-0.930182,-0.00618209,0.0120402
348,0.930274,-0.930179,-0.00648297,0.0116175
350,0.930268,-0.930176,-0.00678384,0.0111949
352,0.930817,-0.930729,-0.00697453,0.0107771
354,0.933353,-0.933271,-0.00677168,0.0103764
356,0.935889,-0.935813,-0.00656884,0.00997581
358,0.938425,-0.938355,-0.00636599,0.00957519
360,0.940962,-0.940897,-0.00616315,0.00917457
362,0.943499,-0.943439,-0.00596031,0.00877395
364,0.946036,-0.945981,-0.00575746,0.00837332
366,0.948573,-0.948523,-0.00555462,0.0079727
368,0.95111,-0.951065,-0.00535177,0.00757208
370,0.953648,-0.953607,-0.00514893,0.00717146
372,0.956186,-0.956149,-0.00494608,0.00677083
374,0.958724,-0.958691,-0.00474324,0.00637021
376,0.961262,-0.961233,-0.0045404,0.00596959
378,0.963801,-0.963775,-0.00433755,0.00556897
380,0.965913,-0.96589,-0.00414844,0.00520814
382,0.96572,-0.965698,-0.00403347,0.00506222
384,0.965527,-0.965507,-0.00391851,0.0049163
386,0.965335,-0.965315,-0.00380354,0.00477037
388,0.965142,-0.965124,-0.00368858,0.00462445
390,0.964949,-0.964932,-0.00357361,0.00447853
392,0.964756,-0.964741,-0.00345865,0.00433261
394,0.964564,-0.964549,-0.00334368,0.00418669
396,0.964371,-0.964357,-0.00322872,0.00404076
398,0.964179,-0.964166,-0.00311375,0.00389484
400,0.963986,-0.963974,-0.00299879,0.00374892
402,0.963794,-0.963783,-0.00288383,0.003603
404,0.963601,-0.963591,-0.00276886,0.00345708
406,0.963409,-0.963399,-0.0026539,0.00331115
408,0.963294,-0.963285,-0.00253654,0.00316645
410,0.963928,-0.96392,-0.0023961,0.00303353
412,0.964562,-0.964555,-0.00225565,0.00290061
414,0.965196,-0.965189,-0.0021152,0.00276769
416,0.965829,-0.965824,-0.00197476,0.00263477
418,0.966464,-0.966459,-0.00183431,0.00250185
420,0.967098,-0.967093,-0.00169386,0.00236893
422,0.967732,-0.967728,-0.00155342,0.00223601
424,0.968366,-0.968363,-0.00141297,0.00210308
426,0.969,-0.968997,-0.00127253,0.00197016
428,0.969634,-0.969632,-0.00113208,0.00183724
430,0.970269,-0.970267,-0.000991634,0.00170432
432,0.970903,-0.970901,-0.000851188,0.0015714
434,0.971537,-0.971536,-0.000710742,0.00143848
436,0.972141,-0.97214,-0.000568591,0.00130966
438,0.971784,-0.971783,-0.000373585,0.00130794
440,0.971428,-0.971427,-0.000178579,0.00130621
442,0.971072,-0.971071,1.64263e-05,0.00130449
444,0.970716,-0.970715,0.000211432,0.00130276
446,0.97036,-0.970359,0.000406438,0.00130104
448,0.970003,-0.970002,0.000601443,0.00129932
