x,v,vx,vy,vz
0,0.917889,-0.917623,-0.00329352,-0.0218285
2,0.911144,-0.910791,-0.00443024,-0.0249791
4,0.904414,-0.903959,-0.00556696,-0.0281296
6,0.897697,-0.897127,-0.00670368,-0.0312802
8,0.888188,-0.887511,-0.00650311,-0.0340641
10,0.875705,-0.874932,-0.00487899,-0.0364578
12,0.863234,-0.862353,-0.00325487,-0.0388514
14,0.850776,-0.849774,-0.00163075,-0.0412451
16,0.838332,-0.837196,-6.6347e-06,-0.0436387
18,0.825902,-0.824617,0.00161748,-0.0460324
20,0.813487,-0.812038,0.0032416,-0.048426
22,0.797447,-0.795839,0.00460711,-0.0504009
24,0.777024,-0.775271,0.00566048,-0.0518704
26,0.756615,-0.754702,0.00671386,-0.0533399
28,0.736218,-0.734134,0.00776724,-0.0548094
30,0.698669,-0.695968,0.0104607,-0.0604743
32,0.67124,-0.668092,0.0122993,-0.0637525
34,0.654016,-0.650832,0.0128089,-0.0631729
36,0.636795,-0.633571,0.0133184,-0.0625933
38,0.619576,-0.61631,0.013828,-0.0620137
40,0.600891,-0.597707,0.0136572,-0.0602458
42,0.581461,-0.578424,0.0131423,-0.0578769
44,0.562032,-0.559142,0.0126274,-0.055508
46,0.543714,-0.540875,0.0120672,-0.054158
48,0.5318,-0.528436,0.0112468,-0.0586536
50,0.519952,-0.515997,0.0104264,-0.0631492
52,0.508173,-0.503559,0.009606,-0.0676447
54,0.496647,-0.491205,0.00815989,-0.0728636
56,0.485334,-0.478901,0.00635072,-0.078502
58,0.474145,-0.466598,0.00454154,-0.0841405
60,0.463474,-0.454639,0.003367,-0.0900036
62,0.455894,-0.445278,0.00697333,-0.0975592
64,0.448536,-0.435917,0.0105797,-0.105115
66,0.441414,-0.426557,0.014186,-0.11267
68,0.435717,-0.418226,0.0185109,-0.120804
70,0.431094,-0.410578,0.0233117,-0.129321
72,0.426781,-0.40293,0.0281125,-0.137838
74,0.423266,-0.395811,0.0327767,-0.146333
76,0.425065,-0.394318,0.0359877,-0.15459
78,0.427046,-0.392826,0.0391987,-0.162848
80,0.429206,-0.391333,0.0424097,-0.171105
82,0.434056,-0.392032,0.0465803,-0.180406
84,0.440991,-0.394381,0.0514738,-0.190493
86,0.448112,-0.39673,0.0563674,-0.20058
88,0.455493,-0.399318,0.0610854,-0.210447
90,0.464415,-0.406039,0.0627694,-0.216503
92,0.473347,-0.412759,0.0644534,-0.22256
94,0.48229,-0.41948,0.0661374,-0.228617
96,0.495411,-0.433756,0.0649457,-0.230368
98,0.512352,-0.454493,0.0612951,-0.228437
100,0.529595,-0.475229,0.0576444,-0.226507
102,0.546858,-0.495836,0.0536625,-0.224324
104,0.554258,-0.511018,0.0358785,-0.211604
106,0.583781,-0.530895,0.0326962,-0.240585
108,0.605384,-0.556913,0.0275436,-0.235752
110,0.615053,-0.578889,0.0304491,-0.205548
112,0.644151,-0.620386,0.032598,-0.170263
114,0.687068,-0.6734,0.0343003,-0.13198
116,0.732175,-0.727459,0.0339022,-0.0757259
118,0.78132,-0.780477,0.0325118,-0.0161264
120,0.825989,-0.82414,0.0257874,0.0488412
122,0.871371,-0.864095,0.017937,0.110935
124,0.912917,-0.897324,0.00804473,0.167816
126,0.950849,-0.926696,-0.00192979,0.212942
128,0.985813,-0.953472,-0.0119597,0.250154
130,1.01241,-0.97568,-0.017611,0.269655
132,1.03672,-0.996594,-0.021964,0.284796
134,1.05339,-1.01277,-0.0211319,0.288926
136,1.06724,-1.02673,-0.0181857,0.290681
138,1.07526,-1.03606,-0.0108329,0.287483
140,1.07979,-1.04105,-0.00323596,0.286643
142,1.08166,-1.04271,0.00454779,0.287608
144,1.07815,-1.03705,0.0145144,0.294501
146,1.07355,-1.02964,0.0253509,0.302849
148,1.06952,-1.02204,0.0427897,0.312181
150,1.06796,-1.01705,0.0588416,0.320438
152,1.07167,-1.01834,0.0715468,0.326096
154,1.07611,-1.02135,0.0786567,0.329653
156,1.08109,-1.02586,0.0809066,0.331385
158,1.07748,-1.02331,0.0703001,0.329922
160,1.07137,-1.01852,0.0558005,0.327634
162,1.05609,-1.00279,0.0307225,0.329844
164,1.04208,-0.986786,0.00749398,0.334854
166,1.03049,-0.969977,-0.0105175,0.347762
168,1.01949,-0.953887,-0.0197905,0.359272
170,1.0088,-0.938503,-0.0204607,0.369405
172,0.990079,-0.920452,-0.016069,0.364372
174,0.968622,-0.901492,-0.00995466,0.354178
176,0.943421,-0.877104,-0.0106677,0.347301
178,0.917569,-0.852215,-0.011301,0.339904
180,0.889664,-0.825865,-0.011398,0.330636
182,0.857067,-0.79692,-0.0143146,0.315085
184,0.819349,-0.76508,-0.0203773,0.292523
186,0.768497,-0.7234,-0.0309115,0.257535
188,0.713176,-0.677795,-0.0432294,0.21759
190,0.643659,-0.62202,-0.0553743,0.155955
192,0.577749,-0.567193,-0.0665283,0.0875239
194,0.523254,-0.518015,-0.0737306,-0.00430798
196,0.505926,-0.489001,-0.0876709,-0.095671
198,0.531604,-0.485502,-0.110138,-0.186441
200,0.600618,-0.531105,-0.170838,-0.222451
202,0.68977,-0.599434,-0.249235,-0.233117
204,0.920932,-0.798352,-0.382809,-0.253388
206,1.17959,-1.02469,-0.507454,-0.289692
208,1.5046,-1.335,-0.565953,-0.401593
210,1.74961,-1.57695,-0.594118,-0.470498
212,1.87706,-1.72059,-0.578659,-0.47757
214,1.82074,-1.71253,-0.469408,-0.402497
216,1.67714,-1.62362,-0.310174,-0.283645
218,1.4501,-1.44587,-0.0182364,-0.109174
220,1.295,-1.26196,0.282925,0.0666737
222,1.24948,-1.10533,0.54354,0.209801
224,1.30011,-1.06377,0.693776,0.278129
226,1.39852,-1.21082,0.663084,0.223848
228,1.45858,-1.34759,0.524701,0.190169
230,1.52187,-1.47808,0.320621,0.169058
232,1.48581,-1.45792,0.219644,0.183986
234,1.43773,-1.41673,0.141933,0.199503
236,1.41535,-1.39951,0.123058,0.171604
238,1.39212,-1.38099,0.103772,0.141749
240,1.36691,-1.36004,0.0837164,0.108221
242,1.34082,-1.33671,0.0759849,0.0723255
244,1.31443,-1.31173,0.0768232,0.0347847
246,1.2944,-1.29063,0.0984842,-0.00814689
248,1.2772,-1.27006,0.124861,-0.0508452
250,1.25875,-1.24646,0.157629,-0.0770586
252,1.23797,-1.21822,0.194595,-0.103195
254,1.21115,-1.17996,0.240633,-0.129165
256,1.1815,-1.13729,0.278851,-0.157291
258,1.14989,-1.09114,0.31089,-0.187123
260,1.11338,-1.04459,0.312357,-0.225571
262,1.07662,-0.997597,0.304856,-0.266428
264,1.02886,-0.942969,0.266979,-0.313185
266,0.984482,-0.890738,0.225882,-0.353227
268,0.94135,-0.844518,0.176711,-0.376433
270,0.900777,-0.808174,0.12732,-0.376886
272,0.861926,-0.780683,0.0777313,-0.356944
274,0.814696,-0.749795,0.0250595,-0.317663
276,0.768603,-0.718148,-0.0281578,-0.272434
278,0.741567,-0.708297,-0.0495221,-0.213973
280,0.73102,-0.71106,-0.0627409,-0.157628
282,0.7749,-0.767266,-0.044805,-0.0988221
284,0.787113,-0.783281,-0.0410982,-0.0657931
286,0.804389,-0.802228,-0.0383027,-0.0447742
288,0.824374,-0.822994,-0.0360725,-0.0312046
290,0.844621,-0.843759,-0.0338423,-0.017635
292,0.863642,-0.863065,-0.031131,-0.0051346
294,0.869805,-0.869467,-0.0241638,-0.00209265
296,0.851944,-0.851705,-0.0200971,0.00200872
298,0.856485,-0.856325,-0.0158308,0.00478108
300,0.861057,-0.860946,-0.0115645,0.00755344
302,0.865659,-0.865567,-0.00729817,0.0103258
304,0.875872,-0.875794,-0.0054233,0.0103624
306,0.887249,-0.887186,-0.00404476,0.00983119
308,0.898629,-0.898577,-0.00266622,0.00929999
310,0.94906,-0.949022,0.000521383,0.00847285
312,0.948256,-0.948221,0.00133515,0.00803403
314,0.947453,-0.94742,0.00214891,0.00759522
316,0.946651,-0.946619,0.00296267,0.0071564
318,0.94585,-0.945819,0.00377643,0.00671759
320,0.94505,-0.945018,0.00459019,0.00627878
322,0.944251,-0.944217,0.00540396,0.00583996
324,0.944107,-0.944074,0.00574545,0.00539251
326,0.945635,-0.94561,0.00488002,0.00492299
328,0.947165,-0.947146,0.0040146,0.00445347
330,0.948696,-0.948682,0.00314917,0.00398395
332,0.950228,-0.950219,0.00228375,0.00351442
334,0.951761,-0.951755,0.00141832,0.0030449
336,0.953295,-0.953291,0.000552895,0.00257538
338,0.95483,-0.954827,-0.00031253,0.00210585
340,0.956366,-0.956364,-0.00117796,0.00163633
342,0.957903,-0.9579,-0.00204338,0.00116681
344,0.959441,-0.959436,-0.00290881,0.000697285
346,0.96098,-0.960972,-0.00377423,0.000227763
348,0.96252,-0.962509,-0.00463966,-0.00024176
350,0.964061,-0.964045,-0.00550508,-0.000711283
352,0.965286,-0.965266,-0.00610379,-0.00109886
354,0.965379,-0.965361,-0.00574994,-0.00119379
356,0.965472,-0.965456,-0.00539609,-0.00128872
358,0.965565,-0.965551,-0.00504224,-0.00138364
360,0.965659,-0.965646,-0.00468839,-0.00147857
362,0.965752,-0.965741,-0.00433454,-0.00157349
364,0.965846,-0.965836,-0.00398069,-0.00166842
366,0.96594,-0.965932,-0.00362684,-0.00176335
368,0.966034,-0.966027,-0.00327299,-0.00185827
370,0.966128,-0.966122,-0.00291914,-0.0019532
372,0.966222,-0.966217,-0.0025653,-0.00204813
374,0.966317,-0.966312,-0.00221145,-0.00214305
376,0.966411,-0.966407,-0.0018576,-0.00223798
378,0.966506,-0.966502,-0.00150375,-0.00233291
380,0.966593,-0.966589,-0.00121694,-0.00243716
382,0.966636,-0.966631,-0.00129217,-0.00259175
384,0.966678,-0.966674,-0.00136739,-0.00274635
386,0.966721,-0.966716,-0.00144262,-0.00290095
388,0.966764,-0.966758,-0.00151784,-0.00305555
390,0.966807,-0.966801,-0.00159307,-0.00321015
392,0.96685,-0.966843,-0.00166829,-0.00336475
394,0.966893,-0.966885,-0.00174352,-0.00351935
396,0.966936,-0.966927,-0.00181875,-0.00367395
398,0.966979,-0.96697,-0.00189397,-0.00382855
400,0.967022,-0.967012,-0.0019692,-0.00398315
402,0.967065,-0.967054,-0.00204442,-0.00413774
404,0.967109,-0.967097,-0.00211965,-0.00429234
406,0.967152,-0.967139,-0.00219488,-0.00444694
408,0.967131,-0.967117,-0.00224935,-0.00461545
410,0.966488,-0.966473,-0.00210322,-0.00491843
412,0.965845,-0.965829,-0.0019571,-0.0052214
414,0.965203,-0.965185,-0.00181097,-0.00552438
416,0.96456,-0.964541,-0.00166484,-0.00582735
418,0.963918,-0.963898,-0.00151872,-0.00613033
420,0.963276,-0.963254,-0.00137259,-0.00643331
422,0.962634,-0.96261,-0.00122646,-0.00673628
424,0.961992,-0.961966,-0.00108034,-0.00703926
426,0.96135,-0.961322,-0.000934209,-0.00734223
428,0.960709,-0.960678,-0.000788083,-0.00764521
430,0.960067,-0.960034,-0.000641956,-0.00794818
432,0.959426,-0.95939,-0.00049583,-0.00825116
434,0.958784,-0.958746,-0.000349703,-0.00855413
436,0.958021,-0.95798,-0.000200027,-0.00886377
438,0.953459,-0.953413,5.96734e-05,-0.00938003
440,0.948898,-0.948846,0.000319374,-0.00989629
442,0.944337,-0.94428,0.000579075,-0.0104125
444,0.939777,-0.939713,0.000838775,-0.0109288
446,0.935217,-0.935146,0.00109848,-0.0114451
448,0.930657,-0.930579,0.00135818,-0.0119613
