x,v,vx,vy,vz
0,0.940749,-0.940521,-0.00494765,-0.0200731
2,0.937206,-0.936917,-0.00645029,-0.0223435
4,0.933672,-0.933314,-0.00795293,-0.0246139
6,0.930146,-0.92971,-0.00945556,-0.0268844
8,0.923855,-0.923348,-0.00987718,-0.0289544
10,0.914615,-0.914051,-0.00914804,-0.030811
12,0.905382,-0.904753,-0.00841889,-0.0326677
14,0.896154,-0.895456,-0.00768974,-0.0345243
16,0.886932,-0.886158,-0.0069606,-0.036381
18,0.877717,-0.876861,-0.00623145,-0.0382376
20,0.868507,-0.867564,-0.0055023,-0.0400943
22,0.854374,-0.853332,-0.00415424,-0.0419889
24,0.834303,-0.833144,-0.00205921,-0.0439293
26,0.814249,-0.812955,3.58243e-05,-0.0458698
28,0.794211,-0.792767,0.00213086,-0.0478102
30,0.774191,-0.772579,0.00422589,-0.0497506
32,0.754191,-0.752391,0.00632092,-0.0516911
34,0.734213,-0.732203,0.00841595,-0.0536315
36,0.715166,-0.713029,0.0102779,-0.0542784
38,0.697374,-0.695245,0.0118205,-0.0531525
40,0.679587,-0.677461,0.0133631,-0.0520266
42,0.661805,-0.659677,0.0149056,-0.0509007
44,0.62793,-0.626176,0.0177273,-0.0434159
46,0.605599,-0.603759,0.0195553,-0.0429268
48,0.589412,-0.587284,0.0208331,-0.0454901
50,0.573255,-0.570809,0.0221109,-0.0480534
52,0.557131,-0.554334,0.0233887,-0.0506167
54,0.539219,-0.535951,0.0235402,-0.054409
56,0.520319,-0.51646,0.0230381,-0.0589144
58,0.501506,-0.496969,0.022536,-0.0634198
60,0.483648,-0.478296,0.0220364,-0.0682883
62,0.472417,-0.465783,0.0215552,-0.0758926
64,0.461378,-0.45327,0.021074,-0.0834969
66,0.450544,-0.440757,0.0205928,-0.0911011
68,0.440315,-0.428563,0.020057,-0.0990364
70,0.430592,-0.416581,0.019485,-0.107191
72,0.421144,-0.404599,0.0189129,-0.115345
74,0.412244,-0.392822,0.0185966,-0.123654
76,0.406392,-0.383229,0.0209994,-0.1336
78,0.400946,-0.373637,0.0234023,-0.143546
80,0.395921,-0.364044,0.0258051,-0.153492
82,0.394167,-0.357277,0.028174,-0.164095
84,0.39494,-0.352638,0.0305173,-0.175194
86,0.396091,-0.347999,0.0328606,-0.186293
88,0.397398,-0.343228,0.035275,-0.197168
90,0.395236,-0.336178,0.0389184,-0.204161
92,0.399125,-0.334224,0.0427757,-0.213928
94,0.402655,-0.333443,0.0464294,-0.220887
96,0.406636,-0.335355,0.0498443,-0.22451
98,0.415626,-0.339212,0.060655,-0.232382
100,0.427583,-0.34407,0.0752729,-0.242439
102,0.442533,-0.361883,0.0888778,-0.238699
104,0.456934,-0.377994,0.102373,-0.235434
106,0.462655,-0.375736,0.115869,-0.243817
108,0.472289,-0.381878,0.119972,-0.250665
110,0.487912,-0.401339,0.109179,-0.255078
112,0.501135,-0.416849,0.0992826,-0.259838
114,0.512961,-0.430027,0.0899158,-0.264804
116,0.544962,-0.473939,0.0841891,-0.255495
118,0.581196,-0.52314,0.078853,-0.240615
120,0.615595,-0.578149,0.0723569,-0.198658
122,0.656602,-0.636355,0.0664863,-0.147509
124,0.707577,-0.700358,0.0617496,-0.0796903
126,0.759862,-0.758086,0.0514462,-0.00701208
128,0.815371,-0.81159,0.0373953,0.0689376
130,0.869544,-0.858746,0.0265587,0.134001
132,0.924326,-0.903443,0.0168876,0.194642
134,0.961917,-0.934161,0.013399,0.229016
136,0.996744,-0.963085,0.0123982,0.256541
138,1.02456,-0.988267,0.0165828,0.269788
140,1.05038,-1.01279,0.0218245,0.277622
142,1.07466,-1.03681,0.0278756,0.281313
144,1.08969,-1.05254,0.0276762,0.280738
146,1.10179,-1.06555,0.0257236,0.279056
148,1.09983,-1.06458,0.0186536,0.275588
150,1.09677,-1.06236,0.0118295,0.272303
152,1.09097,-1.05716,0.00559889,0.269456
154,1.08815,-1.05448,0.00312743,0.26857
156,1.08788,-1.05399,0.0039212,0.269387
158,1.09043,-1.05529,0.00322867,0.274608
160,1.09386,-1.05706,0.00198288,0.281339
162,1.09923,-1.05732,-0.00566497,0.300575
164,1.10601,-1.05835,-0.0125672,0.320935
166,1.1162,-1.06157,-0.0173659,0.344466
168,1.12284,-1.06341,-0.0195597,0.3599
170,1.1257,-1.0639,-0.0191888,0.367362
172,1.11412,-1.05518,-0.0200413,0.356995
174,1.09771,-1.04333,-0.0213101,0.34056
176,1.07574,-1.02072,-0.019756,0.339055
178,1.05415,-0.996821,-0.0186401,0.342389
180,1.03441,-0.969077,-0.0190992,0.36129
182,1.01651,-0.942833,-0.0177325,0.379538
184,1.00053,-0.918263,-0.0143288,0.397058
186,0.977401,-0.889378,-0.0138438,0.405127
188,0.951489,-0.858773,-0.0145231,0.409426
190,0.914529,-0.822404,-0.0260401,0.39917
192,0.873408,-0.784079,-0.0401565,0.382687
194,0.817407,-0.738929,-0.0627659,0.3438
196,0.754742,-0.692459,-0.0928763,0.2855
198,0.688301,-0.64432,-0.132479,0.202632
200,0.63386,-0.599954,-0.18373,0.0898762
202,0.608069,-0.557334,-0.240372,-0.0367127
204,0.645661,-0.549425,-0.296404,-0.16479
206,0.707683,-0.553735,-0.341147,-0.278947
208,0.761249,-0.604786,-0.330218,-0.32356
210,0.793679,-0.667157,-0.271091,-0.333672
212,0.814318,-0.745808,-0.142654,-0.294169
214,0.903862,-0.86738,-0.00422482,-0.254165
216,1.04356,-1.01183,0.139529,-0.213895
218,1.1656,-1.12663,0.263298,-0.141391
220,1.28746,-1.22288,0.400315,-0.0432171
222,1.39273,-1.22397,0.635855,0.193045
224,1.50987,-1.26738,0.766237,0.29381
226,1.56814,-1.38014,0.724246,0.172474
228,1.55729,-1.45057,0.56217,0.0706047
230,1.53059,-1.49517,0.326835,-0.019389
232,1.48242,-1.46331,0.232931,0.0451284
234,1.43615,-1.42085,0.164613,0.128868
236,1.40668,-1.39114,0.123341,0.168101
238,1.3823,-1.36331,0.0949085,0.207653
240,1.36478,-1.33904,0.0905673,0.247802
242,1.34265,-1.3138,0.0994291,0.258358
244,1.31686,-1.28789,0.117472,0.248336
246,1.27757,-1.25147,0.134111,0.219115
248,1.23595,-1.21251,0.151555,0.185554
250,1.19145,-1.16826,0.182587,0.146211
252,1.15579,-1.12893,0.2237,0.106439
254,1.13883,-1.10022,0.286595,0.0657376
256,1.12068,-1.06637,0.343219,0.0311676
258,1.10167,-1.02846,0.394888,0.00144214
260,1.08651,-0.993721,0.438758,-0.0224789
262,1.07352,-0.95996,0.478381,-0.0455402
264,1.04403,-0.930393,0.466598,-0.0816146
266,1.00706,-0.899132,0.435392,-0.127167
268,0.954377,-0.863629,0.355493,-0.196477
270,0.899937,-0.819521,0.256374,-0.269341
272,0.853384,-0.767699,0.140026,-0.34539
274,0.815557,-0.720859,0.0294119,-0.380303
276,0.790159,-0.675582,-0.0788506,-0.402148
278,0.743622,-0.636335,-0.133551,-0.360854
280,0.708182,-0.613238,-0.171926,-0.309681
282,0.69681,-0.6376,-0.162328,-0.229478
284,0.700535,-0.663382,-0.148675,-0.169022
286,0.714575,-0.690607,-0.130904,-0.128624
288,0.747044,-0.734381,-0.103404,-0.089816
290,0.78925,-0.784257,-0.0722282,-0.0513708
292,0.821151,-0.818982,-0.053868,-0.025597
294,0.829785,-0.828396,-0.044053,-0.0190455
296,0.809901,-0.808594,-0.0442349,-0.0125697
298,0.819236,-0.818452,-0.0353397,-0.00592495
300,0.828732,-0.828309,-0.0264446,0.000719761
302,0.838383,-0.838167,-0.0175495,0.00736447
304,0.851101,-0.850944,-0.0142485,0.00796951
306,0.864443,-0.864328,-0.0121085,0.00732104
308,0.877793,-0.877711,-0.00996857,0.00667257
310,0.933104,-0.933075,-0.00529861,0.00511145
312,0.933373,-0.933352,-0.00394852,0.0047479
314,0.933644,-0.93363,-0.00259843,0.00438436
316,0.933917,-0.933907,-0.00124834,0.00402081
318,0.934192,-0.934184,0.000101755,0.00365726
320,0.934469,-0.934462,0.00145185,0.00329371
322,0.934748,-0.934739,0.00280194,0.00293017
324,0.935536,-0.935526,0.00355667,0.0025828
326,0.937619,-0.937612,0.00278993,0.00227678
328,0.939703,-0.939699,0.00202318,0.00197075
330,0.941788,-0.941786,0.00125644,0.00166473
332,0.943874,-0.943873,0.000489695,0.00135871
334,0.94596,-0.94596,-0.000277049,0.00105268
336,0.948047,-0.948047,-0.00104379,0.000746661
338,0.950135,-0.950133,-0.00181054,0.000440638
340,0.952224,-0.95222,-0.00257728,0.000134616
342,0.954313,-0.954307,-0.00334402,-0.000171407
344,0.956403,-0.956394,-0.00411077,-0.00047743
346,0.958493,-0.958481,-0.00487751,-0.000783453
348,0.960585,-0.960567,-0.00564425,-0.00108948
350,0.962677,-0.962654,-0.006411,-0.0013955
352,0.964393,-0.964367,-0.00693806,-0.0016693
354,0.964765,-0.964741,-0.00660914,-0.00182803
356,0.965138,-0.965115,-0.00628022,-0.00198676
358,0.965511,-0.96549,-0.00595129,-0.00214549
360,0.965884,-0.965864,-0.00562237,-0.00230421
362,0.966256,-0.966239,-0.00529344,-0.00246294
364,0.96663,-0.966613,-0.00496452,-0.00262167
366,0.967003,-0.966988,-0.0046356,-0.0027804
368,0.967376,-0.967362,-0.00430667,-0.00293913
370,0.96775,-0.967737,-0.00397775,-0.00309785
372,0.968124,-0.968111,-0.00364882,-0.00325658
374,0.968497,-0.968486,-0.0033199,-0.00341531
376,0.968871,-0.96886,-0.00299098,-0.00357404
378,0.969245,-0.969235,-0.00266205,-0.00373277
380,0.969624,-0.969614,-0.00238199,-0.00387205
382,0.970029,-0.970019,-0.00236576,-0.00390637
384,0.970434,-0.970423,-0.00234953,-0.00394068
386,0.970839,-0.970828,-0.0023333,-0.00397499
388,0.971244,-0.971233,-0.00231707,-0.00400931
390,0.971649,-0.971638,-0.00230085,-0.00404362
392,0.972054,-0.972042,-0.00228462,-0.00407793
394,0.972459,-0.972447,-0.00226839,-0.00411224
396,0.972863,-0.972852,-0.00225216,-0.00414656
398,0.973268,-0.973257,-0.00223593,-0.00418087
400,0.973673,-0.973662,-0.0022197,-0.00421518
402,0.974078,-0.974066,-0.00220347,-0.00424949
404,0.974483,-0.974471,-0.00218725,-0.00428381
406,0.974888,-0.974876,-0.00217102,-0.00431812
408,0.975197,-0.975185,-0.00214893,-0.0043748
410,0.97458,-0.974566,-0.00207018,-0.00464767
412,0.973962,-0.973948,-0.00199143,-0.00492054
414,0.973345,-0.973329,-0.00191269,-0.00519341
416,0.972728,-0.972711,-0.00183394,-0.00546628
418,0.972111,-0.972092,-0.0017552,-0.00573916
420,0.971494,-0.971474,-0.00167645,-0.00601203
422,0.970877,-0.970855,-0.0015977,-0.0062849
424,0.97026,-0.970237,-0.00151896,-0.00655777
426,0.969644,-0.969619,-0.00144021,-0.00683064
428,0.969027,-0.969,-0.00136147,-0.00710351
430,0.968411,-0.968382,-0.00128272,-0.00737639
432,0.967794,-0.967763,-0.00120397,-0.00764926
434,0.967178,-0.967145,-0.00112523,-0.00792213
436,0.966465,-0.96643,-0.00103655,-0.00822045
438,0.962773,-0.962728,-0.000639849,-0.00930752
440,0.959082,-0.959026,-0.000243151,-0.0103946
442,0.955393,-0.955324,0.000153547,-0.0114817
444,0.951705,-0.951622,0.000550245,-0.0125687
446,0.948018,-0.947919,0.000946942,-0.0136558
448,0.944333,-0.944217,0.00134364,-0.0147429
