x,v,vx,vy,vz
0,0.974761,-0.97476,0.000668403,0.000633352
2,0.974502,-0.974501,0.000814607,0.000598952
4,0.974243,-0.974242,0.000960812,0.000564552
6,0.973984,-0.973983,0.00110702,0.000530152
8,0.973725,-0.973724,0.00125322,0.000495752
10,0.973466,-0.973465,0.00139942,0.000461352
12,0.973207,-0.973206,0.00154563,0.000426952
14,0.972948,-0.972947,0.00169183,0.000392552
16,0.972051,-0.972049,0.00175925,0.000409187
18,0.971133,-0.971131,0.00182412,0.000427469
20,0.970215,-0.970213,0.001889,0.00044575
22,0.969296,-0.969294,0.00195388,0.000464032
24,0.968378,-0.968376,0.00201875,0.000482313
26,0.96746,-0.967458,0.00208363,0.000500595
28,0.966542,-0.96654,0.0021485,0.000518876
30,0.965624,-0.965622,0.00221338,0.000537158
32,0.964706,-0.964704,0.00227825,0.000555439
34,0.963788,-0.963785,0.00234313,0.000573721
36,0.96287,-0.962867,0.002408,0.000592002
38,0.961952,-0.961949,0.00247288,0.000610284
40,0.961034,-0.961031,0.00253775,0.000628565
42,0.960116,-0.960113,0.00260263,0.000646847
44,0.959026,-0.959021,0.00287509,0.000652729
46,0.957917,-0.957912,0.00316902,0.000657328
48,0.956809,-0.956802,0.00346295,0.000661927
50,0.9557,-0.955693,0.00375688,0.000666526
52,0.954592,-0.954583,0.00405081,0.000671126
54,0.953484,-0.953474,0.00434474,0.000675725
56,0.952376,-0.952364,0.00463867,0.000680324
58,0.951268,-0.951255,0.0049326,0.000684923
60,0.95016,-0.950146,0.00522653,0.000689523
62,0.949052,-0.949036,0.00552046,0.000694122
64,0.947945,-0.947927,0.00581439,0.000698721
66,0.946837,-0.946817,0.00610832,0.00070332
68,0.94573,-0.945708,0.00640225,0.00070792
70,0.944622,-0.944598,0.00669618,0.000712519
72,0.941993,-0.941969,0.00677192,0.000749836
74,0.939083,-0.939058,0.00680725,0.000793212
76,0.936172,-0.936147,0.00684258,0.000836588
78,0.933262,-0.933236,0.00687791,0.000879963
80,0.930351,-0.930325,0.00691324,0.000923339
82,0.92744,-0.927414,0.00694858,0.000966715
84,0.92453,-0.924503,0.00698391,0.00101009
86,0.921619,-0.921592,0.00701924,0.00105347
88,0.918709,-0.918681,0.00705457,0.00109684
90,0.915798,-0.91577,0.0070899,0.00114022
92,0.912888,-0.912859,0.00712524,0.00118359
94,0.909977,-0.909948,0.00716057,0.00122697
96,0.907067,-0.907037,0.0071959,0.00127035
98,0.904156,-0.904126,0.00723123,0.00131372
100,0.900631,-0.900603,0.00705862,0.00130908
102,0.896934,-0.896907,0.00682778,0.001291
104,0.893238,-0.893212,0.00659694,0.00127292
106,0.889541,-0.889517,0.0063661,0.00125484
108,0.885844,-0.885822,0.00613526,0.00123675
110,0.882148,-0.882127,0.00590442,0.00121867
112,0.878451,-0.878432,0.00567358,0.00120059
114,0.874755,-0.874737,0.00544275,0.0011825
116,0.871058,-0.871042,0.00521191,0.00116442
118,0.867362,-0.867347,0.00498107,0.00114634
120,0.863665,-0.863651,0.00475023,0.00112826
122,0.859969,-0.859956,0.00451939,0.00111017
124,0.856273,-0.856261,0.00428855,0.00109209
126,0.852576,-0.852566,0.00405771,0.00107401
128,0.844353,-0.84435,0.00189009,0.00116507
130,0.834366,-0.834364,-0.0010354,0.00129885
132,0.82439,-0.824379,-0.00396089,0.00143263
134,0.814424,-0.814394,-0.00688639,0.00156641
136,0.80447,-0.804408,-0.00981188,0.00170018
138,0.794527,-0.794423,-0.0127374,0.00183396
140,0.784597,-0.784438,-0.0156629,0.00196774
142,0.774678,-0.774452,-0.0185884,0.00210151
144,0.764773,-0.764467,-0.0215139,0.00223529
146,0.754881,-0.754482,-0.0244393,0.00236907
148,0.745003,-0.744496,-0.0273648,0.00250284
150,0.73514,-0.734511,-0.0302903,0.00263662
152,0.725292,-0.724526,-0.0332158,0.0027704
154,0.71546,-0.71454,-0.0361413,0.00290418
156,0.70545,-0.704468,-0.0370714,0.00310659
158,0.695342,-0.694351,-0.0369563,0.00334496
160,0.685234,-0.684234,-0.0368412,0.00358334
162,0.675127,-0.674117,-0.036726,0.00382171
164,0.66502,-0.663999,-0.0366109,0.00406008
166,0.654914,-0.653882,-0.0364958,0.00429845
168,0.644808,-0.643765,-0.0363807,0.00453682
170,0.529022,-0.526434,-0.0517683,0.00717683
172,0.493608,-0.490424,-0.0553972,0.00799523
174,0.458316,-0.454414,-0.0590262,0.00881362
176,0.423791,-0.419039,-0.0626042,0.00927649
178,0.394419,-0.388837,-0.0657675,0.00684446
180,0.365226,-0.358635,-0.0689308,0.00441244
182,0.336259,-0.328434,-0.0720941,0.00198041
184,0.307581,-0.298232,-0.0752574,-0.000451618
186,0.279282,-0.26803,-0.0784207,-0.00288365
188,0.251488,-0.237828,-0.081584,-0.00531567
190,0.226086,-0.209807,-0.0838697,-0.00785209
192,0.221232,-0.207516,-0.0757991,-0.0116202
194,0.21666,-0.205226,-0.0677284,-0.0153884
196,0.212388,-0.202935,-0.0596578,-0.0191566
198,0.14356,-0.135069,-0.0414136,-0.025509
200,0.100112,-0.0885081,-0.0342156,-0.0319052
202,0.09563,-0.0811916,-0.0353999,-0.0360537
204,0.100098,-0.0834003,-0.0386187,-0.0396567
206,0.104646,-0.085609,-0.0418376,-0.0432597
208,0.111739,-0.0921957,-0.0428881,-0.046326
210,0.125708,-0.10955,-0.0386059,-0.0480722
212,0.105739,-0.0575069,-0.0126062,-0.0878336
214,0.118332,-0.0766466,-0.026555,-0.0861549
216,0.152305,-0.122965,-0.0584273,-0.068284
218,0.159096,-0.141766,-0.052147,-0.0499469
220,0.20262,-0.192013,-0.0607856,-0.0221614
222,0.190415,-0.182365,-0.0520934,0.0169436
224,0.21599,-0.188676,0.0833868,0.0640294
226,0.369982,-0.291324,0.222485,0.050172
228,0.452934,-0.380308,0.245974,-0.0034365
230,0.50914,-0.447669,0.234877,-0.0603983
232,0.529969,-0.479082,0.206611,-0.0930573
234,0.546392,-0.504667,0.173114,-0.117843
236,0.57355,-0.535059,0.149985,-0.142044
238,0.600456,-0.564591,0.126413,-0.160639
240,0.624452,-0.592511,0.10201,-0.168715
242,0.64725,-0.617563,0.0799555,-0.176507
244,0.669204,-0.640622,0.0595335,-0.184102
246,0.700698,-0.670425,0.0457038,-0.198544
248,0.758242,-0.726171,0.036182,-0.215168
250,0.791209,-0.75633,0.0326497,-0.230021
252,0.819573,-0.780665,0.0503287,-0.244395
254,0.866294,-0.822622,0.0468311,-0.267519
256,0.90202,-0.849076,0.0778552,-0.294361
258,0.930492,-0.861902,0.121319,-0.328971
260,0.910466,-0.813571,0.191445,-0.361109
262,0.928123,-0.743711,0.265033,-0.487917
264,0.77514,-0.521751,0.367255,-0.440161
266,0.461349,-0.226395,0.401755,0.0134584
268,1.15134,0.147563,0.220776,1.12029
270,1.70492,0.351373,-0.195893,1.65678
272,0.984743,0.289795,-0.183254,0.923123
274,0.620892,-0.114661,0.175629,0.584392
276,0.687921,-0.381001,0.248706,0.515965
278,0.651272,-0.505032,0.144596,0.384954
280,0.660629,-0.60131,0.0563337,0.267738
282,0.716133,-0.693073,0.00920692,0.180032
284,0.75606,-0.74381,-0.0254325,0.133138
286,0.779744,-0.770774,-0.0539623,0.104859
288,0.781208,-0.773477,-0.0653391,0.0880289
290,0.774488,-0.76758,-0.0706352,0.075258
292,0.777978,-0.772355,-0.0638071,0.0681592
294,0.782633,-0.778147,-0.0570623,0.0612001
296,0.790709,-0.787161,-0.0514431,0.0543396
298,0.797718,-0.794984,-0.0458487,0.0474639
300,0.806391,-0.804217,-0.0408724,0.042795
302,0.816223,-0.814447,-0.0363328,0.0396856
304,0.826101,-0.824678,-0.0317932,0.0365763
306,0.835936,-0.834818,-0.0273015,0.0335001
308,0.844656,-0.843767,-0.0234432,0.0308636
310,0.85056,-0.849828,-0.0212413,0.0281638
312,0.856829,-0.856223,-0.0187221,0.0262232
314,0.863112,-0.862618,-0.0162028,0.0242826
316,0.869408,-0.869013,-0.0136836,0.022342
318,0.87566,-0.875313,-0.0129576,0.0209597
320,0.881901,-0.881589,-0.0126887,0.0197198
322,0.888144,-0.887865,-0.0124199,0.0184799
324,0.894389,-0.89414,-0.012151,0.01724
326,0.900636,-0.900416,-0.0118821,0.0160001
328,0.906886,-0.906691,-0.0116133,0.0147601
330,0.913138,-0.912967,-0.0113444,0.0135202
332,0.916746,-0.916598,-0.0106803,0.0125273
334,0.919546,-0.91942,-0.00989521,0.01161
336,0.922348,-0.922241,-0.00911011,0.0106927
338,0.928943,-0.92888,-0.00611156,0.00890501
340,0.930589,-0.930533,-0.00600426,0.00825421
342,0.932235,-0.932185,-0.00589696,0.00760342
344,0.933882,-0.933838,-0.00578966,0.00695263
346,0.93553,-0.935491,-0.00568236,0.00630183
348,0.937177,-0.937144,-0.00557506,0.00565104
350,0.938826,-0.938797,-0.00546777,0.00500025
352,0.940542,-0.940517,-0.00535579,0.00447848
354,0.942501,-0.942476,-0.00522712,0.00441751
356,0.94446,-0.944436,-0.00509846,0.00435655
358,0.946419,-0.946396,-0.00496979,0.00429558
360,0.948378,-0.948356,-0.00484112,0.00423462
362,0.950337,-0.950316,-0.00471245,0.00417365
364,0.952296,-0.952276,-0.00458379,0.00411269
366,0.954255,-0.954236,-0.00445512,0.00405172
368,0.956214,-0.956196,-0.00432645,0.00399076
370,0.958173,-0.958156,-0.00419778,0.00392979
372,0.960132,-0.960116,-0.00406912,0.00386883
374,0.962091,-0.962076,-0.00394045,0.00380786
376,0.964051,-0.964036,-0.00381178,0.0037469
378,0.96601,-0.965996,-0.00368311,0.00368593
380,0.967698,-0.967685,-0.00354861,0.00360755
382,0.967925,-0.967913,-0.00338262,0.00343508
384,0.968151,-0.968141,-0.00321663,0.00326262
386,0.968378,-0.968368,-0.00305064,0.00309015
388,0.968605,-0.968596,-0.00288465,0.00291769
390,0.968832,-0.968824,-0.00271865,0.00274523
392,0.969058,-0.969052,-0.00255266,0.00257276
394,0.969285,-0.969279,-0.00238667,0.0024003
396,0.969512,-0.969507,-0.00222068,0.00222784
398,0.969739,-0.969735,-0.00205469,0.00205537
400,0.969966,-0.969963,-0.00188869,0.00188291
402,0.970194,-0.970191,-0.0017227,0.00171045
404,0.970421,-0.970418,-0.00155671,0.00153798
406,0.970648,-0.970646,-0.00139072,0.00136552
408,0.970892,-0.970891,-0.00123442,0.001207
410,0.9713,-0.971298,-0.00117179,0.00118325
412,0.971707,-0.971706,-0.00110916,0.0011595
414,0.972114,-0.972113,-0.00104654,0.00113574
416,0.972522,-0.972521,-0.000983908,0.00111199
418,0.972929,-0.972928,-0.000921281,0.00108824
420,0.973336,-0.973335,-0.000858654,0.00106449
422,0.973744,-0.973743,-0.000796027,0.00104074
424,0.974151,-0.97415,-0.0007334,0.00101699
426,0.974559,-0.974558,-0.000670772,0.00099324
428,0.974966,-0.974965,-0.000608145,0.000969489
430,0.975373,-0.975373,-0.000545518,0.000945738
432,0.975781,-0.97578,-0.000482891,0.000921987
434,0.976188,-0.976188,-0.000420264,0.000898236
436,0.976575,-0.976574,-0.000355025,0.000874153
438,0.976316,-0.976315,-0.000208821,0.000839753
440,0.976056,-0.976056,-6.26167e-05,0.000805353
442,0.975797,-0.975797,8.35873e-05,0.000770953
444,0.975538,-0.975538,0.000229791,0.000736553
446,0.975279,-0.975279,0.000375995,0.000702153
448,0.97502,-0.97502,0.000522199,0.000667753
