x,v,vx,vy,vz
0,0.988642,-0.988642,0.000244033,0.000114181
2,0.988649,-0.988649,0.000301711,0.000110094
4,0.988657,-0.988657,0.00035939,0.000106007
6,0.988665,-0.988664,0.000417068,0.00010192
8,0.988672,-0.988672,0.000474746,9.7833e-05
10,0.98868,-0.98868,0.000532425,9.37461e-05
12,0.988687,-0.988687,0.000590103,8.96591e-05
14,0.988695,-0.988695,0.000647781,8.55722e-05
16,0.988348,-0.988347,0.000700282,8.54422e-05
18,0.987989,-0.987989,0.000752616,8.54397e-05
20,0.98763,-0.98763,0.00080495,8.54373e-05
22,0.987272,-0.987271,0.000857284,8.54349e-05
24,0.986913,-0.986913,0.000909618,8.54324e-05
26,0.986554,-0.986554,0.000961952,8.543e-05
28,0.986196,-0.986195,0.00101429,8.54276e-05
30,0.985837,-0.985836,0.00106662,8.54252e-05
32,0.985478,-0.985478,0.00111895,8.54227e-05
34,0.98512,-0.985119,0.00117129,8.54203e-05
36,0.984761,-0.98476,0.00122362,8.54179e-05
38,0.984402,-0.984402,0.00127596,8.54154e-05
40,0.984044,-0.984043,0.00132829,8.5413e-05
42,0.983685,-0.983684,0.00138062,8.54106e-05
44,0.983203,-0.983202,0.00147713,9.07606e-05
46,0.982708,-0.982707,0.0015782,9.66642e-05
48,0.982213,-0.982212,0.00167928,0.000102568
50,0.981718,-0.981717,0.00178035,0.000108472
52,0.981224,-0.981222,0.00188142,0.000114375
54,0.980729,-0.980727,0.0019825,0.000120279
56,0.980234,-0.980232,0.00208357,0.000126183
58,0.979739,-0.979737,0.00218465,0.000132086
60,0.979245,-0.979242,0.00228572,0.00013799
62,0.97875,-0.978747,0.00238679,0.000143894
64,0.978255,-0.978252,0.00248787,0.000149797
66,0.97776,-0.977757,0.00258894,0.000155701
68,0.977266,-0.977262,0.00269002,0.000161605
70,0.976771,-0.976767,0.00279109,0.000167508
72,0.975625,-0.975621,0.00283857,0.000164797
74,0.974359,-0.974355,0.00287612,0.000160489
76,0.973093,-0.973088,0.00291368,0.000156182
78,0.971826,-0.971822,0.00295123,0.000151875
80,0.97056,-0.970556,0.00298878,0.000147568
82,0.969294,-0.969289,0.00302634,0.000143261
84,0.968028,-0.968023,0.00306389,0.000138954
86,0.966762,-0.966757,0.00310144,0.000134647
88,0.965495,-0.96549,0.003139,0.00013034
90,0.964229,-0.964224,0.00317655,0.000126033
92,0.962963,-0.962958,0.0032141,0.000121726
94,0.961697,-0.961691,0.00325165,0.000117418
96,0.960431,-0.960425,0.00328921,0.000113111
98,0.959164,-0.959159,0.00332676,0.000108804
100,0.957382,-0.957375,0.00363976,0.000162673
102,0.955455,-0.955447,0.00402989,0.000232832
104,0.953529,-0.953518,0.00442002,0.00030299
106,0.951602,-0.95159,0.00481015,0.000373149
108,0.949676,-0.949662,0.00520028,0.000443307
110,0.94775,-0.947733,0.00559041,0.000513466
112,0.945824,-0.945805,0.00598053,0.000583624
114,0.943898,-0.943876,0.00637066,0.000653782
116,0.941973,-0.941948,0.00676079,0.000723941
118,0.940047,-0.94002,0.00715092,0.000794099
120,0.938122,-0.938091,0.00754105,0.000864258
122,0.936197,-0.936163,0.00793117,0.000934416
124,0.934272,-0.934235,0.0083213,0.00100457
126,0.932348,-0.932306,0.00871143,0.00107473
128,0.927487,-0.927444,0.0089558,0.0010427
130,0.921479,-0.921433,0.00914314,0.000970668
132,0.91547,-0.915422,0.00933047,0.000898641
134,0.909461,-0.909411,0.00951781,0.000826613
136,0.903452,-0.9034,0.00970514,0.000754586
138,0.897444,-0.897389,0.00989248,0.000682558
140,0.891435,-0.891378,0.0100798,0.000610531
142,0.885427,-0.885367,0.0102671,0.000538503
144,0.879419,-0.879356,0.0104545,0.000466476
146,0.87341,-0.873345,0.0106418,0.000394449
148,0.867402,-0.867335,0.0108292,0.000322421
150,0.861394,-0.861324,0.0110165,0.000250394
152,0.855386,-0.855313,0.0112038,0.000178366
154,0.849378,-0.849302,0.0113912,0.000106339
156,0.837772,-0.837689,0.0117782,9.45239e-05
158,0.823233,-0.823141,0.0122698,0.000114249
160,0.808694,-0.808594,0.0127614,0.000133974
162,0.794157,-0.794046,0.013253,0.000153699
164,0.77962,-0.779499,0.0137446,0.000173423
166,0.765084,-0.764951,0.0142362,0.000193148
168,0.750548,-0.750404,0.0147278,0.000212873
170,0.703401,-0.702957,0.024191,0.00623327
172,0.681037,-0.680464,0.0268493,0.00770222
174,0.658696,-0.657971,0.0295076,0.00917116
176,0.634742,-0.633859,0.0318434,0.0102726
178,0.597459,-0.596567,0.0315523,0.00838137
180,0.560185,-0.559274,0.0312613,0.00649016
182,0.522919,-0.521981,0.0309702,0.00459895
184,0.485666,-0.484688,0.0306792,0.00270773
186,0.448427,-0.447396,0.0303881,0.000816521
188,0.411207,-0.410103,0.0300971,-0.00107469
190,0.374107,-0.372922,0.0296112,-0.00287513
192,0.338142,-0.337057,0.0268271,-0.0036044
194,0.302182,-0.301192,0.0240429,-0.00433367
196,0.266226,-0.265328,0.0212588,-0.00506295
198,0.202207,-0.201376,0.0138992,0.0119233
200,0.151203,-0.150058,0.0107763,0.0151301
202,0.102048,-0.101599,0.00789503,0.00538343
204,0.054592,-0.0538349,0.00507243,-0.0075073
206,0.0214007,-0.00607045,0.00224982,-0.020398
208,0.0484229,0.0344354,0.00269972,-0.0339367
210,0.0761071,0.0570889,0.0111982,-0.0490688
212,0.137911,0.10618,0.0388268,-0.0789791
214,0.176348,0.140453,0.0487323,-0.0948517
216,0.207543,0.170928,0.052158,-0.105534
218,0.219501,0.187487,0.0528377,-0.101181
220,0.226732,0.198106,0.060332,-0.0923117
222,0.22776,0.201561,0.078409,-0.0714125
224,0.21682,0.175883,0.113677,-0.0561603
226,0.1674,0.0907831,0.137805,0.0281245
228,0.178101,0.0329659,0.144667,0.0985129
230,0.181381,-0.0365055,0.145363,0.102157
232,0.186604,-0.108571,0.144632,0.0459884
234,0.188232,-0.154641,0.106468,-0.013492
236,0.21032,-0.187952,0.0829685,-0.0449972
238,0.235641,-0.216807,0.0700398,-0.0601309
240,0.260928,-0.238456,0.0545212,-0.0908268
242,0.305147,-0.263148,0.0921159,-0.124027
244,0.395164,-0.322414,0.164589,-0.158474
246,0.492899,-0.410099,0.195772,-0.190897
248,0.594756,-0.507018,0.219211,-0.220485
250,0.670655,-0.608722,0.193363,-0.204564
252,0.735782,-0.694942,0.16709,-0.174678
254,0.769271,-0.747708,0.139899,-0.114624
256,0.797214,-0.784774,0.129486,-0.0539778
258,0.820209,-0.809432,0.132331,0.00713592
260,0.825803,-0.816458,0.118853,0.0349326
262,0.82887,-0.821082,0.0999738,0.0534343
264,0.87282,-0.869906,0.0512428,0.0495233
266,0.900458,-0.898452,-0.0015622,0.0600561
268,0.885012,-0.876167,-0.0645798,0.106798
270,0.857188,-0.842204,-0.0953205,0.12798
272,0.81352,-0.797772,-0.0971316,0.126254
274,0.788547,-0.774732,-0.0903272,0.115919
276,0.769525,-0.75831,-0.0809391,0.102876
278,0.767142,-0.759738,-0.0712659,0.0788988
280,0.76986,-0.765095,-0.0622075,0.0586888
282,0.788216,-0.784585,-0.0551609,0.0516589
284,0.798685,-0.796349,-0.0475031,0.0383337
286,0.810493,-0.808915,-0.0398585,0.0311131
288,0.823073,-0.821976,-0.0322223,0.027679
290,0.835751,-0.835038,-0.0245861,0.0242449
292,0.848036,-0.847599,-0.017597,0.0207964
294,0.856061,-0.855732,-0.0163329,0.0172198
296,0.860365,-0.860065,-0.0190163,0.012417
298,0.868407,-0.868205,-0.0158001,0.0100571
300,0.87647,-0.876346,-0.0125839,0.00769716
302,0.884552,-0.884486,-0.00936765,0.00533725
304,0.891081,-0.891026,-0.00867312,0.00471272
306,0.897286,-0.897234,-0.00850194,0.00444836
308,0.903491,-0.903443,-0.00833077,0.004184
310,0.918191,-0.91814,-0.00896457,0.00352499
312,0.921744,-0.921698,-0.00854209,0.00338384
314,0.925297,-0.925256,-0.00811961,0.00324269
316,0.928851,-0.928814,-0.00769713,0.00310155
318,0.932405,-0.932371,-0.00727465,0.0029604
320,0.935959,-0.935929,-0.00685217,0.00281926
322,0.939513,-0.939487,-0.00642969,0.00267811
324,0.942676,-0.942653,-0.00608888,0.00253639
326,0.944839,-0.944818,-0.00595677,0.00239322
328,0.947003,-0.946982,-0.00582467,0.00225005
330,0.949166,-0.949147,-0.00569257,0.00210688
332,0.951329,-0.951311,-0.00556047,0.00196372
334,0.953493,-0.953476,-0.00542837,0.00182055
336,0.955656,-0.95564,-0.00529627,0.00167738
338,0.95782,-0.957805,-0.00516417,0.00153421
340,0.959983,-0.959969,-0.00503207,0.00139104
342,0.962147,-0.962134,-0.00489997,0.00124787
344,0.964311,-0.964298,-0.00476787,0.0011047
346,0.966474,-0.966463,-0.00463576,0.000961527
348,0.968638,-0.968627,-0.00450366,0.000818358
350,0.970802,-0.970792,-0.00437156,0.000675188
352,0.97261,-0.972601,-0.00422609,0.000562954
354,0.973148,-0.973139,-0.00403284,0.000561206
356,0.973686,-0.973678,-0.0038396,0.000559458
358,0.974224,-0.974217,-0.00364636,0.00055771
360,0.974762,-0.974755,-0.00345312,0.000555962
362,0.9753,-0.975294,-0.00325988,0.000554213
364,0.975838,-0.975833,-0.00306664,0.000552465
366,0.976376,-0.976371,-0.00287339,0.000550717
368,0.976914,-0.97691,-0.00268015,0.000548969
370,0.977452,-0.977449,-0.00248691,0.000547221
372,0.97799,-0.977987,-0.00229367,0.000545473
374,0.978528,-0.978526,-0.00210043,0.000543724
376,0.979067,-0.979065,-0.00190719,0.000541976
378,0.979605,-0.979603,-0.00171394,0.000540228
380,0.980141,-0.980139,-0.00154418,0.000534675
382,0.980662,-0.980661,-0.00150121,0.000508575
384,0.981184,-0.981183,-0.00145824,0.000482474
386,0.981706,-0.981705,-0.00141527,0.000456374
388,0.982227,-0.982226,-0.0013723,0.000430274
390,0.982749,-0.982748,-0.00132933,0.000404173
392,0.983271,-0.98327,-0.00128635,0.000378073
394,0.983793,-0.983792,-0.00124338,0.000351973
396,0.984314,-0.984313,-0.00120041,0.000325872
398,0.984836,-0.984835,-0.00115744,0.000299772
400,0.985358,-0.985357,-0.00111447,0.000273672
402,0.985879,-0.985879,-0.0010715,0.000247571
404,0.986401,-0.986401,-0.00102853,0.000221471
406,0.986923,-0.986922,-0.000985555,0.000195371
408,0.987404,-0.987403,-0.000941378,0.000171525
410,0.987488,-0.987488,-0.000885549,0.000169477
412,0.987573,-0.987573,-0.00082972,0.000167429
414,0.987658,-0.987658,-0.000773891,0.000165381
416,0.987743,-0.987743,-0.000718062,0.000163333
418,0.987828,-0.987828,-0.000662233,0.000161285
420,0.987913,-0.987912,-0.000606404,0.000159237
422,0.987997,-0.987997,-0.000550575,0.000157189
424,0.988082,-0.988082,-0.000494746,0.000155141
426,0.988167,-0.988167,-0.000438918,0.000153093
428,0.988252,-0.988252,-0.000383089,0.000151045
430,0.988337,-0.988337,-0.00032726,0.000148997
432,0.988422,-0.988422,-0.000271431,0.000146949
434,0.988507,-0.988507,-0.000215602,0.000144901
436,0.988589,-0.988589,-0.000159715,0.000142789
438,0.988597,-0.988597,-0.000102037,0.000138702
440,0.988604,-0.988604,-4.43585e-05,0.000134615
442,0.988612,-0.988612,1.33198e-05,0.000130528
444,0.988619,-0.988619,7.09981e-05,0.000126441
446,0.988627,-0.988627,0.000128676,0.000122355
448,0.988634,-0.988634,0.000186355,0.000118268
