x,v,vx,vy,vz
0,1,-1,-6.15058e-07,8.05256e-08
2,1,-1,-6.10265e-07,8.16091e-08
4,1,-1,-6.05471e-07,8.26927e-08
6,1,-1,-6.00677e-07,8.37762e-08
8,1,-1,-5.95883e-07,8.48598e-08
10,1,-1,-5.91089e-07,8.59433e-08
12,1,-1,-5.86295e-07,8.70269e-08
14,1,-1,-5.81501e-07,8.81105e-08
16,1,-1,-5.5415e-07,8.99889e-08
18,1,-1,-5.26072e-07,9.18929e-08
20,1,-1,-4.97993e-07,9.37969e-08
22,1,-1,-4.69914e-07,9.5701e-08
24,1,-1,-4.41836e-07,9.7605e-08
26,1,-1,-4.13757e-07,9.95091e-08
28,1,-1,-3.85678e-07,1.01413e-07
30,1,-1,-3.576e-07,1.03317e-07
32,1,-1,-3.29521e-07,1.05221e-07
34,1,-1,-3.01442e-07,1.07125e-07
36,1,-1,-2.73364e-07,1.09029e-07
38,1,-1,-2.45285e-07,1.10933e-07
40,1,-1,-2.17206e-07,1.12837e-07
42,1,-1,-1.89128e-07,1.14741e-07
44,1,-1,-1.65963e-07,1.15341e-07
46,1,-1,-1.43308e-07,1.15805e-07
48,1,-1,-1.20652e-07,1.16269e-07
50,1,-1,-9.79959e-08,1.16733e-07
52,1,-1,-7.53401e-08,1.17198e-07
54,1,-1,-5.26842e-08,1.17662e-07
56,1,-1,-3.00283e-08,1.18126e-07
58,1,-1,-7.37248e-09,1.18591e-07
60,1,-1,1.52834e-08,1.19055e-07
62,1,-1,3.79392e-08,1.19519e-07
64,1,-1,6.05951e-08,1.19983e-07
66,1,-1,8.3251e-08,1.20448e-07
68,1,-1,1.05907e-07,1.20912e-07
70,1,-1,1.28563e-07,1.21376e-07
72,1,-1,1.6056e-07,1.21056e-07
74,1,-1,1.94288e-07,1.20591e-07
76,1,-1,2.28015e-07,1.20126e-07
78,1,-1,2.61742e-07,1.19661e-07
80,1,-1,2.9547e-07,1.19196e-07
82,1,-1,3.29197e-07,1.18731e-07
84,1,-1,3.62925e-07,1.18266e-07
86,1,-1,3.96652e-07,1.17801e-07
88,1,-1,4.3038e-07,1.17336e-07
90,1,-1,4.64107e-07,1.16871e-07
92,1,-1,4.97834e-07,1.16406e-07
94,1,-1,5.31562e-07,1.15941e-07
96,1,-1,5.65289e-07,1.15476e-07
98,1,-1,5.99017e-07,1.15011e-07
100,1,-1,6.3135e-07,1.15117e-07
102,1,-1,6.63293e-07,1.15383e-07
104,1,-1,6.95235e-07,1.15649e-07
106,1,-1,7.27178e-07,1.15915e-07
108,1,-1,7.59121e-07,1.16181e-07
110,1,-1,7.91064e-07,1.16446e-07
112,1,-1,8.23007e-07,1.16712e-07
114,1,-1,8.54949e-07,1.16978e-07
116,1,-1,8.86892e-07,1.17244e-07
118,1,-1,9.18835e-07,1.1751e-07
120,1,-1,9.50778e-07,1.17776e-07
122,1,-1,9.82721e-07,1.18042e-07
124,1,-1,1.01466e-06,1.18308e-07
126,1,-1,1.04661e-06,1.18573e-07
128,1,-1,1.06178e-06,1.1822e-07
130,1,-1,1.0704e-06,1.17625e-07
132,1,-1,1.07902e-06,1.1703e-07
134,1,-1,1.08763e-06,1.16434e-07
136,1,-1,1.09625e-06,1.15839e-07
138,1,-1,1.10486e-06,1.15244e-07
140,1,-1,1.11348e-06,1.14648e-07
142,1,-1,1.1221e-06,1.14053e-07
144,1,-1,1.13071e-06,1.13458e-07
146,1,-1,1.13933e-06,1.12863e-07
148,1,-1,1.14795e-06,1.12267e-07
150,1,-1,1.15656e-06,1.11672e-07
152,1,-1,1.16518e-06,1.11077e-07
154,1,-1,1.17379e-06,1.10481e-07
156,1,-1,1.16773e-06,1.10407e-07
158,1,-1,1.15397e-06,1.10606e-07
160,1,-1,1.14021e-06,1.10805e-07
162,1,-1,1.12645e-06,1.11004e-07
164,1,-1,1.11269e-06,1.11203e-07
166,1,-1,1.09893e-06,1.11401e-07
168,1,-1,1.08517e-06,1.116e-07
170,1,-1,1.07141e-06,1.11799e-07
172,1,-1,1.05765e-06,1.11998e-07
174,1,-1,1.04389e-06,1.12197e-07
176,1,-1,1.03013e-06,1.12396e-07
178,1,-1,1.01637e-06,1.12595e-07
180,1,-1,1.00262e-06,1.12793e-07
182,1,-1,9.88856e-07,1.12992e-07
184,1,-1,9.62274e-07,1.12614e-07
186,1,-1,9.26918e-07,1.1184e-07
188,1,-1,8.91562e-07,1.11066e-07
190,1,-1,8.56206e-07,1.10292e-07
192,1,-1,8.20851e-07,1.09519e-07
194,1,-1,7.85495e-07,1.08745e-07
196,1,-1,7.50139e-07,1.07971e-07
198,1,-1,7.14783e-07,1.07197e-07
200,1,-1,6.79428e-07,1.06423e-07
202,1,-1,6.44072e-07,1.0565e-07
204,1,-1,6.08716e-07,1.04876e-07
206,1,-1,5.7336e-07,1.04102e-07
208,1,-1,5.38004e-07,1.03328e-07
210,1,-1,5.02649e-07,1.02555e-07
212,1,-1,4.80556e-07,1.02456e-07
214,1,-1,4.70166e-07,1.02953e-07
216,1,-1,4.59776e-07,1.03451e-07
218,1,-1,4.49386e-07,1.03948e-07
220,1,-1,4.38995e-07,1.04445e-07
222,1,-1,4.28605e-07,1.04943e-07
224,1,-1,4.18215e-07,1.0544e-07
226,1,-1,4.07825e-07,1.05938e-07
228,1,-1,3.97435e-07,1.06435e-07
230,1,-1,3.87045e-07,1.06932e-07
232,1,-1,3.76655e-07,1.0743e-07
234,1,-1,3.66265e-07,1.07927e-07
236,1,-1,3.55875e-07,1.08424e-07
238,1,-1,3.45485e-07,1.08922e-07
240,1,-1,3.29926e-07,1.08814e-07
242,1,-1,3.08511e-07,1.08021e-07
244,1,-1,2.87096e-07,1.07228e-07
246,1,-1,2.65681e-07,1.06434e-07
248,1,-1,2.44265e-07,1.05641e-07
250,1,-1,2.2285e-07,1.04848e-07
252,1,-1,2.01435e-07,1.04055e-07
254,1,-1,1.8002e-07,1.03262e-07
256,1,-1,1.58604e-07,1.02469e-07
258,1,-1,1.37189e-07,1.01675e-07
260,1,-1,1.15774e-07,1.00882e-07
262,1,-1,9.43586e-08,1.00089e-07
264,1,-1,7.29433e-08,9.92959e-08
266,1,-1,5.15281e-08,9.85027e-08
268,1,-1,4.93562e-08,9.8315e-08
270,1,-1,7.53094e-08,9.90123e-08
272,1,-1,1.01263e-07,9.97095e-08
274,1,-1,1.27216e-07,1.00407e-07
276,1,-1,1.53169e-07,1.01104e-07
278,1,-1,1.79122e-07,1.01801e-07
280,1,-1,2.05075e-07,1.02499e-07
282,1,-1,2.31028e-07,1.03196e-07
284,1,-1,2.56982e-07,1.03893e-07
286,1,-1,2.82935e-07,1.0459e-07
288,1,-1,3.08888e-07,1.05288e-07
290,1,-1,3.34841e-07,1.05985e-07
292,1,-1,3.60794e-07,1.06682e-07
294,1,-1,3.86747e-07,1.07379e-07
296,1,-1,4.11228e-07,1.07709e-07
298,1,-1,4.32897e-07,1.07337e-07
300,1,-1,4.54565e-07,1.06964e-07
302,1,-1,4.76234e-07,1.06592e-07
304,1,-1,4.97903e-07,1.0622e-07
306,1,-1,5.19571e-07,1.05847e-07
308,1,-1,5.4124e-07,1.05475e-07
310,1,-1,5.62909e-07,1.05103e-07
312,1,-1,5.84577e-07,1.0473e-07
314,1,-1,6.06246e-07,1.04358e-07
316,1,-1,6.27915e-07,1.03985e-07
318,1,-1,6.49583e-07,1.03613e-07
320,1,-1,6.71252e-07,1.03241e-07
322,1,-1,6.92921e-07,1.02868e-07
324,1,-1,7.16493e-07,1.02777e-07
326,1,-1,7.4493e-07,1.03405e-07
328,1,-1,7.73367e-07,1.04033e-07
330,1,-1,8.01804e-07,1.04661e-07
332,1,-1,8.30241e-07,1.05289e-07
334,1,-1,8.58678e-07,1.05917e-07
336,1,-1,8.87115e-07,1.06545e-07
338,1,-1,9.15552e-07,1.07173e-07
340,1,-1,9.43989e-07,1.07801e-07
342,1,-1,9.72426e-07,1.08428e-07
344,1,-1,1.00086e-06,1.09056e-07
346,1,-1,1.0293e-06,1.09684e-07
348,1,-1,1.05774e-06,1.10312e-07
350,1,-1,1.08617e-06,1.1094e-07
352,1,-1,1.1081e-06,1.11359e-07
354,1,-1,1.10679e-06,1.11034e-07
356,1,-1,1.10547e-06,1.10709e-07
358,1,-1,1.10415e-06,1.10384e-07
360,1,-1,1.10284e-06,1.10059e-07
362,1,-1,1.10152e-06,1.09734e-07
364,1,-1,1.10021e-06,1.09408e-07
366,1,-1,1.09889e-06,1.09083e-07
368,1,-1,1.09757e-06,1.08758e-07
370,1,-1,1.09626e-06,1.08433e-07
372,1,-1,1.09494e-06,1.08108e-07
374,1,-1,1.09363e-06,1.07782e-07
376,1,-1,1.09231e-06,1.07457e-07
378,1,-1,1.09099e-06,1.07132e-07
380,1,-1,1.08322e-06,1.06853e-07
382,1,-1,1.04054e-06,1.0682e-07
384,1,-1,9.97861e-07,1.06788e-07
386,1,-1,9.55184e-07,1.06755e-07
388,1,-1,9.12506e-07,1.06723e-07
390,1,-1,8.69829e-07,1.06691e-07
392,1,-1,8.27152e-07,1.06658e-07
394,1,-1,7.84474e-07,1.06626e-07
396,1,-1,7.41797e-07,1.06593e-07
398,1,-1,6.99119e-07,1.06561e-07
400,1,-1,6.56442e-07,1.06529e-07
402,1,-1,6.13765e-07,1.06496e-07
404,1,-1,5.71087e-07,1.06464e-07
406,1,-1,5.2841e-07,1.06431e-07
408,1,-1,4.82144e-07,1.06179e-07
410,1,-1,4.01184e-07,1.03797e-07
412,1,-1,3.20224e-07,1.01415e-07
414,1,-1,2.39264e-07,9.90331e-08
416,1,-1,1.58304e-07,9.66513e-08
418,1,-1,7.73441e-08,9.42694e-08
420,1,-1,-3.61578e-09,9.18875e-08
422,1,-1,-8.45757e-08,8.95056e-08
424,1,-1,-1.65536e-07,8.71237e-08
426,1,-1,-2.46496e-07,8.47418e-08
428,1,-1,-3.27455e-07,8.23599e-08
430,1,-1,-4.08415e-07,7.9978e-08
432,1,-1,-4.89375e-07,7.75961e-08
434,1,-1,-5.70335e-07,7.52143e-08
436,1,-1,-6.48615e-07,7.29407e-08
438,1,-1,-6.43821e-07,7.40242e-08
440,1,-1,-6.39028e-07,7.51078e-08
442,1,-1,-6.34234e-07,7.61913e-08
444,1,-1,-6.2944e-07,7.72749e-08
446,1,-1,-6.24646e-07,7.83584e-08
448,1,-1,-6.19852e-07,7.9442e-08
