x,v,vx,vy,vz
0,0.983932,-0.983929,0.00033581,0.00238348
2,0.984028,-0.984025,0.000419599,0.00251574
4,0.984124,-0.984121,0.000503388,0.002648
6,0.984221,-0.984217,0.000587177,0.00278026
8,0.984317,-0.984312,0.000670966,0.00291252
10,0.984413,-0.984408,0.000754755,0.00304478
12,0.984509,-0.984504,0.000838544,0.00317704
14,0.984606,-0.9846,0.000922333,0.0033093
16,0.983156,-0.983149,0.000737875,0.0035964
18,0.981656,-0.981648,0.000544763,0.0038885
20,0.980156,-0.980147,0.000351652,0.0041806
22,0.978657,-0.978646,0.00015854,0.00447269
24,0.977157,-0.977146,-3.45716e-05,0.00476479
26,0.975658,-0.975645,-0.000227683,0.00505688
28,0.974159,-0.974144,-0.000420795,0.00534898
30,0.97266,-0.972643,-0.000613907,0.00564108
32,0.971161,-0.971142,-0.000807018,0.00593317
34,0.969662,-0.969642,-0.00100013,0.00622527
36,0.968164,-0.968141,-0.00119324,0.00651736
38,0.966665,-0.96664,-0.00138635,0.00680946
40,0.965167,-0.965139,-0.00157946,0.00710156
42,0.963668,-0.963638,-0.00177258,0.00739365
44,0.960668,-0.960635,-0.00197025,0.00762999
46,0.957512,-0.957477,-0.00216839,0.00786056
48,0.954356,-0.954319,-0.00236653,0.00809113
50,0.9512,-0.95116,-0.00256467,0.0083217
52,0.948044,-0.948002,-0.00276281,0.00855227
54,0.944889,-0.944843,-0.00296095,0.00878284
56,0.941733,-0.941685,-0.00315909,0.00901341
58,0.938578,-0.938527,-0.00335723,0.00924398
60,0.935423,-0.935368,-0.00355537,0.00947454
62,0.932268,-0.93221,-0.00375351,0.00970511
64,0.929113,-0.929051,-0.00395165,0.00993568
66,0.925958,-0.925893,-0.00414979,0.0101663
68,0.922803,-0.922735,-0.00434793,0.0103968
70,0.919649,-0.919576,-0.00454607,0.0106274
72,0.912535,-0.912451,-0.00526548,0.011216
74,0.904689,-0.904591,-0.00608141,0.0118709
76,0.896845,-0.896731,-0.00689735,0.0125258
78,0.889002,-0.888871,-0.00771328,0.0131807
80,0.88116,-0.881011,-0.00852922,0.0138356
82,0.873321,-0.873151,-0.00934516,0.0144905
84,0.865483,-0.86529,-0.0101611,0.0151454
86,0.857646,-0.85743,-0.010977,0.0158004
88,0.849812,-0.84957,-0.011793,0.0164553
90,0.841979,-0.84171,-0.0126089,0.0171102
92,0.834147,-0.83385,-0.0134248,0.0177651
94,0.826318,-0.82599,-0.0142408,0.01842
96,0.818491,-0.81813,-0.0150567,0.0190749
98,0.810666,-0.81027,-0.0158726,0.0197298
100,0.802344,-0.80193,-0.016768,0.0195826
102,0.793884,-0.793455,-0.0176855,0.0192108
104,0.785426,-0.78498,-0.0186031,0.0188389
106,0.776969,-0.776505,-0.0195207,0.0184671
108,0.768515,-0.76803,-0.0204382,0.0180953
110,0.760061,-0.759555,-0.0213558,0.0177235
112,0.75161,-0.75108,-0.0222733,0.0173516
114,0.707167,-0.703189,-0.0371069,0.0650677
116,0.690905,-0.685474,-0.0412868,0.0759693
118,0.674919,-0.667758,-0.0454667,0.0868708
120,0.666078,-0.656855,-0.0507253,0.0981279
122,0.679894,-0.668202,-0.0595077,0.110547
124,0.693954,-0.67955,-0.0682901,0.122965
126,0.708243,-0.690898,-0.0770724,0.135384
128,0.621195,-0.583787,-0.0810243,0.196242
130,0.609842,-0.554404,-0.0954192,0.235455
132,0.614576,-0.550604,-0.0950458,0.255939
134,0.620462,-0.547845,-0.094072,0.275662
136,0.626927,-0.545086,-0.0930983,0.295385
138,0.603337,-0.539047,-0.0689891,0.262075
140,0.553619,-0.528925,-0.0160621,0.162709
142,0.523954,-0.518803,0.0368649,0.0633421
144,0.5178,-0.508681,0.0897919,-0.0360247
146,0.535267,-0.506147,0.114942,-0.130823
148,0.569206,-0.504188,0.137991,-0.225275
150,0.61676,-0.502228,0.161039,-0.319727
152,0.643727,-0.483394,0.165223,-0.391683
154,0.633262,-0.440681,0.142709,-0.431805
156,0.62892,-0.397968,0.120196,-0.471926
158,0.630825,-0.355256,0.0976824,-0.512047
160,0.618108,-0.325093,0.0814857,-0.519357
162,0.625927,-0.210819,0.0852422,-0.583159
164,0.630659,-0.134115,0.0620884,-0.613098
166,0.648161,-0.145858,0.0305717,-0.630796
168,0.623877,-0.164236,0.0220304,-0.601467
170,0.559991,-0.189148,0.0361086,-0.525841
172,0.511121,-0.338548,0.0684895,-0.376747
174,0.577729,-0.530314,0.107099,-0.202652
176,0.728246,-0.705175,0.171007,-0.0618647
178,0.891872,-0.860635,0.227689,0.0538545
180,0.9905,-0.951989,0.259239,0.0871915
182,1.03948,-0.997332,0.276807,0.0960113
184,1.03271,-0.991343,0.278775,0.0774771
186,0.989539,-0.947277,0.281799,0.0494348
188,0.932875,-0.888021,0.285244,0.0175995
190,0.876569,-0.824264,0.298214,-0.00557127
192,0.82409,-0.763011,0.310381,-0.0245172
194,0.780715,-0.712642,0.317601,-0.0280448
196,0.736296,-0.6658,0.313856,-0.0183482
198,0.690271,-0.62342,0.296237,0.00808336
200,0.645167,-0.58675,0.262268,0.0564004
202,0.606148,-0.552724,0.220729,0.114847
204,0.589761,-0.532912,0.180061,0.177203
206,0.589265,-0.520247,0.153102,0.230513
208,0.618582,-0.537338,0.19371,0.23746
210,0.667543,-0.566091,0.271171,0.227203
212,0.756518,-0.611612,0.40163,0.192205
214,0.921688,-0.704346,0.568482,0.17388
216,1.12816,-0.82224,0.754729,0.164442
218,1.35876,-1.03322,0.870169,0.146604
220,1.5801,-1.25448,0.952948,0.122053
222,1.71672,-1.47142,0.882218,0.0613658
224,1.77281,-1.59863,0.765383,-0.0375539
226,1.69131,-1.57879,0.572973,-0.199143
228,1.59198,-1.5328,0.382226,-0.197083
230,1.48645,-1.47086,0.192495,-0.0951879
232,1.41682,-1.40784,0.126789,-0.096314
234,1.35208,-1.34502,0.0846735,-0.108918
236,1.29012,-1.28536,0.0760338,-0.080492
238,1.23828,-1.2354,0.0648357,-0.0539709
240,1.20425,-1.20294,0.0453182,-0.0331727
242,1.17358,-1.17296,0.0378991,-0.00498863
244,1.14812,-1.14765,0.0321839,0.00779721
246,1.12465,-1.12423,0.0271613,0.0143222
248,1.10124,-1.10082,0.0221388,0.0208473
250,1.08028,-1.0798,0.0174736,0.0271506
252,1.06922,-1.06863,0.0142807,0.0325406
254,1.06075,-1.05964,0.0171109,0.0452905
256,1.04888,-1.04741,0.0147498,0.0536202
258,1.0371,-1.03517,0.0123887,0.06195
260,1.0254,-1.02294,0.0100276,0.0702798
262,1.01914,-1.01678,0.00861672,0.0687844
264,1.01335,-1.01114,0.00728637,0.0664564
266,1.00756,-1.0055,0.00595601,0.0641283
268,1.00178,-0.999857,0.00462566,0.0618003
270,0.995999,-0.994216,0.0032953,0.0594723
272,0.990228,-0.988576,0.00196495,0.0571443
274,0.984462,-0.982935,0.000634595,0.0548163
276,0.979526,-0.97804,-1.82451e-05,0.0539317
278,0.974692,-0.973238,-0.000587881,0.0532244
280,0.969859,-0.968435,-0.00115752,0.0525171
282,0.965026,-0.963632,-0.00172715,0.0518098
284,0.960193,-0.95883,-0.00229679,0.0511025
286,0.955361,-0.954027,-0.00286643,0.0503952
288,0.95053,-0.949224,-0.00343606,0.0496879
290,0.951326,-0.950149,-0.00380416,0.0471469
292,0.953051,-0.952012,-0.00413927,0.0443059
294,0.954785,-0.953874,-0.00447438,0.0414649
296,0.956529,-0.955736,-0.0048095,0.0386238
298,0.958281,-0.957599,-0.00514461,0.0357828
300,0.960042,-0.959461,-0.00547973,0.0329418
302,0.961812,-0.961323,-0.00581484,0.0301007
304,0.962666,-0.96223,-0.0049902,0.028545
306,0.963332,-0.962938,-0.00392485,0.0272559
308,0.964,-0.963646,-0.0028595,0.0259669
310,0.971674,-0.971456,0.000662553,0.0206138
312,0.970166,-0.969947,0.000960931,0.0205936
314,0.968657,-0.968438,0.00125931,0.0205734
316,0.967149,-0.966929,0.00155769,0.0205531
318,0.965641,-0.965421,0.00185607,0.0205329
320,0.964133,-0.963912,0.00215444,0.0205127
322,0.962624,-0.962403,0.00245282,0.0204925
324,0.961853,-0.961635,0.00250177,0.0203085
326,0.962964,-0.96276,0.00191326,0.0197062
328,0.964075,-0.963885,0.00132476,0.0191039
330,0.965187,-0.96501,0.000736263,0.0185015
332,0.966301,-0.966135,0.000147763,0.0178992
334,0.967414,-0.96726,-0.000440738,0.0172969
336,0.968529,-0.968385,-0.00102924,0.0166946
338,0.969644,-0.969509,-0.00161774,0.0160922
340,0.970761,-0.970634,-0.00220624,0.0154899
342,0.971877,-0.971759,-0.00279474,0.0148876
344,0.972995,-0.972884,-0.00338324,0.0142852
346,0.974113,-0.974009,-0.00397174,0.0136829
348,0.975232,-0.975134,-0.00456024,0.0130806
350,0.976352,-0.976259,-0.00514874,0.0124783
352,0.977167,-0.977079,-0.00553341,0.0119204
354,0.97689,-0.976808,-0.00519013,0.0115215
356,0.976613,-0.976538,-0.00484684,0.0111225
358,0.976336,-0.976267,-0.00450355,0.0107235
360,0.97606,-0.975996,-0.00416026,0.0103245
362,0.975784,-0.975726,-0.00381697,0.00992557
364,0.975508,-0.975455,-0.00347368,0.0095266
366,0.975232,-0.975185,-0.00313039,0.00912763
368,0.974957,-0.974914,-0.00278711,0.00872866
370,0.974682,-0.974644,-0.00244382,0.00832969
372,0.974408,-0.974373,-0.00210053,0.00793072
374,0.974133,-0.974102,-0.00175724,0.00753175
376,0.973859,-0.973832,-0.00141395,0.00713278
378,0.973585,-0.973561,-0.00107066,0.00673381
380,0.973423,-0.973401,-0.000796219,0.00636978
382,0.973859,-0.973839,-0.000893536,0.00619446
384,0.974295,-0.974276,-0.000990853,0.00601915
386,0.974731,-0.974713,-0.00108817,0.00584383
388,0.975167,-0.97515,-0.00118549,0.00566851
390,0.975604,-0.975587,-0.0012828,0.00549319
392,0.97604,-0.976024,-0.00138012,0.00531787
394,0.976476,-0.976462,-0.00147744,0.00514256
396,0.976913,-0.976899,-0.00157476,0.00496724
398,0.977349,-0.977336,-0.00167207,0.00479192
400,0.977786,-0.977773,-0.00176939,0.0046166
402,0.978222,-0.97821,-0.00186671,0.00444129
404,0.978659,-0.978647,-0.00196403,0.00426597
406,0.979095,-0.979085,-0.00206134,0.00409065
408,0.979516,-0.979506,-0.00213689,0.00391525
410,0.979784,-0.979774,-0.00200205,0.00373902
412,0.980051,-0.980043,-0.00186721,0.00356279
414,0.980319,-0.980311,-0.00173237,0.00338655
416,0.980586,-0.98058,-0.00159753,0.00321032
418,0.980854,-0.980848,-0.00146269,0.00303409
420,0.981122,-0.981116,-0.00132785,0.00285786
422,0.981389,-0.981385,-0.00119301,0.00268163
424,0.981657,-0.981653,-0.00105817,0.0025054
426,0.981925,-0.981922,-0.000923324,0.00232917
428,0.982193,-0.98219,-0.000788483,0.00215294
430,0.982461,-0.982459,-0.000653642,0.00197671
432,0.982729,-0.982727,-0.000518801,0.00180047
434,0.982997,-0.982995,-0.000383959,0.00162424
436,0.983259,-0.983258,-0.000250714,0.00145765
438,0.983355,-0.983354,-0.000166924,0.00158991
440,0.983451,-0.98345,-8.31354e-05,0.00172217
442,0.983548,-0.983546,6.53675e-07,0.00185444
444,0.983644,-0.983642,8.44427e-05,0.0019867
446,0.98374,-0.983737,0.000168232,0.00211896
448,0.983836,-0.983833,0.000252021,0.00225122
