x,v,vx,vy,vz
0,1.0012,-1.0012,-1.35047e-05,4.72129e-05
2,1.00118,-1.00118,-1.48004e-05,4.46592e-05
4,1.00116,-1.00116,-1.60962e-05,4.21055e-05
6,1.00114,-1.00114,-1.73919e-05,3.95518e-05
8,1.00112,-1.00112,-1.86876e-05,3.69981e-05
10,1.0011,-1.0011,-1.99833e-05,3.44444e-05
12,1.00108,-1.00108,-2.12791e-05,3.18907e-05
14,1.00106,-1.00106,-2.25748e-05,2.9337e-05
16,1.00104,-1.00104,-2.34675e-05,2.58431e-05
18,1.001,-1.001,-2.26138e-05,1.82753e-05
20,1.00096,-1.00096,-2.17601e-05,1.07074e-05
22,1.00091,-1.00091,-2.09065e-05,3.13959e-06
24,1.00087,-1.00087,-2.00528e-05,-4.42826e-06
26,1.00083,-1.00083,-1.91991e-05,-1.19961e-05
28,1.00079,-1.00079,-1.83454e-05,-1.9564e-05
30,1.00075,-1.00075,-1.74918e-05,-2.71318e-05
32,1.0007,-1.0007,-1.66381e-05,-3.46997e-05
34,1.00066,-1.00066,-1.57844e-05,-4.22675e-05
36,1.00062,-1.00062,-1.49307e-05,-4.98354e-05
38,1.00058,-1.00058,-1.40771e-05,-5.74032e-05
40,1.00054,-1.00054,-1.32234e-05,-6.49711e-05
42,1.00049,-1.00049,-1.23697e-05,-7.25389e-05
44,1.00045,-1.00045,-1.1516e-05,-8.01068e-05
46,1.00041,-1.00041,-1.06624e-05,-8.76746e-05
48,1.00038,-1.00038,-7.82343e-06,-9.82031e-05
50,1.00035,-1.00035,-3.44039e-06,-0.000111034
52,1.00031,-1.00031,9.4264e-07,-0.000123865
54,1.00028,-1.00028,5.32567e-06,-0.000136697
56,1.00025,-1.00025,9.70871e-06,-0.000149528
58,1.00022,-1.00022,1.40917e-05,-0.000162359
60,1.00019,-1.00019,1.84748e-05,-0.00017519
62,1.00016,-1.00016,2.28578e-05,-0.000188021
64,1.00013,-1.00013,2.72408e-05,-0.000200852
66,1.0001,-1.0001,3.16239e-05,-0.000213683
68,1.00007,-1.00007,3.60069e-05,-0.000226515
70,1.00004,-1.00004,4.03899e-05,-0.000239346
72,1.00001,-1.00001,4.4773e-05,-0.000252177
74,0.999983,-0.999983,4.9156e-05,-0.000265008
76,0.999953,-0.999953,5.3539e-05,-0.000277839
78,0.999922,-0.999922,5.79221e-05,-0.00029067
80,0.999896,-0.999896,5.92905e-05,-0.000306294
82,0.999871,-0.99987,6.0458e-05,-0.000322104
84,0.999845,-0.999845,6.16254e-05,-0.000337914
86,0.999819,-0.999819,6.27929e-05,-0.000353724
88,0.999793,-0.999793,6.39604e-05,-0.000369535
90,0.999767,-0.999767,6.51278e-05,-0.000385345
92,0.999741,-0.999741,6.62953e-05,-0.000401155
94,0.999716,-0.999716,6.74627e-05,-0.000416965
96,0.99969,-0.99969,6.86302e-05,-0.000432775
98,0.999664,-0.999664,6.97977e-05,-0.000448585
100,0.999638,-0.999638,7.09651e-05,-0.000464395
102,0.999612,-0.999612,7.21326e-05,-0.000480205
104,0.999587,-0.999586,7.33e-05,-0.000496015
106,0.999561,-0.999561,7.44675e-05,-0.000511825
108,0.999535,-0.999535,7.5635e-05,-0.000527635
110,0.999521,-0.999521,7.81558e-05,-0.000544319
112,0.999532,-0.999532,8.36542e-05,-0.000562923
114,0.999544,-0.999543,8.91526e-05,-0.000581528
116,0.999555,-0.999555,9.4651e-05,-0.000600133
118,0.999566,-0.999566,0.000100149,-0.000618738
120,0.999578,-0.999578,0.000105648,-0.000637343
122,0.999589,-0.999589,0.000111146,-0.000655948
124,0.999601,-0.9996,0.000116645,-0.000674552
126,0.999612,-0.999612,0.000122143,-0.000693157
128,0.999623,-0.999623,0.000127641,-0.000711762
130,0.999635,-0.999635,0.00013314,-0.000730367
132,0.999646,-0.999646,0.000138638,-0.000748972
134,0.999658,-0.999657,0.000144136,-0.000767577
136,0.999669,-0.999669,0.000149635,-0.000786181
138,0.999681,-0.99968,0.000155133,-0.000804786
140,0.999692,-0.999692,0.000160632,-0.000823391
142,0.999725,-0.999725,0.000160888,-0.000833459
144,0.999769,-0.999768,0.000158761,-0.000839647
146,0.999812,-0.999812,0.000156634,-0.000845835
148,0.999856,-0.999855,0.000154507,-0.000852023
150,0.999899,-0.999899,0.00015238,-0.000858211
152,0.999942,-0.999942,0.000150253,-0.000864399
154,0.999986,-0.999985,0.000148126,-0.000870586
156,1.00003,-1.00003,0.000145999,-0.000876774
158,1.00007,-1.00007,0.000143872,-0.000882962
160,1.00012,-1.00012,0.000141745,-0.00088915
162,1.00016,-1.00016,0.000139618,-0.000895338
164,1.0002,-1.0002,0.000137491,-0.000901526
166,1.00025,-1.00025,0.000135364,-0.000907714
168,1.00029,-1.00029,0.000133237,-0.000913902
170,1.00033,-1.00033,0.00013111,-0.000920089
172,1.00038,-1.00038,0.000128998,-0.000925601
174,1.00043,-1.00043,0.000127116,-0.000920975
176,1.00049,-1.00049,0.000125234,-0.000916349
178,1.00054,-1.00054,0.000123351,-0.000911723
180,1.0006,-1.0006,0.000121469,-0.000907097
182,1.00065,-1.00065,0.000119587,-0.000902471
184,1.00071,-1.00071,0.000117704,-0.000897845
186,1.00076,-1.00076,0.000115822,-0.000893219
188,1.00082,-1.00082,0.00011394,-0.000888593
190,1.00087,-1.00087,0.000112057,-0.000883967
192,1.00093,-1.00093,0.000110175,-0.000879341
194,1.00098,-1.00098,0.000108293,-0.000874715
196,1.00104,-1.00104,0.00010641,-0.000870089
198,1.00109,-1.00109,0.000104528,-0.000865463
200,1.00115,-1.00115,0.000102646,-0.000860837
202,1.0012,-1.0012,0.000100763,-0.000856211
204,1.00123,-1.00123,9.3933e-05,-0.000839043
206,1.00122,-1.00122,8.07406e-05,-0.00080575
208,1.00121,-1.00121,6.75481e-05,-0.000772456
210,1.00119,-1.00119,5.43557e-05,-0.000739163
212,1.00118,-1.00118,4.11633e-05,-0.000705869
214,1.00117,-1.00117,2.79709e-05,-0.000672575
216,1.00116,-1.00116,1.47785e-05,-0.000639282
218,1.00115,-1.00115,1.58607e-06,-0.000605988
220,1.00113,-1.00113,-1.16063e-05,-0.000572695
222,1.00112,-1.00112,-2.47988e-05,-0.000539401
224,1.00111,-1.00111,-3.79912e-05,-0.000506108
226,1.0011,-1.0011,-5.11836e-05,-0.000472814
228,1.00109,-1.00109,-6.4376e-05,-0.000439521
230,1.00107,-1.00107,-7.75684e-05,-0.000406227
232,1.00106,-1.00106,-9.07608e-05,-0.000372933
234,1.00105,-1.00105,-0.000103953,-0.00033964
236,1.00094,-1.00094,-0.000111628,-0.000319593
238,1.00081,-1.00081,-0.00011803,-0.000302603
240,1.00067,-1.00067,-0.000124431,-0.000285612
242,1.00054,-1.00054,-0.000130833,-0.000268622
244,1.00041,-1.00041,-0.000137235,-0.000251632
246,1.00027,-1.00027,-0.000143636,-0.000234642
248,1.00014,-1.00014,-0.000150038,-0.000217651
250,1,-1,-0.00015644,-0.000200661
252,0.999871,-0.999871,-0.000162841,-0.000183671
254,0.999737,-0.999737,-0.000169243,-0.000166681
256,0.999604,-0.999603,-0.000175644,-0.00014969
258,0.99947,-0.99947,-0.000182046,-0.0001327
260,0.999336,-0.999336,-0.000188448,-0.00011571
262,0.999202,-0.999202,-0.000194849,-9.87197e-05
264,0.999069,-0.999069,-0.000201251,-8.17295e-05
266,0.998946,-0.998946,-0.000206089,-6.71382e-05
268,0.998871,-0.998871,-0.000204151,-6.29423e-05
270,0.998795,-0.998795,-0.000202214,-5.87464e-05
272,0.99872,-0.99872,-0.000200276,-5.45506e-05
274,0.998644,-0.998644,-0.000198338,-5.03547e-05
276,0.998569,-0.998569,-0.000196401,-4.61588e-05
278,0.998493,-0.998493,-0.000194463,-4.1963e-05
280,0.998418,-0.998418,-0.000192525,-3.77671e-05
282,0.998342,-0.998342,-0.000190588,-3.35712e-05
284,0.998267,-0.998267,-0.00018865,-2.93754e-05
286,0.998192,-0.998192,-0.000186712,-2.51795e-05
288,0.998116,-0.998116,-0.000184775,-2.09836e-05
290,0.998041,-0.998041,-0.000182837,-1.67878e-05
292,0.997965,-0.997965,-0.000180899,-1.25919e-05
294,0.99789,-0.99789,-0.000178962,-8.39603e-06
296,0.997814,-0.997814,-0.000177024,-4.20017e-06
298,0.997792,-0.997792,-0.000173164,-1.54075e-06
300,0.99781,-0.99781,-0.000167808,-7.63544e-08
302,0.997828,-0.997828,-0.000162452,1.38804e-06
304,0.997847,-0.997847,-0.000157096,2.85244e-06
306,0.997865,-0.997865,-0.00015174,4.31684e-06
308,0.997883,-0.997883,-0.000146385,5.78123e-06
310,0.997902,-0.997902,-0.000141029,7.24563e-06
312,0.99792,-0.99792,-0.000135673,8.71003e-06
314,0.997939,-0.997939,-0.000130317,1.01744e-05
316,0.997957,-0.997957,-0.000124961,1.16388e-05
318,0.997975,-0.997975,-0.000119606,1.31032e-05
320,0.997994,-0.997994,-0.00011425,1.45676e-05
322,0.998012,-0.998012,-0.000108894,1.6032e-05
324,0.99803,-0.99803,-0.000103538,1.74964e-05
326,0.998049,-0.998049,-9.81825e-05,1.89608e-05
328,0.998067,-0.998067,-9.28267e-05,2.04252e-05
330,0.99812,-0.99812,-8.83531e-05,2.12938e-05
332,0.998175,-0.998175,-8.39384e-05,2.21226e-05
334,0.998231,-0.998231,-7.95237e-05,2.29515e-05
336,0.998286,-0.998286,-7.5109e-05,2.37804e-05
338,0.998342,-0.998342,-7.06943e-05,2.46092e-05
340,0.998397,-0.998397,-6.62795e-05,2.54381e-05
342,0.998452,-0.998452,-6.18648e-05,2.62669e-05
344,0.998508,-0.998508,-5.74501e-05,2.70958e-05
346,0.998563,-0.998563,-5.30354e-05,2.79247e-05
348,0.998618,-0.998618,-4.86207e-05,2.87535e-05
350,0.998674,-0.998674,-4.42059e-05,2.95824e-05
352,0.998729,-0.998729,-3.97912e-05,3.04112e-05
354,0.998785,-0.998785,-3.53765e-05,3.12401e-05
356,0.99884,-0.99884,-3.09618e-05,3.2069e-05
358,0.998895,-0.998895,-2.65471e-05,3.28978e-05
360,0.998954,-0.998954,-2.28447e-05,3.34136e-05
362,0.999019,-0.999019,-2.07094e-05,3.32404e-05
364,0.999085,-0.999085,-1.85741e-05,3.30673e-05
366,0.999151,-0.999151,-1.64388e-05,3.28942e-05
368,0.999216,-0.999216,-1.43035e-05,3.27211e-05
370,0.999282,-0.999282,-1.21682e-05,3.25479e-05
372,0.999347,-0.999347,-1.00329e-05,3.23748e-05
374,0.999413,-0.999413,-7.8976e-06,3.22017e-05
376,0.999478,-0.999478,-5.7623e-06,3.20286e-05
378,0.999544,-0.999544,-3.62701e-06,3.18554e-05
380,0.99961,-0.99961,-1.49171e-06,3.16823e-05
382,0.999675,-0.999675,6.43582e-07,3.15092e-05
384,0.999741,-0.999741,2.77888e-06,3.13361e-05
386,0.999806,-0.999806,4.91417e-06,3.11629e-05
388,0.999872,-0.999872,7.04947e-06,3.09898e-05
390,0.999938,-0.999938,9.18476e-06,3.08167e-05
392,0.999992,-0.999992,1.0379e-05,3.19169e-05
394,1.00004,-1.00004,1.11455e-05,3.35959e-05
396,1.00009,-1.00009,1.19121e-05,3.52748e-05
398,1.00014,-1.00014,1.26786e-05,3.69538e-05
400,1.00019,-1.00019,1.34451e-05,3.86328e-05
402,1.00024,-1.00024,1.42116e-05,4.03118e-05
404,1.00029,-1.00029,1.49781e-05,4.19907e-05
406,1.00034,-1.00034,1.57447e-05,4.36697e-05
408,1.00039,-1.00039,1.65112e-05,4.53487e-05
410,1.00044,-1.00044,1.72777e-05,4.70277e-05
412,1.00049,-1.00049,1.80442e-05,4.87066e-05
414,1.00053,-1.00053,1.88107e-05,5.03856e-05
416,1.00058,-1.00058,1.95773e-05,5.20646e-05
418,1.00063,-1.00063,2.03438e-05,5.37436e-05
420,1.00068,-1.00068,2.11103e-05,5.54226e-05
422,1.00073,-1.00073,2.18561e-05,5.70289e-05
424,1.00076,-1.00076,2.22905e-05,5.75456e-05
426,1.0008,-1.0008,2.27249e-05,5.80623e-05
428,1.00083,-1.00083,2.31593e-05,5.8579e-05
430,1.00086,-1.00086,2.35937e-05,5.90956e-05
432,1.0009,-1.0009,2.40281e-05,5.96123e-05
434,1.00093,-1.00093,2.44625e-05,6.0129e-05
436,1.00096,-1.00096,2.48969e-05,6.06457e-05
438,1.001,-1.001,2.53313e-05,6.11624e-05
440,1.00103,-1.00103,2.57657e-05,6.16791e-05
442,1.00107,-1.00107,2.62001e-05,6.21958e-05
444,1.0011,-1.0011,2.66345e-05,6.27125e-05
446,1.00113,-1.00113,2.70689e-05,6.32292e-05
448,1.00117,-1.00117,2.75033e-05,6.37458e-05
450,1.0012,-1.0012,2.79377e-05,6.42625e-05
452,1.00123,-1.00123,2.83721e-05,6.47792e-05
454,1.00125,-1.00125,2.77205e-05,6.51285e-05
456,1.00126,-1.00126,2.56726e-05,6.52625e-05
458,1.00127,-1.00127,2.36247e-05,6.53965e-05
460,1.00127,-1.00127,2.15768e-05,6.55305e-05
462,1.00128,-1.00128,1.95289e-05,6.56645e-05
464,1.00129,-1.00129,1.7481e-05,6.57985e-05
466,1.00129,-1.00129,1.54331e-05,6.59326e-05
468,1.0013,-1.0013,1.33852e-05,6.60666e-05
470,1.00131,-1.00131,1.13373e-05,6.62006e-05
472,1.00131,-1.00131,9.28945e-06,6.63346e-05
474,1.00132,-1.00132,7.24155e-06,6.64686e-05
476,1.00133,-1.00133,5.19366e-06,6.66026e-05
478,1.00133,-1.00133,3.14576e-06,6.67366e-05
480,1.00134,-1.00134,1.09787e-06,6.68706e-05
482,1.00134,-1.00134,-9.50029e-07,6.70046e-05
484,1.00135,-1.00135,-2.99793e-06,6.71386e-05
486,1.00134,-1.00134,-4.43468e-06,6.50889e-05
488,1.00132,-1.00132,-5.7304e-06,6.25352e-05
490,1.0013,-1.0013,-7.02612e-06,5.99815e-05
492,1.00128,-1.00128,-8.32184e-06,5.74278e-05
494,1.00126,-1.00126,-9.61756e-06,5.48741e-05
496,1.00124,-1.00124,-1.09133e-05,5.23204e-05
498,1.00122,-1.00122,-1.2209e-05,4.97666e-05
