x,v,vx,vy,vz
0,0.927145,-0.926838,-0.00595234,-0.0231149
2,0.922093,-0.921717,-0.00722507,-0.0253273
4,0.917048,-0.916595,-0.00849781,-0.0275396
6,0.912011,-0.911473,-0.00977054,-0.029752
8,0.903681,-0.903064,-0.00964266,-0.0319629
10,0.891845,-0.891154,-0.00802381,-0.0341724
12,0.880019,-0.879244,-0.00640496,-0.0363818
14,0.868205,-0.867333,-0.00478612,-0.0385913
16,0.856402,-0.855423,-0.00316727,-0.0408008
18,0.84461,-0.843513,-0.00154842,-0.0430102
20,0.832832,-0.831603,7.04272e-05,-0.0452197
22,0.817113,-0.815747,0.0015608,-0.047196
24,0.796636,-0.795129,0.00289613,-0.0488909
26,0.776173,-0.774511,0.00423145,-0.0505858
28,0.755725,-0.753893,0.00556678,-0.0522808
30,0.719164,-0.717047,0.00642711,-0.0547758
32,0.69311,-0.690508,0.00780794,-0.0594934
34,0.676136,-0.673428,0.0102225,-0.0595744
36,0.659175,-0.656349,0.0126371,-0.0596553
38,0.642231,-0.639269,0.0150516,-0.0597363
40,0.622806,-0.619884,0.0160772,-0.0580735
42,0.602123,-0.599332,0.0164,-0.0555287
44,0.581441,-0.578781,0.0167229,-0.0529839
46,0.561742,-0.559129,0.0169083,-0.051401
48,0.547689,-0.544642,0.0163053,-0.0553364
50,0.533689,-0.530155,0.0157023,-0.0592718
52,0.519746,-0.515667,0.0150992,-0.0632073
54,0.506283,-0.501538,0.0136911,-0.0677887
56,0.493154,-0.487616,0.0118159,-0.072745
58,0.480127,-0.473694,0.00994066,-0.0777013
60,0.467707,-0.460213,0.00841155,-0.0829632
62,0.459171,-0.450058,0.0094899,-0.0905268
64,0.450831,-0.439903,0.0105682,-0.0980904
66,0.442699,-0.429749,0.0116466,-0.105654
68,0.435098,-0.419766,0.0146766,-0.113541
70,0.427989,-0.409898,0.0189993,-0.121643
72,0.42119,-0.400029,0.0233219,-0.129745
74,0.415157,-0.390581,0.027597,-0.137985
76,0.414103,-0.385599,0.031366,-0.147686
78,0.41337,-0.380617,0.035135,-0.157387
80,0.412957,-0.375635,0.0389041,-0.167088
82,0.414694,-0.372838,0.0432887,-0.176321
84,0.418052,-0.371687,0.0481373,-0.1852
86,0.421629,-0.370536,0.0529858,-0.194079
88,0.425506,-0.369593,0.0578271,-0.202762
90,0.431009,-0.372247,0.0625436,-0.208059
92,0.436573,-0.374902,0.06726,-0.213356
94,0.442197,-0.377556,0.0719764,-0.218654
96,0.453178,-0.388338,0.0732837,-0.221796
98,0.468831,-0.40607,0.0716759,-0.223097
100,0.484635,-0.423802,0.070068,-0.224397
102,0.500409,-0.441456,0.0681864,-0.22556
104,0.509569,-0.455869,0.0548975,-0.220977
106,0.526286,-0.455488,0.0625,-0.256128
108,0.546339,-0.474167,0.0602444,-0.264618
110,0.562632,-0.499411,0.056398,-0.252909
112,0.585206,-0.534612,0.0513743,-0.232414
114,0.613386,-0.57569,0.0456559,-0.206734
116,0.652305,-0.630328,0.0443282,-0.161939
118,0.697529,-0.687056,0.043574,-0.112257
120,0.747088,-0.744445,0.0422228,-0.0464757
122,0.798644,-0.797455,0.0383344,0.0206908
124,0.847883,-0.842525,0.0298456,0.0903679
126,0.894118,-0.88124,0.0201447,0.149859
128,0.937848,-0.915676,0.0096277,0.202491
130,0.972689,-0.943617,0.00314575,0.236012
132,1.00533,-0.969916,-0.00231471,0.264488
134,1.02976,-0.991707,-0.0049549,0.277299
136,1.05168,-1.012,-0.0058615,0.286091
138,1.06831,-1.02917,-0.0031547,0.286504
140,1.08042,-1.04224,0.00100109,0.284673
142,1.08911,-1.05219,0.00626611,0.281124
144,1.09065,-1.05366,0.0107611,0.281435
146,1.09021,-1.05275,0.0152539,0.28294
148,1.08444,-1.04478,0.0231129,0.289668
150,1.08,-1.03793,0.0318045,0.296785
152,1.07862,-1.03377,0.0425053,0.30484
154,1.08247,-1.03425,0.0526549,0.315108
156,1.09089,-1.03877,0.0623259,0.327297
158,1.09813,-1.04315,0.0641542,0.337071
160,1.10478,-1.04731,0.0634943,0.34592
162,1.09839,-1.0422,0.0506961,0.343074
164,1.0887,-1.03408,0.0350684,0.338714
166,1.06971,-1.01744,0.0114589,0.330084
168,1.0485,-0.996996,-0.00998991,0.324411
170,1.02519,-0.970752,-0.0197501,0.32905
172,1.02823,-0.96739,-0.02913,0.347218
174,1.00733,-0.94479,-0.0193975,0.348856
176,0.96081,-0.901398,-0.0262701,0.331582
178,0.945711,-0.880992,-0.0174811,0.34339
180,0.927843,-0.858702,-0.0128602,0.351225
182,0.904319,-0.833206,-0.00908007,0.351394
184,0.874257,-0.804132,-0.00623802,0.343012
186,0.833621,-0.768781,-0.00959111,0.322193
188,0.788891,-0.730924,-0.0154155,0.296414
190,0.726539,-0.682496,-0.0317389,0.247085
192,0.662347,-0.6323,-0.0504442,0.19067
194,0.59231,-0.576909,-0.0768286,0.110021
196,0.539076,-0.528631,-0.104687,0.0138821
198,0.517603,-0.489357,-0.134412,-0.101861
200,0.559172,-0.487554,-0.16952,-0.215005
202,0.634742,-0.503096,-0.20712,-0.326945
204,0.718194,-0.584561,-0.247562,-0.335864
206,0.806651,-0.679273,-0.28626,-0.327609
208,0.914735,-0.813427,-0.315192,-0.275193
210,1.06736,-0.98116,-0.328651,-0.261843
212,1.27608,-1.19718,-0.319858,-0.304674
214,1.39298,-1.32665,-0.288013,-0.312156
216,1.46221,-1.41,-0.243883,-0.300799
218,1.35686,-1.3482,-0.019351,-0.151867
220,1.28334,-1.26188,0.23296,0.0187843
222,1.26547,-1.12876,0.526369,0.224154
224,1.34228,-1.09921,0.698057,0.325845
226,1.43238,-1.23942,0.670222,0.257591
228,1.47857,-1.36354,0.53364,0.205325
230,1.52312,-1.47784,0.330714,0.162811
232,1.49688,-1.46261,0.244628,0.203939
234,1.46174,-1.42843,0.18241,0.251038
236,1.43685,-1.40755,0.165689,0.236437
238,1.41015,-1.38516,0.147224,0.219489
240,1.38003,-1.35995,0.125486,0.198137
242,1.34769,-1.33224,0.116367,0.16691
244,1.31429,-1.3028,0.116021,0.128817
246,1.28066,-1.27141,0.129059,0.0834532
248,1.24846,-1.23938,0.145595,0.0374818
250,1.21658,-1.20435,0.172057,0.00223988
252,1.19451,-1.1759,0.207538,-0.0322076
254,1.19272,-1.16166,0.262503,-0.0649387
256,1.17715,-1.13148,0.310744,-0.0941674
258,1.15106,-1.08872,0.353671,-0.120628
260,1.12469,-1.05116,0.369975,-0.152022
262,1.09826,-1.01445,0.37771,-0.18549
264,1.05368,-0.9678,0.342115,-0.237815
266,1.00839,-0.918804,0.297423,-0.290145
268,0.957362,-0.863932,0.229921,-0.342489
270,0.911339,-0.816581,0.160159,-0.371595
272,0.868471,-0.77597,0.0883729,-0.379873
274,0.821528,-0.740091,0.0154888,-0.356279
276,0.77821,-0.705739,-0.0572758,-0.322898
278,0.73778,-0.680734,-0.0922339,-0.269097
280,0.712194,-0.669858,-0.113094,-0.213821
282,0.723216,-0.700499,-0.092529,-0.15421
284,0.74255,-0.730884,-0.0763975,-0.106545
286,0.767055,-0.761009,-0.0647696,-0.0710137
288,0.793532,-0.790276,-0.0540379,-0.0472995
290,0.82093,-0.819302,-0.0435751,-0.0277599
292,0.844122,-0.8433,-0.0357315,-0.0104902
294,0.852371,-0.851868,-0.0285212,-0.00663096
296,0.836122,-0.835668,-0.0274255,-0.00249981
298,0.842627,-0.842345,-0.0217465,0.00132965
300,0.84919,-0.849022,-0.0160675,0.0051591
302,0.855809,-0.855699,-0.0103884,0.00898856
304,0.866881,-0.866795,-0.00806695,0.00924045
306,0.878875,-0.878807,-0.00644231,0.00874984
308,0.890871,-0.89082,-0.00481767,0.00825922
310,0.942727,-0.942696,-0.000920981,0.0076129
312,0.942291,-0.942263,-5.65945e-06,0.0071709
314,0.941855,-0.941831,0.000909662,0.00672889
316,0.941421,-0.941399,0.00182498,0.00628689
318,0.940988,-0.940966,0.0027403,0.00584488
320,0.940557,-0.940534,0.00365562,0.00540288
322,0.940126,-0.940102,0.00457095,0.00496088
324,0.940316,-0.940292,0.00499585,0.00452767
326,0.942091,-0.942072,0.00416747,0.00411695
328,0.943866,-0.943853,0.00333909,0.00370623
330,0.945643,-0.945634,0.00251071,0.00329551
332,0.94742,-0.947415,0.00168233,0.00288479
334,0.949199,-0.949195,0.000853947,0.00247407
336,0.950978,-0.950976,2.55665e-05,0.00206335
338,0.952759,-0.952757,-0.000802814,0.00165263
340,0.95454,-0.954538,-0.0016312,0.00124191
342,0.956322,-0.956318,-0.00245958,0.000831188
344,0.958105,-0.958099,-0.00328796,0.000420468
346,0.959889,-0.95988,-0.00411634,9.74745e-06
348,0.961673,-0.961661,-0.00494472,-0.000400973
350,0.963459,-0.963441,-0.0057731,-0.000811693
352,0.964904,-0.964882,-0.00634736,-0.00116344
354,0.96513,-0.96511,-0.00601403,-0.00130458
356,0.965356,-0.965338,-0.0056807,-0.00144572
358,0.965582,-0.965565,-0.00534738,-0.00158686
360,0.965808,-0.965793,-0.00501405,-0.001728
362,0.966034,-0.966021,-0.00468072,-0.00186914
364,0.96626,-0.966249,-0.0043474,-0.00201028
366,0.966487,-0.966476,-0.00401407,-0.00215142
368,0.966714,-0.966704,-0.00368074,-0.00229256
370,0.966941,-0.966932,-0.00334742,-0.0024337
372,0.967167,-0.967159,-0.00301409,-0.00257484
374,0.967395,-0.967387,-0.00268076,-0.00271598
376,0.967622,-0.967615,-0.00234744,-0.00285712
378,0.967849,-0.967842,-0.00201411,-0.00299826
380,0.96806,-0.968053,-0.00174064,-0.00313
382,0.968179,-0.968172,-0.00179043,-0.00321094
384,0.968299,-0.968291,-0.00184023,-0.00329187
386,0.968418,-0.96841,-0.00189002,-0.00337281
388,0.968537,-0.968529,-0.00193981,-0.00345375
390,0.968657,-0.968648,-0.0019896,-0.00353469
392,0.968776,-0.968767,-0.00203939,-0.00361563
394,0.968896,-0.968886,-0.00208918,-0.00369656
396,0.969015,-0.969005,-0.00213897,-0.0037775
398,0.969135,-0.969124,-0.00218876,-0.00385844
400,0.969254,-0.969243,-0.00223855,-0.00393938
402,0.969374,-0.969363,-0.00228834,-0.00402032
404,0.969493,-0.969482,-0.00233813,-0.00410126
406,0.969613,-0.969601,-0.00238792,-0.00418219
408,0.969659,-0.969647,-0.00242001,-0.00427733
410,0.969,-0.968987,-0.0022809,-0.00450971
412,0.968341,-0.968327,-0.00214179,-0.00474209
414,0.967683,-0.967668,-0.00200269,-0.00497447
416,0.967024,-0.967008,-0.00186358,-0.00520685
418,0.966365,-0.966348,-0.00172448,-0.00543924
420,0.965707,-0.965689,-0.00158537,-0.00567162
422,0.964121,-0.9641,-0.00189101,-0.00608275
424,0.963223,-0.9632,-0.0018765,-0.00637125
426,0.962324,-0.962299,-0.00186198,-0.00665974
428,0.961425,-0.961398,-0.00184746,-0.00694823
430,0.959767,-0.959734,-0.00181265,-0.00772126
432,0.957481,-0.957438,-0.00176103,-0.00889576
434,0.955196,-0.955141,-0.0017094,-0.0100703
436,0.952913,-0.952845,-0.00165778,-0.0112448
438,0.950631,-0.950548,-0.00160616,-0.0124193
440,0.948351,-0.948252,-0.00155453,-0.0135938
442,0.946072,-0.945956,-0.00150291,-0.0147683
444,0.942349,-0.942203,-0.00213415,-0.0164779
446,0.937274,-0.937081,-0.00340688,-0.0186903
448,0.932206,-0.93196,-0.00467961,-0.0209026
