x,v,vx,vy,vz
0,0.984754,-0.984754,0.000364957,0.000238618
2,0.984672,-0.984672,0.000430871,0.00022618
4,0.984591,-0.984591,0.000496785,0.000213742
6,0.984509,-0.984509,0.000562699,0.000201304
8,0.984427,-0.984427,0.000628613,0.000188866
10,0.984346,-0.984345,0.000694526,0.000176428
12,0.984264,-0.984263,0.00076044,0.00016399
14,0.984182,-0.984182,0.000826354,0.000151552
16,0.98377,-0.98377,0.000904548,0.000154662
18,0.983348,-0.983347,0.000983138,0.000158274
20,0.982925,-0.982924,0.00106173,0.000161885
22,0.982503,-0.982502,0.00114032,0.000165497
24,0.98208,-0.982079,0.00121891,0.000169108
26,0.981657,-0.981657,0.0012975,0.00017272
28,0.981235,-0.981234,0.00137609,0.000176332
30,0.980812,-0.980811,0.00145468,0.000179943
32,0.98039,-0.980389,0.00153327,0.000183555
34,0.979967,-0.979966,0.00161186,0.000187167
36,0.979545,-0.979543,0.00169045,0.000190778
38,0.979122,-0.979121,0.00176904,0.00019439
40,0.9787,-0.978698,0.00184763,0.000198002
42,0.978277,-0.978275,0.00192622,0.000201613
44,0.977485,-0.977483,0.00199554,0.000206022
46,0.976654,-0.976652,0.0020639,0.000210514
48,0.975823,-0.975821,0.00213227,0.000215005
50,0.974993,-0.97499,0.00220063,0.000219497
52,0.974162,-0.974159,0.00226899,0.000223989
54,0.973331,-0.973328,0.00233736,0.00022848
56,0.9725,-0.972497,0.00240572,0.000232972
58,0.971669,-0.971666,0.00247409,0.000237463
60,0.970839,-0.970835,0.00254245,0.000241955
62,0.970008,-0.970004,0.00261082,0.000246446
64,0.969177,-0.969173,0.00267918,0.000250938
66,0.968346,-0.968343,0.00274754,0.00025543
68,0.967516,-0.967512,0.00281591,0.000259921
70,0.966685,-0.966681,0.00288427,0.000264413
72,0.965462,-0.965457,0.00308734,0.000281868
74,0.964166,-0.96416,0.00331535,0.000301723
76,0.96287,-0.962864,0.00354337,0.000321578
78,0.961575,-0.961567,0.00377138,0.000341434
80,0.960279,-0.96027,0.00399939,0.000361289
82,0.958983,-0.958974,0.0042274,0.000381144
84,0.957688,-0.957677,0.00445542,0.000401
86,0.956392,-0.956381,0.00468343,0.000420855
88,0.955097,-0.955084,0.00491144,0.000440711
90,0.953802,-0.953788,0.00513946,0.000460566
92,0.952506,-0.952491,0.00536747,0.000480421
94,0.951211,-0.951194,0.00559548,0.000500277
96,0.949916,-0.949898,0.00582349,0.000520132
98,0.948621,-0.948601,0.00605151,0.000539988
100,0.945646,-0.945627,0.00611531,0.000587297
102,0.942202,-0.942182,0.00613312,0.000642294
104,0.938758,-0.938737,0.00615094,0.00069729
106,0.935313,-0.935293,0.00616876,0.000752287
108,0.931869,-0.931848,0.00618658,0.000807284
110,0.928424,-0.928403,0.00620439,0.00086228
112,0.92498,-0.924959,0.00622221,0.000917277
114,0.921536,-0.921514,0.00624003,0.000972274
116,0.918091,-0.918069,0.00625785,0.00102727
118,0.914647,-0.914625,0.00627567,0.00108227
120,0.911202,-0.91118,0.00629348,0.00113726
122,0.907758,-0.907735,0.0063113,0.00119226
124,0.904314,-0.904291,0.00632912,0.00124726
126,0.900869,-0.900846,0.00634694,0.00130225
128,0.895035,-0.895013,0.00612575,0.00122926
130,0.888266,-0.888246,0.00581104,0.00110619
132,0.881496,-0.881479,0.00549633,0.000983112
134,0.874727,-0.874711,0.00518162,0.000860037
136,0.867958,-0.867944,0.00486691,0.000736962
138,0.861189,-0.861177,0.0045522,0.000613888
140,0.85442,-0.85441,0.00423749,0.000490813
142,0.827631,-0.82762,0.00424031,0.000747798
144,0.816099,-0.816089,0.00400114,0.000715146
146,0.804567,-0.804558,0.00376198,0.000682495
148,0.792941,-0.792933,0.00367467,0.000530563
150,0.780865,-0.780853,0.00431904,-0.000196085
152,0.76879,-0.768773,0.00496341,-0.000922733
154,0.756716,-0.756693,0.00560778,-0.00164938
156,0.744644,-0.744614,0.00625214,-0.00237603
158,0.732573,-0.732534,0.00689651,-0.00310268
160,0.720504,-0.720454,0.00754088,-0.00382932
162,0.707042,-0.706992,0.00741363,-0.00407666
164,0.685087,-0.685081,0.00257097,-0.00139487
166,0.663175,-0.66317,-0.00227169,0.00128692
168,0.641311,-0.641259,-0.00711435,0.0039687
170,0.619499,-0.619348,-0.011957,0.00665049
172,0.597746,-0.597437,-0.0167997,0.00933228
174,0.576059,-0.575526,-0.0216423,0.0120141
176,0.553515,-0.552728,-0.0259226,0.0140947
178,0.523447,-0.522698,-0.0256229,0.0112805
180,0.493391,-0.492668,-0.0253232,0.00846627
182,0.463349,-0.462639,-0.0250236,0.00565204
184,0.433324,-0.432609,-0.0247239,0.00283781
186,0.403319,-0.402579,-0.0244243,2.35847e-05
188,0.37334,-0.37255,-0.0241246,-0.00279064
190,0.34381,-0.342932,-0.0239401,-0.00543771
192,0.319225,-0.318177,-0.0251141,-0.00611225
194,0.294675,-0.293421,-0.0262882,-0.0067868
196,0.270169,-0.268666,-0.0274622,-0.00746134
198,0.207336,-0.203011,-0.0410012,0.00966865
200,0.164975,-0.158493,-0.0442509,0.011763
202,0.131143,-0.123348,-0.044476,0.002351
204,0.101076,-0.0904777,-0.0439669,-0.00985374
206,0.075457,-0.0576073,-0.0434578,-0.0220585
208,0.0613326,-0.0314327,-0.0400951,-0.0341475
210,0.0588774,-0.0217263,-0.0297141,-0.045952
212,0.0789634,0.018523,-0.00518447,-0.0765849
214,0.0961277,0.0370708,0.0041974,-0.0885928
216,0.105826,0.0487874,0.00769966,-0.0935933
218,0.100879,0.0489651,0.00736748,-0.0878907
220,0.0967277,0.0483394,0.0114411,-0.0829979
222,0.0809642,0.0326299,0.0494561,-0.0551778
224,0.0607688,-0.00204087,0.039452,-0.046176
226,0.119074,-0.0655627,0.0810289,0.0575714
228,0.233229,-0.121258,0.165522,0.110882
230,0.281569,-0.191888,0.189368,0.081239
232,0.315938,-0.232831,0.213064,0.0145082
234,0.33521,-0.260343,0.205907,-0.0467915
236,0.361158,-0.296326,0.191132,-0.0780694
238,0.383643,-0.329835,0.168471,-0.100041
240,0.389009,-0.340574,0.138566,-0.12703
242,0.408994,-0.36514,0.117906,-0.141587
244,0.449142,-0.400775,0.118458,-0.164548
246,0.501499,-0.446031,0.126651,-0.191093
248,0.556956,-0.495639,0.134605,-0.215463
250,0.622623,-0.564926,0.146224,-0.217111
252,0.682729,-0.63067,0.153559,-0.211645
254,0.73061,-0.688758,0.15164,-0.190809
256,0.769443,-0.734049,0.147278,-0.177551
258,0.800364,-0.769227,0.140986,-0.17028
260,0.862888,-0.8321,0.151005,-0.171411
262,0.934056,-0.903277,0.165251,-0.171007
264,1.02644,-1.00595,0.183228,-0.0898668
266,1.09161,-1.0752,0.188158,0.0127855
268,1.08599,-1.06065,0.16038,0.169366
270,1.03977,-1.00378,0.115315,0.245442
272,0.944161,-0.908989,0.0547565,0.249363
274,0.893889,-0.862562,-0.000605791,0.234572
276,0.859509,-0.830658,-0.0540195,0.214115
278,0.827164,-0.801989,-0.0743465,0.188377
280,0.801526,-0.77978,-0.0880527,0.163198
282,0.79329,-0.776549,-0.0823036,0.139666
284,0.78825,-0.775707,-0.0747824,0.118421
286,0.786362,-0.777291,-0.065461,0.099498
288,0.79557,-0.789159,-0.055982,0.0838211
290,0.809037,-0.804724,-0.0464348,0.0693132
292,0.819891,-0.817185,-0.0380862,0.0545837
294,0.828015,-0.825989,-0.0347071,0.0463253
296,0.828888,-0.827222,-0.0390909,0.0351019
298,0.838814,-0.837622,-0.0338599,0.0291785
300,0.848824,-0.848022,-0.028629,0.0232551
302,0.858916,-0.858422,-0.0233981,0.0173318
304,0.867177,-0.866789,-0.0210147,0.0152388
306,0.875056,-0.874733,-0.0192224,0.0139409
308,0.88294,-0.882678,-0.01743,0.0126429
310,0.90264,-0.902511,-0.0125865,0.00855772
312,0.906857,-0.906744,-0.0117467,0.00812994
314,0.911075,-0.910977,-0.0109069,0.00770216
316,0.915294,-0.91521,-0.0100672,0.00727438
318,0.919514,-0.919443,-0.00922742,0.00684659
320,0.923736,-0.923676,-0.00838766,0.00641881
322,0.927958,-0.927908,-0.0075479,0.00599103
324,0.931677,-0.931635,-0.00690842,0.00560023
326,0.934107,-0.934067,-0.00678075,0.00530396
328,0.936536,-0.936499,-0.00665308,0.00500768
330,0.938966,-0.938932,-0.00652541,0.0047114
332,0.941396,-0.941364,-0.00639775,0.00441513
334,0.943826,-0.943796,-0.00627008,0.00411885
336,0.946256,-0.946228,-0.00614241,0.00382257
338,0.948686,-0.948661,-0.00601474,0.0035263
340,0.951117,-0.951093,-0.00588707,0.00323002
342,0.953547,-0.953525,-0.00575941,0.00293374
344,0.955978,-0.955958,-0.00563174,0.00263747
346,0.958409,-0.95839,-0.00550407,0.00234119
348,0.960839,-0.960822,-0.0053764,0.00204491
350,0.96327,-0.963254,-0.00524873,0.00174864
352,0.965323,-0.965308,-0.00509672,0.00151333
354,0.966022,-0.966009,-0.00485776,0.00149576
356,0.966722,-0.96671,-0.00461881,0.0014782
358,0.967422,-0.967411,-0.00437985,0.00146064
360,0.968121,-0.968111,-0.00414089,0.00144307
362,0.968821,-0.968812,-0.00390193,0.00142551
364,0.969521,-0.969513,-0.00366297,0.00140795
366,0.970221,-0.970214,-0.00342402,0.00139038
368,0.970921,-0.970915,-0.00318506,0.00137282
370,0.971621,-0.971616,-0.0029461,0.00135526
372,0.972321,-0.972316,-0.00270714,0.00133769
374,0.973021,-0.973017,-0.00246819,0.00132013
376,0.973722,-0.973718,-0.00222923,0.00130257
378,0.974422,-0.974419,-0.00199027,0.001285
380,0.975102,-0.9751,-0.00178197,0.00126036
382,0.975676,-0.975673,-0.0017392,0.00119749
384,0.976249,-0.976247,-0.00169643,0.00113462
386,0.976822,-0.97682,-0.00165366,0.00107174
388,0.977396,-0.977394,-0.00161089,0.00100887
390,0.977969,-0.977967,-0.00156812,0.000945998
392,0.978542,-0.978541,-0.00152535,0.000883125
394,0.979116,-0.979114,-0.00148258,0.000820253
396,0.979689,-0.979688,-0.00143981,0.00075738
398,0.980262,-0.980261,-0.00139704,0.000694507
400,0.980836,-0.980835,-0.00135427,0.000631634
402,0.981409,-0.981408,-0.0013115,0.000568762
404,0.981982,-0.981982,-0.00126873,0.000505889
406,0.982556,-0.982555,-0.00122596,0.000443016
408,0.983091,-0.98309,-0.00117994,0.000385638
410,0.983251,-0.98325,-0.00110252,0.000381374
412,0.983411,-0.98341,-0.0010251,0.000377109
414,0.983571,-0.983571,-0.000947685,0.000372845
416,0.983731,-0.983731,-0.000870266,0.000368581
418,0.983892,-0.983891,-0.000792848,0.000364317
420,0.984052,-0.984052,-0.000715429,0.000360053
422,0.984212,-0.984212,-0.000638011,0.000355789
424,0.984372,-0.984372,-0.000560592,0.000351524
426,0.984533,-0.984532,-0.000483174,0.00034726
428,0.984693,-0.984693,-0.000405755,0.000342996
430,0.984853,-0.984853,-0.000328337,0.000338732
432,0.985013,-0.985013,-0.000250918,0.000334468
434,0.985174,-0.985174,-0.0001735,0.000330203
436,0.985326,-0.985326,-9.64405e-05,0.000325684
438,0.985245,-0.985245,-3.05266e-05,0.000313246
440,0.985163,-0.985163,3.53873e-05,0.000300808
442,0.985081,-0.985081,0.000101301,0.00028837
444,0.984999,-0.984999,0.000167215,0.000275932
446,0.984918,-0.984918,0.000233129,0.000263494
448,0.984836,-0.984836,0.000299043,0.000251056
