x,v,vx,vy,vz
0,1,-1,2.90547e-09,-5.71802e-10
2,1,-1,2.89822e-09,-4.77081e-10
4,1,-1,2.89097e-09,-3.8236e-10
6,1,-1,2.88371e-09,-2.87639e-10
8,1,-1,2.87646e-09,-1.92917e-10
10,1,-1,2.86921e-09,-9.81963e-11
12,1,-1,2.86195e-09,-3.47511e-12
14,1,-1,2.8547e-09,9.12461e-11
16,1,-1,2.83705e-09,1.39449e-10
18,1,-1,2.77437e-09,-1.39288e-11
20,1,-1,2.71169e-09,-1.67306e-10
22,1,-1,2.649e-09,-3.20684e-10
24,1,-1,2.58632e-09,-4.74061e-10
26,1,-1,2.52363e-09,-6.27439e-10
28,1,-1,2.46095e-09,-7.80817e-10
30,1,-1,2.39827e-09,-9.34194e-10
32,1,-1,2.33558e-09,-1.08757e-09
34,1,-1,2.2729e-09,-1.24095e-09
36,1,-1,2.21022e-09,-1.39433e-09
38,1,-1,2.14753e-09,-1.5477e-09
40,1,-1,2.08485e-09,-1.70108e-09
42,1,-1,2.02217e-09,-1.85446e-09
44,1,-1,1.95948e-09,-2.00784e-09
46,1,-1,1.8968e-09,-2.16121e-09
48,1,-1,1.8784e-09,-2.11349e-09
50,1,-1,1.89445e-09,-1.90936e-09
52,1,-1,1.9105e-09,-1.70523e-09
54,1,-1,1.92655e-09,-1.5011e-09
56,1,-1,1.9426e-09,-1.29697e-09
58,1,-1,1.95865e-09,-1.09284e-09
60,1,-1,1.9747e-09,-8.8871e-10
62,1,-1,1.99075e-09,-6.84579e-10
64,1,-1,2.0068e-09,-4.80449e-10
66,1,-1,2.02285e-09,-2.76318e-10
68,1,-1,2.0389e-09,-7.21876e-11
70,1,-1,2.05494e-09,1.31943e-10
72,1,-1,2.07099e-09,3.36074e-10
74,1,-1,2.08704e-09,5.40204e-10
76,1,-1,2.10309e-09,7.44335e-10
78,1,-1,2.11914e-09,9.48466e-10
80,1,-1,2.1229e-09,8.16733e-10
82,1,-1,2.12584e-09,6.62609e-10
84,1,-1,2.12878e-09,5.08486e-10
86,1,-1,2.13172e-09,3.54363e-10
88,1,-1,2.13466e-09,2.00239e-10
90,1,-1,2.1376e-09,4.61156e-11
92,1,-1,2.14054e-09,-1.08008e-10
94,1,-1,2.14348e-09,-2.62131e-10
96,1,-1,2.14641e-09,-4.16255e-10
98,1,-1,2.14935e-09,-5.70378e-10
100,1,-1,2.15229e-09,-7.24502e-10
102,1,-1,2.15523e-09,-8.78625e-10
104,1,-1,2.15817e-09,-1.03275e-09
106,1,-1,2.16111e-09,-1.18687e-09
108,1,-1,2.16405e-09,-1.341e-09
110,1,-1,2.18003e-09,-1.39823e-09
112,1,-1,2.22468e-09,-1.24231e-09
114,1,-1,2.26934e-09,-1.0864e-09
116,1,-1,2.314e-09,-9.30479e-10
118,1,-1,2.35866e-09,-7.74561e-10
120,1,-1,2.40331e-09,-6.18644e-10
122,1,-1,2.44797e-09,-4.62726e-10
124,1,-1,2.49263e-09,-3.06808e-10
126,1,-1,2.53729e-09,-1.50891e-10
128,1,-1,2.58194e-09,5.02666e-12
130,1,-1,2.6266e-09,1.60944e-10
132,1,-1,2.67126e-09,3.16862e-10
134,1,-1,2.71592e-09,4.72779e-10
136,1,-1,2.76058e-09,6.28697e-10
138,1,-1,2.80523e-09,7.84614e-10
140,1,-1,2.84989e-09,9.40532e-10
142,1,-1,2.85867e-09,8.67471e-10
144,1,-1,2.85114e-09,6.90328e-10
146,1,-1,2.84361e-09,5.13185e-10
148,1,-1,2.83607e-09,3.36043e-10
150,1,-1,2.82854e-09,1.589e-10
152,1,-1,2.82101e-09,-1.82426e-11
154,1,-1,2.81348e-09,-1.95385e-10
156,1,-1,2.80595e-09,-3.72528e-10
158,1,-1,2.79842e-09,-5.49671e-10
160,1,-1,2.79089e-09,-7.26813e-10
162,1,-1,2.78336e-09,-9.03956e-10
164,1,-1,2.77582e-09,-1.0811e-09
166,1,-1,2.76829e-09,-1.25824e-09
168,1,-1,2.76076e-09,-1.43538e-09
170,1,-1,2.75323e-09,-1.61253e-09
172,1,-1,2.7415e-09,-1.76873e-09
174,1,-1,2.66678e-09,-1.61077e-09
176,1,-1,2.59206e-09,-1.45281e-09
178,1,-1,2.51734e-09,-1.29485e-09
180,1,-1,2.44262e-09,-1.13689e-09
182,1,-1,2.36789e-09,-9.78931e-10
184,1,-1,2.29317e-09,-8.20972e-10
186,1,-1,2.21845e-09,-6.63014e-10
188,1,-1,2.14373e-09,-5.05055e-10
190,1,-1,2.06901e-09,-3.47096e-10
192,1,-1,1.99429e-09,-1.89137e-10
194,1,-1,1.91957e-09,-3.11782e-11
196,1,-1,1.84484e-09,1.26781e-10
198,1,-1,1.77012e-09,2.84739e-10
200,1,-1,1.6954e-09,4.42698e-10
202,1,-1,1.62068e-09,6.00657e-10
204,1,-1,1.58539e-09,6.39707e-10
206,1,-1,1.60081e-09,5.25875e-10
208,1,-1,1.61623e-09,4.12043e-10
210,1,-1,1.63165e-09,2.98211e-10
212,1,-1,1.64707e-09,1.84379e-10
214,1,-1,1.66249e-09,7.05466e-11
216,1,-1,1.6779e-09,-4.32856e-11
218,1,-1,1.69332e-09,-1.57118e-10
220,1,-1,1.70874e-09,-2.7095e-10
222,1,-1,1.72416e-09,-3.84782e-10
224,1,-1,1.73958e-09,-4.98614e-10
226,1,-1,1.75499e-09,-6.12446e-10
228,1,-1,1.77041e-09,-7.26278e-10
230,1,-1,1.78583e-09,-8.40111e-10
232,1,-1,1.80125e-09,-9.53943e-10
234,1,-1,1.81667e-09,-1.06777e-09
236,1,-1,1.83645e-09,-9.94972e-10
238,1,-1,1.85725e-09,-8.79099e-10
240,1,-1,1.87804e-09,-7.63226e-10
242,1,-1,1.89884e-09,-6.47353e-10
244,1,-1,1.91963e-09,-5.3148e-10
246,1,-1,1.94043e-09,-4.15606e-10
248,1,-1,1.96122e-09,-2.99733e-10
250,1,-1,1.98202e-09,-1.8386e-10
252,1,-1,2.00281e-09,-6.79874e-11
254,1,-1,2.02361e-09,4.78856e-11
256,1,-1,2.0444e-09,1.63759e-10
258,1,-1,2.0652e-09,2.79632e-10
260,1,-1,2.08599e-09,3.95505e-10
262,1,-1,2.10679e-09,5.11378e-10
264,1,-1,2.12758e-09,6.27251e-10
266,1,-1,2.13814e-09,6.91167e-10
268,1,-1,2.10433e-09,5.29939e-10
270,1,-1,2.07051e-09,3.6871e-10
272,1,-1,2.0367e-09,2.07482e-10
274,1,-1,2.00289e-09,4.62536e-11
276,1,-1,1.96907e-09,-1.14975e-10
278,1,-1,1.93526e-09,-2.76203e-10
280,1,-1,1.90145e-09,-4.37432e-10
282,1,-1,1.86763e-09,-5.9866e-10
284,1,-1,1.83382e-09,-7.59888e-10
286,1,-1,1.80001e-09,-9.21117e-10
288,1,-1,1.76619e-09,-1.08235e-09
290,1,-1,1.73238e-09,-1.24357e-09
292,1,-1,1.69857e-09,-1.4048e-09
294,1,-1,1.66475e-09,-1.56603e-09
296,1,-1,1.63094e-09,-1.72726e-09
298,1,-1,1.65305e-09,-1.68347e-09
300,1,-1,1.71866e-09,-1.48024e-09
302,1,-1,1.78427e-09,-1.277e-09
304,1,-1,1.84988e-09,-1.07376e-09
306,1,-1,1.91548e-09,-8.70519e-10
308,1,-1,1.98109e-09,-6.6728e-10
310,1,-1,2.0467e-09,-4.64041e-10
312,1,-1,2.11231e-09,-2.60802e-10
314,1,-1,2.17791e-09,-5.75629e-11
316,1,-1,2.24352e-09,1.45676e-10
318,1,-1,2.30913e-09,3.48915e-10
320,1,-1,2.37474e-09,5.52154e-10
322,1,-1,2.44035e-09,7.55393e-10
324,1,-1,2.50595e-09,9.58632e-10
326,1,-1,2.57156e-09,1.16187e-09
328,1,-1,2.63717e-09,1.36511e-09
330,1,-1,2.67819e-09,1.21162e-09
332,1,-1,2.71758e-09,1.03436e-09
334,1,-1,2.75697e-09,8.57089e-10
336,1,-1,2.79636e-09,6.79822e-10
338,1,-1,2.83574e-09,5.02554e-10
340,1,-1,2.87513e-09,3.25287e-10
342,1,-1,2.91452e-09,1.4802e-10
344,1,-1,2.95391e-09,-2.92476e-11
346,1,-1,2.99329e-09,-2.06515e-10
348,1,-1,3.03268e-09,-3.83782e-10
350,1,-1,3.07207e-09,-5.6105e-10
352,1,-1,3.11145e-09,-7.38317e-10
354,1,-1,3.15084e-09,-9.15584e-10
356,1,-1,3.19023e-09,-1.09285e-09
358,1,-1,3.22962e-09,-1.27012e-09
360,1,-1,3.26782e-09,-1.34569e-09
362,1,-1,3.30342e-09,-1.19752e-09
364,1,-1,3.33902e-09,-1.04935e-09
366,1,-1,3.37462e-09,-9.01181e-10
368,1,-1,3.41022e-09,-7.53012e-10
370,1,-1,3.44582e-09,-6.04843e-10
372,1,-1,3.48142e-09,-4.56674e-10
374,1,-1,3.51702e-09,-3.08505e-10
376,1,-1,3.55262e-09,-1.60336e-10
378,1,-1,3.58822e-09,-1.21667e-11
380,1,-1,3.62382e-09,1.36002e-10
382,1,-1,3.65942e-09,2.84171e-10
384,1,-1,3.69502e-09,4.3234e-10
386,1,-1,3.73062e-09,5.80509e-10
388,1,-1,3.76622e-09,7.28678e-10
390,1,-1,3.80182e-09,8.76847e-10
392,1,-1,3.798e-09,8.02164e-10
394,1,-1,3.77624e-09,6.26185e-10
396,1,-1,3.75449e-09,4.50205e-10
398,1,-1,3.73274e-09,2.74226e-10
400,1,-1,3.71099e-09,9.82463e-11
402,1,-1,3.68924e-09,-7.77331e-11
404,1,-1,3.66749e-09,-2.53713e-10
406,1,-1,3.64574e-09,-4.29692e-10
408,1,-1,3.62399e-09,-6.05672e-10
410,1,-1,3.60223e-09,-7.81651e-10
412,1,-1,3.58048e-09,-9.5763e-10
414,1,-1,3.55873e-09,-1.13361e-09
416,1,-1,3.53698e-09,-1.30959e-09
418,1,-1,3.51523e-09,-1.48557e-09
420,1,-1,3.49348e-09,-1.66155e-09
422,1,-1,3.46929e-09,-1.81672e-09
424,1,-1,3.40862e-09,-1.65979e-09
426,1,-1,3.34795e-09,-1.50285e-09
428,1,-1,3.28727e-09,-1.34591e-09
430,1,-1,3.2266e-09,-1.18898e-09
432,1,-1,3.16593e-09,-1.03204e-09
434,1,-1,3.10525e-09,-8.75109e-10
436,1,-1,3.04458e-09,-7.18174e-10
438,1,-1,2.9839e-09,-5.61239e-10
440,1,-1,2.92323e-09,-4.04304e-10
442,1,-1,2.86256e-09,-2.47368e-10
444,1,-1,2.80188e-09,-9.04332e-11
446,1,-1,2.74121e-09,6.65021e-11
448,1,-1,2.68053e-09,2.23437e-10
450,1,-1,2.61986e-09,3.80372e-10
452,1,-1,2.55919e-09,5.37308e-10
454,1,-1,2.53729e-09,5.71337e-10
456,1,-1,2.56527e-09,4.47343e-10
458,1,-1,2.59324e-09,3.2335e-10
460,1,-1,2.62121e-09,1.99357e-10
462,1,-1,2.64919e-09,7.53636e-11
464,1,-1,2.67716e-09,-4.86297e-11
466,1,-1,2.70513e-09,-1.72623e-10
468,1,-1,2.73311e-09,-2.96616e-10
470,1,-1,2.76108e-09,-4.2061e-10
472,1,-1,2.78905e-09,-5.44603e-10
474,1,-1,2.81703e-09,-6.68596e-10
476,1,-1,2.845e-09,-7.92589e-10
478,1,-1,2.87297e-09,-9.16583e-10
480,1,-1,2.90095e-09,-1.04058e-09
482,1,-1,2.92892e-09,-1.16457e-09
484,1,-1,2.95689e-09,-1.28856e-09
486,1,-1,2.95625e-09,-1.23485e-09
488,1,-1,2.94899e-09,-1.14013e-09
490,1,-1,2.94174e-09,-1.04541e-09
492,1,-1,2.93449e-09,-9.50687e-10
494,1,-1,2.92723e-09,-8.55966e-10
496,1,-1,2.91998e-09,-7.61244e-10
498,1,-1,2.91273e-09,-6.66523e-10
