x,v,vx,vy,vz
0,0.973362,-0.973361,0.00124122,0.00125873
2,0.973083,-0.973082,0.00135834,0.00125414
4,0.972805,-0.972803,0.00147547,0.00124955
6,0.972526,-0.972524,0.00159259,0.00124496
8,0.972248,-0.972245,0.00170972,0.00124038
10,0.971969,-0.971966,0.00182684,0.00123579
12,0.97169,-0.971688,0.00194397,0.0012312
14,0.971412,-0.971409,0.00206109,0.00122661
16,0.970483,-0.97048,0.00212912,0.00131338
18,0.969533,-0.96953,0.00219556,0.00140309
20,0.968584,-0.96858,0.00226201,0.00149281
22,0.967634,-0.96763,0.00232845,0.00158252
24,0.966684,-0.96668,0.00239489,0.00167224
26,0.965735,-0.96573,0.00246134,0.00176195
28,0.964785,-0.96478,0.00252778,0.00185166
30,0.963835,-0.96383,0.00259422,0.00194138
32,0.962886,-0.96288,0.00266067,0.00203109
34,0.961936,-0.96193,0.00272711,0.00212081
36,0.960986,-0.96098,0.00279355,0.00221052
38,0.960037,-0.96003,0.00286,0.00230024
40,0.959087,-0.95908,0.00292644,0.00238995
42,0.958138,-0.95813,0.00299288,0.00247967
44,0.956965,-0.956957,0.00291415,0.00250734
46,0.955768,-0.955761,0.00282039,0.0025286
48,0.954572,-0.954565,0.00272663,0.00254986
50,0.953376,-0.953369,0.00263288,0.00257112
52,0.95218,-0.952173,0.00253912,0.00259237
54,0.950983,-0.950977,0.00244536,0.00261363
56,0.949787,-0.949781,0.00235161,0.00263489
58,0.948591,-0.948585,0.00225785,0.00265615
60,0.947395,-0.947389,0.00216409,0.00267741
62,0.946199,-0.946193,0.00207034,0.00269867
64,0.945002,-0.944996,0.00197658,0.00271992
66,0.943806,-0.9438,0.00188282,0.00274118
68,0.94261,-0.942604,0.00178906,0.00276244
70,0.941414,-0.941408,0.00169531,0.0027837
72,0.939507,-0.9395,0.00172231,0.00303609
74,0.937468,-0.937461,0.00177167,0.00333128
76,0.93543,-0.935421,0.00182104,0.00362647
78,0.933391,-0.933381,0.0018704,0.00392166
80,0.931353,-0.931341,0.00191977,0.00421686
82,0.929315,-0.929301,0.00196913,0.00451205
84,0.927276,-0.927262,0.0020185,0.00480724
86,0.925238,-0.925222,0.00206786,0.00510243
88,0.9232,-0.923182,0.00211723,0.00539762
90,0.921162,-0.921142,0.00216659,0.00569281
92,0.919125,-0.919103,0.00221596,0.00598801
94,0.917087,-0.917063,0.00226532,0.0062832
96,0.91505,-0.915023,0.00231468,0.00657839
98,0.913012,-0.912983,0.00236405,0.00687358
100,0.906438,-0.906409,0.00173196,0.00708084
102,0.898594,-0.898564,0.000909054,0.00726347
104,0.890751,-0.89072,8.61519e-05,0.00744611
106,0.882909,-0.882876,-0.00073675,0.00762875
108,0.875068,-0.875032,-0.00155965,0.00781138
110,0.867228,-0.867188,-0.00238255,0.00799402
112,0.859388,-0.859343,-0.00320546,0.00817665
114,0.85155,-0.851499,-0.00402836,0.00835929
116,0.843712,-0.843655,-0.00485126,0.00854192
118,0.835876,-0.835811,-0.00567416,0.00872456
120,0.82804,-0.827966,-0.00649706,0.00890719
122,0.820205,-0.820122,-0.00731997,0.00908983
124,0.812372,-0.812278,-0.00814287,0.00927247
126,0.804539,-0.804434,-0.00896577,0.0094551
128,0.793519,-0.793398,-0.00914292,0.0104109
130,0.781252,-0.781112,-0.0090674,0.0116692
132,0.768988,-0.768827,-0.00899187,0.0129276
134,0.756727,-0.756541,-0.00891634,0.0141859
136,0.744469,-0.744256,-0.00884081,0.0154442
138,0.732214,-0.731971,-0.00876529,0.0167026
140,0.719962,-0.719685,-0.00868976,0.0179609
142,0.641767,-0.641403,-0.0106561,0.0188134
144,0.613841,-0.613416,-0.0110664,0.0199752
146,0.585923,-0.585429,-0.0114766,0.021137
148,0.560098,-0.559496,-0.0123202,0.0228568
150,0.544358,-0.54346,-0.0152513,0.0272652
152,0.528688,-0.527425,-0.0181825,0.0316736
154,0.513095,-0.511389,-0.0211136,0.036082
156,0.497587,-0.495354,-0.0240448,0.0404904
158,0.482172,-0.479319,-0.0269759,0.0448989
160,0.466859,-0.463283,-0.0299071,0.0493073
162,0.447878,-0.443714,-0.0318647,0.0519289
164,0.405868,-0.402552,-0.0278734,0.0436312
166,0.363898,-0.36139,-0.0238821,0.0353335
168,0.321983,-0.320229,-0.0198909,0.0270358
170,0.280147,-0.279067,-0.0158996,0.0187381
172,0.238431,-0.237905,-0.0119083,0.0104404
174,0.196914,-0.196743,-0.00791697,0.00214275
176,0.159248,-0.159089,-0.00406226,-0.00583639
178,0.15043,-0.150005,-0.00131978,-0.0112216
180,0.141902,-0.14092,0.0014227,-0.0166068
182,0.133722,-0.131836,0.00416518,-0.021992
184,0.0451711,-0.042134,0.013876,-0.00852132
186,0.0204496,-0.000787959,0.0166623,-0.0118295
188,0.0321521,-0.0104964,0.015818,-0.0259494
190,0.0538241,-0.0302248,0.0142613,-0.0421914
192,0.0779177,-0.0499532,0.0127045,-0.0584333
194,0.0968568,-0.0671657,0.00767631,-0.0693619
196,0.105037,-0.0790397,-0.00471813,-0.0690161
198,0.0695817,-0.0367413,-0.00503284,-0.0588758
200,0.0978471,-0.0607751,-0.02133,-0.0736578
202,0.152138,-0.103779,-0.0419766,-0.103024
204,0.190672,-0.127888,-0.0711735,-0.122208
206,0.230238,-0.162478,-0.105909,-0.124072
208,0.253598,-0.195809,-0.122911,-0.104228
210,0.272173,-0.223073,-0.132586,-0.0820825
212,0.262884,-0.229795,-0.110102,-0.0646532
214,0.255567,-0.235411,-0.0720871,-0.0685538
216,0.292974,-0.259358,-0.0795407,-0.110635
218,0.386954,-0.312927,-0.123626,-0.191119
220,0.439863,-0.401891,-0.104535,-0.145035
222,0.446221,-0.442299,-0.0589787,-0.00262325
224,0.52919,-0.512458,-0.0930181,-0.0936862
226,0.741078,-0.720527,0.12099,-0.124094
228,0.878956,-0.846987,0.201169,-0.121278
230,0.982515,-0.95864,0.179329,-0.119107
232,1.01397,-0.996021,0.158824,-0.104216
234,1.03432,-1.02138,0.137025,-0.0884698
236,1.04064,-1.03061,0.123936,-0.0735714
238,1.04392,-1.03669,0.108353,-0.0574691
240,1.03749,-1.03306,0.0849835,-0.0440303
242,1.03876,-1.03593,0.0715716,-0.0273189
244,1.0306,-1.02876,0.0608097,-0.00947646
246,1.01882,-1.0175,0.0511254,0.00882578
248,1.00746,-1.00624,0.041441,0.027128
250,0.996118,-0.994602,0.0327266,0.0441137
252,0.983347,-0.98137,0.0280086,0.0556753
254,0.97075,-0.968139,0.0232906,0.0672368
256,0.958333,-0.954907,0.0185726,0.0787983
258,0.945144,-0.941172,0.0155592,0.0851482
260,0.931562,-0.927201,0.0133491,0.089042
262,0.918013,-0.913229,0.011139,0.0929359
264,0.905825,-0.900713,0.0090592,0.0956698
266,0.900413,-0.895617,0.00764331,0.0924942
268,0.895011,-0.890521,0.00622743,0.0893186
270,0.889619,-0.885425,0.00481155,0.0861429
272,0.886212,-0.882451,0.00337371,0.081485
274,0.883904,-0.880627,0.00192395,0.0760234
276,0.881631,-0.878803,0.000474199,0.0705618
278,0.879806,-0.877389,-0.000741081,0.0651529
280,0.880712,-0.87866,-0.000425391,0.060088
282,0.873416,-0.871213,0.000104815,0.0619973
284,0.872139,-0.870218,6.7207e-05,0.0578468
286,0.870881,-0.869224,2.95987e-05,0.0536962
288,0.869642,-0.868229,-8.00952e-06,0.0495456
290,0.873775,-0.872566,-0.00102137,0.0459329
292,0.878802,-0.877775,-0.0021944,0.0424081
294,0.883846,-0.882984,-0.00336743,0.0388834
296,0.888908,-0.888193,-0.00454045,0.0353587
298,0.893988,-0.893402,-0.00571348,0.0318339
300,0.899084,-0.898612,-0.00688651,0.0283092
302,0.904196,-0.903821,-0.00805954,0.0247845
304,0.90759,-0.907263,-0.007496,0.0231767
306,0.910628,-0.910339,-0.00657204,0.0219668
308,0.913668,-0.913415,-0.00564809,0.0207568
310,0.925345,-0.925162,-0.00264842,0.0181963
312,0.925697,-0.925531,-0.00237249,0.017408
314,0.926051,-0.925899,-0.00209656,0.0166197
316,0.926405,-0.926268,-0.00182063,0.0158315
318,0.926759,-0.926636,-0.0015447,0.0150432
320,0.927115,-0.927005,-0.00126877,0.0142549
322,0.927471,-0.927373,-0.000992834,0.0134666
324,0.928465,-0.928377,-0.000898827,0.0127832
326,0.931087,-0.931004,-0.00126974,0.0123678
328,0.933709,-0.933632,-0.00164065,0.0119524
330,0.936332,-0.936259,-0.00201157,0.011537
332,0.938955,-0.938886,-0.00238248,0.0111216
334,0.941579,-0.941514,-0.00275339,0.0107062
336,0.944202,-0.944141,-0.0031243,0.0102908
338,0.946827,-0.946769,-0.00349522,0.0098754
340,0.949451,-0.949396,-0.00386613,0.00946
342,0.952076,-0.952023,-0.00423704,0.0090446
344,0.954701,-0.954651,-0.00460796,0.00862921
346,0.957326,-0.957278,-0.00497887,0.00821381
348,0.959952,-0.959906,-0.00534978,0.00779842
350,0.962578,-0.962533,-0.00572069,0.00738302
352,0.964634,-0.964591,-0.00593216,0.00701451
354,0.964653,-0.964613,-0.00557418,0.00681344
356,0.964672,-0.964636,-0.0052162,0.00661237
358,0.964692,-0.964658,-0.00485822,0.0064113
360,0.964711,-0.964681,-0.00450024,0.00621023
362,0.964731,-0.964703,-0.00414225,0.00600916
364,0.96475,-0.964726,-0.00378427,0.00580808
366,0.96477,-0.964748,-0.00342629,0.00560701
368,0.964791,-0.964771,-0.00306831,0.00540594
370,0.964811,-0.964793,-0.00271033,0.00520487
372,0.964831,-0.964815,-0.00235235,0.0050038
374,0.964852,-0.964838,-0.00199436,0.00480273
376,0.964873,-0.96486,-0.00163638,0.00460166
378,0.964894,-0.964883,-0.0012784,0.00440059
380,0.965016,-0.965007,-0.000983165,0.00421047
382,0.965688,-0.965678,-0.00102676,0.00407952
384,0.966359,-0.96635,-0.00107035,0.00394856
386,0.96703,-0.967022,-0.00111394,0.00381761
388,0.967701,-0.967693,-0.00115753,0.00368665
390,0.968372,-0.968365,-0.00120112,0.00355569
392,0.969043,-0.969036,-0.00124471,0.00342474
394,0.969714,-0.969708,-0.0012883,0.00329378
396,0.970385,-0.970379,-0.00133189,0.00316283
398,0.971057,-0.971051,-0.00137548,0.00303187
400,0.971728,-0.971723,-0.00141908,0.00290091
402,0.972399,-0.972394,-0.00146267,0.00276996
404,0.97307,-0.973066,-0.00150626,0.002639
406,0.973742,-0.973737,-0.00154985,0.00250805
408,0.974357,-0.974352,-0.00157597,0.00238204
410,0.974425,-0.974422,-0.00143325,0.00230394
412,0.974494,-0.974491,-0.00129053,0.00222583
414,0.974563,-0.97456,-0.0011478,0.00214772
416,0.974632,-0.97463,-0.00100508,0.00206962
418,0.974702,-0.974699,-0.000862359,0.00199151
420,0.974771,-0.974768,-0.000719636,0.00191341
422,0.97484,-0.974838,-0.000576914,0.0018353
424,0.974909,-0.974907,-0.000434191,0.00175719
426,0.974978,-0.974977,-0.000291468,0.00167909
428,0.975047,-0.975046,-0.000148746,0.00160098
430,0.975116,-0.975115,-6.02301e-06,0.00152287
432,0.975186,-0.975185,0.0001367,0.00144477
434,0.975255,-0.975254,0.000279422,0.00136666
436,0.975313,-0.975312,0.000421345,0.00129085
438,0.975035,-0.975034,0.00053847,0.00128626
440,0.974756,-0.974755,0.000655595,0.00128167
442,0.974477,-0.974476,0.00077272,0.00127708
444,0.974198,-0.974197,0.000889845,0.0012725
446,0.97392,-0.973918,0.00100697,0.00126791
448,0.973641,-0.973639,0.00112409,0.00126332
