x,v,vx,vy,vz
0,0.642313,-0.499313,-2.59076e-05,-0.404044
2,0.642309,-0.49931,-2.63289e-05,-0.404043
4,0.642306,-0.499307,-2.67502e-05,-0.404042
6,0.642303,-0.499304,-2.71714e-05,-0.40404
8,0.6423,-0.499301,-2.75927e-05,-0.404039
10,0.642297,-0.499298,-2.8014e-05,-0.404037
12,0.642293,-0.499295,-2.84353e-05,-0.404036
14,0.64229,-0.499292,-2.88565e-05,-0.404035
16,0.642286,-0.499288,-2.83062e-05,-0.404033
18,0.642278,-0.499278,-2.35458e-05,-0.404032
20,0.64227,-0.499269,-1.87853e-05,-0.404031
22,0.642262,-0.499259,-1.40248e-05,-0.40403
24,0.642254,-0.499249,-9.26435e-06,-0.404029
26,0.642245,-0.49924,-4.50387e-06,-0.404028
28,0.642237,-0.49923,2.56598e-07,-0.404027
30,0.642229,-0.499221,5.01707e-06,-0.404026
32,0.642221,-0.499211,9.77754e-06,-0.404025
34,0.642213,-0.499201,1.4538e-05,-0.404024
36,0.642205,-0.499192,1.92985e-05,-0.404023
38,0.642196,-0.499182,2.4059e-05,-0.404022
40,0.642188,-0.499172,2.88194e-05,-0.404021
42,0.64218,-0.499163,3.35799e-05,-0.40402
44,0.642172,-0.499153,3.83404e-05,-0.404019
46,0.642164,-0.499144,4.31008e-05,-0.404017
48,0.642173,-0.499156,4.62856e-05,-0.404017
50,0.642196,-0.499186,4.82449e-05,-0.404016
52,0.642219,-0.499216,5.02041e-05,-0.404016
54,0.642242,-0.499246,5.21634e-05,-0.404015
56,0.642265,-0.499276,5.41226e-05,-0.404015
58,0.642288,-0.499306,5.60819e-05,-0.404014
60,0.642311,-0.499336,5.80411e-05,-0.404014
62,0.642334,-0.499366,6.00004e-05,-0.404013
64,0.642357,-0.499396,6.19597e-05,-0.404013
66,0.64238,-0.499426,6.39189e-05,-0.404012
68,0.642403,-0.499456,6.58782e-05,-0.404012
70,0.642426,-0.499485,6.78374e-05,-0.404011
72,0.642449,-0.499515,6.97967e-05,-0.404011
74,0.642472,-0.499545,7.17559e-05,-0.40401
76,0.642494,-0.499575,7.37152e-05,-0.40401
78,0.642517,-0.499605,7.56744e-05,-0.404009
80,0.642536,-0.49963,7.91486e-05,-0.404008
82,0.642555,-0.499655,8.27238e-05,-0.404007
84,0.642573,-0.499679,8.6299e-05,-0.404006
86,0.642592,-0.499704,8.98742e-05,-0.404006
88,0.642611,-0.499728,9.34494e-05,-0.404005
90,0.642629,-0.499753,9.70246e-05,-0.404004
92,0.642648,-0.499778,0.0001006,-0.404003
94,0.642666,-0.499802,0.000104175,-0.404002
96,0.642685,-0.499827,0.00010775,-0.404001
98,0.642703,-0.499851,0.000111325,-0.404001
100,0.642722,-0.499876,0.000114901,-0.404
102,0.642741,-0.4999,0.000118476,-0.403999
104,0.642759,-0.499925,0.000122051,-0.403998
106,0.642778,-0.49995,0.000125626,-0.403997
108,0.642796,-0.499974,0.000129201,-0.403996
110,0.64283,-0.500019,0.000130283,-0.403994
112,0.642897,-0.500109,0.000125877,-0.403991
114,0.642965,-0.500198,0.000121472,-0.403987
116,0.643032,-0.500287,0.000117066,-0.403983
118,0.643099,-0.500377,0.000112661,-0.40398
120,0.643167,-0.500466,0.000108255,-0.403976
122,0.643234,-0.500556,0.00010385,-0.403972
124,0.643301,-0.500645,9.94445e-05,-0.403969
126,0.643368,-0.500735,9.5039e-05,-0.403965
128,0.643436,-0.500824,9.06336e-05,-0.403961
130,0.643503,-0.500914,8.62282e-05,-0.403958
132,0.64357,-0.501003,8.18227e-05,-0.403954
134,0.643638,-0.501093,7.74173e-05,-0.40395
136,0.643705,-0.501182,7.30119e-05,-0.403947
138,0.643772,-0.501271,6.86064e-05,-0.403943
140,0.64384,-0.501361,6.4201e-05,-0.403939
142,0.643888,-0.501426,6.071e-05,-0.403935
144,0.643927,-0.50148,5.76347e-05,-0.403931
146,0.643967,-0.501534,5.45594e-05,-0.403927
148,0.644006,-0.501588,5.1484e-05,-0.403922
150,0.644046,-0.501642,4.84087e-05,-0.403918
152,0.644085,-0.501697,4.53334e-05,-0.403914
154,0.644125,-0.501751,4.22581e-05,-0.40391
156,0.644164,-0.501805,3.91828e-05,-0.403906
158,0.644204,-0.501859,3.61074e-05,-0.403901
160,0.644243,-0.501913,3.30321e-05,-0.403897
162,0.644283,-0.501967,2.99568e-05,-0.403893
164,0.644322,-0.502021,2.68815e-05,-0.403889
166,0.644362,-0.502075,2.38062e-05,-0.403884
168,0.644401,-0.50213,2.07308e-05,-0.40388
170,0.644441,-0.502184,1.76555e-05,-0.403876
172,0.644482,-0.502239,1.42085e-05,-0.403872
174,0.644541,-0.502314,5.18565e-06,-0.403873
176,0.6446,-0.502389,-3.83717e-06,-0.403874
178,0.644659,-0.502464,-1.286e-05,-0.403875
180,0.644718,-0.502538,-2.18828e-05,-0.403877
182,0.644777,-0.502613,-3.09056e-05,-0.403878
184,0.644836,-0.502688,-3.99285e-05,-0.403879
186,0.644895,-0.502763,-4.89513e-05,-0.40388
188,0.644954,-0.502838,-5.79741e-05,-0.403881
190,0.645013,-0.502913,-6.69969e-05,-0.403882
192,0.645072,-0.502987,-7.60198e-05,-0.403883
194,0.645131,-0.503062,-8.50426e-05,-0.403884
196,0.64519,-0.503137,-9.40654e-05,-0.403885
198,0.645249,-0.503212,-0.000103088,-0.403886
200,0.645308,-0.503287,-0.000112111,-0.403888
202,0.645367,-0.503362,-0.000121134,-0.403889
204,0.645399,-0.503404,-0.000123652,-0.403886
206,0.645395,-0.503405,-0.000117806,-0.403879
208,0.645392,-0.503406,-0.000111961,-0.403872
210,0.645388,-0.503407,-0.000106115,-0.403865
212,0.645384,-0.503408,-0.000100269,-0.403858
214,0.645381,-0.503409,-9.44239e-05,-0.403851
216,0.645377,-0.50341,-8.85783e-05,-0.403844
218,0.645373,-0.503411,-8.27327e-05,-0.403837
220,0.64537,-0.503412,-7.68871e-05,-0.40383
222,0.645366,-0.503413,-7.10415e-05,-0.403823
224,0.645362,-0.503413,-6.51959e-05,-0.403816
226,0.645358,-0.503414,-5.93504e-05,-0.403809
228,0.645355,-0.503415,-5.35048e-05,-0.403802
230,0.645351,-0.503416,-4.76592e-05,-0.403795
232,0.645347,-0.503417,-4.18136e-05,-0.403788
234,0.645344,-0.503418,-3.5968e-05,-0.403781
236,0.645329,-0.503397,-4.19672e-05,-0.403783
238,0.645311,-0.503371,-5.06997e-05,-0.403787
240,0.645293,-0.503345,-5.94322e-05,-0.403792
242,0.645276,-0.503318,-6.81648e-05,-0.403796
244,0.645258,-0.503292,-7.68973e-05,-0.4038
246,0.64524,-0.503266,-8.56298e-05,-0.403805
248,0.645223,-0.50324,-9.43623e-05,-0.403809
250,0.645205,-0.503214,-0.000103095,-0.403814
252,0.645187,-0.503188,-0.000111827,-0.403818
254,0.64517,-0.503161,-0.00012056,-0.403822
256,0.645152,-0.503135,-0.000129292,-0.403827
258,0.645134,-0.503109,-0.000138025,-0.403831
260,0.645117,-0.503083,-0.000146758,-0.403835
262,0.645099,-0.503057,-0.00015549,-0.40384
264,0.645081,-0.50303,-0.000164223,-0.403844
266,0.645053,-0.502991,-0.000173212,-0.403847
268,0.644978,-0.502897,-0.000183318,-0.403846
270,0.644903,-0.502802,-0.000193423,-0.403844
272,0.644828,-0.502708,-0.000203528,-0.403842
274,0.644754,-0.502613,-0.000213634,-0.40384
276,0.644679,-0.502519,-0.000223739,-0.403839
278,0.644604,-0.502424,-0.000233844,-0.403837
280,0.644529,-0.50233,-0.000243949,-0.403835
282,0.644454,-0.502235,-0.000254055,-0.403833
284,0.64438,-0.502141,-0.00026416,-0.403832
286,0.644305,-0.502046,-0.000274265,-0.40383
288,0.64423,-0.501951,-0.000284371,-0.403828
290,0.644155,-0.501857,-0.000294476,-0.403826
292,0.644081,-0.501762,-0.000304581,-0.403824
294,0.644006,-0.501668,-0.000314686,-0.403823
296,0.643931,-0.501573,-0.000324792,-0.403821
298,0.643809,-0.501412,-0.000336376,-0.403826
300,0.643649,-0.501198,-0.00034911,-0.403836
302,0.643489,-0.500985,-0.000361844,-0.403846
304,0.643329,-0.500772,-0.000374579,-0.403857
306,0.64317,-0.500558,-0.000387313,-0.403867
308,0.64301,-0.500345,-0.000400047,-0.403877
310,0.64285,-0.500131,-0.000412781,-0.403888
312,0.642691,-0.499918,-0.000425516,-0.403898
314,0.642531,-0.499704,-0.00043825,-0.403908
316,0.642372,-0.499491,-0.000450984,-0.403918
318,0.642212,-0.499278,-0.000463719,-0.403929
320,0.642053,-0.499064,-0.000476453,-0.403939
322,0.641893,-0.498851,-0.000489187,-0.403949
324,0.641734,-0.498637,-0.000501921,-0.403959
326,0.641575,-0.498424,-0.000514656,-0.40397
328,0.641415,-0.49821,-0.00052739,-0.40398
330,0.641344,-0.498115,-0.000518851,-0.403984
332,0.641278,-0.498028,-0.000508893,-0.403988
334,0.641212,-0.49794,-0.000498935,-0.403991
336,0.641147,-0.497852,-0.000488978,-0.403995
338,0.641081,-0.497765,-0.00047902,-0.403998
340,0.641015,-0.497677,-0.000469063,-0.404002
342,0.64095,-0.49759,-0.000459105,-0.404006
344,0.640884,-0.497502,-0.000449147,-0.404009
346,0.640818,-0.497415,-0.00043919,-0.404013
348,0.640753,-0.497327,-0.000429232,-0.404016
350,0.640687,-0.49724,-0.000419275,-0.40402
352,0.640621,-0.497152,-0.000409317,-0.404023
354,0.640556,-0.497065,-0.000399359,-0.404027
356,0.64049,-0.496977,-0.000389402,-0.404031
358,0.640424,-0.49689,-0.000379444,-0.404034
360,0.640378,-0.496827,-0.000370672,-0.404038
362,0.640375,-0.496818,-0.000364508,-0.404044
364,0.640371,-0.496809,-0.000358344,-0.404049
366,0.640368,-0.4968,-0.000352179,-0.404055
368,0.640364,-0.496791,-0.000346015,-0.40406
370,0.64036,-0.496782,-0.000339851,-0.404066
372,0.640357,-0.496773,-0.000333687,-0.404071
374,0.640353,-0.496764,-0.000327523,-0.404076
376,0.64035,-0.496755,-0.000321358,-0.404082
378,0.640346,-0.496746,-0.000315194,-0.404087
380,0.640343,-0.496737,-0.00030903,-0.404093
382,0.640339,-0.496728,-0.000302866,-0.404098
384,0.640336,-0.496719,-0.000296702,-0.404104
386,0.640332,-0.496711,-0.000290537,-0.404109
388,0.640329,-0.496702,-0.000284373,-0.404115
390,0.640325,-0.496693,-0.000278209,-0.40412
392,0.640355,-0.49673,-0.000270622,-0.404122
394,0.640401,-0.496788,-0.000262388,-0.404122
396,0.640446,-0.496846,-0.000254155,-0.404122
398,0.640491,-0.496905,-0.000245921,-0.404122
400,0.640537,-0.496963,-0.000237687,-0.404123
402,0.640582,-0.497021,-0.000229454,-0.404123
404,0.640627,-0.497079,-0.00022122,-0.404123
406,0.640673,-0.497138,-0.000212986,-0.404123
408,0.640718,-0.497196,-0.000204752,-0.404123
410,0.640763,-0.497254,-0.000196519,-0.404124
412,0.640809,-0.497312,-0.000188285,-0.404124
414,0.640854,-0.497371,-0.000180051,-0.404124
416,0.640899,-0.497429,-0.000171818,-0.404124
418,0.640945,-0.497487,-0.000163584,-0.404124
420,0.64099,-0.497545,-0.00015535,-0.404125
422,0.641035,-0.497604,-0.00014733,-0.404125
424,0.641079,-0.497661,-0.000142501,-0.404124
426,0.641123,-0.497719,-0.000137673,-0.404123
428,0.641168,-0.497777,-0.000132845,-0.404122
430,0.641212,-0.497834,-0.000128017,-0.40412
432,0.641256,-0.497892,-0.000123188,-0.404119
434,0.6413,-0.49795,-0.00011836,-0.404118
436,0.641344,-0.498008,-0.000113532,-0.404117
438,0.641388,-0.498065,-0.000108703,-0.404116
440,0.641433,-0.498123,-0.000103875,-0.404115
442,0.641477,-0.498181,-9.9047e-05,-0.404114
444,0.641521,-0.498239,-9.42187e-05,-0.404113
446,0.641565,-0.498296,-8.93905e-05,-0.404112
448,0.641609,-0.498354,-8.45622e-05,-0.404111
450,0.641653,-0.498412,-7.9734e-05,-0.40411
452,0.641698,-0.49847,-7.49057e-05,-0.404109
454,0.64174,-0.498526,-7.08017e-05,-0.404107
456,0.641779,-0.498579,-6.7629e-05,-0.404103
458,0.641818,-0.498632,-6.44563e-05,-0.4041
460,0.641858,-0.498686,-6.12836e-05,-0.404096
462,0.641897,-0.498739,-5.81109e-05,-0.404093
464,0.641936,-0.498792,-5.49382e-05,-0.40409
466,0.641976,-0.498846,-5.17655e-05,-0.404086
468,0.642015,-0.498899,-4.85928e-05,-0.404083
470,0.642054,-0.498953,-4.54202e-05,-0.40408
472,0.642094,-0.499006,-4.22475e-05,-0.404076
474,0.642133,-0.499059,-3.90748e-05,-0.404073
476,0.642173,-0.499113,-3.59021e-05,-0.404069
478,0.642212,-0.499166,-3.27294e-05,-0.404066
480,0.642251,-0.499219,-2.95567e-05,-0.404063
482,0.642291,-0.499273,-2.6384e-05,-0.404059
484,0.64233,-0.499326,-2.32113e-05,-0.404056
486,0.642335,-0.499334,-2.29587e-05,-0.404054
488,0.642332,-0.499331,-2.33799e-05,-0.404053
490,0.642328,-0.499328,-2.38012e-05,-0.404051
492,0.642325,-0.499325,-2.42225e-05,-0.40405
494,0.642322,-0.499322,-2.46438e-05,-0.404049
496,0.642319,-0.499319,-2.5065e-05,-0.404047
498,0.642316,-0.499316,-2.54863e-05,-0.404046
