x,v,vx,vy,vz
0,0.978251,-0.978247,0.000799511,0.0025643
2,0.978073,-0.978069,0.000887657,0.00262089
4,0.977896,-0.977892,0.000975803,0.00267749
6,0.977718,-0.977714,0.00106395,0.00273409
8,0.977541,-0.977536,0.0011521,0.00279068
10,0.977363,-0.977358,0.00124024,0.00284728
12,0.977186,-0.977181,0.00132839,0.00290388
14,0.977009,-0.977003,0.00141653,0.00296047
16,0.976286,-0.97628,0.0013099,0.00314239
18,0.975546,-0.97554,0.00119698,0.00332835
20,0.974806,-0.9748,0.00108405,0.00351431
22,0.974067,-0.974059,0.000971134,0.00370027
24,0.973327,-0.973319,0.000858214,0.00388623
26,0.972587,-0.972578,0.000745293,0.00407219
28,0.971848,-0.971838,0.000632373,0.00425815
30,0.971108,-0.971098,0.000519452,0.00444411
32,0.970368,-0.970357,0.000406532,0.00463007
34,0.969629,-0.969617,0.000293611,0.00481603
36,0.968889,-0.968876,0.000180691,0.00500199
38,0.96815,-0.968136,6.77701e-05,0.00518795
40,0.967411,-0.967396,-4.51505e-05,0.00537391
42,0.966671,-0.966655,-0.000158071,0.00555987
44,0.964952,-0.964934,-0.000446076,0.00574728
46,0.963131,-0.963112,-0.000752194,0.00593484
48,0.96131,-0.96129,-0.00105831,0.0061224
50,0.959489,-0.959467,-0.00136443,0.00630995
52,0.957669,-0.957645,-0.00167055,0.00649751
54,0.955848,-0.955823,-0.00197666,0.00668507
56,0.954028,-0.954,-0.00228278,0.00687262
58,0.952208,-0.952178,-0.0025889,0.00706018
60,0.950388,-0.950356,-0.00289502,0.00724774
62,0.948568,-0.948533,-0.00320113,0.0074353
64,0.946748,-0.946711,-0.00350725,0.00762285
66,0.944929,-0.944889,-0.00381337,0.00781041
68,0.943109,-0.943066,-0.00411949,0.00799797
70,0.94129,-0.941244,-0.0044256,0.00818552
72,0.937312,-0.937262,-0.00456884,0.00857082
74,0.932935,-0.93288,-0.0046819,0.00899273
76,0.928557,-0.928497,-0.00479497,0.00941464
78,0.924181,-0.924115,-0.00490804,0.00983655
80,0.919804,-0.919733,-0.0050211,0.0102585
82,0.915428,-0.915351,-0.00513417,0.0106804
84,0.911052,-0.910969,-0.00524724,0.0111023
86,0.906676,-0.906587,-0.00536031,0.0115242
88,0.9023,-0.902205,-0.00547337,0.0119461
90,0.897925,-0.897822,-0.00558644,0.012368
92,0.89355,-0.89344,-0.00569951,0.0127899
94,0.889175,-0.889058,-0.00581257,0.0132118
96,0.884801,-0.884676,-0.00592564,0.0136338
98,0.880427,-0.880294,-0.00603871,0.0140557
100,0.870904,-0.870752,-0.00655668,0.0148571
102,0.859941,-0.859766,-0.00718803,0.0157649
104,0.848979,-0.84878,-0.00781938,0.0166727
106,0.838021,-0.837794,-0.00845072,0.0175804
108,0.827064,-0.826807,-0.00908207,0.0184882
110,0.816109,-0.815821,-0.00971342,0.0193959
112,0.805157,-0.804835,-0.0103448,0.0203037
114,0.794208,-0.793849,-0.0109761,0.0212114
116,0.783261,-0.782862,-0.0116075,0.0221192
118,0.772316,-0.771876,-0.0122388,0.0230269
120,0.761375,-0.76089,-0.0128702,0.0239347
122,0.750436,-0.749904,-0.0135015,0.0248424
124,0.739501,-0.738917,-0.0141329,0.0257502
126,0.728569,-0.727931,-0.0147642,0.026658
128,0.71811,-0.717462,-0.0151238,0.0264846
130,0.707837,-0.707196,-0.0153771,0.0258882
132,0.697563,-0.69693,-0.0156305,0.0252918
134,0.687291,-0.686663,-0.0158838,0.0246954
136,0.677018,-0.676397,-0.0161371,0.024099
138,0.666747,-0.666131,-0.0163904,0.0235026
140,0.656475,-0.655864,-0.0166437,0.0229062
142,0.581323,-0.576203,-0.0243694,0.0730251
144,0.556512,-0.549427,-0.0264005,0.0844947
146,0.532147,-0.52265,-0.0284317,0.0959644
148,0.512403,-0.500228,-0.0313746,0.10651
150,0.512805,-0.498789,-0.0387106,0.112602
152,0.513387,-0.49735,-0.0460465,0.118693
154,0.514149,-0.495912,-0.0533825,0.124785
156,0.476823,-0.446337,-0.0509637,0.159832
158,0.471474,-0.429116,-0.0610021,0.185543
160,0.48622,-0.426834,-0.0701503,0.222039
162,0.505398,-0.426241,-0.0791979,0.259755
164,0.526738,-0.425648,-0.0882456,0.297471
166,0.577821,-0.476082,-0.102258,0.311074
168,0.683916,-0.608782,-0.124275,0.285801
170,0.815332,-0.488757,-0.212756,0.616942
172,0.955948,-0.701206,-0.292717,0.580055
174,1.16131,-0.997983,-0.377358,0.458563
176,1.41331,-1.315,-0.459708,0.238521
178,1.68558,-1.60734,-0.507594,-0.00286893
180,1.89491,-1.81646,-0.440501,-0.311635
182,2.01923,-1.91791,-0.280754,-0.565773
184,2.04533,-1.89922,-0.017631,-0.758963
186,2.14775,-1.93758,0.169984,-0.910896
188,2.27968,-1.99871,0.327479,-1.04637
190,2.44633,-2.16184,0.227551,-1.12214
192,2.59205,-2.31146,0.109506,-1.16787
194,2.63118,-2.38828,-0.034901,-1.10363
196,2.61112,-2.43692,-0.137093,-0.927655
198,2.53159,-2.44989,-0.185863,-0.610275
200,2.47535,-2.45644,-0.187224,-0.241248
202,2.47032,-2.46002,-0.166642,0.151684
204,2.49354,-2.46885,-0.108762,0.332673
206,2.50711,-2.46453,-0.0429931,0.458055
208,2.42533,-2.39295,0.0470442,0.392149
210,2.31824,-2.29617,0.130225,0.291342
212,2.17724,-2.16316,0.203544,0.140342
214,2.04248,-2.02915,0.232681,0.0112967
216,1.91247,-1.89461,0.23827,-0.106049
218,1.77072,-1.75037,0.22541,-0.144368
220,1.63705,-1.61132,0.234019,-0.169758
222,1.57168,-1.51224,0.391928,-0.172347
224,1.50435,-1.38942,0.53735,-0.209308
226,1.42741,-1.22772,0.662306,-0.302609
228,1.41815,-1.28294,0.554901,-0.239348
230,1.50411,-1.47051,0.305741,-0.0805725
232,1.43645,-1.41918,0.213158,-0.0623807
234,1.34601,-1.33603,0.150454,-0.0643509
236,1.31136,-1.30392,0.130854,-0.0484899
238,1.27783,-1.27267,0.10952,-0.0340817
240,1.24395,-1.24115,0.0798728,-0.0238981
242,1.21806,-1.21616,0.067608,-0.0085626
244,1.1922,-1.19075,0.0585648,0.00424707
246,1.1664,-1.16518,0.0508313,0.0160298
248,1.14076,-1.13961,0.0430979,0.0278125
250,1.11721,-1.11592,0.0363045,0.0393751
252,1.10167,-1.10003,0.0333838,0.0500311
254,1.08841,-1.08599,0.0380636,0.0617435
256,1.07259,-1.06954,0.0327493,0.0738465
258,1.05695,-1.05309,0.0274349,0.0859495
260,1.0415,-1.03664,0.0221206,0.0980525
262,1.03136,-1.0265,0.0193873,0.0981069
264,1.02167,-1.01691,0.0168728,0.0971404
266,1.01199,-1.00731,0.0143583,0.0961738
268,1.00231,-0.997707,0.0118438,0.0952072
270,0.992635,-0.988107,0.00932933,0.0942406
272,0.982967,-0.978508,0.00681482,0.093274
274,0.973305,-0.968909,0.00430031,0.0923074
276,0.967742,-0.963635,0.00320924,0.0890065
278,0.962693,-0.958893,0.00229297,0.0854188
280,0.957655,-0.954151,0.00137671,0.0818312
282,0.952628,-0.949409,0.000460439,0.0782436
284,0.947612,-0.944667,-0.000455828,0.0746559
286,0.942608,-0.939924,-0.00137209,0.0710683
288,0.937616,-0.935182,-0.00228836,0.0674806
290,0.93723,-0.935045,-0.00296196,0.0638867
292,0.93761,-0.935662,-0.00359586,0.0602918
294,0.938004,-0.936279,-0.00422975,0.0566969
296,0.938412,-0.936896,-0.00486364,0.053102
298,0.938835,-0.937513,-0.00549753,0.0495071
300,0.939272,-0.938129,-0.00613143,0.0459122
302,0.939724,-0.938746,-0.00676532,0.0423173
304,0.941453,-0.940581,-0.00598852,0.0400642
306,0.943452,-0.942669,-0.00491895,0.0380895
308,0.945455,-0.944758,-0.00384937,0.0361149
310,0.958681,-0.958204,0.000126349,0.0302172
312,0.9572,-0.956746,0.000288647,0.0294673
314,0.95572,-0.955288,0.000450944,0.0287174
316,0.95424,-0.95383,0.000613241,0.0279674
318,0.952761,-0.952372,0.000775539,0.0272175
320,0.951283,-0.950914,0.000937836,0.0264676
322,0.949805,-0.949456,0.00110013,0.0257177
324,0.949222,-0.948893,0.0010759,0.0249654
326,0.950926,-0.950618,0.000574979,0.0242072
328,0.952631,-0.952343,7.40567e-05,0.023449
330,0.954337,-0.954067,-0.000426865,0.0226908
332,0.956044,-0.955792,-0.000927787,0.0219326
334,0.957752,-0.957517,-0.00142871,0.0211744
336,0.959461,-0.959242,-0.00192963,0.0204162
338,0.96117,-0.960966,-0.00243055,0.019658
340,0.962881,-0.962691,-0.00293148,0.0188998
342,0.964592,-0.964416,-0.0034324,0.0181416
344,0.966305,-0.96614,-0.00393332,0.0173834
346,0.968018,-0.967865,-0.00443424,0.0166252
348,0.969732,-0.96959,-0.00493516,0.015867
350,0.971447,-0.971315,-0.00543609,0.0151088
352,0.972743,-0.972619,-0.00574974,0.0144178
354,0.97254,-0.972425,-0.00539459,0.0139668
356,0.972338,-0.972231,-0.00503943,0.0135157
358,0.972135,-0.972036,-0.00468428,0.0130646
360,0.971933,-0.971842,-0.00432913,0.0126136
362,0.971731,-0.971647,-0.00397398,0.0121625
364,0.97153,-0.971453,-0.00361882,0.0117114
366,0.971329,-0.971258,-0.00326367,0.0112604
368,0.971128,-0.971064,-0.00290852,0.0108093
370,0.970928,-0.970869,-0.00255336,0.0103582
372,0.970728,-0.970675,-0.00219821,0.00990717
374,0.970528,-0.97048,-0.00184306,0.00945611
376,0.970329,-0.970286,-0.00148791,0.00900505
378,0.97013,-0.970091,-0.00113275,0.00855398
380,0.970035,-0.970001,-0.000843591,0.00813765
382,0.970502,-0.970469,-0.000910781,0.00790886
384,0.970969,-0.970938,-0.000977971,0.00768008
386,0.971435,-0.971406,-0.00104516,0.00745129
388,0.971902,-0.971875,-0.00111235,0.00722251
390,0.972369,-0.972343,-0.00117954,0.00699373
392,0.972836,-0.972812,-0.00124673,0.00676494
394,0.973303,-0.973281,-0.00131392,0.00653616
396,0.973771,-0.973749,-0.00138111,0.00630737
398,0.974238,-0.974218,-0.0014483,0.00607859
400,0.974705,-0.974686,-0.00151549,0.0058498
402,0.975172,-0.975155,-0.00158268,0.00562102
404,0.97564,-0.975623,-0.00164987,0.00539224
406,0.976107,-0.976092,-0.00171706,0.00516345
408,0.976551,-0.976536,-0.0017649,0.00493752
410,0.976761,-0.976748,-0.00162569,0.00473913
412,0.976972,-0.97696,-0.00148647,0.00454075
414,0.977183,-0.977172,-0.00134726,0.00434237
416,0.977394,-0.977384,-0.00120805,0.00414398
418,0.977605,-0.977596,-0.00106883,0.0039456
420,0.977816,-0.977808,-0.000929621,0.00374722
422,0.978027,-0.97802,-0.000790408,0.00354883
424,0.978238,-0.978232,-0.000651194,0.00335045
426,0.978449,-0.978444,-0.000511981,0.00315207
428,0.97866,-0.978656,-0.000372768,0.00295368
430,0.978871,-0.978867,-0.000233554,0.0027553
432,0.979083,-0.979079,-9.43412e-05,0.00255692
434,0.979294,-0.979291,4.48721e-05,0.00235854
436,0.979493,-0.979491,0.000182489,0.00216812
438,0.979316,-0.979313,0.000270635,0.00222472
440,0.979138,-0.979136,0.000358781,0.00228131
442,0.978961,-0.978958,0.000446927,0.00233791
444,0.978783,-0.97878,0.000535073,0.00239451
446,0.978606,-0.978602,0.000623219,0.0024511
448,0.978428,-0.978425,0.000711365,0.0025077
