x,v,vx,vy,vz
0,0.988374,-0.988374,-0.000549097,0.000880818
2,0.988162,-0.988161,-0.000525429,0.00100388
4,0.987949,-0.987949,-0.000501762,0.00112695
6,0.987737,-0.987736,-0.000478095,0.00125001
8,0.987525,-0.987524,-0.000454428,0.00137308
10,0.987312,-0.987311,-0.000430761,0.00149615
12,0.9871,-0.987099,-0.000407094,0.00161921
14,0.986888,-0.986886,-0.000383427,0.00174228
16,0.984454,-0.984452,-0.000564083,0.0018731
18,0.981949,-0.981947,-0.000751331,0.00200417
20,0.979444,-0.979442,-0.000938579,0.00213524
22,0.976939,-0.976936,-0.00112583,0.00226632
24,0.974435,-0.974431,-0.00131307,0.00239739
26,0.97193,-0.971925,-0.00150032,0.00252846
28,0.969425,-0.96942,-0.00168757,0.00265953
30,0.96692,-0.966915,-0.00187482,0.0027906
32,0.964416,-0.964409,-0.00206206,0.00292168
34,0.961911,-0.961904,-0.00224931,0.00305275
36,0.959407,-0.959398,-0.00243656,0.00318382
38,0.956902,-0.956893,-0.00262381,0.00331489
40,0.954398,-0.954388,-0.00281106,0.00344596
42,0.951894,-0.951882,-0.0029983,0.00357704
44,0.945985,-0.945971,-0.00349455,0.00376888
46,0.939725,-0.939708,-0.00402276,0.00396701
48,0.933465,-0.933445,-0.00455097,0.00416514
50,0.927206,-0.927182,-0.00507918,0.00436327
52,0.920947,-0.920919,-0.00560739,0.0045614
54,0.914688,-0.914655,-0.0061356,0.00475953
56,0.90843,-0.908392,-0.00666381,0.00495766
58,0.902172,-0.902129,-0.00719203,0.00515579
60,0.895915,-0.895866,-0.00772024,0.00535391
62,0.889658,-0.889602,-0.00824845,0.00555204
64,0.883402,-0.883339,-0.00877666,0.00575017
66,0.877146,-0.877076,-0.00930487,0.0059483
68,0.87089,-0.870813,-0.00983308,0.00614643
70,0.864635,-0.86455,-0.0103613,0.00634456
72,0.8561,-0.856015,-0.0105126,0.00585399
74,0.847142,-0.84706,-0.0105942,0.00523589
76,0.838185,-0.838105,-0.0106758,0.00461778
78,0.829229,-0.82915,-0.0107573,0.00399968
80,0.820273,-0.820194,-0.0108389,0.00338157
82,0.811317,-0.811239,-0.0109205,0.00276347
84,0.802362,-0.802284,-0.011002,0.00214536
86,0.769235,-0.768276,-0.023042,0.0307183
88,0.754876,-0.753532,-0.0258866,0.0368447
90,0.740594,-0.738788,-0.0287311,0.0429711
92,0.728832,-0.726477,-0.0313417,0.0494566
94,0.722934,-0.719926,-0.0333984,0.0567926
96,0.717128,-0.713375,-0.035455,0.0641285
98,0.711417,-0.706823,-0.0375117,0.0714645
100,0.680991,-0.67461,-0.0375376,0.0850928
102,0.669528,-0.660676,-0.0434555,0.0994268
104,0.652685,-0.641309,-0.041654,0.113954
106,0.636323,-0.621941,-0.0398526,0.128481
108,0.620479,-0.602574,-0.0380511,0.143008
110,0.593274,-0.575728,-0.0251137,0.140996
112,0.555418,-0.541636,-0.00138305,0.122954
114,0.518754,-0.507543,0.0223476,0.104911
116,0.483554,-0.47345,0.0460782,0.0868693
118,0.460592,-0.452731,0.0654613,0.0538
120,0.440843,-0.432116,0.0848102,0.0206124
122,0.424666,-0.411502,0.104159,-0.0125752
124,0.405549,-0.387292,0.112377,-0.0429669
126,0.381655,-0.359133,0.108368,-0.0702875
128,0.360502,-0.330973,0.10436,-0.0976081
130,0.342599,-0.302814,0.100352,-0.124929
132,0.322326,-0.266445,0.0864084,-0.159481
134,0.309416,-0.229744,0.0720613,-0.194328
136,0.30515,-0.193042,0.0577142,-0.229174
138,0.312161,-0.164733,0.0463173,-0.261079
140,0.326755,-0.146881,0.0385952,-0.289319
142,0.355862,-0.0569053,0.0361022,-0.349423
144,0.392614,-0.0448857,0.0258726,-0.389181
146,0.430292,-0.042783,0.0168403,-0.427828
148,0.467628,-0.0289217,0.0201874,-0.466296
150,0.492498,-0.0332014,0.0215471,-0.490905
152,0.489204,-0.0812612,0.0181109,-0.482068
154,0.473768,-0.138881,0.019789,-0.452523
156,0.419202,-0.261999,0.0255576,-0.326241
158,0.429895,-0.313705,0.0288866,-0.292514
160,0.430682,-0.347533,0.0280604,-0.252826
162,0.537279,-0.476127,0.0107308,-0.248708
164,0.603242,-0.572621,0.00400324,-0.18971
166,0.600506,-0.58702,0.00157982,-0.126542
168,0.617603,-0.612419,-0.0140564,-0.078601
170,0.651655,-0.64865,-0.0427004,-0.0456507
172,0.68721,-0.683567,-0.0693155,-0.0137385
174,0.724546,-0.718038,-0.09524,0.0178205
176,0.750859,-0.742296,-0.108293,0.0325447
178,0.775379,-0.764402,-0.120973,0.0476224
180,0.793604,-0.779727,-0.13292,0.0645467
182,0.812214,-0.794654,-0.145488,0.083969
184,0.83137,-0.809136,-0.158747,0.106178
186,0.853416,-0.826522,-0.16899,0.128932
188,0.876872,-0.845065,-0.17803,0.151903
190,0.904977,-0.869353,-0.185075,0.170166
192,0.934559,-0.895275,-0.193602,0.185475
194,0.968653,-0.92673,-0.208452,0.18976
196,0.999537,-0.955567,-0.229727,0.182188
198,1.02721,-0.981093,-0.259134,0.159608
200,1.04131,-0.993343,-0.284634,0.128794
202,1.05016,-0.999447,-0.308327,0.0941689
204,1.03739,-0.989042,-0.299171,0.092024
206,1.02197,-0.97741,-0.280415,0.102262
208,1.00556,-0.966258,-0.227154,0.160943
210,1.00251,-0.964277,-0.155856,0.225611
212,1.02193,-0.975485,-0.0586198,0.298892
214,1.047,-0.985971,0.0858263,0.341617
216,1.09219,-0.996072,0.255432,0.368056
218,1.25804,-1.06494,0.562972,0.36281
220,1.5056,-1.17185,0.880043,0.345153
222,1.89313,-1.47529,1.1546,0.272724
224,2.09532,-1.70275,1.1952,0.250041
226,2.02046,-1.80566,0.852297,0.308898
228,1.8531,-1.76386,0.465248,0.32604
230,1.66517,-1.63377,0.0512672,0.317733
232,1.611,-1.60782,-0.0197812,0.0991763
234,1.58888,-1.58326,-0.0366814,-0.128375
236,1.43949,-1.43061,-0.0549589,-0.149808
238,1.31762,-1.30501,-0.0614887,-0.171111
240,1.24592,-1.23015,-0.0459751,-0.192172
242,1.19079,-1.17367,-0.0354703,-0.198049
244,1.14676,-1.12999,-0.0284484,-0.193368
246,1.10455,-1.09375,-0.0200466,-0.152787
248,1.06436,-1.05899,-0.0114675,-0.106158
250,1.03279,-1.02984,-0.00561643,-0.0778333
252,1.02684,-1.02487,-0.00579407,-0.0633042
254,1.01438,-1.01252,-0.0116858,-0.0602592
256,1.00522,-1.00443,-0.00876833,-0.0388713
258,0.99652,-0.996349,-0.0058509,-0.0174833
260,0.988277,-0.988265,-0.00293348,0.00390468
262,0.985779,-0.985758,-0.00306128,0.00574156
264,0.983747,-0.983723,-0.00344716,0.00592157
266,0.981715,-0.981688,-0.00383304,0.00610158
268,0.979682,-0.979653,-0.00421891,0.0062816
270,0.97765,-0.977618,-0.00460479,0.00646161
272,0.975619,-0.975583,-0.00499067,0.00664162
274,0.973587,-0.973548,-0.00537654,0.00682163
276,0.971782,-0.971732,-0.00493645,0.00863284
278,0.97001,-0.969941,-0.00439493,0.0106444
280,0.968242,-0.968151,-0.00385341,0.0126559
282,0.991972,-0.991962,2.5173e-05,-0.00447973
284,0.990899,-0.990895,-3.3779e-05,-0.00284257
286,0.98983,-0.989829,-9.2731e-05,-0.00120542
288,0.988763,-0.988763,-0.000151683,0.000431728
290,0.987698,-0.987696,-0.000210635,0.00206888
292,0.986637,-0.98663,-0.000269587,0.00370603
294,0.985578,-0.985564,-0.000328539,0.00534318
296,0.984489,-0.984467,-0.000322264,0.00660439
298,0.98334,-0.983314,-0.000191466,0.00714787
300,0.98219,-0.98216,-6.0667e-05,0.00769136
302,0.981041,-0.981007,7.01317e-05,0.00823485
304,0.979893,-0.979853,0.00020093,0.00877833
306,0.978744,-0.9787,0.000331729,0.00932182
308,0.977596,-0.977546,0.000462528,0.0098653
310,0.976448,-0.976393,0.000593327,0.0104088
312,0.975301,-0.975239,0.000724125,0.0109523
314,0.974154,-0.974086,0.000854924,0.0114958
316,0.973007,-0.972932,0.000985723,0.0120392
318,0.971861,-0.971779,0.00111652,0.0125827
320,0.970715,-0.970625,0.00124732,0.0131262
322,0.969569,-0.969472,0.00137812,0.0136697
324,0.968987,-0.968886,0.00135597,0.0139128
326,0.969844,-0.969751,0.000942965,0.0133881
328,0.970701,-0.970616,0.000529959,0.0128634
330,0.971559,-0.971481,0.000116952,0.0123388
332,0.972418,-0.972346,-0.000296055,0.0118141
334,0.973277,-0.973211,-0.000709061,0.0112894
336,0.974136,-0.974076,-0.00112207,0.0107648
338,0.974996,-0.974941,-0.00153507,0.0102401
340,0.975857,-0.975806,-0.00194808,0.00971542
342,0.976718,-0.976672,-0.00236109,0.00919076
344,0.977579,-0.977537,-0.00277409,0.00866609
346,0.978441,-0.978402,-0.0031871,0.00814142
348,0.979303,-0.979267,-0.00360011,0.00761675
350,0.980166,-0.980132,-0.00401311,0.00709208
352,0.980796,-0.980764,-0.00428182,0.00663189
354,0.980593,-0.980564,-0.00403515,0.00640197
356,0.98039,-0.980364,-0.00378848,0.00617205
358,0.980188,-0.980164,-0.00354181,0.00594213
360,0.979986,-0.979963,-0.00329514,0.00571221
362,0.979783,-0.979763,-0.00304847,0.00548229
364,0.979581,-0.979563,-0.00280179,0.00525237
366,0.979379,-0.979363,-0.00255512,0.00502245
368,0.979177,-0.979163,-0.00230845,0.00479253
370,0.978976,-0.978963,-0.00206178,0.00456261
372,0.978774,-0.978763,-0.00181511,0.00433269
374,0.978572,-0.978563,-0.00156844,0.00410277
376,0.978371,-0.978362,-0.00132177,0.00387285
378,0.97817,-0.978162,-0.0010751,0.00364293
380,0.978064,-0.978057,-0.000880438,0.00342695
382,0.978473,-0.978467,-0.00096661,0.00328618
384,0.978882,-0.978876,-0.00105278,0.00314541
386,0.979291,-0.979285,-0.00113895,0.00300464
388,0.9797,-0.979695,-0.00122513,0.00286387
390,0.980109,-0.980104,-0.0013113,0.00272311
392,0.980518,-0.980514,-0.00139747,0.00258234
394,0.980927,-0.980923,-0.00148364,0.00244157
396,0.981336,-0.981332,-0.00156982,0.0023008
398,0.981745,-0.981742,-0.00165599,0.00216003
400,0.982155,-0.982151,-0.00174216,0.00201927
402,0.982564,-0.98256,-0.00182833,0.0018785
404,0.982973,-0.98297,-0.00191451,0.00173773
406,0.983382,-0.983379,-0.00200068,0.00159696
408,0.983794,-0.983791,-0.00206968,0.0014597
410,0.984229,-0.984226,-0.00197274,0.00135631
412,0.984663,-0.984661,-0.0018758,0.00125293
414,0.985098,-0.985096,-0.00177885,0.00114954
416,0.985533,-0.985531,-0.00168191,0.00104615
418,0.985968,-0.985966,-0.00158497,0.000942764
420,0.986402,-0.986401,-0.00148802,0.000839377
422,0.986837,-0.986836,-0.00139108,0.00073599
424,0.987272,-0.987271,-0.00129414,0.000632603
426,0.987707,-0.987706,-0.00119719,0.000529216
428,0.988142,-0.988141,-0.00110025,0.000425829
430,0.988577,-0.988576,-0.00100331,0.000322442
432,0.989012,-0.989011,-0.000906363,0.000219055
434,0.989447,-0.989446,-0.00080942,0.000115668
436,0.989861,-0.989861,-0.000714766,1.93573e-05
438,0.989649,-0.989649,-0.000691099,0.000142423
440,0.989436,-0.989436,-0.000667432,0.000265489
442,0.989224,-0.989224,-0.000643765,0.000388555
444,0.989011,-0.989011,-0.000620098,0.00051162
446,0.988799,-0.988799,-0.000596431,0.000634686
448,0.988587,-0.988586,-0.000572764,0.000757752
