x,v,vx,vy,vz
0,1,-1,2.69123e-09,-2.64892e-10
2,1,-1,2.68878e-09,-1.88976e-10
4,1,-1,2.68633e-09,-1.1306e-10
6,1,-1,2.68388e-09,-3.71438e-11
8,1,-1,2.68143e-09,3.87723e-11
10,1,-1,2.67898e-09,1.14688e-10
12,1,-1,2.67654e-09,1.90605e-10
14,1,-1,2.67409e-09,2.66521e-10
16,1,-1,2.65877e-09,3.03197e-10
18,1,-1,2.5877e-09,1.69831e-10
20,1,-1,2.51663e-09,3.64647e-11
22,1,-1,2.44556e-09,-9.69012e-11
24,1,-1,2.37448e-09,-2.30267e-10
26,1,-1,2.30341e-09,-3.63633e-10
28,1,-1,2.23234e-09,-4.96999e-10
30,1,-1,2.16127e-09,-6.30365e-10
32,1,-1,2.0902e-09,-7.63731e-10
34,1,-1,2.01912e-09,-8.97097e-10
36,1,-1,1.94805e-09,-1.03046e-09
38,1,-1,1.87698e-09,-1.16383e-09
40,1,-1,1.80591e-09,-1.29719e-09
42,1,-1,1.73483e-09,-1.43056e-09
44,1,-1,1.66376e-09,-1.56393e-09
46,1,-1,1.59269e-09,-1.69729e-09
48,1,-1,1.58013e-09,-1.65071e-09
50,1,-1,1.61308e-09,-1.46417e-09
52,1,-1,1.64604e-09,-1.27763e-09
54,1,-1,1.67899e-09,-1.09109e-09
56,1,-1,1.71194e-09,-9.04554e-10
58,1,-1,1.74489e-09,-7.18015e-10
60,1,-1,1.77785e-09,-5.31475e-10
62,1,-1,1.8108e-09,-3.44936e-10
64,1,-1,1.84375e-09,-1.58397e-10
66,1,-1,1.8767e-09,2.81427e-11
68,1,-1,1.90966e-09,2.14682e-10
70,1,-1,1.94261e-09,4.01221e-10
72,1,-1,1.97556e-09,5.87761e-10
74,1,-1,2.00851e-09,7.743e-10
76,1,-1,2.04147e-09,9.60839e-10
78,1,-1,2.07442e-09,1.14738e-09
80,1,-1,2.07697e-09,1.026e-09
82,1,-1,2.0775e-09,8.84103e-10
84,1,-1,2.07803e-09,7.42201e-10
86,1,-1,2.07856e-09,6.00299e-10
88,1,-1,2.07909e-09,4.58397e-10
90,1,-1,2.07962e-09,3.16495e-10
92,1,-1,2.08015e-09,1.74594e-10
94,1,-1,2.08068e-09,3.26917e-11
96,1,-1,2.08121e-09,-1.0921e-10
98,1,-1,2.08174e-09,-2.51112e-10
100,1,-1,2.08226e-09,-3.93014e-10
102,1,-1,2.08279e-09,-5.34916e-10
104,1,-1,2.08332e-09,-6.76818e-10
106,1,-1,2.08385e-09,-8.18719e-10
108,1,-1,2.08438e-09,-9.60621e-10
110,1,-1,2.10383e-09,-1.01333e-09
112,1,-1,2.16491e-09,-8.69834e-10
114,1,-1,2.226e-09,-7.26333e-10
116,1,-1,2.28708e-09,-5.82832e-10
118,1,-1,2.34816e-09,-4.39331e-10
120,1,-1,2.40924e-09,-2.9583e-10
122,1,-1,2.47032e-09,-1.5233e-10
124,1,-1,2.5314e-09,-8.82879e-12
126,1,-1,2.59248e-09,1.34672e-10
128,1,-1,2.65357e-09,2.78173e-10
130,1,-1,2.71465e-09,4.21674e-10
132,1,-1,2.77573e-09,5.65175e-10
134,1,-1,2.83681e-09,7.08675e-10
136,1,-1,2.89789e-09,8.52176e-10
138,1,-1,2.95897e-09,9.95677e-10
140,1,-1,3.02005e-09,1.13918e-09
142,1,-1,3.02873e-09,1.07167e-09
144,1,-1,3.01359e-09,9.08248e-10
146,1,-1,2.99845e-09,7.44827e-10
148,1,-1,2.98331e-09,5.81406e-10
150,1,-1,2.96817e-09,4.17984e-10
152,1,-1,2.95303e-09,2.54563e-10
154,1,-1,2.93789e-09,9.11414e-11
156,1,-1,2.92275e-09,-7.228e-11
158,1,-1,2.90761e-09,-2.35701e-10
160,1,-1,2.89247e-09,-3.99123e-10
162,1,-1,2.87733e-09,-5.62544e-10
164,1,-1,2.86219e-09,-7.25966e-10
166,1,-1,2.84705e-09,-8.89387e-10
168,1,-1,2.83191e-09,-1.05281e-09
170,1,-1,2.81676e-09,-1.21623e-09
172,1,-1,2.79838e-09,-1.36032e-09
174,1,-1,2.73139e-09,-1.21444e-09
176,1,-1,2.66439e-09,-1.06857e-09
178,1,-1,2.5974e-09,-9.22694e-10
180,1,-1,2.53041e-09,-7.76818e-10
182,1,-1,2.46341e-09,-6.30943e-10
184,1,-1,2.39642e-09,-4.85067e-10
186,1,-1,2.32942e-09,-3.39192e-10
188,1,-1,2.26243e-09,-1.93316e-10
190,1,-1,2.19544e-09,-4.74407e-11
192,1,-1,2.12844e-09,9.84348e-11
194,1,-1,2.06145e-09,2.4431e-10
196,1,-1,1.99445e-09,3.90186e-10
198,1,-1,1.92746e-09,5.36061e-10
200,1,-1,1.86047e-09,6.81937e-10
202,1,-1,1.79347e-09,8.27812e-10
204,1,-1,1.75257e-09,8.67369e-10
206,1,-1,1.74521e-09,7.70231e-10
208,1,-1,1.73785e-09,6.73093e-10
210,1,-1,1.73049e-09,5.75955e-10
212,1,-1,1.72313e-09,4.78816e-10
214,1,-1,1.71578e-09,3.81678e-10
216,1,-1,1.70842e-09,2.8454e-10
218,1,-1,1.70106e-09,1.87402e-10
220,1,-1,1.6937e-09,9.02635e-11
222,1,-1,1.68634e-09,-6.87471e-12
224,1,-1,1.67898e-09,-1.04013e-10
226,1,-1,1.67162e-09,-2.01151e-10
228,1,-1,1.66427e-09,-2.98289e-10
230,1,-1,1.65691e-09,-3.95428e-10
232,1,-1,1.64955e-09,-4.92566e-10
234,1,-1,1.64219e-09,-5.89704e-10
236,1,-1,1.66481e-09,-5.31222e-10
238,1,-1,1.69435e-09,-4.36828e-10
240,1,-1,1.72388e-09,-3.42434e-10
242,1,-1,1.75342e-09,-2.4804e-10
244,1,-1,1.78296e-09,-1.53646e-10
246,1,-1,1.81249e-09,-5.92522e-11
248,1,-1,1.84203e-09,3.51419e-11
250,1,-1,1.87157e-09,1.29536e-10
252,1,-1,1.9011e-09,2.2393e-10
254,1,-1,1.93064e-09,3.18324e-10
256,1,-1,1.96018e-09,4.12718e-10
258,1,-1,1.98971e-09,5.07112e-10
260,1,-1,2.01925e-09,6.01506e-10
262,1,-1,2.04879e-09,6.959e-10
264,1,-1,2.07832e-09,7.90294e-10
266,1,-1,2.09229e-09,8.40664e-10
268,1,-1,2.03877e-09,7.00265e-10
270,1,-1,1.98524e-09,5.59866e-10
272,1,-1,1.93172e-09,4.19466e-10
274,1,-1,1.8782e-09,2.79067e-10
276,1,-1,1.82468e-09,1.38667e-10
278,1,-1,1.77116e-09,-1.73197e-12
280,1,-1,1.71764e-09,-1.42131e-10
282,1,-1,1.66412e-09,-2.82531e-10
284,1,-1,1.61059e-09,-4.2293e-10
286,1,-1,1.55707e-09,-5.6333e-10
288,1,-1,1.50355e-09,-7.03729e-10
290,1,-1,1.45003e-09,-8.44128e-10
292,1,-1,1.39651e-09,-9.84528e-10
294,1,-1,1.34299e-09,-1.12493e-09
296,1,-1,1.28947e-09,-1.26533e-09
298,1,-1,1.30958e-09,-1.22295e-09
300,1,-1,1.38696e-09,-1.0384e-09
302,1,-1,1.46434e-09,-8.53859e-10
304,1,-1,1.54173e-09,-6.69315e-10
306,1,-1,1.61911e-09,-4.84772e-10
308,1,-1,1.69649e-09,-3.00229e-10
310,1,-1,1.77387e-09,-1.15685e-10
312,1,-1,1.85126e-09,6.88581e-11
314,1,-1,1.92864e-09,2.53401e-10
316,1,-1,2.00602e-09,4.37945e-10
318,1,-1,2.0834e-09,6.22488e-10
320,1,-1,2.16079e-09,8.07032e-10
322,1,-1,2.23817e-09,9.91575e-10
324,1,-1,2.31555e-09,1.17612e-09
326,1,-1,2.39293e-09,1.36066e-09
328,1,-1,2.47032e-09,1.54521e-09
330,1,-1,2.50864e-09,1.40169e-09
332,1,-1,2.54435e-09,1.2363e-09
334,1,-1,2.58007e-09,1.07092e-09
336,1,-1,2.61579e-09,9.05532e-10
338,1,-1,2.6515e-09,7.40146e-10
340,1,-1,2.68722e-09,5.7476e-10
342,1,-1,2.72293e-09,4.09374e-10
344,1,-1,2.75865e-09,2.43988e-10
346,1,-1,2.79437e-09,7.8602e-11
348,1,-1,2.83008e-09,-8.6784e-11
350,1,-1,2.8658e-09,-2.5217e-10
352,1,-1,2.90152e-09,-4.17556e-10
354,1,-1,2.93723e-09,-5.82942e-10
356,1,-1,2.97295e-09,-7.48328e-10
358,1,-1,3.00866e-09,-9.13714e-10
360,1,-1,3.04913e-09,-9.85043e-10
362,1,-1,3.10006e-09,-8.49448e-10
364,1,-1,3.15099e-09,-7.13853e-10
366,1,-1,3.20191e-09,-5.78258e-10
368,1,-1,3.25284e-09,-4.42663e-10
370,1,-1,3.30377e-09,-3.07068e-10
372,1,-1,3.35469e-09,-1.71473e-10
374,1,-1,3.40562e-09,-3.58776e-11
376,1,-1,3.45655e-09,9.97175e-11
378,1,-1,3.50747e-09,2.35313e-10
380,1,-1,3.5584e-09,3.70908e-10
382,1,-1,3.60933e-09,5.06503e-10
384,1,-1,3.66025e-09,6.42098e-10
386,1,-1,3.71118e-09,7.77693e-10
388,1,-1,3.76211e-09,9.13288e-10
390,1,-1,3.81304e-09,1.04888e-09
392,1,-1,3.80956e-09,9.7943e-10
394,1,-1,3.78136e-09,8.16773e-10
396,1,-1,3.75317e-09,6.54117e-10
398,1,-1,3.72497e-09,4.9146e-10
400,1,-1,3.69677e-09,3.28804e-10
402,1,-1,3.66857e-09,1.66147e-10
404,1,-1,3.64037e-09,3.49022e-12
406,1,-1,3.61217e-09,-1.59166e-10
408,1,-1,3.58398e-09,-3.21823e-10
410,1,-1,3.55578e-09,-4.8448e-10
412,1,-1,3.52758e-09,-6.47136e-10
414,1,-1,3.49938e-09,-8.09793e-10
416,1,-1,3.47118e-09,-9.7245e-10
418,1,-1,3.44298e-09,-1.13511e-09
420,1,-1,3.41479e-09,-1.29776e-09
422,1,-1,3.3854e-09,-1.44122e-09
424,1,-1,3.33829e-09,-1.29671e-09
426,1,-1,3.29117e-09,-1.1522e-09
428,1,-1,3.24405e-09,-1.00769e-09
430,1,-1,3.19693e-09,-8.63177e-10
432,1,-1,3.14982e-09,-7.18666e-10
434,1,-1,3.1027e-09,-5.74155e-10
436,1,-1,3.05558e-09,-4.29644e-10
438,1,-1,3.00846e-09,-2.85133e-10
440,1,-1,2.96134e-09,-1.40622e-10
442,1,-1,2.91423e-09,3.88907e-12
444,1,-1,2.86711e-09,1.484e-10
446,1,-1,2.81999e-09,2.92911e-10
448,1,-1,2.77287e-09,4.37422e-10
450,1,-1,2.72576e-09,5.81933e-10
452,1,-1,2.67864e-09,7.26444e-10
454,1,-1,2.65376e-09,7.61092e-10
456,1,-1,2.65749e-09,6.54486e-10
458,1,-1,2.66122e-09,5.4788e-10
460,1,-1,2.66494e-09,4.41274e-10
462,1,-1,2.66867e-09,3.34668e-10
464,1,-1,2.67239e-09,2.28062e-10
466,1,-1,2.67612e-09,1.21456e-10
468,1,-1,2.67985e-09,1.48497e-11
470,1,-1,2.68357e-09,-9.17563e-11
472,1,-1,2.6873e-09,-1.98362e-10
474,1,-1,2.69102e-09,-3.04968e-10
476,1,-1,2.69475e-09,-4.11574e-10
478,1,-1,2.69848e-09,-5.1818e-10
480,1,-1,2.7022e-09,-6.24786e-10
482,1,-1,2.70593e-09,-7.31392e-10
484,1,-1,2.70965e-09,-8.37998e-10
486,1,-1,2.70836e-09,-7.96305e-10
488,1,-1,2.70591e-09,-7.20389e-10
490,1,-1,2.70347e-09,-6.44473e-10
492,1,-1,2.70102e-09,-5.68557e-10
494,1,-1,2.69857e-09,-4.92641e-10
496,1,-1,2.69612e-09,-4.16724e-10
498,1,-1,2.69367e-09,-3.40808e-10
