x,v,vx,vy,vz
0,0.97136,-0.971336,-0.000380614,-0.00680044
2,0.970012,-0.969986,-0.000427161,-0.00715694
4,0.968665,-0.968636,-0.000473708,-0.00751344
6,0.967318,-0.967286,-0.000520255,-0.00786994
8,0.965971,-0.965936,-0.000566802,-0.00822644
10,0.964625,-0.964586,-0.000613348,-0.00858294
12,0.963278,-0.963236,-0.000659895,-0.00893944
14,0.961932,-0.961887,-0.000706442,-0.00929594
16,0.955546,-0.955492,-0.00106178,-0.0100442
18,0.948998,-0.948936,-0.00142708,-0.010805
20,0.942451,-0.942379,-0.00179238,-0.0115659
22,0.935905,-0.935822,-0.00215768,-0.0123267
24,0.92936,-0.929265,-0.00252298,-0.0130876
26,0.922816,-0.922708,-0.00288829,-0.0138485
28,0.916273,-0.916151,-0.00325359,-0.0146093
30,0.901274,-0.901104,-0.00957155,-0.0146328
32,0.892928,-0.892727,-0.011272,-0.0152069
34,0.884587,-0.884351,-0.0129724,-0.015781
36,0.875865,-0.875596,-0.0147083,-0.0159467
38,0.86662,-0.866323,-0.0164927,-0.0155527
40,0.85738,-0.857051,-0.0182772,-0.0151588
42,0.848144,-0.847778,-0.0200617,-0.0147648
44,0.838913,-0.838506,-0.0218461,-0.0143708
46,0.829688,-0.829233,-0.0236306,-0.0139769
48,0.820467,-0.819961,-0.025415,-0.0135829
50,0.809532,-0.809023,-0.0256172,-0.0129144
52,0.795919,-0.795488,-0.0233509,-0.0118175
54,0.782311,-0.781954,-0.0210846,-0.0107207
56,0.768709,-0.768419,-0.0188184,-0.00962389
58,0.755113,-0.754884,-0.0165521,-0.00852707
60,0.741524,-0.741349,-0.0142859,-0.00743024
62,0.727941,-0.727814,-0.0120196,-0.00633342
64,0.713095,-0.713011,-0.00928086,-0.00579539
66,0.695998,-0.695947,-0.00569988,-0.0062535
68,0.678919,-0.678882,-0.0021189,-0.0067116
70,0.661858,-0.661818,0.00146208,-0.0071697
72,0.623231,-0.623205,-0.000481377,0.00566263
74,0.601671,-0.601611,0.00118383,0.00837981
76,0.581351,-0.581282,0.00843177,0.0030617
78,0.561176,-0.560952,0.0156797,-0.0022564
80,0.541162,-0.540623,0.0229277,-0.00757451
82,0.518515,-0.517514,0.0284637,-0.0150571
84,0.49399,-0.492312,0.03271,-0.0241705
86,0.469751,-0.467111,0.0369562,-0.0332839
88,0.446101,-0.442145,0.0410391,-0.0427669
90,0.42743,-0.421271,0.0422978,-0.0586372
92,0.409592,-0.400396,0.0435565,-0.0745074
94,0.392699,-0.379521,0.0448152,-0.0903777
96,0.37625,-0.357922,0.0426308,-0.107882
98,0.360802,-0.335704,0.0375024,-0.126784
100,0.347197,-0.313486,0.032374,-0.145686
102,0.335828,-0.29142,0.027321,-0.164647
104,0.333598,-0.275696,0.0254087,-0.186102
106,0.333493,-0.259972,0.0234964,-0.207556
108,0.335513,-0.244249,0.021584,-0.229011
110,0.342002,-0.235456,0.0186758,-0.24734
112,0.351661,-0.233381,0.0148025,-0.26264
114,0.361762,-0.231305,0.0109291,-0.277939
116,0.372271,-0.22923,0.00705569,-0.293239
118,0.380889,-0.232301,0.00586463,-0.301791
120,0.389514,-0.235413,0.00469468,-0.310291
122,0.398162,-0.238524,0.00352474,-0.31879
124,0.399033,-0.244918,0.00618249,-0.314967
126,0.392078,-0.254917,0.0130444,-0.29761
128,0.405155,-0.246602,0.0674936,-0.314298
130,0.404648,-0.264388,0.0767029,-0.296574
132,0.404019,-0.286498,0.077885,-0.274014
134,0.404622,-0.323956,0.0417359,-0.238808
136,0.418027,-0.367075,0.0124196,-0.19962
138,0.448587,-0.421995,-0.00265491,-0.152132
140,0.500857,-0.491141,-0.00796792,-0.097854
142,0.572494,-0.571177,-0.00580835,-0.0383791
144,0.633646,-0.633376,-0.00147962,0.0184262
146,0.695461,-0.691423,0.0029953,0.0747773
148,0.762725,-0.750782,0.000604691,0.134449
150,0.830257,-0.808286,0.00330506,0.18971
152,0.892807,-0.861313,0.0182917,0.234328
154,0.950924,-0.911597,0.0325754,0.268676
156,1.00463,-0.959499,0.0462486,0.294104
158,1.03677,-0.988311,0.0444963,0.310082
160,1.06252,-1.01146,0.0379476,0.323196
162,1.07643,-1.02504,0.0124223,0.328389
164,1.08823,-1.03678,-0.0114912,0.330449
166,1.09283,-1.04334,-0.0308579,0.32367
168,1.09353,-1.04723,-0.041045,0.312143
170,1.09026,-1.04848,-0.0421948,0.295942
172,1.08195,-1.04549,-0.0288489,0.277008
174,1.07239,-1.04105,-0.01057,0.257144
176,1.0611,-1.03403,0.0126359,0.237795
178,1.05055,-1.02645,0.0340476,0.221085
180,1.04038,-1.01712,0.0492733,0.213169
182,1.02944,-1.00512,0.0624747,0.213497
184,1.01763,-0.990168,0.0734176,0.223024
186,1.01317,-0.97934,0.0793274,0.247219
188,1.01243,-0.97016,0.0832294,0.277265
190,1.0352,-0.982533,0.0726166,0.31781
192,1.06246,-0.998814,0.0564563,0.357768
194,1.09991,-1.02691,0.0206166,0.393474
196,1.13326,-1.05316,-0.0198359,0.418005
198,1.16103,-1.07707,-0.0661258,0.428395
200,1.17569,-1.09428,-0.103442,0.417249
202,1.18494,-1.10838,-0.136604,0.396134
204,1.17878,-1.11231,-0.154452,0.358401
206,1.16899,-1.11221,-0.168214,0.31816
208,1.1419,-1.09624,-0.167817,0.272093
210,1.1078,-1.07278,-0.159998,0.225318
212,1.06307,-1.03855,-0.141504,0.177527
214,0.994685,-0.98263,-0.0814794,0.13114
216,0.919144,-0.915159,0.000678231,0.0855017
218,0.92338,-0.878564,0.275416,0.0700149
220,1.04643,-0.867814,0.580783,0.0678546
222,1.37376,-0.997269,0.936179,0.127394
224,1.54638,-1.06993,1.10757,0.140786
226,1.43626,-1.04951,0.977354,0.0785357
228,1.2442,-0.932494,0.820321,-0.0746531
230,1.03497,-0.756561,0.646928,-0.28332
232,1.05395,-0.636883,0.755007,-0.367619
234,1.13417,-0.524712,0.903766,-0.440699
236,1.24211,-0.400637,1.01947,-0.585683
238,1.28363,-0.272186,1.03942,-0.702305
240,1.17414,-0.135524,0.87973,-0.765712
242,1.01497,0.0300188,0.661481,-0.769219
244,0.861971,0.215644,0.402516,-0.731076
246,0.713628,0.335006,0.239985,-0.582618
248,0.597022,0.434868,0.101242,-0.396328
250,0.458912,0.458343,0.0163749,-0.0159347
252,0.642948,0.499368,-0.0648597,0.39976
254,1.07178,0.578307,-0.138246,0.891722
256,1.37364,0.645422,-0.146287,1.20371
258,1.54643,0.703194,-0.102689,1.37347
260,1.44601,0.69561,-0.0952262,1.26412
262,1.27229,0.670448,-0.0977851,1.07688
264,0.94153,0.615894,-0.123334,0.701386
266,0.627712,0.523301,-0.158887,0.308111
268,0.421284,0.335351,-0.219517,-0.129739
270,0.564017,0.107553,-0.275798,-0.480087
272,0.835189,-0.155961,-0.32818,-0.752007
274,0.744248,-0.319184,-0.269879,-0.615786
276,0.605772,-0.452943,-0.179409,-0.36002
278,0.715073,-0.61354,-0.167993,-0.326615
280,0.698894,-0.63366,-0.132574,-0.263348
282,0.690579,-0.65378,-0.0971539,-0.200081
284,0.690413,-0.6739,-0.0617343,-0.136815
286,0.714429,-0.704865,-0.0429267,-0.108314
288,0.750235,-0.742557,-0.034423,-0.101378
290,0.786371,-0.780249,-0.0259192,-0.0944415
292,0.820328,-0.815516,-0.0182501,-0.0868251
294,0.832756,-0.829339,-0.0179644,-0.0731932
296,0.821768,-0.819507,-0.0247834,-0.055649
298,0.836286,-0.834609,-0.022996,-0.0476811
300,0.850903,-0.849711,-0.0212085,-0.0397131
302,0.865614,-0.864813,-0.0194211,-0.0317451
304,0.876497,-0.875884,-0.0175906,-0.02765
306,0.886593,-0.886118,-0.0157512,-0.0243586
308,0.896708,-0.896353,-0.0139118,-0.0210673
310,0.932382,-0.932266,-0.0101399,-0.0106659
312,0.934575,-0.934483,-0.00890378,-0.00959426
314,0.936771,-0.9367,-0.00766769,-0.00852262
316,0.938969,-0.938918,-0.0064316,-0.00745099
318,0.941171,-0.941135,-0.00519551,-0.00637935
320,0.943376,-0.943353,-0.00395942,-0.00530772
322,0.945584,-0.94557,-0.00272333,-0.00423608
324,0.947689,-0.947681,-0.00190164,-0.0034651
326,0.949527,-0.949518,-0.00213897,-0.00346246
328,0.951365,-0.951356,-0.00237629,-0.00345981
330,0.953203,-0.953194,-0.00261362,-0.00345717
332,0.955042,-0.955031,-0.00285094,-0.00345452
334,0.95688,-0.956869,-0.00308827,-0.00345188
336,0.958718,-0.958706,-0.00332559,-0.00344923
338,0.960557,-0.960544,-0.00356292,-0.00344659
340,0.962395,-0.962381,-0.00380024,-0.00344394
342,0.964234,-0.964219,-0.00403757,-0.0034413
344,0.966072,-0.966056,-0.00427489,-0.00343865
346,0.967911,-0.967894,-0.00451222,-0.00343601
348,0.969749,-0.969732,-0.00474954,-0.00343336
350,0.971588,-0.971569,-0.00498687,-0.00343072
352,0.973068,-0.973048,-0.00511233,-0.00342829
354,0.973264,-0.973246,-0.0048383,-0.00342664
356,0.973461,-0.973444,-0.00456426,-0.00342498
358,0.973657,-0.973642,-0.00429023,-0.00342333
360,0.973854,-0.97384,-0.00401619,-0.00342168
362,0.974051,-0.974038,-0.00374216,-0.00342002
364,0.974248,-0.974236,-0.00346812,-0.00341837
366,0.974445,-0.974434,-0.00319409,-0.00341672
368,0.974642,-0.974632,-0.00292005,-0.00341506
370,0.974839,-0.97483,-0.00264602,-0.00341341
372,0.975036,-0.975028,-0.00237198,-0.00341176
374,0.975234,-0.975226,-0.00209795,-0.0034101
376,0.975431,-0.975424,-0.00182391,-0.00340845
378,0.975629,-0.975621,-0.00154988,-0.0034068
380,0.975865,-0.975858,-0.00132029,-0.00340151
382,0.976309,-0.976302,-0.00133072,-0.00337661
384,0.976753,-0.976747,-0.00134114,-0.0033517
386,0.977198,-0.977191,-0.00135157,-0.0033268
388,0.977642,-0.977636,-0.001362,-0.0033019
390,0.978086,-0.97808,-0.00137242,-0.00327699
392,0.978531,-0.978524,-0.00138285,-0.00325209
394,0.978975,-0.978969,-0.00139328,-0.00322719
396,0.979419,-0.979413,-0.0014037,-0.00320228
398,0.979864,-0.979858,-0.00141413,-0.00317738
400,0.980308,-0.980302,-0.00142456,-0.00315247
402,0.980752,-0.980746,-0.00143498,-0.00312757
404,0.981197,-0.981191,-0.00144541,-0.00310267
406,0.981641,-0.981635,-0.00145584,-0.00307776
408,0.982036,-0.98203,-0.00145587,-0.00306345
410,0.98195,-0.981944,-0.00135547,-0.00315153
412,0.981864,-0.981858,-0.00125506,-0.00323961
414,0.981778,-0.981772,-0.00115466,-0.00332769
416,0.981692,-0.981685,-0.00105425,-0.00341576
418,0.981606,-0.981599,-0.000953846,-0.00350384
420,0.98152,-0.981513,-0.00085344,-0.00359192
422,0.981434,-0.981427,-0.000753034,-0.00368
424,0.981349,-0.981341,-0.000652628,-0.00376808
426,0.981263,-0.981255,-0.000552222,-0.00385615
428,0.981177,-0.981169,-0.000451817,-0.00394423
430,0.981091,-0.981083,-0.000351411,-0.00403231
432,0.981005,-0.980997,-0.000251005,-0.00412039
434,0.98092,-0.980911,-0.000150599,-0.00420847
436,0.980794,-0.980785,-5.47859e-05,-0.00430493
438,0.979446,-0.979435,-0.000101333,-0.00466143
440,0.978098,-0.978085,-0.00014788,-0.00501793
442,0.97675,-0.976735,-0.000194427,-0.00537443
444,0.975402,-0.975385,-0.000240973,-0.00573093
446,0.974055,-0.974036,-0.00028752,-0.00608744
448,0.972707,-0.972686,-0.000334067,-0.00644394
