x,v,vx,vy,vz
0,1,-1,-3.59533e-07,4.39239e-08
2,1,-1,-3.51761e-07,4.43127e-08
4,1,-1,-3.43989e-07,4.47016e-08
6,1,-1,-3.36218e-07,4.50904e-08
8,1,-1,-3.28446e-07,4.54792e-08
10,1,-1,-3.20674e-07,4.5868e-08
12,1,-1,-3.12902e-07,4.62569e-08
14,1,-1,-3.05131e-07,4.66457e-08
16,1,-1,-3.03763e-07,4.68827e-08
18,1,-1,-3.02602e-07,4.71148e-08
20,1,-1,-3.01441e-07,4.73469e-08
22,1,-1,-3.0028e-07,4.7579e-08
24,1,-1,-2.99119e-07,4.78111e-08
26,1,-1,-2.97958e-07,4.80433e-08
28,1,-1,-2.96797e-07,4.82754e-08
30,1,-1,-2.95636e-07,4.85075e-08
32,1,-1,-2.94475e-07,4.87396e-08
34,1,-1,-2.93314e-07,4.89717e-08
36,1,-1,-2.92153e-07,4.92038e-08
38,1,-1,-2.90992e-07,4.94359e-08
40,1,-1,-2.89831e-07,4.96681e-08
42,1,-1,-2.8867e-07,4.99002e-08
44,1,-1,-2.65634e-07,5.05582e-08
46,1,-1,-2.40334e-07,5.12603e-08
48,1,-1,-2.15034e-07,5.19624e-08
50,1,-1,-1.89735e-07,5.26645e-08
52,1,-1,-1.64435e-07,5.33666e-08
54,1,-1,-1.39135e-07,5.40687e-08
56,1,-1,-1.13836e-07,5.47708e-08
58,1,-1,-8.85359e-08,5.54729e-08
60,1,-1,-6.32362e-08,5.6175e-08
62,1,-1,-3.79365e-08,5.68771e-08
64,1,-1,-1.26368e-08,5.75792e-08
66,1,-1,1.26628e-08,5.82813e-08
68,1,-1,3.79625e-08,5.89834e-08
70,1,-1,6.32622e-08,5.96855e-08
72,1,-1,8.99772e-08,5.95713e-08
74,1,-1,1.16954e-07,5.93059e-08
76,1,-1,1.43932e-07,5.90405e-08
78,1,-1,1.70909e-07,5.87751e-08
80,1,-1,1.97886e-07,5.85096e-08
82,1,-1,2.24863e-07,5.82442e-08
84,1,-1,2.5184e-07,5.79788e-08
86,1,-1,2.78818e-07,5.77134e-08
88,1,-1,3.05795e-07,5.7448e-08
90,1,-1,3.32772e-07,5.71826e-08
92,1,-1,3.59749e-07,5.69172e-08
94,1,-1,3.86726e-07,5.66518e-08
96,1,-1,4.13704e-07,5.63864e-08
98,1,-1,4.40681e-07,5.6121e-08
100,1,-1,4.73813e-07,5.66126e-08
102,1,-1,5.08669e-07,5.73163e-08
104,1,-1,5.43525e-07,5.802e-08
106,1,-1,5.78382e-07,5.87236e-08
108,1,-1,6.13238e-07,5.94273e-08
110,1,-1,6.48094e-07,6.0131e-08
112,1,-1,6.8295e-07,6.08346e-08
114,1,-1,7.17806e-07,6.15383e-08
116,1,-1,7.52662e-07,6.2242e-08
118,1,-1,7.87518e-07,6.29456e-08
120,1,-1,8.22374e-07,6.36493e-08
122,1,-1,8.5723e-07,6.4353e-08
124,1,-1,8.92086e-07,6.50566e-08
126,1,-1,9.26942e-07,6.57603e-08
128,1,-1,9.42986e-07,6.57075e-08
130,1,-1,9.51668e-07,6.53587e-08
132,1,-1,9.60349e-07,6.50099e-08
134,1,-1,9.69031e-07,6.46611e-08
136,1,-1,9.77713e-07,6.43123e-08
138,1,-1,9.86395e-07,6.39635e-08
140,1,-1,9.95077e-07,6.36146e-08
142,1,-1,1.00376e-06,6.32658e-08
144,1,-1,1.01244e-06,6.2917e-08
146,1,-1,1.02112e-06,6.25682e-08
148,1,-1,1.0298e-06,6.22194e-08
150,1,-1,1.03849e-06,6.18706e-08
152,1,-1,1.04717e-06,6.15218e-08
154,1,-1,1.05585e-06,6.1173e-08
156,1,-1,1.04754e-06,6.14652e-08
158,1,-1,1.03032e-06,6.20933e-08
160,1,-1,1.0131e-06,6.27213e-08
162,1,-1,9.95887e-07,6.33493e-08
164,1,-1,9.78671e-07,6.39774e-08
166,1,-1,9.61455e-07,6.46054e-08
168,1,-1,9.44238e-07,6.52334e-08
170,1,-1,9.27022e-07,6.58615e-08
172,1,-1,9.09806e-07,6.64895e-08
174,1,-1,8.92589e-07,6.71175e-08
176,1,-1,8.75373e-07,6.77456e-08
178,1,-1,8.58157e-07,6.83736e-08
180,1,-1,8.40941e-07,6.90016e-08
182,1,-1,8.23724e-07,6.96297e-08
184,1,-1,7.89364e-07,6.9486e-08
186,1,-1,7.43273e-07,6.88142e-08
188,1,-1,6.97182e-07,6.81425e-08
190,1,-1,6.51091e-07,6.74707e-08
192,1,-1,6.05001e-07,6.6799e-08
194,1,-1,5.5891e-07,6.61272e-08
196,1,-1,5.12819e-07,6.54555e-08
198,1,-1,4.66728e-07,6.47838e-08
200,1,-1,4.20637e-07,6.4112e-08
202,1,-1,3.74547e-07,6.34403e-08
204,1,-1,3.28456e-07,6.27685e-08
206,1,-1,2.82365e-07,6.20968e-08
208,1,-1,2.36274e-07,6.1425e-08
210,1,-1,1.90183e-07,6.07533e-08
212,1,-1,1.6829e-07,6.08177e-08
214,1,-1,1.67748e-07,6.15317e-08
216,1,-1,1.67206e-07,6.22457e-08
218,1,-1,1.66664e-07,6.29597e-08
220,1,-1,1.66122e-07,6.36737e-08
222,1,-1,1.65579e-07,6.43877e-08
224,1,-1,1.65037e-07,6.51017e-08
226,1,-1,1.64495e-07,6.58157e-08
228,1,-1,1.63953e-07,6.65296e-08
230,1,-1,1.63411e-07,6.72436e-08
232,1,-1,1.62868e-07,6.79576e-08
234,1,-1,1.62326e-07,6.86716e-08
236,1,-1,1.61784e-07,6.93856e-08
238,1,-1,1.61242e-07,7.00996e-08
240,1,-1,1.4271e-07,7.01806e-08
242,1,-1,1.03789e-07,6.95441e-08
244,1,-1,6.4869e-08,6.89077e-08
246,1,-1,2.59486e-08,6.82713e-08
248,1,-1,-1.29718e-08,6.76348e-08
250,1,-1,-5.18922e-08,6.69984e-08
252,1,-1,-9.08125e-08,6.63619e-08
254,1,-1,-1.29733e-07,6.57255e-08
256,1,-1,-1.68653e-07,6.5089e-08
258,1,-1,-2.07574e-07,6.44526e-08
260,1,-1,-2.46494e-07,6.38162e-08
262,1,-1,-2.85414e-07,6.31797e-08
264,1,-1,-3.24335e-07,6.25433e-08
266,1,-1,-3.63255e-07,6.19068e-08
268,1,-1,-3.75319e-07,6.1857e-08
270,1,-1,-3.48132e-07,6.26644e-08
272,1,-1,-3.20945e-07,6.34717e-08
274,1,-1,-2.93758e-07,6.42791e-08
276,1,-1,-2.66571e-07,6.50865e-08
278,1,-1,-2.39384e-07,6.58939e-08
280,1,-1,-2.12197e-07,6.67013e-08
282,1,-1,-1.8501e-07,6.75087e-08
284,1,-1,-1.57823e-07,6.83161e-08
286,1,-1,-1.30636e-07,6.91235e-08
288,1,-1,-1.03449e-07,6.99309e-08
290,1,-1,-7.62615e-08,7.07383e-08
292,1,-1,-4.90744e-08,7.15457e-08
294,1,-1,-2.18873e-08,7.23531e-08
296,1,-1,3.79456e-09,7.27181e-08
298,1,-1,2.66027e-08,7.22387e-08
300,1,-1,4.94108e-08,7.17594e-08
302,1,-1,7.2219e-08,7.128e-08
304,1,-1,9.50271e-08,7.08006e-08
306,1,-1,1.17835e-07,7.03213e-08
308,1,-1,1.40643e-07,6.98419e-08
310,1,-1,1.63451e-07,6.93625e-08
312,1,-1,1.8626e-07,6.88831e-08
314,1,-1,2.09068e-07,6.84038e-08
316,1,-1,2.31876e-07,6.79244e-08
318,1,-1,2.54684e-07,6.7445e-08
320,1,-1,2.77492e-07,6.69656e-08
322,1,-1,3.003e-07,6.64863e-08
324,1,-1,3.26612e-07,6.62681e-08
326,1,-1,3.61879e-07,6.67173e-08
328,1,-1,3.97145e-07,6.71665e-08
330,1,-1,4.32412e-07,6.76157e-08
332,1,-1,4.67678e-07,6.80649e-08
334,1,-1,5.02945e-07,6.85141e-08
336,1,-1,5.38211e-07,6.89632e-08
338,1,-1,5.73478e-07,6.94124e-08
340,1,-1,6.08744e-07,6.98616e-08
342,1,-1,6.44011e-07,7.03108e-08
344,1,-1,6.79277e-07,7.076e-08
346,1,-1,7.14544e-07,7.12092e-08
348,1,-1,7.4981e-07,7.16584e-08
350,1,-1,7.85077e-07,7.21076e-08
352,1,-1,8.14348e-07,7.23266e-08
354,1,-1,8.22211e-07,7.17231e-08
356,1,-1,8.30074e-07,7.11196e-08
358,1,-1,8.37936e-07,7.05162e-08
360,1,-1,8.45799e-07,6.99127e-08
362,1,-1,8.53661e-07,6.93093e-08
364,1,-1,8.61524e-07,6.87058e-08
366,1,-1,8.69386e-07,6.81023e-08
368,1,-1,8.77249e-07,6.74989e-08
370,1,-1,8.85112e-07,6.68954e-08
372,1,-1,8.92974e-07,6.6292e-08
374,1,-1,9.00837e-07,6.56885e-08
376,1,-1,9.08699e-07,6.5085e-08
378,1,-1,9.16562e-07,6.44816e-08
380,1,-1,9.19343e-07,6.39751e-08
382,1,-1,8.94687e-07,6.39923e-08
384,1,-1,8.70031e-07,6.40096e-08
386,1,-1,8.45375e-07,6.40268e-08
388,1,-1,8.20719e-07,6.40441e-08
390,1,-1,7.96063e-07,6.40614e-08
392,1,-1,7.71407e-07,6.40786e-08
394,1,-1,7.46751e-07,6.40959e-08
396,1,-1,7.22095e-07,6.41131e-08
398,1,-1,6.97438e-07,6.41304e-08
400,1,-1,6.72782e-07,6.41476e-08
402,1,-1,6.48126e-07,6.41649e-08
404,1,-1,6.2347e-07,6.41821e-08
406,1,-1,5.98814e-07,6.41994e-08
408,1,-1,5.69865e-07,6.40615e-08
410,1,-1,4.99419e-07,6.24242e-08
412,1,-1,4.28973e-07,6.07868e-08
414,1,-1,3.58527e-07,5.91495e-08
416,1,-1,2.88081e-07,5.75122e-08
418,1,-1,2.17635e-07,5.58748e-08
420,1,-1,1.47189e-07,5.42375e-08
422,1,-1,7.6743e-08,5.26002e-08
424,1,-1,6.29694e-09,5.09628e-08
426,1,-1,-6.41491e-08,4.93255e-08
428,1,-1,-1.34595e-07,4.76882e-08
430,1,-1,-2.05041e-07,4.60508e-08
432,1,-1,-2.75487e-07,4.44135e-08
434,1,-1,-3.45933e-07,4.27762e-08
436,1,-1,-4.13935e-07,4.12021e-08
438,1,-1,-4.06163e-07,4.1591e-08
440,1,-1,-3.98391e-07,4.19798e-08
442,1,-1,-3.9062e-07,4.23686e-08
444,1,-1,-3.82848e-07,4.27574e-08
446,1,-1,-3.75076e-07,4.31463e-08
448,1,-1,-3.67304e-07,4.35351e-08
