x,v,vx,vy,vz
0,0.999333,-0.999333,-7.80981e-06,-0.000102787
2,0.999326,-0.999326,-6.74364e-06,-0.000103415
4,0.999319,-0.999319,-5.67746e-06,-0.000104042
6,0.999312,-0.999312,-4.61129e-06,-0.00010467
8,0.999305,-0.999305,-3.54511e-06,-0.000105298
10,0.999297,-0.999297,-2.47893e-06,-0.000105926
12,0.99929,-0.99929,-1.41276e-06,-0.000106554
14,0.999283,-0.999283,-3.46583e-07,-0.000107182
16,0.99928,-0.99928,6.64065e-07,-0.000108216
18,0.999296,-0.999296,1.43409e-06,-0.000111009
20,0.999311,-0.999311,2.20412e-06,-0.000113803
22,0.999326,-0.999326,2.97414e-06,-0.000116596
24,0.999341,-0.999341,3.74417e-06,-0.00011939
26,0.999357,-0.999357,4.51419e-06,-0.000122183
28,0.999372,-0.999372,5.28422e-06,-0.000124977
30,0.999387,-0.999387,6.05424e-06,-0.00012777
32,0.999403,-0.999403,6.82427e-06,-0.000130564
34,0.999418,-0.999418,7.5943e-06,-0.000133357
36,0.999433,-0.999433,8.36432e-06,-0.000136151
38,0.999448,-0.999448,9.13435e-06,-0.000138944
40,0.999464,-0.999464,9.90437e-06,-0.000141738
42,0.999479,-0.999479,1.06744e-05,-0.000144531
44,0.999494,-0.999494,1.14444e-05,-0.000147325
46,0.99951,-0.99951,1.22145e-05,-0.000150118
48,0.999515,-0.999515,1.22742e-05,-0.000151335
50,0.999512,-0.999512,1.17816e-05,-0.000151325
52,0.999509,-0.999509,1.12889e-05,-0.000151315
54,0.999507,-0.999507,1.07963e-05,-0.000151305
56,0.999504,-0.999504,1.03036e-05,-0.000151295
58,0.999501,-0.999501,9.81096e-06,-0.000151285
60,0.999498,-0.999498,9.3183e-06,-0.000151275
62,0.999496,-0.999496,8.82565e-06,-0.000151265
64,0.999493,-0.999493,8.333e-06,-0.000151255
66,0.99949,-0.99949,7.84034e-06,-0.000151245
68,0.999487,-0.999487,7.34769e-06,-0.000151235
70,0.999485,-0.999485,6.85504e-06,-0.000151225
72,0.999482,-0.999482,6.36239e-06,-0.000151215
74,0.999479,-0.999479,5.86973e-06,-0.000151205
76,0.999477,-0.999476,5.37708e-06,-0.000151195
78,0.999474,-0.999474,4.88443e-06,-0.000151185
80,0.999495,-0.999495,6.49202e-06,-0.000155705
82,0.999518,-0.999518,8.23963e-06,-0.000160527
84,0.99954,-0.99954,9.98724e-06,-0.000165348
86,0.999563,-0.999563,1.17349e-05,-0.00017017
88,0.999586,-0.999586,1.34825e-05,-0.000174992
90,0.999608,-0.999608,1.52301e-05,-0.000179814
92,0.999631,-0.999631,1.69777e-05,-0.000184636
94,0.999654,-0.999654,1.87253e-05,-0.000189458
96,0.999677,-0.999677,2.04729e-05,-0.000194279
98,0.999699,-0.999699,2.22205e-05,-0.000199101
100,0.999722,-0.999722,2.39681e-05,-0.000203923
102,0.999745,-0.999745,2.57157e-05,-0.000208745
104,0.999767,-0.999767,2.74633e-05,-0.000213567
106,0.99979,-0.99979,2.9211e-05,-0.000218389
108,0.999813,-0.999813,3.09586e-05,-0.00022321
110,0.99983,-0.99983,3.17652e-05,-0.000225958
112,0.999834,-0.999834,3.05019e-05,-0.000224144
114,0.999838,-0.999838,2.92385e-05,-0.00022233
116,0.999841,-0.999841,2.79751e-05,-0.000220516
118,0.999845,-0.999845,2.67117e-05,-0.000218702
120,0.999849,-0.999849,2.54484e-05,-0.000216888
122,0.999853,-0.999853,2.4185e-05,-0.000215074
124,0.999857,-0.999857,2.29216e-05,-0.00021326
126,0.999861,-0.999861,2.16582e-05,-0.000211446
128,0.999865,-0.999865,2.03949e-05,-0.000209631
130,0.999869,-0.999869,1.91315e-05,-0.000207817
132,0.999873,-0.999873,1.78681e-05,-0.000206003
134,0.999877,-0.999877,1.66048e-05,-0.000204189
136,0.999881,-0.999881,1.53414e-05,-0.000202375
138,0.999884,-0.999884,1.4078e-05,-0.000200561
140,0.999888,-0.999888,1.28146e-05,-0.000198747
142,0.999908,-0.999908,1.43661e-05,-0.000202574
144,0.999934,-0.999934,1.71969e-05,-0.000208966
146,0.999961,-0.999961,2.00278e-05,-0.000215358
148,0.999987,-0.999987,2.28587e-05,-0.00022175
150,1.00001,-1.00001,2.56895e-05,-0.000228142
152,1.00004,-1.00004,2.85204e-05,-0.000234534
154,1.00007,-1.00007,3.13513e-05,-0.000240926
156,1.00009,-1.00009,3.41821e-05,-0.000247318
158,1.00012,-1.00012,3.7013e-05,-0.00025371
160,1.00015,-1.00015,3.98439e-05,-0.000260102
162,1.00017,-1.00017,4.26748e-05,-0.000266494
164,1.0002,-1.0002,4.55056e-05,-0.000272886
166,1.00023,-1.00022,4.83365e-05,-0.000279278
168,1.00025,-1.00025,5.11674e-05,-0.00028567
170,1.00028,-1.00028,5.39982e-05,-0.000292062
172,1.0003,-1.0003,5.64833e-05,-0.000297702
174,1.00032,-1.00032,5.37804e-05,-0.000292059
176,1.00033,-1.00033,5.10776e-05,-0.000286416
178,1.00035,-1.00035,4.83747e-05,-0.000280773
180,1.00036,-1.00036,4.56719e-05,-0.000275131
182,1.00037,-1.00037,4.29691e-05,-0.000269488
184,1.00039,-1.00039,4.02662e-05,-0.000263845
186,1.0004,-1.0004,3.75634e-05,-0.000258202
188,1.00042,-1.00042,3.48605e-05,-0.000252559
190,1.00043,-1.00043,3.21577e-05,-0.000246917
192,1.00044,-1.00044,2.94549e-05,-0.000241274
194,1.00046,-1.00046,2.6752e-05,-0.000235631
196,1.00047,-1.00047,2.40492e-05,-0.000229988
198,1.00048,-1.00048,2.13463e-05,-0.000224346
200,1.0005,-1.0005,1.86435e-05,-0.000218703
202,1.00051,-1.00051,1.59406e-05,-0.00021306
204,1.00053,-1.00053,1.54885e-05,-0.000212224
206,1.00054,-1.00054,1.79299e-05,-0.000217569
208,1.00055,-1.00055,2.03714e-05,-0.000222914
210,1.00056,-1.00056,2.28129e-05,-0.000228258
212,1.00057,-1.00057,2.52544e-05,-0.000233603
214,1.00058,-1.00058,2.76959e-05,-0.000238948
216,1.00059,-1.00059,3.01374e-05,-0.000244292
218,1.0006,-1.0006,3.25789e-05,-0.000249637
220,1.00061,-1.00061,3.50204e-05,-0.000254982
222,1.00062,-1.00062,3.74619e-05,-0.000260327
224,1.00063,-1.00063,3.99034e-05,-0.000265671
226,1.00065,-1.00065,4.23449e-05,-0.000271016
228,1.00066,-1.00066,4.47864e-05,-0.000276361
230,1.00067,-1.00067,4.72279e-05,-0.000281705
232,1.00068,-1.00068,4.96694e-05,-0.00028705
234,1.00069,-1.00069,5.21109e-05,-0.000292395
236,1.00071,-1.00071,4.86467e-05,-0.000286749
238,1.00073,-1.00073,4.38197e-05,-0.000278567
240,1.00076,-1.00076,3.89927e-05,-0.000270384
242,1.00078,-1.00078,3.41657e-05,-0.000262202
244,1.0008,-1.0008,2.93387e-05,-0.00025402
246,1.00082,-1.00082,2.45117e-05,-0.000245838
248,1.00085,-1.00085,1.96846e-05,-0.000237655
250,1.00087,-1.00087,1.48576e-05,-0.000229473
252,1.00089,-1.00089,1.00306e-05,-0.000221291
254,1.00092,-1.00092,5.20361e-06,-0.000213108
256,1.00094,-1.00094,3.76593e-07,-0.000204926
258,1.00096,-1.00096,-4.45042e-06,-0.000196744
260,1.00098,-1.00098,-9.27743e-06,-0.000188562
262,1.00101,-1.00101,-1.41044e-05,-0.000180379
264,1.00103,-1.00103,-1.89315e-05,-0.000172197
266,1.00104,-1.00104,-2.30834e-05,-0.000165656
268,1.00102,-1.00102,-2.43102e-05,-0.000166225
270,1.00099,-1.00099,-2.55369e-05,-0.000166794
272,1.00096,-1.00096,-2.67636e-05,-0.000167363
274,1.00093,-1.00093,-2.79904e-05,-0.000167932
276,1.00091,-1.00091,-2.92171e-05,-0.000168501
278,1.00088,-1.00088,-3.04439e-05,-0.00016907
280,1.00085,-1.00085,-3.16706e-05,-0.000169639
282,1.00082,-1.00082,-3.28973e-05,-0.000170208
284,1.0008,-1.0008,-3.41241e-05,-0.000170777
286,1.00077,-1.00077,-3.53508e-05,-0.000171346
288,1.00074,-1.00074,-3.65775e-05,-0.000171915
290,1.00071,-1.00071,-3.78043e-05,-0.000172484
292,1.00069,-1.00069,-3.9031e-05,-0.000173053
294,1.00066,-1.00066,-4.02578e-05,-0.000173622
296,1.00063,-1.00063,-4.14845e-05,-0.000174191
298,1.00062,-1.00062,-4.20072e-05,-0.000172311
300,1.00061,-1.00061,-4.19822e-05,-0.000168525
302,1.0006,-1.0006,-4.19572e-05,-0.000164739
304,1.00059,-1.00059,-4.19323e-05,-0.000160954
306,1.00059,-1.00059,-4.19073e-05,-0.000157168
308,1.00058,-1.00058,-4.18823e-05,-0.000153382
310,1.00057,-1.00057,-4.18574e-05,-0.000149596
312,1.00057,-1.00057,-4.18324e-05,-0.000145811
314,1.00056,-1.00056,-4.18075e-05,-0.000142025
316,1.00055,-1.00055,-4.17825e-05,-0.000138239
318,1.00055,-1.00055,-4.17575e-05,-0.000134453
320,1.00054,-1.00054,-4.17326e-05,-0.000130668
322,1.00053,-1.00053,-4.17076e-05,-0.000126882
324,1.00053,-1.00053,-4.16826e-05,-0.000123096
326,1.00052,-1.00052,-4.16577e-05,-0.00011931
328,1.00051,-1.00051,-4.16327e-05,-0.000115525
330,1.00049,-1.00049,-4.23846e-05,-0.000114531
332,1.00046,-1.00046,-4.31882e-05,-0.000113722
334,1.00043,-1.00043,-4.39919e-05,-0.000112914
336,1.0004,-1.0004,-4.47956e-05,-0.000112106
338,1.00037,-1.00037,-4.55992e-05,-0.000111298
340,1.00034,-1.00034,-4.64029e-05,-0.00011049
342,1.00031,-1.00031,-4.72065e-05,-0.000109682
344,1.00028,-1.00028,-4.80102e-05,-0.000108874
346,1.00025,-1.00025,-4.88139e-05,-0.000108066
348,1.00022,-1.00022,-4.96175e-05,-0.000107258
350,1.00019,-1.00019,-5.04212e-05,-0.000106449
352,1.00016,-1.00016,-5.12248e-05,-0.000105641
354,1.00013,-1.00013,-5.20285e-05,-0.000104833
356,1.0001,-1.0001,-5.28321e-05,-0.000104025
358,1.00007,-1.00007,-5.36358e-05,-0.000103217
360,1.00005,-1.00005,-5.37372e-05,-0.000102324
362,1.00004,-1.00004,-5.22936e-05,-0.000101246
364,1.00002,-1.00002,-5.085e-05,-0.000100168
366,1.00001,-1.00001,-4.94064e-05,-9.90897e-05
368,0.999999,-0.999999,-4.79628e-05,-9.80115e-05
370,0.999986,-0.999986,-4.65192e-05,-9.69332e-05
372,0.999973,-0.999973,-4.50756e-05,-9.5855e-05
374,0.99996,-0.99996,-4.3632e-05,-9.47767e-05
376,0.999947,-0.999947,-4.21884e-05,-9.36985e-05
378,0.999934,-0.999934,-4.07449e-05,-9.26203e-05
380,0.999921,-0.999921,-3.93013e-05,-9.1542e-05
382,0.999908,-0.999908,-3.78577e-05,-9.04638e-05
384,0.999895,-0.999895,-3.64141e-05,-8.93855e-05
386,0.999883,-0.999883,-3.49705e-05,-8.83073e-05
388,0.99987,-0.99987,-3.35269e-05,-8.7229e-05
390,0.999857,-0.999857,-3.20833e-05,-8.61508e-05
392,0.999842,-0.999842,-3.18045e-05,-8.56035e-05
394,0.999826,-0.999826,-3.20553e-05,-8.52976e-05
396,0.999811,-0.999811,-3.2306e-05,-8.49918e-05
398,0.999795,-0.999795,-3.25567e-05,-8.46859e-05
400,0.999779,-0.999779,-3.28074e-05,-8.438e-05
402,0.999764,-0.999764,-3.30582e-05,-8.40741e-05
404,0.999748,-0.999748,-3.33089e-05,-8.37682e-05
406,0.999732,-0.999732,-3.35596e-05,-8.34623e-05
408,0.999717,-0.999717,-3.38104e-05,-8.31564e-05
410,0.999701,-0.999701,-3.40611e-05,-8.28505e-05
412,0.999685,-0.999685,-3.43118e-05,-8.25446e-05
414,0.99967,-0.99967,-3.45625e-05,-8.22387e-05
416,0.999654,-0.999654,-3.48133e-05,-8.19328e-05
418,0.999638,-0.999638,-3.5064e-05,-8.16269e-05
420,0.999623,-0.999623,-3.53147e-05,-8.1321e-05
422,0.999607,-0.999607,-3.54887e-05,-8.10462e-05
424,0.999596,-0.999596,-3.45115e-05,-8.12374e-05
426,0.999585,-0.999585,-3.35343e-05,-8.14286e-05
428,0.999574,-0.999574,-3.25571e-05,-8.16198e-05
430,0.999563,-0.999563,-3.15798e-05,-8.1811e-05
432,0.999551,-0.999551,-3.06026e-05,-8.20023e-05
434,0.99954,-0.99954,-2.96254e-05,-8.21935e-05
436,0.999529,-0.999529,-2.86482e-05,-8.23847e-05
438,0.999518,-0.999518,-2.7671e-05,-8.25759e-05
440,0.999507,-0.999507,-2.66938e-05,-8.27671e-05
442,0.999496,-0.999496,-2.57166e-05,-8.29583e-05
444,0.999484,-0.999484,-2.47394e-05,-8.31495e-05
446,0.999473,-0.999473,-2.37622e-05,-8.33407e-05
448,0.999462,-0.999462,-2.2785e-05,-8.35319e-05
450,0.999451,-0.999451,-2.18078e-05,-8.37231e-05
452,0.99944,-0.99944,-2.08306e-05,-8.39144e-05
454,0.999432,-0.999432,-2.01649e-05,-8.441e-05
456,0.999429,-0.999429,-1.98999e-05,-8.5297e-05
458,0.999427,-0.999427,-1.96348e-05,-8.6184e-05
460,0.999424,-0.999424,-1.93697e-05,-8.7071e-05
462,0.999421,-0.999421,-1.91047e-05,-8.7958e-05
464,0.999418,-0.999418,-1.88396e-05,-8.8845e-05
466,0.999415,-0.999415,-1.85746e-05,-8.9732e-05
468,0.999412,-0.999412,-1.83095e-05,-9.0619e-05
470,0.999409,-0.999409,-1.80444e-05,-9.1506e-05
472,0.999406,-0.999406,-1.77794e-05,-9.2393e-05
474,0.999404,-0.999404,-1.75143e-05,-9.328e-05
476,0.999401,-0.999401,-1.72493e-05,-9.41671e-05
478,0.999398,-0.999398,-1.69842e-05,-9.50541e-05
480,0.999395,-0.999395,-1.67191e-05,-9.59411e-05
482,0.999392,-0.999392,-1.64541e-05,-9.68281e-05
484,0.999389,-0.999389,-1.6189e-05,-9.77151e-05
486,0.999383,-0.999383,-1.5273e-05,-9.83915e-05
488,0.999376,-0.999376,-1.42069e-05,-9.90194e-05
490,0.999369,-0.999369,-1.31407e-05,-9.96473e-05
492,0.999362,-0.999362,-1.20745e-05,-0.000100275
494,0.999354,-0.999354,-1.10083e-05,-0.000100903
496,0.999347,-0.999347,-9.94217e-06,-0.000101531
498,0.99934,-0.99934,-8.87599e-06,-0.000102159
