x,v,vx,vy,vz
0,1,-1,1.91784e-09,3.71354e-10
2,1,-1,1.91276e-09,4.14087e-10
4,1,-1,1.90768e-09,4.56819e-10
6,1,-1,1.9026e-09,4.99551e-10
8,1,-1,1.89752e-09,5.42283e-10
10,1,-1,1.89243e-09,5.85015e-10
12,1,-1,1.88735e-09,6.27747e-10
14,1,-1,1.88227e-09,6.70479e-10
16,1,-1,1.86456e-09,6.87564e-10
18,1,-1,1.79213e-09,5.93509e-10
20,1,-1,1.71969e-09,4.99454e-10
22,1,-1,1.64726e-09,4.05399e-10
24,1,-1,1.57482e-09,3.11344e-10
26,1,-1,1.50239e-09,2.17289e-10
28,1,-1,1.42995e-09,1.23234e-10
30,1,-1,1.35752e-09,2.9179e-11
32,1,-1,1.28508e-09,-6.48759e-11
34,1,-1,1.21265e-09,-1.58931e-10
36,1,-1,1.14021e-09,-2.52986e-10
38,1,-1,1.06778e-09,-3.47041e-10
40,1,-1,9.95342e-10,-4.41096e-10
42,1,-1,9.22907e-10,-5.35151e-10
44,1,-1,8.50472e-10,-6.29206e-10
46,1,-1,7.78037e-10,-7.23261e-10
48,1,-1,7.76984e-10,-6.80705e-10
50,1,-1,8.3145e-10,-5.31898e-10
52,1,-1,8.85917e-10,-3.8309e-10
54,1,-1,9.40383e-10,-2.34282e-10
56,1,-1,9.94849e-10,-8.54748e-11
58,1,-1,1.04932e-09,6.33329e-11
60,1,-1,1.10378e-09,2.12141e-10
62,1,-1,1.15825e-09,3.60948e-10
64,1,-1,1.21271e-09,5.09756e-10
66,1,-1,1.26718e-09,6.58564e-10
68,1,-1,1.32165e-09,8.07371e-10
70,1,-1,1.37611e-09,9.56179e-10
72,1,-1,1.43058e-09,1.10499e-09
74,1,-1,1.48505e-09,1.25379e-09
76,1,-1,1.53951e-09,1.4026e-09
78,1,-1,1.59398e-09,1.55141e-09
80,1,-1,1.60087e-09,1.45552e-09
82,1,-1,1.60458e-09,1.34333e-09
84,1,-1,1.60829e-09,1.23113e-09
86,1,-1,1.61201e-09,1.11893e-09
88,1,-1,1.61572e-09,1.00673e-09
90,1,-1,1.61944e-09,8.94534e-10
92,1,-1,1.62315e-09,7.82336e-10
94,1,-1,1.62687e-09,6.70138e-10
96,1,-1,1.63058e-09,5.5794e-10
98,1,-1,1.63429e-09,4.45742e-10
100,1,-1,1.63801e-09,3.33544e-10
102,1,-1,1.64172e-09,2.21346e-10
104,1,-1,1.64544e-09,1.09148e-10
106,1,-1,1.64915e-09,-3.05026e-12
108,1,-1,1.65287e-09,-1.15248e-10
110,1,-1,1.68096e-09,-1.57908e-10
112,1,-1,1.76268e-09,-4.7582e-11
114,1,-1,1.84439e-09,6.27437e-11
116,1,-1,1.92611e-09,1.73069e-10
118,1,-1,2.00783e-09,2.83395e-10
120,1,-1,2.08955e-09,3.93721e-10
122,1,-1,2.17127e-09,5.04046e-10
124,1,-1,2.25299e-09,6.14372e-10
126,1,-1,2.33471e-09,7.24698e-10
128,1,-1,2.41643e-09,8.35023e-10
130,1,-1,2.49814e-09,9.45349e-10
132,1,-1,2.57986e-09,1.05567e-09
134,1,-1,2.66158e-09,1.166e-09
136,1,-1,2.7433e-09,1.27633e-09
138,1,-1,2.82502e-09,1.38665e-09
140,1,-1,2.90674e-09,1.49698e-09
142,1,-1,2.91655e-09,1.44184e-09
144,1,-1,2.89367e-09,1.3115e-09
146,1,-1,2.87079e-09,1.18115e-09
148,1,-1,2.84791e-09,1.05081e-09
150,1,-1,2.82504e-09,9.2046e-10
152,1,-1,2.80216e-09,7.90115e-10
154,1,-1,2.77928e-09,6.59769e-10
156,1,-1,2.7564e-09,5.29424e-10
158,1,-1,2.73352e-09,3.99079e-10
160,1,-1,2.71065e-09,2.68733e-10
162,1,-1,2.68777e-09,1.38388e-10
164,1,-1,2.66489e-09,8.0425e-12
166,1,-1,2.64201e-09,-1.22303e-10
168,1,-1,2.61913e-09,-2.52648e-10
170,1,-1,2.59626e-09,-3.82994e-10
172,1,-1,2.57094e-09,-4.97831e-10
174,1,-1,2.509e-09,-3.8005e-10
176,1,-1,2.44706e-09,-2.62268e-10
178,1,-1,2.38512e-09,-1.44487e-10
180,1,-1,2.32318e-09,-2.67054e-11
182,1,-1,2.26124e-09,9.10761e-11
184,1,-1,2.1993e-09,2.08858e-10
186,1,-1,2.13736e-09,3.26639e-10
188,1,-1,2.07542e-09,4.4442e-10
190,1,-1,2.01348e-09,5.62202e-10
192,1,-1,1.95154e-09,6.79983e-10
194,1,-1,1.8896e-09,7.97765e-10
196,1,-1,1.82766e-09,9.15546e-10
198,1,-1,1.76572e-09,1.03333e-09
200,1,-1,1.70378e-09,1.15111e-09
202,1,-1,1.64184e-09,1.26889e-09
204,1,-1,1.59121e-09,1.30719e-09
206,1,-1,1.55512e-09,1.24331e-09
208,1,-1,1.51903e-09,1.17942e-09
210,1,-1,1.48293e-09,1.11554e-09
212,1,-1,1.44684e-09,1.05166e-09
214,1,-1,1.41074e-09,9.87772e-10
216,1,-1,1.37465e-09,9.23887e-10
218,1,-1,1.33856e-09,8.60003e-10
220,1,-1,1.30246e-09,7.96119e-10
222,1,-1,1.26637e-09,7.32235e-10
224,1,-1,1.23028e-09,6.6835e-10
226,1,-1,1.19418e-09,6.04466e-10
228,1,-1,1.15809e-09,5.40582e-10
230,1,-1,1.122e-09,4.76697e-10
232,1,-1,1.0859e-09,4.12813e-10
234,1,-1,1.04981e-09,3.48929e-10
236,1,-1,1.07142e-09,3.81539e-10
238,1,-1,1.10635e-09,4.36417e-10
240,1,-1,1.14128e-09,4.91295e-10
242,1,-1,1.17621e-09,5.46173e-10
244,1,-1,1.21113e-09,6.01051e-10
246,1,-1,1.24606e-09,6.55929e-10
248,1,-1,1.28099e-09,7.10807e-10
250,1,-1,1.31592e-09,7.65685e-10
252,1,-1,1.35085e-09,8.20563e-10
254,1,-1,1.38577e-09,8.75441e-10
256,1,-1,1.4207e-09,9.30319e-10
258,1,-1,1.45563e-09,9.85197e-10
260,1,-1,1.49056e-09,1.04008e-09
262,1,-1,1.52549e-09,1.09495e-09
264,1,-1,1.56041e-09,1.14983e-09
266,1,-1,1.5746e-09,1.17592e-09
268,1,-1,1.49891e-09,1.07727e-09
270,1,-1,1.42321e-09,9.7861e-10
272,1,-1,1.34752e-09,8.79954e-10
274,1,-1,1.27183e-09,7.81298e-10
276,1,-1,1.19613e-09,6.82643e-10
278,1,-1,1.12044e-09,5.83987e-10
280,1,-1,1.04474e-09,4.85331e-10
282,1,-1,9.69049e-10,3.86675e-10
284,1,-1,8.93356e-10,2.88019e-10
286,1,-1,8.17662e-10,1.89363e-10
288,1,-1,7.41968e-10,9.07072e-11
290,1,-1,6.66274e-10,-7.94868e-12
292,1,-1,5.9058e-10,-1.06605e-10
294,1,-1,5.14886e-10,-2.0526e-10
296,1,-1,4.39192e-10,-3.03916e-10
298,1,-1,4.56462e-10,-2.66521e-10
300,1,-1,5.46037e-10,-1.23309e-10
302,1,-1,6.35612e-10,1.9904e-11
304,1,-1,7.25187e-10,1.63117e-10
306,1,-1,8.14763e-10,3.06329e-10
308,1,-1,9.04338e-10,4.49542e-10
310,1,-1,9.93913e-10,5.92755e-10
312,1,-1,1.08349e-09,7.35967e-10
314,1,-1,1.17306e-09,8.7918e-10
316,1,-1,1.26264e-09,1.02239e-09
318,1,-1,1.35221e-09,1.1656e-09
320,1,-1,1.44179e-09,1.30882e-09
322,1,-1,1.53136e-09,1.45203e-09
324,1,-1,1.62094e-09,1.59524e-09
326,1,-1,1.71051e-09,1.73846e-09
328,1,-1,1.80009e-09,1.88167e-09
330,1,-1,1.84016e-09,1.76325e-09
332,1,-1,1.87693e-09,1.62739e-09
334,1,-1,1.9137e-09,1.49154e-09
336,1,-1,1.95047e-09,1.35568e-09
338,1,-1,1.98724e-09,1.21982e-09
340,1,-1,2.02401e-09,1.08396e-09
342,1,-1,2.06078e-09,9.48107e-10
344,1,-1,2.09755e-09,8.12249e-10
346,1,-1,2.13432e-09,6.76392e-10
348,1,-1,2.17109e-09,5.40534e-10
350,1,-1,2.20786e-09,4.04677e-10
352,1,-1,2.24463e-09,2.68819e-10
354,1,-1,2.2814e-09,1.32961e-10
356,1,-1,2.31817e-09,-2.89617e-12
358,1,-1,2.35494e-09,-1.38754e-10
360,1,-1,2.40188e-09,-2.00297e-10
362,1,-1,2.47118e-09,-9.83475e-11
364,1,-1,2.54049e-09,3.60179e-12
366,1,-1,2.6098e-09,1.05551e-10
368,1,-1,2.67911e-09,2.075e-10
370,1,-1,2.74842e-09,3.0945e-10
372,1,-1,2.81773e-09,4.11399e-10
374,1,-1,2.88704e-09,5.13348e-10
376,1,-1,2.95635e-09,6.15297e-10
378,1,-1,3.02566e-09,7.17247e-10
380,1,-1,3.09496e-09,8.19196e-10
382,1,-1,3.16427e-09,9.21145e-10
384,1,-1,3.23358e-09,1.02309e-09
386,1,-1,3.30289e-09,1.12504e-09
388,1,-1,3.3722e-09,1.22699e-09
390,1,-1,3.44151e-09,1.32894e-09
392,1,-1,3.44022e-09,1.27147e-09
394,1,-1,3.40683e-09,1.14154e-09
396,1,-1,3.37345e-09,1.01161e-09
398,1,-1,3.34006e-09,8.81679e-10
400,1,-1,3.30668e-09,7.51748e-10
402,1,-1,3.27329e-09,6.21816e-10
404,1,-1,3.23991e-09,4.91885e-10
406,1,-1,3.20652e-09,3.61954e-10
408,1,-1,3.17314e-09,2.32022e-10
410,1,-1,3.13975e-09,1.02091e-10
412,1,-1,3.10637e-09,-2.78404e-11
414,1,-1,3.07298e-09,-1.57772e-10
416,1,-1,3.0396e-09,-2.87703e-10
418,1,-1,3.00621e-09,-4.17634e-10
420,1,-1,2.97282e-09,-5.47566e-10
422,1,-1,2.93953e-09,-6.62064e-10
424,1,-1,2.90755e-09,-5.45072e-10
426,1,-1,2.87558e-09,-4.28079e-10
428,1,-1,2.8436e-09,-3.11086e-10
430,1,-1,2.81162e-09,-1.94093e-10
432,1,-1,2.77965e-09,-7.71e-11
434,1,-1,2.74767e-09,3.98929e-11
436,1,-1,2.71569e-09,1.56886e-10
438,1,-1,2.68372e-09,2.73879e-10
440,1,-1,2.65174e-09,3.90872e-10
442,1,-1,2.61977e-09,5.07865e-10
444,1,-1,2.58779e-09,6.24857e-10
446,1,-1,2.55581e-09,7.4185e-10
448,1,-1,2.52384e-09,8.58843e-10
450,1,-1,2.49186e-09,9.75836e-10
452,1,-1,2.45989e-09,1.09283e-09
454,1,-1,2.42834e-09,1.12725e-09
456,1,-1,2.39734e-09,1.05549e-09
458,1,-1,2.36634e-09,9.83742e-10
460,1,-1,2.33534e-09,9.11989e-10
462,1,-1,2.30434e-09,8.40237e-10
464,1,-1,2.27334e-09,7.68485e-10
466,1,-1,2.24234e-09,6.96733e-10
468,1,-1,2.21134e-09,6.24981e-10
470,1,-1,2.18034e-09,5.53228e-10
472,1,-1,2.14934e-09,4.81476e-10
474,1,-1,2.11834e-09,4.09724e-10
476,1,-1,2.08734e-09,3.37972e-10
478,1,-1,2.05635e-09,2.6622e-10
480,1,-1,2.02535e-09,1.94468e-10
482,1,-1,1.99435e-09,1.22715e-10
484,1,-1,1.96335e-09,5.09632e-11
486,1,-1,1.95341e-09,7.22295e-11
488,1,-1,1.94833e-09,1.14962e-10
490,1,-1,1.94324e-09,1.57694e-10
492,1,-1,1.93816e-09,2.00426e-10
494,1,-1,1.93308e-09,2.43158e-10
496,1,-1,1.928e-09,2.8589e-10
498,1,-1,1.92292e-09,3.28622e-10
