x,v,vx,vy,vz
0,0.963972,-0.963915,-5.26102e-06,-0.0104886
2,0.96215,-0.962085,8.73605e-05,-0.0111225
4,0.960328,-0.960256,0.000179982,-0.0117564
6,0.958506,-0.958426,0.000272604,-0.0123903
8,0.956685,-0.956596,0.000365225,-0.0130242
10,0.954864,-0.954766,0.000457847,-0.0136581
12,0.953044,-0.952937,0.000550468,-0.014292
14,0.951224,-0.951107,0.00064309,-0.0149259
16,0.942318,-0.942189,0.000799551,-0.0155652
18,0.933183,-0.933042,0.000958072,-0.0162045
20,0.924049,-0.923895,0.00111659,-0.0168439
22,0.914916,-0.914748,0.00127511,-0.0174833
24,0.905784,-0.905601,0.00143363,-0.0181227
26,0.896652,-0.896454,0.00159215,-0.018762
28,0.887521,-0.887308,0.00175068,-0.0194014
30,0.877211,-0.876854,-0.0115467,-0.0221746
32,0.867957,-0.867526,-0.0144113,-0.0232592
34,0.858716,-0.858197,-0.0172759,-0.0243437
36,0.846254,-0.845696,-0.0180901,-0.0248279
38,0.829367,-0.828849,-0.0160943,-0.0244893
40,0.812483,-0.812001,-0.0140986,-0.0241506
42,0.795602,-0.795154,-0.0121028,-0.023812
44,0.778726,-0.778307,-0.0101071,-0.0234734
46,0.761854,-0.761459,-0.00811132,-0.0231348
48,0.744986,-0.744612,-0.00611557,-0.0227962
50,0.728042,-0.727682,-0.00378989,-0.022601
52,0.710984,-0.710623,-0.000949501,-0.0226297
54,0.693937,-0.693564,0.00189089,-0.0226583
56,0.676902,-0.676505,0.00473127,-0.022687
58,0.646821,-0.646553,0.00449599,-0.0180414
60,0.625637,-0.625389,0.00538725,-0.0167673
62,0.607022,-0.606685,0.00994108,-0.0176328
64,0.588449,-0.58798,0.0144949,-0.0184983
66,0.569923,-0.569275,0.0190488,-0.0193638
68,0.549423,-0.548515,0.0215601,-0.0230647
70,0.527663,-0.526395,0.0227187,-0.0286438
72,0.505998,-0.504274,0.0238772,-0.0342228
74,0.484785,-0.482444,0.024988,-0.0404991
76,0.467558,-0.463701,0.02559,-0.0541909
78,0.450868,-0.444958,0.0261921,-0.0678827
80,0.434777,-0.426215,0.0267942,-0.0815745
82,0.419577,-0.407826,0.025161,-0.0953392
84,0.405294,-0.389705,0.0218436,-0.109159
86,0.391844,-0.371584,0.0185262,-0.122979
88,0.379557,-0.353734,0.0152569,-0.13676
90,0.372307,-0.34057,0.0128178,-0.149869
92,0.365874,-0.327405,0.0103788,-0.162979
94,0.360302,-0.314241,0.00793973,-0.176088
96,0.356494,-0.301963,0.00604599,-0.189393
98,0.354305,-0.290442,0.00461853,-0.202864
100,0.352999,-0.278922,0.00319107,-0.216336
102,0.352661,-0.267643,0.00169881,-0.229639
104,0.3559,-0.266446,-0.00249378,-0.235935
106,0.359273,-0.265249,-0.00668636,-0.242231
108,0.362777,-0.264051,-0.0108789,-0.248527
110,0.367617,-0.267812,-0.0114972,-0.251569
112,0.373752,-0.276377,-0.00865114,-0.251458
114,0.41144,-0.28792,0.014058,-0.293577
116,0.425003,-0.310377,0.0151189,-0.289941
118,0.43541,-0.331629,0.0157296,-0.281702
120,0.430905,-0.331004,0.0269775,-0.274568
122,0.4285,-0.336355,0.0367311,-0.262923
124,0.430465,-0.352542,0.0437754,-0.243101
126,0.440315,-0.376172,0.0413236,-0.225088
128,0.456413,-0.404811,0.032479,-0.208292
130,0.490449,-0.457426,0.0306451,-0.174249
132,0.53375,-0.515461,0.0303275,-0.135162
134,0.588863,-0.583002,0.0320177,-0.0764426
136,0.65067,-0.649648,0.0317492,-0.0179097
138,0.716087,-0.714431,0.027398,0.0402333
140,0.783202,-0.776877,0.0160032,0.0980391
142,0.851864,-0.837535,-0.000783772,0.155587
144,0.90746,-0.885463,-0.0115492,0.198255
146,0.959321,-0.929518,-0.0201601,0.236404
148,0.991232,-0.957505,-0.0151405,0.255921
150,1.01941,-0.982023,-0.00781316,0.273453
152,1.0384,-0.998172,0.0050836,0.286193
154,1.05484,-1.01257,0.0125586,0.295373
156,1.06895,-1.02544,0.0153243,0.301459
158,1.07468,-1.03247,0.00674937,0.298139
160,1.0779,-1.03761,-0.00521353,0.291895
162,1.06792,-1.03187,-0.0241857,0.274078
164,1.05724,-1.0251,-0.0415046,0.255329
166,1.04346,-1.01545,-0.0541597,0.233956
168,1.03056,-1.00589,-0.0609357,0.215709
170,1.01828,-0.996413,-0.0619237,0.200539
172,1.00796,-0.986024,-0.0634532,0.199287
174,0.998308,-0.975323,-0.0651669,0.202772
176,0.987305,-0.959417,-0.0637207,0.224121
178,0.97745,-0.943718,-0.0597092,0.247466
180,0.970423,-0.928918,-0.0472572,0.276763
182,0.967273,-0.917129,-0.0342143,0.305486
184,0.968203,-0.908697,-0.0205122,0.333567
186,0.97871,-0.909732,-0.0161298,0.360555
188,0.993218,-0.914544,-0.0154652,0.387109
190,1.01035,-0.920839,-0.0181467,0.415365
192,1.02631,-0.926587,-0.0230049,0.440713
194,1.03543,-0.929869,-0.0360081,0.454059
196,1.04681,-0.934894,-0.0559423,0.4676
198,1.06137,-0.942124,-0.0846475,0.481388
200,1.06905,-0.949257,-0.119148,0.47705
202,1.07454,-0.956344,-0.15633,0.464323
204,1.07924,-0.970467,-0.207796,0.423991
206,1.08451,-0.98355,-0.261566,0.374666
208,1.07968,-0.988687,-0.321073,0.291758
210,1.07264,-0.988743,-0.366717,0.196098
212,1.06022,-0.981491,-0.392422,0.0821008
214,1.02149,-0.965329,-0.333812,-0.0125974
216,0.976914,-0.944419,-0.230268,-0.0970105
218,0.952629,-0.946978,0.0475151,-0.092063
220,1.03755,-0.973914,0.352986,-0.0582673
222,1.34043,-1.13729,0.703572,0.091157
224,1.57999,-1.28446,0.906396,0.158067
226,1.65345,-1.40504,0.867013,0.0897215
228,1.61414,-1.43938,0.730481,0.00486796
230,1.52103,-1.4211,0.534681,-0.0900565
232,1.42512,-1.35624,0.428038,-0.0913968
234,1.32777,-1.28037,0.342135,-0.0811342
236,1.21849,-1.17367,0.312376,-0.0981659
238,1.10847,-1.06519,0.283866,-0.116191
240,0.996879,-0.953331,0.257702,-0.136081
242,0.899379,-0.853811,0.232308,-0.161004
244,0.812949,-0.762869,0.20745,-0.189427
246,0.767205,-0.725464,0.174848,-0.178139
248,0.734142,-0.704725,0.138431,-0.152194
250,0.761882,-0.757045,0.0739106,-0.0434105
252,0.809701,-0.804335,0.0407372,0.0836715
254,0.880449,-0.84076,0.0752879,0.250288
256,0.920142,-0.831779,0.126966,0.372403
258,0.931223,-0.786917,0.192179,0.459352
260,0.96194,-0.774045,0.265242,0.505796
262,0.996874,-0.766951,0.339912,0.538521
264,0.954844,-0.711321,0.406864,0.490113
266,0.905483,-0.667973,0.445677,0.41843
268,0.827101,-0.655414,0.41395,0.288399
270,0.698789,-0.620879,0.305734,0.096655
272,0.600284,-0.566647,0.128962,-0.150404
274,0.630427,-0.485569,-0.047393,-0.399267
276,0.790076,-0.397898,-0.222211,-0.645384
278,0.800834,-0.432228,-0.277945,-0.614216
280,0.78331,-0.47297,-0.299805,-0.547714
282,0.657083,-0.537753,-0.180297,-0.331773
284,0.658532,-0.592445,-0.161166,-0.238116
286,0.68036,-0.641202,-0.139469,-0.179716
288,0.710618,-0.686279,-0.11618,-0.143184
290,0.744905,-0.731355,-0.0928904,-0.106653
292,0.780166,-0.77358,-0.0708477,-0.0722088
294,0.79483,-0.790577,-0.059833,-0.0562349
296,0.783986,-0.781194,-0.0582419,-0.0312839
298,0.799048,-0.797255,-0.0486539,-0.0222558
300,0.814362,-0.813317,-0.039066,-0.0132277
302,0.829913,-0.829378,-0.0294781,-0.00419962
304,0.843832,-0.843444,-0.0254545,-0.00262198
306,0.857397,-0.857095,-0.0225857,-0.00259065
308,0.870974,-0.870747,-0.0197169,-0.00255932
310,0.920202,-0.9201,-0.0134061,-0.00270389
312,0.922683,-0.922606,-0.0116119,-0.00261764
314,0.925167,-0.925111,-0.00981773,-0.0025314
316,0.927655,-0.927617,-0.00802354,-0.00244515
318,0.930146,-0.930122,-0.00622935,-0.00235891
320,0.932641,-0.932628,-0.00443516,-0.00227267
322,0.935139,-0.935133,-0.00264097,-0.00218642
324,0.937519,-0.937515,-0.00145522,-0.00213574
326,0.939588,-0.939584,-0.00182437,-0.00217593
328,0.941657,-0.941652,-0.00219353,-0.00221613
330,0.943726,-0.94372,-0.00256269,-0.00225632
332,0.945795,-0.945788,-0.00293184,-0.00229652
334,0.947864,-0.947856,-0.003301,-0.00233671
336,0.949934,-0.949924,-0.00367016,-0.00237691
338,0.952004,-0.951992,-0.00403931,-0.00241711
340,0.954073,-0.95406,-0.00440847,-0.0024573
342,0.956143,-0.956128,-0.00477763,-0.0024975
344,0.958213,-0.958196,-0.00514678,-0.00253769
346,0.960284,-0.960264,-0.00551594,-0.00257789
348,0.962354,-0.962332,-0.0058851,-0.00261808
350,0.964424,-0.964401,-0.00625425,-0.00265828
352,0.966158,-0.966133,-0.00647688,-0.00271479
354,0.966688,-0.966665,-0.00617619,-0.00282959
356,0.967219,-0.967196,-0.00587551,-0.00294439
358,0.967749,-0.967728,-0.00557482,-0.00305919
360,0.96828,-0.96826,-0.00527414,-0.00317399
362,0.968811,-0.968792,-0.00497345,-0.00328879
364,0.969341,-0.969324,-0.00467276,-0.00340359
366,0.969872,-0.969856,-0.00437208,-0.00351839
368,0.970403,-0.970388,-0.00407139,-0.00363319
370,0.970935,-0.97092,-0.0037707,-0.00374799
372,0.971466,-0.971452,-0.00347002,-0.00386279
374,0.971997,-0.971984,-0.00316933,-0.00397758
376,0.972529,-0.972516,-0.00286865,-0.00409238
378,0.97306,-0.973048,-0.00256796,-0.00420718
380,0.97358,-0.973568,-0.00231136,-0.00429793
382,0.974035,-0.974023,-0.00229284,-0.00425876
384,0.97449,-0.974478,-0.00227433,-0.00421959
386,0.974945,-0.974934,-0.00225581,-0.00418043
388,0.9754,-0.975389,-0.00223729,-0.00414126
390,0.975855,-0.975844,-0.00221877,-0.0041021
392,0.976311,-0.9763,-0.00220025,-0.00406293
394,0.976766,-0.976755,-0.00218174,-0.00402376
396,0.977221,-0.97721,-0.00216322,-0.0039846
398,0.977676,-0.977665,-0.0021447,-0.00394543
400,0.978131,-0.978121,-0.00212618,-0.00390627
402,0.978586,-0.978576,-0.00210767,-0.0038671
404,0.979041,-0.979031,-0.00208915,-0.00382793
406,0.979496,-0.979487,-0.00207063,-0.00378877
408,0.979888,-0.979878,-0.00204453,-0.00376846
410,0.979666,-0.979657,-0.00194517,-0.00393046
412,0.979445,-0.979435,-0.0018458,-0.00409247
414,0.979224,-0.979213,-0.00174643,-0.00425447
416,0.979003,-0.978991,-0.00164707,-0.00441647
418,0.978782,-0.97877,-0.0015477,-0.00457848
420,0.97856,-0.978548,-0.00144833,-0.00474048
422,0.978339,-0.978326,-0.00134897,-0.00490248
424,0.978118,-0.978104,-0.0012496,-0.00506448
426,0.977897,-0.977883,-0.00115023,-0.00522649
428,0.977676,-0.977661,-0.00105087,-0.00538849
430,0.977455,-0.977439,-0.000951501,-0.00555049
432,0.977234,-0.977217,-0.000852134,-0.0057125
434,0.977013,-0.976996,-0.000752768,-0.0058745
436,0.976742,-0.976724,-0.000653612,-0.00605125
438,0.974917,-0.974894,-0.00056099,-0.00668516
440,0.973092,-0.973064,-0.000468369,-0.00731906
442,0.971267,-0.971234,-0.000375747,-0.00795297
444,0.969443,-0.969404,-0.000283126,-0.00858688
446,0.967619,-0.967575,-0.000190504,-0.00922078
448,0.965795,-0.965745,-9.78826e-05,-0.00985469
