x,v,vx,vy,vz
0,1,-1,4.72097e-08,1.13809e-08
2,1,-1,8.47241e-08,1.26038e-08
4,1,-1,1.22239e-07,1.38266e-08
6,1,-1,1.59753e-07,1.50495e-08
8,1,-1,1.97267e-07,1.62724e-08
10,1,-1,2.34782e-07,1.74952e-08
12,1,-1,2.72296e-07,1.87181e-08
14,1,-1,3.09811e-07,1.99409e-08
16,1,-1,2.59275e-07,1.94657e-08
18,1,-1,2.05898e-07,1.89357e-08
20,1,-1,1.52522e-07,1.84057e-08
22,1,-1,9.91453e-08,1.78757e-08
24,1,-1,4.57689e-08,1.73457e-08
26,1,-1,-7.6075e-09,1.68158e-08
28,1,-1,-6.09839e-08,1.62858e-08
30,1,-1,-1.1436e-07,1.57558e-08
32,1,-1,-1.67737e-07,1.52258e-08
34,1,-1,-2.21113e-07,1.46958e-08
36,1,-1,-2.7449e-07,1.41658e-08
38,1,-1,-3.27866e-07,1.36358e-08
40,1,-1,-3.81242e-07,1.31058e-08
42,1,-1,-4.34619e-07,1.25759e-08
44,1,-1,-4.09883e-07,1.33353e-08
46,1,-1,-3.77067e-07,1.42281e-08
48,1,-1,-3.44251e-07,1.5121e-08
50,1,-1,-3.11435e-07,1.60138e-08
52,1,-1,-2.78618e-07,1.69066e-08
54,1,-1,-2.45802e-07,1.77994e-08
56,1,-1,-2.12986e-07,1.86923e-08
58,1,-1,-1.8017e-07,1.95851e-08
60,1,-1,-1.47354e-07,2.04779e-08
62,1,-1,-1.14538e-07,2.13708e-08
64,1,-1,-8.17214e-08,2.22636e-08
66,1,-1,-4.89053e-08,2.31564e-08
68,1,-1,-1.60891e-08,2.40492e-08
70,1,-1,1.67271e-08,2.49421e-08
72,1,-1,7.34472e-09,2.44854e-08
74,1,-1,-9.8522e-09,2.37789e-08
76,1,-1,-2.70491e-08,2.30724e-08
78,1,-1,-4.42461e-08,2.23658e-08
80,1,-1,-6.1443e-08,2.16593e-08
82,1,-1,-7.86399e-08,2.09527e-08
84,1,-1,-9.58368e-08,2.02462e-08
86,1,-1,-1.13034e-07,1.95396e-08
88,1,-1,-1.30231e-07,1.88331e-08
90,1,-1,-1.47428e-07,1.81266e-08
92,1,-1,-1.64625e-07,1.742e-08
94,1,-1,-1.81821e-07,1.67135e-08
96,1,-1,-1.99018e-07,1.60069e-08
98,1,-1,-2.16215e-07,1.53004e-08
100,1,-1,-1.98545e-07,1.55092e-08
102,1,-1,-1.71111e-07,1.59743e-08
104,1,-1,-1.43677e-07,1.64393e-08
106,1,-1,-1.16244e-07,1.69044e-08
108,1,-1,-8.88103e-08,1.73695e-08
110,1,-1,-6.13767e-08,1.78346e-08
112,1,-1,-3.39431e-08,1.82997e-08
114,1,-1,-6.50948e-09,1.87647e-08
116,1,-1,2.09241e-08,1.92298e-08
118,1,-1,4.83577e-08,1.96949e-08
120,1,-1,7.57913e-08,2.016e-08
122,1,-1,1.03225e-07,2.06251e-08
124,1,-1,1.30658e-07,2.10901e-08
126,1,-1,1.58092e-07,2.15552e-08
128,1,-1,1.54727e-07,2.1166e-08
130,1,-1,1.39311e-07,2.04424e-08
132,1,-1,1.23895e-07,1.97189e-08
134,1,-1,1.08479e-07,1.89953e-08
136,1,-1,9.30628e-08,1.82717e-08
138,1,-1,7.76467e-08,1.75482e-08
140,1,-1,6.22306e-08,1.68246e-08
142,1,-1,4.68144e-08,1.61011e-08
144,1,-1,3.13983e-08,1.53775e-08
146,1,-1,1.59821e-08,1.46539e-08
148,1,-1,5.65985e-10,1.39304e-08
150,1,-1,-1.48502e-08,1.32068e-08
152,1,-1,-3.02663e-08,1.24833e-08
154,1,-1,-4.56824e-08,1.17597e-08
156,1,-1,-3.43828e-08,1.20386e-08
158,1,-1,-9.08921e-09,1.28427e-08
160,1,-1,1.62044e-08,1.36468e-08
162,1,-1,4.1498e-08,1.44509e-08
164,1,-1,6.67916e-08,1.5255e-08
166,1,-1,9.20852e-08,1.6059e-08
168,1,-1,1.17379e-07,1.68631e-08
170,1,-1,1.42672e-07,1.76672e-08
172,1,-1,1.67966e-07,1.84713e-08
174,1,-1,1.9326e-07,1.92754e-08
176,1,-1,2.18553e-07,2.00794e-08
178,1,-1,2.43847e-07,2.08835e-08
180,1,-1,2.6914e-07,2.16876e-08
182,1,-1,2.94434e-07,2.24917e-08
184,1,-1,2.76476e-07,2.21281e-08
186,1,-1,2.28925e-07,2.09656e-08
188,1,-1,1.81374e-07,1.98031e-08
190,1,-1,1.33823e-07,1.86406e-08
192,1,-1,8.62717e-08,1.74782e-08
194,1,-1,3.87205e-08,1.63157e-08
196,1,-1,-8.83058e-09,1.51532e-08
198,1,-1,-5.63817e-08,1.39907e-08
200,1,-1,-1.03933e-07,1.28282e-08
202,1,-1,-1.51484e-07,1.16657e-08
204,1,-1,-1.99035e-07,1.05032e-08
206,1,-1,-2.46586e-07,9.34074e-09
208,1,-1,-2.94137e-07,8.17826e-09
210,1,-1,-3.41688e-07,7.01577e-09
212,1,-1,-3.40304e-07,7.08558e-09
214,1,-1,-2.95741e-07,8.2427e-09
216,1,-1,-2.51178e-07,9.39983e-09
218,1,-1,-2.06615e-07,1.0557e-08
220,1,-1,-1.62051e-07,1.17141e-08
222,1,-1,-1.17488e-07,1.28712e-08
224,1,-1,-7.29252e-08,1.40283e-08
226,1,-1,-2.83621e-08,1.51855e-08
228,1,-1,1.6201e-08,1.63426e-08
230,1,-1,6.07641e-08,1.74997e-08
232,1,-1,1.05327e-07,1.86568e-08
234,1,-1,1.4989e-07,1.9814e-08
236,1,-1,1.94453e-07,2.09711e-08
238,1,-1,2.39016e-07,2.21282e-08
240,1,-1,2.39597e-07,2.22169e-08
242,1,-1,1.9033e-07,2.10946e-08
244,1,-1,1.41063e-07,1.99724e-08
246,1,-1,9.17962e-08,1.88501e-08
248,1,-1,4.25294e-08,1.77279e-08
250,1,-1,-6.7375e-09,1.66056e-08
252,1,-1,-5.60044e-08,1.54834e-08
254,1,-1,-1.05271e-07,1.43611e-08
256,1,-1,-1.54538e-07,1.32389e-08
258,1,-1,-2.03805e-07,1.21166e-08
260,1,-1,-2.53072e-07,1.09944e-08
262,1,-1,-3.02339e-07,9.87214e-09
264,1,-1,-3.51605e-07,8.74989e-09
266,1,-1,-4.00872e-07,7.62763e-09
268,1,-1,-4.16748e-07,7.3573e-09
270,1,-1,-3.8382e-07,8.33208e-09
272,1,-1,-3.50893e-07,9.30686e-09
274,1,-1,-3.17966e-07,1.02816e-08
276,1,-1,-2.85038e-07,1.12564e-08
278,1,-1,-2.52111e-07,1.22312e-08
280,1,-1,-2.19183e-07,1.3206e-08
282,1,-1,-1.86256e-07,1.41808e-08
284,1,-1,-1.53329e-07,1.51555e-08
286,1,-1,-1.20401e-07,1.61303e-08
288,1,-1,-8.7474e-08,1.71051e-08
290,1,-1,-5.45466e-08,1.80799e-08
292,1,-1,-2.16192e-08,1.90546e-08
294,1,-1,1.13082e-08,2.00294e-08
296,1,-1,2.70346e-08,2.0458e-08
298,1,-1,9.92267e-09,1.98439e-08
300,1,-1,-7.18923e-09,1.92297e-08
302,1,-1,-2.43011e-08,1.86156e-08
304,1,-1,-4.1413e-08,1.80015e-08
306,1,-1,-5.85249e-08,1.73873e-08
308,1,-1,-7.56368e-08,1.67732e-08
310,1,-1,-9.27487e-08,1.61591e-08
312,1,-1,-1.09861e-07,1.5545e-08
314,1,-1,-1.26973e-07,1.49308e-08
316,1,-1,-1.44084e-07,1.43167e-08
318,1,-1,-1.61196e-07,1.37026e-08
320,1,-1,-1.78308e-07,1.30884e-08
322,1,-1,-1.9542e-07,1.24743e-08
324,1,-1,-1.99947e-07,1.22031e-08
326,1,-1,-1.72312e-07,1.28082e-08
328,1,-1,-1.44676e-07,1.34133e-08
330,1,-1,-1.17041e-07,1.40185e-08
332,1,-1,-8.94058e-08,1.46236e-08
334,1,-1,-6.17705e-08,1.52288e-08
336,1,-1,-3.41352e-08,1.58339e-08
338,1,-1,-6.49998e-09,1.6439e-08
340,1,-1,2.11353e-08,1.70442e-08
342,1,-1,4.87706e-08,1.76493e-08
344,1,-1,7.64058e-08,1.82544e-08
346,1,-1,1.04041e-07,1.88596e-08
348,1,-1,1.31676e-07,1.94647e-08
350,1,-1,1.59312e-07,2.00698e-08
352,1,-1,1.77703e-07,2.04173e-08
354,1,-1,1.63079e-07,1.98444e-08
356,1,-1,1.48454e-07,1.92715e-08
358,1,-1,1.3383e-07,1.86986e-08
360,1,-1,1.19206e-07,1.81257e-08
362,1,-1,1.04582e-07,1.75528e-08
364,1,-1,8.9958e-08,1.69799e-08
366,1,-1,7.53339e-08,1.6407e-08
368,1,-1,6.07098e-08,1.5834e-08
370,1,-1,4.60857e-08,1.52611e-08
372,1,-1,3.14616e-08,1.46882e-08
374,1,-1,1.68375e-08,1.41153e-08
376,1,-1,2.21341e-09,1.35424e-08
378,1,-1,-1.24107e-08,1.29695e-08
380,1,-1,-2.07827e-08,1.2625e-08
382,1,-1,4.60657e-09,1.35134e-08
384,1,-1,2.99959e-08,1.44018e-08
386,1,-1,5.53851e-08,1.52903e-08
388,1,-1,8.07744e-08,1.61787e-08
390,1,-1,1.06164e-07,1.70672e-08
392,1,-1,1.31553e-07,1.79556e-08
394,1,-1,1.56942e-07,1.88441e-08
396,1,-1,1.82332e-07,1.97325e-08
398,1,-1,2.07721e-07,2.06209e-08
400,1,-1,2.3311e-07,2.15094e-08
402,1,-1,2.58499e-07,2.23978e-08
404,1,-1,2.83889e-07,2.32863e-08
406,1,-1,3.09278e-07,2.41747e-08
408,1,-1,3.28628e-07,2.48319e-08
410,1,-1,2.89599e-07,2.32534e-08
412,1,-1,2.50569e-07,2.1675e-08
414,1,-1,2.1154e-07,2.00965e-08
416,1,-1,1.7251e-07,1.8518e-08
418,1,-1,1.33481e-07,1.69396e-08
420,1,-1,9.44517e-08,1.53611e-08
422,1,-1,5.54224e-08,1.37826e-08
424,1,-1,1.6393e-08,1.22042e-08
426,1,-1,-2.26363e-08,1.06257e-08
428,1,-1,-6.16657e-08,9.04726e-09
430,1,-1,-1.00695e-07,7.4688e-09
432,1,-1,-1.39724e-07,5.89034e-09
434,1,-1,-1.78754e-07,4.31187e-09
436,1,-1,-2.15391e-07,2.82095e-09
438,1,-1,-1.77877e-07,4.04381e-09
440,1,-1,-1.40362e-07,5.26666e-09
442,1,-1,-1.02848e-07,6.48952e-09
444,1,-1,-6.53335e-08,7.71237e-09
446,1,-1,-2.78191e-08,8.93522e-09
448,1,-1,9.69531e-09,1.01581e-08
