x,v,vx,vy,vz
0,0.643522,-0.50077,-0.000276069,-0.404166
2,0.643533,-0.500783,-0.000275111,-0.404166
4,0.643543,-0.500797,-0.000274152,-0.404167
6,0.643554,-0.50081,-0.000273194,-0.404167
8,0.643564,-0.500823,-0.000272235,-0.404167
10,0.643575,-0.500837,-0.000271277,-0.404167
12,0.643585,-0.50085,-0.000270319,-0.404167
14,0.643596,-0.500864,-0.00026936,-0.404168
16,0.643595,-0.500861,-0.000270168,-0.404169
18,0.643544,-0.50079,-0.00027863,-0.404176
20,0.643493,-0.500719,-0.000287092,-0.404182
22,0.643442,-0.500648,-0.000295554,-0.404189
24,0.643391,-0.500577,-0.000304016,-0.404196
26,0.643339,-0.500506,-0.000312478,-0.404202
28,0.643288,-0.500435,-0.00032094,-0.404209
30,0.643237,-0.500364,-0.000329402,-0.404216
32,0.643186,-0.500293,-0.000337864,-0.404222
34,0.643135,-0.500222,-0.000346326,-0.404229
36,0.643084,-0.50015,-0.000354788,-0.404236
38,0.643033,-0.500079,-0.00036325,-0.404242
40,0.642982,-0.500008,-0.000371713,-0.404249
42,0.642931,-0.499937,-0.000380175,-0.404256
44,0.64288,-0.499866,-0.000388637,-0.404262
46,0.642829,-0.499795,-0.000397099,-0.404269
48,0.642721,-0.499654,-0.000396357,-0.404273
50,0.642569,-0.499457,-0.000388458,-0.404274
52,0.642418,-0.499261,-0.000380559,-0.404276
54,0.642266,-0.499065,-0.000372659,-0.404278
56,0.642115,-0.498868,-0.00036476,-0.404279
58,0.641964,-0.498672,-0.000356861,-0.404281
60,0.641812,-0.498476,-0.000348961,-0.404283
62,0.641661,-0.498279,-0.000341062,-0.404284
64,0.641509,-0.498083,-0.000333163,-0.404286
66,0.641358,-0.497887,-0.000325263,-0.404288
68,0.641207,-0.497691,-0.000317364,-0.404289
70,0.641055,-0.497494,-0.000309465,-0.404291
72,0.640904,-0.497298,-0.000301566,-0.404293
74,0.640753,-0.497102,-0.000293666,-0.404294
76,0.640602,-0.496905,-0.000285767,-0.404296
78,0.64045,-0.496709,-0.000277868,-0.404298
80,0.640368,-0.496602,-0.000256846,-0.4043
82,0.640291,-0.4965,-0.000234949,-0.404302
84,0.640214,-0.496399,-0.000213052,-0.404304
86,0.640137,-0.496298,-0.000191156,-0.404306
88,0.640059,-0.496197,-0.000169259,-0.404308
90,0.639982,-0.496095,-0.000147362,-0.40431
92,0.639905,-0.495994,-0.000125465,-0.404312
94,0.639828,-0.495893,-0.000103569,-0.404314
96,0.63975,-0.495791,-8.16719e-05,-0.404316
98,0.639673,-0.49569,-5.97752e-05,-0.404318
100,0.639596,-0.495589,-3.78785e-05,-0.40432
102,0.639519,-0.495487,-1.59818e-05,-0.404322
104,0.639442,-0.495386,5.91493e-06,-0.404324
106,0.639364,-0.495285,2.78116e-05,-0.404326
108,0.639287,-0.495184,4.97084e-05,-0.404328
110,0.639252,-0.49514,7.16123e-05,-0.404327
112,0.639311,-0.495222,9.35323e-05,-0.404319
114,0.63937,-0.495304,0.000115452,-0.404312
116,0.639429,-0.495386,0.000137372,-0.404304
118,0.639487,-0.495468,0.000159292,-0.404296
120,0.639546,-0.49555,0.000181212,-0.404288
122,0.639605,-0.495632,0.000203132,-0.40428
124,0.639663,-0.495714,0.000225052,-0.404273
126,0.639722,-0.495797,0.000246972,-0.404265
128,0.639781,-0.495879,0.000268892,-0.404257
130,0.63984,-0.495961,0.000290812,-0.404249
132,0.639898,-0.496043,0.000312732,-0.404241
134,0.639957,-0.496125,0.000334652,-0.404234
136,0.640016,-0.496207,0.000356572,-0.404226
138,0.640074,-0.496289,0.000378492,-0.404218
140,0.640133,-0.496371,0.000400412,-0.40421
142,0.64033,-0.496636,0.000396783,-0.404197
144,0.64059,-0.496983,0.00038154,-0.404183
146,0.64085,-0.49733,0.000366298,-0.404168
148,0.64111,-0.497677,0.000351056,-0.404153
150,0.641371,-0.498025,0.000335813,-0.404138
152,0.641631,-0.498372,0.000320571,-0.404123
154,0.641891,-0.498719,0.000305329,-0.404108
156,0.642152,-0.499066,0.000290086,-0.404093
158,0.642412,-0.499414,0.000274844,-0.404078
160,0.642673,-0.499761,0.000259601,-0.404063
162,0.642933,-0.500108,0.000244359,-0.404049
164,0.643194,-0.500455,0.000229117,-0.404034
166,0.643455,-0.500803,0.000213874,-0.404019
168,0.643716,-0.50115,0.000198632,-0.404004
170,0.643977,-0.501497,0.000183389,-0.403989
172,0.644225,-0.501827,0.000166036,-0.403974
174,0.644272,-0.501902,0.000117024,-0.403956
176,0.644319,-0.501977,6.80119e-05,-0.403939
178,0.644366,-0.502051,1.89996e-05,-0.403921
180,0.644413,-0.502126,-3.00126e-05,-0.403904
182,0.644461,-0.502201,-7.90249e-05,-0.403886
184,0.644508,-0.502275,-0.000128037,-0.403869
186,0.644555,-0.50235,-0.000177049,-0.403851
188,0.644602,-0.502425,-0.000226062,-0.403833
190,0.64465,-0.5025,-0.000275074,-0.403816
192,0.644697,-0.502574,-0.000324086,-0.403798
194,0.644744,-0.502649,-0.000373098,-0.403781
196,0.644791,-0.502724,-0.000422111,-0.403763
198,0.644839,-0.502798,-0.000471123,-0.403746
200,0.644886,-0.502873,-0.000520135,-0.403728
202,0.644933,-0.502948,-0.000569147,-0.40371
204,0.644841,-0.502832,-0.000615043,-0.403708
206,0.644571,-0.50247,-0.000656932,-0.403726
208,0.6443,-0.502109,-0.000698822,-0.403744
210,0.64403,-0.501747,-0.000740711,-0.403762
212,0.64376,-0.501386,-0.0007826,-0.40378
214,0.643489,-0.501024,-0.000824489,-0.403798
216,0.643219,-0.500663,-0.000866378,-0.403815
218,0.642949,-0.500301,-0.000908267,-0.403833
220,0.642679,-0.49994,-0.000950156,-0.403851
222,0.642409,-0.499579,-0.000992045,-0.403869
224,0.64214,-0.499217,-0.00103393,-0.403887
226,0.64187,-0.498856,-0.00107582,-0.403905
228,0.6416,-0.498494,-0.00111771,-0.403922
230,0.641331,-0.498133,-0.0011596,-0.40394
232,0.641062,-0.497771,-0.00120149,-0.403958
234,0.640792,-0.49741,-0.00124338,-0.403976
236,0.640506,-0.497029,-0.00123641,-0.403991
238,0.640217,-0.496643,-0.00121817,-0.404006
240,0.639927,-0.496258,-0.00119992,-0.404021
242,0.639637,-0.495872,-0.00118168,-0.404036
244,0.639348,-0.495487,-0.00116344,-0.404051
246,0.639059,-0.495101,-0.00114519,-0.404066
248,0.638769,-0.494716,-0.00112695,-0.404081
250,0.63848,-0.49433,-0.0011087,-0.404096
252,0.638191,-0.493945,-0.00109046,-0.404111
254,0.637902,-0.493559,-0.00107222,-0.404126
256,0.637614,-0.493174,-0.00105397,-0.404141
258,0.637325,-0.492788,-0.00103573,-0.404156
260,0.637036,-0.492403,-0.00101748,-0.40417
262,0.636748,-0.492017,-0.000999241,-0.404185
264,0.636459,-0.491632,-0.000980997,-0.4042
266,0.63624,-0.491334,-0.000957962,-0.404217
268,0.636322,-0.491418,-0.000914165,-0.404243
270,0.636403,-0.491503,-0.000870368,-0.404268
272,0.636484,-0.491587,-0.000826571,-0.404294
274,0.636565,-0.491671,-0.000782775,-0.404319
276,0.636646,-0.491755,-0.000738978,-0.404345
278,0.636728,-0.491839,-0.000695181,-0.404371
280,0.636809,-0.491923,-0.000651384,-0.404396
282,0.63689,-0.492008,-0.000607587,-0.404422
284,0.636971,-0.492092,-0.00056379,-0.404447
286,0.637052,-0.492176,-0.000519993,-0.404473
288,0.637134,-0.49226,-0.000476196,-0.404498
290,0.637215,-0.492344,-0.000432399,-0.404524
292,0.637296,-0.492429,-0.000388602,-0.40455
294,0.637377,-0.492513,-0.000344805,-0.404575
296,0.637459,-0.492597,-0.000301009,-0.404601
298,0.637755,-0.49297,-0.000256614,-0.404613
300,0.638218,-0.493567,-0.000211754,-0.404616
302,0.638681,-0.494164,-0.000166894,-0.404618
304,0.639145,-0.494761,-0.000122034,-0.404621
306,0.639609,-0.495358,-7.71735e-05,-0.404624
308,0.640073,-0.495955,-3.23134e-05,-0.404626
310,0.640538,-0.496552,1.25466e-05,-0.404629
312,0.641002,-0.497149,5.74066e-05,-0.404631
314,0.641467,-0.497746,0.000102267,-0.404634
316,0.641932,-0.498344,0.000147127,-0.404636
318,0.642397,-0.498941,0.000191987,-0.404639
320,0.642863,-0.499538,0.000236847,-0.404641
322,0.643329,-0.500135,0.000281707,-0.404644
324,0.643795,-0.500732,0.000326567,-0.404647
326,0.644261,-0.501329,0.000371427,-0.404649
328,0.644727,-0.501926,0.000416287,-0.404652
330,0.645017,-0.502304,0.000409697,-0.404646
332,0.645296,-0.502667,0.000399678,-0.404639
334,0.645575,-0.50303,0.000389658,-0.404632
336,0.645854,-0.503394,0.000379638,-0.404625
338,0.646133,-0.503757,0.000369619,-0.404619
340,0.646412,-0.50412,0.000359599,-0.404612
342,0.646691,-0.504483,0.000349579,-0.404605
344,0.64697,-0.504847,0.00033956,-0.404598
346,0.647249,-0.50521,0.00032954,-0.404591
348,0.647528,-0.505573,0.00031952,-0.404585
350,0.647808,-0.505936,0.000309501,-0.404578
352,0.648087,-0.506299,0.000299481,-0.404571
354,0.648367,-0.506663,0.000289461,-0.404564
356,0.648646,-0.507026,0.000279442,-0.404558
358,0.648926,-0.507389,0.000269422,-0.404551
360,0.64912,-0.507642,0.000256146,-0.404543
362,0.649123,-0.507654,0.000235707,-0.404534
364,0.649126,-0.507666,0.000215268,-0.404525
366,0.64913,-0.507677,0.000194829,-0.404516
368,0.649133,-0.507689,0.000174389,-0.404507
370,0.649136,-0.5077,0.00015395,-0.404498
372,0.64914,-0.507712,0.000133511,-0.404489
374,0.649143,-0.507723,0.000113072,-0.40448
376,0.649146,-0.507735,9.26326e-05,-0.40447
378,0.64915,-0.507746,7.21934e-05,-0.404461
380,0.649153,-0.507758,5.17541e-05,-0.404452
382,0.649156,-0.50777,3.13149e-05,-0.404443
384,0.64916,-0.507781,1.08757e-05,-0.404434
386,0.649163,-0.507793,-9.56353e-06,-0.404425
388,0.649167,-0.507804,-3.00028e-05,-0.404416
390,0.64917,-0.507816,-5.0442e-05,-0.404407
392,0.649082,-0.507709,-6.86135e-05,-0.4044
394,0.648953,-0.507549,-8.57544e-05,-0.404394
396,0.648825,-0.507389,-0.000102895,-0.404388
398,0.648696,-0.507229,-0.000120036,-0.404382
400,0.648567,-0.507069,-0.000137177,-0.404376
402,0.648438,-0.506909,-0.000154318,-0.404371
404,0.648309,-0.506749,-0.000171458,-0.404365
406,0.648181,-0.506588,-0.000188599,-0.404359
408,0.648052,-0.506428,-0.00020574,-0.404353
410,0.647923,-0.506268,-0.000222881,-0.404347
412,0.647794,-0.506108,-0.000240022,-0.404341
414,0.647666,-0.505948,-0.000257162,-0.404336
416,0.647537,-0.505788,-0.000274303,-0.40433
418,0.647408,-0.505628,-0.000291444,-0.404324
420,0.64728,-0.505468,-0.000308585,-0.404318
422,0.647149,-0.505305,-0.000325198,-0.404312
424,0.646994,-0.50511,-0.000333903,-0.404308
426,0.646838,-0.504914,-0.000342607,-0.404304
428,0.646683,-0.504718,-0.000351311,-0.404299
430,0.646527,-0.504523,-0.000360015,-0.404295
432,0.646372,-0.504327,-0.000368719,-0.40429
434,0.646216,-0.504131,-0.000377423,-0.404286
436,0.646061,-0.503936,-0.000386128,-0.404282
438,0.645906,-0.50374,-0.000394832,-0.404277
440,0.64575,-0.503544,-0.000403536,-0.404273
442,0.645595,-0.503349,-0.00041224,-0.404268
444,0.64544,-0.503153,-0.000420944,-0.404264
446,0.645284,-0.502957,-0.000429648,-0.40426
448,0.645129,-0.502761,-0.000438353,-0.404255
450,0.644974,-0.502566,-0.000447057,-0.404251
452,0.644819,-0.50237,-0.000455761,-0.404246
454,0.644695,-0.502215,-0.000455698,-0.404242
456,0.644612,-0.502113,-0.000444364,-0.404237
458,0.64453,-0.502011,-0.00043303,-0.404232
460,0.644447,-0.501909,-0.000421695,-0.404227
462,0.644364,-0.501807,-0.000410361,-0.404221
464,0.644282,-0.501705,-0.000399026,-0.404216
466,0.644199,-0.501603,-0.000387692,-0.404211
468,0.644116,-0.501501,-0.000376358,-0.404206
470,0.644034,-0.501399,-0.000365023,-0.404201
472,0.643951,-0.501297,-0.000353689,-0.404196
474,0.643868,-0.501195,-0.000342354,-0.404191
476,0.643786,-0.501092,-0.00033102,-0.404186
478,0.643703,-0.50099,-0.000319686,-0.404181
480,0.64362,-0.500888,-0.000308351,-0.404176
482,0.643538,-0.500786,-0.000297017,-0.404171
484,0.643455,-0.500684,-0.000285683,-0.404166
486,0.643448,-0.500676,-0.000282779,-0.404165
488,0.643459,-0.500689,-0.00028182,-0.404165
490,0.643469,-0.500703,-0.000280862,-0.404165
492,0.64348,-0.500716,-0.000279903,-0.404166
494,0.64349,-0.500729,-0.000278945,-0.404166
496,0.643501,-0.500743,-0.000277986,-0.404166
498,0.643512,-0.500756,-0.000277028,-0.404166
