x,v,vx,vy,vz
0,0.973363,-0.973361,0.00123279,0.00122986
2,0.973091,-0.97309,0.0013513,0.0012209
4,0.97282,-0.972818,0.00146981,0.00121194
6,0.972549,-0.972546,0.00158832,0.00120298
8,0.972277,-0.972275,0.00170683,0.00119402
10,0.972006,-0.972003,0.00182534,0.00118506
12,0.971734,-0.971732,0.00194385,0.0011761
14,0.971463,-0.97146,0.00206236,0.00116714
16,0.970513,-0.970509,0.00213846,0.00125313
18,0.96954,-0.969537,0.00221319,0.00134218
20,0.968568,-0.968564,0.00228793,0.00143123
22,0.967595,-0.967591,0.00236266,0.00152028
24,0.966623,-0.966618,0.00243739,0.00160933
26,0.96565,-0.965646,0.00251213,0.00169838
28,0.964678,-0.964673,0.00258686,0.00178743
30,0.963706,-0.9637,0.00266159,0.00187648
32,0.962733,-0.962727,0.00273632,0.00196553
34,0.961761,-0.961755,0.00281106,0.00205458
36,0.960789,-0.960782,0.00288579,0.00214363
38,0.959816,-0.959809,0.00296052,0.00223268
40,0.958844,-0.958836,0.00303525,0.00232173
42,0.957872,-0.957864,0.00310999,0.00241078
44,0.956718,-0.95671,0.00305327,0.00242602
46,0.955545,-0.955537,0.00298295,0.00243361
48,0.954372,-0.954365,0.00291263,0.00244121
50,0.9532,-0.953192,0.00284231,0.00244881
52,0.952027,-0.95202,0.00277199,0.00245641
54,0.950854,-0.950847,0.00270167,0.00246401
56,0.949682,-0.949675,0.00263135,0.0024716
58,0.948509,-0.948502,0.00256103,0.0024792
60,0.947336,-0.94733,0.00249071,0.0024868
62,0.946164,-0.946157,0.00242039,0.0024944
64,0.944991,-0.944985,0.00235007,0.002502
66,0.943818,-0.943812,0.00227975,0.00250959
68,0.942646,-0.94264,0.00220943,0.00251719
70,0.941473,-0.941467,0.00213911,0.00252479
72,0.939564,-0.939557,0.002161,0.00279489
74,0.937518,-0.93751,0.00219997,0.00311359
76,0.935472,-0.935464,0.00223894,0.0034323
78,0.933427,-0.933417,0.00227791,0.003751
80,0.931382,-0.93137,0.00231688,0.00406971
82,0.929337,-0.929323,0.00235585,0.00438842
84,0.927292,-0.927277,0.00239481,0.00470712
86,0.925247,-0.92523,0.00243378,0.00502583
88,0.923202,-0.923183,0.00247275,0.00534453
90,0.921157,-0.921136,0.00251172,0.00566324
92,0.919113,-0.91909,0.00255069,0.00598195
94,0.917068,-0.917043,0.00258966,0.00630065
96,0.915024,-0.914996,0.00262863,0.00661936
98,0.91298,-0.912949,0.00266759,0.00693806
100,0.906684,-0.906654,0.00203197,0.00707498
102,0.899199,-0.899169,0.00120747,0.00716101
104,0.891714,-0.891685,0.000382964,0.00724703
106,0.884231,-0.8842,-0.000441541,0.00733305
108,0.876748,-0.876715,-0.00126605,0.00741907
110,0.869266,-0.869231,-0.00209055,0.00750509
112,0.861784,-0.861746,-0.00291506,0.00759111
114,0.854304,-0.854261,-0.00373956,0.00767713
116,0.846824,-0.846777,-0.00456407,0.00776316
118,0.839346,-0.839292,-0.00538857,0.00784918
120,0.831868,-0.831807,-0.00621308,0.0079352
122,0.824391,-0.824322,-0.00703758,0.00802122
124,0.816916,-0.816838,-0.00786209,0.00810724
126,0.809441,-0.809353,-0.00868659,0.00819326
128,0.79866,-0.79856,-0.00888271,0.00905262
130,0.786588,-0.786472,-0.00883294,0.0102146
132,0.774517,-0.774384,-0.00878317,0.0113766
134,0.762449,-0.762295,-0.0087334,0.0125385
136,0.750383,-0.750207,-0.00868362,0.0137005
138,0.738319,-0.738119,-0.00863385,0.0148625
140,0.726259,-0.726031,-0.00858408,0.0160244
142,0.647617,-0.647311,-0.00910709,0.0176946
144,0.619729,-0.619371,-0.00919359,0.0189775
146,0.591849,-0.59143,-0.00928009,0.0202604
148,0.566289,-0.565773,-0.00991046,0.0220345
150,0.551901,-0.551123,-0.0131613,0.0261758
152,0.537579,-0.536472,-0.0164122,0.0303171
154,0.523328,-0.521822,-0.019663,0.0344583
156,0.509154,-0.507172,-0.0229139,0.0385996
158,0.495064,-0.492521,-0.0261648,0.0427409
160,0.481065,-0.477871,-0.0294156,0.0468821
162,0.463203,-0.45947,-0.03173,0.0493647
164,0.421178,-0.41815,-0.0283218,0.0417106
166,0.379185,-0.376829,-0.0249136,0.0340565
168,0.337233,-0.335509,-0.0215054,0.0264025
170,0.29534,-0.294188,-0.0180972,0.0187484
172,0.253537,-0.252868,-0.0146889,0.0110943
174,0.211876,-0.211548,-0.0112807,0.00344025
176,0.173866,-0.173639,-0.007941,-0.00397968
178,0.163872,-0.163516,-0.00515921,-0.00949306
180,0.154143,-0.153392,-0.00237741,-0.0150064
182,0.144731,-0.143269,0.00040438,-0.0205198
184,0.0545607,-0.0529191,0.00919268,-0.00958857
186,0.0208745,-0.011051,0.0116973,-0.0132963
188,0.0347609,-0.0195003,0.0109227,-0.0266225
190,0.0571956,-0.0378249,0.00950448,-0.0418364
192,0.0804543,-0.0561495,0.00808624,-0.0570503
194,0.0987909,-0.0720876,0.0040293,-0.0674298
196,0.107133,-0.0829619,-0.00562683,-0.0675509
198,0.0701036,-0.0409252,-0.00286481,-0.0568457
200,0.0961955,-0.0632142,-0.0155689,-0.0708177
202,0.147279,-0.104354,-0.0325898,-0.0986879
204,0.183018,-0.125618,-0.0566114,-0.120462
206,0.220583,-0.159026,-0.0875277,-0.125326
208,0.243197,-0.192736,-0.102205,-0.107479
210,0.267557,-0.228037,-0.111182,-0.0849949
212,0.271498,-0.245028,-0.097326,-0.0648074
214,0.272227,-0.256964,-0.0707403,-0.055432
216,0.292716,-0.269662,-0.0848223,-0.0759637
218,0.348411,-0.29286,-0.119288,-0.146266
220,0.405564,-0.363438,-0.0899263,-0.155913
222,0.435102,-0.431816,-0.0520178,-0.0119583
224,0.506186,-0.491582,-0.0905598,-0.0798189
226,0.719346,-0.692652,0.140794,-0.133673
228,0.859627,-0.825384,0.204053,-0.126734
230,0.960203,-0.935564,0.178573,-0.121743
232,0.995651,-0.976777,0.159953,-0.107899
234,1.02038,-1.00637,0.140391,-0.0932459
236,1.02758,-1.01683,0.126132,-0.077892
238,1.03202,-1.02428,0.109947,-0.0618884
240,1.02736,-1.02259,0.086625,-0.0478735
242,1.02996,-1.02687,0.0733118,-0.0315326
244,1.02285,-1.02087,0.0620729,-0.014086
246,1.01201,-1.01068,0.0516773,0.00381005
248,1.00158,-1.0005,0.0412817,0.0217061
250,0.991216,-0.989953,0.0319444,0.038516
252,0.979614,-0.977922,0.0269675,0.0508507
254,0.968205,-0.965891,0.0219905,0.0631854
256,0.956996,-0.95386,0.0170135,0.07552
258,0.944111,-0.940384,0.0141022,0.0826171
260,0.930406,-0.926227,0.0121643,0.0872459
262,0.916742,-0.91207,0.0102265,0.0918746
264,0.904456,-0.899386,0.0083766,0.0952656
266,0.898991,-0.894208,0.00697524,0.0923498
268,0.893535,-0.889031,0.00557388,0.0894339
270,0.888087,-0.883853,0.00417252,0.0865181
272,0.884692,-0.880881,0.00277528,0.0819831
274,0.882435,-0.879106,0.00138029,0.0765701
276,0.880211,-0.87733,-1.47044e-05,0.0711572
278,0.878425,-0.875956,-0.001184,0.0658025
280,0.879316,-0.877209,-0.000879605,0.0608276
282,0.871982,-0.869715,-0.000444472,0.0628338
284,0.87073,-0.868745,-0.000482772,0.0587649
286,0.869497,-0.867774,-0.000521073,0.0546961
288,0.868282,-0.866804,-0.000559373,0.0506273
290,0.872426,-0.87117,-0.00147816,0.0467659
292,0.877465,-0.87641,-0.00254102,0.0429384
294,0.882524,-0.881649,-0.00360389,0.0391109
296,0.887602,-0.886889,-0.00466675,0.0352835
298,0.892701,-0.892128,-0.00572962,0.031456
300,0.897818,-0.897367,-0.00679248,0.0276286
302,0.902955,-0.902607,-0.00785535,0.0238011
304,0.906444,-0.90614,-0.00732373,0.022292
306,0.909591,-0.90932,-0.00646118,0.0212639
308,0.912741,-0.912499,-0.00559863,0.0202359
310,0.924515,-0.924327,-0.00283685,0.0184082
312,0.924978,-0.924807,-0.00256723,0.0176298
314,0.925442,-0.925286,-0.00229761,0.0168515
316,0.925907,-0.925765,-0.00202799,0.0160731
318,0.926373,-0.926245,-0.00175837,0.0152947
320,0.926839,-0.926724,-0.00148875,0.0145163
322,0.927306,-0.927204,-0.00121913,0.013738
324,0.92837,-0.928278,-0.00112383,0.013049
326,0.93096,-0.930873,-0.001474,0.0125888
328,0.933549,-0.933469,-0.00182417,0.0121285
330,0.936139,-0.936064,-0.00217433,0.0116682
332,0.938729,-0.938659,-0.0025245,0.0112079
334,0.94132,-0.941254,-0.00287467,0.0107476
336,0.943911,-0.943849,-0.00322484,0.0102873
338,0.946502,-0.946445,-0.00357501,0.00982705
340,0.949094,-0.94904,-0.00392518,0.00936677
342,0.951686,-0.951635,-0.00427535,0.00890649
344,0.954279,-0.95423,-0.00462552,0.0084462
346,0.956872,-0.956826,-0.00497568,0.00798592
348,0.959465,-0.959421,-0.00532585,0.00752564
350,0.962059,-0.962016,-0.00567602,0.00706535
352,0.964099,-0.964058,-0.00587291,0.00666793
354,0.964159,-0.964121,-0.00552239,0.00649504
356,0.96422,-0.964185,-0.00517187,0.00632214
358,0.964281,-0.964249,-0.00482135,0.00614924
360,0.964341,-0.964313,-0.00447083,0.00597634
362,0.964403,-0.964376,-0.00412031,0.00580344
364,0.964464,-0.96444,-0.00376979,0.00563054
366,0.964525,-0.964504,-0.00341927,0.00545764
368,0.964587,-0.964568,-0.00306875,0.00528474
370,0.964649,-0.964631,-0.00271822,0.00511185
372,0.964711,-0.964695,-0.0023677,0.00493895
374,0.964773,-0.964759,-0.00201718,0.00476605
376,0.964835,-0.964823,-0.00166666,0.00459315
378,0.964897,-0.964886,-0.00131614,0.00442025
380,0.965053,-0.965044,-0.00102633,0.00425233
382,0.965715,-0.965705,-0.00106435,0.0041113
384,0.966376,-0.966367,-0.00110238,0.00397027
386,0.967037,-0.967029,-0.0011404,0.00382923
388,0.967698,-0.96769,-0.00117842,0.0036882
390,0.968359,-0.968352,-0.00121645,0.00354717
392,0.96902,-0.969013,-0.00125447,0.00340614
394,0.969681,-0.969675,-0.00129249,0.0032651
396,0.970343,-0.970337,-0.00133052,0.00312407
398,0.971004,-0.970998,-0.00136854,0.00298304
400,0.971665,-0.97166,-0.00140656,0.00284201
402,0.972326,-0.972322,-0.00144459,0.00270097
404,0.972988,-0.972983,-0.00148261,0.00255994
406,0.973649,-0.973645,-0.00152063,0.00241891
408,0.974255,-0.974251,-0.00154206,0.00228444
410,0.974328,-0.974324,-0.00140307,0.00221346
412,0.974401,-0.974397,-0.00126407,0.00214247
414,0.974473,-0.97447,-0.00112508,0.00207148
416,0.974546,-0.974543,-0.000986083,0.0020005
418,0.974619,-0.974616,-0.000847089,0.00192951
420,0.974691,-0.974689,-0.000708095,0.00185853
422,0.974764,-0.974762,-0.0005691,0.00178754
424,0.974837,-0.974835,-0.000430106,0.00171655
426,0.97491,-0.974908,-0.000291111,0.00164557
428,0.974982,-0.974981,-0.000152117,0.00157458
430,0.975055,-0.975054,-1.31223e-05,0.0015036
432,0.975128,-0.975127,0.000125872,0.00143261
434,0.975201,-0.9752,0.000264867,0.00136162
436,0.975263,-0.975262,0.000403221,0.00129258
438,0.974992,-0.974991,0.000521731,0.00128362
440,0.97472,-0.974719,0.000640241,0.00127466
442,0.974449,-0.974447,0.000758751,0.0012657
444,0.974177,-0.974176,0.000877261,0.00125674
446,0.973906,-0.973904,0.000995771,0.00124778
448,0.973634,-0.973633,0.00111428,0.00123882
