x,v,vx,vy,vz
0,0.641534,-0.498329,-0.000130912,-0.404023
2,0.641598,-0.498413,-0.000123094,-0.40402
4,0.641661,-0.498497,-0.000115275,-0.404018
6,0.641725,-0.498581,-0.000107457,-0.404016
8,0.641789,-0.498665,-9.96392e-05,-0.404013
10,0.641853,-0.498749,-9.18211e-05,-0.404011
12,0.641917,-0.498833,-8.40029e-05,-0.404009
14,0.64198,-0.498917,-7.61848e-05,-0.404006
16,0.642045,-0.499001,-7.18343e-05,-0.404005
18,0.642115,-0.499087,-8.25097e-05,-0.404011
20,0.642185,-0.499173,-9.31852e-05,-0.404016
22,0.642256,-0.499259,-0.000103861,-0.404021
24,0.642326,-0.499345,-0.000114536,-0.404026
26,0.642396,-0.49943,-0.000125212,-0.404031
28,0.642466,-0.499516,-0.000135887,-0.404037
30,0.642536,-0.499602,-0.000146562,-0.404042
32,0.642606,-0.499688,-0.000157238,-0.404047
34,0.642676,-0.499774,-0.000167913,-0.404052
36,0.642746,-0.49986,-0.000178589,-0.404057
38,0.642816,-0.499946,-0.000189264,-0.404063
40,0.642886,-0.500032,-0.00019994,-0.404068
42,0.642956,-0.500118,-0.000210615,-0.404073
44,0.643027,-0.500204,-0.000221291,-0.404078
46,0.643097,-0.50029,-0.000231966,-0.404084
48,0.64314,-0.500341,-0.000240181,-0.404089
50,0.643163,-0.500365,-0.000246481,-0.404095
52,0.643185,-0.500389,-0.000252782,-0.404101
54,0.643208,-0.500413,-0.000259083,-0.404107
56,0.64323,-0.500438,-0.000265383,-0.404113
58,0.643253,-0.500462,-0.000271684,-0.404119
60,0.643275,-0.500486,-0.000277985,-0.404125
62,0.643298,-0.50051,-0.000284285,-0.404131
64,0.64332,-0.500534,-0.000290586,-0.404137
66,0.643343,-0.500558,-0.000296887,-0.404143
68,0.643365,-0.500583,-0.000303187,-0.404148
70,0.643388,-0.500607,-0.000309488,-0.404154
72,0.64341,-0.500631,-0.000315789,-0.40416
74,0.643433,-0.500655,-0.000322089,-0.404166
76,0.643456,-0.500679,-0.00032839,-0.404172
78,0.643478,-0.500703,-0.000334691,-0.404178
80,0.643427,-0.500633,-0.00033785,-0.404185
82,0.643371,-0.500555,-0.0003408,-0.404191
84,0.643315,-0.500478,-0.00034375,-0.404198
86,0.643259,-0.500401,-0.000346699,-0.404204
88,0.643203,-0.500324,-0.000349649,-0.404211
90,0.643147,-0.500246,-0.000352599,-0.404217
92,0.643091,-0.500169,-0.000355549,-0.404224
94,0.643035,-0.500092,-0.000358499,-0.40423
96,0.642979,-0.500015,-0.000361449,-0.404237
98,0.642923,-0.499937,-0.000364399,-0.404243
100,0.642867,-0.49986,-0.000367349,-0.40425
102,0.642811,-0.499783,-0.000370298,-0.404256
104,0.642755,-0.499706,-0.000373248,-0.404263
106,0.642699,-0.499628,-0.000376198,-0.404269
108,0.642643,-0.499551,-0.000379148,-0.404276
110,0.642575,-0.499459,-0.000377979,-0.404282
112,0.642481,-0.499334,-0.000367749,-0.404286
114,0.642387,-0.499209,-0.00035752,-0.404291
116,0.642293,-0.499085,-0.00034729,-0.404296
118,0.6422,-0.49896,-0.00033706,-0.404301
120,0.642106,-0.498835,-0.00032683,-0.404306
122,0.642012,-0.498711,-0.0003166,-0.40431
124,0.641918,-0.498586,-0.00030637,-0.404315
126,0.641824,-0.498461,-0.00029614,-0.40432
128,0.64173,-0.498336,-0.000285911,-0.404325
130,0.641636,-0.498212,-0.000275681,-0.404329
132,0.641542,-0.498087,-0.000265451,-0.404334
134,0.641449,-0.497962,-0.000255221,-0.404339
136,0.641355,-0.497837,-0.000244991,-0.404344
138,0.641261,-0.497713,-0.000234761,-0.404349
140,0.641167,-0.497588,-0.000224531,-0.404353
142,0.641101,-0.497498,-0.00022187,-0.404359
144,0.641048,-0.497424,-0.000222649,-0.404365
146,0.640995,-0.497351,-0.000223427,-0.404371
148,0.640941,-0.497277,-0.000224206,-0.404378
150,0.640888,-0.497203,-0.000224984,-0.404384
152,0.640835,-0.49713,-0.000225763,-0.40439
154,0.640781,-0.497056,-0.000226542,-0.404396
156,0.640728,-0.496982,-0.00022732,-0.404402
158,0.640675,-0.496908,-0.000228099,-0.404408
160,0.640621,-0.496835,-0.000228878,-0.404414
162,0.640568,-0.496761,-0.000229656,-0.40442
164,0.640515,-0.496687,-0.000230435,-0.404427
166,0.640461,-0.496613,-0.000231214,-0.404433
168,0.640408,-0.49654,-0.000231992,-0.404439
170,0.640355,-0.496466,-0.000232771,-0.404445
172,0.640304,-0.496396,-0.000234021,-0.404451
174,0.640295,-0.496377,-0.000242348,-0.404458
176,0.640285,-0.496359,-0.000250675,-0.404466
178,0.640276,-0.496341,-0.000259002,-0.404473
180,0.640266,-0.496323,-0.00026733,-0.40448
182,0.640256,-0.496304,-0.000275657,-0.404488
184,0.640247,-0.496286,-0.000283984,-0.404495
186,0.640237,-0.496268,-0.000292311,-0.404502
188,0.640228,-0.496249,-0.000300638,-0.40451
190,0.640218,-0.496231,-0.000308965,-0.404517
192,0.640209,-0.496213,-0.000317292,-0.404524
194,0.640199,-0.496195,-0.000325619,-0.404532
196,0.64019,-0.496176,-0.000333946,-0.404539
198,0.64018,-0.496158,-0.000342273,-0.404546
200,0.640171,-0.49614,-0.0003506,-0.404554
202,0.640161,-0.496122,-0.000358927,-0.404561
204,0.64018,-0.496139,-0.000372104,-0.40457
206,0.640237,-0.496202,-0.000391516,-0.404582
208,0.640294,-0.496265,-0.000410928,-0.404594
210,0.64035,-0.496329,-0.00043034,-0.404606
212,0.640407,-0.496392,-0.000449752,-0.404617
214,0.640463,-0.496455,-0.000469164,-0.404629
216,0.64052,-0.496519,-0.000488576,-0.404641
218,0.640576,-0.496582,-0.000507988,-0.404653
220,0.640633,-0.496645,-0.0005274,-0.404665
222,0.640689,-0.496708,-0.000546812,-0.404677
224,0.640746,-0.496772,-0.000566224,-0.404688
226,0.640802,-0.496835,-0.000585636,-0.4047
228,0.640859,-0.496898,-0.000605048,-0.404712
230,0.640915,-0.496962,-0.000624459,-0.404724
232,0.640972,-0.497025,-0.000643871,-0.404736
234,0.641028,-0.497088,-0.000663283,-0.404747
236,0.641046,-0.497108,-0.000648729,-0.404751
238,0.641054,-0.497117,-0.000626335,-0.404753
240,0.641063,-0.497126,-0.000603942,-0.404755
242,0.641071,-0.497136,-0.000581548,-0.404757
244,0.64108,-0.497145,-0.000559155,-0.404759
246,0.641088,-0.497154,-0.000536761,-0.404761
248,0.641096,-0.497164,-0.000514368,-0.404762
250,0.641105,-0.497173,-0.000491975,-0.404764
252,0.641113,-0.497182,-0.000469581,-0.404766
254,0.641122,-0.497192,-0.000447188,-0.404768
256,0.64113,-0.497201,-0.000424794,-0.40477
258,0.641139,-0.49721,-0.000402401,-0.404772
260,0.641147,-0.49722,-0.000380008,-0.404774
262,0.641155,-0.497229,-0.000357614,-0.404776
264,0.641164,-0.497239,-0.000335221,-0.404778
266,0.641214,-0.497302,-0.000311763,-0.404779
268,0.641446,-0.497601,-0.000283694,-0.404779
270,0.641679,-0.4979,-0.000255625,-0.40478
272,0.641911,-0.498199,-0.000227555,-0.40478
274,0.642143,-0.498499,-0.000199486,-0.40478
276,0.642376,-0.498798,-0.000171417,-0.404781
278,0.642608,-0.499097,-0.000143347,-0.404781
280,0.642841,-0.499396,-0.000115278,-0.404781
282,0.643073,-0.499695,-8.72086e-05,-0.404782
284,0.643306,-0.499994,-5.91393e-05,-0.404782
286,0.643538,-0.500293,-3.107e-05,-0.404782
288,0.643771,-0.500592,-3.00065e-06,-0.404783
290,0.644004,-0.500891,2.50687e-05,-0.404783
292,0.644237,-0.50119,5.3138e-05,-0.404783
294,0.64447,-0.501489,8.12073e-05,-0.404783
296,0.644703,-0.501788,0.000109277,-0.404784
298,0.644962,-0.502127,0.000128974,-0.404777
300,0.645242,-0.502497,0.00014216,-0.404764
302,0.645523,-0.502868,0.000155345,-0.404751
304,0.645803,-0.503238,0.000168531,-0.404739
306,0.646084,-0.503608,0.000181717,-0.404726
308,0.646364,-0.503978,0.000194902,-0.404714
310,0.646645,-0.504348,0.000208088,-0.404701
312,0.646925,-0.504718,0.000221274,-0.404688
314,0.647206,-0.505088,0.000234459,-0.404676
316,0.647487,-0.505458,0.000247645,-0.404663
318,0.647768,-0.505828,0.000260831,-0.40465
320,0.648049,-0.506198,0.000274016,-0.404638
322,0.64833,-0.506568,0.000287202,-0.404625
324,0.648612,-0.506938,0.000300388,-0.404612
326,0.648893,-0.507308,0.000313573,-0.4046
328,0.649175,-0.507678,0.000326759,-0.404587
330,0.649164,-0.507673,0.000295574,-0.404576
332,0.649133,-0.507643,0.000261431,-0.404565
334,0.649103,-0.507613,0.000227288,-0.404553
336,0.649072,-0.507583,0.000193146,-0.404542
338,0.649042,-0.507553,0.000159003,-0.404531
340,0.649011,-0.507523,0.00012486,-0.404519
342,0.648981,-0.507493,9.0717e-05,-0.404508
344,0.64895,-0.507463,5.65741e-05,-0.404497
346,0.64892,-0.507433,2.24313e-05,-0.404486
348,0.648889,-0.507403,-1.17116e-05,-0.404474
350,0.648859,-0.507373,-4.58545e-05,-0.404463
352,0.648828,-0.507343,-7.99973e-05,-0.404452
354,0.648798,-0.507313,-0.00011414,-0.404441
356,0.648768,-0.507283,-0.000148283,-0.404429
358,0.648737,-0.507253,-0.000182426,-0.404418
360,0.648661,-0.507164,-0.000209505,-0.404407
362,0.648483,-0.506945,-0.000221045,-0.404396
364,0.648305,-0.506726,-0.000232585,-0.404385
366,0.648127,-0.506507,-0.000244124,-0.404374
368,0.647949,-0.506288,-0.000255664,-0.404363
370,0.647771,-0.506069,-0.000267204,-0.404353
372,0.647593,-0.50585,-0.000278743,-0.404342
374,0.647415,-0.505631,-0.000290283,-0.404331
376,0.647237,-0.505412,-0.000301823,-0.40432
378,0.64706,-0.505193,-0.000313362,-0.404309
380,0.646882,-0.504974,-0.000324902,-0.404298
382,0.646704,-0.504755,-0.000336442,-0.404287
384,0.646526,-0.504536,-0.000347981,-0.404276
386,0.646349,-0.504317,-0.000359521,-0.404266
388,0.646171,-0.504098,-0.000371061,-0.404255
390,0.645993,-0.503879,-0.0003826,-0.404244
392,0.645809,-0.503647,-0.000390675,-0.404238
394,0.645621,-0.503409,-0.000397174,-0.404235
396,0.645433,-0.503171,-0.000403673,-0.404231
398,0.645245,-0.502932,-0.000410172,-0.404228
400,0.645057,-0.502694,-0.000416672,-0.404224
402,0.64487,-0.502456,-0.000423171,-0.404221
404,0.644682,-0.502218,-0.00042967,-0.404217
406,0.644494,-0.50198,-0.00043617,-0.404214
408,0.644307,-0.501742,-0.000442669,-0.404211
410,0.644119,-0.501503,-0.000449168,-0.404207
412,0.643931,-0.501265,-0.000455667,-0.404204
414,0.643744,-0.501027,-0.000462167,-0.4042
416,0.643556,-0.500789,-0.000468666,-0.404197
418,0.643369,-0.500551,-0.000475165,-0.404193
420,0.643181,-0.500312,-0.000481664,-0.40419
422,0.642999,-0.500081,-0.000487448,-0.404186
424,0.6429,-0.499957,-0.000482491,-0.404182
426,0.6428,-0.499832,-0.000477534,-0.404178
428,0.6427,-0.499707,-0.000472577,-0.404174
430,0.642601,-0.499583,-0.000467621,-0.404169
432,0.642501,-0.499458,-0.000462664,-0.404165
434,0.642402,-0.499333,-0.000457707,-0.404161
436,0.642302,-0.499208,-0.000452751,-0.404157
438,0.642202,-0.499084,-0.000447794,-0.404152
440,0.642103,-0.498959,-0.000442837,-0.404148
442,0.642003,-0.498834,-0.00043788,-0.404144
444,0.641904,-0.49871,-0.000432924,-0.40414
446,0.641804,-0.498585,-0.000427967,-0.404136
448,0.641705,-0.49846,-0.00042301,-0.404131
450,0.641605,-0.498336,-0.000418054,-0.404127
452,0.641506,-0.498211,-0.000413097,-0.404123
454,0.641438,-0.498128,-0.000404196,-0.404118
456,0.641412,-0.498098,-0.000390223,-0.404113
458,0.641385,-0.498068,-0.000376251,-0.404108
460,0.641359,-0.498038,-0.000362279,-0.404103
462,0.641332,-0.498008,-0.000348306,-0.404098
464,0.641306,-0.497978,-0.000334334,-0.404093
466,0.641279,-0.497948,-0.000320362,-0.404088
468,0.641253,-0.497918,-0.000306389,-0.404083
470,0.641226,-0.497888,-0.000292417,-0.404077
472,0.6412,-0.497858,-0.000278445,-0.404072
474,0.641173,-0.497828,-0.000264472,-0.404067
476,0.641147,-0.497798,-0.0002505,-0.404062
478,0.64112,-0.497768,-0.000236528,-0.404057
480,0.641094,-0.497738,-0.000222555,-0.404052
482,0.641067,-0.497708,-0.000208583,-0.404047
484,0.641041,-0.497678,-0.000194611,-0.404042
486,0.641088,-0.497741,-0.000185638,-0.404039
488,0.641152,-0.497825,-0.00017782,-0.404036
490,0.641215,-0.497909,-0.000170002,-0.404034
492,0.641279,-0.497993,-0.000162184,-0.404032
494,0.641343,-0.498077,-0.000154366,-0.40403
496,0.641406,-0.498161,-0.000146548,-0.404027
498,0.64147,-0.498245,-0.00013873,-0.404025
