x,v,vx,vy,vz
0,0.956931,-0.956774,-0.00118711,-0.0172897
2,0.954591,-0.954393,-0.00151488,-0.019395
4,0.952256,-0.952012,-0.00184265,-0.0215003
6,0.949926,-0.949631,-0.00217042,-0.0236056
8,0.945939,-0.945599,-0.00256052,-0.0252143
10,0.940183,-0.939811,-0.00301695,-0.0262942
12,0.93443,-0.934022,-0.00347338,-0.0273741
14,0.928678,-0.928234,-0.00392981,-0.0284541
16,0.922929,-0.922446,-0.00438625,-0.029534
18,0.917181,-0.916657,-0.00484268,-0.0306139
20,0.911436,-0.910869,-0.00529911,-0.0316939
22,0.902239,-0.901638,-0.00590315,-0.0323854
24,0.888876,-0.888252,-0.00668533,-0.0326083
26,0.875514,-0.874867,-0.00746751,-0.0328311
28,0.862154,-0.861481,-0.00824969,-0.033054
30,0.848796,-0.848095,-0.00903187,-0.0332768
32,0.835439,-0.83471,-0.00981405,-0.0334996
34,0.822084,-0.821324,-0.0105962,-0.0337225
36,0.806639,-0.805878,-0.0099778,-0.0335734
38,0.788333,-0.78761,-0.00744002,-0.0329146
40,0.770033,-0.769342,-0.00490224,-0.0322558
42,0.751741,-0.751073,-0.00236446,-0.0315971
44,0.718917,-0.718313,0.00504888,-0.0290233
46,0.696845,-0.696243,0.00668543,-0.0281826
48,0.680166,-0.679561,0.00736214,-0.0277118
50,0.663488,-0.66288,0.00803885,-0.027241
52,0.646812,-0.646199,0.00871557,-0.0267702
54,0.628188,-0.627514,0.0105017,-0.0271283
56,0.608447,-0.607667,0.0129316,-0.0279673
58,0.588725,-0.587819,0.0153615,-0.0288063
60,0.569155,-0.568073,0.0180119,-0.0300884
62,0.550637,-0.549089,0.0223235,-0.0347083
64,0.532228,-0.530104,0.026635,-0.0393282
66,0.513938,-0.511119,0.0309465,-0.0439481
68,0.495337,-0.491619,0.0318781,-0.0515103
70,0.476688,-0.471777,0.0305711,-0.0610214
72,0.458341,-0.451935,0.029264,-0.0705325
74,0.440804,-0.432537,0.0278451,-0.0802748
76,0.428725,-0.417871,0.0252366,-0.0924767
78,0.417186,-0.403205,0.0226282,-0.104679
80,0.406232,-0.388539,0.0200197,-0.116881
82,0.39638,-0.374416,0.0170079,-0.128998
84,0.387543,-0.360703,0.013692,-0.141052
86,0.379409,-0.346991,0.0103762,-0.153105
88,0.372219,-0.333502,0.00719024,-0.165141
90,0.369086,-0.323884,0.00624835,-0.176874
92,0.366557,-0.314267,0.00530646,-0.188607
94,0.364645,-0.304649,0.00436457,-0.20034
96,0.363198,-0.296839,0.0030654,-0.20926
98,0.361932,-0.290575,0.00146074,-0.215776
100,0.360896,-0.28431,-0.000143925,-0.222291
102,0.360166,-0.278268,-0.0015869,-0.228656
104,0.362726,-0.281486,0.00370699,-0.22874
106,0.387575,-0.287104,0.0167962,-0.259814
108,0.404619,-0.298249,0.026268,-0.272166
110,0.413118,-0.318638,0.031564,-0.261037
112,0.421582,-0.334455,0.0440026,-0.252854
114,0.430354,-0.347574,0.0606557,-0.246409
116,0.441899,-0.364591,0.0673455,-0.240443
118,0.452775,-0.379906,0.0722417,-0.235495
120,0.452351,-0.377392,0.0746399,-0.237962
122,0.462975,-0.39147,0.0757605,-0.235281
124,0.495162,-0.435636,0.0745648,-0.223263
126,0.529595,-0.486675,0.0689797,-0.197131
128,0.569094,-0.542341,0.0604397,-0.161497
130,0.619032,-0.606654,0.0609917,-0.107013
132,0.676842,-0.672283,0.06194,-0.0481048
134,0.736031,-0.734194,0.0479209,0.0200931
136,0.79948,-0.794137,0.0317951,0.0866248
138,0.863133,-0.849981,0.0112784,0.149684
140,0.918107,-0.896466,-0.00471018,0.19811
142,0.965078,-0.935787,-0.0172325,0.235334
144,0.997089,-0.963582,-0.0126798,0.255999
146,1.02517,-0.988335,-0.00363721,0.272302
148,1.0456,-1.00723,0.0137779,0.280327
150,1.06429,-1.02455,0.0279998,0.286765
152,1.07821,-1.03808,0.0345153,0.289373
154,1.08482,-1.04591,0.0296672,0.286407
156,1.08526,-1.04879,0.0149487,0.2786
158,1.07784,-1.0444,-0.00997822,0.266218
160,1.06886,-1.03792,-0.0376032,0.252495
162,1.0594,-1.0311,-0.0538833,0.237183
164,1.05151,-1.02508,-0.0678795,0.224197
166,1.04701,-1.02133,-0.0754333,0.217773
168,1.04219,-1.01608,-0.080889,0.217221
170,1.03702,-1.00937,-0.084279,0.222451
172,1.03414,-1.0031,-0.0837417,0.237114
174,1.03234,-0.996993,-0.0818679,0.254989
176,1.02096,-0.975857,-0.0807596,0.289049
178,1.01079,-0.956094,-0.0749048,0.319339
180,1.00122,-0.941509,-0.0531714,0.336403
182,0.992641,-0.929011,-0.0296873,0.348417
184,0.984971,-0.918841,-0.00425025,0.354797
186,0.990222,-0.916525,0.000128125,0.374863
188,1.00092,-0.91734,-0.00389398,0.400389
190,1.03475,-0.929853,-0.0284446,0.453061
192,1.06125,-0.936498,-0.0505861,0.496644
194,1.04595,-0.917443,-0.0593396,0.498791
196,1.04004,-0.909791,-0.0786514,0.49777
198,1.04656,-0.916569,-0.111325,0.492739
200,1.04161,-0.917955,-0.15636,0.466755
202,1.03408,-0.916845,-0.207118,0.431072
204,1.01292,-0.909644,-0.268473,0.355646
206,0.996005,-0.900211,-0.326988,0.273359
208,0.971039,-0.882145,-0.367224,0.172872
210,0.946076,-0.864182,-0.374142,0.0909224
212,0.910271,-0.846368,-0.333143,0.0356308
214,0.861599,-0.843129,-0.177242,0.0084443
216,0.848604,-0.847658,0.039894,-0.00376415
218,0.986896,-0.928818,0.331806,-0.0341385
220,1.20574,-1.04166,0.603633,-0.066297
222,1.47408,-1.29748,0.692968,-0.0961976
224,1.64183,-1.48253,0.703471,-0.0533532
226,1.66166,-1.55157,0.584757,0.108733
228,1.60521,-1.53816,0.449935,0.0911523
230,1.50616,-1.47445,0.305286,-0.0360364
232,1.41805,-1.39551,0.249466,-0.0342142
234,1.33023,-1.31304,0.212407,-0.0185933
236,1.24126,-1.22104,0.215161,-0.0592299
238,1.16079,-1.13822,0.209425,-0.0896266
240,1.09359,-1.07262,0.187758,-0.100809
242,1.04506,-1.02741,0.161483,-0.102554
244,1.0098,-0.996353,0.132006,-0.0977378
246,1.00473,-0.999652,0.0951765,-0.0333518
248,1.0119,-1.00915,0.0601765,0.04418
250,1.02066,-1.00942,0.0665026,0.135683
252,1.02584,-0.999918,0.0860562,0.212389
254,1.01178,-0.969318,0.134188,0.257126
256,0.990639,-0.931245,0.185615,0.282302
258,0.96434,-0.887268,0.239647,0.29202
260,0.961609,-0.849527,0.343634,0.291395
262,0.97549,-0.81294,0.456542,0.286843
264,0.945557,-0.767509,0.49136,0.252135
266,0.906405,-0.726606,0.502975,0.201571
268,0.840585,-0.697053,0.456423,0.111255
270,0.760673,-0.669316,0.360766,-0.022081
272,0.707267,-0.643208,0.221095,-0.193976
274,0.703479,-0.58604,0.0478173,-0.386204
276,0.791992,-0.520127,-0.134279,-0.581969
278,0.782447,-0.501219,-0.211236,-0.562479
280,0.756722,-0.500622,-0.255661,-0.506599
282,0.663157,-0.564209,-0.174859,-0.301446
284,0.660199,-0.600023,-0.166347,-0.219462
286,0.680688,-0.643191,-0.149254,-0.165425
288,0.714162,-0.69092,-0.12684,-0.128721
290,0.751647,-0.738648,-0.104426,-0.0920167
292,0.789522,-0.78304,-0.0828275,-0.0577446
294,0.8021,-0.797907,-0.0684451,-0.0449847
296,0.786176,-0.783205,-0.062165,-0.0282593
298,0.800424,-0.798562,-0.0511929,-0.0188806
300,0.814968,-0.813919,-0.0402208,-0.00950195
302,0.829792,-0.829276,-0.0292487,-0.00012329
304,0.843569,-0.843201,-0.0248763,0.00139747
306,0.857109,-0.856829,-0.0218735,0.00128734
308,0.870662,-0.870456,-0.0188708,0.00117721
310,0.922743,-0.922662,-0.0121198,0.00131007
312,0.924304,-0.924246,-0.0102873,0.00112408
314,0.925868,-0.925829,-0.00845473,0.000938088
316,0.927437,-0.927413,-0.00662217,0.000752099
318,0.929009,-0.928996,-0.00478962,0.00056611
320,0.930585,-0.93058,-0.00295706,0.000380121
322,0.932164,-0.932163,-0.00112451,0.000194132
324,0.933937,-0.933937,4.63775e-05,1.23305e-05
326,0.936197,-0.936196,-0.000473658,-0.000158771
328,0.938456,-0.938456,-0.000993694,-0.000329873
330,0.940717,-0.940715,-0.00151373,-0.000500975
332,0.942977,-0.942975,-0.00203376,-0.000672076
334,0.945238,-0.945234,-0.0025538,-0.000843178
336,0.947499,-0.947493,-0.00307384,-0.00101428
338,0.94976,-0.949753,-0.00359387,-0.00118538
340,0.952022,-0.952012,-0.00411391,-0.00135648
342,0.954284,-0.954271,-0.00463394,-0.00152758
344,0.956546,-0.956531,-0.00515398,-0.00169869
346,0.958809,-0.95879,-0.00567401,-0.00186979
348,0.961072,-0.96105,-0.00619405,-0.00204089
350,0.963335,-0.963309,-0.00671408,-0.00221199
352,0.965216,-0.965187,-0.00705068,-0.00237521
354,0.965732,-0.965705,-0.00673212,-0.00251026
356,0.966248,-0.966223,-0.00641355,-0.00264532
358,0.966764,-0.96674,-0.00609499,-0.00278038
360,0.96728,-0.967258,-0.00577643,-0.00291543
362,0.967796,-0.967776,-0.00545787,-0.00305049
364,0.968312,-0.968293,-0.00513931,-0.00318554
366,0.968829,-0.968811,-0.00482075,-0.0033206
368,0.969345,-0.969329,-0.00450218,-0.00345566
370,0.969862,-0.969846,-0.00418362,-0.00359071
372,0.970379,-0.970364,-0.00386506,-0.00372577
374,0.970896,-0.970882,-0.0035465,-0.00386082
376,0.971413,-0.971399,-0.00322794,-0.00399588
378,0.97193,-0.971917,-0.00290938,-0.00413094
380,0.972447,-0.972434,-0.0026363,-0.00424137
382,0.972959,-0.972946,-0.00260883,-0.00421886
384,0.973471,-0.973458,-0.00258137,-0.00419636
386,0.973983,-0.97397,-0.0025539,-0.00417385
388,0.974495,-0.974483,-0.00252644,-0.00415134
390,0.975007,-0.974995,-0.00249897,-0.00412883
392,0.975519,-0.975507,-0.00247151,-0.00410632
394,0.976031,-0.976019,-0.00244404,-0.00408382
396,0.976543,-0.976531,-0.00241658,-0.00406131
398,0.977055,-0.977043,-0.00238911,-0.0040388
400,0.977567,-0.977556,-0.00236165,-0.00401629
402,0.978079,-0.978068,-0.00233419,-0.00399379
404,0.978591,-0.97858,-0.00230672,-0.00397128
406,0.979103,-0.979092,-0.00227926,-0.00394877
408,0.979529,-0.979519,-0.00224339,-0.00394769
410,0.979128,-0.979117,-0.00212631,-0.0041538
412,0.978727,-0.978716,-0.00200923,-0.00435991
414,0.978326,-0.978314,-0.00189215,-0.00456601
416,0.977926,-0.977912,-0.00177507,-0.00477212
418,0.977525,-0.977511,-0.00165799,-0.00497823
420,0.977124,-0.977109,-0.00154091,-0.00518433
422,0.976724,-0.976708,-0.00142383,-0.00539044
424,0.976323,-0.976306,-0.00130675,-0.00559654
426,0.975923,-0.975905,-0.00118967,-0.00580265
428,0.975522,-0.975503,-0.00107259,-0.00600876
430,0.975122,-0.975102,-0.000955515,-0.00621486
432,0.974722,-0.9747,-0.000838435,-0.00642097
434,0.974321,-0.974299,-0.000721356,-0.00662708
436,0.973859,-0.973835,-0.000602846,-0.00685379
438,0.971476,-0.971445,-0.000439993,-0.00771924
440,0.969094,-0.969056,-0.00027714,-0.0085847
442,0.966712,-0.966666,-0.000114287,-0.00945016
444,0.964332,-0.964276,4.85662e-05,-0.0103156
446,0.961952,-0.961887,0.000211419,-0.0111811
448,0.959573,-0.959497,0.000374272,-0.0120465
