x,v,vx,vy,vz
0,0.933828,-0.933597,-0.00455874,-0.0202763
2,0.929504,-0.929204,-0.00610296,-0.0228468
4,0.925191,-0.92481,-0.00764718,-0.0254172
6,0.920888,-0.920417,-0.0091914,-0.0279876
8,0.913689,-0.913138,-0.00946752,-0.0302976
10,0.903404,-0.902787,-0.00839372,-0.0323303
12,0.893127,-0.892435,-0.00731992,-0.0343629
14,0.882857,-0.882084,-0.00624612,-0.0363956
16,0.872595,-0.871733,-0.00517232,-0.0384283
18,0.862341,-0.861381,-0.00409852,-0.0404609
20,0.852096,-0.85103,-0.00302471,-0.0424936
22,0.836683,-0.835486,-0.00149025,-0.0447068
24,0.81504,-0.813676,0.000600179,-0.0471378
26,0.79342,-0.791865,0.00269061,-0.0495689
28,0.771823,-0.770055,0.00478104,-0.0519999
30,0.736646,-0.733965,0.00734332,-0.0623585
32,0.710664,-0.707266,0.00899197,-0.0688274
34,0.691913,-0.688565,0.0113314,-0.0670288
36,0.673172,-0.669864,0.0136709,-0.0652301
38,0.654442,-0.651164,0.0160104,-0.0634315
40,0.635445,-0.632431,0.0165601,-0.0595616
42,0.616323,-0.613682,0.0162044,-0.054644
44,0.597218,-0.594933,0.0158487,-0.0497263
46,0.578811,-0.576755,0.015667,-0.0461566
48,0.56434,-0.561851,0.0164836,-0.0503194
50,0.549925,-0.546946,0.0173002,-0.0544822
52,0.535571,-0.532042,0.0181169,-0.058645
54,0.519771,-0.515626,0.0178615,-0.0630296
56,0.503177,-0.498333,0.0169842,-0.0675428
58,0.486674,-0.481041,0.0161068,-0.0720561
60,0.471138,-0.464561,0.0152581,-0.0769556
62,0.462276,-0.454202,0.0146252,-0.0847649
64,0.453611,-0.443844,0.0139923,-0.0925741
66,0.445157,-0.433486,0.0133594,-0.100383
68,0.436634,-0.422772,0.0145791,-0.108169
70,0.428171,-0.411824,0.0170259,-0.115938
72,0.419981,-0.400876,0.0194726,-0.123707
74,0.412439,-0.390228,0.0220432,-0.131691
76,0.409076,-0.382774,0.0259312,-0.141967
78,0.406118,-0.37532,0.0298192,-0.152244
80,0.403576,-0.367865,0.0337072,-0.16252
82,0.403603,-0.363071,0.0376919,-0.172202
84,0.405543,-0.360282,0.0417495,-0.181436
86,0.407742,-0.357492,0.045807,-0.19067
88,0.410199,-0.354778,0.0499342,-0.199756
90,0.412879,-0.353363,0.0552652,-0.206275
92,0.415718,-0.351949,0.0605963,-0.212794
94,0.418712,-0.350535,0.0659273,-0.219314
96,0.427225,-0.358276,0.0696879,-0.222042
98,0.440495,-0.373847,0.0721059,-0.221529
100,0.453925,-0.389417,0.0745238,-0.221016
102,0.467413,-0.404935,0.0766512,-0.220515
104,0.477507,-0.418264,0.06667,-0.220505
106,0.486754,-0.409831,0.0836544,-0.248937
108,0.5069,-0.424592,0.0851715,-0.263466
110,0.526737,-0.447696,0.0759101,-0.266941
112,0.546468,-0.476684,0.0664301,-0.258817
114,0.56738,-0.509145,0.0568209,-0.243849
116,0.59843,-0.557179,0.0540912,-0.211529
118,0.635603,-0.60903,0.0525683,-0.174097
120,0.6848,-0.672729,0.052524,-0.116739
122,0.737057,-0.733435,0.050017,-0.0531362
124,0.790192,-0.788717,0.043045,0.0217918
126,0.841773,-0.836192,0.0332341,0.090882
128,0.892422,-0.878411,0.021512,0.156042
130,0.934219,-0.912073,0.0149385,0.201655
132,0.974034,-0.943519,0.00965242,0.241701
134,1.00306,-0.968431,0.00778719,0.261185
136,1.03054,-0.99281,0.00704876,0.276221
138,1.05452,-1.01608,0.00865897,0.281987
140,1.07383,-1.03563,0.0109205,0.28369
142,1.08961,-1.05232,0.0136805,0.282284
144,1.09514,-1.05853,0.0148526,0.280413
146,1.09784,-1.06179,0.0156737,0.278572
148,1.09298,-1.05653,0.0169604,0.279366
150,1.0885,-1.0515,0.018976,0.280766
152,1.08497,-1.047,0.0227506,0.283629
154,1.08511,-1.04526,0.0278401,0.290024
156,1.0885,-1.04593,0.034072,0.299487
158,1.09521,-1.0484,0.0367427,0.314642
160,1.10301,-1.05136,0.0383125,0.331383
162,1.10931,-1.05339,0.0358248,0.345886
164,1.11186,-1.05325,0.0316011,0.35484
166,1.10353,-1.04694,0.0224808,0.348139
168,1.08488,-1.03158,0.00775913,0.33578
170,1.02916,-0.980488,-0.0128197,0.312497
172,1.0298,-0.977377,-0.0210278,0.323683
174,1.01453,-0.960047,-0.0167626,0.327562
176,0.995746,-0.941882,-0.0249786,0.322093
178,0.986221,-0.926218,-0.0210151,0.338098
180,0.969734,-0.902058,-0.0154759,0.355577
182,0.951099,-0.877055,-0.01198,0.367722
184,0.929686,-0.85111,-0.0107636,0.373915
186,0.895823,-0.817216,-0.0123214,0.366749
188,0.856946,-0.780152,-0.0149858,0.354253
190,0.804574,-0.737129,-0.0267019,0.321352
192,0.74808,-0.69207,-0.041777,0.280922
194,0.6782,-0.639903,-0.0687207,0.213907
196,0.611881,-0.589238,-0.102435,0.129246
198,0.559955,-0.540473,-0.144718,0.0222536
200,0.554616,-0.510384,-0.191747,-0.101689
202,0.592993,-0.488939,-0.240973,-0.233478
204,0.681083,-0.536705,-0.272793,-0.318442
206,0.765454,-0.596041,-0.29482,-0.379125
208,0.812148,-0.685199,-0.275246,-0.338121
210,0.88194,-0.798887,-0.233477,-0.291697
212,0.990125,-0.94785,-0.15979,-0.237477
214,1.11634,-1.08806,-0.109873,-0.224235
216,1.24767,-1.2236,-0.072622,-0.232831
218,1.26163,-1.25131,0.0837512,-0.137564
220,1.28135,-1.25251,0.269985,-0.0132737
222,1.31045,-1.16661,0.556085,0.216956
224,1.40511,-1.16306,0.718597,0.32442
226,1.47965,-1.29451,0.678525,0.230649
228,1.50113,-1.39578,0.528616,0.160482
230,1.51475,-1.47863,0.311699,0.104717
232,1.48852,-1.46129,0.227609,0.16887
234,1.45979,-1.42924,0.169993,0.243672
236,1.43734,-1.40694,0.158505,0.247708
238,1.41305,-1.3834,0.146889,0.247676
240,1.38518,-1.35753,0.135033,0.240008
242,1.35193,-1.32763,0.130767,0.219134
244,1.31527,-1.29492,0.131778,0.189077
246,1.27715,-1.26029,0.145055,0.147423
248,1.24003,-1.22508,0.161545,0.103683
250,1.20394,-1.18761,0.187237,0.0631247
252,1.17855,-1.15705,0.222875,0.0233246
254,1.17536,-1.14143,0.28,-0.0148372
256,1.16146,-1.11221,0.331502,-0.0457599
258,1.13933,-1.07225,0.37856,-0.0709621
260,1.11873,-1.03751,0.407102,-0.0969184
262,1.09865,-1.00391,0.428766,-0.123947
264,1.06022,-0.966976,0.399852,-0.170694
266,1.01738,-0.926084,0.357371,-0.222953
268,0.963609,-0.875277,0.280882,-0.289029
270,0.913699,-0.824659,0.197038,-0.340528
272,0.86855,-0.774212,0.106602,-0.378961
274,0.823803,-0.733301,0.0186192,-0.374933
276,0.784937,-0.695312,-0.0681596,-0.357801
278,0.740042,-0.662931,-0.115342,-0.308027
280,0.70862,-0.645133,-0.146077,-0.25418
282,0.70791,-0.670184,-0.128486,-0.188366
284,0.719652,-0.698429,-0.109379,-0.134656
286,0.741182,-0.729921,-0.0887322,-0.0932389
288,0.771723,-0.765866,-0.0707878,-0.0632128
290,0.806167,-0.803516,-0.0537302,-0.0371613
292,0.833483,-0.832317,-0.0409668,-0.016246
294,0.84202,-0.841284,-0.0332912,-0.0114511
296,0.824431,-0.82369,-0.0343065,-0.00668467
298,0.832166,-0.831716,-0.0272903,-0.00176533
300,0.839993,-0.839742,-0.0202741,0.00315401
302,0.84791,-0.847768,-0.0132578,0.00807335
304,0.859717,-0.859611,-0.0105264,0.00848593
306,0.872326,-0.872246,-0.00868415,0.00796315
308,0.884939,-0.884882,-0.00684194,0.00744037
310,0.938367,-0.938341,-0.00251565,0.00658067
312,0.938253,-0.938231,-0.00144896,0.00616307
314,0.938139,-0.938122,-0.000382272,0.00574547
316,0.938027,-0.938012,0.000684418,0.00532787
318,0.937917,-0.937902,0.00175111,0.00491027
320,0.937808,-0.937793,0.0028178,0.00449267
322,0.9377,-0.937683,0.00388449,0.00407507
324,0.93816,-0.938142,0.0044266,0.00367327
326,0.940067,-0.940054,0.00362814,0.00331187
328,0.941974,-0.941966,0.00282967,0.00295046
330,0.943883,-0.943877,0.0020312,0.00258905
332,0.945792,-0.945789,0.00123274,0.00222764
334,0.947703,-0.947701,0.000434268,0.00186624
336,0.949614,-0.949612,-0.000364199,0.00150483
338,0.951525,-0.951524,-0.00116267,0.00114342
340,0.953438,-0.953436,-0.00196113,0.000782014
342,0.955351,-0.955347,-0.0027596,0.000420607
344,0.957266,-0.957259,-0.00355807,5.91996e-05
346,0.959181,-0.959171,-0.00435653,-0.000302208
348,0.961096,-0.961082,-0.005155,-0.000663615
350,0.963013,-0.962994,-0.00595347,-0.00102502
352,0.964571,-0.964548,-0.00650571,-0.00134145
354,0.964846,-0.964825,-0.0061786,-0.00149722
356,0.965122,-0.965103,-0.00585148,-0.00165299
358,0.965397,-0.96538,-0.00552436,-0.00180876
360,0.965673,-0.965657,-0.00519725,-0.00196453
362,0.965949,-0.965934,-0.00487013,-0.00212031
364,0.966225,-0.966211,-0.00454301,-0.00227608
366,0.966501,-0.966489,-0.0042159,-0.00243185
368,0.966777,-0.966766,-0.00388878,-0.00258762
370,0.967054,-0.967043,-0.00356166,-0.00274339
372,0.96733,-0.96732,-0.00323455,-0.00289917
374,0.967607,-0.967598,-0.00290743,-0.00305494
376,0.967883,-0.967875,-0.00258031,-0.00321071
378,0.96816,-0.968152,-0.0022532,-0.00336648
380,0.96844,-0.968431,-0.00197871,-0.00350441
382,0.968731,-0.968723,-0.00198845,-0.00354597
384,0.969022,-0.969014,-0.00199818,-0.00358754
386,0.969314,-0.969305,-0.00200792,-0.0036291
388,0.969605,-0.969596,-0.00201765,-0.00367067
390,0.969896,-0.969887,-0.00202739,-0.00371223
392,0.970188,-0.970178,-0.00203712,-0.0037538
394,0.970479,-0.97047,-0.00204685,-0.00379536
396,0.97077,-0.970761,-0.00205659,-0.00383693
398,0.971062,-0.971052,-0.00206632,-0.00387849
400,0.971353,-0.971343,-0.00207606,-0.00392006
402,0.971644,-0.971634,-0.00208579,-0.00396162
404,0.971936,-0.971925,-0.00209553,-0.00400319
406,0.972227,-0.972217,-0.00210526,-0.00404475
408,0.972432,-0.972421,-0.00210279,-0.00410942
410,0.9718,-0.971788,-0.00198238,-0.00439741
412,0.971168,-0.971155,-0.00186196,-0.00468541
414,0.970537,-0.970522,-0.00174155,-0.0049734
416,0.969905,-0.96989,-0.00162113,-0.00526139
418,0.969274,-0.969257,-0.00150072,-0.00554939
420,0.968642,-0.968624,-0.0013803,-0.00583738
422,0.968011,-0.967991,-0.00125989,-0.00612537
424,0.96738,-0.967358,-0.00113947,-0.00641336
426,0.966749,-0.966725,-0.00101906,-0.00670136
428,0.966118,-0.966092,-0.000898643,-0.00698935
430,0.965487,-0.96546,-0.000778229,-0.00727734
432,0.964857,-0.964827,-0.000657814,-0.00756534
434,0.964226,-0.964194,-0.000537399,-0.00785333
436,0.96349,-0.963455,-0.000409234,-0.00815921
438,0.959467,-0.959424,-4.08291e-05,-0.00901963
440,0.955445,-0.955394,0.000327576,-0.00988005
442,0.951424,-0.951363,0.000695981,-0.0107405
444,0.947404,-0.947333,0.00106439,-0.0116009
446,0.943386,-0.943302,0.00143279,-0.0124613
448,0.939368,-0.939272,0.0018012,-0.0133217
