x,v,vx,vy,vz
0,1,-1,-4.79494e-07,5.1416e-08
2,1,-1,-4.73155e-07,5.18015e-08
4,1,-1,-4.66815e-07,5.2187e-08
6,1,-1,-4.60475e-07,5.25725e-08
8,1,-1,-4.54136e-07,5.2958e-08
10,1,-1,-4.47796e-07,5.33435e-08
12,1,-1,-4.41457e-07,5.3729e-08
14,1,-1,-4.35117e-07,5.41145e-08
16,1,-1,-4.1838e-07,5.46976e-08
18,1,-1,-4.01309e-07,5.52871e-08
20,1,-1,-3.84237e-07,5.58766e-08
22,1,-1,-3.67165e-07,5.64661e-08
24,1,-1,-3.50093e-07,5.70556e-08
26,1,-1,-3.33021e-07,5.76451e-08
28,1,-1,-3.1595e-07,5.82346e-08
30,1,-1,-2.98878e-07,5.88241e-08
32,1,-1,-2.81806e-07,5.94136e-08
34,1,-1,-2.64734e-07,6.00031e-08
36,1,-1,-2.47662e-07,6.05926e-08
38,1,-1,-2.3059e-07,6.11821e-08
40,1,-1,-2.13519e-07,6.17716e-08
42,1,-1,-1.96447e-07,6.23611e-08
44,1,-1,-1.72107e-07,6.30063e-08
46,1,-1,-1.47015e-07,6.36573e-08
48,1,-1,-1.21923e-07,6.43082e-08
50,1,-1,-9.68313e-08,6.49592e-08
52,1,-1,-7.17395e-08,6.56102e-08
54,1,-1,-4.66477e-08,6.62612e-08
56,1,-1,-2.15558e-08,6.69121e-08
58,1,-1,3.53599e-09,6.75631e-08
60,1,-1,2.86278e-08,6.82141e-08
62,1,-1,5.37197e-08,6.88651e-08
64,1,-1,7.88115e-08,6.9516e-08
66,1,-1,1.03903e-07,7.0167e-08
68,1,-1,1.28995e-07,7.0818e-08
70,1,-1,1.54087e-07,7.1469e-08
72,1,-1,1.84922e-07,7.14349e-08
74,1,-1,2.16821e-07,7.12741e-08
76,1,-1,2.4872e-07,7.11132e-08
78,1,-1,2.80619e-07,7.09524e-08
80,1,-1,3.12518e-07,7.07915e-08
82,1,-1,3.44416e-07,7.06307e-08
84,1,-1,3.76315e-07,7.04698e-08
86,1,-1,4.08214e-07,7.0309e-08
88,1,-1,4.40113e-07,7.01481e-08
90,1,-1,4.72012e-07,6.99873e-08
92,1,-1,5.03911e-07,6.98264e-08
94,1,-1,5.3581e-07,6.96656e-08
96,1,-1,5.67708e-07,6.95047e-08
98,1,-1,5.99607e-07,6.93439e-08
100,1,-1,6.33347e-07,6.98246e-08
102,1,-1,6.67603e-07,7.04849e-08
104,1,-1,7.01859e-07,7.11452e-08
106,1,-1,7.36114e-07,7.18055e-08
108,1,-1,7.7037e-07,7.24658e-08
110,1,-1,8.04625e-07,7.31262e-08
112,1,-1,8.38881e-07,7.37865e-08
114,1,-1,8.73137e-07,7.44468e-08
116,1,-1,9.07392e-07,7.51071e-08
118,1,-1,9.41648e-07,7.57674e-08
120,1,-1,9.75903e-07,7.64277e-08
122,1,-1,1.01016e-06,7.70881e-08
124,1,-1,1.04441e-06,7.77484e-08
126,1,-1,1.07867e-06,7.84087e-08
128,1,-1,1.09427e-06,7.84098e-08
130,1,-1,1.10258e-06,7.8153e-08
132,1,-1,1.11088e-06,7.78962e-08
134,1,-1,1.11919e-06,7.76394e-08
136,1,-1,1.12749e-06,7.73826e-08
138,1,-1,1.13579e-06,7.71258e-08
140,1,-1,1.1441e-06,7.6869e-08
142,1,-1,1.1524e-06,7.66122e-08
144,1,-1,1.16071e-06,7.63554e-08
146,1,-1,1.16901e-06,7.60986e-08
148,1,-1,1.17731e-06,7.58418e-08
150,1,-1,1.18562e-06,7.55849e-08
152,1,-1,1.19392e-06,7.53281e-08
154,1,-1,1.20223e-06,7.50713e-08
156,1,-1,1.19232e-06,7.53526e-08
158,1,-1,1.17286e-06,7.59158e-08
160,1,-1,1.15341e-06,7.64789e-08
162,1,-1,1.13396e-06,7.70421e-08
164,1,-1,1.11451e-06,7.76053e-08
166,1,-1,1.09506e-06,7.81684e-08
168,1,-1,1.07561e-06,7.87316e-08
170,1,-1,1.05615e-06,7.92947e-08
172,1,-1,1.0367e-06,7.98579e-08
174,1,-1,1.01725e-06,8.0421e-08
176,1,-1,9.978e-07,8.09842e-08
178,1,-1,9.78348e-07,8.15473e-08
180,1,-1,9.58897e-07,8.21105e-08
182,1,-1,9.39445e-07,8.26737e-08
184,1,-1,9.05015e-07,8.25509e-08
186,1,-1,8.60336e-07,8.19587e-08
188,1,-1,8.15657e-07,8.13666e-08
190,1,-1,7.70978e-07,8.07744e-08
192,1,-1,7.26298e-07,8.01823e-08
194,1,-1,6.81619e-07,7.95902e-08
196,1,-1,6.3694e-07,7.8998e-08
198,1,-1,5.92261e-07,7.84059e-08
200,1,-1,5.47582e-07,7.78138e-08
202,1,-1,5.02903e-07,7.72216e-08
204,1,-1,4.58224e-07,7.66295e-08
206,1,-1,4.13545e-07,7.60373e-08
208,1,-1,3.68866e-07,7.54452e-08
210,1,-1,3.24187e-07,7.48531e-08
212,1,-1,2.98046e-07,7.49233e-08
214,1,-1,2.88263e-07,7.55781e-08
216,1,-1,2.7848e-07,7.62328e-08
218,1,-1,2.68696e-07,7.68875e-08
220,1,-1,2.58913e-07,7.75422e-08
222,1,-1,2.4913e-07,7.8197e-08
224,1,-1,2.39346e-07,7.88517e-08
226,1,-1,2.29563e-07,7.95064e-08
228,1,-1,2.1978e-07,8.01612e-08
230,1,-1,2.09996e-07,8.08159e-08
232,1,-1,2.00213e-07,8.14706e-08
234,1,-1,1.9043e-07,8.21254e-08
236,1,-1,1.80646e-07,8.27801e-08
238,1,-1,1.70863e-07,8.34348e-08
240,1,-1,1.50606e-07,8.35114e-08
242,1,-1,1.18479e-07,8.29329e-08
244,1,-1,8.63521e-08,8.23543e-08
246,1,-1,5.4225e-08,8.17757e-08
248,1,-1,2.2098e-08,8.11972e-08
250,1,-1,-1.00291e-08,8.06186e-08
252,1,-1,-4.21561e-08,8.004e-08
254,1,-1,-7.42832e-08,7.94615e-08
256,1,-1,-1.0641e-07,7.88829e-08
258,1,-1,-1.38537e-07,7.83043e-08
260,1,-1,-1.70664e-07,7.77258e-08
262,1,-1,-2.02791e-07,7.71472e-08
264,1,-1,-2.34918e-07,7.65686e-08
266,1,-1,-2.67045e-07,7.59901e-08
268,1,-1,-2.74805e-07,7.59548e-08
270,1,-1,-2.46951e-07,7.67135e-08
272,1,-1,-2.19096e-07,7.74722e-08
274,1,-1,-1.91242e-07,7.82309e-08
276,1,-1,-1.63387e-07,7.89896e-08
278,1,-1,-1.35533e-07,7.97483e-08
280,1,-1,-1.07678e-07,8.0507e-08
282,1,-1,-7.9824e-08,8.12657e-08
284,1,-1,-5.19696e-08,8.20244e-08
286,1,-1,-2.41151e-08,8.27831e-08
288,1,-1,3.73931e-09,8.35419e-08
290,1,-1,3.15937e-08,8.43006e-08
292,1,-1,5.94482e-08,8.50593e-08
294,1,-1,8.73026e-08,8.5818e-08
296,1,-1,1.14185e-07,8.61633e-08
298,1,-1,1.39212e-07,8.57195e-08
300,1,-1,1.64239e-07,8.52757e-08
302,1,-1,1.89267e-07,8.48319e-08
304,1,-1,2.14294e-07,8.43881e-08
306,1,-1,2.39321e-07,8.39443e-08
308,1,-1,2.64348e-07,8.35005e-08
310,1,-1,2.89375e-07,8.30566e-08
312,1,-1,3.14402e-07,8.26128e-08
314,1,-1,3.39429e-07,8.2169e-08
316,1,-1,3.64457e-07,8.17252e-08
318,1,-1,3.89484e-07,8.12814e-08
320,1,-1,4.14511e-07,8.08376e-08
322,1,-1,4.39538e-07,8.03938e-08
324,1,-1,4.67199e-07,8.01795e-08
326,1,-1,5.01591e-07,8.05517e-08
328,1,-1,5.35983e-07,8.09239e-08
330,1,-1,5.70375e-07,8.12961e-08
332,1,-1,6.04767e-07,8.16683e-08
334,1,-1,6.3916e-07,8.20404e-08
336,1,-1,6.73552e-07,8.24126e-08
338,1,-1,7.07944e-07,8.27848e-08
340,1,-1,7.42336e-07,8.3157e-08
342,1,-1,7.76728e-07,8.35292e-08
344,1,-1,8.1112e-07,8.39014e-08
346,1,-1,8.45512e-07,8.42736e-08
348,1,-1,8.79904e-07,8.46458e-08
350,1,-1,9.14296e-07,8.5018e-08
352,1,-1,9.42375e-07,8.51806e-08
354,1,-1,9.47906e-07,8.45946e-08
356,1,-1,9.53436e-07,8.40086e-08
358,1,-1,9.58967e-07,8.34226e-08
360,1,-1,9.64497e-07,8.28366e-08
362,1,-1,9.70028e-07,8.22506e-08
364,1,-1,9.75559e-07,8.16646e-08
366,1,-1,9.81089e-07,8.10786e-08
368,1,-1,9.8662e-07,8.04926e-08
370,1,-1,9.9215e-07,7.99067e-08
372,1,-1,9.97681e-07,7.93207e-08
374,1,-1,1.00321e-06,7.87347e-08
376,1,-1,1.00874e-06,7.81487e-08
378,1,-1,1.01427e-06,7.75627e-08
380,1,-1,1.01378e-06,7.70417e-08
382,1,-1,9.80741e-07,7.68717e-08
384,1,-1,9.47705e-07,7.67017e-08
386,1,-1,9.14669e-07,7.65317e-08
388,1,-1,8.81633e-07,7.63617e-08
390,1,-1,8.48597e-07,7.61917e-08
392,1,-1,8.15561e-07,7.60217e-08
394,1,-1,7.82525e-07,7.58517e-08
396,1,-1,7.49489e-07,7.56817e-08
398,1,-1,7.16453e-07,7.55117e-08
400,1,-1,6.83417e-07,7.53417e-08
402,1,-1,6.50381e-07,7.51717e-08
404,1,-1,6.17345e-07,7.50018e-08
406,1,-1,5.84309e-07,7.48318e-08
408,1,-1,5.4718e-07,7.45045e-08
410,1,-1,4.70491e-07,7.26576e-08
412,1,-1,3.93802e-07,7.08107e-08
414,1,-1,3.17113e-07,6.89638e-08
416,1,-1,2.40424e-07,6.71169e-08
418,1,-1,1.63735e-07,6.527e-08
420,1,-1,8.7046e-08,6.3423e-08
422,1,-1,1.0357e-08,6.15761e-08
424,1,-1,-6.6332e-08,5.97292e-08
426,1,-1,-1.43021e-07,5.78823e-08
428,1,-1,-2.1971e-07,5.60354e-08
430,1,-1,-2.96399e-07,5.41884e-08
432,1,-1,-3.73088e-07,5.23415e-08
434,1,-1,-4.49777e-07,5.04946e-08
436,1,-1,-5.23871e-07,4.87174e-08
438,1,-1,-5.17532e-07,4.91029e-08
440,1,-1,-5.11192e-07,4.94884e-08
442,1,-1,-5.04853e-07,4.98739e-08
444,1,-1,-4.98513e-07,5.02594e-08
446,1,-1,-4.92173e-07,5.06449e-08
448,1,-1,-4.85834e-07,5.10305e-08
