x,v,vx,vy,vz
0,0.993186,-0.993186,4.14915e-05,7.26484e-06
2,0.993159,-0.993159,7.99819e-05,6.59065e-06
4,0.993131,-0.993131,0.000118472,5.91646e-06
6,0.993103,-0.993103,0.000156963,5.24227e-06
8,0.993075,-0.993075,0.000195453,4.56808e-06
10,0.993048,-0.993048,0.000233944,3.8939e-06
12,0.99302,-0.99302,0.000272434,3.21971e-06
14,0.992992,-0.992992,0.000310925,2.54552e-06
16,0.992826,-0.992826,0.000341214,4.19458e-06
18,0.992656,-0.992656,0.000371239,5.91859e-06
20,0.992486,-0.992486,0.000401264,7.6426e-06
22,0.992316,-0.992315,0.000431289,9.36661e-06
24,0.992145,-0.992145,0.000461314,1.10906e-05
26,0.991975,-0.991975,0.000491339,1.28146e-05
28,0.991805,-0.991805,0.000521364,1.45386e-05
30,0.991634,-0.991634,0.000551389,1.62627e-05
32,0.991464,-0.991464,0.000581414,1.79867e-05
34,0.991294,-0.991294,0.000611439,1.97107e-05
36,0.991124,-0.991123,0.000641464,2.14347e-05
38,0.990953,-0.990953,0.000671489,2.31587e-05
40,0.990783,-0.990783,0.000701514,2.48827e-05
42,0.990613,-0.990613,0.000731539,2.66067e-05
44,0.990366,-0.990365,0.000811849,2.46171e-05
46,0.99011,-0.99011,0.00089736,2.22433e-05
48,0.989855,-0.989855,0.000982871,1.98695e-05
50,0.9896,-0.9896,0.00106838,1.74957e-05
52,0.989345,-0.989344,0.00115389,1.51219e-05
54,0.98909,-0.989089,0.0012394,1.27481e-05
56,0.988835,-0.988834,0.00132491,1.03743e-05
58,0.98858,-0.988579,0.00141043,8.00045e-06
60,0.988325,-0.988323,0.00149594,5.62664e-06
62,0.988069,-0.988068,0.00158145,3.25284e-06
64,0.987814,-0.987813,0.00166696,8.79033e-07
66,0.987559,-0.987558,0.00175247,-1.49477e-06
68,0.987304,-0.987303,0.00183798,-3.86858e-06
70,0.987049,-0.987047,0.00192349,-6.24238e-06
72,0.98628,-0.986278,0.00198182,-2.6301e-06
74,0.985415,-0.985413,0.00203511,2.09071e-06
76,0.98455,-0.984548,0.00208841,6.81152e-06
78,0.983685,-0.983683,0.0021417,1.15323e-05
80,0.982821,-0.982818,0.002195,1.62531e-05
82,0.981956,-0.981953,0.00224829,2.0974e-05
84,0.981091,-0.981088,0.00230159,2.56948e-05
86,0.980226,-0.980224,0.00235488,3.04156e-05
88,0.979362,-0.979359,0.00240817,3.51364e-05
90,0.978497,-0.978494,0.00246147,3.98572e-05
92,0.977632,-0.977629,0.00251476,4.4578e-05
94,0.976767,-0.976764,0.00256806,4.92988e-05
96,0.975903,-0.975899,0.00262135,5.40196e-05
98,0.975038,-0.975034,0.00267465,5.87404e-05
100,0.974039,-0.974035,0.00292777,5.22535e-05
102,0.973004,-0.972998,0.00323684,4.26283e-05
104,0.971968,-0.971961,0.00354591,3.30032e-05
106,0.970932,-0.970924,0.00385497,2.3378e-05
108,0.969896,-0.969887,0.00416404,1.37528e-05
110,0.968861,-0.96885,0.00447311,4.12769e-06
112,0.967825,-0.967813,0.00478218,-5.49746e-06
114,0.96679,-0.966777,0.00509125,-1.51226e-05
116,0.965755,-0.96574,0.00540032,-2.47478e-05
118,0.96472,-0.964703,0.00570939,-3.43729e-05
120,0.963684,-0.963666,0.00601846,-4.39981e-05
122,0.96265,-0.962629,0.00632753,-5.36232e-05
124,0.961615,-0.961592,0.0066366,-6.32484e-05
126,0.96058,-0.960555,0.00694567,-7.28736e-05
128,0.957304,-0.957276,0.00737287,-4.66704e-05
130,0.953152,-0.953119,0.0078463,-6.4475e-06
132,0.948999,-0.948963,0.00831972,3.37754e-05
134,0.944847,-0.944806,0.00879315,7.39983e-05
136,0.940696,-0.94065,0.00926658,0.000114221
138,0.936544,-0.936494,0.00974,0.000154444
140,0.932393,-0.932337,0.0102134,0.000194667
142,0.928242,-0.928181,0.0106869,0.00023489
144,0.924092,-0.924024,0.0111603,0.000275113
146,0.919941,-0.919868,0.0116337,0.000315336
148,0.915791,-0.915711,0.0121071,0.000355559
150,0.911642,-0.911555,0.0125806,0.000395782
152,0.907492,-0.907398,0.013054,0.000436005
154,0.903343,-0.903242,0.0135274,0.000476227
156,0.89375,-0.893616,0.0154863,0.000468181
158,0.881313,-0.881125,0.0182234,0.000434851
160,0.868886,-0.868633,0.0209604,0.000401521
162,0.85647,-0.856142,0.0236975,0.000368191
164,0.844065,-0.843651,0.0264345,0.000334861
166,0.831671,-0.83116,0.0291716,0.000301531
168,0.81929,-0.818668,0.0319086,0.0002682
170,0.819996,-0.819146,0.0372987,0.00122774
172,0.810809,-0.809787,0.0406765,0.0014342
174,0.801641,-0.800428,0.0440543,0.00164066
176,0.78917,-0.787718,0.0478085,0.00184896
178,0.749717,-0.747722,0.0546273,0.00207232
180,0.710392,-0.707726,0.0614462,0.00229567
182,0.671215,-0.667729,0.0682651,0.00251903
184,0.632214,-0.627733,0.075084,0.00274239
186,0.593424,-0.587737,0.0819028,0.00296574
188,0.554889,-0.547741,0.0887217,0.0031891
190,0.515512,-0.506664,0.0950435,0.0032846
192,0.462802,-0.452838,0.0954994,0.00187144
194,0.410387,-0.399011,0.0959553,0.000458269
196,0.358396,-0.345184,0.0964112,-0.000954898
198,0.288455,-0.271628,0.0969329,0.00531964
200,0.224583,-0.199923,0.102046,0.00741436
202,0.172986,-0.139628,0.102113,-0.00103777
204,0.130682,-0.0821024,0.100954,-0.0120498
206,0.105333,-0.024577,0.0997959,-0.0230618
208,0.111248,0.0325955,0.0997577,-0.0369049
210,0.147427,0.0889,0.102475,-0.0577109
212,0.241709,0.187304,0.112832,-0.103002
214,0.297714,0.243161,0.123656,-0.119229
216,0.350811,0.290313,0.146212,-0.131943
218,0.391332,0.339727,0.147454,-0.126428
220,0.409675,0.37049,0.14008,-0.104632
222,0.405773,0.364468,0.175774,-0.0302978
224,0.386309,0.341308,0.170089,0.0617546
226,0.293116,0.220836,0.120891,0.150112
228,0.237192,0.0960696,-0.075157,0.203426
230,0.314609,0.146016,-0.22916,0.158568
232,0.362172,0.211766,-0.281443,0.084343
234,0.336761,0.211646,-0.260259,0.0296521
236,0.260394,0.150701,-0.21192,0.0135764
238,0.196894,0.0750392,-0.181992,-0.00393709
240,0.169976,-0.0173838,-0.168745,-0.0107138
242,0.18238,-0.09816,-0.153165,-0.0129434
244,0.218666,-0.170837,-0.135961,-0.0120111
246,0.268089,-0.237423,-0.124306,-0.0070585
248,0.323359,-0.302674,-0.113789,-0.00135931
250,0.381344,-0.36682,-0.104211,0.00249633
252,0.44277,-0.431879,-0.0975767,0.0020963
254,0.507079,-0.497184,-0.0996868,0.000377794
256,0.558939,-0.550773,-0.0951808,0.00138386
258,0.611132,-0.604363,-0.0906748,0.00238992
260,0.66358,-0.657953,-0.0861688,0.00339598
262,0.693475,-0.689002,-0.0785755,0.00313953
264,0.721621,-0.718141,-0.0707205,0.00277608
266,0.749924,-0.747281,-0.0628656,0.00241264
268,0.778369,-0.77642,-0.0550107,0.0020492
270,0.80694,-0.805559,-0.0471557,0.00168575
272,0.835625,-0.834699,-0.0393008,0.00132231
274,0.864411,-0.863838,-0.0314459,0.000958865
276,0.870256,-0.869774,-0.0289377,0.000734381
278,0.873281,-0.872861,-0.0270861,0.000526963
280,0.87631,-0.875947,-0.0252346,0.000319545
282,0.865147,-0.864792,-0.0247875,-0.000271652
284,0.872703,-0.872413,-0.0224887,-0.000356872
286,0.880266,-0.880034,-0.02019,-0.000442092
288,0.887835,-0.887655,-0.0178912,-0.000527312
290,0.895412,-0.895276,-0.0155924,-0.000612532
292,0.902995,-0.902897,-0.0132936,-0.000697752
294,0.910585,-0.910518,-0.0109949,-0.000782972
296,0.916861,-0.916812,-0.00943698,-0.000815089
298,0.92062,-0.920573,-0.00929358,-0.000745829
300,0.924378,-0.924333,-0.00915018,-0.000676569
302,0.928137,-0.928093,-0.00900678,-0.000607308
304,0.931896,-0.931853,-0.00886338,-0.000538048
306,0.935654,-0.935613,-0.00871998,-0.000468787
308,0.939413,-0.939374,-0.00857658,-0.000399527
310,0.943172,-0.943134,-0.00843318,-0.000330266
312,0.946931,-0.946894,-0.00828978,-0.000261006
314,0.950689,-0.950654,-0.00814637,-0.000191745
316,0.954448,-0.954415,-0.00800297,-0.000122485
318,0.958207,-0.958175,-0.00785957,-5.32243e-05
320,0.961966,-0.961935,-0.00771617,1.60362e-05
322,0.965725,-0.965695,-0.00757277,8.52967e-05
324,0.968616,-0.968588,-0.00736298,0.000129991
326,0.969289,-0.969264,-0.00698354,0.000111905
328,0.969961,-0.969939,-0.0066041,9.38191e-05
330,0.970634,-0.970614,-0.00622466,7.57331e-05
332,0.971307,-0.97129,-0.00584522,5.76472e-05
334,0.971981,-0.971965,-0.00546578,3.95612e-05
336,0.972654,-0.972641,-0.00508634,2.14753e-05
338,0.973328,-0.973316,-0.0047069,3.38936e-06
340,0.974001,-0.973992,-0.00432745,-1.46966e-05
342,0.974675,-0.974667,-0.00394801,-3.27825e-05
344,0.975349,-0.975343,-0.00356857,-5.08685e-05
346,0.976023,-0.976018,-0.00318913,-6.89544e-05
348,0.976697,-0.976693,-0.00280969,-8.70403e-05
350,0.977372,-0.977369,-0.00243025,-0.000105126
352,0.978071,-0.978068,-0.00212602,-0.000117032
354,0.978856,-0.978854,-0.00209043,-0.000106867
356,0.979642,-0.97964,-0.00205484,-9.67021e-05
358,0.980428,-0.980425,-0.00201925,-8.6537e-05
360,0.981213,-0.981211,-0.00198365,-7.63719e-05
362,0.981999,-0.981997,-0.00194806,-6.62068e-05
364,0.982784,-0.982783,-0.00191247,-5.60417e-05
366,0.98357,-0.983568,-0.00187688,-4.58766e-05
368,0.984356,-0.984354,-0.00184128,-3.57115e-05
370,0.985141,-0.98514,-0.00180569,-2.55464e-05
372,0.985927,-0.985925,-0.0017701,-1.53812e-05
374,0.986712,-0.986711,-0.0017345,-5.21614e-06
376,0.987498,-0.987497,-0.00169891,4.94897e-06
378,0.988284,-0.988282,-0.00166332,1.51141e-05
380,0.988971,-0.988969,-0.00162043,2.32755e-05
382,0.989126,-0.989124,-0.00153814,2.0617e-05
384,0.98928,-0.989279,-0.00145585,1.79586e-05
386,0.989435,-0.989434,-0.00137357,1.53001e-05
388,0.98959,-0.989589,-0.00129128,1.26416e-05
390,0.989745,-0.989744,-0.00120899,9.98316e-06
392,0.9899,-0.989899,-0.0011267,7.32469e-06
394,0.990055,-0.990054,-0.00104442,4.66623e-06
396,0.99021,-0.990209,-0.000962127,2.00776e-06
398,0.990365,-0.990364,-0.000879839,-6.50706e-07
400,0.990519,-0.990519,-0.000797551,-3.30917e-06
402,0.990674,-0.990674,-0.000715263,-5.96764e-06
404,0.990829,-0.990829,-0.000632975,-8.62611e-06
406,0.990984,-0.990984,-0.000550687,-1.12846e-05
408,0.99114,-0.99114,-0.000474468,-1.35225e-05
410,0.9913,-0.9913,-0.000456905,-1.1695e-05
412,0.991461,-0.991461,-0.000439343,-9.86751e-06
414,0.991621,-0.991621,-0.000421781,-8.04002e-06
416,0.991782,-0.991781,-0.000404218,-6.21253e-06
418,0.991942,-0.991942,-0.000386656,-4.38505e-06
420,0.992103,-0.992102,-0.000369094,-2.55756e-06
422,0.992263,-0.992263,-0.000351532,-7.30072e-07
424,0.992424,-0.992423,-0.000333969,1.09742e-06
426,0.992584,-0.992584,-0.000316407,2.9249e-06
428,0.992744,-0.992744,-0.000298845,4.75239e-06
430,0.992905,-0.992905,-0.000281282,6.57988e-06
432,0.993065,-0.993065,-0.00026372,8.40736e-06
434,0.993226,-0.993226,-0.000246158,1.02349e-05
436,0.993381,-0.99338,-0.000227942,1.19842e-05
438,0.993353,-0.993353,-0.000189451,1.131e-05
440,0.993325,-0.993325,-0.000150961,1.06358e-05
442,0.993297,-0.993297,-0.00011247,9.96159e-06
444,0.99327,-0.99327,-7.39798e-05,9.28741e-06
446,0.993242,-0.993242,-3.54894e-05,8.61322e-06
448,0.993214,-0.993214,3.00103e-06,7.93903e-06
