x,v,vx,vy,vz
0,0.985703,-0.985701,-6.88243e-05,0.00175542
2,0.985616,-0.985614,-2.65306e-05,0.00186678
4,0.98553,-0.985528,1.57631e-05,0.00197815
6,0.985443,-0.985441,5.80569e-05,0.00208952
8,0.985356,-0.985354,0.000100351,0.00220089
10,0.98527,-0.985267,0.000142644,0.00231226
12,0.985183,-0.98518,0.000184938,0.00242362
14,0.985097,-0.985093,0.000227232,0.00253499
16,0.98365,-0.983646,0.000137767,0.00286262
18,0.98216,-0.982155,4.40522e-05,0.00319723
20,0.980671,-0.980664,-4.96628e-05,0.00353183
22,0.979181,-0.979173,-0.000143378,0.00386644
24,0.977691,-0.977682,-0.000237093,0.00420104
26,0.976202,-0.976191,-0.000330808,0.00453565
28,0.974713,-0.9747,-0.000424523,0.00487025
30,0.973223,-0.973209,-0.000518238,0.00520486
32,0.971734,-0.971718,-0.000611953,0.00553946
34,0.970245,-0.970227,-0.000705667,0.00587407
36,0.968757,-0.968736,-0.000799382,0.00620867
38,0.967268,-0.967245,-0.000893097,0.00654328
40,0.965779,-0.965754,-0.000986812,0.00687789
42,0.964291,-0.964263,-0.00108053,0.00721249
44,0.959164,-0.959136,-0.00161373,0.00719922
46,0.953662,-0.953632,-0.0021924,0.00714996
48,0.948159,-0.948129,-0.00277106,0.00710071
50,0.942658,-0.942625,-0.00334973,0.00705145
52,0.937156,-0.937122,-0.00392839,0.00700219
54,0.931655,-0.931618,-0.00450706,0.00695293
56,0.926154,-0.926114,-0.00508573,0.00690368
58,0.920654,-0.920611,-0.00566439,0.00685442
60,0.915154,-0.915107,-0.00624306,0.00680516
62,0.909654,-0.909604,-0.00682172,0.0067559
64,0.904155,-0.9041,-0.00740039,0.00670665
66,0.898657,-0.898597,-0.00797906,0.00665739
68,0.893158,-0.893093,-0.00855772,0.00660813
70,0.887661,-0.887589,-0.00913639,0.00655887
72,0.880688,-0.880606,-0.00960546,0.00726135
74,0.873444,-0.873349,-0.0100542,0.00810305
76,0.866202,-0.866092,-0.010503,0.00894474
78,0.85896,-0.858834,-0.0109518,0.00978643
80,0.85172,-0.851577,-0.0114006,0.0106281
82,0.844481,-0.84432,-0.0118493,0.0114698
84,0.837244,-0.837063,-0.0122981,0.0123115
86,0.801987,-0.80121,-0.0191679,0.0296219
88,0.788374,-0.787346,-0.0211002,0.0342687
90,0.774803,-0.773482,-0.0230326,0.0389154
92,0.762979,-0.761343,-0.0252927,0.0430613
94,0.755227,-0.753291,-0.0283291,0.046021
96,0.747504,-0.745238,-0.0313655,0.0489806
98,0.739813,-0.737185,-0.0344019,0.0519403
100,0.732154,-0.729132,-0.0374383,0.0549
102,0.724528,-0.721079,-0.0404747,0.0578596
104,0.716937,-0.713026,-0.0435111,0.0608193
106,0.71104,-0.706357,-0.0472068,0.0664022
108,0.709919,-0.70351,-0.052725,0.0792376
110,0.709083,-0.700663,-0.0582432,0.092073
112,0.708533,-0.697817,-0.0637614,0.104908
114,0.656405,-0.640524,-0.0573562,0.131558
116,0.641277,-0.618904,-0.064087,0.155201
118,0.632411,-0.603097,-0.0693985,0.177202
120,0.624677,-0.587337,-0.0746989,0.199189
122,0.618076,-0.571576,-0.0799993,0.221177
124,0.592427,-0.547079,-0.0692723,0.216508
126,0.54604,-0.512987,-0.0409415,0.182559
128,0.501582,-0.478895,-0.0126106,0.14861
130,0.459613,-0.444803,0.0157203,0.114662
132,0.445579,-0.439706,0.0530289,0.0488599
134,0.445499,-0.435787,0.0907024,-0.0182365
136,0.458554,-0.431868,0.128376,-0.0853329
138,0.46626,-0.418569,0.147081,-0.143406
140,0.459685,-0.393586,0.142159,-0.190241
142,0.459246,-0.368604,0.137236,-0.237075
144,0.464959,-0.343621,0.132314,-0.28391
146,0.451881,-0.304838,0.110539,-0.314724
148,0.443223,-0.265012,0.0874887,-0.344326
150,0.44123,-0.225185,0.0644389,-0.373929
152,0.441933,-0.193521,0.046287,-0.394603
154,0.439796,-0.173408,0.0350661,-0.402642
156,0.439006,-0.153294,0.0238452,-0.41068
158,0.43957,-0.133181,0.0126244,-0.418719
160,0.418702,-0.183722,0.011834,-0.376056
162,0.474054,-0.141773,0.0176009,-0.452015
164,0.476796,-0.20748,0.00727197,-0.429225
166,0.49068,-0.351473,-0.0201869,-0.341798
168,0.533957,-0.471816,-0.00326877,-0.249978
170,0.592091,-0.568876,0.0573383,-0.153831
172,0.654827,-0.640686,0.0979658,-0.0933946
174,0.717555,-0.703904,0.131794,-0.0451104
176,0.743862,-0.730377,0.13638,-0.0357751
178,0.763792,-0.750871,0.136541,-0.0304665
180,0.763748,-0.752853,0.123085,-0.0370611
182,0.752597,-0.743411,0.108085,-0.0453769
184,0.729111,-0.721223,0.0913633,-0.0556131
186,0.711006,-0.704271,0.0774762,-0.0593999
188,0.695088,-0.689409,0.0647197,-0.060614
190,0.682105,-0.678224,0.0513893,-0.0513594
192,0.669368,-0.667267,0.0364485,-0.0384639
194,0.656863,-0.656564,0.0151378,-0.0128229
196,0.645362,-0.644898,-0.0141297,0.0199888
198,0.637283,-0.632015,-0.0534664,0.0618748
200,0.642894,-0.627544,-0.0973966,0.100073
202,0.657509,-0.626968,-0.143453,0.136565
204,0.665742,-0.635466,-0.147311,0.13302
206,0.66922,-0.644372,-0.13224,0.123096
208,0.660167,-0.651695,-0.0401598,0.0974774
210,0.681141,-0.670271,0.0818217,0.0894093
212,0.754548,-0.705032,0.246804,0.106581
214,0.909977,-0.778935,0.448416,0.14227
216,1.11666,-0.873697,0.66955,0.187829
218,1.34718,-1.02775,0.845525,0.209066
220,1.57601,-1.20044,0.997857,0.216821
222,1.78546,-1.44666,1.03453,0.157546
224,1.85179,-1.60578,0.913516,0.126851
226,1.71378,-1.62216,0.534047,0.143006
228,1.60251,-1.58524,0.234124,0.0152055
230,1.52911,-1.51582,-0.017269,-0.200417
232,1.4115,-1.39502,-0.0294304,-0.213027
234,1.28985,-1.27548,-0.00409572,-0.191993
236,1.24584,-1.23561,0.0179208,-0.158312
238,1.20553,-1.19928,0.0262813,-0.119797
240,1.16507,-1.1628,0.00420952,-0.0725339
242,1.14996,-1.1497,-0.00133169,-0.02416
244,1.12845,-1.12843,-0.000824997,-0.00752626
246,1.10383,-1.10382,0.00214073,-0.00379783
248,1.07923,-1.07921,0.00510646,-6.93966e-05
250,1.05809,-1.05805,0.0073635,0.0045668
252,1.05119,-1.05109,0.00670072,0.012943
254,1.04471,-1.04423,0.00581668,0.0313416
256,1.03505,-1.03427,0.00631107,0.0397402
258,1.02547,-1.02431,0.00680547,0.0481387
260,1.01595,-1.01435,0.00729986,0.0565373
262,1.01106,-1.00955,0.00594277,0.0549592
264,1.00657,-1.00518,0.00442878,0.0525356
266,1.00208,-1.00082,0.00291478,0.050112
268,0.997594,-0.996452,0.00140079,0.0476884
270,0.993118,-0.992086,-0.000113201,0.0452648
272,0.98865,-0.98772,-0.00162719,0.0428412
274,0.984189,-0.983354,-0.00314119,0.0404176
276,0.979745,-0.978912,-0.00341915,0.0402434
278,0.975303,-0.974462,-0.00354531,0.0403453
280,0.970861,-0.970011,-0.00367148,0.0404473
282,0.966419,-0.965561,-0.00379765,0.0405493
284,0.961977,-0.96111,-0.00392381,0.0406512
286,0.957536,-0.956659,-0.00404998,0.0407532
288,0.953094,-0.952209,-0.00417615,0.0408551
290,0.95444,-0.953647,-0.00426016,0.0386545
292,0.956739,-0.956049,-0.00433728,0.036077
294,0.959046,-0.95845,-0.00441439,0.0334995
296,0.96136,-0.960852,-0.00449151,0.0309221
298,0.963681,-0.963254,-0.00456863,0.0283446
300,0.96601,-0.965655,-0.00464574,0.0257672
302,0.968346,-0.968057,-0.00472286,0.0231897
304,0.96894,-0.968679,-0.00400308,0.0221314
306,0.969173,-0.968932,-0.0031179,0.0213883
308,0.969407,-0.969185,-0.00223273,0.0206453
310,0.974993,-0.974849,0.00106672,0.0167392
312,0.973561,-0.973412,0.00119817,0.0169837
314,0.972129,-0.971975,0.00132963,0.0172281
316,0.970697,-0.970539,0.00146108,0.0174726
318,0.969265,-0.969102,0.00159253,0.0177171
320,0.967833,-0.967665,0.00172399,0.0179616
322,0.966402,-0.966228,0.00185544,0.0182061
324,0.965635,-0.965462,0.00180826,0.0182141
326,0.966568,-0.966407,0.00130457,0.0176179
328,0.967502,-0.967352,0.000800873,0.0170216
330,0.968437,-0.968298,0.000297178,0.0164254
332,0.969372,-0.969243,-0.000206518,0.0158292
334,0.970308,-0.970188,-0.000710213,0.0152329
336,0.971245,-0.971133,-0.00121391,0.0146367
338,0.972182,-0.972079,-0.0017176,0.0140405
340,0.97312,-0.973024,-0.0022213,0.0134443
342,0.974058,-0.973969,-0.00272499,0.012848
344,0.974997,-0.974915,-0.00322869,0.0122518
346,0.975937,-0.97586,-0.00373238,0.0116556
348,0.976877,-0.976805,-0.00423608,0.0110593
350,0.977818,-0.977751,-0.00473978,0.0104631
352,0.978499,-0.978436,-0.00506674,0.00992496
354,0.97825,-0.978192,-0.00476251,0.0095942
356,0.978002,-0.977948,-0.00445828,0.00926344
358,0.977754,-0.977704,-0.00415406,0.00893268
360,0.977506,-0.97746,-0.00384983,0.00860192
362,0.977258,-0.977216,-0.0035456,0.00827117
364,0.97701,-0.976972,-0.00324138,0.00794041
366,0.976762,-0.976728,-0.00293715,0.00760965
368,0.976515,-0.976484,-0.00263292,0.00727889
370,0.976268,-0.976241,-0.0023287,0.00694813
372,0.976021,-0.975997,-0.00202447,0.00661737
374,0.975774,-0.975753,-0.00172024,0.00628662
376,0.975528,-0.975509,-0.00141602,0.00595586
378,0.975282,-0.975265,-0.00111179,0.0056251
380,0.975138,-0.975123,-0.000869488,0.00531959
382,0.975548,-0.975534,-0.000961584,0.00515041
384,0.975958,-0.975945,-0.00105368,0.00498123
386,0.976368,-0.976356,-0.00114578,0.00481205
388,0.976778,-0.976766,-0.00123787,0.00464287
390,0.977188,-0.977177,-0.00132997,0.00447369
392,0.977598,-0.977588,-0.00142206,0.00430451
394,0.978008,-0.977999,-0.00151416,0.00413533
396,0.978419,-0.978409,-0.00160626,0.00396615
398,0.978829,-0.97882,-0.00169835,0.00379697
400,0.979239,-0.979231,-0.00179045,0.00362779
402,0.97965,-0.979642,-0.00188254,0.00345861
404,0.98006,-0.980052,-0.00197464,0.00328943
406,0.98047,-0.980463,-0.00206674,0.00312025
408,0.980879,-0.980872,-0.00213831,0.00295364
410,0.981267,-0.981261,-0.00201144,0.0028118
412,0.981656,-0.981651,-0.00188458,0.00266997
414,0.982045,-0.98204,-0.00175772,0.00252813
416,0.982434,-0.98243,-0.00163086,0.00238629
418,0.982823,-0.982819,-0.001504,0.00224446
420,0.983212,-0.983209,-0.00137713,0.00210262
422,0.983601,-0.983598,-0.00125027,0.00196078
424,0.98399,-0.983987,-0.00112341,0.00181895
426,0.984379,-0.984377,-0.000996548,0.00167711
428,0.984768,-0.984766,-0.000869686,0.00153527
430,0.985157,-0.985156,-0.000742824,0.00139344
432,0.985546,-0.985545,-0.000615962,0.0012516
434,0.985935,-0.985935,-0.0004891,0.00110976
436,0.98631,-0.986309,-0.00036488,0.000975841
438,0.986223,-0.986222,-0.000322587,0.00108721
440,0.986136,-0.986136,-0.000280293,0.00119858
442,0.98605,-0.986049,-0.000237999,0.00130994
444,0.985963,-0.985962,-0.000195706,0.00142131
446,0.985876,-0.985875,-0.000153412,0.00153268
448,0.98579,-0.985788,-0.000111118,0.00164405
