x,v,vx,vy,vz
0,0.640576,-0.497144,-4.38911e-05,-0.403962
2,0.640623,-0.497208,-3.5377e-05,-0.403959
4,0.640671,-0.497271,-2.68629e-05,-0.403955
6,0.640718,-0.497335,-1.83488e-05,-0.403952
8,0.640765,-0.497399,-9.83476e-06,-0.403948
10,0.640813,-0.497463,-1.32068e-06,-0.403945
12,0.64086,-0.497527,7.19341e-06,-0.403941
14,0.640907,-0.49759,1.57075e-05,-0.403938
16,0.640961,-0.497662,2.22309e-05,-0.403935
18,0.641044,-0.49777,2.01282e-05,-0.403934
20,0.641127,-0.497877,1.80256e-05,-0.403933
22,0.641209,-0.497984,1.59229e-05,-0.403932
24,0.641292,-0.498091,1.38202e-05,-0.403931
26,0.641375,-0.498199,1.17175e-05,-0.403931
28,0.641458,-0.498306,9.61486e-06,-0.40393
30,0.64154,-0.498413,7.51218e-06,-0.403929
32,0.641623,-0.49852,5.4095e-06,-0.403928
34,0.641706,-0.498628,3.30682e-06,-0.403927
36,0.641789,-0.498735,1.20415e-06,-0.403926
38,0.641872,-0.498842,-8.98533e-07,-0.403925
40,0.641954,-0.498949,-3.00121e-06,-0.403924
42,0.642037,-0.499057,-5.10389e-06,-0.403924
44,0.64212,-0.499164,-7.20657e-06,-0.403923
46,0.642203,-0.499271,-9.30925e-06,-0.403922
48,0.642296,-0.49939,-1.36905e-05,-0.403923
50,0.642398,-0.499519,-1.9844e-05,-0.403926
52,0.6425,-0.499648,-2.59975e-05,-0.403929
54,0.642602,-0.499777,-3.2151e-05,-0.403932
56,0.642704,-0.499906,-3.83045e-05,-0.403934
58,0.642806,-0.500034,-4.44579e-05,-0.403937
60,0.642908,-0.500163,-5.06114e-05,-0.40394
62,0.64301,-0.500292,-5.67649e-05,-0.403943
64,0.643112,-0.500421,-6.29184e-05,-0.403946
66,0.643214,-0.50055,-6.90719e-05,-0.403949
68,0.643316,-0.500679,-7.52254e-05,-0.403951
70,0.643418,-0.500807,-8.13789e-05,-0.403954
72,0.64352,-0.500936,-8.75324e-05,-0.403957
74,0.643622,-0.501065,-9.36858e-05,-0.40396
76,0.643724,-0.501194,-9.98393e-05,-0.403963
78,0.643826,-0.501323,-0.000105993,-0.403966
80,0.643876,-0.501384,-0.000116811,-0.403969
82,0.643922,-0.50144,-0.00012794,-0.403973
84,0.643969,-0.501497,-0.00013907,-0.403976
86,0.644015,-0.501553,-0.000150199,-0.40398
88,0.644061,-0.50161,-0.000161328,-0.403984
90,0.644108,-0.501666,-0.000172457,-0.403987
92,0.644154,-0.501722,-0.000183586,-0.403991
94,0.6442,-0.501779,-0.000194716,-0.403995
96,0.644246,-0.501835,-0.000205845,-0.403998
98,0.644293,-0.501892,-0.000216974,-0.404002
100,0.644339,-0.501948,-0.000228103,-0.404006
102,0.644385,-0.502005,-0.000239233,-0.404009
104,0.644432,-0.502061,-0.000250362,-0.404013
106,0.644478,-0.502118,-0.000261491,-0.404016
108,0.644524,-0.502174,-0.00027262,-0.40402
110,0.644545,-0.502198,-0.000283985,-0.404025
112,0.644512,-0.50215,-0.000295868,-0.404031
114,0.644478,-0.502101,-0.00030775,-0.404038
116,0.644445,-0.502053,-0.000319633,-0.404044
118,0.644411,-0.502004,-0.000331516,-0.404051
120,0.644377,-0.501956,-0.000343399,-0.404057
122,0.644344,-0.501907,-0.000355281,-0.404064
124,0.64431,-0.501859,-0.000367164,-0.40407
126,0.644276,-0.50181,-0.000379047,-0.404077
128,0.644243,-0.501762,-0.00039093,-0.404083
130,0.644209,-0.501714,-0.000402812,-0.40409
132,0.644175,-0.501665,-0.000414695,-0.404096
134,0.644142,-0.501617,-0.000426578,-0.404103
136,0.644108,-0.501568,-0.000438461,-0.404109
138,0.644075,-0.50152,-0.000450343,-0.404116
140,0.644041,-0.501471,-0.000462226,-0.404123
142,0.643927,-0.501318,-0.000468662,-0.404131
144,0.643776,-0.501118,-0.000472621,-0.40414
146,0.643626,-0.500917,-0.00047658,-0.404149
148,0.643476,-0.500717,-0.00048054,-0.404157
150,0.643325,-0.500516,-0.000484499,-0.404166
152,0.643175,-0.500316,-0.000488458,-0.404175
154,0.643024,-0.500115,-0.000492418,-0.404184
156,0.642874,-0.499915,-0.000496377,-0.404193
158,0.642724,-0.499714,-0.000500337,-0.404202
160,0.642573,-0.499514,-0.000504296,-0.404211
162,0.642423,-0.499313,-0.000508255,-0.40422
164,0.642273,-0.499113,-0.000512215,-0.404229
166,0.642123,-0.498912,-0.000516174,-0.404237
168,0.641973,-0.498712,-0.000520133,-0.404246
170,0.641822,-0.498511,-0.000524093,-0.404255
172,0.641673,-0.498312,-0.000526932,-0.404265
174,0.64154,-0.498124,-0.000512974,-0.404284
176,0.641406,-0.497936,-0.000499017,-0.404303
178,0.641272,-0.497748,-0.000485059,-0.404322
180,0.641138,-0.49756,-0.000471101,-0.404341
182,0.641004,-0.497372,-0.000457143,-0.40436
184,0.640871,-0.497185,-0.000443185,-0.404379
186,0.640737,-0.496997,-0.000429227,-0.404398
188,0.640603,-0.496809,-0.000415269,-0.404417
190,0.64047,-0.496621,-0.000401311,-0.404437
192,0.640336,-0.496433,-0.000387353,-0.404456
194,0.640203,-0.496245,-0.000373395,-0.404475
196,0.640069,-0.496058,-0.000359437,-0.404494
198,0.639936,-0.49587,-0.000345479,-0.404513
200,0.639802,-0.495682,-0.000331522,-0.404532
202,0.639669,-0.495494,-0.000317564,-0.404551
204,0.639642,-0.495448,-0.000298932,-0.404565
206,0.639753,-0.495585,-0.00027429,-0.404572
208,0.639863,-0.495722,-0.000249649,-0.40458
210,0.639974,-0.495859,-0.000225008,-0.404587
212,0.640085,-0.495996,-0.000200366,-0.404594
214,0.640196,-0.496133,-0.000175725,-0.404602
216,0.640306,-0.49627,-0.000151083,-0.404609
218,0.640417,-0.496406,-0.000126442,-0.404617
220,0.640528,-0.496543,-0.000101801,-0.404624
222,0.640639,-0.49668,-7.71593e-05,-0.404631
224,0.640749,-0.496817,-5.25179e-05,-0.404639
226,0.64086,-0.496954,-2.78766e-05,-0.404646
228,0.640971,-0.497091,-3.23517e-06,-0.404653
230,0.641082,-0.497228,2.14062e-05,-0.404661
232,0.641192,-0.497365,4.60476e-05,-0.404668
234,0.641303,-0.497501,7.0689e-05,-0.404676
236,0.641514,-0.497777,8.40918e-05,-0.40467
238,0.641747,-0.498084,9.49011e-05,-0.404663
240,0.64198,-0.498391,0.00010571,-0.404655
242,0.642214,-0.498698,0.00011652,-0.404647
244,0.642448,-0.499005,0.000127329,-0.404639
246,0.642681,-0.499312,0.000138138,-0.404631
248,0.642915,-0.49962,0.000148948,-0.404623
250,0.643149,-0.499927,0.000159757,-0.404615
252,0.643382,-0.500234,0.000170566,-0.404607
254,0.643616,-0.500541,0.000181375,-0.404599
256,0.64385,-0.500848,0.000192185,-0.404591
258,0.644084,-0.501155,0.000202994,-0.404583
260,0.644318,-0.501463,0.000213803,-0.404575
262,0.644552,-0.50177,0.000224613,-0.404567
264,0.644786,-0.502077,0.000235422,-0.40456
266,0.645015,-0.502377,0.000243405,-0.404552
268,0.645222,-0.502648,0.00023914,-0.404544
270,0.645428,-0.50292,0.000234876,-0.404536
272,0.645635,-0.503191,0.000230611,-0.404528
274,0.645841,-0.503462,0.000226347,-0.40452
276,0.646048,-0.503733,0.000222082,-0.404513
278,0.646254,-0.504004,0.000217818,-0.404505
280,0.646461,-0.504275,0.000213553,-0.404497
282,0.646668,-0.504547,0.000209288,-0.404489
284,0.646874,-0.504818,0.000205024,-0.404481
286,0.647081,-0.505089,0.000200759,-0.404474
288,0.647288,-0.50536,0.000196495,-0.404466
290,0.647495,-0.505631,0.00019223,-0.404458
292,0.647702,-0.505902,0.000187966,-0.40445
294,0.647909,-0.506174,0.000183701,-0.404442
296,0.648116,-0.506445,0.000179437,-0.404435
298,0.648197,-0.506558,0.000167624,-0.404423
300,0.648181,-0.506549,0.00014994,-0.404408
302,0.648164,-0.50654,0.000132256,-0.404394
304,0.648148,-0.506531,0.000114572,-0.404379
306,0.648132,-0.506522,9.68887e-05,-0.404365
308,0.648116,-0.506512,7.92049e-05,-0.40435
310,0.648099,-0.506503,6.15211e-05,-0.404336
312,0.648083,-0.506494,4.38374e-05,-0.404321
314,0.648067,-0.506485,2.61536e-05,-0.404307
316,0.648051,-0.506476,8.46984e-06,-0.404292
318,0.648034,-0.506466,-9.21393e-06,-0.404277
320,0.648018,-0.506457,-2.68977e-05,-0.404263
322,0.648002,-0.506448,-4.45815e-05,-0.404248
324,0.647986,-0.506439,-6.22652e-05,-0.404234
326,0.647969,-0.50643,-7.9949e-05,-0.404219
328,0.647953,-0.506421,-9.76328e-05,-0.404205
330,0.647776,-0.506199,-0.000121167,-0.404199
332,0.647589,-0.505963,-0.000145092,-0.404195
334,0.647402,-0.505727,-0.000169016,-0.40419
336,0.647215,-0.505491,-0.00019294,-0.404186
338,0.647027,-0.505255,-0.000216865,-0.404181
340,0.64684,-0.505018,-0.000240789,-0.404176
342,0.646653,-0.504782,-0.000264714,-0.404172
344,0.646466,-0.504546,-0.000288638,-0.404167
346,0.646279,-0.50431,-0.000312562,-0.404163
348,0.646092,-0.504074,-0.000336487,-0.404158
350,0.645905,-0.503838,-0.000360411,-0.404154
352,0.645718,-0.503602,-0.000384336,-0.404149
354,0.645531,-0.503366,-0.00040826,-0.404144
356,0.645344,-0.50313,-0.000432185,-0.40414
358,0.645157,-0.502894,-0.000456109,-0.404135
360,0.644976,-0.502664,-0.00047316,-0.404131
362,0.644805,-0.502448,-0.000475089,-0.404128
364,0.644634,-0.502231,-0.000477018,-0.404125
366,0.644464,-0.502015,-0.000478948,-0.404122
368,0.644293,-0.501798,-0.000480877,-0.40412
370,0.644123,-0.501581,-0.000482806,-0.404117
372,0.643953,-0.501365,-0.000484735,-0.404114
374,0.643782,-0.501148,-0.000486664,-0.404111
376,0.643612,-0.500932,-0.000488594,-0.404108
378,0.643441,-0.500715,-0.000490523,-0.404105
380,0.643271,-0.500499,-0.000492452,-0.404102
382,0.643101,-0.500282,-0.000494381,-0.404099
384,0.642931,-0.500066,-0.000496311,-0.404096
386,0.64276,-0.499849,-0.00049824,-0.404093
388,0.64259,-0.499632,-0.000500169,-0.404091
390,0.64242,-0.499416,-0.000502098,-0.404088
392,0.642281,-0.499238,-0.000500032,-0.404087
394,0.642157,-0.499078,-0.000496149,-0.404087
396,0.642032,-0.498918,-0.000492266,-0.404086
398,0.641908,-0.498758,-0.000488383,-0.404086
400,0.641783,-0.498598,-0.0004845,-0.404086
402,0.641659,-0.498437,-0.000480618,-0.404086
404,0.641534,-0.498277,-0.000476735,-0.404086
406,0.64141,-0.498117,-0.000472852,-0.404086
408,0.641285,-0.497957,-0.000468969,-0.404086
410,0.641161,-0.497797,-0.000465086,-0.404086
412,0.641037,-0.497637,-0.000461203,-0.404086
414,0.640912,-0.497477,-0.000457321,-0.404086
416,0.640788,-0.497317,-0.000453438,-0.404085
418,0.640663,-0.497156,-0.000449555,-0.404085
420,0.640539,-0.496996,-0.000445672,-0.404085
422,0.640421,-0.496844,-0.00044146,-0.404085
424,0.640391,-0.496807,-0.000432314,-0.404083
426,0.640361,-0.49677,-0.000423168,-0.404081
428,0.640332,-0.496733,-0.000414022,-0.40408
430,0.640302,-0.496697,-0.000404875,-0.404078
432,0.640272,-0.49666,-0.000395729,-0.404076
434,0.640243,-0.496623,-0.000386583,-0.404074
436,0.640213,-0.496586,-0.000377437,-0.404072
438,0.640183,-0.496549,-0.000368291,-0.404071
440,0.640154,-0.496513,-0.000359144,-0.404069
442,0.640124,-0.496476,-0.000349998,-0.404067
444,0.640094,-0.496439,-0.000340852,-0.404065
446,0.640064,-0.496402,-0.000331706,-0.404063
448,0.640035,-0.496366,-0.00032256,-0.404061
450,0.640005,-0.496329,-0.000313413,-0.40406
452,0.639975,-0.496292,-0.000304267,-0.404058
454,0.639966,-0.496282,-0.000293838,-0.404055
456,0.639981,-0.496306,-0.000281761,-0.404051
458,0.639997,-0.49633,-0.000269683,-0.404046
460,0.640013,-0.496354,-0.000257605,-0.404042
462,0.640029,-0.496377,-0.000245527,-0.404038
464,0.640045,-0.496401,-0.00023345,-0.404034
466,0.640061,-0.496425,-0.000221372,-0.404029
468,0.640077,-0.496449,-0.000209294,-0.404025
470,0.640093,-0.496473,-0.000197216,-0.404021
472,0.640108,-0.496497,-0.000185139,-0.404016
474,0.640124,-0.496521,-0.000173061,-0.404012
476,0.64014,-0.496545,-0.000160983,-0.404008
478,0.640156,-0.496569,-0.000148905,-0.404004
480,0.640172,-0.496593,-0.000136827,-0.403999
482,0.640188,-0.496617,-0.00012475,-0.403995
484,0.640204,-0.496641,-0.000112672,-0.403991
486,0.640245,-0.496697,-0.00010349,-0.403987
488,0.640292,-0.496761,-9.49756e-05,-0.403984
490,0.64034,-0.496825,-8.64615e-05,-0.40398
492,0.640387,-0.496889,-7.79474e-05,-0.403977
494,0.640434,-0.496952,-6.94333e-05,-0.403973
496,0.640481,-0.497016,-6.09193e-05,-0.403969
498,0.640529,-0.49708,-5.24052e-05,-0.403966
