x,v,vx,vy,vz
0,1,-1,-7.19727e-07,1.22715e-08
2,1,-1,-6.67233e-07,1.26096e-08
4,1,-1,-6.14739e-07,1.29477e-08
6,1,-1,-5.62245e-07,1.32858e-08
8,1,-1,-5.0975e-07,1.3624e-08
10,1,-1,-4.57256e-07,1.39621e-08
12,1,-1,-4.04762e-07,1.43002e-08
14,1,-1,-3.52268e-07,1.46383e-08
16,1,-1,-4.13977e-07,1.46778e-08
18,1,-1,-4.79369e-07,1.47077e-08
20,1,-1,-5.44762e-07,1.47376e-08
22,1,-1,-6.10155e-07,1.47674e-08
24,1,-1,-6.75548e-07,1.47973e-08
26,1,-1,-7.40941e-07,1.48272e-08
28,1,-1,-8.06333e-07,1.48571e-08
30,1,-1,-8.71726e-07,1.48869e-08
32,1,-1,-9.37119e-07,1.49168e-08
34,1,-1,-1.00251e-06,1.49467e-08
36,1,-1,-1.0679e-06,1.49766e-08
38,1,-1,-1.1333e-06,1.50065e-08
40,1,-1,-1.19869e-06,1.50363e-08
42,1,-1,-1.26408e-06,1.50662e-08
44,1,-1,-1.23781e-06,1.53058e-08
46,1,-1,-1.20206e-06,1.55671e-08
48,1,-1,-1.16631e-06,1.58284e-08
50,1,-1,-1.13055e-06,1.60897e-08
52,1,-1,-1.0948e-06,1.6351e-08
54,1,-1,-1.05905e-06,1.66123e-08
56,1,-1,-1.0233e-06,1.68736e-08
58,1,-1,-9.87543e-07,1.71349e-08
60,1,-1,-9.51791e-07,1.73962e-08
62,1,-1,-9.16038e-07,1.76575e-08
64,1,-1,-8.80285e-07,1.79188e-08
66,1,-1,-8.44533e-07,1.81801e-08
68,1,-1,-8.0878e-07,1.84414e-08
70,1,-1,-7.73027e-07,1.87027e-08
72,1,-1,-7.82282e-07,1.86319e-08
74,1,-1,-7.99871e-07,1.84996e-08
76,1,-1,-8.17461e-07,1.83673e-08
78,1,-1,-8.3505e-07,1.8235e-08
80,1,-1,-8.52639e-07,1.81027e-08
82,1,-1,-8.70228e-07,1.79704e-08
84,1,-1,-8.87818e-07,1.78381e-08
86,1,-1,-9.05407e-07,1.77058e-08
88,1,-1,-9.22996e-07,1.75735e-08
90,1,-1,-9.40586e-07,1.74412e-08
92,1,-1,-9.58175e-07,1.73089e-08
94,1,-1,-9.75764e-07,1.71766e-08
96,1,-1,-9.93354e-07,1.70443e-08
98,1,-1,-1.01094e-06,1.6912e-08
100,1,-1,-1.00141e-06,1.68768e-08
102,1,-1,-9.84278e-07,1.68687e-08
104,1,-1,-9.67147e-07,1.68606e-08
106,1,-1,-9.50017e-07,1.68525e-08
108,1,-1,-9.32887e-07,1.68444e-08
110,1,-1,-9.15757e-07,1.68363e-08
112,1,-1,-8.98627e-07,1.68282e-08
114,1,-1,-8.81496e-07,1.68201e-08
116,1,-1,-8.64366e-07,1.6812e-08
118,1,-1,-8.47236e-07,1.68039e-08
120,1,-1,-8.30106e-07,1.67958e-08
122,1,-1,-8.12976e-07,1.67877e-08
124,1,-1,-7.95845e-07,1.67796e-08
126,1,-1,-7.78715e-07,1.67715e-08
128,1,-1,-7.83832e-07,1.65424e-08
130,1,-1,-7.97654e-07,1.62269e-08
132,1,-1,-8.11476e-07,1.59114e-08
134,1,-1,-8.25299e-07,1.55958e-08
136,1,-1,-8.39121e-07,1.52803e-08
138,1,-1,-8.52943e-07,1.49648e-08
140,1,-1,-8.66765e-07,1.46493e-08
142,1,-1,-8.80587e-07,1.43337e-08
144,1,-1,-8.9441e-07,1.40182e-08
146,1,-1,-9.08232e-07,1.37027e-08
148,1,-1,-9.22054e-07,1.33872e-08
150,1,-1,-9.35876e-07,1.30717e-08
152,1,-1,-9.49698e-07,1.27561e-08
154,1,-1,-9.63521e-07,1.24406e-08
156,1,-1,-9.48338e-07,1.25599e-08
158,1,-1,-9.17963e-07,1.29068e-08
160,1,-1,-8.87588e-07,1.32538e-08
162,1,-1,-8.57213e-07,1.36007e-08
164,1,-1,-8.26837e-07,1.39477e-08
166,1,-1,-7.96462e-07,1.42946e-08
168,1,-1,-7.66087e-07,1.46416e-08
170,1,-1,-7.35712e-07,1.49885e-08
172,1,-1,-7.05336e-07,1.53355e-08
174,1,-1,-6.74961e-07,1.56824e-08
176,1,-1,-6.44586e-07,1.60294e-08
178,1,-1,-6.14211e-07,1.63763e-08
180,1,-1,-5.83836e-07,1.67233e-08
182,1,-1,-5.5346e-07,1.70703e-08
184,1,-1,-5.72851e-07,1.68496e-08
186,1,-1,-6.26291e-07,1.62407e-08
188,1,-1,-6.79731e-07,1.56318e-08
190,1,-1,-7.33172e-07,1.50228e-08
192,1,-1,-7.86612e-07,1.44139e-08
194,1,-1,-8.40052e-07,1.38049e-08
196,1,-1,-8.93493e-07,1.3196e-08
198,1,-1,-9.46933e-07,1.2587e-08
200,1,-1,-1.00037e-06,1.19781e-08
202,1,-1,-1.05381e-06,1.13691e-08
204,1,-1,-1.10725e-06,1.07602e-08
206,1,-1,-1.16069e-06,1.01512e-08
208,1,-1,-1.21414e-06,9.5423e-09
210,1,-1,-1.26758e-06,8.93336e-09
212,1,-1,-1.26332e-06,8.94086e-09
214,1,-1,-1.20816e-06,9.49228e-09
216,1,-1,-1.15299e-06,1.00437e-08
218,1,-1,-1.09783e-06,1.05951e-08
220,1,-1,-1.04266e-06,1.11465e-08
222,1,-1,-9.87499e-07,1.1698e-08
224,1,-1,-9.32335e-07,1.22494e-08
226,1,-1,-8.7717e-07,1.28008e-08
228,1,-1,-8.22006e-07,1.33522e-08
230,1,-1,-7.66842e-07,1.39037e-08
232,1,-1,-7.11678e-07,1.44551e-08
234,1,-1,-6.56514e-07,1.50065e-08
236,1,-1,-6.01349e-07,1.55579e-08
238,1,-1,-5.46185e-07,1.61093e-08
240,1,-1,-5.43044e-07,1.6201e-08
242,1,-1,-5.98863e-07,1.57716e-08
244,1,-1,-6.54681e-07,1.53423e-08
246,1,-1,-7.105e-07,1.49129e-08
248,1,-1,-7.66318e-07,1.44835e-08
250,1,-1,-8.22137e-07,1.40542e-08
252,1,-1,-8.77956e-07,1.36248e-08
254,1,-1,-9.33774e-07,1.31954e-08
256,1,-1,-9.89593e-07,1.2766e-08
258,1,-1,-1.04541e-06,1.23367e-08
260,1,-1,-1.10123e-06,1.19073e-08
262,1,-1,-1.15705e-06,1.14779e-08
264,1,-1,-1.21287e-06,1.10485e-08
266,1,-1,-1.26869e-06,1.06192e-08
268,1,-1,-1.28726e-06,1.05461e-08
270,1,-1,-1.2514e-06,1.09939e-08
272,1,-1,-1.21554e-06,1.14417e-08
274,1,-1,-1.17969e-06,1.18895e-08
276,1,-1,-1.14383e-06,1.23373e-08
278,1,-1,-1.10797e-06,1.27851e-08
280,1,-1,-1.07211e-06,1.32329e-08
282,1,-1,-1.03626e-06,1.36807e-08
284,1,-1,-1.0004e-06,1.41285e-08
286,1,-1,-9.6454e-07,1.45763e-08
288,1,-1,-9.28683e-07,1.50241e-08
290,1,-1,-8.92825e-07,1.54719e-08
292,1,-1,-8.56967e-07,1.59196e-08
294,1,-1,-8.21109e-07,1.63674e-08
296,1,-1,-8.03264e-07,1.66206e-08
298,1,-1,-8.19804e-07,1.6502e-08
300,1,-1,-8.36345e-07,1.63835e-08
302,1,-1,-8.52886e-07,1.6265e-08
304,1,-1,-8.69427e-07,1.61465e-08
306,1,-1,-8.85968e-07,1.6028e-08
308,1,-1,-9.02509e-07,1.59094e-08
310,1,-1,-9.1905e-07,1.57909e-08
312,1,-1,-9.35591e-07,1.56724e-08
314,1,-1,-9.52132e-07,1.55539e-08
316,1,-1,-9.68673e-07,1.54354e-08
318,1,-1,-9.85214e-07,1.53168e-08
320,1,-1,-1.00175e-06,1.51983e-08
322,1,-1,-1.0183e-06,1.50798e-08
324,1,-1,-1.02528e-06,1.50023e-08
326,1,-1,-1.00786e-06,1.50296e-08
328,1,-1,-9.90436e-07,1.50568e-08
330,1,-1,-9.73012e-07,1.50841e-08
332,1,-1,-9.55588e-07,1.51114e-08
334,1,-1,-9.38164e-07,1.51387e-08
336,1,-1,-9.20741e-07,1.5166e-08
338,1,-1,-9.03317e-07,1.51933e-08
340,1,-1,-8.85893e-07,1.52205e-08
342,1,-1,-8.68469e-07,1.52478e-08
344,1,-1,-8.51045e-07,1.52751e-08
346,1,-1,-8.33621e-07,1.53024e-08
348,1,-1,-8.16197e-07,1.53297e-08
350,1,-1,-7.98773e-07,1.5357e-08
352,1,-1,-7.87911e-07,1.53708e-08
354,1,-1,-8.00481e-07,1.53364e-08
356,1,-1,-8.13052e-07,1.5302e-08
358,1,-1,-8.25622e-07,1.52676e-08
360,1,-1,-8.38193e-07,1.52332e-08
362,1,-1,-8.50763e-07,1.51989e-08
364,1,-1,-8.63334e-07,1.51645e-08
366,1,-1,-8.75905e-07,1.51301e-08
368,1,-1,-8.88475e-07,1.50957e-08
370,1,-1,-9.01046e-07,1.50613e-08
372,1,-1,-9.13616e-07,1.5027e-08
374,1,-1,-9.26187e-07,1.49926e-08
376,1,-1,-9.38757e-07,1.49582e-08
378,1,-1,-9.51328e-07,1.49238e-08
380,1,-1,-9.56992e-07,1.49284e-08
382,1,-1,-9.25363e-07,1.5143e-08
384,1,-1,-8.93735e-07,1.53576e-08
386,1,-1,-8.62106e-07,1.55722e-08
388,1,-1,-8.30477e-07,1.57868e-08
390,1,-1,-7.98848e-07,1.60013e-08
392,1,-1,-7.67219e-07,1.62159e-08
394,1,-1,-7.3559e-07,1.64305e-08
396,1,-1,-7.03961e-07,1.66451e-08
398,1,-1,-6.72333e-07,1.68597e-08
400,1,-1,-6.40704e-07,1.70743e-08
402,1,-1,-6.09075e-07,1.72889e-08
404,1,-1,-5.77446e-07,1.75035e-08
406,1,-1,-5.45817e-07,1.77181e-08
408,1,-1,-5.20964e-07,1.78592e-08
410,1,-1,-5.61617e-07,1.7289e-08
412,1,-1,-6.02269e-07,1.67188e-08
414,1,-1,-6.42922e-07,1.61486e-08
416,1,-1,-6.83574e-07,1.55784e-08
418,1,-1,-7.24226e-07,1.50082e-08
420,1,-1,-7.64879e-07,1.4438e-08
422,1,-1,-8.05531e-07,1.38678e-08
424,1,-1,-8.46183e-07,1.32976e-08
426,1,-1,-8.86836e-07,1.27274e-08
428,1,-1,-9.27488e-07,1.21572e-08
430,1,-1,-9.6814e-07,1.15869e-08
432,1,-1,-1.00879e-06,1.10167e-08
434,1,-1,-1.04945e-06,1.04465e-08
436,1,-1,-1.08719e-06,9.90473e-09
438,1,-1,-1.03469e-06,1.02428e-08
440,1,-1,-9.82198e-07,1.0581e-08
442,1,-1,-9.29704e-07,1.09191e-08
444,1,-1,-8.7721e-07,1.12572e-08
446,1,-1,-8.24716e-07,1.15953e-08
448,1,-1,-7.72221e-07,1.19334e-08
