x,v,vx,vy,vz
0,0.992021,-0.992021,0.000109365,4.11035e-05
2,0.991991,-0.991991,0.000161691,4.03052e-05
4,0.991961,-0.991961,0.000214017,3.9507e-05
6,0.991931,-0.991931,0.000266343,3.87087e-05
8,0.991901,-0.991901,0.000318669,3.79105e-05
10,0.99187,-0.99187,0.000370995,3.71122e-05
12,0.99184,-0.99184,0.000423321,3.6314e-05
14,0.99181,-0.99181,0.000475647,3.55157e-05
16,0.991591,-0.991591,0.000509776,3.55936e-05
18,0.991366,-0.991366,0.000543318,3.56998e-05
20,0.991141,-0.991141,0.000576861,3.58059e-05
22,0.990916,-0.990916,0.000610403,3.5912e-05
24,0.990691,-0.990691,0.000643945,3.60182e-05
26,0.990466,-0.990466,0.000677488,3.61243e-05
28,0.990241,-0.99024,0.00071103,3.62304e-05
30,0.990016,-0.990015,0.000744572,3.63366e-05
32,0.989791,-0.98979,0.000778115,3.64427e-05
34,0.989565,-0.989565,0.000811657,3.65489e-05
36,0.98934,-0.98934,0.000845199,3.6655e-05
38,0.989115,-0.989115,0.000878742,3.67611e-05
40,0.98889,-0.98889,0.000912284,3.68673e-05
42,0.988665,-0.988665,0.000945827,3.69734e-05
44,0.988364,-0.988364,0.00104162,3.73542e-05
46,0.988055,-0.988055,0.00114386,3.77634e-05
48,0.987747,-0.987746,0.0012461,3.81726e-05
50,0.987438,-0.987437,0.00134834,3.85818e-05
52,0.987129,-0.987128,0.00145057,3.8991e-05
54,0.986821,-0.986819,0.00155281,3.94002e-05
56,0.986512,-0.986511,0.00165505,3.98094e-05
58,0.986203,-0.986202,0.00175728,4.02186e-05
60,0.985895,-0.985893,0.00185952,4.06278e-05
62,0.985586,-0.985584,0.00196176,4.1037e-05
64,0.985277,-0.985275,0.002064,4.14462e-05
66,0.984969,-0.984966,0.00216623,4.18554e-05
68,0.98466,-0.984657,0.00226847,4.22646e-05
70,0.984351,-0.984349,0.00237071,4.26738e-05
72,0.983437,-0.983434,0.00239965,4.25509e-05
74,0.982409,-0.982406,0.00241503,4.23296e-05
76,0.981382,-0.981379,0.0024304,4.21082e-05
78,0.980355,-0.980352,0.00244578,4.18868e-05
80,0.979328,-0.979325,0.00246115,4.16655e-05
82,0.978301,-0.978298,0.00247653,4.14441e-05
84,0.977274,-0.977271,0.0024919,4.12227e-05
86,0.976247,-0.976244,0.00250728,4.10014e-05
88,0.97522,-0.975216,0.00252265,4.078e-05
90,0.974193,-0.974189,0.00253802,4.05586e-05
92,0.973165,-0.973162,0.0025534,4.03373e-05
94,0.972138,-0.972135,0.00256877,4.01159e-05
96,0.971111,-0.971108,0.00258415,3.98946e-05
98,0.970084,-0.970081,0.00259952,3.96732e-05
100,0.968943,-0.968939,0.00286314,4.65464e-05
102,0.96777,-0.967765,0.00319626,5.5406e-05
104,0.966597,-0.966591,0.00352938,6.42656e-05
106,0.965425,-0.965417,0.0038625,7.31253e-05
108,0.964252,-0.964243,0.00419562,8.19849e-05
110,0.96308,-0.963069,0.00452874,9.08446e-05
112,0.961907,-0.961895,0.00486186,9.97042e-05
114,0.960735,-0.960721,0.00519498,0.000108564
116,0.959563,-0.959547,0.0055281,0.000117424
118,0.958391,-0.958373,0.00586122,0.000126283
120,0.957219,-0.957199,0.00619434,0.000135143
122,0.956047,-0.956025,0.00652746,0.000144002
124,0.954876,-0.954851,0.00686058,0.000152862
126,0.953704,-0.953677,0.0071937,0.000161722
128,0.949951,-0.949921,0.0075645,0.000168889
130,0.945187,-0.945154,0.00795005,0.000175394
132,0.940424,-0.940387,0.00833559,0.000181899
134,0.935661,-0.93562,0.00872114,0.000188404
136,0.930897,-0.930853,0.00910669,0.000194909
138,0.926135,-0.926086,0.00949223,0.000201414
140,0.921372,-0.921319,0.00987778,0.000207919
142,0.916609,-0.916552,0.0102633,0.000214424
144,0.911847,-0.911785,0.0106489,0.000220929
146,0.907085,-0.907018,0.0110344,0.000227434
148,0.902323,-0.902251,0.01142,0.000233939
150,0.897562,-0.897484,0.0118055,0.000240444
152,0.8928,-0.892717,0.0121911,0.00024695
154,0.888039,-0.88795,0.0125766,0.000253455
156,0.877474,-0.877362,0.0140577,0.00029401
158,0.863875,-0.863724,0.0161127,0.000352402
160,0.850281,-0.850087,0.0181676,0.000410794
162,0.836694,-0.836449,0.0202226,0.000469186
164,0.823113,-0.822812,0.0222776,0.000527577
166,0.80954,-0.809174,0.0243325,0.000585969
168,0.795974,-0.795537,0.0263875,0.000644361
170,0.764518,-0.764031,0.0272265,0.00189019
172,0.746644,-0.746078,0.0289877,0.00223536
174,0.728779,-0.728125,0.030749,0.00258053
176,0.709243,-0.708477,0.0328186,0.00290457
178,0.676069,-0.675027,0.0373987,0.00305656
180,0.642956,-0.641576,0.0419788,0.00320854
182,0.609914,-0.608126,0.0465588,0.00336052
184,0.57008,-0.567476,0.0542773,0.00400058
186,0.529749,-0.526197,0.0610606,0.00467182
188,0.494575,-0.490301,0.0646718,0.00522906
190,0.460496,-0.455461,0.0676604,0.00576393
192,0.42656,-0.420622,0.0706489,0.00629879
194,0.385524,-0.378756,0.0716496,0.0063043
196,0.329212,-0.321979,0.0684319,0.00518651
198,0.273134,-0.265203,0.0652142,0.00406873
200,0.217471,-0.208426,0.0619965,0.00295095
202,0.166454,-0.157803,0.0529384,-0.00172988
204,0.10969,-0.103735,0.0348739,-0.00739072
206,0.0520899,-0.0470681,0.0177662,-0.0135021
208,0.034867,0.0247756,0.00823048,-0.0231114
210,0.094102,0.0879965,-0.000525318,-0.0333397
212,0.159116,0.154704,0.0110159,-0.0355416
214,0.219887,0.219059,0.0105452,-0.0158854
216,0.292342,0.290412,-0.00908104,0.0322816
218,0.381883,0.371469,-0.0132659,0.0875765
220,0.434809,0.416503,0.122008,0.0264349
222,0.455934,0.341863,0.292877,-0.0723103
224,0.38661,0.181916,0.327052,-0.0970099
226,0.38447,0.0553927,0.372478,-0.0775187
228,0.412577,-0.0118011,0.398927,-0.104585
230,0.428196,-0.0454734,0.380733,-0.190593
232,0.438437,-0.112459,0.343069,-0.248763
234,0.492236,-0.254341,0.306182,-0.289585
236,0.55329,-0.416667,0.221919,-0.288566
238,0.571579,-0.52286,0.116618,-0.1993
240,0.556058,-0.554882,0.0254655,-0.0256612
242,0.546007,-0.523474,-0.0534251,0.145751
244,0.531522,-0.462408,-0.0996971,0.242394
246,0.477245,-0.400882,-0.11217,0.233396
248,0.41739,-0.350064,-0.116122,0.195411
250,0.42851,-0.387988,-0.111113,0.144014
252,0.454583,-0.43074,-0.10374,0.10172
254,0.497071,-0.482366,-0.0879832,0.081619
256,0.548004,-0.53907,-0.0829081,0.0532704
258,0.59302,-0.586789,-0.0753338,0.0409408
260,0.634811,-0.630274,-0.0665818,0.0361604
262,0.676963,-0.673758,-0.0578297,0.03138
264,0.716647,-0.714451,-0.049394,0.0265049
266,0.742443,-0.74092,-0.04257,0.0211471
268,0.756829,-0.755745,-0.0382813,0.0132172
270,0.7849,-0.784202,-0.0313646,0.0105661
272,0.813066,-0.81266,-0.0244479,0.00791506
274,0.841316,-0.841117,-0.0175312,0.00526397
276,0.849408,-0.849237,-0.0164063,0.0046832
278,0.85502,-0.854859,-0.0159927,0.00435669
280,0.860632,-0.860481,-0.0155791,0.00403017
282,0.862537,-0.862326,-0.0187656,0.00344211
284,0.869327,-0.869151,-0.0172057,0.00319887
286,0.876121,-0.875976,-0.0156458,0.00295563
288,0.882917,-0.882801,-0.014086,0.00271239
290,0.889717,-0.889626,-0.0125261,0.00246916
292,0.89652,-0.89645,-0.0109662,0.00222592
294,0.903326,-0.903275,-0.00940637,0.00198268
296,0.909222,-0.909182,-0.00835632,0.00178594
298,0.913376,-0.913337,-0.00827955,0.00167797
300,0.91753,-0.917492,-0.00820278,0.00157
302,0.921684,-0.921647,-0.00812601,0.00146203
304,0.925838,-0.925802,-0.00804923,0.00135406
306,0.929992,-0.929957,-0.00797246,0.00124609
308,0.934146,-0.934112,-0.00789569,0.00113812
310,0.9383,-0.938267,-0.00781892,0.00103015
312,0.942454,-0.942421,-0.00774215,0.000922175
314,0.946608,-0.946576,-0.00766538,0.000814204
316,0.950762,-0.950731,-0.00758861,0.000706234
318,0.954916,-0.954886,-0.00751184,0.000598263
320,0.95907,-0.959041,-0.00743506,0.000490292
322,0.963224,-0.963196,-0.00735829,0.000382321
324,0.966383,-0.966356,-0.0071985,0.000305439
326,0.966997,-0.966973,-0.00682653,0.000308007
328,0.967611,-0.967589,-0.00645456,0.000310575
330,0.968225,-0.968206,-0.00608259,0.000313142
332,0.96884,-0.968823,-0.00571062,0.00031571
334,0.969454,-0.969439,-0.00533865,0.000318278
336,0.970069,-0.970056,-0.00496668,0.000320845
338,0.970684,-0.970673,-0.00459471,0.000323413
340,0.971299,-0.97129,-0.00422274,0.000325981
342,0.971914,-0.971906,-0.00385077,0.000328549
344,0.972529,-0.972523,-0.0034788,0.000331116
346,0.973145,-0.97314,-0.00310683,0.000333684
348,0.97376,-0.973756,-0.00273486,0.000336252
350,0.974376,-0.974373,-0.00236289,0.000338819
352,0.975054,-0.975051,-0.00206714,0.000337274
354,0.975951,-0.975949,-0.0020436,0.000321039
356,0.976849,-0.976847,-0.00202006,0.000304803
358,0.977747,-0.977745,-0.00199651,0.000288568
360,0.978645,-0.978643,-0.00197297,0.000272333
362,0.979542,-0.97954,-0.00194943,0.000256098
364,0.98044,-0.980438,-0.00192588,0.000239863
366,0.981338,-0.981336,-0.00190234,0.000223628
368,0.982235,-0.982234,-0.0018788,0.000207392
370,0.983133,-0.983131,-0.00185525,0.000191157
372,0.984031,-0.984029,-0.00183171,0.000174922
374,0.984929,-0.984927,-0.00180817,0.000158687
376,0.985826,-0.985825,-0.00178462,0.000142452
378,0.986724,-0.986723,-0.00176108,0.000126216
380,0.987508,-0.987506,-0.00172712,0.000112203
382,0.987674,-0.987673,-0.00163692,0.00011019
384,0.98784,-0.987839,-0.00154671,0.000108177
386,0.988007,-0.988006,-0.00145651,0.000106164
388,0.988173,-0.988172,-0.0013663,0.00010415
390,0.988339,-0.988338,-0.0012761,0.000102137
392,0.988506,-0.988505,-0.00118589,0.000100124
394,0.988672,-0.988671,-0.00109569,9.81103e-05
396,0.988838,-0.988838,-0.00100548,9.6097e-05
398,0.989005,-0.989004,-0.000915276,9.40837e-05
400,0.989171,-0.989171,-0.000825071,9.20704e-05
402,0.989338,-0.989337,-0.000734866,9.00571e-05
404,0.989504,-0.989504,-0.000644661,8.80438e-05
406,0.98967,-0.98967,-0.000554455,8.60305e-05
408,0.989837,-0.989837,-0.000471279,8.3956e-05
410,0.990009,-0.990009,-0.000456051,8.12901e-05
412,0.99018,-0.99018,-0.000440822,7.86242e-05
414,0.990352,-0.990352,-0.000425593,7.59582e-05
416,0.990523,-0.990523,-0.000410364,7.32923e-05
418,0.990695,-0.990695,-0.000395135,7.06263e-05
420,0.990866,-0.990866,-0.000379906,6.79604e-05
422,0.991038,-0.991038,-0.000364678,6.52945e-05
424,0.991209,-0.991209,-0.000349449,6.26285e-05
426,0.991381,-0.991381,-0.00033422,5.99626e-05
428,0.991552,-0.991552,-0.000318991,5.72966e-05
430,0.991724,-0.991723,-0.000303762,5.46307e-05
432,0.991895,-0.991895,-0.000288534,5.19647e-05
434,0.992067,-0.992066,-0.000273305,4.92988e-05
436,0.992232,-0.992232,-0.000256917,4.66912e-05
438,0.992202,-0.992202,-0.000204591,4.5893e-05
440,0.992171,-0.992171,-0.000152265,4.50947e-05
442,0.992141,-0.992141,-9.99388e-05,4.42965e-05
444,0.992111,-0.992111,-4.76129e-05,4.34982e-05
446,0.992081,-0.992081,4.71308e-06,4.27e-05
448,0.992051,-0.992051,5.7039e-05,4.19017e-05
