R,v,vx,vy,vz
-100,1,-1,7.60495e-07,6.33596e-08
-99,1,-1,7.67599e-07,6.40153e-08
-98,1,-1,7.72208e-07,6.44778e-08
-97,1,-1,7.76818e-07,6.49407e-08
-96,1,-1,7.81429e-07,6.54041e-08
-95,1,-1,7.86042e-07,6.58679e-08
-94,1,-1,7.90656e-07,6.6332e-08
-93,1,-1,7.95271e-07,6.67966e-08
-92,1,-1,7.99888e-07,6.72616e-08
-91,1,-1,8.04505e-07,6.7727e-08
-90,1,-1,8.09125e-07,6.81929e-08
-89,1,-1,8.13745e-07,6.86591e-08
-88,1,-1,8.18367e-07,6.91258e-08
-87,1,-1,8.2299e-07,6.95928e-08
-86,1,-1,8.27615e-07,7.00603e-08
-85,1,-1,8.32241e-07,7.05282e-08
-84,1,-1,8.36868e-07,7.09965e-08
-83,1,-1,8.41496e-07,7.14652e-08
-82,1,-1,8.46126e-07,7.19344e-08
-81,1,-1,8.50757e-07,7.24039e-08
-80,1,-1,8.55389e-07,7.28739e-08
-79,1,-1,8.60023e-07,7.33443e-08
-78,1,-1,8.64658e-07,7.38151e-08
-77,1,-1,8.69294e-07,7.42863e-08
-76,1,-1,8.73932e-07,7.47579e-08
-75,1,-1,8.78571e-07,7.52299e-08
-74,1,-1,8.83212e-07,7.57024e-08
-73,1,-1,8.87853e-07,7.61753e-08
-72,1,-1,8.92496e-07,7.66485e-08
-71,1,-1,8.9714e-07,7.71222e-08
-70,1,-1,8.99504e-07,7.78044e-08
-69,1,-1,9.01439e-07,7.85259e-08
-68,1,-1,9.03371e-07,7.92478e-08
-67,1,-1,9.05299e-07,7.99704e-08
-66,1,-1,9.07223e-07,8.06935e-08
-65,1,-1,9.09143e-07,8.14171e-08
-64,1,-1,9.11059e-07,8.21413e-08
-63,1,-1,9.12972e-07,8.28661e-08
-62,1,-1,9.14881e-07,8.35914e-08
-61,1,-1,9.16786e-07,8.43172e-08
-60,1,-1,9.18687e-07,8.50436e-08
-59,1,-1,9.20584e-07,8.57706e-08
-58,1,-1,9.22478e-07,8.64981e-08
-57,1,-1,9.24368e-07,8.72262e-08
-56,1,-1,9.26254e-07,8.79548e-08
-55,1,-1,9.28136e-07,8.8684e-08
-54,1,-1,9.30014e-07,8.94137e-08
-53,1,-1,9.31889e-07,9.0144e-08
-52,1,-1,9.33759e-07,9.08749e-08
-51,1,-1,9.35626e-07,9.16063e-08
-50,1,-1,9.37489e-07,9.23383e-08
-49,1,-1,9.39348e-07,9.30708e-08
-48,1,-1,9.41204e-07,9.38039e-08
-47,1,-1,9.43056e-07,9.45375e-08
-46,1,-1,9.44903e-07,9.52717e-08
-45,1,-1,9.46747e-07,9.60064e-08
-44,1,-1,9.48588e-07,9.67418e-08
-43,1,-1,9.50424e-07,9.74776e-08
-42,1,-1,9.41633e-07,9.80298e-08
-41,1,-1,9.22459e-07,9.84024e-08
-40,1,-1,9.03277e-07,9.87754e-08
-39,1,-1,8.84086e-07,9.91487e-08
-38,1,-1,8.64886e-07,9.95223e-08
-37,1,-1,8.45677e-07,9.98963e-08
-36,1,-1,8.2646e-07,1.00271e-07
-35,1,-1,8.07233e-07,1.00645e-07
-34,1,-1,7.87998e-07,1.0102e-07
-33,1,-1,7.68754e-07,1.01396e-07
-32,1,-1,7.495e-07,1.01771e-07
-31,1,-1,7.30238e-07,1.02147e-07
-30,1,-1,7.10968e-07,1.02523e-07
-29,1,-1,6.91688e-07,1.029e-07
-28,1,-1,6.72399e-07,1.03277e-07
-27,1,-1,6.53102e-07,1.03654e-07
-26,1,-1,6.33795e-07,1.04032e-07
-25,1,-1,6.1448e-07,1.0441e-07
-24,1,-1,5.95156e-07,1.04788e-07
-23,1,-1,5.75823e-07,1.05167e-07
-22,1,-1,5.56481e-07,1.05546e-07
-21,1,-1,5.3713e-07,1.05925e-07
-20,1,-1,5.17771e-07,1.06305e-07
-19,1,-1,4.98402e-07,1.06685e-07
-18,1,-1,4.79025e-07,1.07065e-07
-17,1,-1,4.59639e-07,1.07446e-07
-16,1,-1,4.40244e-07,1.07827e-07
-15,1,-1,4.2084e-07,1.08208e-07
-14,1,-1,4.01356e-07,1.0865e-07
-13,1,-1,3.81518e-07,1.09394e-07
-12,1,-1,3.61675e-07,1.1014e-07
-11,1,-1,3.41828e-07,1.10887e-07
-10,1,-1,3.21976e-07,1.11636e-07
-9,1,-1,3.02119e-07,1.12386e-07
-8,1,-1,2.82258e-07,1.13138e-07
-7,1,-1,2.62392e-07,1.13892e-07
-6,1,-1,2.42522e-07,1.14648e-07
-5,1,-1,2.22647e-07,1.15405e-07
-4,1,-1,2.02768e-07,1.16164e-07
-3,1,-1,1.82884e-07,1.16925e-07
-2,1,-1,1.62996e-07,1.17687e-07
-1,1,-1,1.43102e-07,1.18452e-07
0,1,-1,1.23205e-07,1.19217e-07
1,1,-1,1.0391e-07,1.19985e-07
2,1,-1,8.46153e-08,1.20754e-07
3,1,-1,6.53212e-08,1.21524e-07
4,1,-1,4.60276e-08,1.22296e-07
5,1,-1,2.67345e-08,1.2307e-07
6,1,-1,7.44189e-09,1.23846e-07
7,1,-1,-1.18503e-08,1.24623e-07
8,1,-1,-3.1142e-08,1.25401e-07
9,1,-1,-5.04333e-08,1.26181e-07
10,1,-1,-6.97241e-08,1.26963e-07
11,1,-1,-8.90144e-08,1.27747e-07
12,1,-1,-1.08304e-07,1.28532e-07
13,1,-1,-1.27594e-07,1.29319e-07
14,1,-1,-1.46883e-07,1.30107e-07
15,1,-1,-1.40764e-07,1.3057e-07
16,1,-1,-1.29513e-07,1.30967e-07
17,1,-1,-1.18262e-07,1.31362e-07
18,1,-1,-1.07011e-07,1.31755e-07
19,1,-1,-9.57618e-08,1.32147e-07
20,1,-1,-8.4513e-08,1.32538e-07
21,1,-1,-7.3265e-08,1.32928e-07
22,1,-1,-6.20178e-08,1.33316e-07
23,1,-1,-5.07713e-08,1.33703e-07
24,1,-1,-3.95256e-08,1.34089e-07
25,1,-1,-2.82806e-08,1.34473e-07
26,1,-1,-1.70364e-08,1.34856e-07
27,1,-1,-5.79294e-09,1.35237e-07
28,1,-1,5.44976e-09,1.35617e-07
29,1,-1,1.66917e-08,1.35996e-07
30,1,-1,2.79329e-08,1.36373e-07
31,1,-1,3.91734e-08,1.3675e-07
32,1,-1,5.0413e-08,1.37124e-07
33,1,-1,6.1652e-08,1.37498e-07
34,1,-1,7.28901e-08,1.3787e-07
35,1,-1,8.41276e-08,1.3824e-07
36,1,-1,9.53642e-08,1.3861e-07
37,1,-1,1.066e-07,1.38978e-07
38,1,-1,1.17835e-07,1.39344e-07
39,1,-1,1.2907e-07,1.3971e-07
40,1,-1,1.40303e-07,1.40073e-07
41,1,-1,1.51536e-07,1.40436e-07
42,1,-1,1.62768e-07,1.40797e-07
43,1,-1,1.70116e-07,1.41387e-07
44,1,-1,1.73513e-07,1.4221e-07
45,1,-1,1.76911e-07,1.43033e-07
46,1,-1,1.80309e-07,1.43856e-07
47,1,-1,1.83707e-07,1.4468e-07
48,1,-1,1.87106e-07,1.45504e-07
49,1,-1,1.90505e-07,1.46328e-07
50,1,-1,1.93905e-07,1.47152e-07
51,1,-1,1.97306e-07,1.47976e-07
52,1,-1,2.00707e-07,1.48801e-07
53,1,-1,2.04108e-07,1.49625e-07
54,1,-1,2.0751e-07,1.5045e-07
55,1,-1,2.10912e-07,1.51275e-07
56,1,-1,2.14315e-07,1.52101e-07
57,1,-1,2.17719e-07,1.52926e-07
58,1,-1,2.21123e-07,1.53752e-07
59,1,-1,2.24527e-07,1.54578e-07
60,1,-1,2.27932e-07,1.55404e-07
61,1,-1,2.31338e-07,1.5623e-07
62,1,-1,2.34743e-07,1.57056e-07
63,1,-1,2.3815e-07,1.57883e-07
64,1,-1,2.41557e-07,1.5871e-07
65,1,-1,2.44964e-07,1.59537e-07
66,1,-1,2.48372e-07,1.60364e-07
67,1,-1,2.51781e-07,1.61192e-07
68,1,-1,2.5519e-07,1.62019e-07
69,1,-1,2.58599e-07,1.62847e-07
70,1,-1,2.62009e-07,1.63675e-07
71,1,-1,2.6519e-07,1.64419e-07
72,1,-1,2.67163e-07,1.64715e-07
73,1,-1,2.69138e-07,1.6501e-07
74,1,-1,2.71115e-07,1.65304e-07
75,1,-1,2.73093e-07,1.65595e-07
76,1,-1,2.75073e-07,1.65885e-07
77,1,-1,2.77055e-07,1.66173e-07
78,1,-1,2.79039e-07,1.66459e-07
79,1,-1,2.81024e-07,1.66743e-07
80,1,-1,2.83011e-07,1.67025e-07
81,1,-1,2.85e-07,1.67306e-07
82,1,-1,2.8699e-07,1.67585e-07
83,1,-1,2.88982e-07,1.67862e-07
84,1,-1,2.90976e-07,1.68137e-07
85,1,-1,2.92971e-07,1.68411e-07
86,1,-1,2.94969e-07,1.68683e-07
87,1,-1,2.96968e-07,1.68953e-07
88,1,-1,2.98968e-07,1.69221e-07
89,1,-1,3.00971e-07,1.69487e-07
90,1,-1,3.02975e-07,1.69752e-07
91,1,-1,3.04981e-07,1.70015e-07
92,1,-1,3.06988e-07,1.70276e-07
93,1,-1,3.08998e-07,1.70535e-07
94,1,-1,3.11009e-07,1.70792e-07
95,1,-1,3.13021e-07,1.71048e-07
96,1,-1,3.15036e-07,1.71302e-07
97,1,-1,3.17052e-07,1.71554e-07
98,1,-1,3.1907e-07,1.71804e-07
99,1,-1,3.21089e-07,1.72053e-07
