R,v,vx,vy,vz
-100,0.459995,-0.459852,0.0094885,-0.00641455
-99,0.461114,-0.460955,0.00947448,-0.00752566
-98,0.462231,-0.462053,0.00946262,-0.00867557
-97,0.463346,-0.463145,0.00945291,-0.0098642
-96,0.464459,-0.464231,0.00944532,-0.0110915
-95,0.465571,-0.465311,0.00943985,-0.0123574
-94,0.496408,-0.496046,0.0170428,-0.00826041
-93,0.503861,-0.503439,0.0187561,-0.00855944
-92,0.511166,-0.510677,0.0204634,-0.00900618
-91,0.518326,-0.517763,0.0221648,-0.0096001
-90,0.528698,-0.528036,0.0237502,-0.0116643
-89,0.54186,-0.541061,0.0252588,-0.0150575
-88,0.55469,-0.553731,0.0268004,-0.0185582
-87,0.567189,-0.566044,0.0283751,-0.0221668
-86,0.59739,-0.594946,0.0446736,-0.0303048
-85,0.618483,-0.61519,0.0522239,-0.0365459
-84,0.631931,-0.62823,0.0525376,-0.0436311
-83,0.640239,-0.636307,0.0488317,-0.0513305
-82,0.647725,-0.643384,0.0456863,-0.0593168
-81,0.654398,-0.64947,0.0430951,-0.0675877
-80,0.662091,-0.657353,0.0348018,-0.0709928
-79,0.670958,-0.666831,0.02272,-0.0707444
-78,0.679925,-0.676148,0.0111018,-0.0707061
-77,0.688952,-0.685296,-5.52391e-05,-0.0708767
-76,0.694444,-0.691647,-0.0151215,-0.0603928
-75,0.698855,-0.696563,-0.0309067,-0.0473623
-74,0.703277,-0.700875,-0.0458877,-0.0355934
-73,0.707584,-0.704584,-0.0600664,-0.0250767
-72,0.707948,-0.704747,-0.0635797,-0.0219128
-71,0.708222,-0.704914,-0.06539,-0.0199723
-70,0.709375,-0.705893,-0.0679373,-0.0176819
-69,0.711404,-0.70767,-0.0712188,-0.0150413
-68,0.693919,-0.690595,-0.0626344,-0.0260464
-67,0.673629,-0.67037,-0.053508,-0.0389492
-66,0.653384,-0.649727,-0.0456611,-0.0517692
-65,0.633187,-0.628679,-0.0390865,-0.0645015
-64,0.613224,-0.608683,-0.027118,-0.0693799
-63,0.593631,-0.588805,-0.0157845,-0.0738792
-62,0.574392,-0.568974,-0.00550281,-0.0785085
-61,0.555473,-0.549186,0.00368879,-0.0832534
-60,0.531931,-0.525344,0.0013231,-0.0834415
-59,0.508701,-0.501788,-0.00101121,-0.0835696
-58,0.485794,-0.478528,-0.00331044,-0.083643
-57,0.462513,-0.454941,-0.00651344,-0.0830918
-56,0.430044,-0.422926,-0.0225803,-0.0745751
-55,0.39845,-0.391056,-0.0386479,-0.0659038
-54,0.367926,-0.359329,-0.0547251,-0.0570769
-53,0.33915,-0.328454,-0.0695529,-0.0479918
-52,0.314276,-0.302776,-0.0751312,-0.038097
-51,0.289742,-0.27542,-0.0896153,-0.00797027
-50,0.267899,-0.246473,-0.104042,0.0140027
-49,0.252615,-0.233425,-0.0956974,0.0129991
-48,0.236774,-0.221168,-0.0841038,0.00854718
-47,0.212157,-0.2025,-0.062914,-0.00679122
-46,0.190783,-0.185652,-0.0433246,-0.00736632
-45,0.184559,-0.180542,-0.0231432,0.0305125
-44,0.186701,-0.174106,-0.00743057,0.0670012
-43,0.190336,-0.163655,-0.00445347,0.0970826
-42,0.195354,-0.155735,-0.000800614,0.117937
-41,0.189924,-0.150303,0.00364289,0.116045
-40,0.186075,-0.143848,0.0147918,0.117102
-39,0.188171,-0.132905,0.0452328,0.125293
-38,0.187595,-0.116992,0.0780106,0.124174
-37,0.181918,-0.0925236,0.116995,0.104142
-36,0.191121,-0.0663452,0.159334,0.0820869
-35,0.217373,-0.0378214,0.206789,0.055309
-34,0.235436,-0.0136089,0.234358,0.0179282
-33,0.242298,0.00629199,0.240069,-0.0321805
-32,0.250908,0.0252255,0.232446,-0.0910362
-31,0.268848,0.0433721,0.211576,-0.160105
-30,0.29947,0.0644489,0.197943,-0.215284
-29,0.330815,0.0861659,0.187359,-0.258672
-28,0.357957,0.108313,0.177934,-0.291103
-27,0.379669,0.129983,0.169163,-0.314065
-26,0.400381,0.15116,0.164949,-0.332035
-25,0.42081,0.172418,0.164245,-0.346953
-24,0.444869,0.207106,0.152646,-0.362926
-23,0.471441,0.248197,0.138426,-0.376156
-22,0.483769,0.266241,0.138387,-0.37947
-21,0.488495,0.272599,0.146006,-0.378152
-20,0.481548,0.273027,0.184542,-0.351125
-19,0.476808,0.270692,0.2362,-0.313498
-18,0.467006,0.264561,0.290028,-0.252955
-17,0.467298,0.257313,0.344637,-0.18271
-16,0.483583,0.256359,0.394961,-0.110175
-15,0.516284,0.258418,0.445697,-0.0335156
-14,0.565696,0.278495,0.48709,0.07208
-13,0.646018,0.315407,0.529202,0.194431
-12,0.66225,0.287657,0.51839,0.295128
-11,0.681848,0.233022,0.497902,0.403375
-10,0.526412,-0.0124839,0.396404,0.346147
-9,0.500942,-0.336075,0.275194,0.249528
-8,1.28852,-1.27965,0.148187,0.0287934
-7,2.68243,-2.65263,-0.0463181,-0.396031
-6,4.35399,-4.18109,-0.596897,-1.05802
-5,6.01883,-5.66458,-1.13667,-1.68725
-4,7.57067,-7.13293,-1.39571,-2.11859
-3,8.94982,-8.45676,-1.60383,-2.4516
-2,9.46554,-9.00619,-1.5458,-2.46893
-1,9.86258,-9.44319,-1.50534,-2.41465
0,8.02486,-7.72414,-1.05305,-1.90452
1,6.42439,-6.22585,-0.688087,-1.42763
2,3.74323,-3.71747,0.228131,-0.374281
3,1.70422,-0.969462,1.20685,0.712752
4,1.59423,-1.06956,1.07055,0.501528
5,1.54734,-1.19901,0.94941,0.235116
6,1.15985,-0.639763,0.908926,0.331388
7,0.960236,-0.0970825,0.857997,0.420082
8,0.83908,-0.14407,0.732998,0.382115
9,0.696316,-0.171276,0.592435,0.323327
10,0.538873,-0.104076,0.457033,0.265843
11,0.396141,-0.0743096,0.33711,0.194326
12,0.323035,-0.164979,0.270762,0.0618236
13,0.33633,-0.25945,0.200636,-0.0744876
14,0.451665,-0.362003,0.140492,-0.230687
15,0.582596,-0.457919,0.0633177,-0.354569
16,0.653508,-0.524759,-0.0465546,-0.386695
17,0.72965,-0.586225,-0.124072,-0.416336
18,0.779412,-0.635325,-0.114935,-0.436617
19,0.808818,-0.666358,-0.080942,-0.451223
20,0.794499,-0.653814,0.0135889,-0.45119
21,0.780117,-0.644357,0.0769776,-0.432968
22,0.740135,-0.63685,0.0769014,-0.3692
23,0.715904,-0.643456,0.0483171,-0.310077
24,0.72343,-0.677054,-0.0413437,-0.251477
25,0.739912,-0.696374,-0.11499,-0.22206
26,0.763592,-0.710758,-0.165557,-0.224694
27,0.775278,-0.716551,-0.195758,-0.222011
28,0.773831,-0.716245,-0.203485,-0.210717
29,0.760463,-0.707123,-0.208209,-0.186894
30,0.735531,-0.685845,-0.216258,-0.15445
31,0.716131,-0.663878,-0.230729,-0.137382
32,0.61756,-0.573651,-0.164585,-0.158795
33,0.70832,-0.64016,-0.266244,-0.145005
34,0.724321,-0.653639,-0.278654,-0.140532
35,0.719848,-0.644102,-0.293263,-0.131567
36,0.643862,-0.596399,-0.232575,-0.0691028
37,0.659655,-0.60916,-0.24933,-0.0436324
38,0.656206,-0.610051,-0.241019,-0.0188304
39,0.639523,-0.602466,-0.214457,0.00577324
40,0.625262,-0.596168,-0.185997,0.0306828
41,0.613851,-0.591156,-0.155637,0.0558984
42,0.596212,-0.577844,-0.126252,0.0749982
43,0.575202,-0.559172,-0.0990189,0.0915374
44,0.480279,-0.44677,-0.149169,0.0938783
45,0.458757,-0.420696,-0.130662,0.128064
46,0.449347,-0.40339,-0.108546,0.16555
47,0.440956,-0.391437,-0.0877007,0.183108
48,0.433631,-0.381199,-0.071132,0.194071
49,0.446442,-0.40303,-0.0394751,0.187934
50,0.469053,-0.434947,-0.00687161,0.175456
51,0.494236,-0.471043,0.0356816,0.145311
52,0.525687,-0.507908,0.0785679,0.110466
53,0.543451,-0.528502,0.107878,0.0662306
54,0.56208,-0.545296,0.13474,0.0207857
55,0.538618,-0.520174,0.139743,-0.000827455
56,0.508587,-0.487871,0.14231,-0.0197541
57,0.472945,-0.457464,0.118093,-0.0214058
58,0.437294,-0.426477,0.0941368,-0.0219626
59,0.378806,-0.370503,0.0786536,-0.0059458
60,0.320801,-0.31416,0.0640334,0.0108093
61,0.271101,-0.266563,0.0137512,0.0474462
62,0.235618,-0.217745,-0.0356552,0.0826531
63,0.224134,-0.160964,-0.0852076,0.130638
64,0.243488,-0.103627,-0.134077,0.174847
65,0.243718,-0.103396,-0.168077,0.143031
66,0.224322,-0.0502522,-0.158957,0.150093
67,0.215297,0.00191533,-0.148654,0.155727
68,0.217289,0.0531062,-0.13717,0.159934
69,0.227607,0.10368,-0.123313,0.160778
70,0.2366,0.156432,-0.099938,0.146701
71,0.258082,0.209431,-0.0750658,0.130806
72,0.290104,0.262677,-0.0486964,0.113093
73,0.33142,0.317326,-0.0142437,0.094555
74,0.38838,0.376698,0.0509331,0.0796475
75,0.520341,0.503416,0.116797,0.0607063
76,0.601613,0.568615,0.191416,0.0444336
77,0.692032,0.643367,0.25411,0.0203762
78,0.775765,0.712192,0.307417,-0.00943986
79,0.837199,0.76813,0.329163,-0.0503058
80,0.887789,0.814369,0.341783,-0.0903109
81,0.911578,0.83999,0.330296,-0.127655
82,0.919218,0.850327,0.308554,-0.1634
83,0.896436,0.833082,0.266667,-0.196113
84,0.872911,0.816024,0.21018,-0.227821
85,0.852707,0.801815,0.128701,-0.260072
86,0.797927,0.751002,0.0493017,-0.265051
87,0.653242,0.620907,-0.026129,-0.201287
88,0.603101,0.562255,-0.103591,-0.192012
89,0.546983,0.498892,-0.162884,-0.154164
90,0.480579,0.4295,-0.19971,-0.0812489
91,0.434284,0.361567,-0.240422,-0.00831068
92,0.415327,0.295094,-0.28502,0.0646504
93,0.395242,0.250817,-0.281212,0.119275
94,0.358936,0.226551,-0.229395,0.157759
95,0.334477,0.202325,-0.178289,0.19787
96,0.324811,0.178137,-0.127895,0.239608
97,0.31685,0.157617,-0.0880106,0.260394
98,0.30526,0.139465,-0.054819,0.265947
99,0.298992,0.120949,-0.0208593,0.272639
