R,v,vx,vy,vz
-100,0.982124,-0.981503,0.00243846,-0.0348284
-99,0.981615,-0.980969,0.00259726,-0.0355009
-98,0.981095,-0.980425,0.00275725,-0.0361654
-97,0.980565,-0.979869,0.0029184,-0.0368218
-96,0.980023,-0.979301,0.00308072,-0.0374701
-95,0.97947,-0.978723,0.00324422,-0.0381103
-94,0.978906,-0.978133,0.00340887,-0.0387424
-93,0.978331,-0.977533,0.0035747,-0.0393665
-92,0.977745,-0.97692,0.00374168,-0.0399824
-91,0.977148,-0.976297,0.00390982,-0.0405902
-90,0.97654,-0.975662,0.00407912,-0.0411898
-89,0.975921,-0.975017,0.00424957,-0.0417813
-88,0.97529,-0.974359,0.00442118,-0.0423647
-87,0.974648,-0.973691,0.00459394,-0.0429399
-86,0.973995,-0.973011,0.00476784,-0.0435069
-85,0.97333,-0.97232,0.00494289,-0.0440658
-84,0.972654,-0.971617,0.00511908,-0.0446164
-83,0.971967,-0.970903,0.00529641,-0.0451589
-82,0.971268,-0.970177,0.00547489,-0.0456931
-81,0.970558,-0.969441,0.00565449,-0.0462192
-80,0.969837,-0.968692,0.00583524,-0.046737
-79,0.969104,-0.967933,0.00601711,-0.0472466
-78,0.967482,-0.966336,0.00634397,-0.0466454
-77,0.965485,-0.964385,0.00673353,-0.0455955
-76,0.963461,-0.962404,0.00712902,-0.044537
-75,0.961409,-0.960396,0.00753045,-0.0434699
-74,0.959329,-0.958359,0.0079378,-0.0423942
-73,0.957222,-0.956294,0.00835106,-0.04131
-72,0.955087,-0.9542,0.00877021,-0.0402172
-71,0.952925,-0.952077,0.00919525,-0.0391158
-70,0.950735,-0.949926,0.00962615,-0.0380059
-69,0.948518,-0.947747,0.0100629,-0.0368875
-68,0.946273,-0.945538,0.0105055,-0.0357606
-67,0.944,-0.943301,0.010954,-0.0346252
-66,0.9417,-0.941035,0.0114083,-0.0334813
-65,0.939372,-0.93874,0.0118684,-0.0323289
-64,0.937016,-0.936416,0.0123342,-0.0311682
-63,0.934633,-0.934063,0.0128059,-0.0299989
-62,0.900228,-0.897492,0.0295232,-0.0636238
-61,0.894062,-0.891036,0.0319414,-0.0661889
-60,0.887845,-0.884515,0.0343854,-0.0687076
-59,0.881579,-0.877928,0.0368551,-0.0711799
-58,0.875264,-0.871275,0.0393505,-0.0736057
-57,0.868899,-0.864557,0.0418716,-0.0759848
-56,0.862485,-0.857773,0.0444184,-0.0783172
-55,0.856045,-0.851033,0.0470932,-0.0796091
-54,0.849811,-0.845237,0.0507079,-0.0719834
-53,0.843628,-0.83941,0.054342,-0.0643882
-52,0.837496,-0.833551,0.0579955,-0.0568238
-51,0.831417,-0.82766,0.0616682,-0.0492904
-50,0.82539,-0.821736,0.0653602,-0.0417884
-49,0.819418,-0.81578,0.0690713,-0.0343178
-48,0.8135,-0.80979,0.0728014,-0.0268791
-47,0.806322,-0.799399,0.105122,-0.00818623
-46,0.799221,-0.790674,0.116569,0.00102898
-45,0.792335,-0.781838,0.128124,0.0103622
-44,0.78568,-0.772891,0.139788,0.0198125
-43,0.779698,-0.764683,0.149393,0.0295054
-42,0.77494,-0.758451,0.154014,0.0395536
-41,0.770364,-0.752154,0.158948,0.0496142
-40,0.765981,-0.745791,0.164197,0.0596857
-39,0.761802,-0.739362,0.16976,0.0697668
-38,0.757839,-0.732867,0.175638,0.0798559
-37,0.754103,-0.726304,0.18183,0.0899518
-36,0.750607,-0.719673,0.188339,0.100053
-35,0.747833,-0.714503,0.192901,0.107373
-34,0.745977,-0.711574,0.1945,0.110964
-33,0.744404,-0.708875,0.196167,0.114683
-32,0.743131,-0.706452,0.197823,0.11847
-31,0.768365,-0.726514,0.206133,0.141671
-30,0.778318,-0.731197,0.215745,0.156792
-29,0.77707,-0.728721,0.218809,0.15788
-28,0.765016,-0.719357,0.21562,0.145889
-27,0.753126,-0.710015,0.212434,0.133975
-26,0.741402,-0.700694,0.209253,0.12214
-25,0.736917,-0.699936,0.206266,0.102909
-24,0.74043,-0.706913,0.20524,0.0799187
-23,0.747437,-0.715914,0.206533,0.0589313
-22,0.757757,-0.726934,0.210161,0.0399423
-21,0.729659,-0.701589,0.200413,0.00308854
-20,0.680018,-0.653752,0.18185,-0.044303
-19,0.631848,-0.603659,0.162526,-0.0917209
-18,0.586181,-0.55132,0.14245,-0.13915
-17,0.546776,-0.501091,0.108079,-0.19024
-16,0.516307,-0.450523,0.0651748,-0.243628
-15,0.500299,-0.390275,-0.0228154,-0.312192
-14,0.504578,-0.351437,-0.0527065,-0.358208
-13,0.513851,-0.319984,-0.0668669,-0.396462
-12,0.500067,-0.250684,-0.074263,-0.426273
-11,0.492455,-0.166992,-0.0835113,-0.455688
-10,0.494869,-0.121401,-0.0665238,-0.475113
-9,0.501187,-0.0842693,-0.0447271,-0.492023
-8,0.578176,0.0625432,-0.0588948,-0.571758
-7,0.677837,0.216857,-0.0585156,-0.63954
-6,0.721804,0.235791,0.0242239,-0.681775
-5,0.803268,0.321906,0.0984026,-0.729337
-4,1.08609,0.881798,0.166813,-0.611711
-3,1.45271,1.38094,0.268334,-0.362452
-2,3.64002,3.11049,0.202258,-1.8798
-1,6.70556,5.4327,-0.0642776,-3.93017
0,9.57067,7.80461,-0.51855,-5.51515
1,11.7406,9.6126,-0.89372,-6.68138
2,9.94355,8.08316,-1.34118,-5.63365
3,8.47348,6.7948,-1.69761,-4.76956
4,6.95735,5.62868,-1.41653,-3.83616
5,5.58041,4.57257,-1.13351,-2.99129
6,4.80506,4.13241,-0.644495,-2.36568
7,4.00589,3.62118,-0.2093,-1.70013
8,3.38755,3.1389,-0.14919,-1.26511
9,2.82375,2.67902,-0.0744052,-0.889328
10,2.61134,2.47449,0.0487419,-0.832862
11,2.4299,2.295,0.145243,-0.785051
12,2.53134,2.3476,0.208897,-0.923457
13,2.61323,2.38762,0.270488,-1.02715
14,2.74045,2.49937,0.241233,-1.09771
15,2.85148,2.60659,0.207746,-1.13731
16,3.00024,2.78304,0.106436,-1.1157
17,3.15307,2.96211,-0.00627166,-1.08062
18,3.33155,3.1674,-0.131972,-1.02437
19,3.4998,3.35076,-0.268925,-0.974026
20,3.63516,3.48743,-0.407205,-0.941525
21,3.69575,3.5445,-0.544402,-0.893727
22,3.60397,3.45105,-0.661311,-0.800962
23,3.41504,3.28589,-0.744738,-0.557498
24,3.11649,3.02101,-0.7652,-0.0226225
25,2.9994,2.84234,-0.712222,0.640526
26,3.18115,2.77355,-0.627606,1.42592
27,3.48662,2.7992,-0.521473,2.01224
28,3.76789,2.92905,-0.419038,2.33283
29,3.8719,3.06123,-0.446685,2.32829
30,3.82839,3.23474,-0.641762,1.94453
31,3.7092,3.33194,-0.871631,1.37717
32,3.61037,3.37116,-1.13102,0.625166
33,3.51434,3.32386,-1.13356,-0.132605
34,3.43028,3.18934,-0.895767,-0.890235
35,3.50544,3.06818,-0.482734,-1.62523
36,3.77556,2.97177,0.119371,-2.32576
37,3.96944,2.76955,0.480965,-2.80263
38,4.08229,2.51992,0.707845,-3.13274
39,3.71054,2.12254,0.746869,-2.95044
40,3.03908,1.64842,0.665967,-2.46479
41,2.24154,1.15268,0.577099,-1.8338
42,1.41085,0.667587,0.483498,-1.14502
43,0.941782,0.256746,0.328944,-0.844293
44,0.91626,-0.141804,0.11662,-0.897676
45,0.780305,-0.443072,-0.0131137,-0.642177
46,0.808022,-0.635851,-0.0136507,-0.498404
47,0.883556,-0.790846,0.0351589,-0.392427
48,0.99225,-0.947406,0.0879374,-0.281514
49,1.12301,-1.10122,0.148571,-0.162464
50,1.11825,-1.08765,0.244129,-0.0889775
51,1.08873,-1.03105,0.34846,-0.0292974
52,1.07236,-0.970813,0.454665,0.0276577
53,1.07048,-0.90694,0.562745,0.0818877
54,1.00715,-0.85093,0.533238,0.0769151
55,0.931484,-0.795563,0.480352,0.0632832
56,0.854038,-0.739291,0.424695,0.0496377
57,0.775065,-0.682113,0.366269,0.0359788
58,0.758732,-0.681978,0.331453,0.0268152
59,0.748566,-0.686877,0.296977,0.0188704
60,0.740415,-0.692779,0.261019,0.011857
61,0.734562,-0.699686,0.223579,0.00577506
62,0.732877,-0.703754,0.204542,0.00131707
63,0.721463,-0.696462,0.188256,-0.00306957
64,0.725441,-0.706034,0.16653,-0.00696721
65,0.730418,-0.715915,0.14446,-0.0103917
66,0.73641,-0.726104,0.122045,-0.0133431
67,0.743892,-0.736843,0.100994,-0.0154639
68,0.756268,-0.750014,0.0960498,-0.0139819
69,0.768702,-0.763184,0.0910819,-0.0125253
70,0.78119,-0.776353,0.0860905,-0.0110941
71,0.793732,-0.789521,0.0810755,-0.00968821
72,0.806324,-0.802688,0.0760369,-0.00830774
73,0.818965,-0.815854,0.0709747,-0.00695264
74,0.831652,-0.829019,0.065889,-0.00562292
75,0.842102,-0.839887,0.0608604,-0.00460569
76,0.844708,-0.842832,0.0560848,-0.00454118
77,0.847398,-0.845833,0.0512803,-0.00439105
78,0.850172,-0.848892,0.0464468,-0.00415527
79,0.839461,-0.838711,0.0353465,-0.00311193
80,0.844198,-0.843574,0.0323828,-0.00241834
81,0.848926,-0.848413,0.0294429,-0.00170858
82,0.853643,-0.85323,0.0265269,-0.000982663
83,0.85835,-0.858024,0.0236347,-0.00024058
84,0.863046,-0.862796,0.0207663,0.000517665
85,0.86773,-0.867544,0.0179217,0.00129207
86,0.872403,-0.87227,0.015101,0.00208264
87,0.877154,-0.877051,0.0132582,0.00220943
88,0.882002,-0.881908,0.0127571,0.00141865
89,0.886814,-0.886729,0.0122581,0.000667184
90,0.89159,-0.891513,0.0117611,-4.49698e-05
91,0.89633,-0.896259,0.0112662,-0.00071781
92,0.901034,-0.900969,0.0107734,-0.00135134
93,0.905702,-0.905641,0.0102827,-0.00194555
94,0.910333,-0.910277,0.00979403,-0.00250045
95,0.927719,-0.927647,0.00771377,-0.0085929
96,0.929448,-0.92938,0.00752465,-0.00832254
97,0.93119,-0.931126,0.00733466,-0.00804474
98,0.932946,-0.932887,0.00714379,-0.00775949
99,0.934717,-0.934661,0.00695205,-0.0074668
