R,v,vx,vy,vz
-100,0.57385,-0.567022,-0.0229637,-0.0852209
-99,0.571255,-0.563543,-0.0268603,-0.0896098
-98,0.56862,-0.559897,-0.0292963,-0.0947923
-97,0.566159,-0.556206,-0.0294177,-0.10152
-96,0.563796,-0.552513,-0.0295078,-0.108279
-95,0.561094,-0.548424,-0.0295146,-0.114835
-94,0.598244,-0.585624,-0.0387278,-0.115932
-93,0.613198,-0.599466,-0.0424945,-0.121847
-92,0.620505,-0.60546,-0.0486899,-0.126785
-91,0.620681,-0.6041,-0.0573177,-0.130471
-90,0.621595,-0.603349,-0.0657344,-0.134272
-89,0.623231,-0.603203,-0.0739456,-0.138184
-88,0.631305,-0.609492,-0.0794564,-0.144053
-87,0.643776,-0.619983,-0.0830324,-0.152228
-86,0.667585,-0.634277,-0.104674,-0.180016
-85,0.691623,-0.657205,-0.108274,-0.18628
-84,0.716737,-0.684498,-0.105445,-0.184543
-83,0.735104,-0.708946,-0.0829052,-0.175782
-82,0.758669,-0.737285,-0.044958,-0.173113
-81,0.793677,-0.773559,-0.0272724,-0.175455
-80,0.83316,-0.816599,0.00655973,-0.165163
-79,0.872116,-0.858556,0.0468251,-0.145862
-78,0.912229,-0.899182,0.0857502,-0.127595
-77,0.952974,-0.938491,0.123342,-0.110365
-76,0.989715,-0.973744,0.140453,-0.10784
-75,1.02365,-1.00652,0.151399,-0.108892
-74,1.05604,-1.03773,0.162901,-0.108594
-73,1.08691,-1.06739,0.174953,-0.106959
-72,1.1,-1.08404,0.152618,-0.107555
-71,1.10849,-1.09643,0.123563,-0.106437
-70,1.11608,-1.10719,0.0959936,-0.102681
-69,1.12263,-1.1163,0.0698926,-0.0963185
-68,1.08355,-1.08,0.039644,-0.0781859
-67,1.03966,-1.03802,0.00974465,-0.0576484
-66,1.08056,-1.07637,-0.0555936,-0.0771602
-65,1.02372,-1.02033,-0.0709225,-0.043472
-64,0.923259,-0.921837,-0.0509648,0.00525476
-63,0.891565,-0.889754,-0.0524476,0.0217779
-62,0.819742,-0.812937,-0.0869381,0.0596014
-61,0.788519,-0.781227,-0.0660616,0.0841595
-60,0.763353,-0.754436,-0.0444834,0.107497
-59,0.723909,-0.718475,0.001776,0.0885142
-58,0.685284,-0.679524,0.051105,0.0724523
-57,0.647539,-0.625287,0.133161,0.102911
-56,0.626508,-0.573479,0.214354,0.132988
-55,0.627014,-0.559215,0.250805,0.132369
-54,0.629702,-0.551075,0.278595,0.123391
-53,0.628204,-0.557551,0.280864,0.0699404
-52,0.631668,-0.567171,0.277743,0.0134254
-51,0.648862,-0.583371,0.273151,-0.078031
-50,0.67032,-0.593609,0.268501,-0.157685
-49,0.681747,-0.591792,0.268889,-0.205573
-48,0.679915,-0.578502,0.263427,-0.2413
-47,0.60854,-0.494181,0.239155,-0.262509
-46,0.587536,-0.45879,0.229253,-0.286625
-45,0.554093,-0.421672,0.204589,-0.295559
-44,0.485043,-0.379796,0.140235,-0.267125
-43,0.377158,-0.327338,0.0968118,-0.160392
-42,0.300333,-0.270479,0.0526747,-0.119442
-41,0.252849,-0.235399,-0.0136362,-0.0912903
-40,0.227397,-0.200674,-0.0758901,-0.0753644
-39,0.230943,-0.165656,-0.138973,-0.0811121
-38,0.255577,-0.132855,-0.193286,-0.101537
-37,0.294873,-0.104199,-0.235196,-0.144138
-36,0.337865,-0.0792675,-0.269404,-0.187859
-35,0.379254,-0.0602606,-0.292277,-0.234044
-34,0.407909,-0.0418518,-0.305663,-0.266848
-33,0.419639,-0.0221587,-0.308116,-0.284026
-32,0.416337,-0.00126501,-0.305399,-0.28296
-31,0.396589,0.0207444,-0.295928,-0.26321
-30,0.376435,0.0451475,-0.286854,-0.23954
-29,0.357007,0.0724008,-0.278747,-0.210978
-28,0.323283,0.0984108,-0.259373,-0.165991
-27,0.28149,0.122825,-0.230387,-0.105226
-26,0.26317,0.150685,-0.208767,-0.0544862
-25,0.265503,0.18184,-0.1931,-0.0117652
-24,0.263375,0.20215,-0.167996,0.0167084
-23,0.248673,0.209863,-0.129481,0.0320992
-22,0.24928,0.222779,-0.101728,0.0464918
-21,0.258915,0.238696,-0.0800635,0.0604268
-20,0.270373,0.25073,-0.065022,0.0775119
-19,0.283083,0.260837,-0.0533748,0.0961825
-18,0.304205,0.278304,-0.045651,0.114034
-17,0.328613,0.298938,-0.0391615,0.130725
-16,0.33106,0.296817,-0.0134652,0.146009
-15,0.329291,0.286642,0.0199441,0.160845
-14,0.328633,0.276278,0.0494656,0.170949
-13,0.330281,0.266456,0.0775029,0.17911
-12,0.328855,0.260298,0.10692,0.170171
-11,0.32989,0.256761,0.136038,0.156189
-10,0.326742,0.24197,0.155865,0.15465
-9,0.326681,0.227336,0.173689,0.157705
-8,0.39525,0.355487,0.105825,0.136576
-7,0.511269,0.497413,0.0299101,0.114376
-6,0.435934,0.411276,0.113642,0.0893073
-5,0.414205,0.353066,0.204684,0.0708154
-4,1.20339,0.972461,0.410536,0.577855
-3,2.07139,1.61513,0.623303,1.13732
-2,3.04772,1.63578,-0.373464,-2.54428
-1,7.13585,1.65409,-1.44991,-6.78838
0,8.70667,1.2937,-1.65666,-8.44914
1,9.91725,0.876414,-1.8274,-9.70796
2,5.06396,-0.817198,-1.28315,-4.83005
3,2.47734,-2.34996,-0.75687,-0.204979
4,1.90254,-1.79779,-0.596844,-0.177095
5,1.44481,-1.37784,-0.433652,-0.0316048
6,1.36122,-1.27315,-0.434763,-0.207368
7,1.28273,-1.13458,-0.443367,-0.40194
8,1.18741,-1.05546,-0.405148,-0.363051
9,1.10297,-0.977135,-0.383514,-0.338638
10,1.06388,-0.903413,-0.423314,-0.369446
11,1.03595,-0.83897,-0.463903,-0.392577
12,1.04295,-0.807719,-0.525065,-0.399541
13,1.05934,-0.784669,-0.581806,-0.409866
14,1.11039,-0.7976,-0.63462,-0.440531
15,1.15637,-0.81353,-0.670547,-0.475104
16,1.19826,-0.845134,-0.664305,-0.529419
17,1.21534,-0.870294,-0.624049,-0.574628
18,1.17854,-0.884619,-0.499966,-0.597028
19,1.08778,-0.846173,-0.341144,-0.592356
20,0.80201,-0.620984,-0.221115,-0.456845
21,0.71304,-0.565836,-0.0748405,-0.427381
22,0.6542,-0.528799,0.0054447,-0.385124
23,0.615638,-0.529898,-0.0384567,-0.311028
24,0.590714,-0.533773,-0.0824371,-0.239236
25,0.580407,-0.540422,-0.126496,-0.169748
26,0.575839,-0.541549,-0.165671,-0.104253
27,0.575603,-0.538545,-0.199401,-0.0390839
28,0.594147,-0.544821,-0.235137,0.0298743
29,0.631677,-0.560377,-0.272878,0.102622
30,0.66004,-0.572914,-0.285359,0.161223
31,0.666974,-0.576889,-0.266761,0.202216
32,0.678512,-0.583832,-0.24489,0.244024
33,0.69497,-0.593741,-0.219747,0.286645
34,0.700526,-0.587979,-0.191646,0.329073
35,0.699118,-0.56966,-0.162201,0.371408
36,0.704411,-0.554153,-0.131643,0.414462
37,0.716344,-0.541457,-0.0999724,0.458235
38,0.68788,-0.526375,-0.0715653,0.43702
39,0.635524,-0.511475,-0.0466859,0.374305
40,0.589789,-0.500211,-0.0230072,0.311626
41,0.551933,-0.492583,-0.000529207,0.248982
42,0.479314,-0.46318,0.039774,0.116725
43,0.436069,-0.4242,0.0890354,-0.0477848
44,0.462499,-0.387601,0.138354,-0.211019
45,0.547023,-0.353383,0.187731,-0.372977
46,0.607447,-0.326382,0.206502,-0.468853
47,0.651408,-0.297461,0.211557,-0.53953
48,0.695856,-0.264034,0.213175,-0.607501
49,0.733349,-0.211691,0.215325,-0.668299
50,0.69337,-0.211577,0.217776,-0.623354
51,0.635016,-0.221714,0.219518,-0.553082
52,0.578142,-0.228923,0.220672,-0.482852
53,0.523089,-0.233203,0.221238,-0.412665
54,0.466322,-0.22813,0.218277,-0.343173
55,0.413197,-0.22194,0.216123,-0.273432
56,0.366437,-0.215789,0.215345,-0.203317
57,0.328998,-0.209678,0.215944,-0.132827
58,0.308256,-0.204707,0.214074,-0.0853792
59,0.295389,-0.200811,0.212613,-0.0415371
60,0.362759,-0.173316,0.303839,0.0961119
61,0.34658,-0.173884,0.281616,0.102832
62,0.332151,-0.173903,0.26139,0.108429
63,0.308874,-0.163866,0.238085,0.108936
64,0.288056,-0.152697,0.217949,0.110262
65,0.256202,-0.166228,0.180005,0.0748728
66,0.229479,-0.150348,0.155055,0.0775511
67,0.202782,-0.133908,0.129149,0.080683
68,0.176725,-0.11691,0.102288,0.0842686
69,0.152919,-0.101703,0.0735654,0.0873436
70,0.136859,-0.102144,0.0368439,0.0833038
71,0.128583,-0.102179,-0.00232082,0.0780227
72,0.131935,-0.101808,-0.0439287,0.0715003
73,0.146622,-0.0999888,-0.0858611,0.0642509
74,0.164339,-0.0939128,-0.12167,0.0581733
75,0.190271,-0.0883321,-0.160538,0.0512642
76,0.223198,-0.0832468,-0.202468,0.0435237
77,0.25442,-0.0803333,-0.238827,0.0351821
78,0.267051,-0.0831732,-0.252368,0.0266237
79,0.294437,-0.0661239,-0.28591,0.0240016
80,0.317486,-0.0551876,-0.311961,0.0207909
81,0.314478,-0.069155,-0.30672,0.00606717
82,0.303076,-0.0759403,-0.293191,-0.0112924
83,0.270716,-0.067899,-0.260813,-0.0255628
84,0.236718,-0.0526036,-0.227336,-0.0398277
85,0.202397,-0.0252475,-0.19255,-0.0570244
86,0.167011,-0.0178376,-0.150145,-0.0709286
87,0.124809,-0.0532904,-0.0854127,-0.0737705
88,0.109273,-0.0538789,-0.0520663,-0.0795413
89,0.10166,-0.0509387,-0.0252876,-0.0842648
90,0.0995951,-0.0441676,-0.00327369,-0.0892058
91,0.103572,-0.0375364,0.0197694,-0.0944843
92,0.113604,-0.0310452,0.0438418,-0.1001
93,0.113217,-0.0324267,0.052331,-0.0950157
94,0.101078,-0.0416526,0.0461523,-0.0796976
95,0.0922299,-0.051528,0.0410376,-0.0645534
96,0.0876187,-0.0620528,0.0369868,-0.0495828
97,0.0761024,-0.0635067,0.0265285,-0.0324764
98,0.0598912,-0.0573093,0.0110628,-0.0134245
99,0.0507551,-0.0502297,-0.00412455,0.00600391
