R,v,vx,vy,vz
-100,0.980979,-0.980253,0.00250631,-0.0376478
-99,0.980447,-0.979696,0.00267452,-0.0382708
-98,0.979904,-0.979128,0.00284426,-0.0388857
-97,0.979349,-0.978548,0.00301551,-0.0394923
-96,0.978783,-0.977956,0.00318828,-0.0400907
-95,0.978205,-0.977352,0.00336257,-0.0406808
-94,0.977615,-0.976737,0.00353837,-0.0412627
-93,0.977013,-0.976109,0.00371567,-0.0418364
-92,0.976399,-0.97547,0.00389449,-0.0424018
-91,0.975773,-0.974819,0.00407481,-0.042959
-90,0.975136,-0.974156,0.00425663,-0.0435079
-89,0.974487,-0.97348,0.00443996,-0.0440484
-88,0.973825,-0.972793,0.00462479,-0.0445807
-87,0.973152,-0.972094,0.00481111,-0.0451047
-86,0.972467,-0.971383,0.00499894,-0.0456204
-85,0.971769,-0.97066,0.00518825,-0.0461277
-84,0.97106,-0.969925,0.00537906,-0.0466267
-83,0.970339,-0.969178,0.00557136,-0.0471174
-82,0.969605,-0.968419,0.00576515,-0.0475997
-81,0.968859,-0.967648,0.00596042,-0.0480737
-80,0.968101,-0.966864,0.00615718,-0.0485393
-79,0.967331,-0.966069,0.00635542,-0.0489965
-78,0.965604,-0.964377,0.00666233,-0.0481978
-77,0.963474,-0.962307,0.00701547,-0.046893
-76,0.961318,-0.960208,0.00737237,-0.0455798
-75,0.959134,-0.958082,0.00773302,-0.0442584
-74,0.956924,-0.955927,0.00809741,-0.0429288
-73,0.954687,-0.953743,0.00846552,-0.041591
-72,0.952423,-0.951531,0.00883736,-0.040245
-71,0.950132,-0.949291,0.00921291,-0.0388908
-70,0.947814,-0.947022,0.00959216,-0.0375285
-69,0.945469,-0.944725,0.0099751,-0.0361581
-68,0.943098,-0.942399,0.0103617,-0.0347795
-67,0.940699,-0.940045,0.010752,-0.0333928
-66,0.938273,-0.937661,0.011146,-0.0319981
-65,0.935821,-0.935249,0.0115436,-0.0305952
-64,0.933341,-0.932809,0.0119448,-0.0291844
-63,0.930835,-0.930339,0.0123497,-0.0277655
-62,0.892522,-0.889861,0.0330758,-0.060409
-61,0.885785,-0.882839,0.035843,-0.0626518
-60,0.878994,-0.875747,0.0386254,-0.0648507
-59,0.87215,-0.868585,0.041423,-0.0670055
-58,0.865253,-0.861353,0.0442358,-0.0691161
-57,0.858304,-0.854051,0.0470638,-0.0711824
-56,0.851302,-0.846679,0.049907,-0.0732044
-55,0.844335,-0.839414,0.0527458,-0.0741867
-54,0.838162,-0.8337,0.0554257,-0.0662403
-53,0.832051,-0.827966,0.0581226,-0.058329
-52,0.826003,-0.822213,0.0608365,-0.050453
-51,0.820019,-0.81644,0.0635674,-0.0426126
-50,0.814099,-0.810646,0.0663152,-0.0348079
-49,0.808244,-0.804832,0.0690798,-0.0270394
-48,0.802454,-0.798997,0.0718612,-0.0193072
-47,0.798602,-0.791256,0.108005,0.00374739
-46,0.792412,-0.783138,0.120023,0.0143677
-45,0.786519,-0.774923,0.132197,0.0251193
-44,0.780943,-0.766609,0.144526,0.0360007
-43,0.776019,-0.759214,0.153775,0.0464108
-42,0.772104,-0.75426,0.15545,0.0554322
-41,0.768396,-0.749335,0.157393,0.0644725
-40,0.7649,-0.74444,0.159605,0.0735304
-39,0.761619,-0.739573,0.162085,0.0826046
-38,0.758558,-0.734733,0.164835,0.0916937
-37,0.755724,-0.72992,0.167853,0.100796
-36,0.753119,-0.725134,0.171141,0.109911
-35,0.749458,-0.720049,0.173389,0.114683
-34,0.744205,-0.714633,0.173899,0.113575
-33,0.739109,-0.709365,0.174377,0.11259
-32,0.734205,-0.704306,0.174751,0.111679
-31,0.76741,-0.731924,0.184589,0.13832
-30,0.778914,-0.738837,0.194323,0.151877
-29,0.776959,-0.737439,0.194007,0.149034
-28,0.762466,-0.727961,0.184749,0.13151
-27,0.749014,-0.718864,0.176264,0.114833
-26,0.736565,-0.710152,0.168557,0.0989994
-25,0.722911,-0.700856,0.161789,0.0722814
-24,0.709726,-0.691293,0.15604,0.0384289
-23,0.698759,-0.682168,0.151245,0.00597241
-22,0.689885,-0.673484,0.147417,-0.0250836
-21,0.663464,-0.64577,0.13544,-0.0694331
-20,0.628916,-0.605531,0.117604,-0.122625
-19,0.598282,-0.562921,0.0985044,-0.177083
-18,0.573214,-0.517953,0.0781466,-0.23279
-17,0.556404,-0.481443,0.0518214,-0.274067
-16,0.544477,-0.447804,0.0202386,-0.309059
-15,0.551979,-0.406005,-0.061253,-0.368902
-14,0.557311,-0.378986,-0.0764771,-0.401393
-13,0.560962,-0.360806,-0.0718451,-0.42348
-12,0.540034,-0.301479,-0.055719,-0.44457
-11,0.520462,-0.228765,-0.038816,-0.465876
-10,0.500612,-0.184734,-0.0107338,-0.465157
-9,0.482618,-0.14738,0.0188498,-0.459177
-8,0.532837,-0.00407118,0.0119655,-0.532687
-7,0.621202,0.14554,0.0104178,-0.603823
-6,0.597445,0.135869,0.137409,-0.56533
-5,0.613487,0.192935,0.264796,-0.518677
-4,0.920405,0.753889,0.372363,-0.374355
-3,1.33577,1.22363,0.517509,-0.138473
-2,3.66464,2.91539,0.584134,-2.14217
-1,7.09254,5.23482,0.538372,-4.75509
0,9.55133,6.92317,-0.209659,-6.57676
1,11.1243,7.87901,-0.842177,-7.80775
2,8.50863,5.84924,-1.45851,-6.00467
3,6.4921,4.21819,-2.10179,-4.46506
4,5.09037,3.49938,-1.68901,-3.28839
5,3.81374,2.82948,-1.30256,-2.20046
6,2.78088,2.18518,-0.876537,-1.47986
7,1.69995,1.46877,-0.46111,-0.721055
8,1.25181,1.12593,-0.248054,-0.48763
9,0.921573,0.857944,-0.0604894,-0.331014
10,1.02011,0.905613,-0.00986395,-0.469448
11,1.08982,0.924111,0.0529884,-0.575262
12,1.21257,0.99294,0.10304,-0.688316
13,1.31075,1.04744,0.151113,-0.773369
14,1.42225,1.14461,0.177838,-0.825252
15,1.53073,1.23868,0.204309,-0.875832
16,1.66906,1.36017,0.230327,-0.939485
17,1.81148,1.48472,0.254338,-1.00617
18,1.96819,1.62794,0.271453,-1.07233
19,2.12104,1.77358,0.275926,-1.13008
20,2.26317,1.92909,0.250293,-1.15669
21,2.39489,2.08761,0.188802,-1.15833
22,2.5092,2.25214,0.0599398,-1.10469
23,2.61031,2.39398,-0.105326,-1.03512
24,2.6808,2.48925,-0.320099,-0.942262
25,2.66039,2.4984,-0.485353,-0.774643
26,2.54052,2.42126,-0.588208,-0.495742
27,2.40552,2.31471,-0.64998,-0.0787938
28,2.34208,2.183,-0.670937,0.519334
29,2.50721,2.15291,-0.642235,1.11292
30,2.85523,2.23952,-0.569483,1.67707
31,3.14618,2.40043,-0.526991,1.96436
32,3.32287,2.63572,-0.5463,1.94833
33,3.36201,2.86932,-0.683933,1.61317
34,3.39749,3.11544,-0.930057,0.985883
35,3.373,3.16053,-1.15105,0.251596
36,3.38241,3.04894,-1.3493,-0.569226
37,3.24334,2.75725,-1.16323,-1.2505
38,3.04519,2.33403,-0.698769,-1.8268
39,2.97297,1.92192,-0.115507,-2.26527
40,3.07591,1.5235,0.571061,-2.61038
41,2.83298,1.04043,0.749376,-2.52621
42,2.37993,0.542293,0.666766,-2.21932
43,1.85234,0.236714,0.512667,-1.76418
44,1.31982,0.0588587,0.305249,-1.28269
45,0.997625,-0.165665,0.208807,-0.961359
46,0.89158,-0.336434,0.132892,-0.814903
47,0.880105,-0.491047,0.062694,-0.727687
48,0.906419,-0.645893,-0.00822944,-0.635885
49,0.966276,-0.802781,-0.08212,-0.531496
50,0.995737,-0.90186,-0.0365646,-0.420481
51,1.03205,-0.984266,0.0440333,-0.307271
52,1.08876,-1.06331,0.132135,-0.193146
53,1.16417,-1.139,0.227742,-0.0781052
54,1.12152,-1.08442,0.28422,-0.0322442
55,1.06215,-1.00794,0.334993,0.00107761
56,1.00638,-0.928599,0.386619,0.032166
57,0.955478,-0.846408,0.439098,0.0610211
58,0.906881,-0.809084,0.406571,0.0501625
59,0.857136,-0.774947,0.364386,0.0369225
60,0.80663,-0.740715,0.318458,0.0240342
61,0.755887,-0.70639,0.268787,0.0114977
62,0.751573,-0.708227,0.251348,0.010007
63,0.745816,-0.700109,0.256511,0.0170754
64,0.741473,-0.705958,0.226468,0.0108168
65,0.738746,-0.712342,0.195681,0.00492739
66,0.737754,-0.71926,0.16415,-0.000592829
67,0.739418,-0.727107,0.134267,-0.00522419
68,0.749766,-0.738952,0.126791,-0.00475413
69,0.760222,-0.750795,0.119271,-0.00430845
70,0.770782,-0.762635,0.111706,-0.00388718
71,0.781444,-0.774472,0.104097,-0.0034903
72,0.792204,-0.786306,0.0964444,-0.00311781
73,0.80306,-0.798137,0.088747,-0.00276972
74,0.814009,-0.809965,0.0810052,-0.00244603
75,0.823362,-0.820054,0.0736898,-0.00230742
76,0.826978,-0.824176,0.0679642,-0.00267152
77,0.830722,-0.828385,0.0621991,-0.00293134
78,0.834593,-0.83268,0.0563943,-0.00308689
79,0.826817,-0.825685,0.0431929,-0.00200609
80,0.83224,-0.831296,0.0395832,-0.00176537
81,0.837655,-0.836879,0.0360019,-0.00149048
82,0.84306,-0.842435,0.0324489,-0.00118142
83,0.848456,-0.847963,0.0289242,-0.000838186
84,0.853842,-0.853463,0.0254278,-0.00046078
85,0.859216,-0.858935,0.0219598,-4.92032e-05
86,0.864578,-0.86438,0.01852,0.000396546
87,0.869869,-0.869717,0.0162672,0.000373769
88,0.875049,-0.874909,0.0156433,-0.000313518
89,0.880192,-0.880063,0.0150218,-0.000961311
90,0.885298,-0.885179,0.0144029,-0.00156961
91,0.890367,-0.890258,0.0137864,-0.00213842
92,0.8954,-0.895299,0.0131725,-0.00266773
93,0.900396,-0.900303,0.0125609,-0.00315755
94,0.905354,-0.905268,0.0119519,-0.00360787
95,0.923589,-0.9235,0.00905809,-0.00916361
96,0.925545,-0.92546,0.00886929,-0.00887373
97,0.927515,-0.927435,0.00867976,-0.00857503
98,0.929501,-0.929425,0.00848948,-0.00826751
99,0.931502,-0.931431,0.00829848,-0.00795116
