R,v,vx,vy,vz
-100,1,-1,-4.08046e-09,1.67706e-09
-99,1,-1,-8.22638e-09,1.55775e-09
-98,1,-1,-1.23728e-08,1.43822e-09
-97,1,-1,-1.65198e-08,1.31845e-09
-96,1,-1,-2.06672e-08,1.19845e-09
-95,1,-1,-2.48152e-08,1.07822e-09
-94,1,-1,-2.89637e-08,9.57755e-10
-93,1,-1,-3.31127e-08,8.37063e-10
-92,1,-1,-3.72622e-08,7.16141e-10
-91,1,-1,-4.14122e-08,5.94988e-10
-90,1,-1,-4.55628e-08,4.73604e-10
-89,1,-1,-4.97138e-08,3.5199e-10
-88,1,-1,-5.38654e-08,2.30145e-10
-87,1,-1,-5.80175e-08,1.0807e-10
-86,1,-1,-6.21701e-08,-1.42356e-11
-85,1,-1,-6.63232e-08,-1.36772e-10
-84,1,-1,-7.04768e-08,-2.59539e-10
-83,1,-1,-7.46309e-08,-3.82536e-10
-82,1,-1,-7.87855e-08,-5.05764e-10
-81,1,-1,-8.29407e-08,-6.29222e-10
-80,1,-1,-8.70963e-08,-7.52911e-10
-79,1,-1,-9.12525e-08,-8.7683e-10
-78,1,-1,-8.84703e-08,-7.96811e-10
-77,1,-1,-8.29179e-08,-6.35073e-10
-76,1,-1,-7.73652e-08,-4.73043e-10
-75,1,-1,-7.18122e-08,-3.1072e-10
-74,1,-1,-6.62589e-08,-1.48106e-10
-73,1,-1,-6.07052e-08,1.48008e-11
-72,1,-1,-5.51512e-08,1.78e-10
-71,1,-1,-4.95969e-08,3.41491e-10
-70,1,-1,-4.40422e-08,5.05274e-10
-69,1,-1,-3.84872e-08,6.69349e-10
-68,1,-1,-3.29318e-08,8.33717e-10
-67,1,-1,-2.73762e-08,9.98377e-10
-66,1,-1,-2.18202e-08,1.16333e-09
-65,1,-1,-1.62638e-08,1.32857e-09
-64,1,-1,-1.07071e-08,1.49411e-09
-63,1,-1,-5.15014e-09,1.65994e-09
-62,1,-1,4.07189e-10,1.82606e-09
-61,1,-1,5.96485e-09,1.99247e-09
-60,1,-1,1.15228e-08,2.15917e-09
-59,1,-1,1.70812e-08,2.32617e-09
-58,1,-1,2.26398e-08,2.49346e-09
-57,1,-1,2.81988e-08,2.66104e-09
-56,1,-1,3.37581e-08,2.82892e-09
-55,1,-1,3.93178e-08,2.99708e-09
-54,1,-1,4.48778e-08,3.16554e-09
-53,1,-1,5.04381e-08,3.33429e-09
-52,1,-1,5.59987e-08,3.50333e-09
-51,1,-1,6.15597e-08,3.67266e-09
-50,1,-1,6.7121e-08,3.84229e-09
-49,1,-1,7.26826e-08,4.01221e-09
-48,1,-1,7.82445e-08,4.18242e-09
-47,1,-1,8.05492e-08,4.26643e-09
-46,1,-1,7.18745e-08,4.05872e-09
-45,1,-1,6.3199e-08,3.85048e-09
-44,1,-1,5.45226e-08,3.6417e-09
-43,1,-1,4.58453e-08,3.4324e-09
-42,1,-1,3.71671e-08,3.22257e-09
-41,1,-1,2.84881e-08,3.0122e-09
-40,1,-1,1.98083e-08,2.80131e-09
-39,1,-1,1.11275e-08,2.58988e-09
-38,1,-1,2.44589e-09,2.37793e-09
-37,1,-1,-6.23659e-09,2.16544e-09
-36,1,-1,-1.49199e-08,1.95242e-09
-35,1,-1,-2.36041e-08,1.73887e-09
-34,1,-1,-3.22892e-08,1.52478e-09
-33,1,-1,-4.09752e-08,1.31017e-09
-32,1,-1,-4.9662e-08,1.09502e-09
-31,1,-1,-5.83496e-08,8.79343e-10
-30,1,-1,-6.70381e-08,6.63131e-10
-29,1,-1,-7.57275e-08,4.46386e-10
-28,1,-1,-8.44178e-08,2.29109e-10
-27,1,-1,-9.31089e-08,1.12994e-11
-26,1,-1,-1.01801e-07,-2.07043e-10
-25,1,-1,-1.10494e-07,-4.25919e-10
-24,1,-1,-1.19187e-07,-6.45328e-10
-23,1,-1,-1.27882e-07,-8.65271e-10
-22,1,-1,-1.36577e-07,-1.08575e-09
-21,1,-1,-1.45274e-07,-1.30676e-09
-20,1,-1,-1.53971e-07,-1.5283e-09
-19,1,-1,-1.62669e-07,-1.75038e-09
-18,1,-1,-1.71368e-07,-1.97299e-09
-17,1,-1,-1.80067e-07,-2.19613e-09
-16,1,-1,-1.88768e-07,-2.41981e-09
-15,1,-1,-1.84706e-07,-2.33591e-09
-14,1,-1,-1.76226e-07,-2.14493e-09
-13,1,-1,-1.67744e-07,-1.95335e-09
-12,1,-1,-1.5926e-07,-1.76116e-09
-11,1,-1,-1.50775e-07,-1.56837e-09
-10,1,-1,-1.42287e-07,-1.37496e-09
-9,1,-1,-1.33798e-07,-1.18095e-09
-8,1,-1,-1.25307e-07,-9.86332e-10
-7,1,-1,-1.16813e-07,-7.91104e-10
-6,1,-1,-1.08318e-07,-5.95267e-10
-5,1,-1,-9.98214e-08,-3.98822e-10
-4,1,-1,-9.13226e-08,-2.01767e-10
-3,1,-1,-8.28219e-08,-4.10258e-12
-2,1,-1,-7.43193e-08,1.94171e-10
-1,1,-1,-6.58149e-08,3.93056e-10
0,1,-1,-5.73085e-08,5.9255e-10
1,1,-1,-4.87655e-08,7.92591e-10
2,1,-1,-4.02224e-08,9.93234e-10
3,1,-1,-3.16793e-08,1.19448e-09
4,1,-1,-2.31362e-08,1.39632e-09
5,1,-1,-1.4593e-08,1.59877e-09
6,1,-1,-6.04986e-09,1.80182e-09
7,1,-1,2.49335e-09,2.00547e-09
8,1,-1,1.10366e-08,2.20972e-09
9,1,-1,1.95798e-08,2.41457e-09
10,1,-1,2.81231e-08,2.62002e-09
11,1,-1,3.66664e-08,2.82608e-09
12,1,-1,4.52098e-08,3.03273e-09
13,1,-1,5.37531e-08,3.23999e-09
14,1,-1,6.22965e-08,3.44785e-09
15,1,-1,7.08399e-08,3.65631e-09
16,1,-1,7.49387e-08,3.77509e-09
17,1,-1,6.62315e-08,3.63373e-09
18,1,-1,5.75236e-08,3.49196e-09
19,1,-1,4.88151e-08,3.34978e-09
20,1,-1,4.0106e-08,3.20719e-09
21,1,-1,3.13962e-08,3.06419e-09
22,1,-1,2.26857e-08,2.92078e-09
23,1,-1,1.39746e-08,2.77695e-09
24,1,-1,5.26286e-09,2.63271e-09
25,1,-1,-3.44954e-09,2.48807e-09
26,1,-1,-1.21626e-08,2.34301e-09
27,1,-1,-2.08763e-08,2.19753e-09
28,1,-1,-2.95906e-08,2.05165e-09
29,1,-1,-3.83056e-08,1.90536e-09
30,1,-1,-4.70212e-08,1.75865e-09
31,1,-1,-5.57375e-08,1.61153e-09
32,1,-1,-6.44544e-08,1.464e-09
33,1,-1,-7.3172e-08,1.31606e-09
34,1,-1,-8.18902e-08,1.16771e-09
35,1,-1,-9.06091e-08,1.01895e-09
36,1,-1,-9.93286e-08,8.6977e-10
37,1,-1,-1.08049e-07,7.20183e-10
38,1,-1,-1.1677e-07,5.70184e-10
39,1,-1,-1.25491e-07,4.19774e-10
40,1,-1,-1.34213e-07,2.68952e-10
41,1,-1,-1.42936e-07,1.17719e-10
42,1,-1,-1.51659e-07,-3.39256e-11
43,1,-1,-1.60383e-07,-1.85982e-10
44,1,-1,-1.69108e-07,-3.3845e-10
45,1,-1,-1.77833e-07,-4.91329e-10
46,1,-1,-1.86559e-07,-6.4462e-10
47,1,-1,-1.95286e-07,-7.98323e-10
48,1,-1,-1.92316e-07,-7.15705e-10
49,1,-1,-1.8591e-07,-5.633e-10
50,1,-1,-1.79504e-07,-4.1055e-10
51,1,-1,-1.73097e-07,-2.57454e-10
52,1,-1,-1.66691e-07,-1.04013e-10
53,1,-1,-1.60284e-07,4.97725e-11
54,1,-1,-1.53878e-07,2.03904e-10
55,1,-1,-1.47471e-07,3.5838e-10
56,1,-1,-1.41064e-07,5.13201e-10
57,1,-1,-1.34657e-07,6.68368e-10
58,1,-1,-1.28249e-07,8.2388e-10
59,1,-1,-1.21842e-07,9.79737e-10
60,1,-1,-1.15434e-07,1.13594e-09
61,1,-1,-1.09026e-07,1.29249e-09
62,1,-1,-1.02618e-07,1.44938e-09
63,1,-1,-9.62101e-08,1.60662e-09
64,1,-1,-8.98018e-08,1.7642e-09
65,1,-1,-8.33934e-08,1.92213e-09
66,1,-1,-7.69848e-08,2.0804e-09
67,1,-1,-7.05761e-08,2.23902e-09
68,1,-1,-6.41672e-08,2.39799e-09
69,1,-1,-5.77581e-08,2.55729e-09
70,1,-1,-5.13489e-08,2.71695e-09
71,1,-1,-4.49396e-08,2.87695e-09
72,1,-1,-3.85301e-08,3.03729e-09
73,1,-1,-3.21204e-08,3.19798e-09
74,1,-1,-2.57106e-08,3.35902e-09
75,1,-1,-1.93006e-08,3.5204e-09
76,1,-1,-1.28905e-08,3.68213e-09
77,1,-1,-6.4802e-09,3.8442e-09
78,1,-1,-6.97602e-11,4.00661e-09
79,1,-1,3.27741e-09,4.09174e-09
80,1,-1,-9.37954e-10,3.98521e-09
81,1,-1,-5.15332e-09,3.87846e-09
82,1,-1,-9.36868e-09,3.7715e-09
83,1,-1,-1.3584e-08,3.66431e-09
84,1,-1,-1.77994e-08,3.5569e-09
85,1,-1,-2.20148e-08,3.44927e-09
86,1,-1,-2.62301e-08,3.34142e-09
87,1,-1,-3.04455e-08,3.23336e-09
88,1,-1,-3.46609e-08,3.12507e-09
89,1,-1,-3.88762e-08,3.01656e-09
90,1,-1,-4.30916e-08,2.90784e-09
91,1,-1,-4.7307e-08,2.79889e-09
92,1,-1,-5.15223e-08,2.68973e-09
93,1,-1,-5.57377e-08,2.58034e-09
94,1,-1,-5.9953e-08,2.47074e-09
95,1,-1,-6.41684e-08,2.36091e-09
96,1,-1,-6.83838e-08,2.25087e-09
97,1,-1,-7.25992e-08,2.1406e-09
98,1,-1,-7.68145e-08,2.03012e-09
99,1,-1,-8.10299e-08,1.91942e-09
