R,v,vx,vy,vz
-100,0.448477,-0.448372,0.00604902,-0.00762128
-99,0.44878,-0.448661,0.0061284,-0.00836416
-98,0.44907,-0.448934,0.00621138,-0.00913401
-97,0.449345,-0.449191,0.00629798,-0.00993076
-96,0.449608,-0.449433,0.00638826,-0.0107543
-95,0.449856,-0.44966,0.00648225,-0.0116046
-94,0.45195,-0.451765,0.00683083,-0.0109822
-93,0.452531,-0.452332,0.0070369,-0.0114455
-92,0.453076,-0.45286,0.00725977,-0.0119298
-91,0.453584,-0.453351,0.00749934,-0.0124347
-90,0.458121,-0.457821,0.00909019,-0.013849
-89,0.466272,-0.465839,0.0118824,-0.0162177
-88,0.474291,-0.473693,0.0146413,-0.0187633
-87,0.482177,-0.481385,0.0173666,-0.0214856
-86,0.489933,-0.488914,0.020058,-0.0243844
-85,0.497559,-0.496281,0.0227152,-0.0274595
-84,0.505056,-0.503484,0.0253381,-0.0307105
-83,0.512426,-0.510525,0.0279262,-0.0341372
-82,0.527139,-0.525012,0.0292491,-0.037174
-81,0.545409,-0.54311,0.0299439,-0.0400688
-80,0.563153,-0.56066,0.030686,-0.0431228
-79,0.580374,-0.577664,0.0314753,-0.0463369
-78,0.605903,-0.597251,0.0544185,-0.0863023
-77,0.625679,-0.614061,0.0627975,-0.102271
-76,0.635809,-0.625435,0.0611519,-0.0966672
-75,0.642757,-0.634733,0.0562129,-0.0842032
-74,0.649659,-0.643599,0.0513082,-0.0721382
-73,0.656475,-0.652032,0.0464381,-0.0604708
-72,0.663564,-0.661348,0.0312898,-0.0442428
-71,0.671872,-0.67115,0.0144644,-0.0275788
-70,0.68128,-0.681179,-0.00156173,-0.0116671
-69,0.691628,-0.691415,-0.0167858,0.00349225
-68,0.70013,-0.699761,-0.0201706,0.0105068
-67,0.708627,-0.708113,-0.0217899,0.0158912
-66,0.717444,-0.716767,-0.0232621,0.0207125
-65,0.726557,-0.725711,-0.0245941,0.0249736
-64,0.718271,-0.717909,-0.0147138,0.0173961
-63,0.708895,-0.708816,-0.00529312,0.00917824
-62,0.699525,-0.699519,0.00291695,0.00107144
-61,0.690082,-0.689976,0.00994474,-0.00690319
-60,0.667525,-0.667053,0.0225542,-0.0110619
-59,0.645449,-0.644392,0.0337373,-0.0149934
-58,0.623811,-0.622012,0.0435028,-0.0186975
-57,0.601386,-0.598891,0.0503433,-0.0214668
-56,0.562811,-0.561531,0.0350869,-0.014416
-55,0.52415,-0.523773,0.018495,-0.00728448
-54,0.485627,-0.485627,0.000565143,-7.26601e-05
-53,0.447046,-0.446516,-0.0205839,0.00708595
-52,0.407405,-0.403558,-0.0541762,0.0136066
-51,0.371767,-0.36087,-0.0869714,0.0204841
-50,0.341086,-0.318464,-0.118959,0.0277272
-49,0.318068,-0.279273,-0.148658,0.0327817
-48,0.30661,-0.253096,-0.170845,0.0276517
-47,0.306264,-0.216794,-0.215214,0.0219283
-46,0.318493,-0.183114,-0.259657,0.0220237
-45,0.30411,-0.183838,-0.240098,0.0322434
-44,0.28238,-0.178718,-0.212355,0.0519955
-43,0.255946,-0.164569,-0.167912,0.101147
-42,0.243936,-0.150545,-0.12935,0.141808
-41,0.230638,-0.13744,-0.111084,0.148205
-40,0.219419,-0.128776,-0.0924161,0.151725
-39,0.20261,-0.12522,-0.0623265,0.146581
-38,0.182391,-0.116008,-0.0246549,0.138567
-37,0.159526,-0.0973085,0.0238081,0.124148
-36,0.165475,-0.0813979,0.0787512,0.120643
-35,0.204889,-0.0702928,0.141675,0.130256
-34,0.22888,-0.0565844,0.183203,0.124984
-33,0.225841,-0.0414765,0.197835,0.100724
-32,0.224859,-0.0246386,0.211851,0.0712288
-31,0.226691,-0.00255374,0.223513,0.0377447
-30,0.228151,0.0295526,0.226226,0.00104766
-29,0.236778,0.0685028,0.222844,-0.041369
-28,0.241402,0.0991907,0.203506,-0.0837964
-27,0.248814,0.128805,0.171902,-0.125567
-26,0.284368,0.16965,0.149947,-0.172046
-25,0.339821,0.217792,0.133745,-0.223957
-24,0.399985,0.255782,0.124928,-0.280992
-23,0.460585,0.279912,0.126517,-0.343194
-22,0.500454,0.293262,0.125684,-0.385558
-21,0.531261,0.303049,0.123934,-0.418378
-20,0.556396,0.317127,0.130013,-0.438296
-19,0.580654,0.333778,0.139631,-0.454153
-18,0.580834,0.329326,0.146267,-0.455541
-17,0.572143,0.315988,0.150606,-0.452567
-16,0.558679,0.307774,0.151644,-0.440911
-15,0.54595,0.302298,0.150201,-0.429089
-14,0.506532,0.270148,0.139646,-0.405084
-13,0.461715,0.230747,0.125919,-0.37958
-12,0.438824,0.183987,0.0884914,-0.388439
-11,0.432669,0.137021,0.0452892,-0.407893
-10,0.520547,0.0711732,-0.0511023,-0.51312
-9,0.652895,0.00613652,-0.154991,-0.634202
-8,0.717401,0.121069,-0.298803,-0.640877
-7,0.793989,0.270461,-0.436836,-0.605346
-6,0.710175,0.483826,-0.461715,-0.238915
-5,0.847621,0.702729,-0.442244,0.170455
-4,1.54056,1.11495,-0.907412,-0.553927
-3,2.55049,1.36234,-1.47175,-1.57575
-2,6.51887,-2.02033,-1.7152,-5.95584
-1,11.7665,-5.38662,-1.91227,-10.2848
0,9.51443,-4.80365,-0.935206,-8.15934
1,7.81929,-4.42895,0.0455047,-6.44388
2,4.31933,-3.22422,0.458064,-2.83746
3,2.26459,-1.77854,0.827206,1.13178
4,1.59823,-1.27097,0.737568,0.628462
5,1.07206,-0.842431,0.65557,0.0992272
6,0.891182,-0.535242,0.696399,0.150833
7,0.786521,-0.213208,0.733153,0.188797
8,0.693453,-0.136215,0.645942,0.212322
9,0.579837,-0.0881535,0.535608,0.203873
10,0.434431,-0.0607522,0.421261,0.087052
11,0.324968,-0.0481506,0.320684,-0.0211538
12,0.293397,-0.119681,0.249454,-0.0976266
13,0.316774,-0.195806,0.173152,-0.178953
14,0.40732,-0.285873,0.0689778,-0.28183
15,0.527856,-0.373394,-0.0585669,-0.368482
16,0.667016,-0.461798,-0.250772,-0.410811
17,0.83479,-0.563611,-0.424572,-0.446045
18,1.007,-0.700152,-0.550238,-0.470188
19,1.13694,-0.825653,-0.606551,-0.492978
20,1.17705,-0.926848,-0.511557,-0.514506
21,1.18619,-0.991826,-0.369823,-0.535304
22,1.1449,-0.992145,-0.142616,-0.553264
23,1.11863,-0.965449,0.0457324,-0.563152
24,1.07111,-0.897194,0.170434,-0.559705
25,1.02641,-0.843008,0.226463,-0.539966
26,0.965368,-0.804207,0.190608,-0.498853
27,0.902279,-0.784426,0.140444,-0.423154
28,0.839813,-0.782277,0.0689187,-0.29762
29,0.791831,-0.766805,0.0068352,-0.197383
30,0.750318,-0.739494,-0.0476077,-0.117725
31,0.726305,-0.720268,-0.0825027,-0.0438876
32,0.733459,-0.724997,-0.105464,0.0349144
33,0.751455,-0.736742,-0.119235,0.0876314
34,0.775729,-0.758454,-0.123066,0.106572
35,0.772967,-0.75679,-0.116842,0.105332
36,0.742903,-0.730894,-0.103044,0.0841472
37,0.701343,-0.690791,-0.104448,0.0614867
38,0.650798,-0.638494,-0.120879,0.035382
39,0.603405,-0.589204,-0.129075,0.0166231
40,0.559025,-0.542957,-0.133064,0.000474679
41,0.515959,-0.501521,-0.120959,0.00773754
42,0.474275,-0.46161,-0.106355,0.0232694
43,0.431686,-0.419945,-0.0934023,0.0357137
44,0.389949,-0.3783,-0.0823429,0.0465733
45,0.35061,-0.337326,-0.080276,0.0519057
46,0.312821,-0.296841,-0.0817385,0.0553249
47,0.287534,-0.265486,-0.0837402,0.0719757
48,0.268701,-0.236974,-0.0857946,0.0931832
49,0.26935,-0.225207,-0.0767212,0.126273
50,0.278704,-0.217884,-0.0652886,0.161058
51,0.302949,-0.238638,-0.0642444,0.175221
52,0.330437,-0.266374,-0.0676891,0.183443
53,0.35864,-0.311048,-0.0657369,0.165984
54,0.390917,-0.357123,-0.0671066,0.144139
55,0.412277,-0.39448,-0.0644024,0.101047
56,0.438716,-0.430089,-0.0662495,0.0557344
57,0.432394,-0.42841,-0.0580243,0.00792471
58,0.426484,-0.421656,-0.0516034,-0.0378461
59,0.375068,-0.366662,-0.056431,-0.0552356
60,0.323073,-0.309209,-0.060937,-0.0710832
61,0.257799,-0.236671,-0.0880637,-0.0518805
62,0.200739,-0.16394,-0.111009,-0.033114
63,0.182867,-0.0724976,-0.165663,0.0272061
64,0.239015,0.0246147,-0.221669,0.0859378
65,0.307323,0.101603,-0.263942,0.120246
66,0.331785,0.171468,-0.254776,0.125575
67,0.432992,0.319595,-0.255564,0.14152
68,0.5013,0.410803,-0.242489,0.154086
69,0.580608,0.505888,-0.224564,0.175369
70,0.665376,0.602501,-0.204967,0.19418
71,0.746882,0.698921,-0.176098,0.195787
72,0.833346,0.79775,-0.145066,0.192397
73,0.908259,0.888184,-0.100887,0.160888
74,0.977827,0.96854,-0.0544806,0.122918
75,1.02395,1.02128,-0.00957466,0.0732366
76,1.06594,1.06526,0.0312078,0.0216937
77,1.08618,1.0844,0.0532391,-0.0321179
78,1.09563,1.0897,0.0688749,-0.0907066
79,1.07502,1.06119,0.0636961,-0.159636
80,1.04443,1.01745,0.0477737,-0.230969
81,0.990423,0.941239,0.0103133,-0.308058
82,0.914904,0.846586,-0.0287565,-0.345708
83,0.754138,0.699353,-0.0697217,-0.273437
84,0.698578,0.630558,-0.11657,-0.277163
85,0.640798,0.56729,-0.161391,-0.250513
86,0.57632,0.51111,-0.200615,-0.175112
87,0.525011,0.455786,-0.240983,-0.0991082
88,0.491289,0.401317,-0.282495,-0.0225031
89,0.466137,0.361011,-0.289268,0.0572679
90,0.445373,0.337196,-0.254327,0.141329
91,0.445975,0.31331,-0.222073,0.226746
92,0.468056,0.289351,-0.192507,0.313519
93,0.457845,0.260668,-0.151554,0.344538
94,0.40627,0.226649,-0.0976458,0.322724
95,0.316608,0.171666,-0.0140508,0.265658
96,0.327033,0.147267,0.0136828,0.291677
97,0.341113,0.122335,0.0424351,0.315581
98,0.359723,0.0967031,0.0710489,0.339118
99,0.349303,0.0730942,0.0815067,0.331702
