R,v,vx,vy,vz
-100,0.843262,-0.837565,0.000559882,-0.0978532
-99,0.840441,-0.834622,0.00050069,-0.0987222
-98,0.833412,-0.827515,0.000308851,-0.0989608
-97,0.826381,-0.820409,0.000119177,-0.0991698
-96,0.819349,-0.813303,-6.833e-05,-0.0993491
-95,0.812314,-0.806198,-0.00025367,-0.0994989
-94,0.805278,-0.799092,-0.000436841,-0.099619
-93,0.79824,-0.791987,-0.000617843,-0.0997095
-92,0.791199,-0.784883,-0.000796675,-0.0997705
-91,0.784156,-0.777779,-0.000973336,-0.0998018
-90,0.777112,-0.770675,-0.00114782,-0.0998035
-89,0.770064,-0.763572,-0.00132014,-0.0997756
-88,0.763014,-0.756469,-0.00149028,-0.0997181
-87,0.755962,-0.749366,-0.00165825,-0.099631
-86,0.748907,-0.742264,-0.00182404,-0.0995143
-85,0.74185,-0.735162,-0.00198766,-0.099368
-84,0.734789,-0.72806,-0.0021491,-0.0991921
-83,0.727726,-0.720959,-0.00230836,-0.0989866
-82,0.72066,-0.713858,-0.00246544,-0.0987515
-81,0.713591,-0.706757,-0.00262034,-0.0984868
-80,0.706519,-0.699657,-0.00277306,-0.0981925
-79,0.699444,-0.692557,-0.00292359,-0.0978686
-78,0.692366,-0.685457,-0.00307195,-0.0975151
-77,0.685285,-0.678358,-0.00321812,-0.097132
-76,0.6782,-0.671259,-0.0033621,-0.0967193
-75,0.671112,-0.664161,-0.0035039,-0.096277
-74,0.66402,-0.657062,-0.00364352,-0.0958052
-73,0.656925,-0.649964,-0.00378094,-0.0953037
-72,0.649827,-0.642867,-0.00391618,-0.0947726
-71,0.642725,-0.635769,-0.00404923,-0.094212
-70,0.636972,-0.630306,-0.00411951,-0.0918141
-69,0.631479,-0.625145,-0.00417736,-0.0891178
-68,0.625996,-0.619981,-0.00423414,-0.0864649
-67,0.620522,-0.614815,-0.00428985,-0.0838553
-66,0.615057,-0.609646,-0.00434449,-0.081289
-65,0.609602,-0.604475,-0.00439807,-0.0787661
-64,0.604154,-0.599302,-0.00445059,-0.0762865
-63,0.598716,-0.594126,-0.00450206,-0.0738502
-62,0.593285,-0.588948,-0.00455248,-0.0714573
-61,0.587862,-0.583768,-0.00460186,-0.0691078
-60,0.582447,-0.578585,-0.0046502,-0.0668016
-59,0.577039,-0.573399,-0.00469751,-0.0645387
-58,0.571639,-0.568212,-0.00474379,-0.0623191
-57,0.566245,-0.563022,-0.00478904,-0.0601429
-56,0.445691,-0.424041,-0.00972557,-0.136876
-55,0.426533,-0.401609,-0.0103348,-0.143296
-54,0.407687,-0.379176,-0.0109284,-0.149382
-53,0.389184,-0.356743,-0.0115064,-0.155133
-52,0.371058,-0.334308,-0.0120688,-0.16055
-51,0.353352,-0.311872,-0.0126157,-0.165633
-50,0.336118,-0.289436,-0.0131471,-0.170381
-49,0.319283,-0.272151,-0.0130084,-0.166452
-48,0.302603,-0.258414,-0.012414,-0.156962
-47,0.286089,-0.244637,-0.0118218,-0.14785
-46,0.269737,-0.230823,-0.0112317,-0.139114
-45,0.253547,-0.216969,-0.0106437,-0.130755
-44,0.237518,-0.203078,-0.0100577,-0.122773
-43,0.221653,-0.189148,-0.00947361,-0.115168
-42,0.205955,-0.175179,-0.00889141,-0.107939
-41,0.190431,-0.161172,-0.008311,-0.101087
-40,0.175092,-0.147126,-0.00773232,-0.094612
-39,0.159956,-0.133042,-0.0071553,-0.088513
-38,0.145049,-0.118919,-0.00657987,-0.0827904
-37,0.130414,-0.104757,-0.00600596,-0.0774443
-36,0.116115,-0.0905573,-0.0054335,-0.0724744
-35,0.108696,-0.0846817,-0.00462112,-0.0679893
-34,0.110617,-0.0902252,-0.00348461,-0.0639019
-33,0.112992,-0.0957091,-0.00235726,-0.0600112
-32,0.115763,-0.101133,-0.00123912,-0.0563172
-31,0.118877,-0.106498,-0.000130225,-0.0528198
-30,0.122283,-0.111804,0.000969382,-0.0495192
-29,0.125933,-0.11705,0.00205966,-0.0464154
-28,0.0836803,-0.0246175,0.00684816,-0.0796836
-27,0.0856416,-0.00423242,0.00885444,-0.0850775
-26,0.0922789,0.0163544,0.010843,-0.0901685
-25,0.102765,0.0371425,0.0128139,-0.0949571
-24,0.099935,0.0420902,0.01315,-0.0896799
-23,0.0937985,0.0428825,0.0130903,-0.0823887
-22,0.0883335,0.0436272,0.013056,-0.0756903
-21,0.0835277,0.0443247,0.0130467,-0.0695843
-20,0.0793624,0.0449752,0.0130623,-0.0640703
-19,0.0758127,0.0455789,0.0131025,-0.0591478
-18,0.0728474,0.0461362,0.0131672,-0.0548162
-17,0.0695577,0.0381346,0.0123939,-0.0568368
-16,0.0676171,0.0269259,0.011329,-0.0609813
-15,0.067515,0.0160232,0.0103287,-0.0647677
-14,0.112636,0.0704877,-0.000370123,-0.0878528
-13,0.136674,0.0938351,-0.00606208,-0.0991874
-12,0.148156,0.103135,-0.00953824,-0.105936
-11,0.141443,0.0912034,-0.00974093,-0.107671
-10,0.135812,0.0799731,-0.00969812,-0.10934
-9,0.13122,0.0694359,-0.00940853,-0.110945
-8,0.139399,0.0815968,-0.00767794,-0.112761
-7,0.157273,0.112726,-0.0206264,-0.107714
-6,0.188698,0.151269,-0.01766,-0.111412
-5,0.388374,0.331634,-0.0242259,-0.200665
-4,0.59456,0.50956,0.00416859,-0.306321
-3,2.13666,1.66173,-0.0160783,1.34303
-2,3.56339,3.3206,0.122986,-1.28695
-1,7.77722,3.80729,0.0363303,-6.78147
0,11.443,3.57279,-0.0943432,-10.8706
1,13.0127,3.80763,-0.152099,-12.4422
2,6.66748,0.421378,-0.0992129,-6.65342
3,1.29347,-1.29051,0.0767561,0.0417691
4,1.73091,-1.70348,0.0338192,0.305029
5,0.995293,-0.994666,0.0145665,-0.0321815
6,1.03947,-1.0326,0.00291102,-0.119244
7,0.917397,-0.899534,-0.00686376,-0.180025
8,0.794132,-0.757221,-0.0144433,-0.238861
9,0.820574,-0.776063,-0.00824148,-0.266459
10,0.83264,-0.779045,-0.0042967,-0.293872
11,0.816511,-0.758373,-0.00184798,-0.302585
12,0.826998,-0.762248,-0.00210026,-0.32078
13,0.844666,-0.773662,-0.00211946,-0.338974
14,0.867266,-0.790386,-0.00206115,-0.356982
15,0.892347,-0.809573,-0.00210447,-0.375327
16,0.919404,-0.831222,-0.00200814,-0.392898
17,0.949713,-0.857249,-0.00157151,-0.408748
18,0.9798,-0.882847,-0.00120298,-0.424955
19,1.00967,-0.908017,-0.000902564,-0.441519
20,1.03686,-0.930127,-0.00630199,-0.45816
21,1.06162,-0.949811,-0.0165132,-0.473941
22,1.0862,-0.969644,-0.0261621,-0.48882
23,1.11059,-0.989629,-0.0352487,-0.502798
24,1.11059,-0.992401,-0.0532429,-0.4957
25,1.11771,-0.987129,-0.0723542,-0.519243
26,1.11787,-0.983477,-0.0977736,-0.522352
27,1.10993,-0.98012,-0.133109,-0.503588
28,1.07127,-0.94685,-0.174814,-0.46962
29,1.01178,-0.888569,-0.224903,-0.428433
30,0.927303,-0.814278,-0.280879,-0.343437
31,0.824477,-0.721401,-0.333454,-0.219433
32,0.720258,-0.615864,-0.367092,-0.0687613
33,0.58336,-0.478302,-0.325776,0.0735298
34,0.375981,-0.317775,-0.097948,0.175461
35,0.365202,-0.217075,0.259184,0.138111
36,0.500099,-0.218896,0.446101,0.0563641
37,0.42742,-0.261767,0.299085,0.157207
38,0.514705,-0.216028,0.112669,0.453385
39,0.62254,-0.212722,-0.0030753,0.585061
40,0.558228,-0.25828,-0.0951244,0.485655
41,0.513412,-0.275531,-0.0991665,0.421711
42,0.522127,-0.335136,0.00626204,0.400327
43,0.573758,-0.478233,0.0702861,0.309115
44,0.614698,-0.565408,0.0331274,0.238893
45,0.604768,-0.569731,-0.0376509,0.199331
46,0.597976,-0.569249,-0.0693245,0.169485
47,0.5958,-0.572287,-0.0744762,0.148046
48,0.607797,-0.589386,-0.0718602,0.129916
49,0.603756,-0.588087,-0.0419308,0.130065
50,0.624902,-0.609766,0.00609804,0.136568
51,0.656253,-0.63336,0.050707,0.164171
52,0.692239,-0.651019,0.0879704,0.218242
53,0.703786,-0.648801,0.0848545,0.259174
54,0.707132,-0.640174,0.0649297,0.293252
55,0.698492,-0.641103,0.0573493,0.271272
56,0.690145,-0.644632,0.0485655,0.241642
57,0.684738,-0.653257,0.0390024,0.201497
58,0.684105,-0.662702,0.0318545,0.166766
59,0.687672,-0.672589,0.0257338,0.140904
60,0.691579,-0.680857,0.0199674,0.119652
61,0.696458,-0.688765,0.0147365,0.10217
62,0.703979,-0.698773,0.0100448,0.0848704
63,0.702207,-0.698565,0.00391811,0.0713112
64,0.701548,-0.699134,-0.00183895,0.0581228
65,0.701978,-0.700477,-0.00722632,0.0453052
66,0.705477,-0.704405,-0.00953569,0.0376838
67,0.711724,-0.710798,-0.0086429,0.0352568
68,0.718294,-0.71752,-0.0076399,0.032435
69,0.72519,-0.724572,-0.00652669,0.0292186
70,0.733083,-0.732586,-0.00577368,0.0263738
71,0.74577,-0.7455,-0.00376617,0.0196996
72,0.750789,-0.750525,-0.00422298,0.0194678
73,0.755826,-0.755568,-0.00475848,0.0191724
74,0.76088,-0.760628,-0.00537268,0.0188136
75,0.767103,-0.766875,-0.00560777,0.0178243
76,0.773992,-0.773799,-0.00552303,0.0163973
77,0.78082,-0.78066,-0.00537492,0.0148784
78,0.787587,-0.787458,-0.00516345,0.0132675
79,0.794292,-0.794193,-0.00488861,0.0115646
80,0.800938,-0.800866,-0.00455041,0.00976974
81,0.807524,-0.807475,-0.00414885,0.00788293
82,0.813129,-0.813089,-0.00372566,0.0071667
83,0.817933,-0.817891,-0.00333883,0.00757763
84,0.822763,-0.822718,-0.00297105,0.00804611
85,0.82762,-0.827571,-0.00262233,0.00857213
86,0.83772,-0.837638,-0.0013164,0.0116483
87,0.840676,-0.840599,-0.00140589,0.0113338
88,0.843634,-0.843561,-0.00149367,0.0110217
89,0.846594,-0.846525,-0.00157976,0.0107118
90,0.849556,-0.849491,-0.00166416,0.0104043
91,0.85252,-0.852459,-0.00174685,0.010099
92,0.855487,-0.855428,-0.00182786,0.00979601
93,0.858932,-0.858882,-0.00186934,0.00905972
94,0.862415,-0.862373,-0.00190765,0.00828284
95,0.865885,-0.865851,-0.00194676,0.00750996
96,0.869344,-0.869316,-0.00198667,0.00674106
97,0.872791,-0.872768,-0.00202738,0.00597616
98,0.876225,-0.876207,-0.0020689,0.00521525
99,0.879647,-0.879633,-0.00211121,0.00445834
