R,v,vx,vy,vz
-100,0.724275,-0.718318,-0.000113766,-0.0927002
-99,0.718449,-0.712523,-4.1251e-05,-0.0920908
-98,0.712749,-0.707089,7.44058e-05,-0.0896448
-97,0.707054,-0.701655,0.000188872,-0.0872114
-96,0.701366,-0.696222,0.000302156,-0.0847908
-95,0.695683,-0.690788,0.000414268,-0.0823828
-94,0.690007,-0.685355,0.000525217,-0.0799875
-93,0.684336,-0.679921,0.000635013,-0.0776049
-92,0.678672,-0.674488,0.000743665,-0.075235
-91,0.673013,-0.669055,0.000851182,-0.0728777
-90,0.667361,-0.663623,0.000957574,-0.0705332
-89,0.661715,-0.65819,0.00106285,-0.0682014
-88,0.656074,-0.652757,0.00116702,-0.0658822
-87,0.65044,-0.647325,0.00127009,-0.0635758
-86,0.644812,-0.641892,0.00137208,-0.0612821
-85,0.594463,-0.591984,0.00349792,-0.0541185
-84,0.578137,-0.575697,0.00387125,-0.052916
-83,0.561715,-0.559323,0.00424696,-0.051604
-82,0.545196,-0.542862,0.00462508,-0.0501825
-81,0.528582,-0.526314,0.00500565,-0.0486516
-80,0.511871,-0.509679,0.00538872,-0.0470112
-79,0.495064,-0.492957,0.00577432,-0.0452615
-78,0.478161,-0.476147,0.00616251,-0.0434023
-77,0.470645,-0.468881,0.00639703,-0.0402102
-76,0.463707,-0.462184,0.0066241,-0.0369615
-75,0.456601,-0.4553,0.00685595,-0.0337572
-74,0.449329,-0.44823,0.00709257,-0.0305975
-73,0.441889,-0.440973,0.0073339,-0.0274823
-72,0.434282,-0.433529,0.00757991,-0.0244117
-71,0.426508,-0.4259,0.00783057,-0.0213858
-70,0.409908,-0.409113,0.00980501,-0.0235542
-69,0.396948,-0.396195,0.0104425,-0.0220941
-68,0.38391,-0.383195,0.0110964,-0.0206217
-67,0.3723,-0.371695,0.0116997,-0.0177049
-66,0.364212,-0.363829,0.0121602,-0.0114492
-65,0.356209,-0.355947,0.0126324,-0.00517784
-64,0.348299,-0.348051,0.0131162,0.00110936
-63,0.340492,-0.340139,0.0136118,0.00741257
-62,0.332795,-0.332212,0.0141193,0.013732
-61,0.32522,-0.32427,0.0146388,0.0200677
-60,0.316027,-0.314417,0.0156925,0.027734
-59,0.301009,-0.297668,0.0187232,0.0406137
-58,0.28688,-0.280853,0.021895,0.054245
-57,0.273905,-0.263968,0.0252078,0.0686255
-56,0.262395,-0.247012,0.0286617,0.0837531
-55,0.252702,-0.229984,0.0322567,0.0996254
-54,0.245207,-0.212882,0.0359929,0.11624
-53,0.241765,-0.196303,0.0402061,0.135273
-52,0.2515,-0.183281,0.0467768,0.165748
-51,0.265047,-0.169674,0.0535151,0.19646
-50,0.282027,-0.155482,0.0604215,0.227407
-49,0.319418,-0.0517304,0.0789938,0.305142
-48,0.370532,0.00654167,0.0917757,0.358927
-47,0.404231,0.0334426,0.0979616,0.390753
-46,0.433582,0.0532136,0.102771,0.417851
-45,0.463995,0.0732866,0.107752,0.44532
-44,0.499593,0.104309,0.118766,0.473928
-43,0.546732,0.156762,0.146062,0.502999
-42,0.578862,0.179478,0.171879,0.522806
-41,0.602969,0.189074,0.195338,0.538206
-40,0.564998,0.10388,0.181835,0.524754
-39,0.51525,-0.0335087,0.155525,0.490074
-38,0.499931,-0.194837,0.129243,0.441889
-37,0.548224,-0.386118,0.104274,0.374951
-36,0.69189,-0.627605,0.0860054,0.278257
-35,0.913506,-0.893141,0.0701496,0.178524
-34,1.18629,-1.1825,0.0567003,0.0757827
-33,1.4499,-1.44881,0.0518969,-0.021249
-32,1.69416,-1.68985,0.0500633,-0.109935
-31,1.93596,-1.92567,0.0472122,-0.193618
-30,2.16878,-2.15121,0.0477243,-0.271287
-29,2.35334,-2.32784,0.0803759,-0.335989
-28,2.52956,-2.49585,0.106186,-0.397655
-27,2.69719,-2.65535,0.125203,-0.456385
-26,2.9019,-2.85761,0.130472,-0.487969
-25,3.1343,-3.09212,0.121342,-0.497885
-24,3.36007,-3.32035,0.102561,-0.504793
-23,3.58091,-3.54447,0.0719663,-0.50445
-22,3.84545,-3.8314,-0.0536163,-0.324024
-21,4.10165,-4.09519,-0.182401,-0.140461
-20,4.34791,-4.33627,-0.314579,0.0462838
-19,4.59022,-4.55876,-0.456284,0.282134
-18,4.8385,-4.76675,-0.602832,0.57077
-17,5.08722,-4.95766,-0.746094,0.86303
-16,5.33503,-5.13165,-0.886175,1.15903
-15,5.58515,-5.32651,-0.956657,1.38092
-14,5.78655,-5.473,-1.0016,1.58971
-13,5.90986,-5.54336,-1.02228,1.77557
-12,6.0127,-5.60453,-1.03391,1.91646
-11,6.09488,-5.66373,-1.03684,1.99868
-10,6.17749,-5.72326,-1.0395,2.07969
-9,6.26043,-5.78307,-1.04193,2.15951
-8,6.33744,-5.8402,-1.05883,2.22129
-7,6.44273,-5.92218,-1.08307,2.29425
-6,6.57982,-6.03158,-1.11263,2.38248
-5,6.75399,-6.17354,-1.14037,2.49065
-4,6.97937,-6.36153,-1.15858,2.62682
-3,7.24904,-6.58846,-1.18334,2.78216
-2,7.56315,-6.85449,-1.21461,2.95668
-1,7.11582,-6.45785,-1.10179,2.77797
0,6.3287,-5.76677,-0.925827,2.43714
1,5.42509,-4.9756,-0.725436,2.03685
2,4.40224,-4.08966,-0.510843,1.54707
3,3.41712,-3.25813,-0.328885,0.976282
4,2.58867,-2.53977,-0.171213,0.470621
5,1.93516,-1.93456,-0.0378268,0.0300823
6,1.72805,-1.72698,-0.0124282,-0.0597033
7,1.65149,-1.65111,-0.0247564,-0.0254051
8,1.43706,-1.43624,-0.0246099,-0.041796
9,1.41154,-1.41102,-0.0211022,-0.0317067
10,1.38629,-1.38597,-0.017502,-0.0239956
11,1.36086,-1.36067,-0.0143554,-0.0174789
12,1.33536,-1.33527,-0.0120201,-0.0094579
13,1.31071,-1.31068,-0.00957714,-0.00104821
14,1.28693,-1.28689,-0.00702642,0.00775015
15,1.26403,-1.2639,-0.00436795,0.0169372
16,1.24201,-1.24172,-0.00160173,0.0265128
17,1.22089,-1.22035,0.00127223,0.0364771
18,1.20456,-1.20374,0.00353558,0.0443728
19,1.19801,-1.19711,0.0040509,0.0462684
20,1.19143,-1.19045,0.00452532,0.0479808
21,1.18482,-1.18378,0.00495882,0.0495101
22,1.17818,-1.17707,0.00535143,0.0508564
23,1.17151,-1.17034,0.00570312,0.0520195
24,1.1648,-1.16358,0.00601391,0.0529996
25,1.15736,-1.15603,0.00664445,0.054942
26,1.14721,-1.14554,0.00864821,0.0612719
27,1.13709,-1.13502,0.0106482,0.0676685
28,1.127,-1.12449,0.0126444,0.0741319
29,1.09092,-1.09045,0.0123185,0.0293312
30,1.08549,-1.08487,0.0124161,0.0347522
31,1.08008,-1.07926,0.0124894,0.040182
32,1.07466,-1.07362,0.0125384,0.0456203
33,1.06925,-1.06796,0.012563,0.0510673
34,1.06385,-1.06227,0.0125631,0.0565229
35,1.05845,-1.05656,0.012539,0.0619871
36,1.05343,-1.05134,0.012278,0.065216
37,1.04864,-1.04644,0.0118311,0.0668161
38,1.04379,-1.04148,0.0113501,0.0684111
39,1.03888,-1.03646,0.0108352,0.0700011
40,1.03392,-1.03138,0.0102862,0.0715861
41,1.0289,-1.02625,0.00970326,0.0731661
42,1.02382,-1.02105,0.00908628,0.074741
43,1.01557,-1.00839,0.0125786,0.119909
44,1.00952,-1.00205,0.0122223,0.121985
45,1.00345,-0.995681,0.011922,0.124087
46,0.997366,-0.989278,0.0116778,0.126216
47,0.991413,-0.983526,0.0115745,0.12427
48,0.985317,-0.977664,0.0114898,0.122033
49,0.979068,-0.971656,0.0114187,0.1197
50,0.972664,-0.965502,0.0113611,0.117271
51,0.966108,-0.959202,0.0113171,0.114747
52,0.959399,-0.952757,0.0112867,0.112128
53,0.952538,-0.946166,0.0112698,0.109412
54,0.950883,-0.944952,0.0108651,0.105475
55,0.949998,-0.944517,0.0103826,0.101372
56,0.949089,-0.944038,0.00988061,0.0972785
57,0.956326,-0.952827,0.00701874,0.0814227
58,0.952456,-0.948998,0.00755406,0.0807434
59,0.948593,-0.94517,0.00804531,0.0801084
60,0.944683,-0.941299,0.0085442,0.0794321
61,0.940727,-0.937384,0.00905075,0.0787146
62,0.936725,-0.933427,0.00956494,0.0779559
63,0.932677,-0.929425,0.0100868,0.077156
64,0.929566,-0.926401,0.0103448,0.075946
65,0.929477,-0.926511,0.00977034,0.0735511
66,0.929362,-0.926592,0.0092085,0.0711181
67,0.929223,-0.926644,0.00865928,0.0686468
68,0.92906,-0.926667,0.00812268,0.0661374
69,0.928872,-0.926662,0.00759872,0.0635898
70,0.928661,-0.926628,0.00708739,0.0610041
71,0.928425,-0.926565,0.00658868,0.0583801
72,0.928167,-0.926473,0.0061026,0.055718
73,0.927885,-0.926352,0.00562915,0.0530177
74,0.927581,-0.926202,0.00516833,0.0502793
75,0.927254,-0.926024,0.00472014,0.0475026
76,0.926905,-0.925817,0.00428458,0.0446878
77,0.926534,-0.925581,0.00386164,0.0418349
78,0.926266,-0.925435,0.00346998,0.0390768
79,0.927528,-0.926746,0.00331024,0.0379303
80,0.928825,-0.928091,0.00314586,0.0367795
81,0.930157,-0.92947,0.00297685,0.0356242
82,0.931524,-0.930882,0.00280319,0.0344645
83,0.932926,-0.932328,0.00262489,0.0333004
84,0.934363,-0.933807,0.00244195,0.0321318
85,0.935835,-0.93532,0.00225436,0.0309589
86,0.952069,-0.951679,0.000774923,0.0272167
87,0.951294,-0.950924,0.000760634,0.0265178
88,0.950519,-0.950168,0.000745685,0.0258119
89,0.949744,-0.949412,0.000730077,0.0250992
90,0.948969,-0.948656,0.00071381,0.0243797
91,0.948195,-0.947899,0.000696884,0.0236532
92,0.94742,-0.947143,0.000679298,0.0229199
93,0.946646,-0.946386,0.000661054,0.0221797
94,0.945872,-0.945628,0.00064215,0.0214326
95,0.945098,-0.944871,0.000622586,0.0206787
96,0.944324,-0.944113,0.000602364,0.0199178
97,0.94355,-0.943356,0.000581482,0.0191501
98,0.942777,-0.942598,0.000559941,0.0183756
99,0.942004,-0.941839,0.00053774,0.0175941
