R,v,vx,vy,vz
-100,1,-1,7.93057e-07,1.00601e-07
-99,1,-1,8.04555e-07,1.00982e-07
-98,1,-1,8.08493e-07,1.0109e-07
-97,1,-1,8.12432e-07,1.01198e-07
-96,1,-1,8.16372e-07,1.01305e-07
-95,1,-1,8.20313e-07,1.01413e-07
-94,1,-1,8.24255e-07,1.01521e-07
-93,1,-1,8.28198e-07,1.01628e-07
-92,1,-1,8.32141e-07,1.01735e-07
-91,1,-1,8.36086e-07,1.01843e-07
-90,1,-1,8.40032e-07,1.0195e-07
-89,1,-1,8.43979e-07,1.02057e-07
-88,1,-1,8.47927e-07,1.02164e-07
-87,1,-1,8.51876e-07,1.02271e-07
-86,1,-1,8.55826e-07,1.02378e-07
-85,1,-1,8.59778e-07,1.02484e-07
-84,1,-1,8.6373e-07,1.02591e-07
-83,1,-1,8.67683e-07,1.02697e-07
-82,1,-1,8.71637e-07,1.02804e-07
-81,1,-1,8.75592e-07,1.0291e-07
-80,1,-1,8.79548e-07,1.03016e-07
-79,1,-1,8.83505e-07,1.03123e-07
-78,1,-1,8.87464e-07,1.03229e-07
-77,1,-1,8.91423e-07,1.03335e-07
-76,1,-1,8.95383e-07,1.0344e-07
-75,1,-1,8.99344e-07,1.03546e-07
-74,1,-1,9.03307e-07,1.03652e-07
-73,1,-1,9.0727e-07,1.03757e-07
-72,1,-1,9.11234e-07,1.03863e-07
-71,1,-1,9.152e-07,1.03968e-07
-70,1,-1,9.12316e-07,1.04325e-07
-69,1,-1,9.08153e-07,1.04728e-07
-68,1,-1,9.03984e-07,1.05131e-07
-67,1,-1,8.9981e-07,1.05534e-07
-66,1,-1,8.95629e-07,1.05937e-07
-65,1,-1,8.91443e-07,1.06341e-07
-64,1,-1,8.87251e-07,1.06744e-07
-63,1,-1,8.83054e-07,1.07148e-07
-62,1,-1,8.7885e-07,1.07551e-07
-61,1,-1,8.74641e-07,1.07955e-07
-60,1,-1,8.70426e-07,1.08359e-07
-59,1,-1,8.66206e-07,1.08763e-07
-58,1,-1,8.61979e-07,1.09167e-07
-57,1,-1,8.57747e-07,1.09571e-07
-56,1,-1,8.53509e-07,1.09975e-07
-55,1,-1,8.49265e-07,1.1038e-07
-54,1,-1,8.45015e-07,1.10784e-07
-53,1,-1,8.4076e-07,1.11189e-07
-52,1,-1,8.36499e-07,1.11593e-07
-51,1,-1,8.32232e-07,1.11998e-07
-50,1,-1,8.27959e-07,1.12403e-07
-49,1,-1,8.23681e-07,1.12807e-07
-48,1,-1,8.19397e-07,1.13212e-07
-47,1,-1,8.15107e-07,1.13617e-07
-46,1,-1,8.10811e-07,1.14022e-07
-45,1,-1,8.06509e-07,1.14428e-07
-44,1,-1,8.02202e-07,1.14833e-07
-43,1,-1,7.97889e-07,1.15238e-07
-42,1,-1,7.86598e-07,1.15448e-07
-41,1,-1,7.68493e-07,1.15466e-07
-40,1,-1,7.50382e-07,1.15484e-07
-39,1,-1,7.32264e-07,1.15502e-07
-38,1,-1,7.1414e-07,1.1552e-07
-37,1,-1,6.9601e-07,1.15538e-07
-36,1,-1,6.77874e-07,1.15556e-07
-35,1,-1,6.59732e-07,1.15574e-07
-34,1,-1,6.41583e-07,1.15592e-07
-33,1,-1,6.23428e-07,1.1561e-07
-32,1,-1,6.05267e-07,1.15628e-07
-31,1,-1,5.87099e-07,1.15646e-07
-30,1,-1,5.68926e-07,1.15664e-07
-29,1,-1,5.50746e-07,1.15682e-07
-28,1,-1,5.3256e-07,1.157e-07
-27,1,-1,5.14368e-07,1.15718e-07
-26,1,-1,4.9617e-07,1.15736e-07
-25,1,-1,4.77965e-07,1.15754e-07
-24,1,-1,4.59754e-07,1.15772e-07
-23,1,-1,4.41537e-07,1.1579e-07
-22,1,-1,4.23314e-07,1.15808e-07
-21,1,-1,4.05084e-07,1.15826e-07
-20,1,-1,3.86848e-07,1.15844e-07
-19,1,-1,3.68606e-07,1.15862e-07
-18,1,-1,3.50358e-07,1.1588e-07
-17,1,-1,3.32104e-07,1.15898e-07
-16,1,-1,3.13843e-07,1.15916e-07
-15,1,-1,2.95576e-07,1.15934e-07
-14,1,-1,2.78044e-07,1.16039e-07
-13,1,-1,2.64165e-07,1.1657e-07
-12,1,-1,2.50286e-07,1.17104e-07
-11,1,-1,2.36408e-07,1.17639e-07
-10,1,-1,2.22532e-07,1.18176e-07
-9,1,-1,2.08657e-07,1.18715e-07
-8,1,-1,1.94782e-07,1.19256e-07
-7,1,-1,1.80909e-07,1.19799e-07
-6,1,-1,1.67037e-07,1.20343e-07
-5,1,-1,1.53165e-07,1.20889e-07
-4,1,-1,1.39295e-07,1.21437e-07
-3,1,-1,1.25426e-07,1.21986e-07
-2,1,-1,1.11558e-07,1.22538e-07
-1,1,-1,9.76914e-08,1.23091e-07
0,1,-1,8.38255e-08,1.23646e-07
1,1,-1,7.05289e-08,1.24202e-07
2,1,-1,5.72347e-08,1.24761e-07
3,1,-1,4.39428e-08,1.2532e-07
4,1,-1,3.06534e-08,1.25882e-07
5,1,-1,1.73663e-08,1.26446e-07
6,1,-1,4.08161e-09,1.27011e-07
7,1,-1,-9.20071e-09,1.27578e-07
8,1,-1,-2.24806e-08,1.28146e-07
9,1,-1,-3.57582e-08,1.28716e-07
10,1,-1,-4.90334e-08,1.29289e-07
11,1,-1,-6.23062e-08,1.29862e-07
12,1,-1,-7.55766e-08,1.30438e-07
13,1,-1,-8.88446e-08,1.31015e-07
14,1,-1,-1.0211e-07,1.31594e-07
15,1,-1,-1.04531e-07,1.3171e-07
16,1,-1,-1.04763e-07,1.31731e-07
17,1,-1,-1.04996e-07,1.31751e-07
18,1,-1,-1.05231e-07,1.31769e-07
19,1,-1,-1.05467e-07,1.31786e-07
20,1,-1,-1.05705e-07,1.31802e-07
21,1,-1,-1.05944e-07,1.31816e-07
22,1,-1,-1.06186e-07,1.31829e-07
23,1,-1,-1.06428e-07,1.3184e-07
24,1,-1,-1.06673e-07,1.3185e-07
25,1,-1,-1.06919e-07,1.31858e-07
26,1,-1,-1.07166e-07,1.31866e-07
27,1,-1,-1.07415e-07,1.31871e-07
28,1,-1,-1.07666e-07,1.31876e-07
29,1,-1,-1.07919e-07,1.31879e-07
30,1,-1,-1.08173e-07,1.3188e-07
31,1,-1,-1.08428e-07,1.3188e-07
32,1,-1,-1.08686e-07,1.31879e-07
33,1,-1,-1.08945e-07,1.31876e-07
34,1,-1,-1.09205e-07,1.31872e-07
35,1,-1,-1.09467e-07,1.31867e-07
36,1,-1,-1.09731e-07,1.3186e-07
37,1,-1,-1.09996e-07,1.31851e-07
38,1,-1,-1.10263e-07,1.31842e-07
39,1,-1,-1.10532e-07,1.3183e-07
40,1,-1,-1.10802e-07,1.31818e-07
41,1,-1,-1.11074e-07,1.31804e-07
42,1,-1,-1.11347e-07,1.31789e-07
43,1,-1,-1.05786e-07,1.32117e-07
44,1,-1,-9.4287e-08,1.32795e-07
45,1,-1,-8.27866e-08,1.33474e-07
46,1,-1,-7.1285e-08,1.34153e-07
47,1,-1,-5.97823e-08,1.34832e-07
48,1,-1,-4.82784e-08,1.35511e-07
49,1,-1,-3.67734e-08,1.3619e-07
50,1,-1,-2.52672e-08,1.36869e-07
51,1,-1,-1.37599e-08,1.37548e-07
52,1,-1,-2.25141e-09,1.38228e-07
53,1,-1,9.25823e-09,1.38907e-07
54,1,-1,2.0769e-08,1.39587e-07
55,1,-1,3.2281e-08,1.40267e-07
56,1,-1,4.37941e-08,1.40947e-07
57,1,-1,5.53083e-08,1.41627e-07
58,1,-1,6.68237e-08,1.42307e-07
59,1,-1,7.83402e-08,1.42987e-07
60,1,-1,8.9858e-08,1.43668e-07
61,1,-1,1.01377e-07,1.44348e-07
62,1,-1,1.12897e-07,1.45029e-07
63,1,-1,1.24418e-07,1.45709e-07
64,1,-1,1.3594e-07,1.4639e-07
65,1,-1,1.47464e-07,1.47071e-07
66,1,-1,1.58988e-07,1.47752e-07
67,1,-1,1.70514e-07,1.48433e-07
68,1,-1,1.82041e-07,1.49115e-07
69,1,-1,1.93569e-07,1.49796e-07
70,1,-1,2.05098e-07,1.50478e-07
71,1,-1,2.1627e-07,1.51074e-07
72,1,-1,2.2555e-07,1.51222e-07
73,1,-1,2.34832e-07,1.51368e-07
74,1,-1,2.44116e-07,1.51512e-07
75,1,-1,2.53401e-07,1.51656e-07
76,1,-1,2.62688e-07,1.51798e-07
77,1,-1,2.71976e-07,1.51938e-07
78,1,-1,2.81266e-07,1.52077e-07
79,1,-1,2.90558e-07,1.52215e-07
80,1,-1,2.99851e-07,1.52351e-07
81,1,-1,3.09145e-07,1.52486e-07
82,1,-1,3.18442e-07,1.5262e-07
83,1,-1,3.27739e-07,1.52752e-07
84,1,-1,3.37039e-07,1.52882e-07
85,1,-1,3.4634e-07,1.53012e-07
86,1,-1,3.55642e-07,1.5314e-07
87,1,-1,3.64946e-07,1.53266e-07
88,1,-1,3.74252e-07,1.53391e-07
89,1,-1,3.83559e-07,1.53515e-07
90,1,-1,3.92868e-07,1.53638e-07
91,1,-1,4.02178e-07,1.53759e-07
92,1,-1,4.1149e-07,1.53878e-07
93,1,-1,4.20803e-07,1.53996e-07
94,1,-1,4.30118e-07,1.54113e-07
95,1,-1,4.39435e-07,1.54229e-07
96,1,-1,4.48753e-07,1.54343e-07
97,1,-1,4.58073e-07,1.54455e-07
98,1,-1,4.67394e-07,1.54567e-07
99,1,-1,4.76717e-07,1.54677e-07
