R,v,vx,vy,vz
-100,1,-1,3.71457e-07,6.25119e-08
-99,1,-1,3.86057e-07,6.27304e-08
-98,1,-1,3.89079e-07,6.23585e-08
-97,1,-1,3.92104e-07,6.1986e-08
-96,1,-1,3.95132e-07,6.1613e-08
-95,1,-1,3.98164e-07,6.12395e-08
-94,1,-1,4.01199e-07,6.08656e-08
-93,1,-1,4.04237e-07,6.04911e-08
-92,1,-1,4.07278e-07,6.01162e-08
-91,1,-1,4.10322e-07,5.97408e-08
-90,1,-1,4.1337e-07,5.93648e-08
-89,1,-1,4.16421e-07,5.89884e-08
-88,1,-1,4.19475e-07,5.86115e-08
-87,1,-1,4.22532e-07,5.82341e-08
-86,1,-1,4.25592e-07,5.78562e-08
-85,1,-1,4.28655e-07,5.74778e-08
-84,1,-1,4.31722e-07,5.70989e-08
-83,1,-1,4.34792e-07,5.67196e-08
-82,1,-1,4.37865e-07,5.63397e-08
-81,1,-1,4.40941e-07,5.59594e-08
-80,1,-1,4.4402e-07,5.55785e-08
-79,1,-1,4.47103e-07,5.51972e-08
-78,1,-1,4.50188e-07,5.48153e-08
-77,1,-1,4.53277e-07,5.4433e-08
-76,1,-1,4.56369e-07,5.40502e-08
-75,1,-1,4.59465e-07,5.36669e-08
-74,1,-1,4.62563e-07,5.32831e-08
-73,1,-1,4.65665e-07,5.28988e-08
-72,1,-1,4.6877e-07,5.2514e-08
-71,1,-1,4.71878e-07,5.21287e-08
-70,1,-1,4.69021e-07,5.23327e-08
-69,1,-1,4.65052e-07,5.26463e-08
-68,1,-1,4.61077e-07,5.296e-08
-67,1,-1,4.57099e-07,5.32736e-08
-66,1,-1,4.53116e-07,5.35872e-08
-65,1,-1,4.49128e-07,5.39008e-08
-64,1,-1,4.45136e-07,5.42144e-08
-63,1,-1,4.41139e-07,5.45279e-08
-62,1,-1,4.37138e-07,5.48415e-08
-61,1,-1,4.33132e-07,5.5155e-08
-60,1,-1,4.29121e-07,5.54686e-08
-59,1,-1,4.25107e-07,5.57821e-08
-58,1,-1,4.21087e-07,5.60956e-08
-57,1,-1,4.17063e-07,5.64092e-08
-56,1,-1,4.13035e-07,5.67227e-08
-55,1,-1,4.09002e-07,5.70362e-08
-54,1,-1,4.04965e-07,5.73497e-08
-53,1,-1,4.00923e-07,5.76632e-08
-52,1,-1,3.96877e-07,5.79766e-08
-51,1,-1,3.92826e-07,5.82901e-08
-50,1,-1,3.8877e-07,5.86036e-08
-49,1,-1,3.8471e-07,5.8917e-08
-48,1,-1,3.80646e-07,5.92305e-08
-47,1,-1,3.76577e-07,5.95439e-08
-46,1,-1,3.72504e-07,5.98574e-08
-45,1,-1,3.68426e-07,6.01708e-08
-44,1,-1,3.64343e-07,6.04843e-08
-43,1,-1,3.60256e-07,6.07977e-08
-42,1,-1,3.46218e-07,6.07001e-08
-41,1,-1,3.2246e-07,6.02007e-08
-40,1,-1,2.98694e-07,5.97007e-08
-39,1,-1,2.7492e-07,5.92001e-08
-38,1,-1,2.51139e-07,5.86989e-08
-37,1,-1,2.2735e-07,5.81972e-08
-36,1,-1,2.03553e-07,5.76948e-08
-35,1,-1,1.79749e-07,5.71918e-08
-34,1,-1,1.55938e-07,5.66883e-08
-33,1,-1,1.32119e-07,5.61842e-08
-32,1,-1,1.08292e-07,5.56794e-08
-31,1,-1,8.44573e-08,5.51741e-08
-30,1,-1,6.06153e-08,5.46682e-08
-29,1,-1,3.67657e-08,5.41617e-08
-28,1,-1,1.29085e-08,5.36546e-08
-27,1,-1,-1.09562e-08,5.31469e-08
-26,1,-1,-3.48286e-08,5.26386e-08
-25,1,-1,-5.87086e-08,5.21298e-08
-24,1,-1,-8.25961e-08,5.16203e-08
-23,1,-1,-1.06491e-07,5.11102e-08
-22,1,-1,-1.30394e-07,5.05996e-08
-21,1,-1,-1.54304e-07,5.00883e-08
-20,1,-1,-1.78222e-07,4.95765e-08
-19,1,-1,-2.02148e-07,4.9064e-08
-18,1,-1,-2.26081e-07,4.8551e-08
-17,1,-1,-2.50022e-07,4.80374e-08
-16,1,-1,-2.7397e-07,4.75232e-08
-15,1,-1,-2.97926e-07,4.70084e-08
-14,1,-1,-3.1562e-07,4.66528e-08
-13,1,-1,-3.024e-07,4.70857e-08
-12,1,-1,-2.89166e-07,4.75202e-08
-11,1,-1,-2.75919e-07,4.79563e-08
-10,1,-1,-2.62658e-07,4.83939e-08
-9,1,-1,-2.49384e-07,4.88331e-08
-8,1,-1,-2.36096e-07,4.92739e-08
-7,1,-1,-2.22795e-07,4.97162e-08
-6,1,-1,-2.09481e-07,5.01602e-08
-5,1,-1,-1.96152e-07,5.06057e-08
-4,1,-1,-1.82811e-07,5.10527e-08
-3,1,-1,-1.69456e-07,5.15014e-08
-2,1,-1,-1.56087e-07,5.19516e-08
-1,1,-1,-1.42705e-07,5.24034e-08
0,1,-1,-1.29309e-07,5.28567e-08
1,1,-1,-1.1558e-07,5.33101e-08
2,1,-1,-1.01845e-07,5.3765e-08
3,1,-1,-8.81058e-08,5.42215e-08
4,1,-1,-7.43611e-08,5.46796e-08
5,1,-1,-6.0611e-08,5.51392e-08
6,1,-1,-4.68558e-08,5.56005e-08
7,1,-1,-3.30953e-08,5.60632e-08
8,1,-1,-1.93296e-08,5.65276e-08
9,1,-1,-5.55859e-09,5.69935e-08
10,1,-1,8.21761e-09,5.7461e-08
11,1,-1,2.19991e-08,5.793e-08
12,1,-1,3.57857e-08,5.84006e-08
13,1,-1,4.95776e-08,5.88728e-08
14,1,-1,6.33748e-08,5.93465e-08
15,1,-1,4.51237e-08,5.90423e-08
16,1,-1,2.03933e-08,5.85801e-08
17,1,-1,-4.33996e-09,5.81173e-08
18,1,-1,-2.90759e-08,5.76539e-08
19,1,-1,-5.38147e-08,5.71899e-08
20,1,-1,-7.85562e-08,5.67254e-08
21,1,-1,-1.033e-07,5.62602e-08
22,1,-1,-1.28047e-07,5.57945e-08
23,1,-1,-1.52797e-07,5.53282e-08
24,1,-1,-1.7755e-07,5.48613e-08
25,1,-1,-2.02305e-07,5.43938e-08
26,1,-1,-2.27063e-07,5.39257e-08
27,1,-1,-2.51824e-07,5.3457e-08
28,1,-1,-2.76588e-07,5.29878e-08
29,1,-1,-3.01354e-07,5.25179e-08
30,1,-1,-3.26123e-07,5.20475e-08
31,1,-1,-3.50895e-07,5.15765e-08
32,1,-1,-3.7567e-07,5.11049e-08
33,1,-1,-4.00447e-07,5.06327e-08
34,1,-1,-4.25227e-07,5.01599e-08
35,1,-1,-4.5001e-07,4.96866e-08
36,1,-1,-4.74796e-07,4.92126e-08
37,1,-1,-4.99584e-07,4.87381e-08
38,1,-1,-5.24375e-07,4.8263e-08
39,1,-1,-5.49169e-07,4.77873e-08
40,1,-1,-5.73966e-07,4.7311e-08
41,1,-1,-5.98766e-07,4.68341e-08
42,1,-1,-6.23568e-07,4.63566e-08
43,1,-1,-6.29727e-07,4.63703e-08
44,1,-1,-6.16916e-07,4.68842e-08
45,1,-1,-6.04104e-07,4.73982e-08
46,1,-1,-5.91291e-07,4.79125e-08
47,1,-1,-5.78477e-07,4.84268e-08
48,1,-1,-5.65663e-07,4.89414e-08
49,1,-1,-5.52848e-07,4.9456e-08
50,1,-1,-5.40032e-07,4.99709e-08
51,1,-1,-5.27215e-07,5.04859e-08
52,1,-1,-5.14398e-07,5.1001e-08
53,1,-1,-5.0158e-07,5.15164e-08
54,1,-1,-4.88761e-07,5.20318e-08
55,1,-1,-4.75941e-07,5.25474e-08
56,1,-1,-4.6312e-07,5.30632e-08
57,1,-1,-4.50299e-07,5.35792e-08
58,1,-1,-4.37477e-07,5.40952e-08
59,1,-1,-4.24654e-07,5.46115e-08
60,1,-1,-4.11831e-07,5.51279e-08
61,1,-1,-3.99006e-07,5.56445e-08
62,1,-1,-3.86181e-07,5.61612e-08
63,1,-1,-3.73355e-07,5.6678e-08
64,1,-1,-3.60529e-07,5.71951e-08
65,1,-1,-3.47701e-07,5.77122e-08
66,1,-1,-3.34873e-07,5.82296e-08
67,1,-1,-3.22044e-07,5.87471e-08
68,1,-1,-3.09215e-07,5.92647e-08
69,1,-1,-2.96384e-07,5.97825e-08
70,1,-1,-2.83553e-07,6.03005e-08
71,1,-1,-2.71688e-07,6.06937e-08
72,1,-1,-2.64916e-07,6.04284e-08
73,1,-1,-2.58143e-07,6.01626e-08
74,1,-1,-2.5137e-07,5.98963e-08
75,1,-1,-2.44595e-07,5.96296e-08
76,1,-1,-2.37819e-07,5.93625e-08
77,1,-1,-2.31042e-07,5.90949e-08
78,1,-1,-2.24264e-07,5.88269e-08
79,1,-1,-2.17485e-07,5.85584e-08
80,1,-1,-2.10705e-07,5.82895e-08
81,1,-1,-2.03924e-07,5.80201e-08
82,1,-1,-1.97142e-07,5.77503e-08
83,1,-1,-1.90359e-07,5.748e-08
84,1,-1,-1.83575e-07,5.72093e-08
85,1,-1,-1.7679e-07,5.69382e-08
86,1,-1,-1.70004e-07,5.66666e-08
87,1,-1,-1.63217e-07,5.63945e-08
88,1,-1,-1.56429e-07,5.6122e-08
89,1,-1,-1.4964e-07,5.58491e-08
90,1,-1,-1.4285e-07,5.55757e-08
91,1,-1,-1.36058e-07,5.53019e-08
92,1,-1,-1.29266e-07,5.50276e-08
93,1,-1,-1.22473e-07,5.47529e-08
94,1,-1,-1.15679e-07,5.44777e-08
95,1,-1,-1.08883e-07,5.42021e-08
96,1,-1,-1.02087e-07,5.3926e-08
97,1,-1,-9.52895e-08,5.36495e-08
98,1,-1,-8.84911e-08,5.33725e-08
99,1,-1,-8.16916e-08,5.30951e-08
