R,v,vx,vy,vz
-100,0.935159,-0.932378,-0.00286774,-0.0720007
-99,0.934191,-0.93139,-0.00305954,-0.0722299
-98,0.933205,-0.930384,-0.00325859,-0.0724397
-97,0.9322,-0.92936,-0.00346487,-0.0726301
-96,0.931177,-0.928319,-0.00367837,-0.072801
-95,0.930134,-0.927261,-0.00389908,-0.0729526
-94,0.916136,-0.911176,0.0109029,-0.0945793
-93,0.913287,-0.907842,0.012668,-0.0987676
-92,0.910381,-0.904422,0.0144534,-0.102977
-91,0.907418,-0.900916,0.0162589,-0.107206
-90,0.904399,-0.897322,0.0180846,-0.111457
-89,0.901325,-0.893642,0.0199306,-0.115729
-88,0.898196,-0.889874,0.0217967,-0.120022
-87,0.895014,-0.886019,0.023683,-0.124336
-86,0.890969,-0.881771,0.023925,-0.125435
-85,0.886257,-0.877208,0.0229571,-0.12422
-84,0.881436,-0.872541,0.0219403,-0.122963
-83,0.876507,-0.867771,0.0208745,-0.121664
-82,0.87147,-0.862897,0.0197599,-0.120324
-81,0.866325,-0.85792,0.0185966,-0.118943
-80,0.861072,-0.852837,0.0173847,-0.11752
-79,0.855711,-0.847651,0.0161241,-0.116056
-78,0.850242,-0.84236,0.0148151,-0.114551
-77,0.844665,-0.836964,0.0134576,-0.113004
-76,0.83898,-0.831462,0.0120519,-0.111416
-75,0.833188,-0.825855,0.0105978,-0.109787
-74,0.827288,-0.820143,0.00909563,-0.108118
-73,0.821281,-0.814324,0.00754535,-0.106407
-72,0.815167,-0.808399,0.00594706,-0.104655
-71,0.808946,-0.802368,0.00430085,-0.102863
-70,0.802528,-0.796183,0.00292525,-0.100676
-69,0.796012,-0.789912,0.00151332,-0.0983464
-68,0.789418,-0.783567,1.82963e-06,-0.0959372
-67,0.782748,-0.777148,-0.00160921,-0.0934479
-66,0.776003,-0.770656,-0.00331977,-0.0908784
-65,0.769184,-0.76409,-0.00512984,-0.0882285
-64,0.762411,-0.757574,-0.00704695,-0.0854512
-63,0.756638,-0.752103,-0.00909425,-0.0822177
-62,0.77,-0.766283,0.00596422,-0.0753375
-61,0.764571,-0.761053,0.00745867,-0.072887
-60,0.7591,-0.755783,0.00876627,-0.070342
-59,0.753624,-0.750525,0.00952611,-0.0676017
-58,0.749271,-0.746705,0.000377024,-0.0619588
-57,0.745105,-0.742933,-0.00907132,-0.0561262
-56,0.741144,-0.739209,-0.0188189,-0.0501036
-55,0.737406,-0.735533,-0.0288656,-0.0438909
-54,0.733912,-0.731904,-0.0392114,-0.0374876
-53,0.730681,-0.728323,-0.0498563,-0.0308935
-52,0.727735,-0.72479,-0.0608002,-0.0241084
-51,0.72431,-0.720605,-0.0705377,-0.019413
-50,0.717143,-0.712952,-0.0728294,-0.0262643
-49,0.710175,-0.705397,-0.0752446,-0.0331936
-48,0.703413,-0.697943,-0.0777839,-0.0401993
-47,0.696866,-0.69059,-0.0804479,-0.0472797
-46,0.690542,-0.683343,-0.0832371,-0.0544331
-45,0.68445,-0.676201,-0.086152,-0.0616577
-44,0.678599,-0.669169,-0.0891933,-0.0689521
-43,0.673355,-0.662678,-0.0917887,-0.0764163
-42,0.669038,-0.65715,-0.0929672,-0.0844026
-41,0.664696,-0.651439,-0.0940214,-0.0927772
-40,0.660346,-0.645547,-0.0949507,-0.101538
-39,0.65601,-0.639476,-0.0957548,-0.110683
-38,0.65171,-0.633227,-0.0964333,-0.120209
-37,0.647468,-0.6268,-0.0969858,-0.130115
-36,0.643309,-0.620198,-0.0974119,-0.140398
-35,0.64677,-0.621615,-0.0996888,-0.148216
-34,0.660715,-0.634339,-0.104723,-0.152289
-33,0.674864,-0.647227,-0.109869,-0.156419
-32,0.689172,-0.66026,-0.115057,-0.160553
-31,0.774438,-0.734388,-0.140866,-0.201457
-30,0.805593,-0.758099,-0.155329,-0.223918
-29,0.829565,-0.778229,-0.158586,-0.239557
-28,0.848166,-0.796878,-0.15217,-0.247417
-27,0.867629,-0.816258,-0.146193,-0.255208
-26,0.887931,-0.836361,-0.140648,-0.262947
-25,0.902789,-0.85138,-0.125473,-0.272832
-24,0.914625,-0.863329,-0.104015,-0.28352
-23,0.928003,-0.876468,-0.083622,-0.29326
-22,0.94281,-0.890795,-0.0642904,-0.302061
-21,0.948039,-0.893455,-0.0410069,-0.31438
-20,0.948945,-0.88996,-0.0156209,-0.328975
-19,0.951517,-0.887274,0.00921542,-0.343578
-18,0.955696,-0.885399,0.0334986,-0.358192
-17,0.94722,-0.874109,0.0450402,-0.362119
-16,0.932789,-0.85841,0.0506372,-0.361476
-15,0.908722,-0.833651,0.0541613,-0.357589
-14,0.882566,-0.807467,0.0572617,-0.351627
-13,0.803592,-0.736197,0.0360958,-0.320111
-12,0.707399,-0.650587,0.0110315,-0.277539
-11,0.628624,-0.592336,0.0138905,-0.210032
-10,0.443494,-0.429078,-0.0114547,-0.111568
-9,0.247065,-0.245595,-0.0268933,-0.000954648
-8,0.0801658,-0.0153599,0.0230263,0.0752358
-7,0.292245,0.233176,0.0714645,0.161025
-6,0.451921,0.371555,0.216437,0.13905
-5,0.6204,0.482622,0.375118,0.106105
-4,1.18804,0.973118,0.390543,-0.558531
-3,2.04671,1.35834,0.33219,-1.49451
-2,6.19451,-1.73984,-0.889413,-5.87825
-1,11.5068,-4.84906,-2.12318,-10.217
0,9.42832,-4.4292,-1.93114,-8.09605
1,7.82599,-4.20193,-1.73835,-6.36931
2,4.37022,-3.24226,-1.01346,-2.74945
3,2.412,-2.05751,-0.265919,1.23032
4,1.78324,-1.67496,-0.407742,0.456308
5,1.52382,-1.38488,-0.542114,-0.332031
6,1.31265,-1.21991,-0.442519,-0.197604
7,1.07028,-1.00821,-0.351242,-0.0750715
8,0.95163,-0.897699,-0.315353,-0.0170034
9,0.844556,-0.79645,-0.280334,0.0188209
10,0.738727,-0.69187,-0.256859,-0.0324979
11,0.637621,-0.588619,-0.233523,-0.0745337
12,0.583275,-0.540141,-0.207334,-0.0739596
13,0.534881,-0.496972,-0.181419,-0.0787662
14,0.500591,-0.461482,-0.167533,-0.0977695
15,0.470985,-0.430976,-0.155219,-0.109513
16,0.4654,-0.425476,-0.156286,-0.105557
17,0.462215,-0.420556,-0.162855,-0.101262
18,0.464361,-0.415717,-0.180843,-0.10053
19,0.466644,-0.409541,-0.202048,-0.0959687
20,0.463762,-0.399999,-0.219785,-0.0822779
21,0.457115,-0.388195,-0.232711,-0.064068
22,0.437612,-0.371581,-0.228172,-0.0369998
23,0.414333,-0.353314,-0.216419,-0.00190672
24,0.386415,-0.333023,-0.190534,0.0459225
25,0.37023,-0.327016,-0.144234,0.0965768
26,0.375394,-0.326507,-0.0980083,0.157188
27,0.394091,-0.323562,-0.0610861,0.216526
28,0.421695,-0.317447,-0.0402382,0.274654
29,0.435135,-0.299649,-0.0489102,0.311707
30,0.430783,-0.268273,-0.0880073,0.325358
31,0.427316,-0.232865,-0.141849,0.329016
32,0.429597,-0.194439,-0.203836,0.324343
33,0.439499,-0.149305,-0.248628,0.33023
34,0.453269,-0.0965023,-0.272709,0.348955
35,0.493911,-0.00801523,-0.27129,0.412657
36,0.583278,0.111825,-0.2464,0.516716
37,0.663003,0.269404,-0.152371,0.586326
38,0.778366,0.453485,-0.00773526,0.632571
39,0.862795,0.636204,0.176556,0.555417
40,0.993561,0.823781,0.390345,0.395195
41,1.02964,0.865209,0.514027,0.217598
42,1.02884,0.852223,0.575911,0.0234193
43,1.00589,0.782593,0.60705,-0.175636
44,1.00824,0.698482,0.617247,-0.384295
45,1.08725,0.627093,0.649747,-0.605552
46,1.21251,0.564153,0.681026,-0.82952
47,1.32426,0.51334,0.66681,-1.0225
48,1.44396,0.46994,0.637561,-1.20735
49,1.3147,0.313504,0.438676,-1.19905
50,1.16417,0.134826,0.196235,-1.13957
51,0.862387,0.0587634,0.117593,-0.852309
52,0.490783,0.01621,0.0624087,-0.486529
53,0.27617,-0.0546328,-0.0470124,-0.266599
54,0.23101,-0.148091,-0.0211834,-0.176028
55,0.268039,-0.247129,0.0192695,-0.101985
56,0.353021,-0.347997,0.0536688,-0.0253375
57,0.461258,-0.450694,0.0820144,0.0539159
58,0.47928,-0.468877,0.0921511,0.037045
59,0.494042,-0.483422,0.100705,0.015465
60,0.51214,-0.500453,0.108716,-0.00386069
61,0.533202,-0.519969,0.116186,-0.020932
62,0.558911,-0.548833,0.102473,-0.0257558
63,0.626386,-0.622311,0.065269,-0.0287749
64,0.644454,-0.640563,0.0637722,-0.0305559
65,0.662505,-0.658788,0.0626288,-0.0314624
66,0.680533,-0.676986,0.0618389,-0.0314945
67,0.697856,-0.694506,0.0610361,-0.0306572
68,0.70868,-0.705775,0.0569642,-0.0293987
69,0.719486,-0.716984,0.0529992,-0.0280035
70,0.73027,-0.728133,0.0491409,-0.0264715
71,0.741029,-0.739222,0.0453895,-0.0248027
72,0.751762,-0.750249,0.0417448,-0.0229972
73,0.762466,-0.761217,0.038207,-0.0210549
74,0.773139,-0.772124,0.034776,-0.0189759
75,0.783159,-0.782335,0.0316218,-0.0169927
76,0.791008,-0.790315,0.0291314,-0.0157064
77,0.798858,-0.798284,0.0266941,-0.0143286
78,0.80671,-0.806241,0.0243099,-0.0128592
79,0.816915,-0.816662,0.0181114,-0.00922441
80,0.822986,-0.822774,0.0168124,-0.00812067
81,0.829056,-0.828881,0.0155158,-0.00701029
82,0.835125,-0.834983,0.0142214,-0.00589327
83,0.841193,-0.84108,0.0129294,-0.00476961
84,0.847259,-0.847171,0.0116398,-0.0036393
85,0.853325,-0.853258,0.0103525,-0.00250236
86,0.859389,-0.85934,0.00906754,-0.00135878
87,0.864795,-0.864756,0.00817044,-0.000885742
88,0.869265,-0.869229,0.00780755,-0.00133853
89,0.873708,-0.873674,0.00743734,-0.0017652
90,0.878124,-0.878093,0.00705982,-0.00216574
91,0.882513,-0.882484,0.00667499,-0.00254015
92,0.886876,-0.886849,0.00628285,-0.00288843
93,0.891212,-0.891186,0.00588339,-0.00321059
94,0.895521,-0.895497,0.00547662,-0.00350662
95,0.912404,-0.912378,0.0011519,-0.00679688
96,0.914076,-0.91405,0.00125302,-0.00672555
97,0.915753,-0.915728,0.00135442,-0.00664338
98,0.917436,-0.917412,0.00145612,-0.00655038
99,0.919126,-0.919102,0.00155812,-0.00644654
