R,v,vx,vy,vz
-100,0.821111,-0.813678,-0.00215695,-0.110213
-99,0.817495,-0.809929,-0.00226603,-0.110937
-98,0.808878,-0.801319,-0.00216874,-0.110307
-97,0.800264,-0.792711,-0.00207243,-0.109664
-96,0.791651,-0.784108,-0.00197708,-0.109007
-95,0.783041,-0.775508,-0.00188271,-0.108337
-94,0.774433,-0.766912,-0.00178931,-0.107654
-93,0.765827,-0.758319,-0.00169689,-0.106957
-92,0.757223,-0.74973,-0.00160543,-0.106246
-91,0.748621,-0.741145,-0.00151495,-0.105522
-90,0.740021,-0.732563,-0.00142545,-0.104785
-89,0.731422,-0.723985,-0.00133692,-0.104034
-88,0.722826,-0.71541,-0.00124937,-0.10327
-87,0.714232,-0.706838,-0.00116279,-0.102493
-86,0.705639,-0.698271,-0.00107719,-0.101701
-85,0.697048,-0.689706,-0.00099257,-0.100897
-84,0.688459,-0.681146,-0.000908927,-0.100079
-83,0.679872,-0.672589,-0.000826263,-0.0992476
-82,0.671287,-0.664035,-0.000744578,-0.0984028
-81,0.662703,-0.655485,-0.000663874,-0.0975445
-80,0.654121,-0.646938,-0.00058415,-0.0966728
-79,0.645541,-0.638395,-0.000505409,-0.0957877
-78,0.636962,-0.629855,-0.000427649,-0.0948892
-77,0.628386,-0.621318,-0.000350871,-0.0939772
-76,0.61981,-0.612786,-0.000275078,-0.0930518
-75,0.611237,-0.604256,-0.000200268,-0.0921129
-74,0.602665,-0.59573,-0.000126442,-0.0911607
-73,0.594094,-0.587208,-5.36021e-05,-0.090195
-72,0.585525,-0.578689,1.82523e-05,-0.0892158
-71,0.576958,-0.570173,8.91203e-05,-0.0882233
-70,0.571376,-0.564974,4.85238e-06,-0.0852954
-69,0.566363,-0.560385,-0.000106866,-0.082072
-68,0.561364,-0.555789,-0.000217193,-0.0789168
-67,0.556379,-0.551187,-0.000326135,-0.0758298
-66,0.551407,-0.546579,-0.000433695,-0.0728109
-65,0.546448,-0.541964,-0.000539877,-0.0698602
-64,0.541501,-0.537342,-0.000644687,-0.0669777
-63,0.536565,-0.532715,-0.000748129,-0.0641634
-62,0.53164,-0.52808,-0.000850207,-0.0614173
-61,0.526726,-0.523439,-0.000950926,-0.0587394
-60,0.521821,-0.518792,-0.00105029,-0.0561297
-59,0.516925,-0.514138,-0.0011483,-0.0535881
-58,0.512037,-0.509478,-0.00124497,-0.0511148
-57,0.507158,-0.504811,-0.0013403,-0.0487096
-56,0.36445,-0.339917,-0.00254336,-0.13143
-55,0.34348,-0.314377,-0.00270155,-0.138342
-54,0.323115,-0.288782,-0.00284079,-0.144914
-53,0.30347,-0.263134,-0.00296109,-0.151147
-52,0.284685,-0.237432,-0.00306247,-0.157042
-51,0.266935,-0.211676,-0.00314496,-0.162598
-50,0.250436,-0.185866,-0.00320857,-0.167814
-49,0.234722,-0.168306,-0.00302488,-0.163579
-48,0.219123,-0.156519,-0.0026965,-0.153329
-47,0.203883,-0.144756,-0.00239045,-0.143556
-46,0.189008,-0.133018,-0.00210676,-0.134261
-45,0.174512,-0.121304,-0.00184545,-0.125444
-44,0.160411,-0.109615,-0.00160654,-0.117105
-43,0.146732,-0.0979501,-0.00139007,-0.109244
-42,0.133516,-0.0863091,-0.00119605,-0.101862
-41,0.120818,-0.0746918,-0.0010245,-0.0949578
-40,0.108721,-0.0630981,-0.000875452,-0.0885327
-39,0.0973459,-0.0515279,-0.000748924,-0.0825865
-38,0.0868694,-0.039981,-0.000644941,-0.0771193
-37,0.0775439,-0.0284573,-0.000563526,-0.0721313
-36,0.0697179,-0.0169564,-0.000504702,-0.0676225
-35,0.0650569,-0.0146742,-0.000485521,-0.0633785
-34,0.0641508,-0.0249315,-0.00047916,-0.0591059
-33,0.0652436,-0.0350733,-0.000448749,-0.0550126
-32,0.0681555,-0.0450996,-0.000394271,-0.0510984
-31,0.0725916,-0.0550106,-0.000315709,-0.0473632
-30,0.0782238,-0.0648064,-0.000213046,-0.0438068
-29,0.0847519,-0.0744872,-8.62667e-05,-0.0404292
-28,0.0645966,0.0180308,0.00838115,-0.0614603
-27,0.073709,0.0354137,0.0106396,-0.0637627
-26,0.0850994,0.0524381,0.0129041,-0.0657697
-25,0.097771,0.0691026,0.0151748,-0.0674814
-24,0.0961291,0.0686524,0.0141574,-0.0657816
-23,0.0910505,0.0639883,0.0123451,-0.063587
-22,0.0864024,0.0594796,0.0105922,-0.0617686
-21,0.082203,0.0551265,0.00889824,-0.060326
-20,0.0784736,0.0509287,0.00726318,-0.0592589
-19,0.0752377,0.0468863,0.00568677,-0.0585666
-18,0.0725205,0.0429991,0.00416878,-0.0582488
-17,0.0684186,0.0300291,0.00118634,-0.061465
-16,0.0672522,0.0136374,-0.00230432,-0.0658146
-15,0.0701925,-0.00238835,-0.00567584,-0.0699219
-14,0.104095,0.0407516,-0.010666,-0.0951908
-13,0.122695,0.0556562,-0.0148495,-0.108333
-12,0.132199,0.0539823,-0.0192701,-0.119127
-11,0.132997,0.0282275,-0.0238813,-0.127754
-10,0.137492,0.0262128,-0.0227787,-0.133034
-9,0.175288,0.00866594,-0.0205895,-0.173859
-8,0.225618,-0.0129485,-0.0162628,-0.224658
-7,0.31094,0.0254713,-0.0605014,-0.303932
-6,0.341887,0.0789162,-0.0830685,-0.322115
-5,0.336208,0.158008,0.00529033,-0.296718
-4,0.907554,0.775299,0.00804161,0.471701
-3,2.35764,1.78862,0.140612,1.52955
-2,3.49728,3.23572,0.139335,-1.31973
-1,7.60886,2.9807,0.0567495,-7.0005
0,11.6478,1.69259,-0.101504,-11.5237
1,12.2867,-1.32864,-0.139269,-12.2139
2,3.31855,-1.4503,-0.0602684,-2.98425
3,1.74491,-1.58857,-0.0655156,0.718933
4,1.13499,-1.11574,-0.0267593,-0.206394
5,1.18309,-1.17106,-0.010202,-0.167952
6,1.04733,-1.01725,0.000876571,-0.249211
7,1.01398,-0.970554,0.00705041,-0.293483
8,0.99138,-0.930253,0.0130009,-0.342483
9,0.981433,-0.907847,0.015405,-0.372542
10,0.996988,-0.916536,0.0156941,-0.392047
11,1.01386,-0.926208,0.0160144,-0.412053
12,1.03203,-0.936863,0.0163661,-0.432561
13,1.05389,-0.950853,0.0117324,-0.454337
14,1.07786,-0.966693,0.00381049,-0.47673
15,1.10244,-0.982911,-0.00411873,-0.499251
16,1.12579,-0.997925,-0.0126659,-0.520944
17,1.13338,-1.00077,-0.0299541,-0.531142
18,1.14105,-1.00369,-0.046226,-0.540794
19,1.14874,-1.00669,-0.0614815,-0.5499
20,1.14083,-1.00615,-0.0767553,-0.532224
21,1.11938,-1.00215,-0.0916166,-0.490219
22,1.11125,-0.969874,-0.146396,-0.522291
23,1.0849,-0.961343,-0.159781,-0.476768
24,1.05475,-0.954189,-0.164412,-0.418324
25,1.01657,-0.934563,-0.161281,-0.366051
26,0.994062,-0.942055,-0.147681,-0.280859
27,0.960947,-0.940419,-0.133677,-0.145469
28,0.920349,-0.912957,-0.113019,0.0278864
29,0.882645,-0.862777,-0.0671012,0.173709
30,0.858269,-0.825135,-0.000849069,0.236171
31,0.840018,-0.80959,0.0483756,0.218753
32,0.808805,-0.779549,0.0597891,0.207107
33,0.742013,-0.693986,0.0598419,0.255706
34,0.673582,-0.597034,0.0579062,0.306447
35,0.634528,-0.549487,0.0123733,0.317074
36,0.647589,-0.566198,-0.0271744,0.313134
37,0.677794,-0.598891,-0.0306578,0.315902
38,0.704573,-0.643611,-0.0388068,0.284046
39,0.726662,-0.686277,-0.0230864,0.237758
40,0.74443,-0.719575,-0.0101789,0.190487
41,0.721424,-0.70417,-0.0306623,0.153809
42,0.721641,-0.707445,-0.0492928,0.133632
43,0.748866,-0.73299,-0.0695149,0.136723
44,0.75061,-0.733095,-0.0541546,0.151833
45,0.737663,-0.714958,-0.01988,0.180518
46,0.715219,-0.680944,0.018065,0.218009
47,0.691797,-0.639178,0.0539038,0.259091
48,0.676073,-0.596151,0.0794985,0.308802
49,0.66793,-0.55353,0.0966061,0.361113
50,0.675201,-0.524337,0.095176,0.414619
51,0.668516,-0.512057,0.0724109,0.423636
52,0.647803,-0.519792,0.0395183,0.384581
53,0.630592,-0.547703,0.0216816,0.311765
54,0.631635,-0.587677,0.00831955,0.231363
55,0.649107,-0.618944,0.00982646,0.195323
56,0.669982,-0.650083,0.00954279,0.161791
57,0.675038,-0.661768,0.00797355,0.132954
58,0.684282,-0.675088,0.00742226,0.111542
59,0.698059,-0.690884,0.00806057,0.0995007
60,0.706466,-0.700932,0.00668546,0.0879989
61,0.71278,-0.70861,0.00485617,0.0768313
62,0.719818,-0.716428,0.0020238,0.0697576
63,0.723105,-0.720524,0.000752214,0.0610399
64,0.734162,-0.732676,0.00553376,0.0463579
65,0.737591,-0.736405,0.00376455,0.0416531
66,0.741068,-0.74013,0.00196738,0.0372202
67,0.744588,-0.743854,0.000142239,0.0330592
68,0.749405,-0.748767,-0.000786113,0.0309071
69,0.75485,-0.754276,-0.00129612,0.0294014
70,0.760399,-0.759891,-0.00177205,0.0277389
71,0.766053,-0.765611,-0.00221389,0.0259194
72,0.771813,-0.771437,-0.00262164,0.0239432
73,0.77768,-0.777368,-0.0029953,0.02181
74,0.783655,-0.783405,-0.00333488,0.01952
75,0.789153,-0.788946,-0.00364351,0.0177311
76,0.794229,-0.794051,-0.0039271,0.016326
77,0.799207,-0.799056,-0.00418537,0.0149287
78,0.804087,-0.80396,-0.00441834,0.013539
79,0.808868,-0.808764,-0.00462599,0.0121571
80,0.813551,-0.813466,-0.00480833,0.010783
81,0.818136,-0.818067,-0.00496536,0.0094165
82,0.822659,-0.822591,-0.00485614,0.00940603
83,0.827228,-0.827147,-0.00453827,0.0106243
84,0.831845,-0.831749,-0.00423086,0.0119044
85,0.836511,-0.836397,-0.00393393,0.0132463
86,0.847608,-0.847405,-0.00190159,0.0184364
87,0.849959,-0.849757,-0.00231211,0.0183937
88,0.852332,-0.852131,-0.00272081,0.0183376
89,0.854727,-0.854526,-0.00312768,0.0182682
90,0.857145,-0.856945,-0.00353274,0.0181854
91,0.859584,-0.859385,-0.00393597,0.0180893
92,0.862046,-0.861847,-0.00433738,0.0179798
93,0.864999,-0.864826,-0.00422467,0.0167638
94,0.867977,-0.86783,-0.0040614,0.0154475
95,0.870931,-0.870807,-0.00390009,0.014144
96,0.873859,-0.873757,-0.00374074,0.0128532
97,0.876762,-0.876679,-0.00358334,0.0115751
98,0.87964,-0.879573,-0.00342791,0.0103097
99,0.882493,-0.88244,-0.00327443,0.00905709
