R,v,vx,vy,vz
-100,0.976562,-0.967349,-0.0172397,0.132706
-99,0.992713,-0.981087,-0.0201918,0.15013
-98,1.00879,-0.994514,-0.023493,0.167492
-97,1.0238,-1.00644,-0.026213,0.185924
-96,1.03728,-1.01623,-0.0277096,0.206029
-95,1.05065,-1.02559,-0.0292257,0.226213
-94,1.06391,-1.03451,-0.0307626,0.246476
-93,1.07726,-1.04374,-0.0308091,0.26487
-92,1.09062,-1.05285,-0.0303198,0.282916
-91,1.10397,-1.06176,-0.0295069,0.300905
-90,1.11617,-1.07023,-0.0287655,0.315643
-89,1.12609,-1.07817,-0.0284479,0.323754
-88,1.13607,-1.08615,-0.0277105,0.331903
-87,1.14613,-1.09418,-0.0265575,0.340091
-86,1.14933,-1.09812,-0.0281044,0.338109
-85,1.1507,-1.10094,-0.0301593,0.333372
-84,1.15214,-1.10379,-0.0318682,0.328716
-83,1.15431,-1.10771,-0.0326592,0.323032
-82,1.15874,-1.11495,-0.0315429,0.31396
-81,1.16339,-1.12228,-0.0304776,0.305016
-80,1.16827,-1.12971,-0.0294625,0.296201
-79,1.17074,-1.13538,-0.0282666,0.284195
-78,1.17256,-1.14049,-0.0271639,0.270992
-77,1.17489,-1.14591,-0.0262771,0.258043
-76,1.17773,-1.1518,-0.0260221,0.244365
-75,1.18072,-1.15865,-0.0282219,0.225445
-74,1.18374,-1.16519,-0.0306123,0.206464
-73,1.18678,-1.17142,-0.0331922,0.187419
-72,1.18514,-1.17206,-0.0338987,0.172315
-71,1.17883,-1.16726,-0.0326159,0.16155
-70,1.1719,-1.16164,-0.031476,0.151531
-69,1.16413,-1.15493,-0.0306426,0.142822
-68,1.15335,-1.14416,-0.0320361,0.141681
-67,1.14244,-1.13325,-0.0334841,0.140647
-66,1.13141,-1.1222,-0.0349817,0.139721
-65,1.1207,-1.11126,-0.0379957,0.140136
-64,1.11061,-1.10082,-0.0423294,0.140908
-63,1.10083,-1.09081,-0.0466703,0.140678
-62,1.09135,-1.08121,-0.0510195,0.139437
-61,1.0939,-1.08249,-0.0581151,0.146479
-60,1.09707,-1.08446,-0.0654455,0.152415
-59,1.10068,-1.08696,-0.0729866,0.15712
-58,1.10596,-1.09047,-0.0771046,0.167592
-57,1.11347,-1.09506,-0.0769717,0.186375
-56,1.12178,-1.10017,-0.0771432,0.205076
-55,1.13086,-1.1058,-0.077624,0.223695
-54,1.13018,-1.10007,-0.0677707,0.250128
-53,1.1294,-1.09314,-0.0572813,0.278068
-52,1.12971,-1.08625,-0.0473015,0.306717
-51,1.12713,-1.07619,-0.0365408,0.333022
-50,1.11807,-1.06019,-0.0238867,0.354259
-49,1.1094,-1.0438,-0.0115589,0.375655
-48,1.10114,-1.027,0.000445079,0.39722
-47,1.0958,-1.01702,0.00782622,0.407917
-46,1.0907,-1.00807,0.0142034,0.416185
-45,1.08522,-0.998556,0.0205546,0.424456
-44,1.08312,-0.992295,0.0259663,0.43338
-43,1.09123,-0.996147,0.0296383,0.444512
-42,1.1003,-1.00054,0.0349474,0.456478
-41,1.10877,-1.00413,0.0404075,0.46847
-40,1.1196,-1.0114,0.0448118,0.478076
-39,1.13106,-1.01973,0.0486315,0.486914
-38,1.14214,-1.02756,0.0522519,0.495862
-37,1.15152,-1.03465,0.0556154,0.502401
-36,1.15531,-1.04044,0.0583495,0.498834
-35,1.15922,-1.04604,0.0605461,0.495914
-34,1.16323,-1.05146,0.0622018,0.49364
-33,1.16009,-1.05228,0.0644523,0.48411
-32,1.15346,-1.05057,0.0665071,0.471548
-31,1.14729,-1.04872,0.0676968,0.460321
-30,1.14047,-1.04572,0.068731,0.449901
-29,1.12574,-1.03466,0.0749688,0.43721
-28,1.11273,-1.02428,0.0807322,0.427198
-27,1.10139,-1.01458,0.0860247,0.419858
-26,1.08264,-0.99932,0.0930426,0.405968
-25,1.05852,-0.979666,0.10186,0.387747
-24,1.03593,-0.960341,0.110968,0.372259
-23,1.01458,-0.941261,0.120291,0.359059
-22,0.983974,-0.918154,0.126727,0.330361
-21,0.953281,-0.893894,0.134092,0.302849
-20,0.922493,-0.86848,0.142403,0.27651
-19,0.88492,-0.838923,0.143533,0.242259
-18,0.839165,-0.803917,0.136707,0.198059
-17,0.792305,-0.766296,0.130639,0.153203
-16,0.744637,-0.726066,0.125347,0.107702
-15,0.687707,-0.674984,0.109067,0.0737702
-14,0.628521,-0.620857,0.0896084,0.0393189
-13,0.56778,-0.563926,0.0660224,0.0016653
-12,0.502955,-0.499747,0.0432841,-0.0366472
-11,0.437916,-0.430596,0.0201436,-0.0771478
-10,0.38363,-0.363204,-0.00655716,-0.123336
-9,0.347257,-0.297588,-0.0367881,-0.175146
-8,0.507282,-0.124185,-0.107786,-0.479891
-7,0.873217,0.0537102,-0.189165,-0.850788
-6,1.29536,0.216706,-0.274574,-1.24723
-5,2.08653,0.0575438,-0.419153,-2.04318
-4,3.78931,-0.770618,-0.680849,-3.64712
-3,5.53364,-1.58375,-0.934483,-5.21916
-2,7.26348,-2.38191,-1.18011,-6.75959
-1,7.01674,-2.64502,-1.12352,-6.40127
0,6.31298,-2.77181,-0.988265,-5.58517
1,5.75611,-2.92119,-0.862585,-4.8842
2,5.1413,-2.99719,-0.726921,-4.11356
3,3.88644,-2.74944,-0.515026,-2.69809
4,2.75067,-2.48075,-0.286943,-1.15312
5,2.25269,-2.19112,-0.042671,0.521342
6,2.18782,-2.00888,0.00718263,0.866542
7,1.97048,-1.89137,-0.0385505,0.55138
8,1.80043,-1.78515,-0.0868317,0.217383
9,1.69906,-1.69244,-0.12829,-0.0775096
10,1.6176,-1.61303,-0.114898,-0.0398716
11,1.5286,-1.5253,-0.100367,-0.00440533
12,1.43206,-1.42926,-0.0846964,0.0288892
13,1.37466,-1.37245,-0.0606149,0.0487534
14,1.34958,-1.34788,-0.0306144,0.0604092
15,1.3254,-1.32354,-0.000877309,0.0701726
16,1.30157,-1.29899,0.026654,0.0775552
17,1.26245,-1.25903,0.0384366,0.0845291
18,1.22472,-1.22026,0.04923,0.0920942
19,1.18841,-1.1827,0.0590342,0.100251
20,1.16186,-1.15528,0.052193,0.111895
21,1.14532,-1.13791,0.0304745,0.126436
22,1.10129,-1.0962,-0.0374258,0.0988915
23,1.09881,-1.09128,-0.0467916,0.119615
24,1.09787,-1.08741,-0.056299,0.140345
25,1.09434,-1.08096,-0.0656396,0.157445
26,1.07607,-1.06145,-0.073992,0.160548
27,1.05889,-1.0429,-0.082585,0.163702
28,1.04283,-1.02532,-0.0914186,0.166905
29,1.02742,-1.00829,-0.100651,0.169778
30,1.01107,-0.990349,-0.110854,0.17084
31,0.996745,-0.974237,-0.121035,0.172375
32,0.980966,-0.95726,-0.130648,0.169935
33,0.942366,-0.922541,-0.136119,0.135807
34,0.906231,-0.889322,-0.141241,0.102032
35,0.872646,-0.857604,-0.146016,0.0686086
36,0.775624,-0.754433,-0.172628,0.0512078
37,0.728738,-0.703297,-0.190546,0.011182
38,0.693379,-0.660586,-0.207678,-0.035637
39,0.665005,-0.619999,-0.224973,-0.0849705
40,0.643456,-0.580455,-0.242479,-0.135324
41,0.631926,-0.545048,-0.257775,-0.189224
42,0.636326,-0.519538,-0.267554,-0.251804
43,0.650899,-0.49561,-0.279011,-0.316532
44,0.668152,-0.470679,-0.287099,-0.377443
45,0.705644,-0.477745,-0.279913,-0.437427
46,0.749955,-0.4951,-0.2674,-0.495789
47,0.793273,-0.510188,-0.25455,-0.551538
48,0.831965,-0.525329,-0.236971,-0.600034
49,0.855313,-0.5484,-0.200164,-0.625101
50,0.877428,-0.5689,-0.164329,-0.647479
51,0.897909,-0.586828,-0.129465,-0.667167
52,0.883213,-0.60122,-0.0964225,-0.639769
53,0.853435,-0.61354,-0.0656857,-0.58958
54,0.828139,-0.62456,-0.036965,-0.542561
55,0.806672,-0.635971,-0.0121639,-0.496097
56,0.787923,-0.660871,-0.00582145,-0.428997
57,0.777079,-0.699943,0.000459693,-0.337535
58,0.767613,-0.707867,0.00613258,-0.296844
59,0.759657,-0.714789,0.011561,-0.256946
60,0.753099,-0.72071,0.0167451,-0.21784
61,0.762259,-0.736389,0.0177163,-0.196103
62,0.775442,-0.754256,0.0174918,-0.179172
63,0.788514,-0.771405,0.0171709,-0.16246
64,0.801419,-0.787836,0.0167537,-0.145968
65,0.81411,-0.803548,0.0162401,-0.129695
66,0.826542,-0.818543,0.01563,-0.113642
67,0.838676,-0.83282,0.0149237,-0.0978083
68,0.845761,-0.841151,0.0136363,-0.0871189
69,0.850705,-0.846984,0.0121699,-0.0785399
70,0.855551,-0.85262,0.0107521,-0.0699397
71,0.867723,-0.865876,0.00412181,-0.056436
72,0.87056,-0.86909,0.0043155,-0.0503866
73,0.87346,-0.872318,0.00450225,-0.0444277
74,0.876422,-0.875561,0.00468206,-0.0385595
75,0.879444,-0.878819,0.00485493,-0.0327819
76,0.882522,-0.882092,0.00502087,-0.0270948
77,0.885656,-0.88538,0.00517987,-0.0214983
78,0.888895,-0.888729,0.0052994,-0.0163436
79,0.892773,-0.892623,0.00501394,-0.0155488
80,0.89661,-0.896475,0.0047232,-0.0147745
81,0.900405,-0.900285,0.00442719,-0.014021
82,0.904158,-0.904051,0.0041259,-0.013288
83,0.907869,-0.907774,0.00381933,-0.0125758
84,0.911539,-0.911455,0.00350748,-0.0118842
85,0.915167,-0.915093,0.00319035,-0.0112132
86,0.939334,-0.939279,-0.000517173,-0.0101472
87,0.939627,-0.939575,-0.000311477,-0.00990768
88,0.939915,-0.939865,-0.000106432,-0.00965661
89,0.940196,-0.940149,9.79642e-05,-0.00939395
90,0.940472,-0.940428,0.000301711,-0.0091197
91,0.940742,-0.940701,0.000504807,-0.00883386
92,0.941007,-0.940968,0.000707254,-0.00853643
93,0.941265,-0.941229,0.000909052,-0.0082274
94,0.941518,-0.941484,0.0011102,-0.00790679
95,0.941765,-0.941734,0.0013107,-0.00757458
96,0.942007,-0.941978,0.00151055,-0.00723078
97,0.942242,-0.942216,0.00170975,-0.00687539
98,0.942472,-0.942448,0.00190829,-0.00650841
99,0.942696,-0.942674,0.00210619,-0.00612984
