R,v,vx,vy,vz
-100,1.19002,-1.13607,0.0931862,0.341763
-99,1.19066,-1.13939,0.0865048,0.334631
-98,1.1914,-1.14265,0.0801154,0.327637
-97,1.18733,-1.14168,0.0722217,0.31797
-96,1.17659,-1.13471,0.0620927,0.304848
-95,1.16632,-1.12783,0.052344,0.292517
-94,1.15651,-1.12104,0.0429753,0.280971
-93,1.14903,-1.11495,0.0366412,0.275325
-92,1.14183,-1.1088,0.0307906,0.270933
-91,1.13459,-1.10245,0.0249941,0.266987
-90,1.1283,-1.09618,0.0201122,0.266545
-89,1.12401,-1.09033,0.0170871,0.272568
-88,1.11966,-1.08437,0.0141367,0.278541
-87,1.11526,-1.07831,0.0112595,0.284466
-86,1.11284,-1.07482,0.0125018,0.28813
-85,1.11119,-1.07221,0.0150364,0.291368
-84,1.10977,-1.06974,0.0177559,0.294824
-83,1.10892,-1.06789,0.0213505,0.298064
-82,1.10941,-1.06776,0.0273181,0.299901
-81,1.11015,-1.06789,0.0335048,0.301537
-80,1.11113,-1.06828,0.0399163,0.302971
-79,1.11458,-1.07124,0.0450798,0.304484
-78,1.11936,-1.07565,0.0497638,0.305734
-77,1.12452,-1.08055,0.0545957,0.306564
-76,1.13023,-1.08588,0.0582511,0.308042
-75,1.13735,-1.0915,0.0547237,0.314978
-74,1.14491,-1.09761,0.0510323,0.321659
-73,1.15288,-1.10421,0.0471743,0.328085
-72,1.1487,-1.10245,0.0360855,0.320651
-71,1.13703,-1.09526,0.0202339,0.304675
-70,1.08236,-1.03897,0.000779462,0.303402
-69,1.0851,-1.04147,-0.00481052,0.304571
-68,1.08796,-1.04409,-0.0103485,0.305655
-67,1.09067,-1.04629,-0.014748,0.307597
-66,1.09293,-1.04737,-0.0166221,0.311834
-65,1.09534,-1.04852,-0.0185197,0.31629
-64,1.0979,-1.04974,-0.0204394,0.320964
-63,1.15908,-1.09873,-0.0271618,0.368137
-62,1.1707,-1.10361,-0.0304935,0.389437
-61,1.17322,-1.10064,-0.0299893,0.405131
-60,1.17645,-1.09789,-0.0299685,0.421631
-59,1.18051,-1.09542,-0.0304744,0.439003
-58,1.18368,-1.09326,-0.0323924,0.452581
-57,1.18528,-1.09144,-0.0359534,0.460822
-56,1.18741,-1.08997,-0.0400544,0.469368
-55,1.19009,-1.08886,-0.0446945,0.478218
-54,1.17879,-1.08028,-0.0434904,0.469743
-53,1.16622,-1.0712,-0.0414049,0.459224
-52,1.15393,-1.06248,-0.0390847,0.448523
-51,1.13968,-1.05126,-0.033428,0.438871
-50,1.12187,-1.03531,-0.0218846,0.431554
-49,1.10458,-1.01968,-0.009862,0.424559
-48,1.08784,-1.00437,0.00264018,0.417888
-47,1.06692,-0.98291,0.0127697,0.414783
-46,1.04583,-0.960531,0.0224962,0.413076
-45,1.02567,-0.938685,0.0324267,0.412082
-44,1.00273,-0.914576,0.0415023,0.409018
-43,0.970313,-0.883004,0.0477726,0.39941
-42,0.936948,-0.849827,0.0533905,0.390917
-41,0.904189,-0.816958,0.0586975,0.383004
-40,0.865603,-0.780498,0.0635098,0.36886
-39,0.825446,-0.74337,0.0677867,0.352373
-38,0.786059,-0.707049,0.0715722,0.335928
-37,0.746439,-0.671752,0.0751869,0.316649
-36,0.703829,-0.638522,0.0796207,0.285175
-35,0.662785,-0.606706,0.0835276,0.253407
-34,0.623434,-0.576303,0.0869143,0.22134
-33,0.587128,-0.550979,0.094171,0.17965
-32,0.554832,-0.528789,0.103525,0.1323
-31,0.526833,-0.507704,0.112681,0.0842189
-30,0.504956,-0.488746,0.122025,0.0349029
-29,0.497262,-0.478276,0.134672,-0.019624
-28,0.495616,-0.46698,0.147815,-0.0756022
-27,0.500657,-0.454856,0.161452,-0.133028
-26,0.519831,-0.455363,0.169073,-0.185158
-25,0.545932,-0.462913,0.172722,-0.232209
-24,0.571821,-0.46652,0.177535,-0.278962
-23,0.596508,-0.466464,0.183185,-0.323537
-22,0.582577,-0.474487,0.17666,-0.288184
-21,0.565745,-0.480157,0.170897,-0.245584
-20,0.547339,-0.483462,0.165909,-0.195752
-19,0.564846,-0.523782,0.157331,-0.141246
-18,0.635579,-0.612914,0.144684,-0.0858091
-17,0.724367,-0.711569,0.132649,-0.0279372
-16,0.82927,-0.819716,0.121267,0.0323832
-15,1.18896,-1.18479,0.0520204,-0.0848876
-14,1.65242,-1.6324,-0.0307285,-0.254585
-13,2.19446,-2.14207,-0.123487,-0.460367
-12,2.77488,-2.68197,-0.221021,-0.676888
-11,3.39112,-3.25245,-0.323265,-0.903747
-10,3.99346,-3.80995,-0.425014,-1.11865
-9,4.58089,-4.35444,-0.526182,-1.32156
-8,5.12089,-4.87718,-0.540938,-1.46425
-7,5.62758,-5.37252,-0.546269,-1.58344
-6,6.10493,-5.84074,-0.55701,-1.68693
-5,6.53236,-6.26429,-0.569631,-1.76235
-4,6.88526,-6.62121,-0.579777,-1.79729
-3,7.20779,-6.94883,-0.594789,-1.81997
-2,7.49982,-7.24701,-0.614641,-1.83037
-1,6.98831,-6.76154,-0.598033,-1.66142
0,6.3238,-6.12623,-0.575047,-1.45917
1,5.75442,-5.58312,-0.556153,-1.27782
2,5.16788,-5.03283,-0.515192,-1.05459
3,4.18781,-4.12702,-0.362705,-0.611449
4,3.13354,-3.12489,-0.185522,-0.140506
5,2.05791,-2.02642,0.0163577,0.358234
6,1.73744,-1.67124,0.0712635,0.469676
7,1.74004,-1.69643,0.0492574,0.384001
8,1.76005,-1.73686,0.0242287,0.283726
9,1.77643,-1.76635,0.00202424,0.18898
10,1.65538,-1.64233,0.0139398,0.206987
11,1.5256,-1.5086,0.0274571,0.22544
12,1.38752,-1.36517,0.0425763,0.244338
13,1.32416,-1.30083,0.0540743,0.241466
14,1.31525,-1.29472,0.0632578,0.222631
15,1.31865,-1.30364,0.0748856,0.183742
16,1.30042,-1.28484,0.0830834,0.182689
17,1.28186,-1.26559,0.0920687,0.181529
18,1.26178,-1.24584,0.0985505,0.17395
19,1.23848,-1.22545,0.0975176,0.150351
20,1.21501,-1.20458,0.0969015,0.12595
21,1.19143,-1.18322,0.0967022,0.100747
22,1.10098,-1.09426,0.109554,0.0522621
23,1.05414,-1.04713,0.119761,0.0198893
24,1.02659,-1.01995,0.116537,0.0022143
25,0.999305,-0.992677,0.113836,-0.0156607
26,0.971905,-0.964828,0.111994,-0.0341002
27,0.939763,-0.931877,0.109982,-0.0516096
28,0.90145,-0.892517,0.106977,-0.0676774
29,0.86311,-0.852658,0.104114,-0.0842212
30,0.824839,-0.812298,0.101393,-0.101241
31,0.785569,-0.770464,0.0977258,-0.118123
32,0.746468,-0.728164,0.0931952,-0.135304
33,0.707834,-0.685523,0.0878821,-0.152853
34,0.667579,-0.640504,0.0848382,-0.167983
35,0.623952,-0.591636,0.0869993,-0.178082
36,0.581349,-0.542818,0.0888793,-0.188193
37,0.539999,-0.494048,0.0904782,-0.198315
38,0.504455,-0.45403,0.0939056,-0.198778
39,0.470759,-0.416444,0.0972557,-0.1968
40,0.437871,-0.379265,0.0999985,-0.194652
41,0.410822,-0.350297,0.0969967,-0.191464
42,0.398514,-0.343399,0.0789158,-0.186179
43,0.387571,-0.337229,0.0596803,-0.181455
44,0.382689,-0.336947,0.039262,-0.177134
45,0.421924,-0.375456,0.0177514,-0.191672
46,0.476983,-0.427039,-0.00297405,-0.212466
47,0.531984,-0.478006,-0.0222373,-0.232428
48,0.586612,-0.528513,-0.0358298,-0.252
49,0.639701,-0.578291,-0.0300964,-0.271829
50,0.690127,-0.626081,-0.0245441,-0.289303
51,0.73788,-0.671882,-0.0191728,-0.304422
52,0.756576,-0.697892,-0.0117332,-0.291919
53,0.760682,-0.71297,-0.00348465,-0.265139
54,0.76553,-0.727335,0.00425167,-0.23875
55,0.771577,-0.741699,0.0111724,-0.212341
56,0.783516,-0.761792,0.0151796,-0.182593
57,0.80839,-0.795759,0.0176742,-0.141242
58,0.813211,-0.803849,0.0231654,-0.120837
59,0.818463,-0.811799,0.0288588,-0.100157
60,0.824159,-0.819608,0.0347541,-0.0792008
61,0.833134,-0.829652,0.03402,-0.0680684
62,0.842639,-0.839923,0.031358,-0.0598845
63,0.851808,-0.849741,0.0286013,-0.0519484
64,0.86063,-0.859105,0.0257499,-0.0442598
65,0.869095,-0.868015,0.0228038,-0.0368188
66,0.877195,-0.876472,0.019763,-0.0296255
67,0.884921,-0.884474,0.0166276,-0.0226798
68,0.888989,-0.888663,0.0147308,-0.0190329
69,0.891634,-0.891377,0.0134513,-0.0166737
70,0.894314,-0.894117,0.0122469,-0.0142587
71,0.907163,-0.907056,0.00861463,-0.010948
72,0.907372,-0.907288,0.00842053,-0.00910606
73,0.907557,-0.907491,0.0082309,-0.00729813
74,0.907717,-0.907665,0.00804574,-0.00552423
75,0.907852,-0.90781,0.00786505,-0.00378435
76,0.907962,-0.907927,0.00768884,-0.00207848
77,0.908045,-0.908014,0.00751709,-0.000406641
78,0.90835,-0.90832,0.00733645,0.00112694
79,0.911668,-0.91164,0.00699543,0.00136187
80,0.914984,-0.914958,0.00665695,0.00158774
81,0.918297,-0.918274,0.00632102,0.00180453
82,0.921608,-0.921586,0.00598763,0.00201226
83,0.924917,-0.924897,0.00565679,0.00221092
84,0.928223,-0.928204,0.0053285,0.00240052
85,0.931526,-0.931509,0.00500275,0.00258104
86,0.960197,-0.960189,0.00161314,0.00333572
87,0.959621,-0.959614,0.00177182,0.0032628
88,0.959046,-0.959038,0.00193073,0.00319398
89,0.95847,-0.958463,0.00208988,0.00312926
90,0.957895,-0.957887,0.00224927,0.00306864
91,0.95732,-0.957312,0.00240891,0.00301213
92,0.956744,-0.956736,0.00256878,0.00295971
93,0.956169,-0.956161,0.00272889,0.0029114
94,0.955594,-0.955586,0.00288924,0.00286719
95,0.955019,-0.95501,0.00304982,0.00282707
96,0.954444,-0.954435,0.00321065,0.00279106
97,0.953869,-0.953859,0.00337172,0.00275915
98,0.953295,-0.953284,0.00353303,0.00273134
99,0.95272,-0.952709,0.00369457,0.00270763
