R,v,vx,vy,vz
-100,0.668721,-0.645905,0.00318127,-0.173158
-99,0.686331,-0.66415,0.00063891,-0.173077
-98,0.703743,-0.681983,-0.00156424,-0.17364
-97,0.720937,-0.699404,-0.00342808,-0.174849
-96,0.7379,-0.716413,-0.00495248,-0.176701
-95,0.754906,-0.734543,-0.00881734,-0.173929
-94,0.773458,-0.755014,-0.0140774,-0.167311
-93,0.793796,-0.777367,-0.019262,-0.159502
-92,0.929679,-0.920096,0.0021817,-0.133127
-91,0.99906,-0.991673,0.00644323,-0.121093
-90,1.04659,-1.04069,0.00376228,-0.110933
-89,1.05091,-1.04602,-0.0134406,-0.100321
-88,1.05638,-1.05222,-0.0309112,-0.0884697
-87,1.06308,-1.05929,-0.0486551,-0.0753827
-86,1.06443,-1.06022,-0.0647076,-0.0690267
-85,1.06594,-1.06104,-0.0803819,-0.0630456
-84,1.06958,-1.06382,-0.096211,-0.0551586
-83,1.06971,-1.06295,-0.110773,-0.0464929
-82,1.05455,-1.04688,-0.120691,-0.0392518
-81,1.0423,-1.0337,-0.130258,-0.0297497
-80,1.03301,-1.02339,-0.13947,-0.0179925
-79,1.0173,-1.00713,-0.143181,-0.00928678
-78,0.999993,-0.989549,-0.14414,-0.00168307
-77,0.985077,-0.974391,-0.144538,0.00691481
-76,0.970148,-0.959129,-0.144989,0.0153596
-75,0.944035,-0.932105,-0.148492,0.0182083
-74,0.919332,-0.906439,-0.151936,0.0213318
-73,0.896034,-0.882122,-0.155324,0.0247288
-72,0.868453,-0.853122,-0.161146,0.020624
-71,0.833013,-0.815785,-0.168353,0.0079098
-70,0.800581,-0.781122,-0.175405,-0.0034211
-69,0.771091,-0.749199,-0.181919,-0.0137031
-68,0.744092,-0.720628,-0.183447,-0.0267637
-67,0.719031,-0.693795,-0.184863,-0.0384628
-66,0.695845,-0.668701,-0.186167,-0.0488033
-65,0.675469,-0.648638,-0.181029,-0.0524908
-64,0.657317,-0.632788,-0.17051,-0.0507129
-63,0.640388,-0.618103,-0.160334,-0.0483455
-62,0.624699,-0.604596,-0.150508,-0.0453864
-61,0.610129,-0.593628,-0.135051,-0.0402885
-60,0.595561,-0.582133,-0.120592,-0.0356604
-59,0.580922,-0.570073,-0.107208,-0.0315242
-58,0.569639,-0.561604,-0.0922331,-0.0241387
-57,0.562465,-0.557355,-0.0746048,-0.0125142
-56,0.554987,-0.552001,-0.0574771,-0.00127429
-55,0.547151,-0.54554,-0.0408479,0.00957572
-54,0.543431,-0.541991,-0.0265584,0.029278
-53,0.540595,-0.538136,-0.0122841,0.0500191
-52,0.538244,-0.53356,0.00221003,0.0708272
-51,0.537158,-0.529152,0.0157626,0.0910445
-50,0.537931,-0.525806,0.0276128,0.110159
-49,0.539286,-0.522032,0.0398828,0.129311
-48,0.54125,-0.517821,0.0525747,0.148491
-47,0.54422,-0.515059,0.0602158,0.165118
-46,0.54791,-0.512692,0.0668366,0.181341
-45,0.552234,-0.510334,0.0736215,0.197742
-44,0.555648,-0.507579,0.0799656,0.211456
-43,0.55686,-0.505733,0.0842197,0.217335
-42,0.562144,-0.509226,0.0864629,0.221853
-41,0.567827,-0.513455,0.0876602,0.226069
-40,0.572557,-0.519622,0.0882091,0.22368
-39,0.576851,-0.526489,0.0879965,0.218684
-38,0.581144,-0.533533,0.0868981,0.213353
-37,0.587372,-0.543349,0.0847811,0.206373
-36,0.601801,-0.563882,0.0814341,0.193828
-35,0.61636,-0.583938,0.0775336,0.181395
-34,0.630984,-0.603505,0.0730754,0.169061
-33,0.665077,-0.640817,0.0615252,0.16702
-32,0.710168,-0.687559,0.0469534,0.171456
-31,0.755734,-0.733953,0.033084,0.177068
-30,0.803296,-0.781094,0.0186597,0.186625
-29,0.866153,-0.837674,-0.00484114,0.220228
-28,0.931231,-0.895227,-0.0267258,0.255042
-27,0.998298,-0.953763,-0.0470074,0.291076
-26,1.05319,-1.00577,-0.0644353,0.305767
-25,1.09961,-1.05394,-0.0792209,0.303454
-24,1.14836,-1.10431,-0.092307,0.301175
-23,1.1982,-1.15602,-0.103425,0.297678
-22,1.20214,-1.17291,-0.101697,0.243067
-21,1.20906,-1.19031,-0.0978046,0.18817
-20,1.21897,-1.20822,-0.0917358,0.132987
-19,1.2194,-1.21408,-0.0730737,0.0872639
-18,1.2085,-1.20672,-0.0409881,0.0513236
-17,1.19967,-1.19957,-0.00664482,0.0145427
-16,1.19322,-1.19262,0.029963,-0.0230822
-15,1.17448,-1.1691,0.1114,-0.013808
-14,1.16037,-1.14567,0.184088,-0.00362394
-13,1.14779,-1.12362,0.234232,0.00472427
-12,1.11258,-1.07903,0.270114,0.0237167
-11,1.04279,-1.00003,0.288812,0.0628878
-10,0.977232,-0.924565,0.297777,0.1072
-9,0.916453,-0.8527,0.297051,0.156686
-8,0.760495,-0.67939,0.21019,0.269448
-7,0.649103,-0.49789,0.110814,0.401447
-6,0.633949,-0.32646,0.0126263,0.543283
-5,0.708141,0.233116,-0.144404,0.652892
-4,1.78036,1.59105,-0.405741,0.688195
-3,3.00264,2.8404,-0.626466,0.745312
-2,4.14476,3.98115,-0.807004,0.823541
-1,4.93772,4.66493,-0.944899,1.31403
0,5.77654,5.34367,-1.09397,1.90181
1,6.74427,6.14978,-1.25793,2.46638
2,7.41274,6.70152,-1.38749,2.84838
3,6.69933,6.00089,-1.34044,2.6596
4,5.93302,5.25095,-1.28746,2.4435
5,5.1154,4.4517,-1.22854,2.20008
6,4.04823,3.49567,-1.05102,1.75038
7,2.84566,2.45542,-0.816949,1.18375
8,1.60686,1.38256,-0.577814,0.580223
9,0.50907,0.370386,-0.349232,0.00187778
10,0.309217,-0.074061,-0.217266,-0.207185
11,0.609694,-0.464135,-0.0968961,-0.383298
12,0.95762,-0.799835,0.0118776,-0.526459
13,1.15138,-0.998926,0.067849,-0.568515
14,1.24231,-1.11558,0.0892285,-0.539288
15,1.2962,-1.19913,0.107828,-0.480204
16,1.33316,-1.25925,0.126035,-0.419209
17,1.29897,-1.23029,0.127006,-0.396964
18,1.26483,-1.20104,0.128438,-0.375243
19,1.23075,-1.1715,0.130332,-0.354046
20,1.19192,-1.14247,0.118875,-0.318311
21,1.14904,-1.113,0.0947282,-0.269381
22,1.10637,-1.08547,0.0553882,-0.206742
23,1.07606,-1.06058,0.0432916,-0.176657
24,1.0445,-1.03377,0.0314133,-0.14598
25,1.01857,-1.01136,0.0216898,-0.11897
26,1.01852,-1.01254,0.0195757,-0.108451
27,1.01851,-1.01359,0.0175433,-0.0984035
28,1.01852,-1.01452,0.0155926,-0.088829
29,1.02786,-1.02536,0.00781667,-0.0711821
30,1.02481,-1.02262,0.00864996,-0.0664108
31,1.02151,-1.01961,0.00944727,-0.061554
32,1.01797,-1.01634,0.0102086,-0.0566118
33,1.01418,-1.01281,0.0109339,-0.0515842
34,1.01016,-1.00902,0.0116233,-0.0464711
35,1.00589,-1.00497,0.0122767,-0.0412726
36,1.00284,-1.00207,0.0121328,-0.0371936
37,1.00076,-1.00012,0.0114373,-0.033966
38,0.998659,-0.998128,0.0107516,-0.0307332
39,0.996532,-0.996102,0.0100757,-0.027495
40,0.99438,-0.994039,0.00940961,-0.0242516
41,0.992202,-0.991941,0.00875336,-0.0210029
42,0.989998,-0.989806,0.00810692,-0.017749
43,0.98777,-0.987635,0.0074703,-0.0144897
44,0.985516,-0.985428,0.0068435,-0.0112252
45,0.983237,-0.983185,0.00622652,-0.00795537
46,0.980933,-0.980906,0.00561936,-0.00468028
47,0.978604,-0.97859,0.00502201,-0.00139992
48,0.97625,-0.976239,0.00443448,0.00188572
49,0.973872,-0.973851,0.00385677,0.00517664
50,0.972432,-0.972396,0.00354863,0.00752282
51,0.972323,-0.972279,0.00362476,0.00849357
52,0.972161,-0.972108,0.00371521,0.00943737
53,0.971948,-0.971885,0.00381997,0.0103542
54,0.971681,-0.971608,0.00393906,0.0112441
55,0.971362,-0.971278,0.00407246,0.0121071
56,0.970991,-0.970895,0.00422019,0.0129431
57,0.970566,-0.970459,0.00438223,0.0137521
58,0.970078,-0.96996,0.00455486,0.0144349
59,0.969532,-0.969406,0.00472775,0.0148646
60,0.968967,-0.968834,0.00490641,0.0152676
61,0.968384,-0.968244,0.00509084,0.0156438
62,0.967782,-0.967635,0.00528105,0.0159933
63,0.967161,-0.967007,0.00547704,0.0163161
64,0.966747,-0.966591,0.00558195,0.0164561
65,0.967034,-0.966885,0.00538793,0.0161003
66,0.967329,-0.967187,0.00519349,0.0157422
67,0.967634,-0.967499,0.00499864,0.015382
68,0.967947,-0.967819,0.00480337,0.0150195
69,0.968269,-0.968147,0.00460767,0.0146549
70,0.9686,-0.968485,0.00441156,0.014288
71,0.96894,-0.968831,0.00421504,0.013919
72,0.969288,-0.969185,0.00401809,0.0135477
73,0.969646,-0.969549,0.00382072,0.0131742
74,0.970012,-0.969921,0.00362294,0.0127986
75,0.970387,-0.970301,0.00342474,0.0124207
76,0.970771,-0.970691,0.00322612,0.0120406
77,0.971163,-0.971089,0.00302708,0.0116584
78,0.971578,-0.971509,0.00282602,0.0112512
79,0.972153,-0.972092,0.00260605,0.0105718
80,0.972723,-0.97267,0.0023878,0.0099071
81,0.97329,-0.973243,0.00217126,0.00925706
82,0.973852,-0.973812,0.00195644,0.00862169
83,0.97441,-0.974376,0.00174333,0.00800097
84,0.974964,-0.974935,0.00153194,0.00739492
85,0.975513,-0.975489,0.00132227,0.00680353
86,0.982183,-0.982181,-0.00106077,0.00154512
87,0.981761,-0.981759,-0.000948696,0.00171234
88,0.981335,-0.981333,-0.000833583,0.00187936
89,0.980904,-0.980902,-0.000715432,0.00204617
90,0.980469,-0.980466,-0.000594243,0.00221277
91,0.980029,-0.980026,-0.000470017,0.00237916
92,0.979584,-0.979581,-0.000342753,0.00254534
93,0.979135,-0.979132,-0.000212451,0.00271131
94,0.978682,-0.978677,-7.91115e-05,0.00287708
95,0.978223,-0.978218,5.72656e-05,0.00304263
96,0.97776,-0.977755,0.00019668,0.00320798
97,0.977293,-0.977287,0.000339133,0.00337312
98,0.976821,-0.976814,0.000484623,0.00353805
99,0.976344,-0.976337,0.000633151,0.00370277
