R,v,vx,vy,vz
-100,0.908007,-0.901882,0.101907,0.0264499
-99,0.916357,-0.909626,0.100783,0.046183
-98,0.925909,-0.918221,0.0995323,0.0653546
-97,0.935099,-0.926549,0.0950792,0.0829353
-96,0.942746,-0.933615,0.085947,0.0987235
-95,0.950826,-0.940821,0.0765245,0.114321
-94,0.95933,-0.948167,0.0668125,0.12973
-93,0.971928,-0.958715,0.0561101,0.149537
-92,0.985071,-0.969252,0.0451345,0.169938
-91,0.99815,-0.979263,0.0340022,0.190236
-90,1.01214,-0.989499,0.024626,0.211453
-89,1.02821,-1.00088,0.019242,0.234711
-88,1.04435,-1.01191,0.01397,0.257907
-87,1.06055,-1.02259,0.00880789,0.28104
-86,1.07728,-1.03495,0.00581774,0.298939
-85,1.09406,-1.04766,0.00370199,0.315238
-84,1.11075,-1.06017,0.00190861,0.33136
-83,1.12628,-1.07235,0.000247697,0.344344
-82,1.13836,-1.08392,-0.00165766,0.347843
-81,1.15028,-1.09535,-0.00320776,0.351214
-80,1.16205,-1.10666,-0.00440638,0.354459
-79,1.16609,-1.11247,-0.00751429,0.349433
-78,1.16672,-1.11578,-0.011482,0.340807
-77,1.16722,-1.11887,-0.0153769,0.332108
-76,1.16812,-1.12235,-0.0186429,0.323236
-75,1.17198,-1.12902,-0.0190367,0.313806
-74,1.17604,-1.13579,-0.0196949,0.304397
-73,1.18031,-1.14266,-0.0206146,0.295011
-72,1.18269,-1.14787,-0.018437,0.284235
-71,1.18328,-1.15124,-0.0138059,0.273136
-70,1.18374,-1.15435,-0.00979253,0.261964
-69,1.18407,-1.15735,-0.00648379,0.250029
-68,1.18439,-1.16192,-0.00474823,0.229581
-67,1.18462,-1.16592,-0.00333691,0.20967
-66,1.18473,-1.16934,-0.00224849,0.190298
-65,1.17826,-1.16521,-0.000780224,0.174866
-64,1.16568,-1.1542,0.0012299,0.163161
-63,1.15259,-1.14248,0.00324256,0.152226
-62,1.13896,-1.13005,0.00526813,0.142069
-61,1.1279,-1.11974,0.000920209,0.135453
-60,1.11695,-1.10954,-0.00392825,0.12832
-59,1.10608,-1.09945,-0.00920082,0.120618
-58,1.09796,-1.09145,-0.0170801,0.11813
-57,1.09316,-1.08598,-0.0278569,0.121956
-56,1.08841,-1.08054,-0.0387329,0.124761
-55,1.0837,-1.07514,-0.0497195,0.126534
-54,1.09302,-1.08161,-0.0620919,0.144771
-53,1.10477,-1.08998,-0.0745192,0.164072
-52,1.11748,-1.09903,-0.0868677,0.18258
-51,1.1304,-1.10774,-0.0950136,0.204176
-50,1.14306,-1.11508,-0.095775,0.232397
-49,1.15665,-1.12277,-0.0964587,0.26065
-48,1.17117,-1.13081,-0.0970687,0.288945
-47,1.17551,-1.12901,-0.0887654,0.315095
-46,1.17798,-1.12472,-0.0785403,0.341307
-45,1.18103,-1.12011,-0.0683502,0.368126
-44,1.18461,-1.11632,-0.0586721,0.39204
-43,1.18792,-1.1147,-0.050112,0.407518
-42,1.18992,-1.11106,-0.0407851,0.424004
-41,1.19163,-1.10669,-0.0314682,0.440713
-40,1.19754,-1.1081,-0.0235402,0.453502
-39,1.2047,-1.11112,-0.0160948,0.465227
-38,1.21147,-1.1134,-0.00863445,0.477422
-37,1.21833,-1.11533,-0.00113652,0.490278
-36,1.2267,-1.11823,0.00650918,0.504285
-35,1.23474,-1.12047,0.0142091,0.518592
-34,1.2425,-1.12206,0.0219594,0.533201
-33,1.24771,-1.12364,0.0271153,0.541741
-32,1.25171,-1.12534,0.0305971,0.54721
-31,1.25579,-1.12695,0.0337554,0.553041
-30,1.2593,-1.12831,0.0365534,0.558062
-29,1.25818,-1.12877,0.0386906,0.554429
-28,1.25848,-1.13008,0.0403768,0.552332
-27,1.26022,-1.13225,0.0416098,0.551765
-26,1.25773,-1.13275,0.0437761,0.544833
-25,1.25347,-1.13284,0.0468373,0.534481
-24,1.25206,-1.13463,0.0498118,0.527053
-23,1.25314,-1.13795,0.0527977,0.522159
-22,1.24311,-1.13428,0.0598933,0.505105
-21,1.23546,-1.13162,0.0675558,0.491153
-20,1.23013,-1.12996,0.0757935,0.480279
-19,1.21571,-1.12193,0.0818015,0.461025
-18,1.18918,-1.10497,0.0853139,0.431166
-17,1.16193,-1.08631,0.0893485,0.402516
-16,1.1339,-1.06594,0.0939218,0.375067
-15,1.09911,-1.04084,0.0837761,0.343051
-14,1.06028,-1.01173,0.0706358,0.309201
-13,1.01773,-0.978443,0.0559006,0.274419
-12,0.970977,-0.937966,0.0384851,0.248063
-11,0.917638,-0.88748,0.0182913,0.232605
-10,0.859693,-0.831788,0.00153078,0.217252
-9,0.797014,-0.77089,-0.0118088,0.202041
-8,0.490995,-0.475621,-0.0567675,0.10788
-7,0.182938,-0.148828,-0.106352,-0.00244264
-6,0.257214,0.169805,-0.154764,-0.115642
-5,0.786736,0.273114,-0.265608,-0.688342
-4,2.36491,-0.0802391,-0.51884,-2.3059
-3,4.08696,-0.433078,-0.777037,-3.98897
-2,5.88471,-0.785453,-1.04016,-5.73855
-1,6.3096,-1.22521,-1.05912,-6.09821
0,6.31767,-1.69675,-1.00324,-6.00229
1,6.33644,-2.1752,-0.944385,-5.87597
2,5.97154,-2.51895,-0.849153,-5.34725
3,4.32666,-2.38202,-0.636582,-3.55538
4,2.85939,-2.23369,-0.425739,-1.73364
5,2.08859,-2.07398,-0.216623,0.117969
6,2.04608,-1.95703,-0.1808,0.569016
7,1.92696,-1.87611,-0.222673,0.379249
8,1.84041,-1.81074,-0.263652,0.196999
9,1.7795,-1.75359,-0.299252,0.0444465
10,1.68362,-1.65514,-0.307552,0.0218306
11,1.58045,-1.54871,-0.315042,-0.0080177
12,1.47062,-1.43428,-0.321719,-0.0450985
13,1.41286,-1.37594,-0.315887,-0.0562934
14,1.39409,-1.36043,-0.300752,-0.0477698
15,1.3758,-1.34547,-0.284388,-0.0407997
16,1.35552,-1.32875,-0.26544,-0.0373678
17,1.31511,-1.29556,-0.22145,-0.0447654
18,1.27524,-1.26184,-0.176444,-0.0534455
19,1.23614,-1.2276,-0.130422,-0.0634083
20,1.20287,-1.19889,-0.0792621,-0.0571443
21,1.17755,-1.17675,-0.024901,-0.0353301
22,1.15645,-1.15602,0.0283225,-0.014014
23,1.13956,-1.1367,0.0804085,0.00680395
24,1.13056,-1.1268,0.0737986,0.0552332
25,1.12681,-1.12,0.0642614,0.105683
26,1.12846,-1.11615,0.0531572,0.157508
27,1.12317,-1.10499,0.0301803,0.198996
28,1.10616,-1.08279,-0.00622539,0.226102
29,1.05063,-1.03306,-0.0823881,0.172704
30,1.05718,-1.03181,-0.0981347,0.208269
31,1.06719,-1.03254,-0.113562,0.244659
32,1.07568,-1.0322,-0.127758,0.274482
33,1.05114,-1.01153,-0.135098,0.251921
34,1.0287,-0.992447,-0.142189,0.230344
35,1.00833,-0.974952,-0.149031,0.209751
36,1.02151,-0.976758,-0.174272,0.243005
37,1.02209,-0.977721,-0.193856,0.226143
38,1.00446,-0.966215,-0.209759,0.177138
39,0.988164,-0.954853,-0.22393,0.120748
40,0.979042,-0.947754,-0.236931,0.0644153
41,0.975258,-0.942912,-0.249092,-0.000294619
42,0.975863,-0.935795,-0.262316,-0.088237
43,0.987363,-0.931334,-0.27646,-0.176274
44,0.990559,-0.911787,-0.288703,-0.25788
45,0.993135,-0.888275,-0.278372,-0.346112
46,1.00295,-0.865662,-0.260267,-0.434509
47,1.01915,-0.843215,-0.242432,-0.518539
48,1.03387,-0.819087,-0.220018,-0.591242
49,1.02328,-0.786786,-0.177216,-0.629818
50,1.01586,-0.754525,-0.136427,-0.66637
51,1.0112,-0.722305,-0.0976503,-0.700899
52,0.97704,-0.707022,-0.0664854,-0.671049
53,0.929643,-0.700619,-0.0402385,-0.609713
54,0.887163,-0.69348,-0.0157168,-0.553079
55,0.85003,-0.688095,0.00513522,-0.499048
56,0.825227,-0.704319,0.00737355,-0.429976
57,0.800604,-0.724893,0.0081706,-0.339751
58,0.791361,-0.733886,0.0111544,-0.295871
59,0.784112,-0.741895,0.0139116,-0.253436
60,0.778642,-0.74892,0.0164422,-0.212446
61,0.783884,-0.760097,0.0168845,-0.190896
62,0.79183,-0.772143,0.01678,-0.174665
63,0.799792,-0.783709,0.0166596,-0.158714
64,0.807734,-0.794795,0.0165231,-0.143043
65,0.815619,-0.805402,0.0163707,-0.127653
66,0.823417,-0.815528,0.0162023,-0.112544
67,0.831095,-0.825175,0.0160179,-0.0977143
68,0.837948,-0.833245,0.0149003,-0.0873877
69,0.844377,-0.840569,0.0133987,-0.0789694
70,0.85067,-0.847649,0.0119072,-0.070633
71,0.868509,-0.866449,0.0043758,-0.0596242
72,0.871719,-0.870068,0.00452887,-0.0534329
73,0.875013,-0.87372,0.00467436,-0.0473268
74,0.878389,-0.877404,0.00481227,-0.0413062
75,0.881844,-0.881121,0.0049426,-0.0353708
76,0.885376,-0.88487,0.00506534,-0.0295209
77,0.888983,-0.888651,0.00518051,-0.0237562
78,0.892651,-0.892445,0.00525684,-0.0184513
79,0.896193,-0.896003,0.00494114,-0.0177853
80,0.899703,-0.899528,0.00461564,-0.017137
81,0.90318,-0.903019,0.00428033,-0.0165064
82,0.906624,-0.906476,0.00393522,-0.0158936
83,0.910036,-0.9099,0.0035803,-0.0152985
84,0.913414,-0.91329,0.00321559,-0.0147212
85,0.91676,-0.916647,0.00284107,-0.0141617
86,0.936635,-0.936528,-0.000864484,-0.0141353
87,0.937277,-0.937174,-0.000761426,-0.0138721
88,0.937912,-0.937813,-0.000660394,-0.0135977
89,0.938539,-0.938445,-0.000561389,-0.0133119
90,0.93916,-0.93907,-0.000464411,-0.0130149
91,0.939774,-0.939688,-0.000369459,-0.0127066
92,0.940381,-0.940299,-0.000276534,-0.0123871
93,0.940981,-0.940904,-0.000185635,-0.0120562
94,0.941574,-0.941501,-9.67626e-05,-0.0117141
95,0.94216,-0.942091,-9.91696e-06,-0.0113607
96,0.942739,-0.942675,7.49021e-05,-0.010996
97,0.943311,-0.943251,0.000157695,-0.0106201
98,0.943877,-0.943821,0.000238461,-0.0102328
99,0.944435,-0.944384,0.0003172,-0.0098343
