R,v,vx,vy,vz
-100,0.935601,-0.931311,0.0398725,0.0801219
-99,0.947107,-0.941372,0.0346706,0.0981191
-98,0.9589,-0.951456,0.0290357,0.115661
-97,0.971308,-0.961863,0.0227995,0.133187
-96,0.984322,-0.972495,0.0160105,0.151285
-95,0.997362,-0.982814,0.00896689,0.169488
-94,1.01043,-0.992827,0.00166983,0.187797
-93,1.02575,-1.00426,-0.00395221,0.208815
-92,1.04136,-1.01556,-0.00921191,0.230215
-91,1.05692,-1.02644,-0.0143838,0.25159
-90,1.07215,-1.03704,-0.0183688,0.271501
-89,1.08674,-1.0476,-0.0198206,0.288352
-88,1.10124,-1.05793,-0.0209463,0.305105
-87,1.11565,-1.06802,-0.0217498,0.32176
-86,1.12716,-1.07743,-0.0226142,0.330343
-85,1.13785,-1.08666,-0.0231918,0.336675
-84,1.14852,-1.09586,-0.0233716,0.342978
-83,1.15827,-1.1049,-0.023003,0.34678
-82,1.16527,-1.11349,-0.0219456,0.342801
-81,1.17237,-1.12215,-0.0208018,0.338849
-80,1.17959,-1.13087,-0.0195723,0.334926
-79,1.18032,-1.13423,-0.0189653,0.326074
-78,1.17844,-1.13535,-0.0188077,0.315196
-77,1.17679,-1.13657,-0.018831,0.304447
-76,1.17612,-1.13888,-0.0193056,0.292955
-75,1.17963,-1.14651,-0.0214129,0.276721
-74,1.18344,-1.1542,-0.0236577,0.260363
-73,1.18754,-1.16193,-0.0260402,0.243877
-72,1.18884,-1.16685,-0.0255818,0.22615
-71,1.18722,-1.16847,-0.022606,0.208937
-70,1.18526,-1.1694,-0.020091,0.192234
-69,1.18272,-1.16936,-0.0180639,0.17634
-68,1.17673,-1.165,-0.0167642,0.164896
-67,1.17034,-1.16003,-0.0157659,0.154154
-66,1.16351,-1.15445,-0.0150628,0.144116
-65,1.15266,-1.14426,-0.0158931,0.138001
-64,1.13836,-1.13021,-0.0178987,0.134813
-63,1.12381,-1.11591,-0.0199053,0.131505
-62,1.10902,-1.10138,-0.0219068,0.128072
-61,1.10262,-1.09454,-0.0301786,0.129839
-60,1.09667,-1.08819,-0.0387194,0.130444
-59,1.09105,-1.08226,-0.0474605,0.129802
-58,1.09025,-1.08041,-0.0568553,0.134687
-57,1.09555,-1.08359,-0.0669036,0.146955
-56,1.10141,-1.08726,-0.0770162,0.158239
-55,1.10779,-1.09142,-0.087204,0.168533
-54,1.11711,-1.09708,-0.0888057,0.190983
-53,1.12762,-1.10333,-0.0896195,0.214845
-52,1.13907,-1.11008,-0.0905782,0.238769
-51,1.14601,-1.11178,-0.0872336,0.263941
-50,1.14415,-1.10374,-0.0763108,0.291571
-49,1.14309,-1.09549,-0.0657416,0.319723
-48,1.14285,-1.08703,-0.0555231,0.348406
-47,1.13858,-1.07688,-0.0452516,0.366946
-46,1.1334,-1.06599,-0.0351702,0.383417
-45,1.12833,-1.05469,-0.0253564,0.400162
-44,1.12568,-1.04636,-0.0168944,0.414748
-43,1.12893,-1.04641,-0.0109817,0.423543
-42,1.13157,-1.04531,-0.0038366,0.433309
-41,1.1335,-1.04332,0.00345132,0.443062
-40,1.14257,-1.04776,0.0102549,0.455582
-39,1.15427,-1.0544,0.0168319,0.469357
-38,1.16586,-1.06065,0.023382,0.483424
-37,1.1768,-1.06621,0.0299461,0.497167
-36,1.18546,-1.07012,0.0367024,0.508742
-35,1.19423,-1.07381,0.0434864,0.520794
-34,1.20314,-1.0773,0.0502944,0.533317
-33,1.20528,-1.07939,0.0539921,0.533578
-32,1.20374,-1.08059,0.0554873,0.527496
-31,1.2022,-1.08153,0.0563445,0.521919
-30,1.20017,-1.082,0.0569659,0.516161
-29,1.1951,-1.08094,0.0603138,0.506165
-28,1.19177,-1.08072,0.0630752,0.498373
-27,1.19015,-1.08137,0.0652509,0.492778
-26,1.18139,-1.07659,0.069299,0.481491
-25,1.16812,-1.068,0.0751503,0.467155
-24,1.15724,-1.0605,0.0810673,0.456023
-23,1.14834,-1.05389,0.0871083,0.447673
-22,1.12702,-1.03918,0.0956773,0.425577
-21,1.10663,-1.02416,0.105004,0.405834
-20,1.08712,-1.00882,0.1151,0.388423
-19,1.0602,-0.987732,0.120596,0.365884
-18,1.02318,-0.958789,0.120867,0.336178
-17,0.984197,-0.927216,0.121636,0.306788
-16,0.943241,-0.893014,0.122919,0.277707
-15,0.886974,-0.845066,0.109201,0.246294
-14,0.827089,-0.793511,0.0928792,0.213984
-13,0.764105,-0.73837,0.0756982,0.181484
-12,0.679177,-0.660985,0.0571262,0.145314
-11,0.563102,-0.552867,0.034967,0.100992
-10,0.44413,-0.440505,0.0134701,0.0550016
-9,0.324056,-0.323889,-0.00735642,0.00738639
-8,0.218392,-0.0645717,-0.0794456,-0.192909
-7,0.514283,0.201977,-0.167446,-0.442328
-6,0.886628,0.450778,-0.263126,-0.716709
-5,1.59016,0.425319,-0.417607,-1.47421
-4,3.31414,-0.163938,-0.683677,-3.2387
-3,5.13657,-0.746042,-0.944825,-4.99351
-2,6.97167,-1.32102,-1.20105,-6.73918
-1,6.88097,-1.70961,-1.15235,-6.56484
0,6.31982,-2.04781,-1.01857,-5.89145
1,5.88128,-2.39076,-0.888614,-5.29944
2,5.3024,-2.61827,-0.748633,-4.54968
3,3.89263,-2.44125,-0.553474,-2.98102
4,2.63133,-2.25559,-0.34921,-1.3093
5,2.11757,-2.0613,-0.13584,0.465495
6,2.10327,-1.9266,-0.0933724,0.838599
7,1.91244,-1.83172,-0.132386,0.533561
8,1.77077,-1.74878,-0.17244,0.218359
9,1.69068,-1.67693,-0.207714,-0.0563696
10,1.61483,-1.60081,-0.208712,-0.039027
11,1.53166,-1.5171,-0.209071,-0.0257381
12,1.44109,-1.42579,-0.208791,-0.0165029
13,1.38874,-1.37532,-0.192371,-0.00971596
14,1.36738,-1.35749,-0.164162,-0.00329694
15,1.34632,-1.33956,-0.134767,0.00108833
16,1.32388,-1.31976,-0.104337,0.00268642
17,1.28056,-1.27896,-0.0639512,0.00380929
18,1.23875,-1.23851,-0.0239826,0.00467429
19,1.19852,-1.19841,0.0155685,0.00528142
20,1.1701,-1.16923,0.0401508,0.0206573
21,1.15407,-1.15189,0.0499074,0.0503451
22,1.14145,-1.13712,0.0580425,0.0806116
23,1.13228,-1.12493,0.0645561,0.111457
24,1.10951,-1.10153,0.0311347,0.129152
25,1.08961,-1.07964,-0.00289422,0.147036
26,1.07305,-1.05959,-0.0365993,0.165435
27,1.05721,-1.04034,-0.0629503,0.177268
28,1.03998,-1.02118,-0.0797263,0.179953
29,1.0533,-1.03176,-0.0951804,0.189314
30,1.05054,-1.02381,-0.108027,0.209217
31,1.05016,-1.01761,-0.12078,0.229595
32,1.04721,-1.00973,-0.132747,0.243894
33,1.01108,-0.978804,-0.139551,0.211527
34,0.977593,-0.949722,-0.146137,0.179888
35,0.9468,-0.922485,-0.152505,0.148976
36,0.89277,-0.865468,-0.172332,0.135296
37,0.874576,-0.846914,-0.184827,0.116006
38,0.846432,-0.818825,-0.202792,0.0696265
39,0.820549,-0.789842,-0.221738,0.0168045
40,0.801114,-0.76342,-0.240137,-0.0361604
41,0.789014,-0.739976,-0.256436,-0.0960152
42,0.788386,-0.719933,-0.269207,-0.175431
43,0.799263,-0.701968,-0.28345,-0.256357
44,0.810132,-0.677249,-0.295345,-0.332294
45,0.836665,-0.670771,-0.287672,-0.409047
46,0.871267,-0.670637,-0.273166,-0.484492
47,0.907764,-0.668838,-0.258569,-0.556627
48,0.939898,-0.665479,-0.23903,-0.619201
49,0.94854,-0.660848,-0.198638,-0.650807
50,0.956924,-0.654424,-0.159746,-0.679643
51,0.964664,-0.646206,-0.122354,-0.705708
52,0.938297,-0.646393,-0.0891961,-0.674256
53,0.897619,-0.651061,-0.0594546,-0.615064
54,0.86211,-0.654611,-0.0316783,-0.560102
55,0.831632,-0.65903,-0.00782676,-0.507179
56,0.808806,-0.679892,-0.00289645,-0.43807
57,0.791011,-0.711157,0.00167287,-0.34634
58,0.779884,-0.718577,0.0062785,-0.30303
59,0.77052,-0.724933,0.0106562,-0.260883
60,0.762761,-0.730226,0.0148059,-0.219899
61,0.769998,-0.743964,0.0157555,-0.197905
62,0.781077,-0.759627,0.0158199,-0.181103
63,0.792102,-0.774665,0.0158289,-0.164528
64,0.803027,-0.789079,0.0157825,-0.148178
65,0.813808,-0.802869,0.0156808,-0.132054
66,0.824406,-0.816034,0.0155236,-0.116156
67,0.834787,-0.828575,0.0153111,-0.100483
68,0.841893,-0.836983,0.0141667,-0.0896803
69,0.847574,-0.843608,0.0126618,-0.0809086
70,0.853135,-0.850005,0.011181,-0.0721626
71,0.867824,-0.865783,0.00375543,-0.0593692
72,0.87092,-0.869291,0.00397209,-0.0531002
73,0.874088,-0.872817,0.0041815,-0.0469246
74,0.877324,-0.876362,0.00438365,-0.0408423
75,0.880628,-0.879926,0.00457854,-0.0348534
76,0.883996,-0.883509,0.00476618,-0.0289578
77,0.887426,-0.88711,0.00494655,-0.0231556
78,0.890928,-0.890736,0.00508541,-0.0178142
79,0.894604,-0.894429,0.00479687,-0.0170321
80,0.898242,-0.898084,0.00450071,-0.0162714
81,0.901844,-0.901701,0.00419694,-0.0155322
82,0.905409,-0.905279,0.00388553,-0.0148144
83,0.908936,-0.908819,0.00356651,-0.014118
84,0.912426,-0.912321,0.00323987,-0.013443
85,0.915879,-0.915785,0.00290561,-0.0127894
86,0.937879,-0.937802,-0.000794455,-0.0119569
87,0.938321,-0.938248,-0.000632162,-0.011711
88,0.938756,-0.938686,-0.000471122,-0.0114534
89,0.939185,-0.939119,-0.000311336,-0.0111843
90,0.939608,-0.939544,-0.000152805,-0.0109036
91,0.940023,-0.939964,4.47313e-06,-0.0106113
92,0.940433,-0.940376,0.000160497,-0.0103074
93,0.940836,-0.940783,0.000315267,-0.009992
94,0.941232,-0.941182,0.000468783,-0.00966498
95,0.941622,-0.941575,0.000621045,-0.00932638
96,0.942005,-0.941962,0.000772053,-0.0089762
97,0.942382,-0.942342,0.000921807,-0.00861444
98,0.942753,-0.942716,0.00107031,-0.0082411
99,0.943117,-0.943083,0.00121755,-0.00785618
