R,v,vx,vy,vz
-100,0.76283,-0.757266,-0.00254345,-0.0919251
-99,0.757488,-0.751885,-0.00263098,-0.0919189
-98,0.749861,-0.744342,-0.00275766,-0.0907661
-97,0.742236,-0.736801,-0.00288361,-0.0896043
-96,0.734611,-0.729263,-0.00300884,-0.0884335
-95,0.726988,-0.721726,-0.00313331,-0.0872537
-94,0.719366,-0.714192,-0.00325703,-0.086065
-93,0.711745,-0.706659,-0.00337997,-0.0848673
-92,0.704126,-0.699129,-0.00350212,-0.0836606
-91,0.696507,-0.691601,-0.00362347,-0.0824448
-90,0.68889,-0.684075,-0.003744,-0.0812201
-89,0.681274,-0.676552,-0.00386371,-0.0799863
-88,0.67366,-0.66903,-0.00398258,-0.0787435
-87,0.666046,-0.66151,-0.0041006,-0.0774916
-86,0.658434,-0.653993,-0.00421775,-0.0762307
-85,0.611132,-0.606686,-0.00978648,-0.0729301
-84,0.593998,-0.589385,-0.01074,-0.0730977
-83,0.576725,-0.571948,-0.0116911,-0.0731431
-82,0.559312,-0.554375,-0.0126397,-0.0730662
-81,0.541761,-0.536666,-0.0135858,-0.0728671
-80,0.52407,-0.518821,-0.0145295,-0.0725458
-79,0.506239,-0.50084,-0.0154708,-0.0721022
-78,0.48827,-0.482722,-0.0164097,-0.0715364
-77,0.477613,-0.472043,-0.0156259,-0.0710343
-76,0.467393,-0.461802,-0.0147186,-0.0705597
-75,0.457027,-0.451407,-0.0138228,-0.0701032
-74,0.446516,-0.440858,-0.0129384,-0.0696651
-73,0.43586,-0.430155,-0.0120654,-0.0692451
-72,0.42506,-0.419298,-0.011204,-0.0688435
-71,0.414116,-0.408287,-0.0103541,-0.0684603
-70,0.392496,-0.383721,-0.00854808,-0.0820865
-69,0.376378,-0.366634,-0.00772591,-0.0847338
-68,0.360269,-0.349497,-0.00693454,-0.0871604
-67,0.346531,-0.335364,-0.00554217,-0.0870879
-66,0.338111,-0.328115,-0.00265683,-0.0815595
-65,0.329441,-0.320579,0.000285537,-0.075895
-64,0.320531,-0.312756,0.00328514,-0.0700946
-63,0.311391,-0.304644,0.00634219,-0.0641588
-62,0.302033,-0.296244,0.0094569,-0.0580879
-61,0.292471,-0.287555,0.0126295,-0.051882
-60,0.280155,-0.275974,0.0162196,-0.0454064
-59,0.258695,-0.25495,0.0212209,-0.0383833
-58,0.237608,-0.23405,0.0263692,-0.0313516
-57,0.216977,-0.213272,0.0316646,-0.0243124
-56,0.173266,-0.165815,0.0423163,-0.0271259
-55,0.143497,-0.131981,0.0504904,-0.0249627
-54,0.133099,-0.118669,0.059375,-0.0103644
-53,0.128515,-0.108444,0.0686959,0.00606832
-52,0.128434,-0.0990794,0.0784188,0.0229986
-51,0.126074,-0.0811112,0.0887222,0.0380008
-50,0.120227,-0.0464506,0.0995758,0.0487998
-49,0.126084,-0.0114388,0.110583,0.0594786
-48,0.142476,0.0239214,0.121747,0.0700343
-47,0.171572,0.0506694,0.137818,0.0887456
-46,0.206854,0.067158,0.162765,0.108563
-45,0.242027,0.0981126,0.183116,0.124175
-44,0.297062,0.144057,0.214659,0.146338
-43,0.345576,0.206624,0.235349,0.146082
-42,0.394245,0.296459,0.235536,0.109835
-41,0.406646,0.350456,0.202935,0.036861
-40,0.413002,0.380415,0.14764,-0.0636987
-39,0.383269,0.337132,0.0907615,-0.158113
-38,0.370891,0.272375,0.0277258,-0.250206
-37,0.304598,0.164029,-0.0239726,-0.255538
-36,0.24797,0.0548403,-0.0611367,-0.233974
-35,0.179841,-0.0537703,-0.0680318,-0.157554
-34,0.160536,-0.135024,-0.0518965,-0.069621
-33,0.192037,-0.187948,-0.0141802,0.036781
-32,0.239568,-0.187729,0.0132795,0.148237
-31,0.321793,-0.16949,0.0259879,0.272302
-30,0.387043,-0.104515,0.0945756,0.360464
-29,0.48943,0.0480404,0.148491,0.463879
-28,0.612716,0.303914,0.163471,0.506294
-27,0.642849,0.517492,0.0895341,0.370729
-26,0.590188,0.578286,-0.0808713,0.0858305
-25,0.554295,0.420399,-0.282741,-0.224868
-24,0.62709,0.122359,-0.468412,-0.398573
-23,0.731543,-0.180373,-0.443561,-0.55306
-22,0.870334,-0.619853,-0.0318104,-0.610124
-21,1.77389,-1.49135,0.897377,-0.342491
-20,3.65615,-3.2834,1.6083,-0.00989542
-19,5.25018,-5.14001,1.06986,-0.00674498
-18,7.26785,-7.26617,0.000316584,0.156486
-17,8.62264,-8.58525,-0.498393,0.628389
-16,9.45354,-9.38626,-0.554322,0.979895
-15,9.93483,-9.86079,-0.505105,1.10026
-14,10.2472,-10.1889,-0.548604,0.943659
-13,10.5522,-10.4984,-0.782844,0.720957
-12,11.146,-11.0727,-1.08976,0.663843
-11,12.2806,-12.1872,-1.27145,0.816667
-10,12.7292,-12.6247,-1.22688,1.06971
-9,12.8231,-12.6903,-1.1636,1.42557
-8,12.9552,-12.7718,-1.20212,1.80954
-7,13.2416,-13.0038,-1.37525,2.0852
-6,13.631,-13.3516,-1.60716,2.2265
-5,14.0309,-13.7223,-1.76805,2.33193
-4,14.3671,-14.0455,-1.75878,2.45853
-3,14.0973,-13.7797,-1.58994,2.51539
-2,13.1848,-12.887,-1.40069,2.40882
-1,12.8143,-12.5203,-1.37155,2.3593
0,11.4177,-11.0858,-1.46775,2.30515
1,5.79034,-5.67862,-0.673334,0.909882
2,3.24268,-3.23552,-0.1243,0.175754
3,2.31429,-2.302,-0.128457,0.200507
4,1.85946,-1.85843,-0.0383413,0.0488925
5,1.60649,-1.60625,-0.0194562,0.0193202
6,1.41882,-1.41881,-0.0057622,0.00124533
7,1.34174,-1.3416,-0.000145232,-0.0193601
8,1.28807,-1.28722,0.00457832,-0.046424
9,1.25468,-1.25355,0.00320692,-0.0531026
10,1.20778,-1.20684,0.000953994,-0.047616
11,1.16076,-1.16,-0.00151361,-0.0420905
12,1.11365,-1.11304,-0.0041959,-0.0365259
13,1.09538,-1.09482,-0.00350653,-0.0348856
14,1.0965,-1.09588,-0.000391857,-0.0367909
15,1.09791,-1.09718,0.00264568,-0.0396906
16,1.09805,-1.09724,0.00552284,-0.041669
17,1.08243,-1.08201,0.0103969,-0.0282274
18,1.06724,-1.06703,0.0152985,-0.0145357
19,1.05249,-1.0523,0.0202279,-0.000593943
20,1.04242,-1.04207,0.0235976,0.0130857
21,1.03652,-1.03587,0.0256422,0.026251
22,1.0308,-1.02968,0.0278711,0.039285
23,1.02528,-1.0235,0.0302845,0.0521877
24,1.0175,-1.01546,0.0291102,0.0574129
25,1.00961,-1.00728,0.0279045,0.0626511
26,1.00167,-0.998998,0.0267554,0.0680851
27,0.994143,-0.991167,0.0256782,0.0724541
28,0.987124,-0.983933,0.0245925,0.0753982
29,0.980012,-0.976576,0.0234448,0.0785636
30,0.972809,-0.969096,0.022235,0.0819503
31,0.964944,-0.961001,0.0221316,0.0842955
32,0.956902,-0.952721,0.0222834,0.0865311
33,0.94875,-0.944315,0.02256,0.0887985
34,0.941008,-0.936422,0.0218744,0.0901652
35,0.934173,-0.929648,0.0192096,0.0898123
36,0.929203,-0.924928,0.0135585,0.0879933
37,0.922516,-0.918097,0.0135063,0.0891637
38,0.915745,-0.911191,0.0134922,0.0902069
39,0.909065,-0.904392,0.0135168,0.091058
40,0.906807,-0.902218,0.0135517,0.0901042
41,0.904544,-0.900055,0.013546,0.0889836
42,0.902277,-0.897903,0.0134995,0.0876961
43,0.900005,-0.895763,0.0134123,0.0862419
44,0.89773,-0.893634,0.0132843,0.0846209
45,0.895452,-0.891516,0.0131157,0.082833
46,0.893173,-0.88941,0.0129063,0.0808784
47,0.892823,-0.889378,0.0122603,0.0773932
48,0.892678,-0.889541,0.0116295,0.0738544
49,0.892645,-0.889802,0.0110349,0.0703326
50,0.892726,-0.89016,0.0104766,0.0668276
51,0.89292,-0.890615,0.00995446,0.0633397
52,0.893226,-0.891167,0.00946859,0.0598686
53,0.893645,-0.891817,0.00901895,0.0564145
54,0.894022,-0.89245,0.00809123,0.0523752
55,0.894384,-0.893052,0.00705991,0.0482936
56,0.894745,-0.89363,0.00599772,0.0442622
57,0.90017,-0.899413,0.000983774,0.0368849
58,0.899509,-0.89885,0.00104614,0.0344045
59,0.898708,-0.898142,0.00111133,0.0318724
60,0.897925,-0.897444,0.00118335,0.0293448
61,0.897158,-0.896756,0.0012622,0.0268216
62,0.896408,-0.896078,0.00134787,0.0243029
63,0.895676,-0.89541,0.00144037,0.0217886
64,0.895486,-0.895264,0.00153166,0.0198988
65,0.896948,-0.896725,0.0016013,0.0199314
66,0.898426,-0.898203,0.00167212,0.0199551
67,0.89992,-0.899697,0.00174409,0.0199698
68,0.901431,-0.901207,0.00181724,0.0199757
69,0.902957,-0.902734,0.00189155,0.0199726
70,0.9045,-0.904278,0.00196703,0.0199607
71,0.906059,-0.905838,0.00204368,0.0199399
72,0.907635,-0.907414,0.0021215,0.0199101
73,0.909226,-0.909007,0.00220048,0.0198715
74,0.910834,-0.910616,0.00228063,0.0198239
75,0.912458,-0.912241,0.00236194,0.0197675
76,0.914099,-0.913883,0.00244443,0.0197021
77,0.915755,-0.915542,0.00252808,0.0196279
78,0.917392,-0.917182,0.00260022,0.019461
79,0.918596,-0.918411,0.00251535,0.0182708
80,0.91981,-0.919648,0.00242658,0.0170933
81,0.921032,-0.920891,0.00233391,0.0159283
82,0.922263,-0.922142,0.00223735,0.014776
83,0.923503,-0.923399,0.00213689,0.0136362
84,0.924751,-0.924664,0.00203254,0.0125091
85,0.926008,-0.925936,0.00192428,0.0113946
86,0.935331,-0.935316,-0.000779603,0.00528811
87,0.935083,-0.93507,-0.000483446,0.00486731
88,0.934837,-0.934826,-0.000186678,0.00444505
89,0.934592,-0.934583,0.000110703,0.00402131
90,0.934348,-0.934341,0.000408695,0.00359609
91,0.934107,-0.934101,0.0007073,0.00316941
92,0.933867,-0.933862,0.00100652,0.00274124
93,0.933628,-0.933625,0.00130634,0.00231161
94,0.933391,-0.933388,0.00160678,0.0018805
95,0.933156,-0.933153,0.00190784,0.00144791
96,0.932923,-0.932919,0.0022095,0.00101385
97,0.932691,-0.932687,0.00251178,0.000578321
98,0.93246,-0.932456,0.00281467,0.000141314
99,0.932232,-0.932226,0.00311817,-0.000297167
