R,v,vx,vy,vz
-100,1.04057,-1.02286,-0.0436234,0.186102
-99,1.05387,-1.03308,-0.0382957,0.204746
-98,1.0672,-1.04306,-0.0332342,0.223251
-97,1.07672,-1.04891,-0.0295229,0.241312
-96,1.08102,-1.0492,-0.027301,0.258914
-95,1.08578,-1.04967,-0.0248621,0.276549
-94,1.09099,-1.05033,-0.0222095,0.294216
-93,1.09617,-1.05337,-0.0225512,0.302452
-92,1.10145,-1.05684,-0.0228591,0.30944
-91,1.10688,-1.06038,-0.0226257,0.316639
-90,1.11366,-1.06581,-0.0218447,0.322218
-89,1.12293,-1.07493,-0.0206382,0.324146
-88,1.13211,-1.08393,-0.019101,0.326183
-87,1.14121,-1.09282,-0.0172355,0.328328
-86,1.14673,-1.10011,-0.0179962,0.32317
-85,1.15165,-1.10719,-0.0193274,0.316326
-84,1.15699,-1.11453,-0.0204193,0.309884
-83,1.16191,-1.12185,-0.0220787,0.301635
-82,1.16451,-1.12837,-0.0261658,0.28668
-81,1.16732,-1.1348,-0.0302091,0.271905
-80,1.17031,-1.14116,-0.0342093,0.257308
-79,1.17123,-1.1454,-0.0361719,0.24194
-78,1.17127,-1.14857,-0.0374132,0.226439
-77,1.17138,-1.15152,-0.0388262,0.211232
-76,1.17146,-1.15412,-0.0401499,0.196778
-75,1.1708,-1.15538,-0.0402067,0.185086
-74,1.16972,-1.15605,-0.0403809,0.173676
-73,1.1682,-1.15612,-0.0406687,0.162549
-72,1.16212,-1.15084,-0.0420027,0.15599
-71,1.15208,-1.14097,-0.0429925,0.153733
-70,1.14158,-1.13056,-0.0434836,0.152132
-69,1.13069,-1.11965,-0.0436496,0.151455
-68,1.12109,-1.10952,-0.045911,0.154005
-67,1.11199,-1.09996,-0.0482442,0.155841
-66,1.10338,-1.09099,-0.0506479,0.156958
-65,1.09903,-1.08619,-0.0533004,0.158798
-64,1.09842,-1.08512,-0.0562759,0.160835
-63,1.09818,-1.08458,-0.0594477,0.161666
-62,1.09828,-1.08456,-0.0628201,0.16128
-61,1.10436,-1.08872,-0.0611198,0.17481
-60,1.11111,-1.09344,-0.0598091,0.188075
-59,1.11843,-1.09866,-0.0589597,0.200891
-58,1.12197,-1.09917,-0.0540889,0.218439
-57,1.12107,-1.0936,-0.0442158,0.24267
-56,1.12125,-1.08834,-0.034965,0.267399
-55,1.12253,-1.08339,-0.0263368,0.292627
-54,1.11603,-1.0705,-0.0153965,0.315145
-53,1.10937,-1.05672,-0.00459426,0.337675
-52,1.10349,-1.04291,0.00576674,0.360557
-51,1.09798,-1.0302,0.0148793,0.379509
-50,1.09181,-1.01918,0.0223868,0.390932
-49,1.08541,-1.00768,0.0298438,0.402265
-48,1.07879,-0.995694,0.0372521,0.413519
-47,1.07861,-0.992089,0.0398945,0.421382
-46,1.07957,-0.989943,0.0416191,0.428661
-45,1.08021,-0.987305,0.0434871,0.436119
-44,1.08289,-0.986862,0.0447674,0.443575
-43,1.09269,-0.994101,0.0444987,0.451396
-42,1.10446,-1.00289,0.0449696,0.460459
-41,1.11573,-1.01117,0.0455028,0.46939
-40,1.12469,-1.02057,0.0464842,0.470317
-39,1.13251,-1.02996,0.0474732,0.468516
-38,1.13985,-1.03873,0.0482963,0.466863
-37,1.14475,-1.04554,0.0497517,0.463496
-36,1.14119,-1.04604,0.0541697,0.452961
-35,1.1376,-1.04603,0.0580321,0.443391
-34,1.13397,-1.04551,0.0613348,0.434789
-33,1.12138,-1.03617,0.0669854,0.423524
-32,1.10466,-1.0223,0.07349,0.412039
-31,1.08871,-1.00848,0.0792541,0.402444
-30,1.07217,-0.993661,0.0847847,0.393692
-29,1.04593,-0.970486,0.0940263,0.378534
-28,1.02127,-0.947895,0.103048,0.365886
-27,0.998171,-0.925894,0.111858,0.355743
-26,0.969833,-0.901494,0.120321,0.336759
-25,0.93748,-0.8749,0.129054,0.311068
-24,0.906195,-0.848272,0.138341,0.287202
-23,0.875791,-0.821639,0.147948,0.264633
-22,0.83893,-0.795311,0.148307,0.222009
-21,0.802271,-0.767535,0.149758,0.179171
-20,0.766048,-0.73831,0.15232,0.136117
-19,0.732372,-0.711195,0.148914,0.0916261
-18,0.701215,-0.685836,0.139049,0.0446905
-17,0.670991,-0.658192,0.130383,-0.00367888
-16,0.642403,-0.628263,0.122925,-0.0534556
-15,0.61759,-0.604135,0.11362,-0.0594003
-14,0.59179,-0.579845,0.0999576,-0.0632762
-13,0.564412,-0.554289,0.0786038,-0.07174
-12,0.534978,-0.522269,0.0603662,-0.0989583
-11,0.513111,-0.486929,0.0484951,-0.154375
-10,0.507778,-0.457634,0.0361314,-0.217035
-9,0.521084,-0.434381,0.0233151,-0.286876
-8,0.875451,-0.414076,-0.0786241,-0.767315
-7,1.41408,-0.40762,-0.197332,-1.3396
-6,2.00616,-0.416066,-0.317831,-1.93663
-5,2.89818,-0.726265,-0.477442,-2.76478
-4,4.41499,-1.6572,-0.715872,-4.02907
-3,5.92546,-2.56768,-0.948615,-5.25531
-2,7.40672,-3.45779,-1.17576,-6.44366
-1,7.07088,-3.57519,-1.083,-6.00354
0,6.32797,-3.5036,-0.912427,-5.18994
1,5.73062,-3.47352,-0.75831,-4.4944
2,5.1085,-3.40138,-0.610976,-3.76219
3,3.94815,-3.04125,-0.418113,-2.48272
4,2.85573,-2.63921,-0.201892,-1.0719
5,2.2454,-2.19528,0.037687,0.470259
6,2.12387,-1.96713,0.087106,0.79602
7,1.92963,-1.86071,0.0400308,0.509546
8,1.7786,-1.76718,-0.0104259,0.200973
9,1.68872,-1.68629,-0.0533598,-0.0730385
10,1.60499,-1.6045,-0.0327481,-0.0225255
11,1.51427,-1.51398,-0.0109837,0.0274373
12,1.41687,-1.41474,0.0119334,0.0768499
13,1.36275,-1.35817,0.0285345,0.107889
14,1.3434,-1.33677,0.0403131,0.127052
15,1.32552,-1.3166,0.0504844,0.144979
16,1.30841,-1.29723,0.0576351,0.160587
17,1.27247,-1.2608,0.0458889,0.165686
18,1.2375,-1.22511,0.0338289,0.171339
19,1.20354,-1.19018,0.0214551,0.177546
20,1.1802,-1.16574,0.00747972,0.184011
21,1.16735,-1.1517,-0.00770702,0.190348
22,1.14005,-1.12801,-0.0395323,0.160409
23,1.13139,-1.11719,-0.0467951,0.172486
24,1.12363,-1.10706,-0.0539217,0.184541
25,1.11188,-1.09369,-0.0603093,0.190998
26,1.08202,-1.06571,-0.0644136,0.175727
27,1.05277,-1.03825,-0.0686791,0.160136
28,1.02419,-1.01134,-0.073106,0.144224
29,0.975495,-0.960381,-0.094529,0.142559
30,0.938764,-0.9248,-0.103079,0.124089
31,0.88946,-0.877115,-0.111124,0.0972678
32,0.840871,-0.829473,-0.119255,0.0693968
33,0.794924,-0.783535,-0.127497,0.041501
34,0.744741,-0.73187,-0.137461,0.0104997
35,0.686297,-0.669021,-0.150699,-0.0265464
36,0.634173,-0.609156,-0.16431,-0.0640877
37,0.589258,-0.552274,-0.178296,-0.102124
38,0.55837,-0.50516,-0.192572,-0.139666
39,0.535466,-0.460411,-0.207478,-0.178041
40,0.519897,-0.416186,-0.223064,-0.217542
41,0.51502,-0.377563,-0.236203,-0.258649
42,0.524767,-0.353818,-0.241819,-0.302848
43,0.541767,-0.331213,-0.248738,-0.349197
44,0.561086,-0.312129,-0.251515,-0.392598
45,0.59869,-0.329521,-0.24511,-0.435622
46,0.641851,-0.358362,-0.235459,-0.477607
47,0.683345,-0.385027,-0.225168,-0.517701
48,0.722677,-0.414099,-0.210338,-0.553663
49,0.760339,-0.461045,-0.177764,-0.577887
50,0.797968,-0.505044,-0.145136,-0.600516
51,0.834981,-0.546097,-0.112455,-0.621551
52,0.836274,-0.573876,-0.0805806,-0.602932
53,0.820703,-0.593772,-0.0508805,-0.56427
54,0.80815,-0.611765,-0.0232545,-0.52755
55,0.797045,-0.62916,0.000232416,-0.489324
56,0.779974,-0.656219,0.00352266,-0.421572
57,0.767128,-0.698137,0.000160881,-0.317945
58,0.761469,-0.707727,0.0061058,-0.280929
59,0.757037,-0.716413,0.0117815,-0.244375
60,0.753748,-0.724195,0.0171881,-0.208285
61,0.764069,-0.740541,0.0182192,-0.187266
62,0.777825,-0.758702,0.0180085,-0.170463
63,0.791414,-0.776112,0.0176946,-0.153859
64,0.804783,-0.79277,0.0172776,-0.137455
65,0.817886,-0.808675,0.0167575,-0.12125
66,0.830681,-0.823829,0.0161342,-0.105244
67,0.843129,-0.83823,0.0154078,-0.0894385
68,0.849931,-0.84612,0.0140899,-0.0791448
69,0.854375,-0.851317,0.0126048,-0.0711116
70,0.858751,-0.856361,0.0111854,-0.0630432
71,0.870247,-0.868767,0.00489367,-0.0504862
72,0.872658,-0.871499,0.00507354,-0.0446808
73,0.875124,-0.874241,0.00524939,-0.0389545
74,0.877642,-0.876993,0.00542123,-0.0333073
75,0.880212,-0.879757,0.00558904,-0.0277392
76,0.882831,-0.882532,0.00575283,-0.0222502
77,0.885498,-0.885318,0.00591261,-0.0168402
78,0.888304,-0.888204,0.00603347,-0.0118653
79,0.89226,-0.89217,0.0057223,-0.0112993
80,0.896174,-0.896093,0.00540672,-0.0107508
81,0.900043,-0.899971,0.00508672,-0.0102197
82,0.90387,-0.903805,0.00476231,-0.00970618
83,0.907652,-0.907595,0.00443348,-0.00921009
84,0.911391,-0.91134,0.00410023,-0.00873146
85,0.915086,-0.915041,0.00376257,-0.00827031
86,0.940887,-0.94085,-0.000185678,-0.00837915
87,0.940998,-0.940962,5.0643e-05,-0.00816996
88,0.941103,-0.94107,0.000286814,-0.00794967
89,0.941203,-0.941172,0.000522835,-0.00771828
90,0.941298,-0.941268,0.000758707,-0.00747579
91,0.941388,-0.941359,0.000994428,-0.0072222
92,0.941472,-0.941445,0.00123,-0.00695751
93,0.941551,-0.941526,0.00146542,-0.00668172
94,0.941625,-0.941602,0.0017007,-0.00639483
95,0.941694,-0.941672,0.00193582,-0.00609684
96,0.941757,-0.941737,0.00217079,-0.00578776
97,0.941815,-0.941796,0.00240562,-0.00546757
98,0.941868,-0.941851,0.00264029,-0.00513628
99,0.941916,-0.9419,0.00287481,-0.00479389
