R,v,vx,vy,vz
-100,0.902901,-0.894852,0.119959,0.00889987
-99,0.910357,-0.901884,0.120369,0.029427
-98,0.919183,-0.90987,0.120779,0.0494461
-97,0.927403,-0.917435,0.117561,0.0675837
-96,0.933724,-0.923587,0.108981,0.0833801
-95,0.94074,-0.930144,0.100219,0.0988903
-94,0.948433,-0.937108,0.0912727,0.114117
-93,0.95901,-0.946479,0.0795139,0.132497
-92,0.97001,-0.955795,0.067173,0.151206
-91,0.981036,-0.964696,0.054653,0.169722
-90,0.993185,-0.973905,0.0438198,0.189749
-89,1.00775,-0.984246,0.0368024,0.213212
-88,1.02244,-0.99424,0.0297911,0.236626
-87,1.03726,-1.00389,0.0227848,0.259992
-86,1.05437,-1.01613,0.0183007,0.280815
-85,1.07208,-1.02892,0.0147458,0.300751
-84,1.08974,-1.04149,0.0114466,0.320476
-83,1.10664,-1.05403,0.00842352,0.337047
-82,1.12119,-1.06704,0.00581139,0.344165
-81,1.13557,-1.07992,0.00358414,0.351137
-80,1.14979,-1.09265,0.00173747,0.357966
-79,1.16007,-1.10355,-4.14054e-06,0.357679
-78,1.16861,-1.11362,-0.00171068,0.354268
-77,1.17706,-1.12358,-0.00330532,0.350745
-76,1.18491,-1.13318,-0.00458679,0.346267
-75,1.19013,-1.14136,-0.00487646,0.337181
-74,1.19553,-1.14962,-0.00541389,0.328098
-73,1.2011,-1.15795,-0.00619689,0.319017
-72,1.20045,-1.16004,-0.0062749,0.308768
-71,1.19494,-1.15714,-0.00542959,0.298131
-70,1.18993,-1.15468,-0.0049837,0.287419
-69,1.18578,-1.15321,-0.00480656,0.275935
-68,1.18648,-1.15859,-0.00335938,0.255719
-67,1.18719,-1.16353,-0.00223302,0.23582
-66,1.1879,-1.16805,-0.00142583,0.216235
-65,1.18224,-1.1654,0.000564398,0.198861
-64,1.17044,-1.15588,0.00380442,0.183983
-63,1.1579,-1.14532,0.00704299,0.170085
-62,1.14459,-1.1337,0.0102885,0.157177
-61,1.13384,-1.12419,0.00805858,0.147433
-60,1.1231,-1.11465,0.00521909,0.137419
-59,1.11234,-1.10506,0.00183737,0.12709
-58,1.10325,-1.09649,-0.00432302,0.121872
-57,1.09616,-1.08919,-0.0135729,0.122642
-56,1.08902,-1.08186,-0.0230447,0.122459
-55,1.08182,-1.0745,-0.0327481,0.121309
-54,1.08904,-1.07933,-0.0464646,0.137519
-53,1.09855,-1.08591,-0.0604619,0.154774
-52,1.1088,-1.09299,-0.0743317,0.171118
-51,1.12142,-1.10172,-0.0851462,0.191129
-50,1.13798,-1.11305,-0.0906192,0.218839
-49,1.15563,-1.12498,-0.0959387,0.2464
-48,1.17436,-1.13751,-0.101113,0.273821
-47,1.18318,-1.14009,-0.0955915,0.3016
-46,1.19022,-1.1402,-0.0875851,0.329997
-45,1.19791,-1.14009,-0.0794195,0.358977
-44,1.20508,-1.13961,-0.0708783,0.385344
-43,1.20905,-1.13785,-0.0615121,0.404125
-42,1.21151,-1.13376,-0.0513936,0.423919
-41,1.21393,-1.12903,-0.041457,0.444077
-40,1.21967,-1.12996,-0.0336623,0.457892
-39,1.22622,-1.13235,-0.0265964,0.469768
-38,1.23233,-1.13392,-0.0195301,0.482151
-37,1.23847,-1.13521,-0.0123417,0.494918
-36,1.2461,-1.13806,-0.00462275,0.507505
-35,1.25331,-1.14017,0.00310943,0.520366
-34,1.26014,-1.14158,0.0108513,0.533507
-33,1.26583,-1.14329,0.0165546,0.543074
-32,1.27116,-1.14537,0.0209232,0.550945
-31,1.27668,-1.14742,0.0250005,0.55921
-30,1.28169,-1.14919,0.028678,0.566803
-29,1.28183,-1.14942,0.0311623,0.566538
-28,1.28335,-1.15048,0.0332659,0.567678
-27,1.28624,-1.1524,0.0349849,0.57022
-26,1.2848,-1.15306,0.0368974,0.565519
-25,1.28151,-1.15363,0.0390904,0.556652
-24,1.28103,-1.15597,0.0411821,0.550517
-23,1.28302,-1.1599,0.0432645,0.546732
-22,1.27497,-1.15812,0.0492055,0.530926
-21,1.26967,-1.1577,0.0556364,0.518348
-20,1.26706,-1.15865,0.0625647,0.508977
-19,1.25497,-1.15297,0.0678616,0.490939
-18,1.2304,-1.13808,0.0713416,0.462149
-17,1.20562,-1.12191,0.0753033,0.434924
-16,1.18055,-1.10447,0.0797622,0.409252
-15,1.14345,-1.08041,0.068658,0.368071
-14,1.10174,-1.05149,0.0546647,0.324378
-13,1.0562,-1.01746,0.0393334,0.280697
-12,1.00562,-0.975489,0.0192896,0.243545
-11,0.946053,-0.921644,-0.00673639,0.213406
-10,0.881402,-0.86159,-0.0296373,0.183447
-9,0.811561,-0.795341,-0.0494373,0.153692
-8,0.538436,-0.525776,-0.0890937,0.0743997
-7,0.260792,-0.226383,-0.128952,-0.0116106
-6,0.202827,0.0687726,-0.165065,-0.095723
-5,0.690892,0.242959,-0.255577,-0.594124
-4,2.11952,0.16503,-0.478274,-2.05824
-3,3.67548,0.0952271,-0.709997,-3.605
-2,5.32109,0.0336675,-0.950691,-5.23536
-1,5.91455,-0.472678,-1.0034,-5.80962
0,6.18499,-1.12515,-0.995212,-5.99981
1,6.46357,-1.79108,-0.981891,-6.13234
2,6.27099,-2.30122,-0.915159,-5.76127
3,4.52693,-2.23678,-0.680325,-3.87648
4,2.96933,-2.16402,-0.447811,-1.98329
5,2.09587,-2.08294,-0.217614,-0.0816966
6,2.03624,-1.98281,-0.176775,0.428345
7,1.92974,-1.89104,-0.220741,0.314868
8,1.84835,-1.81653,-0.263772,0.216931
9,1.78432,-1.75291,-0.302435,0.140138
10,1.68848,-1.65494,-0.320205,0.0980679
11,1.58685,-1.54981,-0.337569,0.0472886
12,1.48063,-1.43751,-0.354528,-0.0121998
13,1.42101,-1.37536,-0.355534,-0.0352437
14,1.39535,-1.35175,-0.344712,-0.0310465
15,1.37001,-1.32871,-0.332647,-0.0286591
16,1.34356,-1.305,-0.318157,-0.0299339
17,1.30794,-1.27741,-0.27785,-0.0416101
18,1.27267,-1.2494,-0.235989,-0.0547536
19,1.23799,-1.22095,-0.192576,-0.0693645
20,1.20459,-1.19485,-0.136851,-0.0682837
21,1.17521,-1.17187,-0.0712976,-0.0524394
22,1.1504,-1.14977,-0.00643149,-0.0376421
23,1.13027,-1.12854,0.0577472,-0.0238921
24,1.12571,-1.12347,0.0658043,0.0266867
25,1.12694,-1.1219,0.0706972,0.0795577
26,1.13385,-1.12351,0.0737276,0.133851
27,1.13178,-1.11575,0.0578551,0.180807
28,1.11575,-1.09416,0.0196039,0.217544
29,1.04514,-1.02863,-0.0736496,0.169756
30,1.0582,-1.03266,-0.088812,0.213367
31,1.07525,-1.03872,-0.103565,0.257871
32,1.09065,-1.04337,-0.117246,0.295189
33,1.06866,-1.02492,-0.125803,0.275225
34,1.04859,-1.0079,-0.13408,0.256313
35,1.03042,-0.992333,-0.142076,0.238454
36,1.0584,-1.00439,-0.166998,0.289013
37,1.06456,-1.01113,-0.188717,0.274392
38,1.04899,-1.00394,-0.205659,0.224057
39,1.03438,-0.996948,-0.220527,0.165568
40,1.02741,-0.994619,-0.234138,0.107194
41,1.02566,-0.994883,-0.246187,0.0396147
42,1.02717,-0.992979,-0.257351,-0.0533646
43,1.04003,-0.99392,-0.269165,-0.146042
44,1.04341,-0.978108,-0.279346,-0.232313
45,1.04161,-0.952798,-0.267309,-0.32509
46,1.04628,-0.926713,-0.247679,-0.417804
47,1.05827,-0.900966,-0.228484,-0.505956
48,1.06891,-0.87305,-0.205255,-0.581561
49,1.05128,-0.834258,-0.163375,-0.618483
50,1.03717,-0.795809,-0.123468,-0.653577
51,1.02625,-0.757701,-0.085535,-0.686844
52,0.988637,-0.7362,-0.0562964,-0.657452
53,0.938955,-0.723648,-0.0324364,-0.597426
54,0.893967,-0.710808,-0.0101044,-0.542058
55,0.854457,-0.700446,0.00890038,-0.489278
56,0.82974,-0.714522,0.0107111,-0.421676
57,0.804086,-0.731274,0.0111438,-0.334167
58,0.794954,-0.739797,0.0136715,-0.290629
59,0.78776,-0.747344,0.015984,-0.24857
60,0.782289,-0.753916,0.0180812,-0.207991
61,0.78708,-0.764346,0.018312,-0.186908
62,0.794489,-0.77562,0.0180573,-0.171175
63,0.801947,-0.786476,0.0177896,-0.155749
64,0.809417,-0.796915,0.017509,-0.140628
65,0.816868,-0.806937,0.0172155,-0.125813
66,0.824267,-0.816542,0.016909,-0.111304
67,0.831585,-0.82573,0.0165895,-0.0971002
68,0.838319,-0.833647,0.0154304,-0.087022
69,0.844719,-0.84093,0.0139236,-0.078699
70,0.850982,-0.847968,0.0124239,-0.0704748
71,0.868632,-0.866566,0.00493517,-0.0596718
72,0.8719,-0.870239,0.00504733,-0.0535595
73,0.875256,-0.873949,0.00515186,-0.0475288
74,0.878697,-0.877697,0.00524876,-0.0415799
75,0.882221,-0.881482,0.00533802,-0.0357125
76,0.885827,-0.885305,0.00541965,-0.0299268
77,0.889512,-0.889165,0.00549365,-0.0242227
78,0.893253,-0.893035,0.00553081,-0.0189733
79,0.896763,-0.89656,0.00520076,-0.0183436
80,0.900242,-0.900054,0.00486036,-0.0177292
81,0.903689,-0.903515,0.00450958,-0.0171301
82,0.907104,-0.906943,0.00414844,-0.0165464
83,0.910487,-0.910339,0.00377694,-0.015978
84,0.913839,-0.913703,0.00339507,-0.015425
85,0.91716,-0.917034,0.00300283,-0.0148874
86,0.936301,-0.936179,-0.00069254,-0.0151421
87,0.937018,-0.9369,-0.000613995,-0.0148592
88,0.937728,-0.937614,-0.000537738,-0.0145651
89,0.93843,-0.938322,-0.000463768,-0.0142597
90,0.939125,-0.939022,-0.000392087,-0.013943
91,0.939813,-0.939715,-0.000322693,-0.0136151
92,0.940494,-0.9404,-0.000255587,-0.013276
93,0.941168,-0.941079,-0.00019077,-0.0129257
94,0.941834,-0.941751,-0.00012824,-0.0125641
95,0.942494,-0.942415,-6.79977e-05,-0.0121913
96,0.943146,-0.943072,-1.00436e-05,-0.0118072
97,0.943791,-0.943722,4.56225e-05,-0.0114119
98,0.944429,-0.944365,9.90008e-05,-0.0110053
99,0.94506,-0.945001,0.000150091,-0.0105876
