R,v,vx,vy,vz
-100,0.454925,-0.448792,-0.0067537,-0.0741396
-99,0.457219,-0.450721,-0.00220741,-0.0767774
-98,0.459638,-0.452718,0.00241595,-0.079421
-97,0.462184,-0.454783,0.00711649,-0.0820704
-96,0.464857,-0.456916,0.0118943,-0.0847255
-95,0.46766,-0.459118,0.0167495,-0.0873864
-94,0.567696,-0.557742,0.00110822,-0.10584
-93,0.591493,-0.580585,0.00126999,-0.113064
-92,0.614964,-0.60301,0.00147443,-0.120653
-91,0.638112,-0.625016,0.00172079,-0.128605
-90,0.657469,-0.644385,0.00890516,-0.130209
-89,0.673633,-0.661398,0.0222917,-0.125844
-88,0.689847,-0.678116,0.0355138,-0.121602
-87,0.706076,-0.694537,0.0485719,-0.117484
-86,0.872778,-0.862761,0.0652374,-0.114583
-85,0.959524,-0.949317,0.0819545,-0.112992
-84,1.0214,-1.01008,0.0977204,-0.116022
-83,1.06773,-1.05507,0.112096,-0.119637
-82,1.11512,-1.10132,0.125886,-0.121438
-81,1.16355,-1.14881,0.13909,-0.121429
-80,1.17529,-1.16034,0.139379,-0.124538
-79,1.15843,-1.14347,0.133475,-0.12889
-78,1.25968,-1.23435,0.148718,-0.202637
-77,1.23791,-1.21437,0.125583,-0.204786
-76,1.16912,-1.15067,0.0892669,-0.186594
-75,1.13022,-1.11916,0.0589253,-0.14635
-74,1.10312,-1.09811,0.0308566,-0.100404
-73,1.05734,-1.05619,-8.84975e-05,-0.0492345
-72,1.00768,-1.00719,-0.0311843,0.000786546
-71,0.946859,-0.94594,-0.0330619,0.0254314
-70,0.885938,-0.8843,-0.0293681,0.0451241
-69,0.855778,-0.851685,-0.0411955,0.0727408
-68,0.836694,-0.829914,-0.0487995,0.0944314
-67,0.818383,-0.808556,-0.0551877,0.113758
-66,0.799298,-0.78607,-0.0608788,0.131394
-65,0.779375,-0.762473,-0.0658908,0.14737
-64,0.704474,-0.683388,-0.05518,0.161926
-63,0.674759,-0.645584,-0.047174,0.190515
-62,0.645341,-0.605782,-0.0411388,0.218633
-61,0.605892,-0.571932,-0.0353451,0.196851
-60,0.569118,-0.540871,-0.0328436,0.173998
-59,0.531195,-0.515225,-0.0499891,0.119213
-58,0.500641,-0.492036,-0.0662044,0.0644933
-57,0.484867,-0.482384,-0.0482967,-0.00835733
-56,0.48714,-0.478798,-0.0351058,-0.082617
-55,0.513228,-0.485078,0.00292146,-0.16761
-54,0.547275,-0.48723,0.0379062,-0.246332
-53,0.546997,-0.458002,0.0654246,-0.29182
-52,0.546135,-0.426689,0.0857625,-0.329916
-51,0.507012,-0.381324,0.0612384,-0.328485
-50,0.463606,-0.333872,0.0324798,-0.320007
-49,0.394019,-0.280981,-0.0344207,-0.274073
-48,0.340445,-0.232333,-0.0986614,-0.228452
-47,0.319768,-0.201416,-0.174937,-0.176297
-46,0.328953,-0.173555,-0.243213,-0.137608
-45,0.362743,-0.156957,-0.296618,-0.137713
-44,0.397437,-0.144121,-0.341151,-0.144226
-43,0.422458,-0.144613,-0.357593,-0.172294
-42,0.444379,-0.147579,-0.366002,-0.204293
-41,0.456756,-0.156798,-0.347939,-0.250955
-40,0.479187,-0.160802,-0.338898,-0.298179
-39,0.513842,-0.152906,-0.345885,-0.347876
-38,0.542785,-0.145841,-0.351688,-0.386861
-37,0.56398,-0.139857,-0.361821,-0.409389
-36,0.580586,-0.119136,-0.373776,-0.427993
-35,0.594535,-0.0754301,-0.389427,-0.442865
-34,0.594033,-0.0434892,-0.391059,-0.445035
-33,0.572606,-0.0252852,-0.376507,-0.430675
-32,0.527452,0.00183524,-0.346841,-0.397371
-31,0.457681,0.0391203,-0.300719,-0.342796
-30,0.390968,0.0695299,-0.256045,-0.287163
-29,0.32817,0.0929874,-0.2129,-0.231782
-28,0.262486,0.1115,-0.160955,-0.174815
-27,0.19922,0.125968,-0.101007,-0.116698
-26,0.163183,0.142839,-0.0409928,-0.0674189
-25,0.164001,0.160935,0.0203277,-0.0241501
-24,0.183209,0.167852,0.0734182,-0.00113022
-23,0.204514,0.163682,0.122498,0.00532286
-22,0.230628,0.163616,0.162205,0.0104228
-21,0.256996,0.166157,0.195481,0.0150298
-20,0.277481,0.166103,0.220606,0.027171
-19,0.296296,0.164938,0.24239,0.042822
-18,0.315876,0.169236,0.261899,0.0504584
-17,0.336058,0.17682,0.280349,0.055441
-16,0.360021,0.187496,0.299279,0.0699457
-15,0.385652,0.199817,0.317529,0.0893076
-14,0.396835,0.213013,0.316592,0.108962
-13,0.403661,0.225779,0.308273,0.13013
-12,0.396426,0.242732,0.273036,0.153904
-11,0.39053,0.262698,0.225643,0.180524
-10,0.409484,0.291732,0.224788,0.178997
-9,0.4323,0.320573,0.231249,0.175043
-8,0.47678,0.366577,0.164288,0.256807
-7,0.534451,0.401356,0.0805034,0.343614
-6,0.412874,0.297117,0.0564805,0.281062
-5,0.0830184,0.0339433,0.0449442,0.0609912
-4,2.11417,-1.14936,0.114051,-1.77078
-3,4.47503,-2.43982,0.132384,-3.74908
-2,8.05076,-5.40831,-0.231352,-5.95914
-1,11.4787,-8.22884,-0.649202,-7.9765
0,9.28456,-6.76009,-0.916187,-6.29801
1,7.6791,-5.72135,-1.1729,-4.98588
2,4.59335,-3.84468,-0.582079,-2.44508
3,1.63946,-1.57604,0.0861583,0.443301
4,1.32572,-1.32178,-0.058504,-0.0837855
5,1.35028,-1.15525,-0.21263,-0.66592
6,1.08368,-0.944062,-0.194331,-0.495315
7,0.794169,-0.698105,-0.179161,-0.333547
8,0.782263,-0.721735,-0.199786,-0.226095
9,0.732011,-0.665611,-0.215803,-0.215013
10,0.694602,-0.619902,-0.231033,-0.2117
11,0.714213,-0.63137,-0.232152,-0.239952
12,0.737972,-0.645847,-0.232298,-0.271149
13,0.766024,-0.663334,-0.231471,-0.305291
14,0.798449,-0.690059,-0.225646,-0.3323
15,0.832402,-0.738912,-0.201388,-0.326107
16,0.866637,-0.787047,-0.170231,-0.320372
17,0.878285,-0.809835,-0.132715,-0.312952
18,0.873593,-0.814768,-0.102996,-0.297842
19,0.832343,-0.784199,-0.0944446,-0.262502
20,0.863481,-0.822266,-0.0933601,-0.246499
21,0.842572,-0.809181,-0.106092,-0.20952
22,0.775714,-0.745621,-0.134546,-0.166366
23,0.727534,-0.697343,-0.167211,-0.122715
24,0.716312,-0.683231,-0.20018,-0.0789126
25,0.692095,-0.65749,-0.212591,-0.0388298
26,0.660566,-0.628392,-0.203643,-0.000662092
27,0.633587,-0.60012,-0.200686,0.0318409
28,0.602157,-0.565436,-0.199374,0.0558968
29,0.595773,-0.553202,-0.203637,0.0862806
30,0.57811,-0.53149,-0.202158,0.104221
31,0.548527,-0.501299,-0.194322,0.108721
32,0.521029,-0.473542,-0.18568,0.112923
33,0.495588,-0.44822,-0.176232,0.116829
34,0.472898,-0.426703,-0.172451,0.108712
35,0.452222,-0.407493,-0.173463,0.0914585
36,0.43277,-0.38909,-0.173991,0.0750056
37,0.414511,-0.371495,-0.174036,0.0593536
38,0.364929,-0.330147,-0.153794,0.0228787
39,0.30214,-0.275709,-0.120213,-0.0286665
40,0.253659,-0.224157,-0.085779,-0.0820886
41,0.228522,-0.175492,-0.0504918,-0.137388
42,0.231876,-0.123266,-0.0115623,-0.196057
43,0.268281,-0.0681952,0.0298189,-0.257749
44,0.330121,-0.0128533,0.0723684,-0.321835
45,0.407543,0.0427594,0.116086,-0.388313
46,0.432075,0.0413249,0.0993961,-0.418451
47,0.440194,0.0202459,0.0617869,-0.435366
48,0.45298,-0.000397988,0.024727,-0.452304
49,0.464758,-0.0205558,-0.0129976,-0.464121
50,0.481825,-0.0691718,0.00290983,-0.476825
51,0.503818,-0.122427,0.0312271,-0.487718
52,0.528895,-0.172748,0.0591806,-0.496373
53,0.555684,-0.220135,0.0867701,-0.502788
54,0.526163,-0.244762,0.116745,-0.450899
55,0.490462,-0.263011,0.146355,-0.387245
56,0.458657,-0.277821,0.175161,-0.320156
57,0.432693,-0.289193,0.203162,-0.249632
58,0.388008,-0.272112,0.206273,-0.184274
59,0.349319,-0.253535,0.207552,-0.121105
60,0.351235,-0.199896,0.288659,-0.0091292
61,0.362687,-0.215804,0.290862,0.0192158
62,0.373263,-0.22729,0.29269,0.0446816
63,0.361554,-0.204016,0.292627,0.0588937
64,0.355976,-0.182381,0.29674,0.0734936
65,0.29881,-0.18501,0.222831,0.073518
66,0.292147,-0.172713,0.218406,0.0884236
67,0.287953,-0.160021,0.21588,0.103471
68,0.286362,-0.146933,0.215254,0.118659
69,0.282622,-0.133797,0.210754,0.132501
70,0.247295,-0.122672,0.166094,0.136085
71,0.214394,-0.111181,0.118952,0.139478
72,0.187159,-0.099326,0.069326,0.142678
73,0.169604,-0.0895217,0.0186536,0.14284
74,0.161267,-0.0904545,-0.0288977,0.130345
75,0.169045,-0.0925554,-0.0796925,0.116871
76,0.193792,-0.0958244,-0.133731,0.102416
77,0.225325,-0.100773,-0.182297,0.0859294
78,0.24346,-0.108209,-0.2081,0.065253
79,0.266801,-0.116546,-0.236051,0.0433524
80,0.295071,-0.125785,-0.26615,0.0202275
81,0.308307,-0.131338,-0.278932,-0.00072424
82,0.288182,-0.125369,-0.258702,-0.0201235
83,0.270467,-0.119822,-0.239026,-0.04076
84,0.255807,-0.114699,-0.219905,-0.0626338
85,0.239809,-0.113655,-0.196737,-0.0767144
86,0.218058,-0.11784,-0.16641,-0.0772702
87,0.198324,-0.120951,-0.136117,-0.0785841
88,0.181211,-0.122987,-0.105858,-0.0806561
89,0.167462,-0.122475,-0.0806172,-0.0808958
90,0.156053,-0.120144,-0.0610556,-0.0786769
91,0.146963,-0.118205,-0.040891,-0.0771582
92,0.140862,-0.116659,-0.0201233,-0.0763396
93,0.137431,-0.117673,-0.009366,-0.0703744
94,0.134892,-0.121014,-0.00816453,-0.0590337
95,0.133558,-0.124589,-0.00651001,-0.0476776
96,0.133506,-0.128399,-0.00440246,-0.0363058
97,0.130779,-0.128839,-0.00849196,-0.0207747
98,0.127699,-0.126525,-0.0171666,-0.00191012
99,0.127795,-0.123993,-0.0256242,0.0173429
