R,v,vx,vy,vz
-100,0.939249,-0.935512,-0.00567517,-0.0835036
-99,0.960775,-0.957587,-0.0123477,-0.077224
-98,0.983114,-0.980354,-0.0193553,-0.0710283
-97,0.993904,-0.991272,-0.0285603,-0.0663981
-96,0.988359,-0.98551,-0.0407241,-0.0629746
-95,0.984602,-0.981442,-0.0531431,-0.0582066
-94,0.98266,-0.979068,-0.0658235,-0.0520994
-93,0.97057,-0.965846,-0.0805365,-0.0515999
-92,0.958451,-0.952314,-0.0956286,-0.0508124
-91,0.948144,-0.940387,-0.110821,-0.0486751
-90,0.935416,-0.925845,-0.124845,-0.0472063
-89,0.915504,-0.904009,-0.136277,-0.048407
-88,0.897113,-0.883562,-0.147735,-0.0480096
-87,0.880245,-0.864502,-0.159218,-0.0460195
-86,0.862922,-0.846484,-0.162191,-0.0423445
-85,0.846195,-0.829528,-0.162786,-0.0378043
-84,0.830572,-0.813697,-0.163367,-0.032519
-83,0.815111,-0.798012,-0.16389,-0.0268996
-82,0.797559,-0.780079,-0.164618,-0.0218812
-81,0.780794,-0.762793,-0.165899,-0.0162074
-80,0.764833,-0.746149,-0.167733,-0.00987926
-79,0.750833,-0.732317,-0.165626,-0.00551837
-78,0.737717,-0.719591,-0.162516,-0.00187933
-77,0.724918,-0.706945,-0.160408,0.00212251
-76,0.712655,-0.694891,-0.158014,0.00600615
-75,0.701627,-0.685463,-0.149555,0.00738336
-74,0.690466,-0.675679,-0.141865,0.00862693
-73,0.679149,-0.665537,-0.134942,0.0097402
-72,0.665999,-0.654752,-0.121237,0.0125034
-71,0.651803,-0.644041,-0.0992869,0.0141736
-70,0.640409,-0.63533,-0.0785968,0.0174078
-69,0.631691,-0.628506,-0.0593692,0.0221205
-68,0.623593,-0.621495,-0.0434713,0.0268924
-67,0.616227,-0.614765,-0.0277825,0.0320603
-66,0.609601,-0.608315,-0.0123005,0.0376273
-65,0.607901,-0.605765,0.00484645,0.0506794
-64,0.610929,-0.606466,0.023631,0.0698233
-63,0.615022,-0.607125,0.0424525,0.0885963
-62,0.620124,-0.607739,0.0613122,0.106999
-61,0.623565,-0.605196,0.0738996,0.130806
-60,0.627398,-0.601963,0.0864978,0.154232
-59,0.631604,-0.598068,0.0991865,0.1772
-58,0.638327,-0.595788,0.110283,0.200838
-57,0.648475,-0.596165,0.119461,0.225468
-56,0.659402,-0.596542,0.12885,0.249691
-55,0.671026,-0.596911,0.138453,0.273503
-54,0.680067,-0.5991,0.137478,0.290981
-53,0.689341,-0.602062,0.134942,0.307414
-52,0.699144,-0.605621,0.13197,0.323433
-51,0.707763,-0.610728,0.126432,0.334595
-50,0.713995,-0.61831,0.116554,0.337487
-49,0.720849,-0.626739,0.106038,0.339968
-48,0.728351,-0.636003,0.094888,0.342041
-47,0.73387,-0.645455,0.0854082,0.338612
-46,0.739566,-0.65548,0.0761635,0.33392
-45,0.746046,-0.666198,0.0666772,0.32912
-44,0.754701,-0.678991,0.0591565,0.324106
-43,0.767614,-0.69599,0.0571591,0.318689
-42,0.780256,-0.712794,0.0545487,0.312647
-41,0.792624,-0.729164,0.0519805,0.306384
-40,0.816902,-0.755934,0.0484052,0.305859
-39,0.84522,-0.786071,0.0446225,0.307406
-38,0.87313,-0.815636,0.0410265,0.308886
-37,0.901991,-0.846013,0.0358485,0.310747
-36,0.936853,-0.882063,0.0238126,0.314785
-35,0.972246,-0.918231,0.0125542,0.319305
-34,1.00811,-0.954514,0.00207034,0.324309
-33,1.0343,-0.986133,-0.0103716,0.311796
-32,1.05746,-1.01656,-0.0233615,0.290304
-31,1.0833,-1.04863,-0.0354054,0.269555
-30,1.10974,-1.08121,-0.0458634,0.245772
-29,1.12312,-1.10555,-0.0501402,0.191404
-28,1.14063,-1.13105,-0.0535765,0.137427
-27,1.16212,-1.15773,-0.0561726,0.0838348
-26,1.18743,-1.18531,-0.0523731,0.0479994
-25,1.21413,-1.21308,-0.0433351,0.0261252
-24,1.2415,-1.24104,-0.0332657,0.004963
-23,1.26969,-1.26943,-0.0219381,-0.0138687
-22,1.30835,-1.3079,-0.000726058,0.0345829
-21,1.35089,-1.34807,0.0217622,0.0844433
-20,1.3973,-1.38995,0.0455474,0.135696
-19,1.4524,-1.43678,0.074352,0.198953
-18,1.51934,-1.49046,0.10714,0.274663
-17,1.59353,-1.54807,0.139466,0.351252
-16,1.67453,-1.60963,0.171326,0.428688
-15,1.70692,-1.62613,0.209506,0.474756
-14,1.72939,-1.6334,0.238475,0.515663
-13,1.74149,-1.63155,0.252453,0.554183
-12,1.69879,-1.58157,0.257662,0.56403
-11,1.5743,-1.45979,0.252814,0.532443
-10,1.45765,-1.3436,0.244103,0.509789
-9,1.34903,-1.23298,0.23155,0.496019
-8,1.02433,-0.940818,0.116889,0.387885
-7,0.68329,-0.623783,-0.0124096,0.278615
-6,0.390411,-0.313608,-0.139288,0.186198
-5,0.430289,0.263155,-0.32031,0.115322
-4,1.58048,1.45257,-0.618373,0.0746654
-3,2.81628,2.66562,-0.907098,0.0555495
-2,4.0792,3.9024,-1.18648,0.0580878
-1,4.9426,4.79872,-1.17185,0.168259
0,5.66892,5.55744,-1.07549,0.30785
1,6.37396,6.28196,-0.980873,0.44968
2,6.84613,6.76483,-0.869139,0.592547
3,6.62742,6.55051,-0.697985,0.725529
4,6.39395,6.31436,-0.54553,0.844897
5,6.14437,6.0564,-0.411776,0.950653
6,5.85527,5.75606,-0.420031,0.987691
7,5.5411,5.43311,-0.482224,0.975979
8,5.21207,5.09849,-0.538275,0.938765
9,4.85387,4.73786,-0.591193,0.873648
10,4.39287,4.27712,-0.643696,0.767615
11,3.90837,3.79814,-0.669077,0.633893
12,3.4007,3.30094,-0.667334,0.472481
13,2.73603,2.64774,-0.616128,0.309394
14,1.97312,1.89106,-0.544082,0.145174
15,1.24782,1.15491,-0.472232,-0.0149287
16,0.649696,0.489045,-0.399183,-0.153604
17,0.404435,0.084899,-0.283471,-0.275688
18,0.517292,-0.292805,-0.172724,-0.389901
19,0.81582,-0.644068,-0.066941,-0.496243
20,1.03955,-0.866164,0.0229348,-0.57437
21,1.16627,-0.977084,0.097037,-0.629354
22,1.2837,-1.07542,0.165304,-0.681197
23,1.39031,-1.16118,0.227735,-0.729899
24,1.3594,-1.15243,0.225881,-0.684722
25,1.32411,-1.13878,0.222505,-0.637903
26,1.28747,-1.1223,0.219062,-0.59164
27,1.23014,-1.08973,0.202928,-0.533427
28,1.15098,-1.04022,0.171726,-0.46175
29,1.1253,-1.04422,0.10928,-0.404929
30,1.07882,-1.01247,0.0996316,-0.358929
31,1.03432,-0.981361,0.090206,-0.31403
32,0.99559,-0.95409,0.0814504,-0.27254
33,0.985008,-0.950103,0.0760614,-0.248511
34,0.974955,-0.945981,0.0707507,-0.225061
35,0.965408,-0.941721,0.0655182,-0.20219
36,0.956339,-0.937325,0.060364,-0.179897
37,0.947723,-0.932792,0.055288,-0.158183
38,0.939533,-0.928122,0.0502903,-0.137049
39,0.932033,-0.923561,0.045396,-0.116881
40,0.932245,-0.925166,0.0411994,-0.107003
41,0.932583,-0.92675,0.0370411,-0.0973322
42,0.933041,-0.928311,0.0329212,-0.0878674
43,0.943589,-0.940377,0.0190031,-0.07544
44,0.942903,-0.940284,0.017924,-0.0679018
45,0.942054,-0.939966,0.0168815,-0.0603642
46,0.94104,-0.939422,0.0158756,-0.0528274
47,0.939862,-0.938652,0.0149062,-0.0452913
48,0.938519,-0.937655,0.0139734,-0.0377559
49,0.937012,-0.936433,0.0130772,-0.0302211
50,0.936907,-0.936494,0.012414,-0.024874
51,0.938944,-0.938593,0.0120609,-0.0226623
52,0.940911,-0.940615,0.0117343,-0.0204637
53,0.942808,-0.942562,0.0114341,-0.0182782
54,0.944635,-0.944432,0.0111603,-0.0161058
55,0.946392,-0.946226,0.010913,-0.0139466
56,0.948078,-0.947944,0.0106922,-0.0118004
57,0.949693,-0.949586,0.0104978,-0.00966733
58,0.95121,-0.951124,0.0103225,-0.00761298
59,0.952615,-0.952543,0.0101467,-0.00573894
60,0.953977,-0.953916,0.00998118,-0.00390514
61,0.955295,-0.955243,0.00982606,-0.00211159
62,0.956571,-0.956522,0.00968131,-0.000358281
63,0.957803,-0.957755,0.00954694,0.00135478
64,0.958778,-0.958729,0.00933313,0.00262258
65,0.959079,-0.959035,0.00884575,0.00262139
66,0.959393,-0.959353,0.00836084,0.00262726
67,0.95972,-0.959684,0.0078784,0.0026402
68,0.96006,-0.960028,0.00739844,0.0026602
69,0.960413,-0.960384,0.00692095,0.00268727
70,0.960778,-0.960753,0.00644594,0.0027214
71,0.961157,-0.961134,0.0059734,0.00276259
72,0.961549,-0.961529,0.00550333,0.00281085
73,0.961953,-0.961935,0.00503574,0.00286618
74,0.96237,-0.962355,0.00457062,0.00292857
75,0.9628,-0.962787,0.00410798,0.00299802
76,0.963244,-0.963232,0.00364781,0.00307454
77,0.9637,-0.963689,0.00319011,0.00315812
78,0.96421,-0.9642,0.00275578,0.00320032
79,0.965221,-0.965214,0.00257898,0.00265827
80,0.96622,-0.966215,0.00240252,0.00212818
81,0.967206,-0.967202,0.00222638,0.00161005
82,0.968178,-0.968175,0.00205058,0.00110389
83,0.969137,-0.969135,0.0018751,0.000609688
84,0.970083,-0.970082,0.00169996,0.000127451
85,0.971016,-0.971015,0.00152515,-0.000342822
86,0.978969,-0.97895,-0.00100521,-0.00595996
87,0.97879,-0.978773,-0.000857032,-0.00568372
88,0.978604,-0.978589,-0.00070508,-0.00540609
89,0.978411,-0.978397,-0.000549357,-0.00512707
90,0.97821,-0.978198,-0.000389863,-0.00484666
91,0.978003,-0.977992,-0.000226599,-0.00456486
92,0.977789,-0.977779,-5.95648e-05,-0.00428166
93,0.977567,-0.977559,0.00011124,-0.00399708
94,0.977339,-0.977332,0.000285816,-0.0037111
95,0.977103,-0.977097,0.000464162,-0.00342374
96,0.97686,-0.976855,0.000646279,-0.00313498
97,0.976611,-0.976606,0.000832166,-0.00284483
98,0.976354,-0.97635,0.00102182,-0.00255329
99,0.97609,-0.976087,0.00121525,-0.00226036
