R,v,vx,vy,vz
-100,1.1817,-1.12205,0.0910823,0.359347
-99,1.18389,-1.127,0.0861583,0.352203
-98,1.18635,-1.13202,0.0815469,0.345392
-97,1.18408,-1.13333,0.0745898,0.334719
-96,1.17512,-1.12924,0.0641952,0.318735
-95,1.16675,-1.12524,0.0542298,0.30366
-94,1.15894,-1.12131,0.0446928,0.289488
-93,1.15327,-1.11825,0.0366153,0.279659
-92,1.14785,-1.11505,0.0288832,0.27092
-91,1.14239,-1.11157,0.0213198,0.262719
-90,1.13747,-1.10762,0.0147921,0.25844
-89,1.13358,-1.10298,0.0101586,0.261404
-88,1.12945,-1.09805,0.00557651,0.264416
-87,1.12508,-1.09282,0.00104328,0.267479
-86,1.12133,-1.08817,-4.56776e-05,0.270714
-85,1.11784,-1.08367,-3.83504e-05,0.274257
-84,1.1144,-1.07914,0.000137432,0.278101
-83,1.11139,-1.07509,0.0017144,0.281713
-82,1.10976,-1.07285,0.00742786,0.28372
-81,1.10833,-1.0708,0.0134481,0.285673
-80,1.10711,-1.06893,0.01978,0.287571
-79,1.1083,-1.06995,0.0268786,0.287794
-78,1.1108,-1.07254,0.0344089,0.286962
-77,1.1137,-1.0756,0.0421668,0.285715
-76,1.11732,-1.0792,0.0491982,0.285156
-75,1.12316,-1.08383,0.0510612,0.290173
-74,1.12948,-1.08905,0.0527523,0.294833
-73,1.13628,-1.09485,0.054271,0.299133
-72,1.14191,-1.09883,0.0509428,0.306512
-71,1.14626,-1.10137,0.0434372,0.314667
-70,1.15077,-1.10403,0.0359567,0.322641
-69,1.15509,-1.10651,0.0283198,0.330244
-68,1.15502,-1.10506,0.0184622,0.335496
-67,1.155,-1.10347,0.00872383,0.341028
-66,1.15503,-1.10172,-0.000897791,0.34684
-65,1.15416,-1.09942,-0.00833855,0.351107
-64,1.15232,-1.09646,-0.0136241,0.354187
-63,1.15031,-1.09311,-0.0185225,0.357743
-62,1.14811,-1.08938,-0.0230333,0.361778
-61,1.15032,-1.08825,-0.0235324,0.372026
-60,1.1526,-1.08681,-0.0237697,0.383106
-59,1.15492,-1.08503,-0.0237883,0.394948
-58,1.16067,-1.08554,-0.0239703,0.410117
-57,1.17168,-1.08972,-0.0249809,0.429786
-56,1.18417,-1.09461,-0.0265575,0.450964
-55,1.19817,-1.10021,-0.0286959,0.473636
-54,1.19159,-1.09428,-0.0304314,0.470641
-53,1.18272,-1.0872,-0.0324196,0.464504
-52,1.17387,-1.08026,-0.0347535,0.458042
-51,1.16194,-1.07109,-0.0339634,0.449137
-50,1.1445,-1.05785,-0.026852,0.436019
-49,1.12704,-1.04472,-0.0193035,0.422384
-48,1.10963,-1.03174,-0.0113185,0.408241
-47,1.09337,-1.01628,-0.000580958,0.403286
-46,1.07831,-1.00087,0.0110076,0.401124
-45,1.06432,-0.986144,0.0229286,0.399723
-44,1.04707,-0.968276,0.034247,0.397009
-43,1.01872,-0.940225,0.0433457,0.389717
-42,0.989152,-0.910128,0.0521688,0.383886
-41,0.960051,-0.880026,0.0606727,0.378908
-40,0.923919,-0.843986,0.0675363,0.369801
-39,0.885785,-0.806251,0.0734837,0.359408
-38,0.848398,-0.769033,0.0789739,0.349472
-37,0.810065,-0.731896,0.0840806,0.336844
-36,0.765594,-0.693792,0.0889191,0.311256
-35,0.722288,-0.656792,0.093112,0.285753
-34,0.680168,-0.620896,0.0966655,0.260329
-33,0.638061,-0.589584,0.101542,0.221815
-32,0.597939,-0.561417,0.107011,0.175756
-31,0.56123,-0.534557,0.112069,0.129104
-30,0.529561,-0.510056,0.117247,0.0808121
-29,0.511313,-0.494826,0.126766,0.0227804
-28,0.500051,-0.479589,0.136689,-0.036904
-27,0.496866,-0.464338,0.14702,-0.09824
-26,0.511648,-0.461326,0.153256,-0.15961
-25,0.538797,-0.465433,0.157131,-0.221326
-24,0.570164,-0.466645,0.162282,-0.284594
-23,0.604905,-0.465228,0.168385,-0.348023
-22,0.611842,-0.471306,0.162454,-0.354725
-21,0.61457,-0.474,0.157447,-0.358092
-20,0.613029,-0.473309,0.153373,-0.358133
-19,0.595677,-0.477559,0.146426,-0.324542
-18,0.568896,-0.491267,0.136138,-0.252519
-17,0.550542,-0.506832,0.126558,-0.173784
-16,0.544512,-0.524246,0.117701,-0.0883487
-15,0.717096,-0.704269,0.0869432,-0.103314
-14,0.96281,-0.948578,0.0480757,-0.15777
-13,1.29476,-1.26796,-0.00297507,-0.262044
-12,1.75899,-1.69473,-0.0891557,-0.462563
-11,2.38957,-2.24748,-0.220766,-0.781109
-10,3.02343,-2.79797,-0.351706,-1.09033
-9,3.65542,-3.34622,-0.481922,-1.39021
-8,4.37163,-4.00451,-0.580183,-1.65482
-7,5.07094,-4.65465,-0.672701,-1.89635
-6,5.73623,-5.2756,-0.764708,-2.11838
-5,6.3238,-5.83384,-0.840298,-2.29143
-4,6.77965,-6.28592,-0.879956,-2.38255
-3,7.19811,-6.70308,-0.918141,-2.45735
-2,7.57896,-7.08516,-0.954916,-2.51582
-1,7.0519,-6.62121,-0.839912,-2.27671
0,6.35719,-5.99922,-0.699499,-1.98341
1,5.7732,-5.47853,-0.578888,-1.7264
2,5.18617,-4.96218,-0.472284,-1.43183
3,4.20069,-4.0952,-0.329693,-0.875468
4,3.13674,-3.12079,-0.158986,-0.273075
5,2.07357,-2.03892,0.0398387,0.375348
6,1.76735,-1.68545,0.0888884,0.524281
7,1.76288,-1.71167,0.0584975,0.417747
8,1.78109,-1.7564,0.0248127,0.294513
9,1.80079,-1.79185,-0.00515826,0.179102
10,1.67709,-1.66492,0.00571019,0.201614
11,1.54353,-1.52696,0.0181585,0.224807
12,1.40061,-1.37798,0.0321867,0.24868
13,1.33508,-1.31075,0.043049,0.249997
14,1.32639,-1.30442,0.0519407,0.234769
15,1.33191,-1.31498,0.0647112,0.201532
16,1.31303,-1.2954,0.0715657,0.202168
17,1.29385,-1.27541,0.0791699,0.202744
18,1.27253,-1.25445,0.0852279,0.195982
19,1.24636,-1.23157,0.0862732,0.170854
20,1.21998,-1.20815,0.0878543,0.144936
21,1.19347,-1.18418,0.0899711,0.118228
22,1.114,-1.10768,0.0990583,0.0650493
23,1.06968,-1.06375,0.108129,0.0309069
24,1.04159,-1.0359,0.108382,0.00821734
25,1.01404,-1.00806,0.108987,-0.014872
26,0.986767,-0.979837,0.110163,-0.0386427
27,0.951247,-0.942992,0.110055,-0.0593569
28,0.904599,-0.894892,0.108135,-0.0759842
29,0.858012,-0.846195,0.106825,-0.0934187
30,0.811655,-0.796902,0.106124,-0.11166
31,0.769445,-0.752111,0.0981565,-0.129387
32,0.728076,-0.707495,0.0883488,-0.147445
33,0.687318,-0.662452,0.0775619,-0.165974
34,0.64519,-0.614905,0.0696004,-0.182533
35,0.599991,-0.563387,0.0680085,-0.194834
36,0.556185,-0.511886,0.0658902,-0.207299
37,0.51414,-0.460403,0.0632455,-0.219929
38,0.477111,-0.416764,0.0654712,-0.222836
39,0.442158,-0.375383,0.0686258,-0.223343
40,0.408696,-0.334449,0.0714518,-0.223766
41,0.381346,-0.301728,0.0699739,-0.222461
42,0.367416,-0.291024,0.056958,-0.216923
43,0.354658,-0.281111,0.0431728,-0.211886
44,0.347585,-0.277741,0.0288304,-0.206989
45,0.383187,-0.314815,0.0087311,-0.218284
46,0.434909,-0.365703,-0.012283,-0.235066
47,0.487192,-0.416192,-0.0317304,-0.251263
48,0.541626,-0.468245,-0.0452939,-0.268428
49,0.603656,-0.527551,-0.0389196,-0.29082
50,0.662788,-0.584548,-0.0325848,-0.310692
51,0.718976,-0.639235,-0.0262893,-0.328045
52,0.742043,-0.670184,-0.0177526,-0.318066
53,0.748103,-0.687937,-0.00845233,-0.293819
54,0.754605,-0.704763,0.000227952,-0.2697
55,0.761768,-0.721354,0.00794059,-0.244696
56,0.772719,-0.743298,0.012255,-0.210835
57,0.796973,-0.78035,0.0152674,-0.161203
58,0.801614,-0.788999,0.0207565,-0.140124
59,0.806664,-0.797437,0.0264402,-0.118752
60,0.812138,-0.805666,0.0323187,-0.0970867
61,0.821596,-0.816635,0.0322076,-0.0841992
62,0.831805,-0.827953,0.0302912,-0.0739958
63,0.8417,-0.838784,0.0282201,-0.0640602
64,0.851267,-0.849129,0.0259946,-0.0543927
65,0.86049,-0.858988,0.0236145,-0.0449932
66,0.869356,-0.868361,0.0210798,-0.0358617
67,0.877855,-0.877247,0.0183906,-0.0269981
68,0.88243,-0.881986,0.0164055,-0.0226684
69,0.885457,-0.885103,0.0148428,-0.0201458
70,0.888502,-0.888228,0.0133743,-0.0175667
71,0.902074,-0.901908,0.00879971,-0.0149419
72,0.90251,-0.902379,0.00860405,-0.0127448
73,0.902922,-0.902821,0.0084114,-0.0105863
74,0.903309,-0.903232,0.00822177,-0.00846619
75,0.903671,-0.903612,0.00803515,-0.00638464
76,0.904007,-0.903963,0.00785155,-0.0043416
77,0.904319,-0.904283,0.00767096,-0.00233708
78,0.90484,-0.904809,0.00748085,-0.000495447
79,0.90824,-0.908212,0.00713972,-0.00020178
80,0.911635,-0.91161,0.00680117,8.2319e-05
81,0.915026,-0.915004,0.00646521,0.000356848
82,0.918413,-0.918393,0.00613183,0.000621808
83,0.921796,-0.921777,0.00580103,0.000877199
84,0.925174,-0.925157,0.00547282,0.00112302
85,0.928548,-0.928533,0.00514718,0.00135927
86,0.957152,-0.957147,0.00187413,0.00220885
87,0.956644,-0.956639,0.00203194,0.00216398
88,0.956136,-0.956131,0.00218997,0.00212412
89,0.955627,-0.955622,0.00234822,0.00208926
90,0.955118,-0.955112,0.00250668,0.00205941
91,0.954608,-0.954602,0.00266536,0.00203457
92,0.954098,-0.954092,0.00282426,0.00201473
93,0.953588,-0.953581,0.00298338,0.00199991
94,0.953077,-0.953069,0.00314271,0.00199008
95,0.952565,-0.952557,0.00330227,0.00198527
96,0.952053,-0.952045,0.00346204,0.00198546
97,0.95154,-0.951531,0.00362203,0.00199066
98,0.951027,-0.951018,0.00378223,0.00200087
99,0.950514,-0.950504,0.00394266,0.00201608
