R,v,vx,vy,vz
-100,0.917416,-0.914417,-0.00137695,-0.0741041
-99,0.915969,-0.913041,-0.00135838,-0.073173
-98,0.914499,-0.911642,-0.0013458,-0.0722156
-97,0.913006,-0.910222,-0.00133918,-0.0712321
-96,0.911489,-0.908779,-0.00133854,-0.0702223
-95,0.90995,-0.907315,-0.00134386,-0.0691863
-94,0.874453,-0.866686,0.000228788,-0.116289
-93,0.868999,-0.860833,0.000513652,-0.118856
-92,0.863436,-0.854856,0.000736042,-0.121417
-91,0.857762,-0.848755,0.00089608,-0.123974
-90,0.851978,-0.84253,0.000993883,-0.126526
-89,0.846084,-0.83618,0.00102957,-0.129073
-88,0.840079,-0.829705,0.00100327,-0.131616
-87,0.833966,-0.823104,0.000915083,-0.134154
-86,0.828765,-0.818077,-0.000529807,-0.132666
-85,0.824211,-0.814163,-0.00295789,-0.128275
-84,0.819593,-0.81017,-0.00545695,-0.123803
-83,0.814913,-0.8061,-0.00802711,-0.119251
-82,0.810172,-0.801952,-0.0106685,-0.114618
-81,0.805373,-0.797727,-0.0133812,-0.109905
-80,0.800519,-0.793424,-0.0161653,-0.105109
-79,0.795612,-0.789043,-0.019021,-0.100233
-78,0.790654,-0.784586,-0.0219483,-0.0952748
-77,0.785649,-0.780051,-0.0249474,-0.0902348
-76,0.780599,-0.775439,-0.0280184,-0.0851128
-75,0.775508,-0.77075,-0.0311614,-0.0799085
-74,0.770378,-0.765985,-0.0343766,-0.0746217
-73,0.765213,-0.761142,-0.0376639,-0.0692521
-72,0.760017,-0.756223,-0.0410236,-0.0637997
-71,0.754793,-0.751227,-0.0444558,-0.0582642
-70,0.747529,-0.743921,-0.047675,-0.0557452
-69,0.739766,-0.736053,-0.050843,-0.0538031
-68,0.731873,-0.728032,-0.054007,-0.0518685
-67,0.723849,-0.719858,-0.0571669,-0.0499411
-66,0.715696,-0.711531,-0.0603228,-0.048021
-65,0.707415,-0.703051,-0.0634747,-0.0461078
-64,0.699157,-0.694588,-0.0665087,-0.0441118
-63,0.692153,-0.687509,-0.0685306,-0.0413634
-62,0.700004,-0.694505,-0.0758872,-0.0436997
-61,0.693397,-0.687208,-0.0802638,-0.0458543
-60,0.686539,-0.679597,-0.0846896,-0.0480733
-59,0.679421,-0.671671,-0.0892623,-0.050031
-58,0.671879,-0.663518,-0.0963675,-0.043351
-57,0.664452,-0.655346,-0.103271,-0.0367921
-56,0.657134,-0.647155,-0.109972,-0.0303527
-55,0.649921,-0.638948,-0.116471,-0.0240314
-54,0.642808,-0.630723,-0.122768,-0.0178266
-53,0.635789,-0.622483,-0.128863,-0.0117367
-52,0.628861,-0.614227,-0.134756,-0.00576032
-51,0.623391,-0.607243,-0.140954,-0.00197969
-50,0.625007,-0.606755,-0.149671,-0.00896292
-49,0.626782,-0.606211,-0.158437,-0.0161831
-48,0.628724,-0.605608,-0.167253,-0.0236404
-47,0.63084,-0.604946,-0.176116,-0.0313351
-46,0.633136,-0.604223,-0.185026,-0.0392673
-45,0.635622,-0.603437,-0.193981,-0.0474373
-44,0.638304,-0.602588,-0.202981,-0.0558451
-43,0.641392,-0.603055,-0.20906,-0.0632634
-42,0.645161,-0.606729,-0.208586,-0.0678572
-41,0.649104,-0.61024,-0.209005,-0.0725323
-40,0.653218,-0.613586,-0.210318,-0.0772889
-39,0.677132,-0.63182,-0.22342,-0.0969316
-38,0.68816,-0.637203,-0.234755,-0.111476
-37,0.694621,-0.641381,-0.236201,-0.123844
-36,0.694655,-0.644277,-0.222795,-0.133472
-35,0.694823,-0.646447,-0.210549,-0.14337
-34,0.695068,-0.64789,-0.199458,-0.15354
-33,0.687679,-0.641335,-0.187745,-0.162304
-32,0.670303,-0.624341,-0.175446,-0.169476
-31,0.651891,-0.60532,-0.164841,-0.177134
-30,0.632481,-0.584289,-0.15592,-0.185276
-29,0.598378,-0.549276,-0.1607,-0.174722
-28,0.551474,-0.501425,-0.17758,-0.145469
-27,0.520008,-0.452929,-0.200063,-0.158866
-26,0.481046,-0.405585,-0.223749,-0.129778
-25,0.445457,-0.364153,-0.244084,-0.079041
-24,0.403309,-0.301327,-0.262321,-0.0552078
-23,0.355284,-0.223074,-0.274259,-0.035311
-22,0.346984,-0.167366,-0.303779,0.0102626
-21,0.382814,-0.13998,-0.349619,0.0686916
-20,0.415199,-0.117616,-0.384458,0.10368
-19,0.447371,-0.109227,-0.414696,0.127428
-18,0.492721,-0.211761,-0.409697,0.173435
-17,0.590067,-0.397712,-0.378113,0.216874
-16,0.874778,-0.763615,-0.367244,0.217394
-15,1.32597,-1.26106,-0.365728,0.184848
-14,1.93359,-1.88813,-0.405343,0.0971185
-13,2.66022,-2.61917,-0.465018,-0.0224558
-12,3.42198,-3.37786,-0.527479,-0.147577
-11,4.23375,-4.18089,-0.598837,-0.29351
-10,5.08705,-5.02571,-0.64325,-0.454431
-9,5.99332,-5.91926,-0.688685,-0.638696
-8,6.88204,-6.78725,-0.762552,-0.845173
-7,7.60432,-7.49571,-0.852409,-0.955714
-6,8.16698,-8.04355,-0.956867,-1.04176
-5,8.66395,-8.53085,-1.06049,-1.0789
-4,9.20845,-9.0707,-1.18317,-1.05738
-3,9.70915,-9.57189,-1.3058,-0.970256
-2,10.3237,-10.1881,-1.46643,-0.794856
-1,10.9002,-10.7632,-1.62306,-0.578235
0,9.34368,-9.20699,-1.54361,-0.391184
1,7.73322,-7.59516,-1.43601,-0.232651
2,4.56945,-4.49918,-0.792703,-0.0939743
3,1.5448,-1.53404,-0.178333,-0.0364302
4,1.71315,-1.69849,-0.217589,-0.0515122
5,1.85016,-1.82904,-0.257049,-0.107885
6,1.52394,-1.50358,-0.235513,-0.0786196
7,1.22116,-1.20147,-0.212195,-0.0516562
8,1.23717,-1.21954,-0.1931,-0.0776089
9,1.23659,-1.21892,-0.17588,-0.111546
10,1.17349,-1.15253,-0.186951,-0.117528
11,1.12393,-1.09919,-0.198543,-0.124841
12,1.10717,-1.07872,-0.210305,-0.134002
13,1.08747,-1.05413,-0.226725,-0.141393
14,1.0583,-1.01673,-0.255974,-0.143958
15,1.03074,-0.979068,-0.287625,-0.145358
16,1.0026,-0.937943,-0.324379,-0.142274
17,0.972951,-0.893404,-0.359844,-0.137752
18,0.935966,-0.840963,-0.390826,-0.126762
19,0.895729,-0.785499,-0.415741,-0.111716
20,0.845701,-0.723827,-0.428864,-0.0857836
21,0.787562,-0.658548,-0.428896,-0.0511518
22,0.714217,-0.587563,-0.406045,0.00166002
23,0.638289,-0.516159,-0.370531,0.060822
24,0.560554,-0.444515,-0.316221,0.128962
25,0.500776,-0.375592,-0.268805,0.193525
26,0.459377,-0.30871,-0.225921,0.254332
27,0.44568,-0.25541,-0.175635,0.320232
28,0.444559,-0.24347,-0.126074,0.349944
29,0.451251,-0.190134,-0.0584473,0.405044
30,0.488252,-0.156517,0.0122985,0.462322
31,0.547309,-0.141647,0.0868757,0.521474
32,0.787183,-0.104792,0.263056,0.734491
33,0.862943,-0.0926581,0.341023,0.787267
34,0.87064,-0.10212,0.364478,0.784054
35,0.815536,-0.112876,0.348913,0.728435
36,0.710346,-0.126207,0.303926,0.629517
37,0.575091,-0.158582,0.231919,0.501792
38,0.431392,-0.203704,0.136364,0.354976
39,0.315591,-0.263641,0.0446143,0.167632
40,0.344272,-0.338607,-0.042956,-0.0449806
41,0.496568,-0.405109,-0.14189,-0.249666
42,0.619103,-0.493597,-0.17749,-0.328857
43,0.707042,-0.592073,-0.178858,-0.342589
44,0.794427,-0.690411,-0.176935,-0.350913
45,0.881245,-0.788612,-0.171723,-0.35383
46,0.882556,-0.817622,-0.150049,-0.296455
47,0.857533,-0.820227,-0.122724,-0.218014
48,0.837218,-0.820278,-0.0946903,-0.138244
49,0.819621,-0.81484,-0.0661088,-0.05869
50,0.793143,-0.791835,-0.029513,-0.0346687
51,0.765908,-0.76547,0.00883002,-0.0243522
52,0.741546,-0.739909,0.0470902,-0.0143988
53,0.720233,-0.715152,0.0852676,-0.00480856
54,0.713308,-0.7072,0.0924929,-0.0109728
55,0.708713,-0.702023,0.0951923,-0.0194062
56,0.73017,-0.726053,0.0685018,-0.0360962
57,0.728879,-0.724288,0.0759893,-0.0299701
58,0.727895,-0.722671,0.0835943,-0.0242724
59,0.727211,-0.721204,0.0913165,-0.0190034
60,0.735063,-0.729762,0.0858223,-0.0200097
61,0.743285,-0.738688,0.0798079,-0.0210567
62,0.751584,-0.747636,0.0737364,-0.0219298
63,0.759958,-0.756606,0.0676078,-0.022629
64,0.768406,-0.765597,0.0614222,-0.0231543
65,0.776928,-0.77461,0.0551796,-0.0235056
66,0.785524,-0.783644,0.0488799,-0.0236831
67,0.793955,-0.792446,0.0428924,-0.0235387
68,0.800104,-0.798781,0.0404365,-0.0218947
69,0.806159,-0.805006,0.0380568,-0.020227
70,0.81212,-0.811121,0.0357533,-0.0185356
71,0.817985,-0.817124,0.033526,-0.0168206
72,0.823753,-0.823017,0.0313748,-0.015082
73,0.829424,-0.828799,0.0292998,-0.0133197
74,0.834997,-0.834471,0.027301,-0.0115338
75,0.840198,-0.839753,0.0254275,-0.0100608
76,0.844443,-0.844054,0.0237389,-0.0097256
77,0.848732,-0.848395,0.0220256,-0.0093573
78,0.853065,-0.852776,0.0202875,-0.00895593
79,0.861683,-0.861517,0.013897,-0.00964965
80,0.864464,-0.864313,0.0134158,-0.00901234
81,0.867234,-0.867097,0.0129374,-0.00837627
82,0.869993,-0.869869,0.012462,-0.00774143
83,0.87274,-0.872629,0.0119896,-0.00710782
84,0.875477,-0.875377,0.0115201,-0.00647544
85,0.878202,-0.878113,0.0110536,-0.0058443
86,0.880916,-0.880837,0.01059,-0.00521439
87,0.884044,-0.883973,0.0100738,-0.00487292
88,0.887758,-0.887694,0.00948279,-0.00492691
89,0.891462,-0.891403,0.00889488,-0.00497208
90,0.895155,-0.895103,0.00831006,-0.00500843
91,0.898839,-0.898791,0.00772831,-0.00503596
92,0.902512,-0.90247,0.00714964,-0.00505466
93,0.906176,-0.906138,0.00657405,-0.00506454
94,0.909829,-0.909795,0.00600154,-0.00506561
95,0.929578,-0.92956,0.000515298,-0.005711
96,0.930501,-0.930484,0.000637299,-0.00569371
97,0.931426,-0.931409,0.00076002,-0.0056711
98,0.932352,-0.932335,0.000883461,-0.00564317
99,0.933279,-0.933262,0.00100762,-0.0056099
