R,v,vx,vy,vz
-100,0.651839,-0.647903,0.000492992,-0.0715223
-99,0.648461,-0.644697,0.000419634,-0.0697618
-98,0.644973,-0.641376,0.000348238,-0.068018
-97,0.641375,-0.63794,0.000278829,-0.0662907
-96,0.637668,-0.634389,0.000211435,-0.06458
-95,0.63385,-0.630723,0.000146082,-0.0628858
-94,0.629923,-0.626942,8.27958e-05,-0.0612083
-93,0.625885,-0.623046,2.16037e-05,-0.0595473
-92,0.621116,-0.618443,-3.94113e-05,-0.0575595
-91,0.610425,-0.60818,-0.000118854,-0.0523066
-90,0.599669,-0.597826,-0.000200401,-0.0469702
-89,0.58885,-0.587382,-0.000284091,-0.0415506
-88,0.577973,-0.576847,-0.000369963,-0.0360477
-87,0.567041,-0.566222,-0.000458056,-0.0304618
-86,0.556059,-0.555505,-0.00054841,-0.0247931
-85,0.521928,-0.521564,0.00473844,-0.0189178
-84,0.505167,-0.50497,0.00621924,-0.0126726
-83,0.48843,-0.48833,0.00771294,-0.00619842
-82,0.471735,-0.471644,0.0092198,0.000504411
-81,0.459804,-0.459598,0.0104858,0.00891255
-80,0.453316,-0.452767,0.0114517,0.0191528
-79,0.447001,-0.445852,0.0123951,0.0295341
-78,0.440879,-0.438853,0.0133165,0.0400556
-77,0.434973,-0.431772,0.0142162,0.0507164
-76,0.429306,-0.424608,0.0150947,0.0615154
-75,0.423904,-0.417362,0.0159522,0.0724517
-74,0.415485,-0.406749,0.0177771,0.0828704
-73,0.402108,-0.39066,0.021195,0.0928767
-72,0.389156,-0.374266,0.0246462,0.103731
-71,0.376785,-0.357564,0.0281296,0.115429
-70,0.365175,-0.340551,0.031644,0.127969
-69,0.35453,-0.323226,0.0351881,0.141345
-68,0.345084,-0.305585,0.0387608,0.155556
-67,0.332563,-0.288389,0.0402661,0.160651
-66,0.309744,-0.272694,0.0365263,0.142285
-65,0.286474,-0.256758,0.0321827,0.122911
-64,0.26293,-0.240578,0.0272334,0.102532
-63,0.239372,-0.224151,0.0216769,0.0811514
-62,0.216196,-0.207475,0.0155114,0.0587712
-61,0.194003,-0.190547,0.00873502,0.0353946
-60,0.18298,-0.182747,0.00156388,0.00909387
-59,0.210599,-0.208942,-0.00537871,-0.0258104
-58,0.243997,-0.235441,-0.0128443,-0.0627459
-57,0.14308,-0.113451,-0.0280119,-0.0825586
-56,0.167791,-0.118779,-0.0362211,-0.112843
-55,0.195444,-0.124289,-0.0449337,-0.143984
-54,0.256767,-0.185482,-0.0440128,-0.172014
-53,0.327662,-0.254627,-0.0435193,-0.201578
-52,0.403159,-0.325885,-0.0445855,-0.233127
-51,0.482824,-0.39167,-0.0218988,-0.281486
-50,0.574752,-0.44693,0.0435263,-0.358746
-49,0.677866,-0.505394,0.106734,-0.438961
-48,0.788817,-0.567027,0.167706,-0.5221
-47,0.950077,-0.700262,0.250151,-0.591358
-46,1.1249,-0.844872,0.339694,-0.660457
-45,1.30159,-0.985108,0.43149,-0.733152
-44,1.44535,-1.1245,0.489434,-0.764848
-43,1.50789,-1.26791,0.454423,-0.677972
-42,1.57952,-1.40623,0.420061,-0.58389
-41,1.65444,-1.53269,0.386555,-0.488485
-40,1.62177,-1.5711,0.261685,-0.305444
-39,1.58273,-1.57647,0.106101,-0.0921918
-38,1.58247,-1.57724,-0.0466226,0.119773
-37,1.62063,-1.57888,-0.187143,0.313937
-36,1.68375,-1.60026,-0.287523,0.437641
-35,1.75658,-1.61908,-0.387894,0.560073
-34,1.83757,-1.6353,-0.488235,0.681259
-33,1.86333,-1.62218,-0.540451,0.740567
-32,1.85975,-1.59553,-0.567882,0.768407
-31,1.85975,-1.5704,-0.5966,0.797877
-30,1.85486,-1.54042,-0.623257,0.824116
-29,1.78263,-1.45933,-0.623305,0.812171
-28,1.71342,-1.37919,-0.624236,0.802482
-27,1.64745,-1.30001,-0.626068,0.795054
-26,1.57627,-1.22086,-0.620455,0.780475
-25,1.49872,-1.13965,-0.608424,0.759725
-24,1.42078,-1.05646,-0.596145,0.739679
-23,1.34365,-0.972375,-0.583699,0.720541
-22,1.29796,-0.92563,-0.571995,0.707627
-21,1.24229,-0.869602,-0.557539,0.690095
-20,1.17693,-0.80436,-0.540355,0.667975
-19,1.14775,-0.773674,-0.52463,0.665979
-18,1.15163,-0.776463,-0.510538,0.680225
-17,1.13712,-0.764231,-0.493553,0.682208
-16,1.10413,-0.737015,-0.473664,0.671977
-15,1.26425,-0.86127,-0.47822,0.792361
-14,1.45081,-1.01136,-0.480689,0.922461
-13,1.65437,-1.17973,-0.478065,1.0567
-12,1.92894,-1.36536,-0.523989,1.25778
-11,2.31025,-1.57997,-0.641216,1.55877
-10,2.66337,-1.77376,-0.748528,1.84039
-9,2.98769,-1.94668,-0.845942,2.10265
-8,3.5095,-2.23208,-0.970344,2.52841
-7,4.07213,-2.53898,-1.10778,2.98474
-6,4.63915,-2.8464,-1.25339,3.4422
-5,5.02112,-3.20328,-1.34771,3.62413
-4,5.11628,-3.69461,-1.32159,3.28322
-3,5.38527,-4.22707,-1.30635,3.07025
-2,5.80178,-4.80066,-1.30189,2.98653
-1,5.79039,-4.69852,-1.14691,3.18388
0,5.50498,-4.33367,-0.924365,3.26645
1,5.0672,-3.90785,-0.675349,3.15421
2,4.35404,-3.41077,-0.427827,2.67232
3,3.34592,-2.90535,-0.273955,1.6368
4,2.58189,-2.47414,-0.148273,0.723059
5,2.11886,-2.11713,-0.050782,-0.0688982
6,1.93327,-1.92081,-0.0302467,-0.217007
7,1.76952,-1.76475,-0.0324143,-0.125716
8,1.47611,-1.47573,-0.03343,0.00416193
9,1.43593,-1.43568,-0.0225496,-0.0141539
10,1.3964,-1.39598,-0.0122143,-0.0323845
11,1.36098,-1.36037,-0.00541188,-0.0402657
12,1.33234,-1.33197,-0.00387342,-0.0313512
13,1.3049,-1.3047,-0.00246701,-0.0230435
14,1.27866,-1.27856,-0.00119267,-0.0153427
15,1.15866,-1.15774,-0.002703,-0.0462536
16,1.15297,-1.15229,-0.00236661,-0.0397025
17,1.14734,-1.14685,-0.00208079,-0.0332594
18,1.14175,-1.14143,-0.00184552,-0.0269244
19,1.13622,-1.13603,-0.00166082,-0.0206975
20,1.13074,-1.13065,-0.00152669,-0.0145787
21,1.12531,-1.12527,-0.00144312,-0.00856797
22,1.12025,-1.12024,-0.00174849,-0.00355252
23,1.1153,-1.1153,-0.00219369,0.00112649
24,1.11033,-1.11032,-0.00266105,0.00577843
25,1.10536,-1.1053,-0.00315057,0.0104033
26,1.10036,-1.10026,-0.00366225,0.0150011
27,1.09536,-1.09518,-0.00419609,0.0195719
28,1.09034,-1.09006,-0.00475209,0.0241156
29,1.10494,-1.10113,-0.00548805,0.0915451
30,1.09818,-1.09377,-0.00600875,0.0981635
31,1.09156,-1.0865,-0.0064621,0.10476
32,1.08489,-1.07922,-0.0067683,0.110555
33,1.07692,-1.07119,-0.00646007,0.110776
34,1.06894,-1.06313,-0.0061355,0.111094
35,1.06093,-1.05504,-0.0057946,0.111511
36,1.05291,-1.04692,-0.00543736,0.112026
37,1.04487,-1.03876,-0.00506378,0.112638
38,1.0368,-1.03058,-0.00467387,0.113349
39,1.02885,-1.02251,-0.00422112,0.114018
40,1.02406,-1.018,-0.00259146,0.111182
41,1.0192,-1.01343,-0.000995871,0.108353
42,1.01429,-1.00878,0.000565653,0.105531
43,1.01841,-1.01637,-0.000974098,0.0643124
44,1.01359,-1.01148,0.000230241,0.065335
45,1.00871,-1.00652,0.00145096,0.0663707
46,1.00375,-1.00148,0.00268807,0.0674194
47,0.998733,-0.996375,0.00394156,0.0684811
48,0.993645,-0.991194,0.00521143,0.0695559
49,0.98849,-0.985941,0.00649769,0.0706437
50,0.984281,-0.981675,0.00725518,0.0711999
51,0.981477,-0.97888,0.00724323,0.0709784
52,0.97864,-0.976052,0.00723831,0.0707527
53,0.97577,-0.973191,0.00724042,0.0705227
54,0.972868,-0.970299,0.00724956,0.0702884
55,0.969933,-0.967373,0.00726574,0.0700499
56,0.966966,-0.964415,0.00728893,0.0698071
57,0.963966,-0.961425,0.00731916,0.06956
58,0.960989,-0.958458,0.00733752,0.0693154
59,0.958097,-0.955577,0.00731953,0.0690528
60,0.955159,-0.952654,0.00730811,0.0687417
61,0.952176,-0.949689,0.00730327,0.0683819
62,0.949148,-0.946683,0.00730501,0.0679736
63,0.946075,-0.943634,0.00731333,0.0675168
64,0.943706,-0.941325,0.00724703,0.0665929
65,0.943633,-0.941412,0.00693567,0.0643365
66,0.943536,-0.94147,0.00663181,0.0620573
67,0.943414,-0.941498,0.00633544,0.0597552
68,0.943268,-0.941498,0.00604657,0.0574304
69,0.943097,-0.94147,0.00576519,0.0550828
70,0.942903,-0.941412,0.00549131,0.0527123
71,0.942684,-0.941325,0.00522492,0.050319
72,0.942442,-0.94121,0.00496602,0.0479029
73,0.942176,-0.941066,0.00471462,0.045464
74,0.941886,-0.940893,0.00447072,0.0430023
75,0.941573,-0.940692,0.00423431,0.0405178
76,0.941238,-0.940461,0.0040054,0.0380105
77,0.940879,-0.940202,0.00378398,0.0354803
78,0.940598,-0.94001,0.00357063,0.033051
79,0.941556,-0.941002,0.00336649,0.0321273
80,0.942542,-0.942021,0.00315995,0.0312031
81,0.943556,-0.943066,0.00295101,0.0302784
82,0.944598,-0.944138,0.00273967,0.0293532
83,0.945667,-0.945237,0.00252592,0.0284275
84,0.946765,-0.946362,0.00230978,0.0275014
85,0.947889,-0.947515,0.00209123,0.0265748
86,0.962321,-0.962048,0.000261819,0.022887
87,0.961432,-0.96117,0.000291617,0.0224327
88,0.960543,-0.960291,0.00032048,0.0219733
89,0.959653,-0.959412,0.000348406,0.0215085
90,0.958762,-0.958531,0.000375396,0.0210385
91,0.957871,-0.95765,0.00040145,0.0205633
92,0.956979,-0.956768,0.000426568,0.0200829
93,0.956087,-0.955886,0.00045075,0.0195971
94,0.955193,-0.955002,0.000473995,0.0191062
95,0.9543,-0.954118,0.000496305,0.01861
96,0.953405,-0.953233,0.000517679,0.0181086
97,0.95251,-0.952347,0.000538116,0.0176019
98,0.951615,-0.951461,0.000557617,0.01709
99,0.950718,-0.950574,0.000576183,0.0165728
