R,v,vx,vy,vz
-100,0.939677,-0.937134,-0.00209239,-0.0690563
-99,0.938701,-0.936135,-0.00225896,-0.0693218
-98,0.937707,-0.935119,-0.00243161,-0.0695691
-97,0.936694,-0.934086,-0.00261034,-0.0697983
-96,0.935664,-0.933037,-0.00279515,-0.0700092
-95,0.934615,-0.93197,-0.002986,-0.0702019
-94,0.922744,-0.918305,0.010388,-0.089801
-93,0.920199,-0.915339,0.0119951,-0.0936916
-92,0.917603,-0.912296,0.013622,-0.0976018
-91,0.914957,-0.909178,0.0152687,-0.101532
-90,0.91226,-0.905983,0.016935,-0.105481
-89,0.909514,-0.902712,0.0186211,-0.109451
-88,0.906719,-0.899365,0.020327,-0.11344
-87,0.903876,-0.895941,0.0220525,-0.117449
-86,0.899994,-0.89186,0.0224582,-0.118615
-85,0.895315,-0.88727,0.0218953,-0.117737
-84,0.890527,-0.882573,0.0212987,-0.116826
-83,0.885628,-0.87777,0.0206684,-0.11588
-82,0.880618,-0.872861,0.0200044,-0.114901
-81,0.875498,-0.867845,0.0193069,-0.113888
-80,0.870268,-0.862721,0.0185758,-0.112842
-79,0.864926,-0.85749,0.0178113,-0.111762
-78,0.859474,-0.852152,0.0170135,-0.110649
-77,0.853911,-0.846706,0.0161824,-0.109503
-76,0.848236,-0.841151,0.0153181,-0.108324
-75,0.84245,-0.835489,0.0144206,-0.107111
-74,0.836553,-0.829718,0.0134901,-0.105866
-73,0.830544,-0.823838,0.0125266,-0.104587
-72,0.824424,-0.817849,0.0115302,-0.103276
-71,0.818192,-0.81175,0.0105009,-0.101932
-70,0.811788,-0.805601,0.00934478,-0.0995967
-69,0.805284,-0.799379,0.00808151,-0.0970064
-68,0.798698,-0.793078,0.00672378,-0.0943354
-67,0.792028,-0.786697,0.00527163,-0.0915837
-66,0.785277,-0.780236,0.00372508,-0.088751
-65,0.778445,-0.773695,0.00208418,-0.0858372
-64,0.77165,-0.767195,0.00033107,-0.0827955
-63,0.765818,-0.761699,-0.00163818,-0.0793042
-62,0.775233,-0.771677,0.01631,-0.0723462
-61,0.769019,-0.765619,0.0188729,-0.0697236
-60,0.76274,-0.759493,0.021283,-0.0670038
-59,0.756469,-0.753398,0.0231515,-0.0640401
-58,0.752246,-0.74995,0.0144119,-0.0569361
-57,0.748235,-0.746569,0.00541785,-0.0496177
-56,0.744455,-0.743255,-0.00383062,-0.0420851
-55,0.740923,-0.740007,-0.0133333,-0.0343385
-54,0.737659,-0.736825,-0.0230901,-0.0263782
-53,0.734681,-0.73371,-0.0331009,-0.0182043
-52,0.73201,-0.730659,-0.0433654,-0.00981706
-51,0.728877,-0.726962,-0.0526705,-0.00374237
-50,0.722031,-0.719778,-0.0560339,-0.0104304
-49,0.715452,-0.71276,-0.0595887,-0.0171666
-48,0.709148,-0.705908,-0.0633355,-0.0239494
-47,0.703128,-0.699226,-0.0672748,-0.0307775
-46,0.697401,-0.692714,-0.0714069,-0.0376494
-45,0.691976,-0.686375,-0.0757325,-0.0445635
-44,0.686862,-0.68021,-0.0802519,-0.0515186
-43,0.681514,-0.673784,-0.0836082,-0.0590434
-42,0.674925,-0.666245,-0.0836918,-0.0680946
-41,0.668322,-0.658519,-0.0836717,-0.0775056
-40,0.661729,-0.650606,-0.0835476,-0.0872739
-39,0.65517,-0.64251,-0.0833194,-0.0973968
-38,0.64867,-0.634232,-0.082987,-0.107872
-37,0.642258,-0.625773,-0.0825503,-0.118696
-36,0.635963,-0.617136,-0.082009,-0.129868
-35,0.637736,-0.616808,-0.0836164,-0.138788
-34,0.650539,-0.628139,-0.0883647,-0.144341
-33,0.663506,-0.639564,-0.0932253,-0.150023
-32,0.676614,-0.651083,-0.0981325,-0.155779
-31,0.744363,-0.705825,-0.118654,-0.204474
-30,0.768171,-0.719627,-0.131004,-0.234653
-29,0.791462,-0.737384,-0.135672,-0.253513
-28,0.814662,-0.760186,-0.133861,-0.260524
-27,0.837897,-0.782794,-0.132333,-0.267942
-26,0.861153,-0.8052,-0.13108,-0.275781
-25,0.878934,-0.823921,-0.119438,-0.281805
-24,0.893784,-0.840932,-0.101208,-0.285377
-23,0.90982,-0.858984,-0.0842429,-0.287787
-22,0.926965,-0.878076,-0.0685367,-0.289048
-21,0.936573,-0.887028,-0.0457042,-0.297087
-20,0.943338,-0.891153,-0.0187663,-0.308837
-19,0.952066,-0.896612,0.00786217,-0.320085
-18,0.962684,-0.903405,0.0341812,-0.330834
-17,0.963265,-0.900636,0.0530072,-0.337527
-16,0.959869,-0.894017,0.0685424,-0.342612
-15,0.947147,-0.877964,0.0820075,-0.345748
-14,0.932774,-0.860708,0.0947658,-0.346796
-13,0.863723,-0.796045,0.0845607,-0.324312
-12,0.776292,-0.716309,0.0697108,-0.290983
-11,0.771837,-0.719325,0.0859826,-0.266291
-10,0.593511,-0.564754,0.0557605,-0.173777
-9,0.390343,-0.384311,0.02912,-0.0618409
-8,0.153309,-0.123508,0.086754,0.0268919
-7,0.260226,0.164415,0.153972,0.130298
-6,0.466817,0.353301,0.300116,0.0550196
-5,0.700537,0.527275,0.459528,-0.0396048
-4,1.26434,1.04692,0.549642,-0.447676
-3,1.92644,1.47674,0.568421,-1.09877
-2,5.9379,-1.10973,-0.684798,-5.79294
-1,11.2914,-3.71552,-1.95307,-10.4821
0,9.40566,-3.64014,-1.88994,-8.46427
1,7.98289,-3.70419,-1.81682,-6.83408
2,4.34378,-3.00377,-1.05528,-2.95503
3,2.50026,-2.13715,-0.281348,1.26678
4,1.80132,-1.68446,-0.429247,0.472332
5,1.4704,-1.31581,-0.57009,-0.325122
6,1.28121,-1.1794,-0.460768,-0.195482
7,1.06439,-0.998989,-0.358666,-0.0794641
8,0.935775,-0.884689,-0.304621,-0.0143324
9,0.81916,-0.778626,-0.252403,0.0325164
10,0.711014,-0.674796,-0.223888,-0.00806417
11,0.604505,-0.570523,-0.195288,-0.0423469
12,0.535542,-0.509639,-0.159238,-0.0414309
13,0.473334,-0.453972,-0.124914,-0.0484826
14,0.42414,-0.404908,-0.102058,-0.0743545
15,0.384018,-0.363853,-0.0796217,-0.0934936
16,0.373591,-0.354373,-0.0705275,-0.0949514
17,0.367919,-0.348781,-0.0671263,-0.095971
18,0.375121,-0.350496,-0.0854131,-0.102823
19,0.382218,-0.350854,-0.108693,-0.105724
20,0.385685,-0.345893,-0.13738,-0.101181
21,0.386403,-0.338094,-0.163011,-0.0917991
22,0.374703,-0.324028,-0.17392,-0.0718327
23,0.35595,-0.30589,-0.176223,-0.0455827
24,0.324674,-0.282431,-0.159924,-0.00840199
25,0.297963,-0.27138,-0.118687,0.0323833
26,0.284144,-0.262462,-0.0691393,0.0840906
27,0.293413,-0.255088,-0.0204985,0.14353
28,0.329099,-0.250384,0.0218492,0.212453
29,0.359972,-0.236445,0.0328227,0.269437
30,0.379135,-0.213752,0.00610823,0.313075
31,0.39399,-0.184701,-0.0557763,0.343514
32,0.417727,-0.150018,-0.147191,0.361006
33,0.453295,-0.107676,-0.235043,0.372341
34,0.496003,-0.056503,-0.312665,0.380876
35,0.535807,0.00154923,-0.349076,0.406488
36,0.54456,0.0249209,-0.251933,0.482134
37,0.597802,0.0957296,-0.247223,0.535802
38,0.592282,0.186811,-0.152192,0.541052
39,0.590929,0.294048,0.00544472,0.512546
40,0.843251,0.685358,0.109615,0.478896
41,0.901268,0.762267,0.283503,0.388407
42,0.924501,0.775365,0.428981,0.263603
43,0.909044,0.7414,0.520481,0.0760654
44,0.91583,0.694032,0.580263,-0.142685
45,1.01918,0.674062,0.643839,-0.412105
46,1.1895,0.665487,0.696996,-0.697305
47,1.36729,0.653516,0.713088,-0.966389
48,1.56344,0.644311,0.714322,-1.23245
49,1.49714,0.542764,0.544592,-1.28462
50,1.39635,0.431548,0.334249,-1.28524
51,1.06464,0.309866,0.246121,-0.988368
52,0.655381,0.197049,0.173667,-0.600446
53,0.414906,0.116263,0.061888,-0.393446
54,0.289156,-0.00482047,0.0607999,-0.28265
55,0.23838,-0.133697,0.0715766,-0.183921
56,0.287224,-0.263817,0.0772114,-0.0832849
57,0.403209,-0.395182,0.0777043,0.0192582
58,0.43254,-0.42374,0.0865283,0.00697098
59,0.456557,-0.446259,0.0958014,-0.0109301
60,0.482328,-0.470092,0.10473,-0.0261729
61,0.509515,-0.495241,0.113314,-0.0387575
62,0.539769,-0.52885,0.100417,-0.0398069
63,0.622487,-0.618103,0.0650483,-0.0347556
64,0.641138,-0.637018,0.0638327,-0.0345275
65,0.6596,-0.655741,0.0629918,-0.0332926
66,0.677877,-0.674273,0.0625256,-0.0310509
67,0.695325,-0.691981,0.0620602,-0.0280698
68,0.706458,-0.70353,0.058252,-0.0271186
69,0.717537,-0.714987,0.0545304,-0.0260561
70,0.728559,-0.726353,0.0508956,-0.0248823
71,0.739523,-0.737628,0.0473474,-0.0235972
72,0.750425,-0.748811,0.0438858,-0.0222007
73,0.761263,-0.759903,0.040511,-0.020693
74,0.772037,-0.770903,0.0372228,-0.0190739
75,0.782114,-0.781174,0.0341401,-0.0174423
76,0.78997,-0.789177,0.0315307,-0.0160517
77,0.797808,-0.797149,0.0289661,-0.0145658
78,0.805631,-0.805092,0.0264465,-0.0129847
79,0.815073,-0.814782,0.0200988,-0.00836493
80,0.821219,-0.820975,0.0186188,-0.00735861
81,0.827367,-0.827166,0.0171387,-0.00633921
82,0.833519,-0.833355,0.0156584,-0.00530673
83,0.839675,-0.839544,0.014178,-0.00426116
84,0.845833,-0.845732,0.0126974,-0.00320252
85,0.851995,-0.851918,0.0112167,-0.00213079
86,0.858159,-0.858104,0.00973584,-0.00104598
87,0.86366,-0.863616,0.00872753,-0.000612228
88,0.868212,-0.868171,0.00837374,-0.00108419
89,0.872736,-0.872698,0.00801155,-0.00153
90,0.877234,-0.877199,0.00764095,-0.00194966
91,0.881705,-0.881672,0.00726195,-0.00234318
92,0.886149,-0.886118,0.00687454,-0.00271055
93,0.890566,-0.890537,0.00647872,-0.00305177
94,0.894956,-0.894929,0.0060745,-0.00336685
95,0.911629,-0.911601,0.00202154,-0.0068156
96,0.913392,-0.913365,0.00209327,-0.00674419
97,0.915162,-0.915135,0.00216519,-0.00666177
98,0.916939,-0.916913,0.00223731,-0.00656834
99,0.918722,-0.918697,0.00230961,-0.00646389
