R,v,vx,vy,vz
-100,1,-1,8.27885e-07,6.84583e-08
-99,1,-1,8.43244e-07,6.88584e-08
-98,1,-1,8.47539e-07,6.89179e-08
-97,1,-1,8.51836e-07,6.89773e-08
-96,1,-1,8.56133e-07,6.90364e-08
-95,1,-1,8.60431e-07,6.90954e-08
-94,1,-1,8.64731e-07,6.91541e-08
-93,1,-1,8.69031e-07,6.92127e-08
-92,1,-1,8.73333e-07,6.9271e-08
-91,1,-1,8.77635e-07,6.93292e-08
-90,1,-1,8.81939e-07,6.93871e-08
-89,1,-1,8.86244e-07,6.94449e-08
-88,1,-1,8.9055e-07,6.95024e-08
-87,1,-1,8.94856e-07,6.95597e-08
-86,1,-1,8.99164e-07,6.96169e-08
-85,1,-1,9.03473e-07,6.96738e-08
-84,1,-1,9.07783e-07,6.97305e-08
-83,1,-1,9.12094e-07,6.97871e-08
-82,1,-1,9.16406e-07,6.98434e-08
-81,1,-1,9.20719e-07,6.98995e-08
-80,1,-1,9.25034e-07,6.99554e-08
-79,1,-1,9.29349e-07,7.00112e-08
-78,1,-1,9.33665e-07,7.00667e-08
-77,1,-1,9.37983e-07,7.0122e-08
-76,1,-1,9.42301e-07,7.01771e-08
-75,1,-1,9.4662e-07,7.0232e-08
-74,1,-1,9.50941e-07,7.02867e-08
-73,1,-1,9.55263e-07,7.03412e-08
-72,1,-1,9.59585e-07,7.03955e-08
-71,1,-1,9.63909e-07,7.04496e-08
-70,1,-1,9.54771e-07,7.08029e-08
-69,1,-1,9.43124e-07,7.12119e-08
-68,1,-1,9.31468e-07,7.1621e-08
-67,1,-1,9.19803e-07,7.20302e-08
-66,1,-1,9.0813e-07,7.24395e-08
-65,1,-1,8.96449e-07,7.28489e-08
-64,1,-1,8.84759e-07,7.32584e-08
-63,1,-1,8.73062e-07,7.36681e-08
-62,1,-1,8.61355e-07,7.40778e-08
-61,1,-1,8.4964e-07,7.44876e-08
-60,1,-1,8.37917e-07,7.48975e-08
-59,1,-1,8.26186e-07,7.53076e-08
-58,1,-1,8.14446e-07,7.57177e-08
-57,1,-1,8.02698e-07,7.6128e-08
-56,1,-1,7.90941e-07,7.65383e-08
-55,1,-1,7.79176e-07,7.69488e-08
-54,1,-1,7.67403e-07,7.73593e-08
-53,1,-1,7.55621e-07,7.777e-08
-52,1,-1,7.43831e-07,7.81808e-08
-51,1,-1,7.32033e-07,7.85916e-08
-50,1,-1,7.20226e-07,7.90026e-08
-49,1,-1,7.08411e-07,7.94137e-08
-48,1,-1,6.96587e-07,7.98249e-08
-47,1,-1,6.84755e-07,8.02362e-08
-46,1,-1,6.72915e-07,8.06476e-08
-45,1,-1,6.61067e-07,8.10592e-08
-44,1,-1,6.49209e-07,8.14708e-08
-43,1,-1,6.37344e-07,8.18826e-08
-42,1,-1,6.19348e-07,8.20208e-08
-41,1,-1,5.95367e-07,8.1892e-08
-40,1,-1,5.71378e-07,8.17633e-08
-39,1,-1,5.47383e-07,8.16346e-08
-38,1,-1,5.2338e-07,8.1506e-08
-37,1,-1,4.9937e-07,8.13774e-08
-36,1,-1,4.75354e-07,8.12489e-08
-35,1,-1,4.5133e-07,8.11204e-08
-34,1,-1,4.27299e-07,8.0992e-08
-33,1,-1,4.03262e-07,8.08637e-08
-32,1,-1,3.79217e-07,8.07354e-08
-31,1,-1,3.55165e-07,8.06071e-08
-30,1,-1,3.31106e-07,8.0479e-08
-29,1,-1,3.07041e-07,8.03508e-08
-28,1,-1,2.82968e-07,8.02228e-08
-27,1,-1,2.58888e-07,8.00947e-08
-26,1,-1,2.34801e-07,7.99668e-08
-25,1,-1,2.10707e-07,7.98389e-08
-24,1,-1,1.86606e-07,7.9711e-08
-23,1,-1,1.62498e-07,7.95832e-08
-22,1,-1,1.38383e-07,7.94555e-08
-21,1,-1,1.14261e-07,7.93278e-08
-20,1,-1,9.01324e-08,7.92001e-08
-19,1,-1,6.59964e-08,7.90725e-08
-18,1,-1,4.18533e-08,7.8945e-08
-17,1,-1,1.77032e-08,7.88175e-08
-16,1,-1,-6.45393e-09,7.86901e-08
-15,1,-1,-3.06181e-08,7.85627e-08
-14,1,-1,-5.16804e-08,7.85366e-08
-13,1,-1,-5.74144e-08,7.90106e-08
-12,1,-1,-6.31391e-08,7.94868e-08
-11,1,-1,-6.88545e-08,7.99651e-08
-10,1,-1,-7.45606e-08,8.04457e-08
-9,1,-1,-8.02573e-08,8.09284e-08
-8,1,-1,-8.59447e-08,8.14134e-08
-7,1,-1,-9.16227e-08,8.19005e-08
-6,1,-1,-9.72915e-08,8.23898e-08
-5,1,-1,-1.02951e-07,8.28813e-08
-4,1,-1,-1.08601e-07,8.3375e-08
-3,1,-1,-1.14242e-07,8.38709e-08
-2,1,-1,-1.19873e-07,8.4369e-08
-1,1,-1,-1.25495e-07,8.48693e-08
0,1,-1,-1.31108e-07,8.53717e-08
1,1,-1,-1.36218e-07,8.58763e-08
2,1,-1,-1.41324e-07,8.6383e-08
3,1,-1,-1.46425e-07,8.68919e-08
4,1,-1,-1.51521e-07,8.7403e-08
5,1,-1,-1.56612e-07,8.79162e-08
6,1,-1,-1.61698e-07,8.84316e-08
7,1,-1,-1.6678e-07,8.89491e-08
8,1,-1,-1.71857e-07,8.94688e-08
9,1,-1,-1.76929e-07,8.99907e-08
10,1,-1,-1.81996e-07,9.05147e-08
11,1,-1,-1.87059e-07,9.10409e-08
12,1,-1,-1.92116e-07,9.15692e-08
13,1,-1,-1.97169e-07,9.20997e-08
14,1,-1,-2.02217e-07,9.26324e-08
15,1,-1,-2.16776e-07,9.26373e-08
16,1,-1,-2.33262e-07,9.25346e-08
17,1,-1,-2.49753e-07,9.2431e-08
18,1,-1,-2.66248e-07,9.23266e-08
19,1,-1,-2.82748e-07,9.22213e-08
20,1,-1,-2.99253e-07,9.21152e-08
21,1,-1,-3.15763e-07,9.20082e-08
22,1,-1,-3.32277e-07,9.19004e-08
23,1,-1,-3.48796e-07,9.17918e-08
24,1,-1,-3.6532e-07,9.16823e-08
25,1,-1,-3.81848e-07,9.15719e-08
26,1,-1,-3.98381e-07,9.14608e-08
27,1,-1,-4.14919e-07,9.13487e-08
28,1,-1,-4.31462e-07,9.12359e-08
29,1,-1,-4.48009e-07,9.11221e-08
30,1,-1,-4.64562e-07,9.10076e-08
31,1,-1,-4.81118e-07,9.08922e-08
32,1,-1,-4.9768e-07,9.07759e-08
33,1,-1,-5.14246e-07,9.06588e-08
34,1,-1,-5.30818e-07,9.05409e-08
35,1,-1,-5.47393e-07,9.04221e-08
36,1,-1,-5.63974e-07,9.03025e-08
37,1,-1,-5.80559e-07,9.0182e-08
38,1,-1,-5.97149e-07,9.00607e-08
39,1,-1,-6.13744e-07,8.99386e-08
40,1,-1,-6.30343e-07,8.98156e-08
41,1,-1,-6.46948e-07,8.96917e-08
42,1,-1,-6.63557e-07,8.95671e-08
43,1,-1,-6.64249e-07,8.97926e-08
44,1,-1,-6.48745e-07,9.03754e-08
45,1,-1,-6.33239e-07,9.09585e-08
46,1,-1,-6.17734e-07,9.1542e-08
47,1,-1,-6.02227e-07,9.21258e-08
48,1,-1,-5.86721e-07,9.271e-08
49,1,-1,-5.71213e-07,9.32945e-08
50,1,-1,-5.55706e-07,9.38794e-08
51,1,-1,-5.40197e-07,9.44646e-08
52,1,-1,-5.24689e-07,9.50502e-08
53,1,-1,-5.0918e-07,9.56361e-08
54,1,-1,-4.9367e-07,9.62224e-08
55,1,-1,-4.7816e-07,9.6809e-08
56,1,-1,-4.62649e-07,9.7396e-08
57,1,-1,-4.47138e-07,9.79833e-08
58,1,-1,-4.31627e-07,9.8571e-08
59,1,-1,-4.16115e-07,9.9159e-08
60,1,-1,-4.00602e-07,9.97474e-08
61,1,-1,-3.85089e-07,1.00336e-07
62,1,-1,-3.69576e-07,1.00925e-07
63,1,-1,-3.54062e-07,1.01515e-07
64,1,-1,-3.38548e-07,1.02104e-07
65,1,-1,-3.23033e-07,1.02695e-07
66,1,-1,-3.07517e-07,1.03285e-07
67,1,-1,-2.92002e-07,1.03876e-07
68,1,-1,-2.76485e-07,1.04467e-07
69,1,-1,-2.60968e-07,1.05059e-07
70,1,-1,-2.45451e-07,1.05651e-07
71,1,-1,-2.3004e-07,1.06146e-07
72,1,-1,-2.15187e-07,1.06129e-07
73,1,-1,-2.00331e-07,1.06111e-07
74,1,-1,-1.85473e-07,1.06092e-07
75,1,-1,-1.70612e-07,1.06073e-07
76,1,-1,-1.55749e-07,1.06053e-07
77,1,-1,-1.40884e-07,1.06032e-07
78,1,-1,-1.26016e-07,1.0601e-07
79,1,-1,-1.11145e-07,1.05988e-07
80,1,-1,-9.62722e-08,1.05965e-07
81,1,-1,-8.13967e-08,1.05941e-07
82,1,-1,-6.65188e-08,1.05916e-07
83,1,-1,-5.16383e-08,1.0589e-07
84,1,-1,-3.67554e-08,1.05864e-07
85,1,-1,-2.187e-08,1.05837e-07
86,1,-1,-6.98215e-09,1.05809e-07
87,1,-1,7.90821e-09,1.0578e-07
88,1,-1,2.28011e-08,1.05751e-07
89,1,-1,3.76964e-08,1.0572e-07
90,1,-1,5.25942e-08,1.05689e-07
91,1,-1,6.74945e-08,1.05657e-07
92,1,-1,8.23972e-08,1.05625e-07
93,1,-1,9.73025e-08,1.05591e-07
94,1,-1,1.1221e-07,1.05557e-07
95,1,-1,1.2712e-07,1.05522e-07
96,1,-1,1.42033e-07,1.05486e-07
97,1,-1,1.56948e-07,1.0545e-07
98,1,-1,1.71866e-07,1.05412e-07
99,1,-1,1.86786e-07,1.05374e-07
