R,v,vx,vy,vz
-100,1.06033,-1.03986,-0.0414882,0.203154
-99,1.0695,-1.04624,-0.0394949,0.218292
-98,1.07871,-1.05257,-0.0379611,0.232938
-97,1.08404,-1.05473,-0.0362339,0.247745
-96,1.08409,-1.05107,-0.0335074,0.26339
-95,1.08458,-1.04761,-0.0305104,0.279093
-94,1.08551,-1.04435,-0.0272459,0.294852
-93,1.09209,-1.04831,-0.0245524,0.30512
-92,1.0998,-1.05351,-0.0213813,0.315012
-91,1.10787,-1.05886,-0.0175855,0.325405
-90,1.11654,-1.06586,-0.0149309,0.33226
-89,1.12576,-1.07587,-0.0154447,0.33106
-88,1.13488,-1.0857,-0.0155404,0.330084
-87,1.14389,-1.09535,-0.0152199,0.329334
-86,1.14832,-1.1024,-0.0178419,0.320992
-85,1.15194,-1.10899,-0.0210583,0.310902
-84,1.15604,-1.11584,-0.0239482,0.301257
-83,1.15993,-1.12267,-0.0267666,0.29041
-82,1.16192,-1.12858,-0.0302685,0.2747
-81,1.16412,-1.13438,-0.0337779,0.259255
-80,1.1665,-1.14007,-0.0372959,0.244073
-79,1.16725,-1.1438,-0.0391472,0.229513
-78,1.16715,-1.14638,-0.0404146,0.215443
-77,1.16693,-1.1486,-0.041844,0.20172
-76,1.16633,-1.15009,-0.0432011,0.189055
-75,1.16405,-1.14914,-0.0433979,0.180541
-74,1.16124,-1.14755,-0.0436503,0.172338
-73,1.15792,-1.14534,-0.0439537,0.164448
-72,1.15068,-1.13857,-0.0454462,0.160142
-71,1.14024,-1.12811,-0.0466707,0.159208
-70,1.1295,-1.11728,-0.0472229,0.158807
-69,1.11867,-1.10628,-0.0472695,0.15912
-68,1.11106,-1.09817,-0.0492914,0.161344
-67,1.10407,-1.09081,-0.0514582,0.162637
-66,1.09769,-1.08419,-0.0537691,0.16299
-65,1.09582,-1.08195,-0.0554054,0.16476
-64,1.0978,-1.08346,-0.0565536,0.167562
-63,1.10006,-1.08542,-0.0579717,0.169257
-62,1.1026,-1.0878,-0.059664,0.169837
-61,1.10755,-1.09057,-0.0548038,0.185258
-60,1.11323,-1.09384,-0.050457,0.200624
-59,1.11958,-1.0976,-0.0467133,0.215745
-58,1.12182,-1.09628,-0.0401976,0.234598
-57,1.11913,-1.0884,-0.0301529,0.25868
-56,1.11754,-1.08085,-0.020806,0.283245
-55,1.11708,-1.07362,-0.012156,0.308296
-54,1.11194,-1.06239,-0.00297913,0.328219
-53,1.10685,-1.05076,0.0059466,0.347827
-52,1.10241,-1.03917,0.0145082,0.367715
-51,1.09862,-1.02874,0.0220548,0.384925
-50,1.09483,-1.01991,0.0284039,0.397046
-49,1.09083,-1.01054,0.0348598,0.409264
-48,1.08661,-1.00063,0.0414247,0.421591
-47,1.08714,-0.998014,0.0423623,0.429
-46,1.08847,-0.996672,0.0421417,0.435482
-45,1.08953,-0.994893,0.0420319,0.442161
-44,1.09244,-0.995349,0.0416228,0.448302
-43,1.10186,-1.00347,0.0404133,0.45335
-42,1.11305,-1.01295,0.0398516,0.459583
-41,1.12377,-1.02199,0.0393821,0.465659
-40,1.13054,-1.03039,0.0408668,0.463409
-39,1.1356,-1.03808,0.042902,0.458425
-38,1.14021,-1.04509,0.0447784,0.45371
-37,1.14213,-1.0496,0.0474061,0.447814
-36,1.13459,-1.04585,0.0534507,0.436611
-35,1.1271,-1.04162,0.0589081,0.426521
-34,1.11966,-1.03693,0.0637745,0.417549
-33,1.10318,-1.02321,0.0707468,0.406272
-32,1.08263,-1.00495,0.0785089,0.39497
-31,1.06301,-0.986888,0.0855978,0.38563
-30,1.04301,-0.968079,0.0924188,0.377018
-29,1.01365,-0.941871,0.102184,0.360445
-28,0.985849,-0.916248,0.111819,0.346244
-27,0.959592,-0.891216,0.121333,0.334408
-26,0.928426,-0.864605,0.129429,0.312539
-25,0.893448,-0.836361,0.136957,0.282827
-24,0.85948,-0.807996,0.145083,0.254557
-23,0.826423,-0.779588,0.153556,0.227239
-22,0.789724,-0.753576,0.151968,0.180814
-21,0.753562,-0.725963,0.151514,0.133709
-20,0.718339,-0.696749,0.152212,0.0859266
-19,0.689806,-0.672459,0.148377,0.0401981
-18,0.668049,-0.653248,0.139787,-0.00393118
-17,0.647662,-0.631988,0.132655,-0.0496038
-16,0.629272,-0.608678,0.126989,-0.0967913
-15,0.609963,-0.59079,0.1204,-0.0923348
-14,0.589673,-0.57324,0.109178,-0.0847957
-13,0.567778,-0.554577,0.0902819,-0.0816394
-12,0.544776,-0.528641,0.0718113,-0.110281
-11,0.536689,-0.499234,0.0552169,-0.189079
-10,0.554385,-0.477849,0.0389342,-0.278366
-9,0.599335,-0.464472,0.0230039,-0.378073
-8,1.04172,-0.517301,-0.0938751,-0.89931
-7,1.64102,-0.595461,-0.230472,-1.5117
-6,2.28466,-0.689581,-0.369808,-2.14648
-5,3.19199,-1.06106,-0.535064,-2.96254
-4,4.62866,-1.99569,-0.748079,-4.10878
-3,6.04647,-2.90659,-0.954854,-5.21534
-2,7.42944,-3.79385,-1.15549,-6.28237
-1,7.06799,-3.85876,-1.04335,-5.82905
0,6.3214,-3.72652,-0.858799,-5.03345
1,5.71934,-3.64252,-0.693955,-4.35445
2,5.09977,-3.52544,-0.545557,-3.64435
3,3.96444,-3.12561,-0.37189,-2.4102
4,2.87889,-2.67643,-0.171574,-1.04655
5,2.22393,-2.17792,0.0553907,0.446595
6,2.08639,-1.9379,0.1033,0.766087
7,1.90767,-1.84191,0.0582063,0.49311
8,1.77064,-1.75954,0.00903659,0.197719
9,1.69011,-1.68853,-0.0334431,-0.064798
10,1.6051,-1.605,-0.0135865,-0.0107456
11,1.51328,-1.51264,0.0072542,0.04323
12,1.41509,-1.41145,0.029079,0.0971289
13,1.36264,-1.35571,0.040948,0.130982
14,1.34647,-1.33713,0.0454436,0.151699
15,1.33193,-1.31999,0.0482629,0.171221
16,1.31793,-1.30352,0.0485824,0.188208
17,1.2822,-1.26738,0.035266,0.19119
18,1.2474,-1.23193,0.0217955,0.194668
19,1.21357,-1.19717,0.00817108,0.198643
20,1.18984,-1.17257,-0.00444388,0.201978
21,1.17604,-1.15804,-0.0159632,0.204353
22,1.14985,-1.13642,-0.038068,0.171011
23,1.13826,-1.12331,-0.043804,0.17854
24,1.12732,-1.11077,-0.0493172,0.186001
25,1.11232,-1.09498,-0.0541102,0.188059
26,1.07977,-1.0649,-0.0569804,0.169277
27,1.04777,-1.03523,-0.059991,0.150118
28,1.01637,-1.00597,-0.0631419,0.130583
29,0.954437,-0.943275,-0.0846261,0.118409
30,0.910996,-0.901353,-0.0926491,0.0943012
31,0.857855,-0.849386,-0.100634,0.0658058
32,0.805793,-0.797569,-0.108853,0.0365728
33,0.756479,-0.747298,-0.117282,0.00714925
34,0.704799,-0.692826,-0.127052,-0.024323
35,0.647715,-0.629719,-0.139364,-0.0597186
36,0.596581,-0.56883,-0.152237,-0.0957389
37,0.55248,-0.510159,-0.165671,-0.132384
38,0.523235,-0.462612,-0.179056,-0.166446
39,0.502176,-0.417827,-0.193076,-0.200805
40,0.488437,-0.373534,-0.207898,-0.236265
41,0.485023,-0.334939,-0.22037,-0.272947
42,0.49484,-0.31147,-0.225178,-0.311686
43,0.511078,-0.288999,-0.231109,-0.352517
44,0.52951,-0.271285,-0.232768,-0.390645
45,0.565819,-0.290666,-0.22674,-0.429248
46,0.607801,-0.32171,-0.217919,-0.467371
47,0.648391,-0.350758,-0.208327,-0.503964
48,0.687806,-0.383151,-0.194443,-0.537088
49,0.728911,-0.436591,-0.164542,-0.560022
50,0.770057,-0.48659,-0.134727,-0.581435
51,0.81047,-0.533146,-0.104998,-0.601325
52,0.815552,-0.564667,-0.0757792,-0.583553
53,0.803637,-0.587466,-0.0484971,-0.546227
54,0.794234,-0.608316,-0.0232666,-0.510116
55,0.78585,-0.628272,-0.00189468,-0.472049
56,0.771619,-0.655723,0.0017911,-0.406719
57,0.763314,-0.698875,-0.00027045,-0.306957
58,0.759181,-0.708934,0.0061807,-0.271534
59,0.75618,-0.718134,0.0123952,-0.236514
60,0.754231,-0.726474,0.018373,-0.201896
61,0.76481,-0.742767,0.0194807,-0.181251
62,0.778534,-0.760711,0.0192019,-0.164516
63,0.792084,-0.777913,0.0188151,-0.147964
64,0.80541,-0.794375,0.0183204,-0.131596
65,0.818467,-0.810095,0.0177177,-0.11541
66,0.831215,-0.825074,0.0170071,-0.099408
67,0.84362,-0.839313,0.0161885,-0.0835887
68,0.85039,-0.847068,0.0147971,-0.0736188
69,0.854813,-0.852152,0.0132533,-0.0660724
70,0.859173,-0.857098,0.0117819,-0.0585083
71,0.871313,-0.86999,0.0054763,-0.0476757
72,0.87353,-0.872501,0.00562423,-0.0420221
73,0.875787,-0.875009,0.00577069,-0.0364415
74,0.878082,-0.877517,0.00591568,-0.0309338
75,0.880413,-0.880023,0.00605918,-0.025499
76,0.882778,-0.882527,0.00620121,-0.0201371
77,0.885177,-0.88503,0.00634176,-0.0148481
78,0.887726,-0.887646,0.00644612,-0.00998699
79,0.89172,-0.891648,0.00612179,-0.00952078
80,0.895675,-0.895611,0.00579296,-0.00907123
81,0.899591,-0.899533,0.00545963,-0.00863835
82,0.903467,-0.903415,0.0051218,-0.00822213
83,0.907304,-0.907258,0.00477948,-0.00782257
84,0.911102,-0.91106,0.00443266,-0.00743967
85,0.91486,-0.914823,0.00408134,-0.00707343
86,0.941647,-0.941616,1.99904e-05,-0.0076762
87,0.941698,-0.941669,0.000262256,-0.00748895
88,0.941745,-0.941716,0.00050451,-0.00729091
89,0.941786,-0.941759,0.000746754,-0.00708208
90,0.941822,-0.941796,0.000988987,-0.00686247
91,0.941853,-0.941829,0.00123121,-0.00663206
92,0.941879,-0.941856,0.00147342,-0.00639087
93,0.9419,-0.941878,0.00171562,-0.00613889
94,0.941915,-0.941895,0.00195781,-0.00587613
95,0.941926,-0.941907,0.00219999,-0.00560257
96,0.941932,-0.941914,0.00244216,-0.00531823
97,0.941933,-0.941915,0.00268432,-0.0050231
98,0.941928,-0.941912,0.00292647,-0.00471719
99,0.941919,-0.941903,0.0031686,-0.00440048
