R,v,vx,vy,vz
-100,0.930836,-0.930485,-0.00203386,-0.0254585
-99,0.929468,-0.929105,-0.00206829,-0.0258696
-98,0.92644,-0.926049,-0.00200183,-0.0268557
-97,0.923415,-0.922994,-0.00193606,-0.0278166
-96,0.92039,-0.919939,-0.001871,-0.0287524
-95,0.917367,-0.916886,-0.00180665,-0.0296629
-94,0.914345,-0.913833,-0.001743,-0.0305483
-93,0.911325,-0.910782,-0.00168006,-0.0314085
-92,0.908305,-0.907731,-0.00161783,-0.0322434
-91,0.905287,-0.904682,-0.0015563,-0.0330533
-90,0.902269,-0.901633,-0.00149548,-0.0338379
-89,0.899253,-0.898586,-0.00143537,-0.0345973
-88,0.896237,-0.895539,-0.00137597,-0.0353316
-87,0.893222,-0.892493,-0.00131728,-0.0360407
-86,0.890207,-0.889449,-0.0012593,-0.0367247
-85,0.887193,-0.886405,-0.00120202,-0.0373834
-84,0.88418,-0.883362,-0.00114546,-0.038017
-83,0.881168,-0.88032,-0.00108962,-0.0386255
-82,0.878155,-0.877279,-0.00103448,-0.0392087
-81,0.875144,-0.874239,-0.000980054,-0.0397669
-80,0.872132,-0.8712,-0.000926342,-0.0402998
-79,0.869121,-0.868162,-0.000873344,-0.0408076
-78,0.86611,-0.865125,-0.000821061,-0.0412903
-77,0.863099,-0.862088,-0.000769492,-0.0417478
-76,0.860088,-0.859053,-0.000718638,-0.0421802
-75,0.857078,-0.856019,-0.0006685,-0.0425874
-74,0.854067,-0.852985,-0.000619078,-0.0429695
-73,0.851056,-0.849953,-0.000570373,-0.0433264
-72,0.848046,-0.846921,-0.000522385,-0.0436582
-71,0.845035,-0.84389,-0.000475114,-0.0439649
-70,0.838734,-0.837517,-0.000425206,-0.0451655
-69,0.831822,-0.830522,-0.000374708,-0.0464822
-68,0.824909,-0.823526,-0.000324189,-0.0477415
-67,0.817996,-0.81653,-0.000273646,-0.0489433
-66,0.811081,-0.809533,-0.000223081,-0.0500876
-65,0.804166,-0.802536,-0.000172493,-0.0511745
-64,0.797249,-0.795538,-0.000121883,-0.052204
-63,0.79033,-0.788539,-7.1249e-05,-0.053176
-62,0.783409,-0.78154,-2.05922e-05,-0.0540905
-61,0.776487,-0.77454,3.00877e-05,-0.0549476
-60,0.769561,-0.76754,8.07909e-05,-0.0557472
-59,0.762634,-0.760539,0.000131517,-0.0564893
-58,0.755703,-0.753537,0.000182267,-0.0571739
-57,0.748769,-0.746535,0.000233041,-0.057801
-56,0.692833,-0.689981,-0.00220749,-0.0627576
-55,0.680851,-0.677984,-0.00186002,-0.06239
-54,0.668874,-0.665994,-0.00150842,-0.0619798
-53,0.656903,-0.654014,-0.00115268,-0.061527
-52,0.644937,-0.642042,-0.000792756,-0.0610316
-51,0.632976,-0.630079,-0.000428634,-0.0604938
-50,0.621021,-0.618124,-6.02825e-05,-0.0599136
-49,0.607402,-0.604361,-0.000144607,-0.0607039
-48,0.592635,-0.589342,-0.000550057,-0.0623864
-47,0.577878,-0.574325,-0.000961606,-0.0639686
-46,0.563131,-0.559312,-0.00137931,-0.0654505
-45,0.548393,-0.544303,-0.00180322,-0.0668323
-44,0.533666,-0.529296,-0.00223339,-0.0681141
-43,0.518947,-0.514293,-0.00266987,-0.069296
-42,0.495562,-0.4902,-0.0076564,-0.0722975
-41,0.476083,-0.470331,-0.00923194,-0.073199
-40,0.456636,-0.450483,-0.010779,-0.0739285
-39,0.437222,-0.430655,-0.0122977,-0.0744868
-38,0.423748,-0.417073,-0.0117255,-0.0739954
-37,0.410406,-0.40362,-0.0110615,-0.0734984
-36,0.396973,-0.390059,-0.0103836,-0.0730321
-35,0.383451,-0.376392,-0.009692,-0.0725965
-34,0.369843,-0.362618,-0.00898668,-0.0721914
-33,0.356151,-0.348737,-0.00826777,-0.0718165
-32,0.342377,-0.33475,-0.00753537,-0.0714717
-31,0.319064,-0.311688,-0.00201174,-0.0681773
-30,0.294422,-0.287261,0.00436133,-0.0643935
-29,0.269798,-0.262694,0.0109416,-0.0605212
-28,0.246254,-0.239015,0.0170934,-0.0567542
-27,0.223132,-0.215502,0.0230535,-0.0530595
-26,0.200335,-0.19198,0.0289123,-0.049413
-25,0.177979,-0.16845,0.0346695,-0.0458155
-24,0.165939,-0.156325,0.0293809,-0.0472747
-23,0.156813,-0.147076,0.0214145,-0.0500038
-22,0.148121,-0.137755,0.0136186,-0.0527044
-21,0.151311,-0.140346,0.00957428,-0.0557358
-20,0.146688,-0.134753,0.00589799,-0.0576563
-19,0.138207,-0.124691,-0.000563964,-0.0596063
-18,0.126505,-0.109698,-0.0104544,-0.0621329
-17,0.11693,-0.0948841,-0.0206467,-0.0651404
-16,0.110087,-0.0802486,-0.0311435,-0.0686248
-15,0.118388,-0.0631684,-0.0756869,-0.0655511
-14,0.142504,-0.0483214,-0.117127,-0.0652191
-13,0.17767,-0.0303784,-0.161235,-0.0681701
-12,0.199819,0.00685706,-0.18636,-0.0717667
-11,0.219177,0.0422676,-0.199835,-0.0794854
-10,0.234918,0.0752999,-0.203089,-0.0909453
-9,0.251319,0.134256,-0.194444,-0.0856055
-8,0.282598,0.20401,-0.181534,-0.0727153
-7,0.312861,0.263451,-0.161585,-0.0486422
-6,0.386458,0.362085,-0.131156,-0.0322859
-5,0.659178,0.643035,-0.117945,-0.0843192
-4,0.952528,0.945882,-0.0881938,-0.0695512
-3,1.44081,1.40054,-0.0516479,-0.334297
-2,3.19313,3.14431,0.198059,-0.519763
-1,7.02838,5.44214,-0.560681,-4.41213
0,13.0453,8.26365,-1.87041,-9.9194
1,13.2519,8.04778,-1.58813,-10.4079
2,9.82117,5.94997,-0.767257,-7.7759
3,5.47019,3.50819,-0.026945,-4.19701
4,1.1431,0.382177,0.161981,-1.06507
5,0.288301,-0.2794,0.0351063,-0.061812
6,0.229372,-0.200366,-0.0588451,-0.094879
7,0.244948,-0.110065,-0.129778,-0.176189
8,0.299919,-0.170378,-0.178925,-0.170026
9,0.327439,-0.199442,-0.191235,-0.175693
10,0.349588,-0.215037,-0.212785,-0.175197
11,0.34512,-0.228978,-0.20829,-0.152617
12,0.371981,-0.275176,-0.196563,-0.154954
13,0.433534,-0.362796,-0.162049,-0.173409
14,0.44853,-0.391142,-0.14734,-0.16272
15,0.44406,-0.396646,-0.142405,-0.139935
16,0.43763,-0.383381,-0.140796,-0.157211
17,0.432003,-0.366858,-0.140952,-0.179372
18,0.461956,-0.395849,-0.121489,-0.204812
19,0.480498,-0.409094,-0.124346,-0.219223
20,0.503319,-0.430297,-0.127055,-0.228104
21,0.529419,-0.455981,-0.130749,-0.235097
22,0.555982,-0.480824,-0.135319,-0.244156
23,0.582952,-0.504827,-0.140767,-0.25528
24,0.63194,-0.55725,-0.14701,-0.259247
25,0.683897,-0.611696,-0.153825,-0.264349
26,0.738154,-0.667496,-0.16121,-0.270797
27,0.779872,-0.718349,-0.159674,-0.258222
28,0.80543,-0.761883,-0.144544,-0.217621
29,0.83452,-0.806098,-0.127436,-0.174329
30,0.867412,-0.850993,-0.10835,-0.128348
31,0.871012,-0.861713,-0.0883208,-0.0911725
32,0.871422,-0.867147,-0.0672154,-0.0539868
33,0.872678,-0.871382,-0.0449543,-0.0154835
34,0.87025,-0.869682,-0.0248468,0.0192698
35,0.859384,-0.858114,-0.0100287,0.0456063
36,0.848632,-0.845492,0.00547224,0.072736
37,0.838163,-0.831815,0.0216561,0.100659
38,0.824129,-0.816699,0.0308662,0.106007
39,0.808551,-0.800684,0.0385605,0.105696
40,0.792274,-0.783886,0.0465091,0.105155
41,0.778596,-0.770048,0.0519208,0.102672
42,0.773499,-0.766016,0.0495085,0.095237
43,0.768101,-0.761663,0.0467136,0.0875574
44,0.761995,-0.756501,0.0444474,0.0797851
45,0.760308,-0.755538,0.0444462,0.0724953
46,0.760646,-0.756536,0.0447131,0.0650929
47,0.761295,-0.757844,0.04433,0.0572563
48,0.762927,-0.760099,0.0429375,0.0496278
49,0.767683,-0.765361,0.0395953,0.0446451
50,0.772766,-0.7709,0.0354771,0.0402594
51,0.777509,-0.776064,0.0323587,0.0346046
52,0.782447,-0.781374,0.0290749,0.0288437
53,0.787582,-0.786829,0.0256256,0.0229766
54,0.792751,-0.792134,0.0237244,0.0203542
55,0.798035,-0.797523,0.0220163,0.0182288
56,0.803455,-0.803038,0.0202512,0.0161051
57,0.80834,-0.807949,0.0157666,0.0196094
58,0.813433,-0.813127,0.0148892,0.0166572
59,0.818714,-0.818484,0.0139599,0.013519
60,0.824062,-0.823892,0.0130219,0.0104894
61,0.829475,-0.829353,0.012075,0.00756848
62,0.834952,-0.834865,0.0111193,0.00475619
63,0.840492,-0.840428,0.0101547,0.00205253
64,0.845655,-0.845603,0.00937256,2.36968e-05
65,0.849473,-0.849424,0.00917903,-0.000208174
66,0.853283,-0.853235,0.00898241,-0.00044479
67,0.857083,-0.857038,0.00878268,-0.000686153
68,0.860874,-0.860831,0.00857986,-0.000932262
69,0.864657,-0.864616,0.00837395,-0.00118312
70,0.868431,-0.868392,0.00816493,-0.00143872
71,0.872196,-0.872158,0.00795282,-0.00169906
72,0.875952,-0.875916,0.00773762,-0.00196415
73,0.8797,-0.879665,0.00751931,-0.00223399
74,0.883438,-0.883405,0.00729791,-0.00250858
75,0.887168,-0.887136,0.00707342,-0.00278791
76,0.890889,-0.890857,0.00684582,-0.00307198
77,0.894601,-0.89457,0.00661513,-0.0033608
78,0.898204,-0.898174,0.00637928,-0.00366658
79,0.900568,-0.900538,0.00611652,-0.00411068
80,0.902941,-0.902911,0.0058535,-0.00452948
81,0.905323,-0.905292,0.00559023,-0.00492298
82,0.907713,-0.907682,0.0053267,-0.00529118
83,0.910111,-0.910079,0.00506292,-0.00563408
84,0.912517,-0.912485,0.00479888,-0.00595168
85,0.914932,-0.9149,0.00453458,-0.00624398
86,0.918521,-0.91848,0.00313572,-0.00815828
87,0.92016,-0.920117,0.00308412,-0.00834746
88,0.921802,-0.921757,0.00303182,-0.0085338
89,0.923446,-0.9234,0.0029788,-0.0087173
90,0.925093,-0.925046,0.00292507,-0.00889795
91,0.926743,-0.926694,0.00287064,-0.00907577
92,0.928396,-0.928345,0.00281549,-0.00925074
93,0.930051,-0.929999,0.00275963,-0.00942287
94,0.931709,-0.931656,0.00270307,-0.00959215
95,0.93337,-0.933315,0.00264579,-0.0097586
96,0.935033,-0.934977,0.0025878,-0.0099222
97,0.936699,-0.936642,0.0025291,-0.010083
98,0.938368,-0.938309,0.00246969,-0.0102409
99,0.94004,-0.939979,0.00240957,-0.0103959
