R,v,vx,vy,vz
-100,1,-1,1.79523e-07,3.08039e-08
-99,1,-1,1.91656e-07,3.09994e-08
-98,1,-1,1.85846e-07,3.05791e-08
-97,1,-1,1.80036e-07,3.01582e-08
-96,1,-1,1.74228e-07,2.97367e-08
-95,1,-1,1.6842e-07,2.93146e-08
-94,1,-1,1.62613e-07,2.88918e-08
-93,1,-1,1.56807e-07,2.84684e-08
-92,1,-1,1.51001e-07,2.80444e-08
-91,1,-1,1.45196e-07,2.76197e-08
-90,1,-1,1.39393e-07,2.71945e-08
-89,1,-1,1.33589e-07,2.67686e-08
-88,1,-1,1.27787e-07,2.6342e-08
-87,1,-1,1.21986e-07,2.59149e-08
-86,1,-1,1.16185e-07,2.54871e-08
-85,1,-1,1.10385e-07,2.50587e-08
-84,1,-1,1.04586e-07,2.46297e-08
-83,1,-1,9.87874e-08,2.42001e-08
-82,1,-1,9.29898e-08,2.37698e-08
-81,1,-1,8.7193e-08,2.33389e-08
-80,1,-1,8.1397e-08,2.29074e-08
-79,1,-1,7.56017e-08,2.24752e-08
-78,1,-1,6.98073e-08,2.20425e-08
-77,1,-1,6.40136e-08,2.16091e-08
-76,1,-1,5.82208e-08,2.11751e-08
-75,1,-1,5.24287e-08,2.07404e-08
-74,1,-1,4.66374e-08,2.03051e-08
-73,1,-1,4.08469e-08,1.98692e-08
-72,1,-1,3.50571e-08,1.94327e-08
-71,1,-1,2.92682e-08,1.89956e-08
-70,1,-1,3.60285e-08,1.92703e-08
-69,1,-1,4.51216e-08,1.96779e-08
-68,1,-1,5.42143e-08,2.00861e-08
-67,1,-1,6.33067e-08,2.04948e-08
-66,1,-1,7.23988e-08,2.09041e-08
-65,1,-1,8.14906e-08,2.1314e-08
-64,1,-1,9.05821e-08,2.17245e-08
-63,1,-1,9.96733e-08,2.21356e-08
-62,1,-1,1.08764e-07,2.25472e-08
-61,1,-1,1.17855e-07,2.29594e-08
-60,1,-1,1.26945e-07,2.33722e-08
-59,1,-1,1.36035e-07,2.37856e-08
-58,1,-1,1.45125e-07,2.41995e-08
-57,1,-1,1.54214e-07,2.4614e-08
-56,1,-1,1.63303e-07,2.50291e-08
-55,1,-1,1.72392e-07,2.54448e-08
-54,1,-1,1.8148e-07,2.5861e-08
-53,1,-1,1.90568e-07,2.62778e-08
-52,1,-1,1.99656e-07,2.66952e-08
-51,1,-1,2.08744e-07,2.71132e-08
-50,1,-1,2.17831e-07,2.75317e-08
-49,1,-1,2.26918e-07,2.79508e-08
-48,1,-1,2.36004e-07,2.83705e-08
-47,1,-1,2.45091e-07,2.87908e-08
-46,1,-1,2.54177e-07,2.92117e-08
-45,1,-1,2.63262e-07,2.96331e-08
-44,1,-1,2.72348e-07,3.00551e-08
-43,1,-1,2.81433e-07,3.04777e-08
-42,1,-1,2.7341e-07,3.03845e-08
-41,1,-1,2.48676e-07,2.97865e-08
-40,1,-1,2.23935e-07,2.91874e-08
-39,1,-1,1.99188e-07,2.85871e-08
-38,1,-1,1.74433e-07,2.79856e-08
-37,1,-1,1.49672e-07,2.7383e-08
-36,1,-1,1.24904e-07,2.67792e-08
-35,1,-1,1.00129e-07,2.61742e-08
-34,1,-1,7.53479e-08,2.55681e-08
-33,1,-1,5.05595e-08,2.49609e-08
-32,1,-1,2.57643e-08,2.43524e-08
-31,1,-1,9.62245e-10,2.37428e-08
-30,1,-1,-2.38466e-08,2.31321e-08
-29,1,-1,-4.86622e-08,2.25202e-08
-28,1,-1,-7.34847e-08,2.19071e-08
-27,1,-1,-9.8314e-08,2.12929e-08
-26,1,-1,-1.2315e-07,2.06775e-08
-25,1,-1,-1.47993e-07,2.00609e-08
-24,1,-1,-1.72843e-07,1.94432e-08
-23,1,-1,-1.97699e-07,1.88244e-08
-22,1,-1,-2.22562e-07,1.82043e-08
-21,1,-1,-2.47433e-07,1.75831e-08
-20,1,-1,-2.7231e-07,1.69607e-08
-19,1,-1,-2.97193e-07,1.63372e-08
-18,1,-1,-3.22084e-07,1.57125e-08
-17,1,-1,-3.46981e-07,1.50867e-08
-16,1,-1,-3.71885e-07,1.44596e-08
-15,1,-1,-3.96796e-07,1.38315e-08
-14,1,-1,-4.13962e-07,1.3402e-08
-13,1,-1,-3.92908e-07,1.39583e-08
-12,1,-1,-3.71844e-07,1.45162e-08
-11,1,-1,-3.50771e-07,1.50757e-08
-10,1,-1,-3.29687e-07,1.56368e-08
-9,1,-1,-3.08594e-07,1.61995e-08
-8,1,-1,-2.8749e-07,1.67638e-08
-7,1,-1,-2.66377e-07,1.73297e-08
-6,1,-1,-2.45253e-07,1.78971e-08
-5,1,-1,-2.2412e-07,1.84662e-08
-4,1,-1,-2.02977e-07,1.90369e-08
-3,1,-1,-1.81824e-07,1.96091e-08
-2,1,-1,-1.60661e-07,2.0183e-08
-1,1,-1,-1.39488e-07,2.07584e-08
0,1,-1,-1.18305e-07,2.13354e-08
1,1,-1,-9.6979e-08,2.19116e-08
2,1,-1,-7.56502e-08,2.24894e-08
3,1,-1,-5.43187e-08,2.30687e-08
4,1,-1,-3.29847e-08,2.36496e-08
5,1,-1,-1.16481e-08,2.42321e-08
6,1,-1,9.69117e-09,2.48162e-08
7,1,-1,3.1033e-08,2.54018e-08
8,1,-1,5.23774e-08,2.5989e-08
9,1,-1,7.37245e-08,2.65778e-08
10,1,-1,9.50741e-08,2.71682e-08
11,1,-1,1.16426e-07,2.77602e-08
12,1,-1,1.37781e-07,2.83537e-08
13,1,-1,1.59139e-07,2.89488e-08
14,1,-1,1.80499e-07,2.95455e-08
15,1,-1,1.6308e-07,2.91552e-08
16,1,-1,1.37824e-07,2.85645e-08
17,1,-1,1.12567e-07,2.7973e-08
18,1,-1,8.73096e-08,2.73806e-08
19,1,-1,6.20508e-08,2.67874e-08
20,1,-1,3.6791e-08,2.61933e-08
21,1,-1,1.15302e-08,2.55984e-08
22,1,-1,-1.37316e-08,2.50026e-08
23,1,-1,-3.89944e-08,2.4406e-08
24,1,-1,-6.42582e-08,2.38085e-08
25,1,-1,-8.9523e-08,2.32103e-08
26,1,-1,-1.14789e-07,2.26111e-08
27,1,-1,-1.40056e-07,2.20111e-08
28,1,-1,-1.65323e-07,2.14103e-08
29,1,-1,-1.90592e-07,2.08086e-08
30,1,-1,-2.15862e-07,2.02061e-08
31,1,-1,-2.41132e-07,1.96027e-08
32,1,-1,-2.66404e-07,1.89985e-08
33,1,-1,-2.91677e-07,1.83935e-08
34,1,-1,-3.1695e-07,1.77876e-08
35,1,-1,-3.42225e-07,1.71808e-08
36,1,-1,-3.67501e-07,1.65732e-08
37,1,-1,-3.92777e-07,1.59648e-08
38,1,-1,-4.18055e-07,1.53555e-08
39,1,-1,-4.43334e-07,1.47454e-08
40,1,-1,-4.68613e-07,1.41344e-08
41,1,-1,-4.93894e-07,1.35226e-08
42,1,-1,-5.19175e-07,1.291e-08
43,1,-1,-5.24263e-07,1.28736e-08
44,1,-1,-5.08805e-07,1.34248e-08
45,1,-1,-4.93347e-07,1.39765e-08
46,1,-1,-4.77889e-07,1.45289e-08
47,1,-1,-4.62431e-07,1.50818e-08
48,1,-1,-4.46973e-07,1.56354e-08
49,1,-1,-4.31516e-07,1.61896e-08
50,1,-1,-4.16058e-07,1.67444e-08
51,1,-1,-4.00602e-07,1.72998e-08
52,1,-1,-3.85145e-07,1.78558e-08
53,1,-1,-3.69688e-07,1.84124e-08
54,1,-1,-3.54232e-07,1.89697e-08
55,1,-1,-3.38776e-07,1.95275e-08
56,1,-1,-3.2332e-07,2.0086e-08
57,1,-1,-3.07864e-07,2.0645e-08
58,1,-1,-2.92409e-07,2.12047e-08
59,1,-1,-2.76954e-07,2.1765e-08
60,1,-1,-2.61498e-07,2.23259e-08
61,1,-1,-2.46044e-07,2.28874e-08
62,1,-1,-2.30589e-07,2.34495e-08
63,1,-1,-2.15135e-07,2.40122e-08
64,1,-1,-1.99681e-07,2.45756e-08
65,1,-1,-1.84227e-07,2.51395e-08
66,1,-1,-1.68773e-07,2.5704e-08
67,1,-1,-1.53319e-07,2.62692e-08
68,1,-1,-1.37866e-07,2.6835e-08
69,1,-1,-1.22413e-07,2.74014e-08
70,1,-1,-1.0696e-07,2.79683e-08
71,1,-1,-9.49036e-08,2.83823e-08
72,1,-1,-1.00747e-07,2.79866e-08
73,1,-1,-1.0659e-07,2.75903e-08
74,1,-1,-1.12431e-07,2.71934e-08
75,1,-1,-1.18272e-07,2.67958e-08
76,1,-1,-1.24112e-07,2.63977e-08
77,1,-1,-1.29952e-07,2.59989e-08
78,1,-1,-1.3579e-07,2.55995e-08
79,1,-1,-1.41628e-07,2.51994e-08
80,1,-1,-1.47465e-07,2.47988e-08
81,1,-1,-1.53301e-07,2.43975e-08
82,1,-1,-1.59136e-07,2.39957e-08
83,1,-1,-1.6497e-07,2.35932e-08
84,1,-1,-1.70804e-07,2.31901e-08
85,1,-1,-1.76637e-07,2.27864e-08
86,1,-1,-1.82469e-07,2.2382e-08
87,1,-1,-1.883e-07,2.19771e-08
88,1,-1,-1.9413e-07,2.15715e-08
89,1,-1,-1.99959e-07,2.11653e-08
90,1,-1,-2.05788e-07,2.07585e-08
91,1,-1,-2.11616e-07,2.03511e-08
92,1,-1,-2.17443e-07,1.9943e-08
93,1,-1,-2.23269e-07,1.95344e-08
94,1,-1,-2.29094e-07,1.91251e-08
95,1,-1,-2.34919e-07,1.87152e-08
96,1,-1,-2.40742e-07,1.83047e-08
97,1,-1,-2.46565e-07,1.78936e-08
98,1,-1,-2.52387e-07,1.74818e-08
99,1,-1,-2.58208e-07,1.70695e-08
