R,v,vx,vy,vz
-100,0.962777,-0.962746,0.000394574,-0.00774376
-99,0.961708,-0.961676,0.000400166,-0.00788021
-98,0.958794,-0.958759,0.000425678,-0.0082613
-97,0.95588,-0.955841,0.000450478,-0.00863261
-96,0.952967,-0.952924,0.000474565,-0.00899414
-95,0.950053,-0.950007,0.00049794,-0.00934589
-94,0.947139,-0.947089,0.000520603,-0.00968786
-93,0.944225,-0.944172,0.000542553,-0.0100201
-92,0.941311,-0.941254,0.000563791,-0.0103425
-91,0.938398,-0.938337,0.000584317,-0.0106551
-90,0.935484,-0.935419,0.000604131,-0.010958
-89,0.93257,-0.932502,0.000623232,-0.011251
-88,0.929656,-0.929584,0.000641622,-0.0115343
-87,0.926742,-0.926667,0.0006593,-0.0118078
-86,0.923828,-0.923749,0.000676265,-0.0120716
-85,0.920914,-0.920832,0.000692519,-0.0123255
-84,0.918,-0.917914,0.000708061,-0.0125697
-83,0.915086,-0.914996,0.000722892,-0.0128041
-82,0.912172,-0.912079,0.000737011,-0.0130287
-81,0.909258,-0.909161,0.000750418,-0.0132436
-80,0.906344,-0.906243,0.000763113,-0.0134487
-79,0.903429,-0.903326,0.000775097,-0.0136439
-78,0.900515,-0.900408,0.00078637,-0.0138294
-77,0.8976,-0.89749,0.000796931,-0.0140052
-76,0.894685,-0.894572,0.000806781,-0.0141711
-75,0.89177,-0.891655,0.00081592,-0.0143273
-74,0.888855,-0.888737,0.000824347,-0.0144737
-73,0.88594,-0.885819,0.000832063,-0.0146103
-72,0.883025,-0.882901,0.000839068,-0.0147372
-71,0.880109,-0.879983,0.000845362,-0.0148542
-70,0.880485,-0.880336,0.00093732,-0.0161364
-69,0.881474,-0.881298,0.0010421,-0.0175906
-68,0.882464,-0.882259,0.00114342,-0.0189954
-67,0.883455,-0.88322,0.00124128,-0.0203508
-66,0.884448,-0.884181,0.0013357,-0.0216568
-65,0.885441,-0.885143,0.00142665,-0.0229133
-64,0.886434,-0.886104,0.00151415,-0.0241205
-63,0.887427,-0.887066,0.0015982,-0.0252782
-62,0.888421,-0.888027,0.00167879,-0.0263865
-61,0.889414,-0.888988,0.00175593,-0.0274453
-60,0.890407,-0.88995,0.00182962,-0.0284548
-59,0.891399,-0.890911,0.00189985,-0.0294148
-58,0.892391,-0.891873,0.00196662,-0.0303254
-57,0.893381,-0.892835,0.00202994,-0.0311866
-56,0.894371,-0.893796,0.00208981,-0.0319983
-55,0.89536,-0.894758,0.00214622,-0.0327607
-54,0.896347,-0.895719,0.00219918,-0.0334736
-53,0.897333,-0.896681,0.00224869,-0.0341371
-52,0.898318,-0.897643,0.00229474,-0.0347511
-51,0.899301,-0.898605,0.00233734,-0.0353158
-50,0.900283,-0.899566,0.00237648,-0.035831
-49,0.901262,-0.900528,0.00241217,-0.0362968
-48,0.90224,-0.90149,0.00244441,-0.0367131
-47,0.903217,-0.902452,0.00247319,-0.0370801
-46,0.904191,-0.903414,0.00249852,-0.0373976
-45,0.905163,-0.904375,0.0025204,-0.0376657
-44,0.906133,-0.905337,0.00253882,-0.0378844
-43,0.907101,-0.906299,0.00255379,-0.0380536
-42,0.896914,-0.896121,0.00251647,-0.0376042
-41,0.875834,-0.875066,0.00243137,-0.0365985
-40,0.854756,-0.854011,0.00234731,-0.0356086
-39,0.833679,-0.832956,0.00226428,-0.0346346
-38,0.812603,-0.811902,0.00218229,-0.0336764
-37,0.791528,-0.790848,0.00210134,-0.032734
-36,0.770454,-0.769795,0.00202143,-0.0318075
-35,0.749381,-0.748742,0.00194256,-0.0308967
-34,0.728309,-0.727689,0.00186473,-0.0300018
-33,0.707239,-0.706637,0.00178795,-0.0291226
-32,0.686169,-0.685585,0.00171222,-0.0282592
-31,0.6651,-0.664533,0.00163753,-0.0274116
-30,0.644033,-0.643482,0.0015639,-0.0265798
-29,0.622966,-0.622431,0.00149133,-0.0257637
-28,0.442377,-0.441217,0.00170067,-0.03197
-27,0.399879,-0.398616,0.00164715,-0.0317175
-26,0.357407,-0.356023,0.00158973,-0.031383
-25,0.314967,-0.313437,0.00152842,-0.0309665
-24,0.272571,-0.270859,0.00146322,-0.0304679
-23,0.230241,-0.228288,0.00139413,-0.0298874
-22,0.188015,-0.185725,0.00132115,-0.0292248
-21,0.151885,-0.149169,0.00116934,-0.02857
-20,0.133266,-0.130222,0.000803051,-0.028307
-19,0.114644,-0.111097,0.000450088,-0.0282943
-18,0.0961249,-0.0917929,0.000110465,-0.0285314
-17,0.0779155,-0.07231,-0.000215798,-0.0290179
-16,0.0604764,-0.0526484,-0.000528683,-0.0297533
-15,0.0449647,-0.0328081,-0.000828168,-0.030737
-14,0.0344499,-0.0127892,-0.00111424,-0.0319686
-13,0.0342864,0.00740847,-0.00138687,-0.0334477
-12,0.0448541,0.0277847,-0.00164604,-0.0351736
-11,0.0609928,0.0483396,-0.00189174,-0.037146
-10,0.0795309,0.0690731,-0.00212395,-0.0393644
-9,0.0992593,0.0899852,-0.00234264,-0.0418282
-8,0.119699,0.111076,-0.0025478,-0.044537
-7,0.138942,0.130745,-0.00270919,-0.0469405
-6,0.139892,0.132931,-0.00253302,-0.0435035
-5,0.140633,0.134775,-0.00235081,-0.0400983
-4,0.141155,0.136276,-0.0021626,-0.0367256
-3,0.141446,0.137435,-0.00196839,-0.0333858
-2,0.141497,0.138251,-0.00176821,-0.0300793
-1,0.1413,0.138725,-0.00156208,-0.0268068
0,0.140848,0.138855,-0.00135001,-0.0235686
1,0.14014,0.138643,-0.00113622,-0.0203928
2,0.139164,0.138089,-0.00092808,-0.0172435
3,0.137918,0.137192,-0.000725606,-0.014121
4,0.136399,0.135952,-0.000528795,-0.0110251
5,0.134605,0.134369,-0.000337647,-0.00795595
6,0.132536,0.132444,-0.00015216,-0.00491343
7,0.13019,0.130177,2.76639e-05,-0.00189758
8,0.109207,0.109175,6.00517e-05,-0.0026775
9,0.0867257,0.0866368,7.82385e-05,-0.00392435
10,0.0644908,0.0642729,9.54307e-05,-0.00529638
11,0.0426277,0.0420828,0.000111628,-0.00679362
12,0.0217603,0.0200665,0.000126831,-0.00841604
13,0.0103186,-0.00177603,0.00014104,-0.0101637
14,0.0263544,-0.0234447,0.000154254,-0.0120365
15,0.0470803,-0.0449396,0.000166473,-0.0140345
16,0.0682024,-0.0662606,0.000177698,-0.0161577
17,0.089325,-0.0874078,0.000187928,-0.0184061
18,0.110355,-0.108381,0.000197164,-0.0207797
19,0.131262,-0.129181,0.000205405,-0.0232785
20,0.15203,-0.149807,0.000212651,-0.0259024
21,0.172653,-0.170259,0.000218903,-0.0286516
22,0.208855,-0.206714,0.000222592,-0.0298266
23,0.250452,-0.248603,0.00022538,-0.0303753
24,0.292127,-0.290494,0.000227884,-0.0308449
25,0.33385,-0.332386,0.000230106,-0.0312354
26,0.375606,-0.374279,0.000232045,-0.0315468
27,0.417385,-0.416173,0.000233702,-0.0317792
28,0.45918,-0.458069,0.000235075,-0.0319324
29,0.632821,-0.632372,0.000253093,-0.0238324
30,0.65412,-0.653648,0.000250711,-0.024856
31,0.675421,-0.674925,0.00024825,-0.0258908
32,0.696723,-0.696202,0.000245711,-0.0269368
33,0.718026,-0.71748,0.000243093,-0.0279939
34,0.739331,-0.738759,0.000240396,-0.0290622
35,0.760637,-0.760039,0.000237621,-0.0301416
36,0.781944,-0.78132,0.000234767,-0.0312322
37,0.803252,-0.802601,0.000231834,-0.0323339
38,0.824562,-0.823883,0.000228823,-0.0334468
39,0.845873,-0.845166,0.000225733,-0.0345709
40,0.867185,-0.86645,0.000222565,-0.0357061
41,0.888499,-0.887734,0.000219318,-0.0368525
42,0.909814,-0.90902,0.000215992,-0.03801
43,0.919815,-0.919008,0.000213963,-0.0385177
44,0.918301,-0.917501,0.000213291,-0.0383187
45,0.916786,-0.915995,0.000212592,-0.0380703
46,0.915269,-0.914489,0.000211865,-0.0377723
47,0.91375,-0.912983,0.00021111,-0.0374247
48,0.912229,-0.911478,0.000210328,-0.0370277
49,0.910707,-0.909972,0.000209518,-0.0365812
50,0.909183,-0.908467,0.00020868,-0.0360851
51,0.907657,-0.906961,0.000207814,-0.0355396
52,0.90613,-0.905456,0.000206921,-0.0349445
53,0.904601,-0.903951,0.000206,-0.0342999
54,0.903072,-0.902446,0.000205052,-0.0336058
55,0.90154,-0.900941,0.000204076,-0.0328622
56,0.900008,-0.899437,0.000203072,-0.0320691
57,0.898475,-0.897932,0.00020204,-0.0312265
58,0.896941,-0.896428,0.000200981,-0.0303343
59,0.895406,-0.894924,0.000199894,-0.0293927
60,0.893871,-0.89342,0.000198779,-0.0284015
61,0.892335,-0.891916,0.000197636,-0.0273608
62,0.890799,-0.890412,0.000196466,-0.0262707
63,0.889263,-0.888908,0.000195268,-0.025131
64,0.887728,-0.887405,0.000194043,-0.0239418
65,0.886192,-0.885901,0.00019279,-0.022703
66,0.884657,-0.884398,0.000191509,-0.0214148
67,0.883123,-0.882895,0.0001902,-0.0200771
68,0.88159,-0.881392,0.000188864,-0.0186898
69,0.880058,-0.879889,0.0001875,-0.0172531
70,0.878528,-0.878387,0.000186108,-0.0157668
71,0.877734,-0.877615,0.000184537,-0.0144632
72,0.880814,-0.880697,0.000182142,-0.014358
73,0.883893,-0.883778,0.000179734,-0.0142443
74,0.886972,-0.88686,0.000177312,-0.0141221
75,0.890052,-0.889942,0.000174877,-0.0139913
76,0.893131,-0.893023,0.000172428,-0.0138521
77,0.89621,-0.896105,0.000169966,-0.0137044
78,0.899289,-0.899187,0.00016749,-0.0135481
79,0.902368,-0.902268,0.000165,-0.0133834
80,0.905447,-0.90535,0.000162497,-0.0132102
81,0.908525,-0.908432,0.00015998,-0.0130285
82,0.911604,-0.911514,0.000157449,-0.0128383
83,0.914683,-0.914595,0.000154905,-0.0126395
84,0.917761,-0.917677,0.000152347,-0.0124323
85,0.92084,-0.920759,0.000149776,-0.0122166
86,0.923918,-0.923841,0.000147191,-0.0119924
87,0.926997,-0.926922,0.000144592,-0.0117597
88,0.930075,-0.930004,0.00014198,-0.0115184
89,0.933154,-0.933086,0.000139354,-0.0112687
90,0.936232,-0.936168,0.000136715,-0.0110105
91,0.939311,-0.939249,0.000134062,-0.0107438
92,0.942389,-0.942331,0.000131395,-0.0104686
93,0.945468,-0.945413,0.000128715,-0.0101849
94,0.948546,-0.948495,0.000126021,-0.00989266
95,0.951625,-0.951577,0.000123313,-0.00959195
96,0.954704,-0.954659,0.000120592,-0.00928274
97,0.957782,-0.95774,0.000117857,-0.00896503
98,0.960861,-0.960822,0.000115109,-0.00863882
99,0.96394,-0.963904,0.000112347,-0.00830411
