R,v,vx,vy,vz
-100,1,-1,7.47078e-07,9.62662e-08
-99,1,-1,7.56604e-07,9.67236e-08
-98,1,-1,7.61115e-07,9.69382e-08
-97,1,-1,7.65627e-07,9.7153e-08
-96,1,-1,7.7014e-07,9.73678e-08
-95,1,-1,7.74654e-07,9.75828e-08
-94,1,-1,7.79168e-07,9.77979e-08
-93,1,-1,7.83684e-07,9.80131e-08
-92,1,-1,7.882e-07,9.82283e-08
-91,1,-1,7.92718e-07,9.84437e-08
-90,1,-1,7.97236e-07,9.86592e-08
-89,1,-1,8.01755e-07,9.88748e-08
-88,1,-1,8.06275e-07,9.90905e-08
-87,1,-1,8.10796e-07,9.93063e-08
-86,1,-1,8.15317e-07,9.95222e-08
-85,1,-1,8.1984e-07,9.97382e-08
-84,1,-1,8.24363e-07,9.99544e-08
-83,1,-1,8.28888e-07,1.00171e-07
-82,1,-1,8.33413e-07,1.00387e-07
-81,1,-1,8.37939e-07,1.00603e-07
-80,1,-1,8.42466e-07,1.0082e-07
-79,1,-1,8.46994e-07,1.01037e-07
-78,1,-1,8.51523e-07,1.01253e-07
-77,1,-1,8.56053e-07,1.0147e-07
-76,1,-1,8.60583e-07,1.01687e-07
-75,1,-1,8.65115e-07,1.01904e-07
-74,1,-1,8.69647e-07,1.02121e-07
-73,1,-1,8.7418e-07,1.02339e-07
-72,1,-1,8.78715e-07,1.02556e-07
-71,1,-1,8.8325e-07,1.02774e-07
-70,1,-1,8.83585e-07,1.03218e-07
-69,1,-1,8.83136e-07,1.03705e-07
-68,1,-1,8.82681e-07,1.04193e-07
-67,1,-1,8.82222e-07,1.0468e-07
-66,1,-1,8.81758e-07,1.05168e-07
-65,1,-1,8.81289e-07,1.05656e-07
-64,1,-1,8.80816e-07,1.06144e-07
-63,1,-1,8.80337e-07,1.06632e-07
-62,1,-1,8.79854e-07,1.07121e-07
-61,1,-1,8.79366e-07,1.0761e-07
-60,1,-1,8.78873e-07,1.08099e-07
-59,1,-1,8.78375e-07,1.08588e-07
-58,1,-1,8.77873e-07,1.09077e-07
-57,1,-1,8.77366e-07,1.09567e-07
-56,1,-1,8.76853e-07,1.10057e-07
-55,1,-1,8.76336e-07,1.10547e-07
-54,1,-1,8.75815e-07,1.11037e-07
-53,1,-1,8.75288e-07,1.11528e-07
-52,1,-1,8.74757e-07,1.12019e-07
-51,1,-1,8.74221e-07,1.1251e-07
-50,1,-1,8.73679e-07,1.13001e-07
-49,1,-1,8.73134e-07,1.13492e-07
-48,1,-1,8.72583e-07,1.13984e-07
-47,1,-1,8.72028e-07,1.14475e-07
-46,1,-1,8.71467e-07,1.14967e-07
-45,1,-1,8.70902e-07,1.1546e-07
-44,1,-1,8.70332e-07,1.15952e-07
-43,1,-1,8.69758e-07,1.16445e-07
-42,1,-1,8.60567e-07,1.16762e-07
-41,1,-1,8.4296e-07,1.16907e-07
-40,1,-1,8.25346e-07,1.17052e-07
-39,1,-1,8.07726e-07,1.17197e-07
-38,1,-1,7.90097e-07,1.17342e-07
-37,1,-1,7.72462e-07,1.17487e-07
-36,1,-1,7.5482e-07,1.17632e-07
-35,1,-1,7.3717e-07,1.17778e-07
-34,1,-1,7.19513e-07,1.17923e-07
-33,1,-1,7.01849e-07,1.18068e-07
-32,1,-1,6.84178e-07,1.18213e-07
-31,1,-1,6.665e-07,1.18359e-07
-30,1,-1,6.48814e-07,1.18504e-07
-29,1,-1,6.31122e-07,1.18649e-07
-28,1,-1,6.13422e-07,1.18795e-07
-27,1,-1,5.95715e-07,1.1894e-07
-26,1,-1,5.78001e-07,1.19086e-07
-25,1,-1,5.60279e-07,1.19231e-07
-24,1,-1,5.42551e-07,1.19377e-07
-23,1,-1,5.24815e-07,1.19522e-07
-22,1,-1,5.07072e-07,1.19668e-07
-21,1,-1,4.89322e-07,1.19813e-07
-20,1,-1,4.71564e-07,1.19959e-07
-19,1,-1,4.538e-07,1.20104e-07
-18,1,-1,4.36028e-07,1.2025e-07
-17,1,-1,4.18249e-07,1.20396e-07
-16,1,-1,4.00463e-07,1.20542e-07
-15,1,-1,3.8267e-07,1.20687e-07
-14,1,-1,3.65025e-07,1.20908e-07
-13,1,-1,3.48145e-07,1.21496e-07
-12,1,-1,3.31262e-07,1.22087e-07
-11,1,-1,3.14377e-07,1.22679e-07
-10,1,-1,2.97491e-07,1.23273e-07
-9,1,-1,2.80602e-07,1.23868e-07
-8,1,-1,2.63711e-07,1.24465e-07
-7,1,-1,2.46819e-07,1.25064e-07
-6,1,-1,2.29924e-07,1.25664e-07
-5,1,-1,2.13027e-07,1.26266e-07
-4,1,-1,1.96129e-07,1.2687e-07
-3,1,-1,1.79228e-07,1.27475e-07
-2,1,-1,1.62325e-07,1.28082e-07
-1,1,-1,1.4542e-07,1.2869e-07
0,1,-1,1.28514e-07,1.293e-07
1,1,-1,1.12194e-07,1.29911e-07
2,1,-1,9.58759e-08,1.30524e-07
3,1,-1,7.95592e-08,1.31138e-07
4,1,-1,6.32439e-08,1.31754e-07
5,1,-1,4.693e-08,1.32371e-07
6,1,-1,3.06176e-08,1.3299e-07
7,1,-1,1.43066e-08,1.33611e-07
8,1,-1,-2.00297e-09,1.34233e-07
9,1,-1,-1.83111e-08,1.34857e-07
10,1,-1,-3.46178e-08,1.35482e-07
11,1,-1,-5.0923e-08,1.36109e-07
12,1,-1,-6.72269e-08,1.36737e-07
13,1,-1,-8.35292e-08,1.37367e-07
14,1,-1,-9.98302e-08,1.37998e-07
15,1,-1,-9.71873e-08,1.38228e-07
16,1,-1,-9.07173e-08,1.38375e-07
17,1,-1,-8.42484e-08,1.3852e-07
18,1,-1,-7.77804e-08,1.38663e-07
19,1,-1,-7.13133e-08,1.38805e-07
20,1,-1,-6.48473e-08,1.38946e-07
21,1,-1,-5.83822e-08,1.39085e-07
22,1,-1,-5.19182e-08,1.39223e-07
23,1,-1,-4.54551e-08,1.39359e-07
24,1,-1,-3.8993e-08,1.39493e-07
25,1,-1,-3.25318e-08,1.39627e-07
26,1,-1,-2.60717e-08,1.39758e-07
27,1,-1,-1.96125e-08,1.39888e-07
28,1,-1,-1.31543e-08,1.40017e-07
29,1,-1,-6.69705e-09,1.40144e-07
30,1,-1,-2.40813e-10,1.4027e-07
31,1,-1,6.21445e-09,1.40394e-07
32,1,-1,1.26687e-08,1.40517e-07
33,1,-1,1.9122e-08,1.40638e-07
34,1,-1,2.55744e-08,1.40758e-07
35,1,-1,3.20257e-08,1.40876e-07
36,1,-1,3.84761e-08,1.40992e-07
37,1,-1,4.49254e-08,1.41108e-07
38,1,-1,5.13738e-08,1.41221e-07
39,1,-1,5.78213e-08,1.41333e-07
40,1,-1,6.42677e-08,1.41444e-07
41,1,-1,7.07132e-08,1.41553e-07
42,1,-1,7.71577e-08,1.41661e-07
43,1,-1,8.44764e-08,1.42076e-07
44,1,-1,9.26863e-08,1.42806e-07
45,1,-1,1.00897e-07,1.43536e-07
46,1,-1,1.09109e-07,1.44265e-07
47,1,-1,1.17322e-07,1.44995e-07
48,1,-1,1.25536e-07,1.45725e-07
49,1,-1,1.33751e-07,1.46455e-07
50,1,-1,1.41967e-07,1.47185e-07
51,1,-1,1.50184e-07,1.47915e-07
52,1,-1,1.58403e-07,1.48645e-07
53,1,-1,1.66622e-07,1.49375e-07
54,1,-1,1.74842e-07,1.50105e-07
55,1,-1,1.83063e-07,1.50835e-07
56,1,-1,1.91286e-07,1.51565e-07
57,1,-1,1.99509e-07,1.52296e-07
58,1,-1,2.07734e-07,1.53026e-07
59,1,-1,2.15959e-07,1.53756e-07
60,1,-1,2.24186e-07,1.54487e-07
61,1,-1,2.32413e-07,1.55217e-07
62,1,-1,2.40642e-07,1.55948e-07
63,1,-1,2.48872e-07,1.56679e-07
64,1,-1,2.57102e-07,1.57409e-07
65,1,-1,2.65334e-07,1.5814e-07
66,1,-1,2.73567e-07,1.58871e-07
67,1,-1,2.81801e-07,1.59602e-07
68,1,-1,2.90036e-07,1.60333e-07
69,1,-1,2.98272e-07,1.61064e-07
70,1,-1,3.06509e-07,1.61795e-07
71,1,-1,3.14363e-07,1.62445e-07
72,1,-1,3.20195e-07,1.62665e-07
73,1,-1,3.26028e-07,1.62883e-07
74,1,-1,3.31863e-07,1.631e-07
75,1,-1,3.37699e-07,1.63315e-07
76,1,-1,3.43537e-07,1.63529e-07
77,1,-1,3.49377e-07,1.6374e-07
78,1,-1,3.55218e-07,1.63951e-07
79,1,-1,3.6106e-07,1.64159e-07
80,1,-1,3.66904e-07,1.64366e-07
81,1,-1,3.7275e-07,1.64571e-07
82,1,-1,3.78597e-07,1.64775e-07
83,1,-1,3.84445e-07,1.64977e-07
84,1,-1,3.90295e-07,1.65177e-07
85,1,-1,3.96147e-07,1.65376e-07
86,1,-1,4.02e-07,1.65573e-07
87,1,-1,4.07854e-07,1.65769e-07
88,1,-1,4.1371e-07,1.65962e-07
89,1,-1,4.19568e-07,1.66154e-07
90,1,-1,4.25427e-07,1.66345e-07
91,1,-1,4.31288e-07,1.66534e-07
92,1,-1,4.3715e-07,1.66721e-07
93,1,-1,4.43013e-07,1.66907e-07
94,1,-1,4.48878e-07,1.6709e-07
95,1,-1,4.54745e-07,1.67273e-07
96,1,-1,4.60613e-07,1.67453e-07
97,1,-1,4.66483e-07,1.67632e-07
98,1,-1,4.72354e-07,1.6781e-07
99,1,-1,4.78227e-07,1.67985e-07
