R,v,vx,vy,vz
-100,1.09779,-1.05332,0.0175673,0.30878
-99,1.10861,-1.05931,0.0232214,0.326082
-98,1.11963,-1.06539,0.0292528,0.34303
-97,1.12637,-1.06932,0.0320645,0.352471
-96,1.12716,-1.07032,0.0303243,0.3521
-95,1.12863,-1.07174,0.0293143,0.352589
-94,1.13079,-1.07357,0.0290297,0.353938
-93,1.13283,-1.07908,0.0235113,0.34402
-92,1.13546,-1.08534,0.0176915,0.333173
-91,1.13875,-1.09184,0.0124724,0.323255
-90,1.14195,-1.09831,0.00719851,0.31261
-89,1.14386,-1.10409,0.000844564,0.299011
-88,1.14579,-1.1096,-0.00539626,0.285664
-87,1.14774,-1.11484,-0.0115254,0.272571
-86,1.1484,-1.11844,-0.0171849,0.260019
-85,1.14865,-1.12133,-0.0227298,0.247995
-84,1.14883,-1.12388,-0.0282725,0.236442
-83,1.14875,-1.12569,-0.0331346,0.226585
-82,1.1478,-1.12573,-0.0358461,0.22109
-81,1.1464,-1.12519,-0.0385476,0.216105
-80,1.14456,-1.12407,-0.0412394,0.211631
-79,1.14052,-1.12,-0.0428802,0.211056
-78,1.13533,-1.11444,-0.043987,0.212295
-77,1.12978,-1.10845,-0.044992,0.213862
-76,1.1239,-1.10207,-0.0453728,0.215705
-75,1.11791,-1.09575,-0.042796,0.217297
-74,1.11189,-1.08943,-0.0400131,0.218709
-73,1.10584,-1.08312,-0.0370185,0.219941
-72,1.10229,-1.07982,-0.0331331,0.218974
-71,1.10107,-1.07927,-0.0282162,0.216187
-70,1.10024,-1.07923,-0.0229722,0.212723
-69,1.10019,-1.07996,-0.0173398,0.209299
-68,1.10574,-1.08469,-0.0112337,0.214413
-67,1.11169,-1.08995,-0.00581192,0.218722
-66,1.11801,-1.0957,-0.00107467,0.222221
-65,1.12239,-1.09805,0.00307908,0.232463
-64,1.12533,-1.09738,0.00640688,0.249146
-63,1.12889,-1.09713,0.00874963,0.265744
-62,1.13305,-1.09728,0.0101093,0.28226
-61,1.13285,-1.09139,0.00842369,0.303574
-60,1.13346,-1.08571,0.00618878,0.325458
-59,1.13493,-1.0803,0.0034341,0.347857
-58,1.13563,-1.07491,0.00104852,0.366351
-57,1.1346,-1.06909,-0.000364457,0.379945
-56,1.13374,-1.06301,-0.00176064,0.394175
-55,1.13307,-1.05665,-0.00314009,0.409043
-54,1.133,-1.0537,-0.00386154,0.416421
-53,1.13282,-1.05075,-0.00444926,0.423298
-52,1.13245,-1.04741,-0.00496823,0.430535
-51,1.13309,-1.04574,-0.00581097,0.436231
-50,1.13574,-1.04758,-0.00727562,0.438653
-49,1.1384,-1.04946,-0.00866334,0.441048
-48,1.1411,-1.05138,-0.00997209,0.443423
-47,1.14253,-1.05456,-0.0102059,0.43951
-46,1.1442,-1.05844,-0.0101709,0.434517
-45,1.14648,-1.06279,-0.0100871,0.429861
-44,1.14712,-1.06571,-0.00795214,0.424381
-43,1.14243,-1.06376,-4.58306e-05,0.416613
-42,1.13675,-1.06031,0.00905547,0.409711
-41,1.13096,-1.05645,0.0180374,0.403316
-40,1.11494,-1.04243,0.0286778,0.394469
-39,1.09558,-1.02474,0.0395644,0.385546
-38,1.07662,-1.00696,0.0500119,0.37769
-37,1.05565,-0.98682,0.0604424,0.370031
-36,1.02537,-0.957337,0.0721363,0.360106
-35,0.996154,-0.928241,0.0832731,0.351792
-34,0.96802,-0.899538,0.0938551,0.345089
-33,0.932859,-0.865703,0.103514,0.331766
-32,0.894614,-0.829491,0.112542,0.315616
-31,0.857685,-0.79392,0.121172,0.301052
-30,0.821078,-0.75893,0.129112,0.285524
-29,0.777625,-0.72395,0.134372,0.25008
-28,0.735587,-0.689411,0.139581,0.215215
-27,0.695065,-0.655309,0.144756,0.180918
-26,0.658267,-0.62731,0.14762,0.134186
-25,0.626146,-0.603224,0.149374,0.0766008
-24,0.598357,-0.578465,0.151971,0.0177134
-23,0.576374,-0.553449,0.155267,-0.0423363
-22,0.573919,-0.544108,0.153652,-0.0985952
-21,0.576201,-0.532496,0.15411,-0.15718
-20,0.583993,-0.518611,0.156645,-0.218065
-19,0.588143,-0.505576,0.154974,-0.257464
-18,0.58258,-0.493876,0.14797,-0.271278
-17,0.575878,-0.480236,0.142167,-0.284249
-16,0.568039,-0.464655,0.137572,-0.296375
-15,0.577956,-0.481426,0.12901,-0.292606
-14,0.594582,-0.505938,0.117059,-0.289571
-13,0.6243,-0.53927,0.10108,-0.29786
-12,0.663377,-0.557407,0.0746886,-0.351835
-11,0.747399,-0.569023,0.0270233,-0.483826
-10,0.89346,-0.615695,-0.0273227,-0.646872
-9,1.09602,-0.697392,-0.0883347,-0.8409
-8,1.92971,-1.25324,-0.253811,-1.44525
-7,2.86072,-1.88388,-0.435977,-2.10823
-6,3.7851,-2.5124,-0.617725,-2.76283
-5,4.72879,-3.20418,-0.775862,-3.39009
-4,5.69725,-4.01214,-0.878937,-3.94828
-3,6.61591,-4.77977,-0.975721,-4.46901
-2,7.48268,-5.50709,-1.06632,-4.95231
-1,7.02515,-5.29858,-0.932613,-4.51752
0,6.30452,-4.89565,-0.756931,-3.89957
1,5.72146,-4.57913,-0.605362,-3.37643
2,5.14076,-4.26372,-0.472901,-2.83275
3,4.10647,-3.64015,-0.308067,-1.8755
4,3.03919,-2.92647,-0.113583,-0.812149
5,2.15537,-2.12267,0.110552,0.357311
6,1.93374,-1.81937,0.157459,0.635963
7,1.84877,-1.78749,0.109972,0.459082
8,1.79501,-1.77501,0.0568379,0.261031
9,1.76696,-1.76503,0.00754139,0.0821495
10,1.66259,-1.65723,0.0124264,0.132843
11,1.54959,-1.53844,0.0184302,0.184634
12,1.42879,-1.40868,0.0255528,0.237521
13,1.37313,-1.34795,0.0253049,0.260543
14,1.36645,-1.3408,0.019961,0.262741
15,1.33518,-1.32062,0.0125546,0.196225
16,1.31593,-1.30002,0.00985534,0.203734
17,1.29664,-1.27936,0.00741627,0.210839
18,1.27531,-1.25753,0.00557759,0.212149
19,1.24903,-1.23291,0.00501827,0.199947
20,1.22265,-1.20818,0.00500718,0.187493
21,1.19618,-1.18332,0.00554432,0.174785
22,1.16962,-1.15835,0.00662969,0.161824
23,1.143,-1.13327,0.0082633,0.148609
24,1.11632,-1.10806,0.0104451,0.135141
25,1.08754,-1.08096,0.0129642,0.118743
26,1.05101,-1.04691,0.0148689,0.091579
27,1.01492,-1.01277,0.0167439,0.0638581
28,0.979365,-0.978542,0.0185892,0.0355804
29,0.841088,-0.840625,-0.00394675,-0.0276197
30,0.762285,-0.759195,-0.00298623,-0.0684978
31,0.715461,-0.708955,-0.0103047,-0.0957157
32,0.673928,-0.662438,-0.0190089,-0.122449
33,0.634641,-0.615927,-0.0281301,-0.15037
34,0.592161,-0.563753,-0.0376023,-0.177264
35,0.542219,-0.501375,-0.0478004,-0.200846
36,0.497211,-0.439427,-0.0590541,-0.225023
37,0.458589,-0.377907,-0.0713636,-0.249794
38,0.431298,-0.329289,-0.0798915,-0.26684
39,0.410387,-0.284126,-0.0882528,-0.282668
40,0.395511,-0.239475,-0.0975837,-0.299262
41,0.388688,-0.201778,-0.105424,-0.31504
42,0.390024,-0.182492,-0.107102,-0.327635
43,0.394373,-0.164014,-0.109167,-0.341631
44,0.401051,-0.15326,-0.107961,-0.354538
45,0.428172,-0.184444,-0.112086,-0.369795
46,0.464104,-0.229533,-0.117537,-0.385866
47,0.500993,-0.273638,-0.121576,-0.401666
48,0.541604,-0.3228,-0.120996,-0.417726
49,0.597725,-0.396645,-0.105429,-0.43455
50,0.654048,-0.467192,-0.0897695,-0.448833
51,0.709394,-0.534444,-0.0740181,-0.460576
52,0.731261,-0.575795,-0.0549419,-0.44742
53,0.735804,-0.602416,-0.0351985,-0.421027
54,0.741115,-0.627263,-0.0168731,-0.394345
55,0.746105,-0.650513,-0.00104161,-0.365383
56,0.745516,-0.673912,0.0042386,-0.318775
57,0.747934,-0.696092,0.00938563,-0.273449
58,0.763595,-0.732449,0.00946999,-0.215653
59,0.766546,-0.742671,0.0161938,-0.189133
60,0.770019,-0.752307,0.0229779,-0.162591
61,0.780943,-0.766965,0.0245435,-0.14503
62,0.793651,-0.782533,0.0244671,-0.130102
63,0.806138,-0.797473,0.0241585,-0.115374
64,0.818369,-0.811788,0.0236178,-0.100846
65,0.830312,-0.825476,0.0228449,-0.0865178
66,0.841939,-0.838537,0.0218399,-0.0723895
67,0.853227,-0.850972,0.0206027,-0.058461
68,0.859431,-0.857727,0.0187708,-0.0507348
69,0.863544,-0.862177,0.0168445,-0.045557
70,0.867625,-0.866557,0.0150293,-0.0403374
71,0.881597,-0.880875,0.00857227,-0.0346384
72,0.883021,-0.88246,0.00849856,-0.0302931
73,0.884444,-0.884022,0.00843438,-0.0259961
74,0.885867,-0.88556,0.00837973,-0.0217474
75,0.887288,-0.887075,0.00833462,-0.0175471
76,0.888707,-0.888567,0.00829905,-0.0133952
77,0.890122,-0.890035,0.008273,-0.00929156
78,0.891723,-0.891668,0.00822928,-0.00551291
79,0.895619,-0.89557,0.0078544,-0.00515744
80,0.899492,-0.899448,0.00747586,-0.00481977
81,0.903341,-0.903301,0.00709367,-0.00449992
82,0.907165,-0.90713,0.00670782,-0.00419787
83,0.910965,-0.910935,0.00631831,-0.00391363
84,0.914741,-0.914715,0.00592514,-0.0036472
85,0.918493,-0.91847,0.00552832,-0.00339858
86,0.947488,-0.947479,0.00142847,-0.00395981
87,0.9473,-0.94729,0.00164749,-0.00389675
88,0.947108,-0.947099,0.00186677,-0.00382534
89,0.946914,-0.946904,0.0020863,-0.00374558
90,0.946716,-0.946706,0.00230608,-0.00365747
91,0.946515,-0.946505,0.00252611,-0.00356101
92,0.946312,-0.946301,0.0027464,-0.0034562
93,0.946105,-0.946094,0.00296694,-0.00334305
94,0.945895,-0.945884,0.00318773,-0.00322154
95,0.945682,-0.945671,0.00340877,-0.00309169
96,0.945467,-0.945455,0.00363007,-0.00295349
97,0.945248,-0.945236,0.00385161,-0.00280694
98,0.945026,-0.945014,0.00407341,-0.00265204
99,0.944801,-0.944788,0.00429547,-0.00248879
