R,v,vx,vy,vz
-100,0.92346,-0.919776,-0.00412975,-0.0823073
-99,0.92207,-0.918393,-0.00427016,-0.0821546
-98,0.920659,-0.916991,-0.00442097,-0.0819753
-97,0.919225,-0.915569,-0.00458217,-0.0817696
-96,0.91777,-0.914128,-0.00475375,-0.0815372
-95,0.916292,-0.912667,-0.00493569,-0.0812782
-94,0.885131,-0.87833,0.000550103,-0.109513
-93,0.879523,-0.872039,0.00110085,-0.11449
-92,0.873817,-0.86561,0.00163232,-0.119473
-91,0.868015,-0.859042,0.00214462,-0.124464
-90,0.862116,-0.852336,0.00263783,-0.129463
-89,0.856123,-0.845491,0.00311205,-0.13447
-88,0.850036,-0.838506,0.00356738,-0.139484
-87,0.843856,-0.831381,0.00400391,-0.144507
-86,0.839283,-0.82661,0.00364516,-0.145254
-85,0.835845,-0.823529,0.00264835,-0.142931
-84,0.832348,-0.820394,0.00154315,-0.140547
-83,0.828793,-0.817206,0.000329539,-0.138101
-82,0.825181,-0.813964,-0.000992504,-0.135594
-81,0.821513,-0.810668,-0.002423,-0.133025
-80,0.81779,-0.807318,-0.00396197,-0.130395
-79,0.814014,-0.803915,-0.00560943,-0.127703
-78,0.821299,-0.811528,-0.00287136,-0.126275
-77,0.818956,-0.809299,-0.00370362,-0.125339
-76,0.816485,-0.806936,-0.00462098,-0.124418
-75,0.813886,-0.804439,-0.00562327,-0.123515
-74,0.81038,-0.801306,-0.00873157,-0.120621
-73,0.806576,-0.79794,-0.0126219,-0.117035
-72,0.802703,-0.794489,-0.0167358,-0.11331
-71,0.798768,-0.790954,-0.021073,-0.109447
-70,0.794775,-0.787332,-0.0256335,-0.105446
-69,0.790732,-0.783625,-0.0304168,-0.101308
-68,0.786643,-0.779832,-0.0354229,-0.0970329
-67,0.782516,-0.775952,-0.0406514,-0.0926212
-66,0.775864,-0.769273,-0.0432495,-0.0911783
-65,0.768913,-0.762267,-0.0457078,-0.0899272
-64,0.76192,-0.755213,-0.0483143,-0.0885513
-63,0.754887,-0.748111,-0.0510694,-0.0870497
-62,0.747819,-0.740961,-0.0539737,-0.0854217
-61,0.740718,-0.733765,-0.0570277,-0.0836666
-60,0.733589,-0.726524,-0.0602319,-0.0817834
-59,0.726377,-0.719177,-0.0636415,-0.0797355
-58,0.717575,-0.710158,-0.0685868,-0.076714
-57,0.708761,-0.701064,-0.0735338,-0.0737857
-56,0.699938,-0.691895,-0.0784826,-0.07095
-55,0.691109,-0.682655,-0.0834333,-0.068206
-54,0.682277,-0.673344,-0.088386,-0.065553
-53,0.673445,-0.663964,-0.0933409,-0.0629902
-52,0.664617,-0.654516,-0.098298,-0.0605168
-51,0.656876,-0.645953,-0.103757,-0.0588698
-50,0.654597,-0.642095,-0.111673,-0.06116
-49,0.652286,-0.638081,-0.119456,-0.0637157
-48,0.649943,-0.63391,-0.127106,-0.0665359
-47,0.647569,-0.629584,-0.134621,-0.0696195
-46,0.645168,-0.625102,-0.142002,-0.0729654
-45,0.642739,-0.620464,-0.149247,-0.0765725
-44,0.640288,-0.615671,-0.156355,-0.0804399
-43,0.641018,-0.613781,-0.164202,-0.0849405
-42,0.649669,-0.619283,-0.174254,-0.0905187
-41,0.658629,-0.624886,-0.184528,-0.096226
-40,0.667901,-0.630588,-0.195023,-0.102062
-39,0.677485,-0.636387,-0.205738,-0.108024
-38,0.687381,-0.642279,-0.216674,-0.114114
-37,0.697589,-0.648263,-0.227829,-0.120329
-36,0.708109,-0.654336,-0.239202,-0.126669
-35,0.714925,-0.658665,-0.243368,-0.134353
-34,0.716571,-0.660393,-0.237997,-0.143921
-33,0.718559,-0.66196,-0.233456,-0.153737
-32,0.720769,-0.663349,-0.229526,-0.163688
-31,0.784096,-0.717743,-0.234248,-0.211614
-30,0.807402,-0.734978,-0.230208,-0.242301
-29,0.815745,-0.739107,-0.220139,-0.265891
-28,0.809503,-0.730559,-0.204618,-0.282329
-27,0.803781,-0.721567,-0.190439,-0.29856
-26,0.798529,-0.712137,-0.177604,-0.314591
-25,0.789086,-0.701933,-0.175185,-0.31505
-24,0.775936,-0.690829,-0.180302,-0.303848
-23,0.76224,-0.679022,-0.186363,-0.291905
-22,0.748079,-0.666529,-0.193372,-0.279229
-21,0.705066,-0.623322,-0.22018,-0.245171
-20,0.649776,-0.562844,-0.256681,-0.198822
-19,0.593812,-0.508403,-0.254947,-0.170706
-18,0.551979,-0.446396,-0.303489,-0.11535
-17,0.527723,-0.378574,-0.363511,-0.0550765
-16,0.533652,-0.321405,-0.425346,-0.0237616
-15,0.55393,-0.268439,-0.484529,-0.0034164
-14,0.547491,-0.215175,-0.501322,0.0460725
-13,0.536022,-0.156753,-0.500421,0.111022
-12,0.504648,-0.0481678,-0.444168,0.234658
-11,0.539285,0.0759844,-0.371415,0.383543
-10,0.58367,0.135187,-0.357126,0.441425
-9,0.616912,0.159336,-0.360759,0.474389
-8,0.559458,-0.221338,-0.326723,0.396554
-7,1.00254,-0.937759,-0.332634,0.122639
-6,2.00119,-1.83995,-0.521117,-0.589735
-5,3.21203,-2.81863,-0.73301,-1.35468
-4,5.59182,-4.84521,-1.16901,-2.53492
-3,7.88587,-6.81238,-1.5953,-3.63778
-2,9.65812,-8.49734,-1.70898,-4.26074
-1,11.193,-9.96957,-1.803,-4.75819
0,9.17931,-8.18114,-1.41309,-3.91558
1,7.68181,-6.86133,-1.117,-3.26874
2,4.77213,-4.38858,-0.731801,-1.72569
3,1.54791,-1.5281,-0.246877,-0.00126843
4,1.63908,-1.60513,-0.287409,-0.165943
5,1.80867,-1.73066,-0.340381,-0.400309
6,1.50946,-1.44456,-0.314478,-0.304659
7,1.18955,-1.13515,-0.289524,-0.206458
8,1.08606,-1.04913,-0.2604,-0.105172
9,1.04579,-1.01079,-0.255962,-0.0804279
10,1.00805,-0.974605,-0.251014,-0.0574168
11,0.996228,-0.96339,-0.25094,-0.0371553
12,0.983771,-0.951332,-0.249979,-0.0167944
13,0.970689,-0.938432,-0.248133,0.00366593
14,0.955764,-0.922784,-0.248208,0.0186655
15,0.935978,-0.899744,-0.257514,0.0142299
16,0.956566,-0.917758,-0.268729,0.022863
17,0.956586,-0.914807,-0.278158,0.028504
18,0.940418,-0.891624,-0.297526,0.0295064
19,0.931281,-0.874524,-0.318612,0.0312795
20,0.937984,-0.871197,-0.34593,0.0341063
21,0.93168,-0.852926,-0.373691,0.0300152
22,0.897752,-0.803184,-0.400747,0.0159843
23,0.863014,-0.750946,-0.425202,0.00881823
24,0.825444,-0.695338,-0.444618,0.0133324
25,0.761632,-0.623346,-0.436258,0.0346661
26,0.674636,-0.534717,-0.405079,0.0715729
27,0.582395,-0.445597,-0.358341,0.110542
28,0.485402,-0.355385,-0.293131,0.152942
29,0.398977,-0.266058,-0.210784,0.209681
30,0.35076,-0.177,-0.113212,0.280867
31,0.367153,-0.103852,-0.0136503,0.351895
32,0.435406,-0.0490785,0.0894814,0.423276
33,0.525816,-0.0221845,0.171011,0.496734
34,0.649444,0.0128321,0.262483,0.593899
35,0.772635,0.0249924,0.338415,0.694129
36,1.03793,0.136868,0.477769,0.911214
37,1.15367,0.131557,0.534519,1.01387
38,1.20911,0.0575736,0.556463,1.0719
39,1.00787,-0.0148655,0.507722,0.870521
40,0.662986,-0.0789853,0.418248,0.508311
41,0.375208,-0.0993238,0.305645,0.193641
42,0.225199,-0.0976034,0.179049,-0.0955475
43,0.431197,-0.149985,0.0533678,-0.400734
44,0.75096,-0.222768,-0.0715392,-0.713581
45,0.847325,-0.36385,-0.116877,-0.756249
46,0.882747,-0.530613,-0.13307,-0.692808
47,0.855487,-0.602732,-0.166749,-0.583751
48,0.832221,-0.658833,-0.218208,-0.459255
49,0.867537,-0.749236,-0.255408,-0.355009
50,0.825936,-0.754598,-0.21939,-0.254206
51,0.774485,-0.740831,-0.164696,-0.154507
52,0.738091,-0.727972,-0.108769,-0.0548107
53,0.71928,-0.71602,-0.0516114,0.0448821
54,0.704443,-0.703188,-0.00711956,0.0414091
55,0.692897,-0.691677,0.0342449,0.0227204
56,0.662291,-0.656985,0.0294318,-0.0783241
57,0.665406,-0.660852,0.0544514,-0.0554512
58,0.670976,-0.665477,0.0792202,-0.0327723
59,0.678911,-0.67086,0.103738,-0.0102876
60,0.687917,-0.680578,0.0994709,-0.0121879
61,0.697118,-0.690548,0.0943557,-0.0146558
62,0.706513,-0.700633,0.0893968,-0.0168375
63,0.716094,-0.710833,0.0845943,-0.018733
64,0.725852,-0.721148,0.0799482,-0.0203423
65,0.73578,-0.731579,0.0754585,-0.0216654
66,0.745872,-0.742126,0.0711252,-0.0227022
67,0.755889,-0.752573,0.0667805,-0.0233092
68,0.76372,-0.760955,0.0609588,-0.0223652
69,0.771484,-0.76921,0.0552269,-0.0213223
70,0.779178,-0.777336,0.0495849,-0.0201804
71,0.786797,-0.785335,0.0440327,-0.0189397
72,0.794339,-0.793207,0.0385704,-0.0176
73,0.801801,-0.80095,0.0331979,-0.0161614
74,0.80918,-0.808566,0.0279153,-0.0146239
75,0.816073,-0.815626,0.0235264,-0.0132082
76,0.821567,-0.821178,0.0219649,-0.0125011
77,0.827102,-0.826767,0.0204135,-0.0117642
78,0.832679,-0.832393,0.0188722,-0.0109975
79,0.841874,-0.841676,0.0150764,-0.0103143
80,0.845959,-0.845785,0.0142446,-0.00959678
81,0.850029,-0.849876,0.0134193,-0.00888447
82,0.854082,-0.85395,0.0126007,-0.00817734
83,0.85812,-0.858007,0.0117886,-0.0074754
84,0.862142,-0.862045,0.010983,-0.00677864
85,0.866148,-0.866066,0.0101841,-0.00608707
86,0.870137,-0.87007,0.00939173,-0.00540068
87,0.874155,-0.874097,0.00871149,-0.00504441
88,0.878223,-0.87817,0.00818232,-0.00513265
89,0.882281,-0.882232,0.00765547,-0.00520526
90,0.886328,-0.886284,0.00713095,-0.00526225
91,0.890365,-0.890325,0.00660876,-0.0053036
92,0.894391,-0.894355,0.00608889,-0.00532933
93,0.898407,-0.898374,0.00557135,-0.00533943
94,0.902413,-0.902383,0.00505613,-0.0053339
95,0.921872,-0.921852,-0.000361607,-0.00595076
96,0.923128,-0.923109,-0.000196116,-0.00591527
97,0.924387,-0.924369,-2.98356e-05,-0.0058723
98,0.925649,-0.925631,0.000137233,-0.00582184
99,0.926914,-0.926896,0.000305091,-0.0057639
