R,v,vx,vy,vz
-100,1.08006,-1.05258,-0.0326327,0.239876
-99,1.08576,-1.055,-0.026743,0.255221
-98,1.09166,-1.05754,-0.021255,0.269956
-97,1.0952,-1.05779,-0.0172238,0.283293
-96,1.09546,-1.05474,-0.014436,0.29556
-95,1.09613,-1.05187,-0.0110916,0.308166
-94,1.09723,-1.04916,-0.00719583,0.321111
-93,1.10407,-1.05487,-0.00730479,0.325813
-92,1.11209,-1.06202,-0.00734881,0.329849
-91,1.12047,-1.06933,-0.00662062,0.334552
-90,1.12827,-1.07713,-0.00659813,0.335771
-89,1.13434,-1.0856,-0.00910869,0.328793
-88,1.1405,-1.09402,-0.0112177,0.322109
-87,1.14677,-1.10238,-0.0129266,0.315721
-86,1.14937,-1.1086,-0.0169426,0.302962
-85,1.15137,-1.11437,-0.0214766,0.28875
-84,1.15383,-1.1203,-0.0257994,0.274943
-83,1.15643,-1.12617,-0.0297323,0.261138
-82,1.1582,-1.1312,-0.0330726,0.246445
-81,1.15994,-1.1359,-0.036499,0.232123
-80,1.16164,-1.14027,-0.0400127,0.218169
-79,1.16138,-1.14184,-0.0420515,0.207925
-78,1.15992,-1.14179,-0.0435035,0.199579
-77,1.15803,-1.14116,-0.0450415,0.191709
-76,1.15536,-1.13949,-0.0464628,0.185075
-75,1.15033,-1.13474,-0.0467973,0.182896
-74,1.14483,-1.12945,-0.0470662,0.180995
-73,1.13883,-1.12362,-0.0472636,0.179372
-72,1.13079,-1.11555,-0.0485228,0.178519
-71,1.12145,-1.10603,-0.0495307,0.178597
-70,1.1121,-1.09649,-0.0497249,0.178865
-69,1.10316,-1.08736,-0.0491839,0.179437
-68,1.10035,-1.08426,-0.0495251,0.180824
-67,1.09816,-1.08197,-0.0501475,0.181062
-66,1.0966,-1.08049,-0.0510521,0.180141
-65,1.09806,-1.08157,-0.0493775,0.183068
-64,1.10209,-1.0847,-0.0455819,0.189624
-63,1.10646,-1.08824,-0.0422477,0.195466
-62,1.11113,-1.09217,-0.0393785,0.20059
-61,1.11282,-1.09075,-0.0329089,0.218099
-60,1.11549,-1.09,-0.0273944,0.235496
-59,1.11912,-1.08999,-0.0228856,0.252628
-58,1.12276,-1.08886,-0.0190496,0.273157
-57,1.12669,-1.08629,-0.0156862,0.298573
-56,1.13221,-1.08461,-0.0131516,0.324565
-55,1.13932,-1.0838,-0.0114353,0.351136
-54,1.14119,-1.07995,-0.00641138,0.368737
-53,1.14258,-1.07546,-0.00104923,0.385858
-52,1.14419,-1.07067,0.0042482,0.403519
-51,1.14109,-1.06146,0.0108482,0.418634
-50,1.12862,-1.04385,0.020233,0.428667
-49,1.11519,-1.0247,0.0301835,0.439004
-48,1.10088,-1.00404,0.0406908,0.449652
-47,1.10082,-1.00303,0.0386266,0.451932
-46,1.10415,-1.00667,0.03361,0.452364
-45,1.10766,-1.01046,0.028481,0.452846
-44,1.11221,-1.01562,0.0245079,0.452674
-43,1.12,-1.02476,0.0240594,0.451316
-42,1.12873,-1.03447,0.0244457,0.450889
-41,1.13711,-1.04378,0.0249915,0.450471
-40,1.13782,-1.04752,0.0294247,0.443249
-39,1.13561,-1.04878,0.0349966,0.434111
-38,1.13312,-1.04938,0.0403012,0.425599
-37,1.12778,-1.04687,0.0461435,0.416917
-36,1.11191,-1.03368,0.0549051,0.405976
-35,1.09643,-1.02032,0.0630612,0.396407
-34,1.08134,-1.00678,0.0706099,0.388212
-33,1.05756,-0.984781,0.0795757,0.377238
-32,1.02998,-0.958668,0.0890835,0.365907
-31,1.00362,-0.933013,0.0980622,0.356554
-30,0.97725,-0.907126,0.106663,0.347509
-29,0.942109,-0.875968,0.116225,0.326712
-28,0.90841,-0.845341,0.125762,0.307883
-27,0.876141,-0.815249,0.13529,0.291014
-26,0.840316,-0.785807,0.141766,0.261801
-25,0.801812,-0.756286,0.146385,0.222498
-24,0.764471,-0.726402,0.151636,0.183745
-23,0.728508,-0.696347,0.157296,0.1452
-22,0.696654,-0.67302,0.154257,0.0926006
-21,0.666694,-0.647847,0.152629,0.0384781
-20,0.639492,-0.620823,0.152428,-0.0171546
-19,0.623735,-0.602284,0.14954,-0.0627487
-18,0.618036,-0.59313,0.143918,-0.0972271
-17,0.613471,-0.582286,0.140098,-0.132901
-16,0.610326,-0.569751,0.138084,-0.169746
-15,0.592498,-0.55687,0.132937,-0.152571
-14,0.573819,-0.544898,0.12289,-0.131347
-13,0.554939,-0.532381,0.106636,-0.114706
-12,0.539183,-0.510537,0.0866426,-0.150211
-11,0.561388,-0.48727,0.0589798,-0.27248
-10,0.635006,-0.480043,0.0306029,-0.414554
-9,0.755709,-0.488805,0.00154862,-0.576336
-8,1.36525,-0.715785,-0.136275,-1.15455
-7,2.08822,-0.991725,-0.295787,-1.81374
-6,2.83487,-1.28227,-0.458855,-2.4863
-5,3.76249,-1.78169,-0.627241,-3.25399
-4,5.03315,-2.69142,-0.796004,-4.17795
-3,6.26585,-3.56965,-0.957493,-5.05981
-2,7.45305,-4.4165,-1.11182,-5.8997
-1,7.05147,-4.38173,-0.988535,-5.43567
0,6.31202,-4.1461,-0.805951,-4.69062
1,5.71568,-3.97277,-0.645704,-4.05821
2,5.11064,-3.78055,-0.504607,-3.40169
3,4.01394,-3.30149,-0.337541,-2.25787
4,2.93378,-2.75809,-0.141514,-0.989946
5,2.1892,-2.15034,0.0834749,0.402079
6,2.02078,-1.88716,0.132321,0.710392
7,1.87512,-1.81344,0.0878433,0.468817
8,1.76768,-1.75536,0.0381568,0.204805
9,1.70624,-1.70596,-0.00643033,-0.0302441
10,1.61711,-1.61683,0.00795871,0.0287522
11,1.52124,-1.51849,0.0230269,0.0884354
12,1.41928,-1.41093,0.0387742,0.148805
13,1.36909,-1.35594,0.0423813,0.184552
14,1.35893,-1.34305,0.0372598,0.203742
15,1.35048,-1.33182,0.0309771,0.221556
16,1.3418,-1.3206,0.0235697,0.236395
17,1.30493,-1.28393,0.0128955,0.232777
18,1.26892,-1.24798,0.00227635,0.229542
19,1.23378,-1.21274,-0.00828773,0.226689
20,1.20751,-1.1867,-0.0161429,0.222593
21,1.18987,-1.16971,-0.0214836,0.217024
22,1.16336,-1.14927,-0.0298638,0.177977
23,1.14553,-1.1315,-0.0331043,0.175687
24,1.128,-1.11404,-0.0359965,0.173216
25,1.1068,-1.09354,-0.0381768,0.166472
26,1.07068,-1.06029,-0.0388736,0.143596
27,1.03502,-1.02724,-0.0396673,0.120287
28,0.999876,-0.994377,-0.0405578,0.0965432
29,0.908395,-0.903958,-0.0606006,0.0660927
30,0.853199,-0.84979,-0.0682196,0.0339344
31,0.79717,-0.79358,-0.0754414,0.00447375
32,0.74303,-0.737955,-0.0829583,-0.0252029
33,0.691526,-0.683294,-0.0908078,-0.055413
34,0.639844,-0.626165,-0.0994992,-0.0861229
35,0.586295,-0.563818,-0.109807,-0.117446
36,0.538221,-0.502691,-0.120954,-0.149511
37,0.496962,-0.442785,-0.132939,-0.182319
38,0.470522,-0.395249,-0.145026,-0.210087
39,0.452172,-0.350884,-0.157873,-0.237521
40,0.440989,-0.30698,-0.171663,-0.26602
41,0.43926,-0.26887,-0.183217,-0.295109
42,0.448118,-0.246136,-0.186856,-0.324518
43,0.462079,-0.224261,-0.191253,-0.355873
44,0.479215,-0.209393,-0.191516,-0.386164
45,0.515006,-0.233502,-0.187968,-0.418779
46,0.556805,-0.269696,-0.182925,-0.45148
47,0.597586,-0.30397,-0.177009,-0.483093
48,0.638112,-0.342718,-0.167234,-0.511628
49,0.682987,-0.406951,-0.143648,-0.529366
50,0.727534,-0.467221,-0.119913,-0.544639
51,0.770748,-0.523528,-0.0960287,-0.557448
52,0.780252,-0.559492,-0.0709881,-0.539187
53,0.773334,-0.584022,-0.0468345,-0.504748
54,0.768255,-0.606683,-0.0244834,-0.470692
55,0.763929,-0.628393,-0.00538229,-0.434375
56,0.756093,-0.656489,-0.000488853,-0.375097
57,0.757098,-0.701773,0.000363828,-0.284099
58,0.755471,-0.712082,0.00724565,-0.252236
59,0.754721,-0.721621,0.013947,-0.220618
60,0.754788,-0.730392,0.0204677,-0.189246
61,0.766052,-0.746684,0.0216803,-0.169789
62,0.780101,-0.764507,0.021354,-0.153722
63,0.79394,-0.781601,0.0208934,-0.137855
64,0.807523,-0.797967,0.0202987,-0.122188
65,0.820806,-0.813604,0.0195699,-0.10672
66,0.833754,-0.828512,0.0187069,-0.0914516
67,0.846332,-0.842692,0.0177097,-0.0763828
68,0.852955,-0.850157,0.0161718,-0.0671222
69,0.857117,-0.854873,0.0145126,-0.060256
70,0.861234,-0.859482,0.0129378,-0.0533638
71,0.873481,-0.872356,0.00684253,-0.0437846
72,0.875392,-0.874514,0.0068643,-0.0385715
73,0.877326,-0.876662,0.00688858,-0.0334194
74,0.879283,-0.878799,0.00691537,-0.0283283
75,0.88126,-0.880925,0.00694467,-0.0232982
76,0.883257,-0.88304,0.00697648,-0.0183291
77,0.885273,-0.885144,0.00701081,-0.013421
78,0.88746,-0.887388,0.00701908,-0.00890168
79,0.891532,-0.891467,0.00667641,-0.00843855
80,0.895569,-0.895511,0.00633017,-0.00799356
81,0.899571,-0.89952,0.00598036,-0.00756672
82,0.903539,-0.903493,0.00562698,-0.00715802
83,0.907473,-0.907432,0.00527003,-0.00676747
84,0.911372,-0.911336,0.00490951,-0.00639506
85,0.915236,-0.915205,0.00454543,-0.00604079
86,0.943465,-0.943442,0.000432177,-0.00658192
87,0.943455,-0.943433,0.000678999,-0.00642258
88,0.943441,-0.94342,0.000926028,-0.00625304
89,0.943424,-0.943403,0.00117326,-0.00607328
90,0.943402,-0.943382,0.0014207,-0.00588332
91,0.943375,-0.943357,0.00166835,-0.00568315
92,0.943345,-0.943327,0.00191621,-0.00547277
93,0.943311,-0.943294,0.00216427,-0.00525219
94,0.943272,-0.943256,0.00241253,-0.00502139
95,0.943229,-0.943214,0.002661,-0.00478039
96,0.943183,-0.943167,0.00290968,-0.00452918
97,0.943132,-0.943117,0.00315857,-0.00426776
98,0.943077,-0.943062,0.00340766,-0.00399614
99,0.943017,-0.943003,0.00365695,-0.0037143
