R,v,vx,vy,vz
-100,0.580035,-0.57972,-0.00262074,-0.0189239
-99,0.570316,-0.570181,-0.00203332,-0.012256
-98,0.560549,-0.560521,-0.00140746,-0.00545696
-97,0.550742,-0.550739,-0.000742629,0.00147267
-96,0.540903,-0.540836,-3.83263e-05,0.00853215
-95,0.528999,-0.528947,0.0002577,0.00740553
-94,0.515566,-0.515565,0.000292863,0.0012989
-93,0.501703,-0.501676,0.00031026,-0.00516451
-92,0.48743,-0.487283,0.000309391,-0.0119841
-91,0.472774,-0.472385,0.000289754,-0.0191593
-90,0.457764,-0.456986,0.000250846,-0.0266896
-89,0.442437,-0.441084,0.000192165,-0.0345743
-88,0.430742,-0.4276,0.000815131,-0.0519262
-87,0.42318,-0.416128,0.00190229,-0.0769113
-86,0.41805,-0.405665,0.00264952,-0.100969
-85,0.415168,-0.396152,0.00312379,-0.124169
-84,0.413742,-0.386541,0.00351395,-0.147499
-83,0.413814,-0.37683,0.00381707,-0.170959
-82,0.415412,-0.367017,0.00403022,-0.194549
-81,0.425077,-0.364607,0.00653376,-0.218424
-80,0.442954,-0.370314,0.0114399,-0.242786
-79,0.461389,-0.37557,0.0159879,-0.267528
-78,0.480349,-0.380375,0.0201778,-0.292649
-77,0.49981,-0.384727,0.0240092,-0.318149
-76,0.519751,-0.388627,0.0274819,-0.344028
-75,0.540154,-0.392072,0.0305959,-0.370284
-74,0.558015,-0.405344,0.0388279,-0.381536
-73,0.572207,-0.433419,0.0552964,-0.369474
-72,0.587366,-0.459403,0.0712083,-0.358995
-71,0.603029,-0.483308,0.0865674,-0.350089
-70,0.618811,-0.505145,0.101378,-0.342751
-69,0.634402,-0.524923,0.115642,-0.33697
-68,0.649557,-0.542653,0.129366,-0.33274
-67,0.664648,-0.570781,0.134271,-0.312949
-66,0.686147,-0.625489,0.119916,-0.255307
-65,0.714454,-0.677774,0.105795,-0.199684
-64,0.747826,-0.727638,0.0919065,-0.14608
-63,0.773425,-0.757626,0.0810575,-0.132739
-62,0.805414,-0.797553,0.0677697,-0.0894918
-61,0.861945,-0.860528,0.0459042,-0.0183037
-60,0.924532,-0.922677,0.0262554,0.0523235
-59,0.991206,-0.983629,0.00892398,0.121998
-58,1.05074,-1.03654,0.00213901,0.172151
-57,1.09958,-1.08123,0.00593359,0.199977
-56,1.14982,-1.12671,0.00930682,0.229175
-55,1.20142,-1.17295,0.0122685,0.259704
-54,1.20635,-1.17667,0.0169742,0.265424
-53,1.21086,-1.17963,0.0225963,0.2723
-52,1.22031,-1.18662,0.0289682,0.283275
-51,1.21107,-1.17772,0.0293274,0.280724
-50,1.16444,-1.13729,0.0190024,0.249275
-49,1.12214,-1.10046,0.0102037,0.219268
-48,1.08418,-1.06727,0.00293212,0.190721
-47,1.03012,-1.01672,-0.0199575,0.164385
-46,0.975047,-0.964125,-0.0460201,0.138068
-45,0.923554,-0.914007,-0.0715644,0.111452
-44,0.872857,-0.862872,-0.0955205,0.0905866
-43,0.81619,-0.803243,-0.117368,0.0848129
-42,0.759551,-0.742222,-0.141453,0.0775581
-41,0.70581,-0.6826,-0.165285,0.0700453
-40,0.656699,-0.628367,-0.177493,0.0700385
-39,0.610574,-0.577391,-0.184762,0.0726848
-38,0.566812,-0.528299,-0.191104,0.0752035
-37,0.526396,-0.48248,-0.195732,0.0774208
-36,0.492093,-0.444373,-0.196089,0.0789772
-35,0.459677,-0.408162,-0.195416,0.0807415
-34,0.429098,-0.373847,-0.193707,0.082713
-33,0.406663,-0.345679,-0.196586,0.0850567
-32,0.389524,-0.321255,-0.202025,0.0878091
-31,0.374273,-0.298194,-0.207116,0.0909039
-30,0.361283,-0.276605,-0.212153,0.0949005
-29,0.353206,-0.256543,-0.219656,0.103402
-28,0.346519,-0.236492,-0.227443,0.111432
-27,0.341275,-0.216439,-0.235511,0.118985
-26,0.341923,-0.206381,-0.236868,0.134952
-25,0.346493,-0.203085,-0.233132,0.156408
-24,0.3511,-0.19861,-0.229658,0.176302
-23,0.355692,-0.193316,-0.226192,0.194892
-22,0.368909,-0.203121,-0.212156,0.223216
-21,0.383931,-0.212973,-0.197696,0.250922
-20,0.400465,-0.222851,-0.182801,0.278017
-19,0.424486,-0.238114,-0.163971,0.310811
-18,0.458406,-0.260382,-0.140482,0.350146
-17,0.495879,-0.284312,-0.115919,0.389392
-16,0.536538,-0.309916,-0.0902735,0.428574
-15,0.539092,-0.270703,-0.0260285,0.46547
-14,0.555402,-0.231858,0.0382734,0.503238
-13,0.586944,-0.20001,0.0974053,0.543149
-12,0.62585,-0.16977,0.150589,0.583257
-11,0.667624,-0.140048,0.194493,0.623122
-10,0.71083,-0.113428,0.234872,0.661248
-9,0.754092,-0.0899559,0.27173,0.697657
-8,0.859952,0.0693371,0.134194,0.846582
-7,1.03504,0.25835,-0.0252024,1.00196
-6,1.24342,0.45419,-0.176791,1.14392
-5,1.82637,0.492009,-0.366427,1.72026
-4,3.2929,0.17118,-0.654812,3.2226
-3,4.74433,-0.149424,-0.944647,4.64693
-2,6.13634,-0.4699,-1.23591,5.9922
-1,6.20937,-0.950822,-1.18246,6.02113
0,6.03287,-1.47274,-1.03542,5.75799
1,6.00567,-1.98741,-0.897112,5.59584
2,5.66421,-2.33789,-0.739553,5.10594
3,3.92321,-2.17198,-0.480343,3.23161
4,2.44859,-2.023,-0.215378,1.3626
5,1.95699,-1.89093,0.0553408,-0.501109
6,1.99363,-1.78504,0.107177,-0.8813
7,1.77166,-1.66915,0.058644,-0.590982
8,1.39974,-1.39909,-0.0425007,0.00366138
9,1.34305,-1.34195,-0.0308395,-0.0446651
10,1.28719,-1.28384,-0.0195468,-0.0906115
11,1.24863,-1.24379,-0.013328,-0.108997
12,1.23897,-1.23598,-0.0152084,-0.084711
13,1.23079,-1.22917,-0.0172426,-0.0607689
14,1.22408,-1.22336,-0.0194306,-0.0371706
15,1.21883,-1.21856,-0.0217723,-0.013916
16,1.21504,-1.21476,-0.0242679,0.00899479
17,1.21267,-1.21196,-0.0269173,0.0315618
18,1.20717,-1.20589,-0.0281249,0.0479495
19,1.19096,-1.18964,-0.0253679,0.0499565
20,1.17467,-1.1733,-0.0224395,0.0520219
21,1.15832,-1.15689,-0.0193399,0.0541457
22,1.1419,-1.1404,-0.0160689,0.0563279
23,1.12542,-1.12382,-0.0126266,0.0585686
24,1.10887,-1.10717,-0.00901298,0.0608677
25,1.09463,-1.09277,-0.00612087,0.0635923
26,1.08943,-1.0873,-0.00658605,0.0676896
27,1.08415,-1.08175,-0.00701829,0.0716761
28,1.0788,-1.07613,-0.00741759,0.0755517
29,1.07339,-1.07044,-0.00776518,0.0791153
30,1.06798,-1.06483,-0.00797823,0.081512
31,1.06253,-1.05918,-0.00816312,0.083905
32,1.05687,-1.05333,-0.0082573,0.0860327
33,1.04999,-1.04641,-0.00787759,0.0862846
34,1.04309,-1.03946,-0.00747935,0.0865595
35,1.03616,-1.03249,-0.00706259,0.0868575
36,1.02922,-1.0255,-0.00662729,0.0871787
37,1.02226,-1.01848,-0.00617347,0.087523
38,1.01527,-1.01144,-0.00570113,0.0878904
39,1.00842,-1.00454,-0.00519554,0.0882373
40,1.00551,-1.00169,-0.00430217,0.0874625
41,1.00252,-0.998767,-0.00340245,0.086648
42,0.999452,-0.995759,-0.00249638,0.0857936
43,0.996295,-0.99267,-0.00158397,0.0848995
44,0.993055,-0.989499,-0.000665202,0.0839656
45,0.989732,-0.986246,0.000259914,0.0829918
46,0.986326,-0.982912,0.00119138,0.0819783
47,0.983406,-0.980172,0.00173504,0.0796779
48,0.980472,-0.977415,0.00224304,0.0773214
49,0.977494,-0.974611,0.002734,0.0749703
50,0.974475,-0.971759,0.00320791,0.0726248
51,0.971412,-0.968859,0.00366478,0.0702848
52,0.968308,-0.965912,0.00410461,0.0679502
53,0.965161,-0.962917,0.00452739,0.0656212
54,0.964504,-0.962425,0.00408198,0.0631719
55,0.964213,-0.962292,0.00348956,0.0607446
56,0.963909,-0.962136,0.00287758,0.0583605
57,0.96778,-0.966449,-0.000372398,0.0507366
58,0.964734,-0.963384,-0.000261627,0.0510292
59,0.961865,-0.960501,-0.00014316,0.0512052
60,0.958988,-0.957613,-1.73148e-05,0.051328
61,0.956103,-0.954721,0.000115909,0.0513975
62,0.95321,-0.951823,0.000256511,0.0514138
63,0.95031,-0.94892,0.000404492,0.0513767
64,0.948426,-0.947064,0.000560106,0.0508046
65,0.949691,-0.94844,0.000720374,0.0487129
66,0.950912,-0.949769,0.000882367,0.0466167
67,0.952091,-0.951049,0.00104609,0.0445162
68,0.953226,-0.952281,0.00121153,0.0424113
69,0.954318,-0.953465,0.0013787,0.0403021
70,0.955366,-0.954601,0.00154759,0.0381885
71,0.956371,-0.955689,0.00171821,0.0360706
72,0.957333,-0.956729,0.00189055,0.0339483
73,0.958252,-0.957721,0.00206462,0.0318216
74,0.959127,-0.958665,0.00224042,0.0296906
75,0.959959,-0.959561,0.00241794,0.0275552
76,0.960748,-0.960409,0.00259718,0.0254155
77,0.961494,-0.961208,0.00277815,0.0232714
78,0.962162,-0.961923,0.00293224,0.0212492
79,0.962411,-0.962182,0.00273637,0.0207766
80,0.962688,-0.96247,0.00254045,0.0203099
81,0.962993,-0.962785,0.00234447,0.019849
82,0.963326,-0.963129,0.00214844,0.0193941
83,0.963688,-0.9635,0.00195235,0.0189451
84,0.964079,-0.9639,0.0017562,0.018502
85,0.964497,-0.964327,0.00156001,0.0180648
86,0.97313,-0.973008,-0.000211539,0.0154138
87,0.972353,-0.972231,-0.000126086,0.0153523
88,0.971575,-0.971455,-4.09809e-05,0.0152878
89,0.970797,-0.970677,4.37758e-05,0.0152203
90,0.970018,-0.9699,0.000128184,0.0151499
91,0.969239,-0.969121,0.000212245,0.0150764
92,0.968459,-0.968343,0.000295957,0.015
93,0.967679,-0.967564,0.000379321,0.0149205
94,0.966898,-0.966784,0.000462336,0.0148381
95,0.966117,-0.966004,0.000545004,0.0147527
96,0.965336,-0.965224,0.000627323,0.0146643
97,0.964554,-0.964443,0.000709294,0.014573
98,0.963771,-0.963662,0.000790917,0.0144786
99,0.962988,-0.962881,0.000872191,0.0143813
