R,v,vx,vy,vz
-100,0.850981,-0.846565,0.000610045,-0.0865795
-99,0.848522,-0.844001,0.000525619,-0.0874718
-98,0.842721,-0.838075,0.000290088,-0.0883655
-97,0.836918,-0.832149,5.71119e-05,-0.0892205
-96,0.831114,-0.826223,-0.000173307,-0.090037
-95,0.825308,-0.820296,-0.000401168,-0.0908148
-94,0.819501,-0.81437,-0.000626469,-0.0915539
-93,0.813692,-0.808444,-0.000849209,-0.0922545
-92,0.80788,-0.802519,-0.00106939,-0.0929164
-91,0.802067,-0.796593,-0.001287,-0.0935396
-90,0.796251,-0.790667,-0.00150205,-0.0941243
-89,0.790433,-0.784741,-0.00171453,-0.0946703
-88,0.784612,-0.778815,-0.00192444,-0.0951777
-87,0.778788,-0.77289,-0.00213178,-0.0956464
-86,0.772962,-0.766964,-0.00233655,-0.0960766
-85,0.767132,-0.761038,-0.00253875,-0.0964681
-84,0.7613,-0.755113,-0.00273838,-0.096821
-83,0.755464,-0.749187,-0.00293543,-0.0971352
-82,0.749624,-0.743262,-0.0031299,-0.0974109
-81,0.743782,-0.737336,-0.00332179,-0.0976479
-80,0.737935,-0.731411,-0.0035111,-0.0978463
-79,0.732085,-0.725485,-0.00369783,-0.098006
-78,0.72623,-0.71956,-0.00388198,-0.0981272
-77,0.720372,-0.713635,-0.00406355,-0.0982097
-76,0.71451,-0.707709,-0.00424253,-0.0982536
-75,0.708643,-0.701784,-0.00441892,-0.0982589
-74,0.702772,-0.695858,-0.00459272,-0.0982256
-73,0.696896,-0.689933,-0.00476393,-0.0981537
-72,0.691016,-0.684008,-0.00493256,-0.0980431
-71,0.685131,-0.678082,-0.00509858,-0.097894
-70,0.679656,-0.672818,-0.0052002,-0.0960293
-69,0.674262,-0.667675,-0.00528856,-0.0938682
-68,0.668872,-0.662531,-0.00537523,-0.0917269
-67,0.663486,-0.657385,-0.00546022,-0.0896054
-66,0.658104,-0.652237,-0.00554353,-0.0875037
-65,0.652727,-0.647088,-0.00562517,-0.0854219
-64,0.647353,-0.641938,-0.00570513,-0.0833599
-63,0.641983,-0.636786,-0.00578342,-0.0813177
-62,0.636618,-0.631633,-0.00586004,-0.0792953
-61,0.631256,-0.626478,-0.00593501,-0.0772928
-60,0.625898,-0.621321,-0.00600831,-0.0753101
-59,0.620543,-0.616163,-0.00607996,-0.0733472
-58,0.615193,-0.611004,-0.00614995,-0.0714042
-57,0.609846,-0.605843,-0.0062183,-0.069481
-56,0.50475,-0.485503,-0.0112512,-0.137597
-55,0.487173,-0.465479,-0.0118988,-0.143267
-54,0.469756,-0.44545,-0.0125315,-0.148622
-53,0.452507,-0.425416,-0.0131495,-0.153661
-52,0.435436,-0.405377,-0.0137527,-0.158384
-51,0.418555,-0.385332,-0.0143412,-0.162792
-50,0.401876,-0.365283,-0.0149149,-0.166884
-49,0.385379,-0.348549,-0.0149288,-0.163731
-48,0.368979,-0.334104,-0.0145584,-0.155909
-47,0.352674,-0.319642,-0.0141844,-0.148345
-46,0.336463,-0.305163,-0.0138069,-0.14104
-45,0.320345,-0.290666,-0.0134258,-0.133992
-44,0.30432,-0.276153,-0.013041,-0.127203
-43,0.288388,-0.261621,-0.0126525,-0.120671
-42,0.272547,-0.247073,-0.0122603,-0.114398
-41,0.256801,-0.232507,-0.0118643,-0.108382
-40,0.241151,-0.217923,-0.0114644,-0.102624
-39,0.2256,-0.203322,-0.0110608,-0.0971239
-38,0.210154,-0.188703,-0.0106532,-0.0918813
-37,0.194821,-0.174067,-0.0102416,-0.0868962
-36,0.179613,-0.159414,-0.00982611,-0.0821686
-35,0.170782,-0.151865,-0.00892647,-0.0776122
-34,0.170698,-0.154044,-0.00738019,-0.0731696
-33,0.170814,-0.156171,-0.00585242,-0.0689489
-32,0.171109,-0.158243,-0.00434318,-0.0649502
-31,0.171565,-0.160263,-0.00285251,-0.0611733
-30,0.172163,-0.162229,-0.00138044,-0.0576184
-29,0.172886,-0.164142,7.30065e-05,-0.0542854
-28,0.116306,-0.0740245,0.00271758,-0.0896662
-27,0.108664,-0.0519557,0.00448176,-0.0953329
-26,0.105156,-0.0297658,0.00624239,-0.100662
-25,0.106219,-0.00745489,0.00799962,-0.105654
-24,0.099258,0.00103219,0.00865182,-0.0988748
-23,0.0903996,0.00594759,0.00903139,-0.0897505
-22,0.0825968,0.0108728,0.00942372,-0.0813339
-21,0.0759411,0.0158076,0.00982865,-0.0736245
-20,0.0705271,0.020752,0.010246,-0.0666217
-19,0.0664368,0.025706,0.0106757,-0.0603247
-18,0.0637176,0.0306694,0.0111175,-0.0547332
-17,0.0632171,0.0259252,0.0121537,-0.0563611
-16,0.0643094,0.0174184,0.0134425,-0.0604285
-15,0.0664338,0.00913194,0.0147475,-0.0641293
-14,0.112064,0.0581592,0.00790657,-0.0954638
-13,0.135822,0.0788375,0.00488489,-0.110491
-12,0.149062,0.0940017,0.00231583,-0.115662
-11,0.148962,0.10198,0.0012565,-0.108574
-10,0.150609,0.110926,0.00123479,-0.101868
-9,0.154048,0.120821,0.00225565,-0.0955411
-8,0.170857,0.133905,0.00910646,-0.10573
-7,0.131501,0.0896573,-0.00499794,-0.0960681
-6,0.165466,0.113774,-0.0145634,-0.119258
-5,0.553615,0.449282,-0.00590546,-0.323421
-4,0.785065,0.725539,0.00948223,-0.299716
-3,0.941911,0.90343,0.01708,-0.26593
-2,3.0741,3.07226,0.0568465,0.0898855
-1,7.48265,4.53997,0.0409075,-5.94786
0,11.9547,5.06546,-0.00412658,-10.8285
1,13.0623,5.25531,-0.0686422,-11.9583
2,6.65245,1.74505,-0.120173,-6.41837
3,1.01214,-0.98567,0.108065,-0.202986
4,1.56099,-1.5329,0.0997509,0.277387
5,1.0578,-1.05613,0.0558006,0.0202605
6,1.04245,-1.04197,0.0276626,0.0151486
7,0.864035,-0.857128,0.00349751,-0.108975
8,0.69,-0.632621,-0.0228562,-0.274535
9,0.713344,-0.653341,-0.0180638,-0.285796
10,0.721736,-0.653833,-0.0143366,-0.305286
11,0.696001,-0.631189,-0.00892691,-0.293151
12,0.704071,-0.632437,-0.00941637,-0.309275
13,0.723173,-0.648796,-0.0101409,-0.319281
14,0.74949,-0.675582,-0.0110596,-0.324347
15,0.778955,-0.705184,-0.0122338,-0.330662
16,0.811815,-0.737246,-0.0136743,-0.339596
17,0.843201,-0.763005,-0.0104849,-0.358749
18,0.873158,-0.788059,-0.00715314,-0.37592
19,0.901659,-0.81241,-0.003679,-0.391108
20,0.926038,-0.834356,-0.00462973,-0.401716
21,0.947822,-0.85461,-0.00955248,-0.409775
22,0.969883,-0.874938,-0.0141736,-0.418276
23,0.992214,-0.895339,-0.0184931,-0.427219
24,1.01967,-0.919325,-0.0287461,-0.440167
25,1.0474,-0.943666,-0.0390952,-0.452776
26,1.07526,-0.968281,-0.0493954,-0.464951
27,1.09141,-0.982571,-0.0593116,-0.471389
28,1.0913,-0.982698,-0.0678363,-0.469728
29,1.10515,-0.992443,-0.0905975,-0.477699
30,1.09016,-0.97732,-0.11085,-0.470122
31,1.06447,-0.95208,-0.130116,-0.457934
32,0.990788,-0.874188,-0.180463,-0.429988
33,0.86881,-0.760078,-0.209988,-0.364716
34,0.681043,-0.605719,-0.219401,-0.220879
35,0.43728,-0.410082,-0.151721,-0.00521851
36,0.24223,-0.191365,0.0260702,0.146203
37,0.467129,0.00554928,0.3953,0.248829
38,0.844802,0.0858349,0.807467,0.233066
39,0.844008,0.0398814,0.817372,0.206547
40,0.770855,0.162694,0.532059,0.533537
41,0.877186,0.00866648,0.297767,0.825055
42,0.91723,-0.117242,0.128463,0.90059
43,0.90869,-0.183197,0.105874,0.883712
44,0.880679,-0.294844,0.0864943,0.825338
45,0.815611,-0.467192,0.00824932,0.668494
46,0.748267,-0.587661,0.00541882,0.463173
47,0.661963,-0.581272,0.0659544,0.309786
48,0.577744,-0.526557,0.0948983,0.217992
49,0.530251,-0.485811,0.117809,0.176846
50,0.497507,-0.466093,0.103674,0.139721
51,0.473425,-0.451478,0.077909,0.119285
52,0.481503,-0.457926,0.0790171,0.126116
53,0.539472,-0.512929,0.0689393,0.152254
54,0.613083,-0.578128,0.0553603,0.196402
55,0.663412,-0.620603,0.0960433,0.213879
56,0.70451,-0.655309,0.124013,0.226994
57,0.726833,-0.686853,0.102665,0.214427
58,0.735053,-0.705151,0.0765304,0.192895
59,0.729947,-0.710401,0.0493397,0.160372
60,0.720745,-0.707897,0.0315606,0.131753
61,0.700901,-0.691442,0.018849,0.113201
62,0.711035,-0.706416,0.00378684,0.0808249
63,0.701648,-0.698742,-0.00412893,0.0636577
64,0.694136,-0.692475,-0.0116474,0.0465479
65,0.688503,-0.687615,-0.0187686,0.0294956
66,0.688681,-0.688029,-0.0214403,0.0209215
67,0.694317,-0.693705,-0.0195531,0.0216284
68,0.700733,-0.700157,-0.0177606,0.0221519
69,0.707927,-0.707387,-0.0160628,0.0224921
70,0.716613,-0.716216,-0.0141179,0.019237
71,0.727579,-0.727425,-0.0118969,0.00911062
72,0.735065,-0.734931,-0.010294,0.00956589
73,0.742457,-0.742337,-0.00889074,0.00993408
74,0.749752,-0.749643,-0.00768711,0.0102152
75,0.757349,-0.757253,-0.00714613,0.00969097
76,0.765125,-0.765044,-0.00692366,0.00865153
77,0.772842,-0.772776,-0.00669308,0.0075459
78,0.7805,-0.780447,-0.0064544,0.00637405
79,0.7881,-0.788059,-0.00620761,0.005136
80,0.795642,-0.795611,-0.00595271,0.00383174
81,0.803127,-0.803103,-0.0056897,0.00246128
82,0.809377,-0.809357,-0.00524559,0.00199905
83,0.814578,-0.814561,-0.00465844,0.00241444
84,0.819772,-0.819757,-0.00408457,0.00288282
85,0.824959,-0.824945,-0.00352399,0.00340418
86,0.834163,-0.834138,-0.00176486,0.00625119
87,0.837843,-0.83782,-0.00171558,0.00602225
88,0.841519,-0.841498,-0.00166468,0.00579726
89,0.845193,-0.845173,-0.00161215,0.00557621
90,0.848862,-0.848844,-0.00155801,0.00535911
91,0.852529,-0.852512,-0.00150225,0.00514596
92,0.856192,-0.856177,-0.00144486,0.00493676
93,0.859747,-0.859735,-0.00151097,0.00437093
94,0.863281,-0.863271,-0.00159036,0.00377268
95,0.866803,-0.866795,-0.00167035,0.00317886
96,0.870313,-0.870308,-0.00175094,0.00258947
97,0.873812,-0.873808,-0.00183214,0.00200451
98,0.8773,-0.877297,-0.00191393,0.00142399
99,0.880776,-0.880773,-0.00199633,0.000847894
