R,v,vx,vy,vz
-100,0.858532,-0.855864,0.00143856,-0.0676104
-99,0.856243,-0.853506,0.00136603,-0.0683865
-98,0.851763,-0.848893,0.00106853,-0.0698533
-97,0.847282,-0.844278,0.000774894,-0.0712759
-96,0.842801,-0.839663,0.000485128,-0.0726544
-95,0.838318,-0.835047,0.000199234,-0.0739887
-94,0.833835,-0.83043,-8.27878e-05,-0.0752789
-93,0.82935,-0.825812,-0.000360934,-0.076525
-92,0.824864,-0.821194,-0.000635204,-0.077727
-91,0.820376,-0.816574,-0.000905596,-0.0788848
-90,0.815886,-0.811954,-0.00117211,-0.0799986
-89,0.811394,-0.807333,-0.00143474,-0.0810681
-88,0.806899,-0.802711,-0.00169348,-0.0820936
-87,0.802402,-0.798088,-0.00194834,-0.0830749
-86,0.797902,-0.793464,-0.00219931,-0.0840121
-85,0.7934,-0.78884,-0.0024464,-0.0849052
-84,0.788894,-0.784214,-0.00268959,-0.0857541
-83,0.784384,-0.779588,-0.00292889,-0.0865589
-82,0.779871,-0.774961,-0.0031643,-0.0873196
-81,0.775355,-0.770333,-0.00339581,-0.0880362
-80,0.770834,-0.765704,-0.00362342,-0.0887086
-79,0.76631,-0.761075,-0.00384713,-0.0893369
-78,0.761781,-0.756444,-0.00406694,-0.0899211
-77,0.757248,-0.751813,-0.00428285,-0.0904612
-76,0.75271,-0.74718,-0.00449485,-0.0909571
-75,0.748167,-0.742547,-0.00470294,-0.0914089
-74,0.74362,-0.737913,-0.00490713,-0.0918166
-73,0.739067,-0.733278,-0.00510741,-0.0921801
-72,0.73451,-0.728643,-0.00530377,-0.0924995
-71,0.729947,-0.724006,-0.00549622,-0.0927748
-70,0.725001,-0.719109,-0.00554551,-0.0920736
-69,0.719982,-0.714163,-0.0055678,-0.0911797
-68,0.71496,-0.709217,-0.00558922,-0.0902685
-67,0.709936,-0.70427,-0.00560978,-0.08934
-66,0.70491,-0.699323,-0.00562947,-0.0883942
-65,0.69988,-0.694375,-0.00564829,-0.0874312
-64,0.694849,-0.689426,-0.00566625,-0.0864509
-63,0.689814,-0.684477,-0.00568334,-0.0854534
-62,0.684777,-0.679528,-0.00569956,-0.0844385
-61,0.679738,-0.674577,-0.00571491,-0.0834065
-60,0.674696,-0.669627,-0.00572939,-0.0823571
-59,0.669652,-0.664675,-0.00574301,-0.0812905
-58,0.664606,-0.659723,-0.00575576,-0.0802067
-57,0.659557,-0.654771,-0.00576763,-0.0791055
-56,0.571063,-0.555941,-0.00821788,-0.130287
-55,0.555516,-0.538843,-0.00851837,-0.134809
-54,0.540021,-0.521733,-0.00881247,-0.139066
-53,0.524579,-0.504613,-0.00910017,-0.143059
-52,0.509188,-0.487481,-0.00938148,-0.146788
-51,0.49385,-0.470339,-0.00965637,-0.150252
-50,0.478564,-0.453186,-0.00992484,-0.153453
-49,0.463511,-0.437888,-0.0100716,-0.15164
-48,0.448628,-0.42389,-0.0101315,-0.146566
-47,0.433788,-0.409898,-0.0101845,-0.141603
-46,0.418991,-0.395913,-0.0102305,-0.136753
-45,0.404237,-0.381935,-0.0102695,-0.132014
-44,0.389526,-0.367963,-0.0103016,-0.127387
-43,0.374859,-0.353998,-0.0103268,-0.122872
-42,0.360234,-0.34004,-0.010345,-0.118468
-41,0.345654,-0.326088,-0.0103563,-0.114176
-40,0.331118,-0.312142,-0.0103607,-0.109996
-39,0.316627,-0.298202,-0.0103583,-0.105927
-38,0.302182,-0.284269,-0.0103489,-0.101969
-37,0.287784,-0.270342,-0.0103326,-0.0981223
-36,0.273436,-0.256422,-0.0103095,-0.094387
-35,0.263717,-0.247553,-0.00985783,-0.0903706
-34,0.26034,-0.245572,-0.00883461,-0.0859825
-33,0.257024,-0.24354,-0.00782384,-0.0817832
-32,0.253764,-0.241456,-0.00682554,-0.0777726
-31,0.250555,-0.239322,-0.00583972,-0.0739508
-30,0.24739,-0.237136,-0.00486638,-0.0703178
-29,0.244264,-0.234899,-0.00390553,-0.0668735
-28,0.171633,-0.141222,-0.00434844,-0.0974443
-27,0.153936,-0.115404,-0.00369985,-0.101807
-26,0.138676,-0.0895667,-0.00303406,-0.105829
-25,0.126718,-0.0637107,-0.00235083,-0.109512
-24,0.11656,-0.0552754,-0.00208259,-0.102599
-23,0.106722,-0.0512453,-0.0019409,-0.0935933
-22,0.0974104,-0.0471191,-0.0018181,-0.0852366
-21,0.0886215,-0.0428965,-0.00171424,-0.0775288
-20,0.0803542,-0.0385775,-0.00162938,-0.0704693
-19,0.0726143,-0.0341619,-0.00156356,-0.0640575
-18,0.0654176,-0.0296496,-0.00151685,-0.0582929
-17,0.0659034,-0.028968,0.000741166,-0.0591909
-16,0.0691914,-0.0297495,0.00390549,-0.0623471
-15,0.0722567,-0.0303911,0.00707184,-0.065172
-14,0.1014,0.0284063,0.00547735,-0.0971859
-13,0.126838,0.057581,0.00652994,-0.112826
-12,0.142091,0.0794802,0.00601695,-0.117629
-11,0.141348,0.0914819,0.0032389,-0.107703
-10,0.142675,0.104101,0.00102146,-0.0975616
-9,0.146192,0.117334,-0.000635085,-0.0872036
-8,0.168098,0.140509,0.00723708,-0.0919894
-7,0.182881,0.162602,0.00773085,-0.083344
-6,0.259243,0.244211,0.00200464,-0.0869723
-5,0.55701,0.527434,-0.0379793,-0.175019
-4,0.78713,0.76326,-0.0442292,-0.187224
-3,0.997342,0.88665,-0.0566626,-0.453136
-2,2.83792,2.81557,-0.00977923,-0.35531
-1,7.01867,4.89625,0.0111169,-5.02875
0,12.9522,7.53691,-0.0252487,-10.5335
1,13.0371,7.4988,0.0658878,-10.6644
2,9.08621,5.41838,0.296182,-7.28784
3,4.15451,2.65399,0.456991,-3.16346
4,0.476865,-0.407678,0.157183,-0.191029
5,0.724314,-0.723067,0.0357738,-0.0229326
6,0.78867,-0.780057,0.00641793,-0.116057
7,0.692486,-0.676582,0.0108076,-0.147162
8,0.702972,-0.694299,0.0124023,-0.109382
9,0.64449,-0.625859,-0.0279797,-0.15128
10,0.613247,-0.582194,-0.0560021,-0.184352
11,0.598839,-0.549568,-0.0541687,-0.231622
12,0.592184,-0.528919,-0.0538164,-0.260827
13,0.590369,-0.515818,-0.0503391,-0.282725
14,0.621145,-0.537809,-0.0458274,-0.30738
15,0.666763,-0.577388,-0.0428949,-0.33069
16,0.692916,-0.601364,-0.043681,-0.341446
17,0.716425,-0.623254,-0.0442707,-0.350514
18,0.734445,-0.638515,-0.0423343,-0.360437
19,0.772488,-0.669423,-0.0400449,-0.383414
20,0.797343,-0.693798,-0.0368896,-0.391203
21,0.810995,-0.712416,-0.0342952,-0.386005
22,0.825732,-0.731901,-0.0327242,-0.380898
23,0.84155,-0.752253,-0.0321767,-0.375881
24,0.857812,-0.770874,-0.0318214,-0.374943
25,0.874293,-0.789691,-0.0314811,-0.37388
26,0.891002,-0.808757,-0.031164,-0.372594
27,0.907068,-0.823958,-0.035412,-0.377639
28,0.922124,-0.833563,-0.0454429,-0.391688
29,0.938198,-0.843707,-0.0516038,-0.407075
30,0.956945,-0.855294,-0.0621164,-0.424685
31,0.976887,-0.866862,-0.0735171,-0.444357
32,0.999693,-0.874895,-0.0887479,-0.475467
33,1.02435,-0.885967,-0.102342,-0.503874
34,1.03807,-0.88629,-0.113164,-0.528467
35,1.02819,-0.865049,-0.116018,-0.543517
36,1.10542,-0.900724,-0.170305,-0.617779
37,1.07759,-0.871868,-0.157303,-0.613433
38,1.01437,-0.821445,-0.120613,-0.582768
39,0.762326,-0.663784,0.0337471,-0.373352
40,0.566597,-0.412027,0.387206,-0.0365759
41,0.861334,-0.210636,0.775291,0.310568
42,0.940185,-0.191797,0.793055,0.467146
43,0.747916,-0.300227,0.457951,0.509434
44,0.799732,-0.429945,0.192592,0.646241
45,1.05518,-0.513662,0.111379,0.914954
46,1.42581,-0.698341,0.124924,1.23679
47,1.72578,-0.924663,0.131671,1.45119
48,1.7717,-1.04448,0.157367,1.42239
49,1.54134,-0.95048,0.283327,1.17985
50,1.24851,-0.73157,0.504984,0.876681
51,1.047,-0.491604,0.635954,0.670892
52,0.859026,-0.269154,0.644389,0.500244
53,0.710342,-0.128309,0.576103,0.395258
54,0.581766,-0.15128,0.485893,0.281913
55,0.555084,-0.276909,0.430257,0.215217
56,0.611037,-0.426467,0.396408,0.185343
57,0.727755,-0.546116,0.424492,0.226256
58,0.798726,-0.65408,0.393501,0.235159
59,0.885527,-0.807952,0.311359,0.185542
60,0.886638,-0.859558,0.179527,0.12271
61,0.870828,-0.868753,0.0388936,0.0458017
62,0.822653,-0.820284,-0.0623721,0.00126704
63,0.796968,-0.785157,-0.130885,-0.039436
64,0.727489,-0.719217,-0.10293,-0.037044
65,0.679108,-0.673891,-0.0785108,-0.029919
66,0.672011,-0.667731,-0.0733458,-0.0188315
67,0.67062,-0.667276,-0.0653053,-0.0144625
68,0.673047,-0.670763,-0.0534488,-0.0145674
69,0.680339,-0.679124,-0.0403989,-0.00433298
70,0.69178,-0.690899,-0.0346808,-0.0038486
71,0.700645,-0.699893,-0.0313431,-0.00840521
72,0.714309,-0.713805,-0.0260569,-0.00638888
73,0.72761,-0.727293,-0.02104,-0.00428167
74,0.740541,-0.740359,-0.0162924,-0.00208356
75,0.750925,-0.750794,-0.01393,-0.00174938
76,0.759869,-0.759753,-0.0129852,-0.00257572
77,0.768783,-0.768681,-0.0121084,-0.00336089
78,0.777669,-0.777576,-0.0112998,-0.0041049
79,0.786525,-0.786439,-0.0105593,-0.00480774
80,0.795351,-0.795271,-0.00988686,-0.00546942
81,0.804147,-0.80407,-0.00928257,-0.00608993
82,0.811194,-0.811125,-0.0085946,-0.00619997
83,0.816686,-0.816627,-0.00780001,-0.00584064
84,0.822116,-0.822068,-0.00701882,-0.00541712
85,0.827485,-0.827446,-0.00625105,-0.00492942
86,0.834642,-0.834628,-0.00433029,-0.00205829
87,0.839246,-0.839233,-0.00404677,-0.00230628
88,0.843835,-0.843822,-0.00376204,-0.0025377
89,0.848409,-0.848397,-0.00347608,-0.00275255
90,0.852969,-0.852958,-0.00318891,-0.00295082
91,0.857514,-0.857503,-0.00290052,-0.00313252
92,0.862045,-0.862034,-0.00261092,-0.00329763
93,0.865615,-0.865604,-0.00259266,-0.00355531
94,0.86908,-0.869068,-0.00260343,-0.00382062
95,0.872535,-0.872522,-0.00261549,-0.00408304
96,0.875981,-0.875966,-0.00262883,-0.00434259
97,0.879418,-0.879402,-0.00264346,-0.00459925
98,0.882845,-0.882828,-0.00265938,-0.00485304
99,0.886263,-0.886245,-0.00267659,-0.00510394
