R,v,vx,vy,vz
-100,0.898299,-0.897706,6.93317e-05,-0.0326449
-99,0.896272,-0.895661,6.03527e-05,-0.0330765
-98,0.893085,-0.892422,4.71705e-05,-0.0344067
-97,0.8899,-0.889183,3.43716e-05,-0.035703
-96,0.886715,-0.885944,2.19557e-05,-0.0369654
-95,0.883532,-0.882706,9.92302e-06,-0.0381938
-94,0.880349,-0.879468,-1.72654e-06,-0.0393883
-93,0.877167,-0.87623,-1.29929e-05,-0.0405489
-92,0.873986,-0.872992,-2.38762e-05,-0.0416755
-91,0.870805,-0.869754,-3.43763e-05,-0.0427682
-90,0.867624,-0.866517,-4.44933e-05,-0.0438269
-89,0.864444,-0.863279,-5.4227e-05,-0.0448518
-88,0.861263,-0.860042,-6.35777e-05,-0.0458427
-87,0.858083,-0.856805,-7.25451e-05,-0.0467996
-86,0.854902,-0.853569,-8.11294e-05,-0.0477226
-85,0.837812,-0.836662,0.0010545,-0.0438642
-84,0.831718,-0.830516,0.00125439,-0.044682
-83,0.825628,-0.824376,0.00146301,-0.0454273
-82,0.819542,-0.818243,0.00168036,-0.0461002
-81,0.813459,-0.812115,0.00190641,-0.0467007
-80,0.807379,-0.805994,0.00214115,-0.0472287
-79,0.801303,-0.799879,0.00238457,-0.0476843
-78,0.795229,-0.79377,0.00263665,-0.0480673
-77,0.789926,-0.788347,0.00233765,-0.0498602
-76,0.784607,-0.782899,0.00198953,-0.0517114
-75,0.779208,-0.777368,0.00163543,-0.0535057
-74,0.77373,-0.771754,0.00127534,-0.0552432
-73,0.768171,-0.766058,0.00090923,-0.0569239
-72,0.762531,-0.76028,0.00053707,-0.0585478
-71,0.756811,-0.75442,0.000158834,-0.0601148
-70,0.751009,-0.748477,-0.000225503,-0.061625
-69,0.745126,-0.742451,-0.000615969,-0.0630785
-68,0.739161,-0.736343,-0.00101259,-0.0644751
-67,0.733114,-0.730153,-0.0014154,-0.0658149
-66,0.726985,-0.72388,-0.00182441,-0.067098
-65,0.720773,-0.717524,-0.00223966,-0.0683243
-64,0.714478,-0.711085,-0.00266117,-0.0694939
-63,0.704278,-0.7007,-0.0029347,-0.07084
-62,0.692763,-0.688988,-0.00316655,-0.0721553
-61,0.681143,-0.677173,-0.00340565,-0.0733591
-60,0.669419,-0.665256,-0.00365177,-0.0744513
-59,0.657589,-0.653237,-0.00390466,-0.0754321
-58,0.645653,-0.641115,-0.00416408,-0.0763015
-57,0.634403,-0.629674,-0.00441751,-0.0771903
-56,0.623487,-0.618566,-0.00466206,-0.0780414
-55,0.612577,-0.607468,-0.00490143,-0.0788003
-54,0.60167,-0.596377,-0.00513562,-0.0794668
-53,0.590767,-0.585295,-0.00536465,-0.080041
-52,0.579867,-0.574222,-0.00558856,-0.0805228
-51,0.568969,-0.563156,-0.00580737,-0.080912
-50,0.558072,-0.552099,-0.00602109,-0.0812086
-49,0.546715,-0.540535,-0.00629362,-0.0817286
-48,0.535031,-0.528608,-0.00661637,-0.0823901
-47,0.523341,-0.516674,-0.00694783,-0.0829778
-46,0.511644,-0.504733,-0.007288,-0.0834918
-45,0.499939,-0.492784,-0.0076369,-0.0839324
-44,0.488227,-0.480828,-0.00799451,-0.0842996
-43,0.476508,-0.468864,-0.00836085,-0.0845936
-42,0.458016,-0.449082,-0.0149975,-0.0887674
-41,0.441112,-0.431592,-0.0169407,-0.089562
-40,0.42421,-0.414078,-0.0188698,-0.0902067
-39,0.407311,-0.396539,-0.0207847,-0.0907025
-38,0.397236,-0.386659,-0.0198896,-0.0888577
-37,0.387366,-0.376997,-0.0188834,-0.0870005
-36,0.377444,-0.367264,-0.0178714,-0.0852173
-35,0.36747,-0.357459,-0.0168536,-0.083508
-34,0.357445,-0.347582,-0.01583,-0.0818723
-33,0.34737,-0.337634,-0.0148006,-0.0803102
-32,0.337244,-0.327615,-0.0137655,-0.0788216
-31,0.318888,-0.309747,-0.00833059,-0.0753476
-30,0.299467,-0.290791,-0.00216935,-0.0715299
-29,0.280137,-0.271817,0.00412428,-0.0676418
-28,0.261999,-0.253894,0.0101762,-0.063857
-27,0.244268,-0.236187,0.0161492,-0.0601808
-26,0.226795,-0.218506,0.0220984,-0.0565945
-25,0.209632,-0.20085,0.0280232,-0.0530987
-24,0.203914,-0.194687,0.0267667,-0.054421
-23,0.201119,-0.1914,0.0237885,-0.0570007
-22,0.198355,-0.188022,0.02095,-0.0596135
-21,0.211398,-0.199955,0.0246396,-0.0640302
-20,0.214524,-0.202169,0.0265445,-0.0666627
-19,0.21008,-0.197315,0.0243575,-0.0678744
-18,0.197454,-0.184569,0.0171856,-0.0680223
-17,0.185268,-0.171834,0.00956383,-0.0686005
-16,0.173672,-0.159107,0.00148565,-0.0696052
-15,0.161832,-0.145906,-0.0232869,-0.0660205
-14,0.16548,-0.140097,-0.0648807,-0.0595573
-13,0.175868,-0.127187,-0.104784,-0.0614263
-12,0.168741,-0.0920721,-0.120989,-0.0731988
-11,0.163576,-0.0580581,-0.126308,-0.0862117
-10,0.159195,-0.0224621,-0.121672,-0.100172
-9,0.170693,0.022625,-0.119965,-0.119301
-8,0.215847,0.0763368,-0.135279,-0.149873
-7,0.21825,0.154504,-0.0935503,-0.122515
-6,0.311723,0.294655,-0.0448743,-0.0913006
-5,0.377036,0.368633,0.00345567,-0.0790807
-4,0.880888,0.871516,0.0468734,-0.119281
-3,1.29897,1.2977,-0.00222069,-0.0572751
-2,3.35045,3.28186,-0.0503928,-0.672591
-1,7.72665,4.54027,-0.738199,-6.20823
0,11.5511,4.25815,-1.4466,-10.6397
1,13.1757,4.17611,-1.66362,-12.3852
2,6.74334,0.401679,-0.834803,-6.6794
3,1.34744,-1.34656,-0.0148809,-0.0465802
4,1.43066,-1.39493,0.0374018,0.315519
5,0.751622,-0.744968,0.027908,0.0958086
6,0.652119,-0.651833,0.0152796,0.011773
7,0.552482,-0.551505,-0.0232062,-0.0232555
8,0.52537,-0.521744,-0.0457571,-0.0412711
9,0.472921,-0.468402,-0.0213543,-0.061627
10,0.438518,-0.430458,-0.00222914,-0.0836599
11,0.444363,-0.4299,-0.00203847,-0.112429
12,0.451486,-0.431063,-0.00313883,-0.134221
13,0.455561,-0.430839,-0.0100976,-0.147686
14,0.467259,-0.440931,-0.0174733,-0.153642
15,0.47001,-0.440643,-0.0222457,-0.162012
16,0.474609,-0.442958,-0.0340414,-0.166981
17,0.492172,-0.459671,-0.0411337,-0.17101
18,0.508278,-0.47415,-0.0480511,-0.176692
19,0.522924,-0.486395,-0.0547936,-0.184028
20,0.541659,-0.505367,-0.0599825,-0.185474
21,0.565335,-0.531666,-0.0641984,-0.181144
22,0.58912,-0.55738,-0.068872,-0.177897
23,0.612923,-0.582508,-0.0740033,-0.175732
24,0.634989,-0.606063,-0.0788576,-0.17228
25,0.65721,-0.629733,-0.0841388,-0.168171
26,0.679645,-0.653551,-0.0898641,-0.163442
27,0.70189,-0.677517,-0.0942464,-0.157285
28,0.723994,-0.70186,-0.0961136,-0.149409
29,0.74659,-0.726667,-0.0975387,-0.140846
30,0.7697,-0.75194,-0.0985216,-0.131594
31,0.789272,-0.77442,-0.0948542,-0.119279
32,0.809116,-0.796997,-0.0906171,-0.106083
33,0.829746,-0.820064,-0.0863372,-0.0922968
34,0.843749,-0.836548,-0.0799751,-0.0755225
35,0.844475,-0.839914,-0.0694092,-0.0535236
36,0.845574,-0.84301,-0.0582293,-0.0306447
37,0.847138,-0.845836,-0.0464352,-0.00688564
38,0.843755,-0.842969,-0.035581,0.00764181
39,0.838972,-0.838364,-0.0246651,0.0202839
40,0.834058,-0.833282,-0.0133394,0.0333926
41,0.82911,-0.827914,-0.00305103,0.0444231
42,0.824102,-0.822657,0.00351419,0.0486434
43,0.818806,-0.817032,0.0102464,0.0528896
44,0.812957,-0.810712,0.0175778,0.0577633
45,0.808057,-0.805552,0.0214679,0.0598389
46,0.803581,-0.80095,0.023777,0.0604695
47,0.79897,-0.796239,0.0258765,0.0607196
48,0.794948,-0.792197,0.0272657,0.0601818
49,0.794041,-0.791513,0.0262595,0.0576012
50,0.794988,-0.792613,0.0255099,0.0558587
51,0.793085,-0.790982,0.024385,0.052306
52,0.791124,-0.789296,0.0231055,0.0485316
53,0.789109,-0.787553,0.0216714,0.0445357
54,0.792203,-0.790817,0.0203463,0.042199
55,0.796137,-0.794903,0.0189963,0.0400453
56,0.800147,-0.79906,0.0175882,0.0378012
57,0.804232,-0.803288,0.016122,0.0354668
58,0.808395,-0.807588,0.0145976,0.033042
59,0.812637,-0.811959,0.0130151,0.0305268
60,0.816958,-0.816401,0.0113745,0.0279212
61,0.820637,-0.820156,0.0109069,0.025906
62,0.824147,-0.823726,0.0107587,0.0240564
63,0.827679,-0.827313,0.010599,0.022195
64,0.831232,-0.830918,0.0104277,0.0203218
65,0.834806,-0.834539,0.0102447,0.0184368
66,0.838402,-0.838178,0.0100501,0.01654
67,0.842019,-0.841834,0.00984383,0.0146314
68,0.845981,-0.845827,0.00946727,0.0130943
69,0.850109,-0.84998,0.00901928,0.0117227
70,0.854266,-0.85416,0.00856876,0.010356
71,0.861735,-0.861645,0.00736151,0.0100083
72,0.865108,-0.865035,0.00712071,0.00865281
73,0.868493,-0.868435,0.00686814,0.00730071
74,0.87189,-0.871845,0.00660379,0.00595203
75,0.8753,-0.875265,0.00632766,0.00460675
76,0.878723,-0.878696,0.00603976,0.00326488
77,0.882158,-0.882137,0.00574007,0.00192643
78,0.88553,-0.885513,0.00543898,0.000657325
79,0.887993,-0.887977,0.00525934,0.000209551
80,0.890482,-0.890468,0.00507902,-0.000217256
81,0.892998,-0.892985,0.00489801,-0.000623097
82,0.895541,-0.895528,0.00471632,-0.00100797
83,0.89811,-0.898097,0.00453394,-0.00137188
84,0.900705,-0.900693,0.00435088,-0.00171482
85,0.903327,-0.903315,0.00416713,-0.00203679
86,0.908736,-0.908726,0.00331111,-0.00248749
87,0.910414,-0.910404,0.00326929,-0.0028823
88,0.912099,-0.912087,0.003227,-0.00327625
89,0.913789,-0.913776,0.00318424,-0.00366933
90,0.915485,-0.915471,0.00314101,-0.00406155
91,0.917188,-0.917171,0.00309731,-0.0044529
92,0.918895,-0.918878,0.00305314,-0.0048434
93,0.920609,-0.920589,0.0030085,-0.00523303
94,0.922329,-0.922307,0.00296338,-0.0056218
95,0.924054,-0.92403,0.0029178,-0.0060097
96,0.925785,-0.925759,0.00287174,-0.00639675
97,0.927522,-0.927493,0.00282521,-0.00678293
98,0.929265,-0.929233,0.00277821,-0.00716825
99,0.931014,-0.930979,0.00273074,-0.00755271
