x,y,z,b
225,216,0,3.88119
225,216,1,3.8812
225,216,2,3.88121
225,216,3,3.88122
225,216,4,3.88123
225,216,5,3.88124
225,216,6,3.88124
225,216,7,3.88125
225,216,8,3.88126
225,216,9,3.88127
225,216,10,3.88128
225,216,11,3.88129
225,216,12,3.8813
225,216,13,3.88131
225,216,14,3.88132
225,216,15,3.88136
225,216,16,3.88141
225,216,17,3.88146
225,216,18,3.88151
225,216,19,3.88155
225,216,20,3.8816
225,216,21,3.88165
225,216,22,3.88169
225,216,23,3.88174
225,216,24,3.88179
225,216,25,3.88183
225,216,26,3.88188
225,216,27,3.88193
225,216,28,3.88197
225,216,29,3.88202
225,216,30,3.88207
225,216,31,3.88212
225,216,32,3.88216
225,216,33,3.88221
225,216,34,3.88226
225,216,35,3.8823
225,216,36,3.88235
225,216,37,3.8824
225,216,38,3.88244
225,216,39,3.88249
225,216,40,3.88254
225,216,41,3.88259
225,216,42,3.88263
225,216,43,3.88266
225,216,44,3.88268
225,216,45,3.88271
225,216,46,3.88273
225,216,47,3.88276
225,216,48,3.88278
225,216,49,3.8828
225,216,50,3.88283
225,216,51,3.88285
225,216,52,3.88288
225,216,53,3.8829
225,216,54,3.88292
225,216,55,3.88295
225,216,56,3.88297
225,216,57,3.88325
225,216,58,3.88336
225,216,59,3.88347
225,216,60,3.88358
225,216,61,3.88369
225,216,62,3.8838
225,216,63,3.88392
225,216,64,3.88403
225,216,65,3.88415
225,216,66,3.88426
225,216,67,3.88438
225,216,68,3.88449
225,216,69,3.88461
225,216,70,3.88472
225,216,71,3.88484
225,216,72,3.88495
225,216,73,3.88507
225,216,74,3.88518
225,216,75,3.8853
225,216,76,3.88541
225,216,77,3.88553
225,216,78,3.88567
225,216,79,3.88581
225,216,80,3.88596
225,216,81,3.88611
225,216,82,3.88625
225,216,83,3.8864
225,216,84,3.88655
225,216,85,3.8867
225,216,86,3.88684
225,216,87,3.88699
225,216,88,3.88714
225,216,89,3.88729
225,216,90,3.88743
225,216,91,3.88758
225,216,92,3.88762
225,216,93,3.88759
225,216,94,3.88755
225,216,95,3.88752
225,216,96,3.88749
225,216,97,3.88745
225,216,98,3.88742
225,216,99,3.88755
225,216,100,3.88763
225,216,101,3.88772
225,216,102,3.88782
225,216,103,3.88838
225,216,104,3.88893
225,216,105,3.88949
225,216,106,3.89004
225,216,107,3.89059
225,216,108,3.89115
225,216,109,3.8917
225,216,110,3.89229
225,216,111,3.89287
225,216,112,3.89346
225,216,113,3.89405
225,216,114,3.89463
225,216,115,3.89522
225,216,116,3.89581
225,216,117,3.89577
225,216,118,3.89572
225,216,119,3.89566
225,216,120,3.89839
225,216,121,3.89976
225,216,122,3.90014
225,216,123,3.90013
225,216,124,3.90011
225,216,125,3.89999
225,216,126,3.89948
225,216,127,3.89897
225,216,128,3.89846
225,216,129,3.8982
225,216,130,3.89804
225,216,131,3.89789
225,216,132,3.89778
225,216,133,3.89785
225,216,134,3.89792
225,216,135,3.89799
225,216,136,3.8978
225,216,137,3.89745
225,216,138,3.89711
225,216,139,3.8968
225,216,140,3.89671
225,216,141,3.89663
225,216,142,3.89655
225,216,143,3.896
225,216,144,3.89517
225,216,145,3.89433
225,216,146,3.89332
225,216,147,3.89069
225,216,148,3.88592
225,216,149,3.88507
225,216,150,3.88422
225,216,151,3.88336
225,216,152,3.88259
225,216,153,3.88184
225,216,154,3.88108
225,216,155,3.88033
225,216,156,3.87958
225,216,157,3.87882
225,216,158,3.87807
225,216,159,3.8773
225,216,160,3.87653
225,216,161,3.87575
225,216,162,3.87498
225,216,163,3.87421
225,216,164,3.87343
225,216,165,3.87266
225,216,166,3.87239
225,216,167,3.87227
225,216,168,3.87215
225,216,169,3.87204
225,216,170,3.87192
225,216,171,3.8718
225,216,172,3.87168
225,216,173,3.87213
225,216,174,3.87277
225,216,175,3.87342
225,216,176,3.87406
225,216,177,3.87471
225,216,178,3.87535
225,216,179,3.876
225,216,180,3.8761
225,216,181,3.87598
225,216,182,3.87586
225,216,183,3.87574
225,216,184,3.87562
225,216,185,3.8755
225,216,186,3.87538
225,216,187,3.87478
225,216,188,3.87395
225,216,189,3.87313
225,216,190,3.8723
225,216,191,3.87147
225,216,192,3.87064
225,216,193,3.86981
225,216,194,3.8695
225,216,195,3.86947
225,216,196,3.86945
225,216,197,3.86943
225,216,198,3.8694
225,216,199,3.86938
225,216,200,3.86935
225,216,201,3.86946
225,216,202,3.86964
225,216,203,3.86983
225,216,204,3.87002
225,216,205,3.87021
225,216,206,3.87039
225,216,207,3.87058
225,216,208,3.87077
225,216,209,3.87096
225,216,210,3.87116
225,216,211,3.87212
225,216,212,3.87273
225,216,213,3.8725
225,216,214,3.8704
225,216,215,3.86829
225,216,216,3.86618
225,216,217,3.86214
225,216,218,3.85758
225,216,219,3.85303
225,216,220,3.84713
225,216,221,3.83766
225,216,222,3.82819
225,216,223,3.81872
225,216,224,3.81145
225,216,225,3.80488
225,216,226,3.79831
225,216,227,3.79306
225,216,228,3.79195
225,216,229,3.79083
225,216,230,3.78972
225,216,231,3.79085
225,216,232,3.79281
225,216,233,3.79477
225,216,234,3.7967
225,216,235,3.7985
225,216,236,3.80031
225,216,237,3.80211
225,216,238,3.80587
225,216,239,3.81048
225,216,240,3.81509
225,216,241,3.81967
225,216,242,3.82417
225,216,243,3.82867
225,216,244,3.83316
225,216,245,3.83706
225,216,246,3.84066
225,216,247,3.84425
225,216,248,3.84799
225,216,249,3.8525
225,216,250,3.85702
225,216,251,3.86154
225,216,252,3.86656
225,216,253,3.87188
225,216,254,3.8772
225,216,255,3.88264
225,216,256,3.88899
225,216,257,3.89533
225,216,258,3.90167
225,216,259,3.90511
225,216,260,3.90661
225,216,261,3.90812
225,216,262,3.90964
225,216,263,3.9112
225,216,264,3.91275
225,216,265,3.91431
225,216,266,3.91577
225,216,267,3.91717
225,216,268,3.91856
225,216,269,3.91997
225,216,270,3.92175
225,216,271,3.92352
225,216,272,3.9253
225,216,273,3.92558
225,216,274,3.92459
225,216,275,3.92359
225,216,276,3.92257
225,216,277,3.9206
225,216,278,3.91863
225,216,279,3.91666
225,216,280,3.9138
225,216,281,3.91008
225,216,282,3.90514
225,216,283,3.90293
225,216,284,3.90071
225,216,285,3.89881
225,216,286,3.89791
225,216,287,3.89701
225,216,288,3.8961
225,216,289,3.8952
225,216,290,3.8943
225,216,291,3.8934
225,216,292,3.89254
225,216,293,3.89188
225,216,294,3.89122
225,216,295,3.89056
225,216,296,3.89013
225,216,297,3.88965
225,216,298,3.88917
225,216,299,3.88868
225,216,300,3.8882
225,216,301,3.88772
225,216,302,3.88724
225,216,303,3.88695
225,216,304,3.88676
225,216,305,3.88656
225,216,306,3.88637
225,216,307,3.88617
225,216,308,3.88598
225,216,309,3.88578
225,216,310,3.88546
225,216,311,3.88532
225,216,312,3.88518
225,216,313,3.88504
225,216,314,3.88491
225,216,315,3.88477
225,216,316,3.88463
225,216,317,3.88449
225,216,318,3.88435
225,216,319,3.88422
225,216,320,3.88408
225,216,321,3.88394
225,216,322,3.8838
225,216,323,3.88366
225,216,324,3.88357
225,216,325,3.88351
225,216,326,3.88345
225,216,327,3.88339
225,216,328,3.88333
225,216,329,3.88327
225,216,330,3.88321
225,216,331,3.88315
225,216,332,3.88309
225,216,333,3.88303
225,216,334,3.88297
225,216,335,3.88291
225,216,336,3.88285
225,216,337,3.88279
225,216,338,3.88273
225,216,339,3.88267
225,216,340,3.88261
225,216,341,3.88255
225,216,342,3.88249
225,216,343,3.88243
225,216,344,3.88237
225,216,345,3.88231
225,216,346,3.88225
225,216,347,3.88219
225,216,348,3.88213
225,216,349,3.88207
225,216,350,3.88201
225,216,351,3.88195
225,216,352,3.88191
225,216,353,3.88189
225,216,354,3.88188
225,216,355,3.88187
225,216,356,3.88185
225,216,357,3.88184
225,216,358,3.88183
225,216,359,3.88181
225,216,360,3.8818
225,216,361,3.88179
225,216,362,3.88177
225,216,363,3.88176
225,216,364,3.88175
225,216,365,3.88173
225,216,366,3.88172
225,216,367,3.88171
225,216,368,3.88169
225,216,369,3.88168
225,216,370,3.88167
225,216,371,3.88165
225,216,372,3.88164
225,216,373,3.88163
225,216,374,3.88161
225,216,375,3.8816
225,216,376,3.88159
225,216,377,3.88157
225,216,378,3.88156
225,216,379,3.88155
225,216,380,3.88154
225,216,381,3.88153
225,216,382,3.88153
225,216,383,3.88152
225,216,384,3.88151
225,216,385,3.88151
225,216,386,3.8815
225,216,387,3.8815
225,216,388,3.88149
225,216,389,3.88149
225,216,390,3.88148
225,216,391,3.88148
225,216,392,3.88147
225,216,393,3.88147
225,216,394,3.88146
225,216,395,3.88146
225,216,396,3.88145
225,216,397,3.88145
225,216,398,3.88144
225,216,399,3.88144
225,216,400,3.88143
225,216,401,3.88142
225,216,402,3.88142
225,216,403,3.88141
225,216,404,3.88141
225,216,405,3.8814
225,216,406,3.8814
225,216,407,3.88139
225,216,408,3.88139
225,216,409,3.88137
225,216,410,3.88136
225,216,411,3.88135
225,216,412,3.88134
225,216,413,3.88133
225,216,414,3.88132
225,216,415,3.8813
225,216,416,3.88129
225,216,417,3.88128
225,216,418,3.88127
225,216,419,3.88126
225,216,420,3.88125
225,216,421,3.88123
225,216,422,3.88122
225,216,423,3.88121
225,216,424,3.8812
225,216,425,3.88119
225,216,426,3.88117
225,216,427,3.88116
225,216,428,3.88115
225,216,429,3.88114
225,216,430,3.88113
225,216,431,3.88112
225,216,432,3.8811
225,216,433,3.88109
225,216,434,3.88108
225,216,435,3.88107
225,216,436,3.88106
225,216,437,3.88107
225,216,438,3.88108
225,216,439,3.88109
225,216,440,3.8811
225,216,441,3.8811
225,216,442,3.88111
225,216,443,3.88112
225,216,444,3.88113
225,216,445,3.88114
225,216,446,3.88115
225,216,447,3.88116
225,216,448,3.88117
225,216,449,3.88118
225,216,450,3.88119
