x,y,z,b
225,216,0,3.88111
225,216,1,3.88111
225,216,2,3.88111
225,216,3,3.88111
225,216,4,3.88111
225,216,5,3.88111
225,216,6,3.88112
225,216,7,3.88112
225,216,8,3.88112
225,216,9,3.88112
225,216,10,3.88112
225,216,11,3.88112
225,216,12,3.88112
225,216,13,3.88113
225,216,14,3.88113
225,216,15,3.88114
225,216,16,3.88115
225,216,17,3.88116
225,216,18,3.88117
225,216,19,3.88118
225,216,20,3.88119
225,216,21,3.8812
225,216,22,3.88121
225,216,23,3.88122
225,216,24,3.88123
225,216,25,3.88124
225,216,26,3.88124
225,216,27,3.88125
225,216,28,3.88126
225,216,29,3.88127
225,216,30,3.88128
225,216,31,3.88129
225,216,32,3.8813
225,216,33,3.88131
225,216,34,3.88132
225,216,35,3.88133
225,216,36,3.88134
225,216,37,3.88135
225,216,38,3.88136
225,216,39,3.88137
225,216,40,3.88138
225,216,41,3.88139
225,216,42,3.8814
225,216,43,3.88142
225,216,44,3.88143
225,216,45,3.88145
225,216,46,3.88146
225,216,47,3.88148
225,216,48,3.88149
225,216,49,3.88151
225,216,50,3.88152
225,216,51,3.88154
225,216,52,3.88155
225,216,53,3.88157
225,216,54,3.88158
225,216,55,3.8816
225,216,56,3.88161
225,216,57,3.88163
225,216,58,3.88164
225,216,59,3.88166
225,216,60,3.88167
225,216,61,3.88168
225,216,62,3.8817
225,216,63,3.88171
225,216,64,3.88173
225,216,65,3.88174
225,216,66,3.88176
225,216,67,3.88177
225,216,68,3.88179
225,216,69,3.8818
225,216,70,3.88182
225,216,71,3.88186
225,216,72,3.8819
225,216,73,3.88195
225,216,74,3.882
225,216,75,3.88205
225,216,76,3.8821
225,216,77,3.88215
225,216,78,3.88219
225,216,79,3.88224
225,216,80,3.88229
225,216,81,3.88234
225,216,82,3.88239
225,216,83,3.88243
225,216,84,3.88248
225,216,85,3.88253
225,216,86,3.88258
225,216,87,3.88263
225,216,88,3.88267
225,216,89,3.88272
225,216,90,3.88277
225,216,91,3.88282
225,216,92,3.88287
225,216,93,3.88292
225,216,94,3.88296
225,216,95,3.88301
225,216,96,3.88306
225,216,97,3.88311
225,216,98,3.88316
225,216,99,3.88326
225,216,100,3.88342
225,216,101,3.88357
225,216,102,3.88373
225,216,103,3.88388
225,216,104,3.88403
225,216,105,3.88419
225,216,106,3.88434
225,216,107,3.8845
225,216,108,3.88465
225,216,109,3.88481
225,216,110,3.88496
225,216,111,3.88511
225,216,112,3.88527
225,216,113,3.88519
225,216,114,3.88535
225,216,115,3.88551
225,216,116,3.88567
225,216,117,3.88582
225,216,118,3.88598
225,216,119,3.88614
225,216,120,3.88639
225,216,121,3.88674
225,216,122,3.8871
225,216,123,3.88745
225,216,124,3.88781
225,216,125,3.88816
225,216,126,3.88851
225,216,127,3.89009
225,216,128,3.89088
225,216,129,3.89167
225,216,130,3.89245
225,216,131,3.89346
225,216,132,3.89449
225,216,133,3.89552
225,216,134,3.89649
225,216,135,3.89759
225,216,136,3.89875
225,216,137,3.89994
225,216,138,3.89934
225,216,139,3.90142
225,216,140,3.90333
225,216,141,3.90475
225,216,142,3.90547
225,216,143,3.9055
225,216,144,3.90489
225,216,145,3.90406
225,216,146,3.90388
225,216,147,3.90396
225,216,148,3.90488
225,216,149,3.90652
225,216,150,3.90899
225,216,151,3.9113
225,216,152,3.91368
225,216,153,3.915
225,216,154,3.91454
225,216,155,3.91443
225,216,156,3.91432
225,216,157,3.91373
225,216,158,3.91254
225,216,159,3.91107
225,216,160,3.90805
225,216,161,3.90413
225,216,162,3.89619
225,216,163,3.88968
225,216,164,3.88528
225,216,165,3.88428
225,216,166,3.881
225,216,167,3.88202
225,216,168,3.88875
225,216,169,3.90637
225,216,170,3.92148
225,216,171,3.92465
225,216,172,3.89667
225,216,173,3.86513
225,216,174,3.845
225,216,175,3.8268
225,216,176,3.81527
225,216,177,3.80458
225,216,178,3.79552
225,216,179,3.78745
225,216,180,3.7801
225,216,181,3.77516
225,216,182,3.76535
225,216,183,3.74992
225,216,184,3.74579
225,216,185,3.76896
225,216,186,3.78601
225,216,187,3.80503
225,216,188,3.83149
225,216,189,3.86606
225,216,190,3.87732
225,216,191,3.87263
225,216,192,3.86194
225,216,193,3.85401
225,216,194,3.8456
225,216,195,3.84323
225,216,196,3.84267
225,216,197,3.84534
225,216,198,3.8476
225,216,199,3.84856
225,216,200,3.84789
225,216,201,3.84549
225,216,202,3.84159
225,216,203,3.83715
225,216,204,3.83789
225,216,205,3.83943
225,216,206,3.84341
225,216,207,3.84631
225,216,208,3.84721
225,216,209,3.84933
225,216,210,3.85007
225,216,211,3.8505
225,216,212,3.85094
225,216,213,3.8512
225,216,214,3.85106
225,216,215,3.85093
225,216,216,3.85079
225,216,217,3.84998
225,216,218,3.84898
225,216,219,3.84798
225,216,220,3.84735
225,216,221,3.84767
225,216,222,3.848
225,216,223,3.84832
225,216,224,3.84839
225,216,225,3.84838
225,216,226,3.84836
225,216,227,3.84851
225,216,228,3.84918
225,216,229,3.84984
225,216,230,3.8505
225,216,231,3.85133
225,216,232,3.85221
225,216,233,3.8531
225,216,234,3.85396
225,216,235,3.85471
225,216,236,3.85546
225,216,237,3.85621
225,216,238,3.85767
225,216,239,3.85944
225,216,240,3.86194
225,216,241,3.86257
225,216,242,3.86321
225,216,243,3.86385
225,216,244,3.8645
225,216,245,3.86516
225,216,246,3.86581
225,216,247,3.86646
225,216,248,3.86712
225,216,249,3.86777
225,216,250,3.86857
225,216,251,3.8696
225,216,252,3.87063
225,216,253,3.87166
225,216,254,3.87328
225,216,255,3.87378
225,216,256,3.87429
225,216,257,3.87479
225,216,258,3.87529
225,216,259,3.8758
225,216,260,3.8763
225,216,261,3.87666
225,216,262,3.87699
225,216,263,3.87732
225,216,264,3.87766
225,216,265,3.87799
225,216,266,3.87832
225,216,267,3.87866
225,216,268,3.87899
225,216,269,3.87932
225,216,270,3.87965
225,216,271,3.87999
225,216,272,3.88032
225,216,273,3.88065
225,216,274,3.88098
225,216,275,3.8811
225,216,276,3.88115
225,216,277,3.8812
225,216,278,3.88125
225,216,279,3.88131
225,216,280,3.88136
225,216,281,3.88141
225,216,282,3.88101
225,216,283,3.88117
225,216,284,3.88134
225,216,285,3.8815
225,216,286,3.88166
225,216,287,3.88183
225,216,288,3.88199
225,216,289,3.88216
225,216,290,3.88232
225,216,291,3.88248
225,216,292,3.88265
225,216,293,3.88281
225,216,294,3.88297
225,216,295,3.88314
225,216,296,3.88317
225,216,297,3.88313
225,216,298,3.8831
225,216,299,3.88306
225,216,300,3.88303
225,216,301,3.88299
225,216,302,3.88296
225,216,303,3.88292
225,216,304,3.88289
225,216,305,3.88285
225,216,306,3.88282
225,216,307,3.88278
225,216,308,3.88274
225,216,309,3.88271
225,216,310,3.88267
225,216,311,3.88264
225,216,312,3.8826
225,216,313,3.88257
225,216,314,3.88253
225,216,315,3.8825
225,216,316,3.88246
225,216,317,3.88243
225,216,318,3.88239
225,216,319,3.88236
225,216,320,3.88232
225,216,321,3.88229
225,216,322,3.88225
225,216,323,3.88222
225,216,324,3.88219
225,216,325,3.88217
225,216,326,3.88214
225,216,327,3.88212
225,216,328,3.8821
225,216,329,3.88207
225,216,330,3.88205
225,216,331,3.88203
225,216,332,3.882
225,216,333,3.88198
225,216,334,3.88196
225,216,335,3.88193
225,216,336,3.88191
225,216,337,3.88188
225,216,338,3.88186
225,216,339,3.88184
225,216,340,3.88181
225,216,341,3.88179
225,216,342,3.88177
225,216,343,3.88174
225,216,344,3.88172
225,216,345,3.8817
225,216,346,3.88167
225,216,347,3.88165
225,216,348,3.88163
225,216,349,3.8816
225,216,350,3.88158
225,216,351,3.88156
225,216,352,3.88154
225,216,353,3.88154
225,216,354,3.88153
225,216,355,3.88153
225,216,356,3.88152
225,216,357,3.88152
225,216,358,3.88151
225,216,359,3.88151
225,216,360,3.8815
225,216,361,3.8815
225,216,362,3.88149
225,216,363,3.88149
225,216,364,3.88148
225,216,365,3.88148
225,216,366,3.88147
225,216,367,3.88147
225,216,368,3.88146
225,216,369,3.88146
225,216,370,3.88146
225,216,371,3.88145
225,216,372,3.88145
225,216,373,3.88144
225,216,374,3.88144
225,216,375,3.88143
225,216,376,3.88143
225,216,377,3.88142
225,216,378,3.88142
225,216,379,3.88141
225,216,380,3.88141
225,216,381,3.8814
225,216,382,3.88139
225,216,383,3.88139
225,216,384,3.88138
225,216,385,3.88137
225,216,386,3.88136
225,216,387,3.88136
225,216,388,3.88135
225,216,389,3.88134
225,216,390,3.88134
225,216,391,3.88133
225,216,392,3.88132
225,216,393,3.88132
225,216,394,3.88131
225,216,395,3.8813
225,216,396,3.88129
225,216,397,3.88129
225,216,398,3.88128
225,216,399,3.88127
225,216,400,3.88127
225,216,401,3.88126
225,216,402,3.88125
225,216,403,3.88125
225,216,404,3.88124
225,216,405,3.88123
225,216,406,3.88122
225,216,407,3.88122
225,216,408,3.88121
225,216,409,3.88121
225,216,410,3.8812
225,216,411,3.8812
225,216,412,3.88119
225,216,413,3.88119
225,216,414,3.88118
225,216,415,3.88118
225,216,416,3.88118
225,216,417,3.88117
225,216,418,3.88117
225,216,419,3.88116
225,216,420,3.88116
225,216,421,3.88115
225,216,422,3.88115
225,216,423,3.88114
225,216,424,3.88114
225,216,425,3.88114
225,216,426,3.88113
225,216,427,3.88113
225,216,428,3.88112
225,216,429,3.88112
225,216,430,3.88111
225,216,431,3.88111
225,216,432,3.8811
225,216,433,3.8811
225,216,434,3.8811
225,216,435,3.88109
225,216,436,3.88109
225,216,437,3.88109
225,216,438,3.88109
225,216,439,3.88109
225,216,440,3.88109
225,216,441,3.88109
225,216,442,3.8811
225,216,443,3.8811
225,216,444,3.8811
225,216,445,3.8811
225,216,446,3.8811
225,216,447,3.8811
225,216,448,3.8811
225,216,449,3.88111
225,216,450,3.88111
