x,y,z,b
225,216,0,3.88127
225,216,1,3.88128
225,216,2,3.88129
225,216,3,3.88129
225,216,4,3.8813
225,216,5,3.88131
225,216,6,3.88131
225,216,7,3.88132
225,216,8,3.88132
225,216,9,3.88133
225,216,10,3.88134
225,216,11,3.88134
225,216,12,3.88135
225,216,13,3.88136
225,216,14,3.88136
225,216,15,3.88139
225,216,16,3.88142
225,216,17,3.88145
225,216,18,3.88148
225,216,19,3.8815
225,216,20,3.88153
225,216,21,3.88156
225,216,22,3.88159
225,216,23,3.88162
225,216,24,3.88165
225,216,25,3.88167
225,216,26,3.8817
225,216,27,3.88173
225,216,28,3.88176
225,216,29,3.88179
225,216,30,3.88182
225,216,31,3.88184
225,216,32,3.88187
225,216,33,3.8819
225,216,34,3.88193
225,216,35,3.88196
225,216,36,3.88199
225,216,37,3.88202
225,216,38,3.88204
225,216,39,3.88207
225,216,40,3.8821
225,216,41,3.88213
225,216,42,3.88216
225,216,43,3.88221
225,216,44,3.88226
225,216,45,3.88232
225,216,46,3.88238
225,216,47,3.88243
225,216,48,3.88249
225,216,49,3.88255
225,216,50,3.8826
225,216,51,3.88266
225,216,52,3.88271
225,216,53,3.88277
225,216,54,3.88283
225,216,55,3.88288
225,216,56,3.88294
225,216,57,3.883
225,216,58,3.88305
225,216,59,3.88311
225,216,60,3.88316
225,216,61,3.88322
225,216,62,3.88328
225,216,63,3.88333
225,216,64,3.88339
225,216,65,3.88345
225,216,66,3.8835
225,216,67,3.88356
225,216,68,3.88361
225,216,69,3.88367
225,216,70,3.88373
225,216,71,3.88383
225,216,72,3.88396
225,216,73,3.88409
225,216,74,3.88422
225,216,75,3.88435
225,216,76,3.88449
225,216,77,3.88462
225,216,78,3.88475
225,216,79,3.88488
225,216,80,3.88501
225,216,81,3.88514
225,216,82,3.88527
225,216,83,3.8854
225,216,84,3.88553
225,216,85,3.88548
225,216,86,3.88566
225,216,87,3.88585
225,216,88,3.88603
225,216,89,3.88622
225,216,90,3.8864
225,216,91,3.88659
225,216,92,3.88694
225,216,93,3.8874
225,216,94,3.88786
225,216,95,3.88833
225,216,96,3.88879
225,216,97,3.88925
225,216,98,3.88971
225,216,99,3.89041
225,216,100,3.8911
225,216,101,3.89179
225,216,102,3.89249
225,216,103,3.8932
225,216,104,3.89392
225,216,105,3.89464
225,216,106,3.89535
225,216,107,3.89607
225,216,108,3.89678
225,216,109,3.89751
225,216,110,3.89875
225,216,111,3.89999
225,216,112,3.90123
225,216,113,3.90247
225,216,114,3.90371
225,216,115,3.90495
225,216,116,3.90618
225,216,117,3.90732
225,216,118,3.90846
225,216,119,3.90959
225,216,120,3.91348
225,216,121,3.91567
225,216,122,3.91731
225,216,123,3.91873
225,216,124,3.92016
225,216,125,3.92165
225,216,126,3.92345
225,216,127,3.92525
225,216,128,3.92705
225,216,129,3.92861
225,216,130,3.93004
225,216,131,3.93148
225,216,132,3.933
225,216,133,3.935
225,216,134,3.937
225,216,135,3.93899
225,216,136,3.94026
225,216,137,3.94113
225,216,138,3.94199
225,216,139,3.94265
225,216,140,3.9419
225,216,141,3.94116
225,216,142,3.94042
225,216,143,3.93872
225,216,144,3.93643
225,216,145,3.93415
225,216,146,3.93197
225,216,147,3.93074
225,216,148,3.92951
225,216,149,3.92829
225,216,150,3.92654
225,216,151,3.92444
225,216,152,3.92233
225,216,153,3.92021
225,216,154,3.91794
225,216,155,3.91567
225,216,156,3.9134
225,216,157,3.91157
225,216,158,3.9101
225,216,159,3.90862
225,216,160,3.90716
225,216,161,3.90588
225,216,162,3.9046
225,216,163,3.90332
225,216,164,3.90112
225,216,165,3.89807
225,216,166,3.89502
225,216,167,3.89197
225,216,168,3.88821
225,216,169,3.88445
225,216,170,3.88069
225,216,171,3.87762
225,216,172,3.87528
225,216,173,3.87293
225,216,174,3.87059
225,216,175,3.86814
225,216,176,3.86067
225,216,177,3.86139
225,216,178,3.86211
225,216,179,3.86283
225,216,180,3.86445
225,216,181,3.86647
225,216,182,3.86848
225,216,183,3.87049
225,216,184,3.8725
225,216,185,3.87451
225,216,186,3.87652
225,216,187,3.87674
225,216,188,3.8761
225,216,189,3.87545
225,216,190,3.87481
225,216,191,3.87416
225,216,192,3.87352
225,216,193,3.87287
225,216,194,3.87099
225,216,195,3.86841
225,216,196,3.86582
225,216,197,3.86003
225,216,198,3.85552
225,216,199,3.85128
225,216,200,3.8475
225,216,201,3.84372
225,216,202,3.83994
225,216,203,3.83865
225,216,204,3.83779
225,216,205,3.83694
225,216,206,3.83611
225,216,207,3.83536
225,216,208,3.83461
225,216,209,3.83385
225,216,210,3.83417
225,216,211,3.83472
225,216,212,3.83528
225,216,213,3.8355
225,216,214,3.83498
225,216,215,3.83445
225,216,216,3.83393
225,216,217,3.83444
225,216,218,3.83774
225,216,219,3.83735
225,216,220,3.83696
225,216,221,3.83658
225,216,222,3.83735
225,216,223,3.83922
225,216,224,3.8411
225,216,225,3.83097
225,216,226,3.82879
225,216,227,3.82939
225,216,228,3.83873
225,216,229,3.84807
225,216,230,3.85741
225,216,231,3.86463
225,216,232,3.87104
225,216,233,3.87746
225,216,234,3.88246
225,216,235,3.88217
225,216,236,3.88188
225,216,237,3.88159
225,216,238,3.88114
225,216,239,3.88063
225,216,240,3.88083
225,216,241,3.88005
225,216,242,3.87927
225,216,243,3.87844
225,216,244,3.87754
225,216,245,3.87664
225,216,246,3.87574
225,216,247,3.87484
225,216,248,3.87394
225,216,249,3.87303
225,216,250,3.87267
225,216,251,3.87316
225,216,252,3.87364
225,216,253,3.87413
225,216,254,3.87461
225,216,255,3.87509
225,216,256,3.87558
225,216,257,3.87589
225,216,258,3.8759
225,216,259,3.87591
225,216,260,3.87592
225,216,261,3.87592
225,216,262,3.87593
225,216,263,3.87594
225,216,264,3.87609
225,216,265,3.87653
225,216,266,3.87697
225,216,267,3.87741
225,216,268,3.87832
225,216,269,3.87856
225,216,270,3.8788
225,216,271,3.87904
225,216,272,3.87928
225,216,273,3.87952
225,216,274,3.87976
225,216,275,3.87987
225,216,276,3.87995
225,216,277,3.88003
225,216,278,3.88011
225,216,279,3.88019
225,216,280,3.88027
225,216,281,3.88035
225,216,282,3.88055
225,216,283,3.88063
225,216,284,3.8807
225,216,285,3.88078
225,216,286,3.88086
225,216,287,3.88093
225,216,288,3.88101
225,216,289,3.88108
225,216,290,3.88116
225,216,291,3.88124
225,216,292,3.88131
225,216,293,3.88139
225,216,294,3.88146
225,216,295,3.88154
225,216,296,3.88156
225,216,297,3.88156
225,216,298,3.88156
225,216,299,3.88156
225,216,300,3.88155
225,216,301,3.88155
225,216,302,3.88155
225,216,303,3.88155
225,216,304,3.88154
225,216,305,3.88154
225,216,306,3.88154
225,216,307,3.88154
225,216,308,3.88153
225,216,309,3.88153
225,216,310,3.88153
225,216,311,3.88153
225,216,312,3.88153
225,216,313,3.88152
225,216,314,3.88152
225,216,315,3.88152
225,216,316,3.88152
225,216,317,3.88151
225,216,318,3.88151
225,216,319,3.88151
225,216,320,3.88151
225,216,321,3.8815
225,216,322,3.8815
225,216,323,3.8815
225,216,324,3.8815
225,216,325,3.88149
225,216,326,3.88149
225,216,327,3.88148
225,216,328,3.88148
225,216,329,3.88147
225,216,330,3.88147
225,216,331,3.88146
225,216,332,3.88146
225,216,333,3.88145
225,216,334,3.88145
225,216,335,3.88144
225,216,336,3.88144
225,216,337,3.88143
225,216,338,3.88143
225,216,339,3.88142
225,216,340,3.88142
225,216,341,3.88141
225,216,342,3.88141
225,216,343,3.88141
225,216,344,3.8814
225,216,345,3.8814
225,216,346,3.88139
225,216,347,3.88139
225,216,348,3.88138
225,216,349,3.88138
225,216,350,3.88137
225,216,351,3.88137
225,216,352,3.88136
225,216,353,3.88136
225,216,354,3.88136
225,216,355,3.88136
225,216,356,3.88136
225,216,357,3.88136
225,216,358,3.88136
225,216,359,3.88136
225,216,360,3.88136
225,216,361,3.88136
225,216,362,3.88136
225,216,363,3.88136
225,216,364,3.88136
225,216,365,3.88136
225,216,366,3.88136
225,216,367,3.88136
225,216,368,3.88136
225,216,369,3.88136
225,216,370,3.88136
225,216,371,3.88136
225,216,372,3.88136
225,216,373,3.88136
225,216,374,3.88135
225,216,375,3.88135
225,216,376,3.88135
225,216,377,3.88135
225,216,378,3.88135
225,216,379,3.88135
225,216,380,3.88135
225,216,381,3.88135
225,216,382,3.88135
225,216,383,3.88135
225,216,384,3.88135
225,216,385,3.88135
225,216,386,3.88134
225,216,387,3.88134
225,216,388,3.88134
225,216,389,3.88134
225,216,390,3.88134
225,216,391,3.88134
225,216,392,3.88134
225,216,393,3.88134
225,216,394,3.88133
225,216,395,3.88133
225,216,396,3.88133
225,216,397,3.88133
225,216,398,3.88133
225,216,399,3.88133
225,216,400,3.88133
225,216,401,3.88133
225,216,402,3.88132
225,216,403,3.88132
225,216,404,3.88132
225,216,405,3.88132
225,216,406,3.88132
225,216,407,3.88132
225,216,408,3.88132
225,216,409,3.88131
225,216,410,3.88131
225,216,411,3.8813
225,216,412,3.8813
225,216,413,3.88129
225,216,414,3.88129
225,216,415,3.88128
225,216,416,3.88128
225,216,417,3.88127
225,216,418,3.88127
225,216,419,3.88126
225,216,420,3.88126
225,216,421,3.88125
225,216,422,3.88125
225,216,423,3.88124
225,216,424,3.88124
225,216,425,3.88123
225,216,426,3.88123
225,216,427,3.88122
225,216,428,3.88122
225,216,429,3.88121
225,216,430,3.88121
225,216,431,3.8812
225,216,432,3.8812
225,216,433,3.8812
225,216,434,3.88119
225,216,435,3.88119
225,216,436,3.88118
225,216,437,3.88119
225,216,438,3.88119
225,216,439,3.8812
225,216,440,3.88121
225,216,441,3.88121
225,216,442,3.88122
225,216,443,3.88123
225,216,444,3.88123
225,216,445,3.88124
225,216,446,3.88125
225,216,447,3.88125
225,216,448,3.88126
225,216,449,3.88127
225,216,450,3.88127
