x,y,z,b
225,216,0,3.88118
225,216,1,3.88119
225,216,2,3.8812
225,216,3,3.88121
225,216,4,3.88122
225,216,5,3.88123
225,216,6,3.88123
225,216,7,3.88124
225,216,8,3.88125
225,216,9,3.88126
225,216,10,3.88127
225,216,11,3.88128
225,216,12,3.88129
225,216,13,3.8813
225,216,14,3.88131
225,216,15,3.88135
225,216,16,3.8814
225,216,17,3.88144
225,216,18,3.88149
225,216,19,3.88154
225,216,20,3.88159
225,216,21,3.88163
225,216,22,3.88168
225,216,23,3.88173
225,216,24,3.88177
225,216,25,3.88182
225,216,26,3.88187
225,216,27,3.88192
225,216,28,3.88196
225,216,29,3.88201
225,216,30,3.88206
225,216,31,3.88211
225,216,32,3.88215
225,216,33,3.8822
225,216,34,3.88225
225,216,35,3.88229
225,216,36,3.88234
225,216,37,3.88239
225,216,38,3.88244
225,216,39,3.88248
225,216,40,3.88253
225,216,41,3.88258
225,216,42,3.88262
225,216,43,3.88265
225,216,44,3.88267
225,216,45,3.8827
225,216,46,3.88272
225,216,47,3.88274
225,216,48,3.88277
225,216,49,3.88279
225,216,50,3.88281
225,216,51,3.88283
225,216,52,3.88286
225,216,53,3.88288
225,216,54,3.8829
225,216,55,3.88292
225,216,56,3.88295
225,216,57,3.88325
225,216,58,3.88337
225,216,59,3.88348
225,216,60,3.88359
225,216,61,3.88371
225,216,62,3.88382
225,216,63,3.88394
225,216,64,3.88406
225,216,65,3.88417
225,216,66,3.88429
225,216,67,3.88441
225,216,68,3.88453
225,216,69,3.88465
225,216,70,3.88477
225,216,71,3.88488
225,216,72,3.885
225,216,73,3.88512
225,216,74,3.88524
225,216,75,3.88536
225,216,76,3.88548
225,216,77,3.8856
225,216,78,3.88573
225,216,79,3.88587
225,216,80,3.88601
225,216,81,3.88615
225,216,82,3.88628
225,216,83,3.88642
225,216,84,3.88656
225,216,85,3.8867
225,216,86,3.88684
225,216,87,3.88698
225,216,88,3.88712
225,216,89,3.88726
225,216,90,3.8874
225,216,91,3.88754
225,216,92,3.88757
225,216,93,3.88753
225,216,94,3.88749
225,216,95,3.88746
225,216,96,3.88742
225,216,97,3.88738
225,216,98,3.88734
225,216,99,3.88746
225,216,100,3.88756
225,216,101,3.88765
225,216,102,3.88776
225,216,103,3.8883
225,216,104,3.88883
225,216,105,3.88937
225,216,106,3.8899
225,216,107,3.89043
225,216,108,3.89097
225,216,109,3.8915
225,216,110,3.89212
225,216,111,3.89273
225,216,112,3.89335
225,216,113,3.89397
225,216,114,3.89458
225,216,115,3.8952
225,216,116,3.89582
225,216,117,3.89574
225,216,118,3.89565
225,216,119,3.89556
225,216,120,3.89812
225,216,121,3.8994
225,216,122,3.89976
225,216,123,3.89976
225,216,124,3.89975
225,216,125,3.89967
225,216,126,3.89929
225,216,127,3.89891
225,216,128,3.89853
225,216,129,3.89829
225,216,130,3.89813
225,216,131,3.89797
225,216,132,3.89784
225,216,133,3.89787
225,216,134,3.8979
225,216,135,3.89793
225,216,136,3.89771
225,216,137,3.89736
225,216,138,3.89701
225,216,139,3.89656
225,216,140,3.89547
225,216,141,3.89438
225,216,142,3.8933
225,216,143,3.89242
225,216,144,3.89166
225,216,145,3.89091
225,216,146,3.89006
225,216,147,3.88832
225,216,148,3.8857
225,216,149,3.88485
225,216,150,3.88399
225,216,151,3.88313
225,216,152,3.88239
225,216,153,3.88167
225,216,154,3.88095
225,216,155,3.88024
225,216,156,3.87952
225,216,157,3.8788
225,216,158,3.87808
225,216,159,3.87732
225,216,160,3.87655
225,216,161,3.87578
225,216,162,3.87501
225,216,163,3.87424
225,216,164,3.87347
225,216,165,3.8727
225,216,166,3.87246
225,216,167,3.87237
225,216,168,3.87228
225,216,169,3.8722
225,216,170,3.87211
225,216,171,3.87202
225,216,172,3.87193
225,216,173,3.87239
225,216,174,3.87305
225,216,175,3.87371
225,216,176,3.87437
225,216,177,3.87503
225,216,178,3.87569
225,216,179,3.87635
225,216,180,3.87641
225,216,181,3.87623
225,216,182,3.87605
225,216,183,3.87587
225,216,184,3.87569
225,216,185,3.8755
225,216,186,3.87532
225,216,187,3.87478
225,216,188,3.87406
225,216,189,3.87333
225,216,190,3.87261
225,216,191,3.87189
225,216,192,3.87117
225,216,193,3.87045
225,216,194,3.87021
225,216,195,3.87025
225,216,196,3.87029
225,216,197,3.87033
225,216,198,3.87037
225,216,199,3.8704
225,216,200,3.87044
225,216,201,3.87063
225,216,202,3.8709
225,216,203,3.87118
225,216,204,3.87145
225,216,205,3.87173
225,216,206,3.872
225,216,207,3.87228
225,216,208,3.8725
225,216,209,3.87267
225,216,210,3.87285
225,216,211,3.8738
225,216,212,3.87441
225,216,213,3.87422
225,216,214,3.8722
225,216,215,3.87019
225,216,216,3.86817
225,216,217,3.86398
225,216,218,3.85919
225,216,219,3.85441
225,216,220,3.84814
225,216,221,3.83789
225,216,222,3.82765
225,216,223,3.81741
225,216,224,3.80849
225,216,225,3.79998
225,216,226,3.79148
225,216,227,3.78481
225,216,228,3.78388
225,216,229,3.78296
225,216,230,3.78203
225,216,231,3.78404
225,216,232,3.78715
225,216,233,3.79027
225,216,234,3.79321
225,216,235,3.7955
225,216,236,3.79779
225,216,237,3.80008
225,216,238,3.80425
225,216,239,3.80925
225,216,240,3.81424
225,216,241,3.81908
225,216,242,3.82322
225,216,243,3.82735
225,216,244,3.83148
225,216,245,3.8348
225,216,246,3.83771
225,216,247,3.84062
225,216,248,3.84368
225,216,249,3.84759
225,216,250,3.8515
225,216,251,3.85542
225,216,252,3.86006
225,216,253,3.86514
225,216,254,3.87021
225,216,255,3.87542
225,216,256,3.88172
225,216,257,3.88801
225,216,258,3.89431
225,216,259,3.89807
225,216,260,3.90015
225,216,261,3.90223
225,216,262,3.90431
225,216,263,3.90633
225,216,264,3.90834
225,216,265,3.91036
225,216,266,3.91233
225,216,267,3.91428
225,216,268,3.91623
225,216,269,3.91822
225,216,270,3.92104
225,216,271,3.92386
225,216,272,3.92667
225,216,273,3.92762
225,216,274,3.92697
225,216,275,3.92632
225,216,276,3.92564
225,216,277,3.92345
225,216,278,3.92125
225,216,279,3.91906
225,216,280,3.91603
225,216,281,3.91217
225,216,282,3.90707
225,216,283,3.90479
225,216,284,3.90252
225,216,285,3.90053
225,216,286,3.89946
225,216,287,3.8984
225,216,288,3.89733
225,216,289,3.89626
225,216,290,3.8952
225,216,291,3.89413
225,216,292,3.89314
225,216,293,3.89245
225,216,294,3.89177
225,216,295,3.89108
225,216,296,3.89068
225,216,297,3.89017
225,216,298,3.88967
225,216,299,3.88916
225,216,300,3.88865
225,216,301,3.88815
225,216,302,3.88764
225,216,303,3.88733
225,216,304,3.88711
225,216,305,3.8869
225,216,306,3.88669
225,216,307,3.88647
225,216,308,3.88626
225,216,309,3.88604
225,216,310,3.88562
225,216,311,3.88548
225,216,312,3.88534
225,216,313,3.88519
225,216,314,3.88505
225,216,315,3.88491
225,216,316,3.88477
225,216,317,3.88462
225,216,318,3.88448
225,216,319,3.88434
225,216,320,3.8842
225,216,321,3.88405
225,216,322,3.88391
225,216,323,3.88377
225,216,324,3.88367
225,216,325,3.88361
225,216,326,3.88355
225,216,327,3.88348
225,216,328,3.88342
225,216,329,3.88336
225,216,330,3.8833
225,216,331,3.88323
225,216,332,3.88317
225,216,333,3.88311
225,216,334,3.88305
225,216,335,3.88298
225,216,336,3.88292
225,216,337,3.88286
225,216,338,3.8828
225,216,339,3.88273
225,216,340,3.88267
225,216,341,3.88261
225,216,342,3.88255
225,216,343,3.88248
225,216,344,3.88242
225,216,345,3.88236
225,216,346,3.8823
225,216,347,3.88224
225,216,348,3.88217
225,216,349,3.88211
225,216,350,3.88205
225,216,351,3.88199
225,216,352,3.88194
225,216,353,3.88193
225,216,354,3.88192
225,216,355,3.8819
225,216,356,3.88189
225,216,357,3.88187
225,216,358,3.88186
225,216,359,3.88185
225,216,360,3.88183
225,216,361,3.88182
225,216,362,3.8818
225,216,363,3.88179
225,216,364,3.88178
225,216,365,3.88176
225,216,366,3.88175
225,216,367,3.88173
225,216,368,3.88172
225,216,369,3.88171
225,216,370,3.88169
225,216,371,3.88168
225,216,372,3.88167
225,216,373,3.88165
225,216,374,3.88164
225,216,375,3.88162
225,216,376,3.88161
225,216,377,3.8816
225,216,378,3.88158
225,216,379,3.88157
225,216,380,3.88156
225,216,381,3.88155
225,216,382,3.88154
225,216,383,3.88154
225,216,384,3.88153
225,216,385,3.88153
225,216,386,3.88152
225,216,387,3.88152
225,216,388,3.88151
225,216,389,3.8815
225,216,390,3.8815
225,216,391,3.88149
225,216,392,3.88149
225,216,393,3.88148
225,216,394,3.88148
225,216,395,3.88147
225,216,396,3.88146
225,216,397,3.88146
225,216,398,3.88145
225,216,399,3.88145
225,216,400,3.88144
225,216,401,3.88144
225,216,402,3.88143
225,216,403,3.88142
225,216,404,3.88142
225,216,405,3.88141
225,216,406,3.88141
225,216,407,3.8814
225,216,408,3.88139
225,216,409,3.88138
225,216,410,3.88137
225,216,411,3.88136
225,216,412,3.88135
225,216,413,3.88133
225,216,414,3.88132
225,216,415,3.88131
225,216,416,3.8813
225,216,417,3.88129
225,216,418,3.88127
225,216,419,3.88126
225,216,420,3.88125
225,216,421,3.88124
225,216,422,3.88122
225,216,423,3.88121
225,216,424,3.8812
225,216,425,3.88119
225,216,426,3.88118
225,216,427,3.88116
225,216,428,3.88115
225,216,429,3.88114
225,216,430,3.88113
225,216,431,3.88112
225,216,432,3.8811
225,216,433,3.88109
225,216,434,3.88108
225,216,435,3.88107
225,216,436,3.88106
225,216,437,3.88106
225,216,438,3.88107
225,216,439,3.88108
225,216,440,3.88109
225,216,441,3.8811
225,216,442,3.88111
225,216,443,3.88112
225,216,444,3.88113
225,216,445,3.88114
225,216,446,3.88115
225,216,447,3.88115
225,216,448,3.88116
225,216,449,3.88117
225,216,450,3.88118
