x,y,z,b
225,216,0,3.88105
225,216,1,3.88105
225,216,2,3.88105
225,216,3,3.88106
225,216,4,3.88106
225,216,5,3.88106
225,216,6,3.88106
225,216,7,3.88106
225,216,8,3.88106
225,216,9,3.88106
225,216,10,3.88107
225,216,11,3.88107
225,216,12,3.88107
225,216,13,3.88107
225,216,14,3.88107
225,216,15,3.88108
225,216,16,3.88108
225,216,17,3.88109
225,216,18,3.88109
225,216,19,3.8811
225,216,20,3.8811
225,216,21,3.88111
225,216,22,3.88111
225,216,23,3.88112
225,216,24,3.88112
225,216,25,3.88113
225,216,26,3.88114
225,216,27,3.88114
225,216,28,3.88115
225,216,29,3.88115
225,216,30,3.88116
225,216,31,3.88116
225,216,32,3.88117
225,216,33,3.88117
225,216,34,3.88118
225,216,35,3.88118
225,216,36,3.88119
225,216,37,3.88119
225,216,38,3.8812
225,216,39,3.8812
225,216,40,3.88121
225,216,41,3.88122
225,216,42,3.88122
225,216,43,3.88123
225,216,44,3.88125
225,216,45,3.88126
225,216,46,3.88127
225,216,47,3.88128
225,216,48,3.8813
225,216,49,3.88131
225,216,50,3.88132
225,216,51,3.88134
225,216,52,3.88135
225,216,53,3.88136
225,216,54,3.88137
225,216,55,3.88139
225,216,56,3.8814
225,216,57,3.88141
225,216,58,3.88143
225,216,59,3.88144
225,216,60,3.88145
225,216,61,3.88146
225,216,62,3.88148
225,216,63,3.88149
225,216,64,3.8815
225,216,65,3.88152
225,216,66,3.88153
225,216,67,3.88154
225,216,68,3.88155
225,216,69,3.88157
225,216,70,3.88158
225,216,71,3.8816
225,216,72,3.88163
225,216,73,3.88166
225,216,74,3.88169
225,216,75,3.88172
225,216,76,3.88174
225,216,77,3.88177
225,216,78,3.8818
225,216,79,3.88183
225,216,80,3.88186
225,216,81,3.88188
225,216,82,3.88191
225,216,83,3.88194
225,216,84,3.88197
225,216,85,3.882
225,216,86,3.88202
225,216,87,3.88205
225,216,88,3.88208
225,216,89,3.88211
225,216,90,3.88214
225,216,91,3.88216
225,216,92,3.88219
225,216,93,3.88222
225,216,94,3.88225
225,216,95,3.88228
225,216,96,3.88231
225,216,97,3.88233
225,216,98,3.88236
225,216,99,3.88243
225,216,100,3.88254
225,216,101,3.88264
225,216,102,3.88275
225,216,103,3.88286
225,216,104,3.88296
225,216,105,3.88307
225,216,106,3.88317
225,216,107,3.88328
225,216,108,3.88338
225,216,109,3.88349
225,216,110,3.8836
225,216,111,3.8837
225,216,112,3.88381
225,216,113,3.88365
225,216,114,3.88376
225,216,115,3.88388
225,216,116,3.88399
225,216,117,3.88411
225,216,118,3.88422
225,216,119,3.88433
225,216,120,3.8845
225,216,121,3.88474
225,216,122,3.88497
225,216,123,3.88521
225,216,124,3.88544
225,216,125,3.88568
225,216,126,3.88591
225,216,127,3.88649
225,216,128,3.88687
225,216,129,3.88725
225,216,130,3.88763
225,216,131,3.88807
225,216,132,3.88851
225,216,133,3.88896
225,216,134,3.88949
225,216,135,3.89001
225,216,136,3.8906
225,216,137,3.89124
225,216,138,3.89188
225,216,139,3.89251
225,216,140,3.89311
225,216,141,3.89334
225,216,142,3.89468
225,216,143,3.89688
225,216,144,3.9077
225,216,145,3.92698
225,216,146,3.94151
225,216,147,3.94704
225,216,148,3.94953
225,216,149,3.95171
225,216,150,3.95188
225,216,151,3.95088
225,216,152,3.95192
225,216,153,3.95504
225,216,154,3.95727
225,216,155,3.95775
225,216,156,3.95591
225,216,157,3.95177
225,216,158,3.94687
225,216,159,3.94207
225,216,160,3.93866
225,216,161,3.93749
225,216,162,3.93896
225,216,163,3.94221
225,216,164,3.94411
225,216,165,3.93969
225,216,166,3.9296
225,216,167,3.93172
225,216,168,3.9399
225,216,169,3.94367
225,216,170,3.92429
225,216,171,3.87505
225,216,172,3.84707
225,216,173,3.81442
225,216,174,3.80385
225,216,175,3.7981
225,216,176,3.7983
225,216,177,3.81058
225,216,178,3.82731
225,216,179,3.8426
225,216,180,3.85469
225,216,181,3.85963
225,216,182,3.86218
225,216,183,3.85889
225,216,184,3.85592
225,216,185,3.85366
225,216,186,3.85218
225,216,187,3.85134
225,216,188,3.84963
225,216,189,3.84781
225,216,190,3.84901
225,216,191,3.85019
225,216,192,3.85134
225,216,193,3.85137
225,216,194,3.85035
225,216,195,3.84803
225,216,196,3.8453
225,216,197,3.84337
225,216,198,3.84143
225,216,199,3.83951
225,216,200,3.83767
225,216,201,3.83593
225,216,202,3.8347
225,216,203,3.83366
225,216,204,3.83305
225,216,205,3.83261
225,216,206,3.83273
225,216,207,3.83318
225,216,208,3.83405
225,216,209,3.83509
225,216,210,3.83622
225,216,211,3.83787
225,216,212,3.83942
225,216,213,3.8404
225,216,214,3.84127
225,216,215,3.84117
225,216,216,3.84165
225,216,217,3.84196
225,216,218,3.84223
225,216,219,3.8425
225,216,220,3.84271
225,216,221,3.84275
225,216,222,3.84122
225,216,223,3.84125
225,216,224,3.8417
225,216,225,3.8436
225,216,226,3.84404
225,216,227,3.84451
225,216,228,3.84507
225,216,229,3.84563
225,216,230,3.84619
225,216,231,3.84706
225,216,232,3.84804
225,216,233,3.84903
225,216,234,3.84995
225,216,235,3.85061
225,216,236,3.85126
225,216,237,3.85192
225,216,238,3.85376
225,216,239,3.85613
225,216,240,3.85956
225,216,241,3.86035
225,216,242,3.86114
225,216,243,3.86193
225,216,244,3.86272
225,216,245,3.86351
225,216,246,3.8643
225,216,247,3.86508
225,216,248,3.86587
225,216,249,3.86666
225,216,250,3.86763
225,216,251,3.86889
225,216,252,3.87014
225,216,253,3.8714
225,216,254,3.87332
225,216,255,3.87405
225,216,256,3.87477
225,216,257,3.8755
225,216,258,3.87623
225,216,259,3.87695
225,216,260,3.87768
225,216,261,3.87808
225,216,262,3.87841
225,216,263,3.87875
225,216,264,3.87909
225,216,265,3.87943
225,216,266,3.87976
225,216,267,3.8801
225,216,268,3.88044
225,216,269,3.88077
225,216,270,3.88111
225,216,271,3.88145
225,216,272,3.88178
225,216,273,3.88212
225,216,274,3.88246
225,216,275,3.88251
225,216,276,3.88249
225,216,277,3.88246
225,216,278,3.88244
225,216,279,3.88241
225,216,280,3.88238
225,216,281,3.88236
225,216,282,3.88153
225,216,283,3.88168
225,216,284,3.88183
225,216,285,3.88197
225,216,286,3.88212
225,216,287,3.88227
225,216,288,3.88242
225,216,289,3.88256
225,216,290,3.88271
225,216,291,3.88286
225,216,292,3.883
225,216,293,3.88315
225,216,294,3.8833
225,216,295,3.88345
225,216,296,3.88346
225,216,297,3.88342
225,216,298,3.88337
225,216,299,3.88333
225,216,300,3.88329
225,216,301,3.88324
225,216,302,3.8832
225,216,303,3.88315
225,216,304,3.88311
225,216,305,3.88307
225,216,306,3.88302
225,216,307,3.88298
225,216,308,3.88293
225,216,309,3.88289
225,216,310,3.88285
225,216,311,3.8828
225,216,312,3.88276
225,216,313,3.88271
225,216,314,3.88267
225,216,315,3.88263
225,216,316,3.88258
225,216,317,3.88254
225,216,318,3.88249
225,216,319,3.88245
225,216,320,3.88241
225,216,321,3.88236
225,216,322,3.88232
225,216,323,3.88227
225,216,324,3.88224
225,216,325,3.88221
225,216,326,3.88219
225,216,327,3.88216
225,216,328,3.88213
225,216,329,3.88211
225,216,330,3.88208
225,216,331,3.88205
225,216,332,3.88203
225,216,333,3.882
225,216,334,3.88197
225,216,335,3.88195
225,216,336,3.88192
225,216,337,3.88189
225,216,338,3.88187
225,216,339,3.88184
225,216,340,3.88181
225,216,341,3.88179
225,216,342,3.88176
225,216,343,3.88173
225,216,344,3.88171
225,216,345,3.88168
225,216,346,3.88165
225,216,347,3.88163
225,216,348,3.8816
225,216,349,3.88157
225,216,350,3.88155
225,216,351,3.88152
225,216,352,3.8815
225,216,353,3.8815
225,216,354,3.88149
225,216,355,3.88148
225,216,356,3.88148
225,216,357,3.88147
225,216,358,3.88146
225,216,359,3.88146
225,216,360,3.88145
225,216,361,3.88144
225,216,362,3.88144
225,216,363,3.88143
225,216,364,3.88142
225,216,365,3.88142
225,216,366,3.88141
225,216,367,3.8814
225,216,368,3.8814
225,216,369,3.88139
225,216,370,3.88138
225,216,371,3.88138
225,216,372,3.88137
225,216,373,3.88137
225,216,374,3.88136
225,216,375,3.88135
225,216,376,3.88135
225,216,377,3.88134
225,216,378,3.88133
225,216,379,3.88133
225,216,380,3.88132
225,216,381,3.88131
225,216,382,3.88131
225,216,383,3.8813
225,216,384,3.88129
225,216,385,3.88129
225,216,386,3.88128
225,216,387,3.88128
225,216,388,3.88127
225,216,389,3.88126
225,216,390,3.88126
225,216,391,3.88125
225,216,392,3.88125
225,216,393,3.88124
225,216,394,3.88123
225,216,395,3.88123
225,216,396,3.88122
225,216,397,3.88121
225,216,398,3.88121
225,216,399,3.8812
225,216,400,3.8812
225,216,401,3.88119
225,216,402,3.88118
225,216,403,3.88118
225,216,404,3.88117
225,216,405,3.88116
225,216,406,3.88116
225,216,407,3.88115
225,216,408,3.88115
225,216,409,3.88114
225,216,410,3.88114
225,216,411,3.88113
225,216,412,3.88113
225,216,413,3.88113
225,216,414,3.88112
225,216,415,3.88112
225,216,416,3.88111
225,216,417,3.88111
225,216,418,3.88111
225,216,419,3.8811
225,216,420,3.8811
225,216,421,3.88109
225,216,422,3.88109
225,216,423,3.88109
225,216,424,3.88108
225,216,425,3.88108
225,216,426,3.88107
225,216,427,3.88107
225,216,428,3.88107
225,216,429,3.88106
225,216,430,3.88106
225,216,431,3.88105
225,216,432,3.88105
225,216,433,3.88104
225,216,434,3.88104
225,216,435,3.88104
225,216,436,3.88103
225,216,437,3.88103
225,216,438,3.88104
225,216,439,3.88104
225,216,440,3.88104
225,216,441,3.88104
225,216,442,3.88104
225,216,443,3.88104
225,216,444,3.88104
225,216,445,3.88105
225,216,446,3.88105
225,216,447,3.88105
225,216,448,3.88105
225,216,449,3.88105
225,216,450,3.88105
