x,y,z,b
225,216,0,3.88117
225,216,1,3.88118
225,216,2,3.88118
225,216,3,3.88119
225,216,4,3.8812
225,216,5,3.88121
225,216,6,3.88122
225,216,7,3.88122
225,216,8,3.88123
225,216,9,3.88124
225,216,10,3.88125
225,216,11,3.88126
225,216,12,3.88126
225,216,13,3.88127
225,216,14,3.88128
225,216,15,3.88133
225,216,16,3.88137
225,216,17,3.88142
225,216,18,3.88147
225,216,19,3.88152
225,216,20,3.88157
225,216,21,3.88161
225,216,22,3.88166
225,216,23,3.88171
225,216,24,3.88176
225,216,25,3.88181
225,216,26,3.88185
225,216,27,3.8819
225,216,28,3.88195
225,216,29,3.882
225,216,30,3.88205
225,216,31,3.8821
225,216,32,3.88214
225,216,33,3.88219
225,216,34,3.88224
225,216,35,3.88229
225,216,36,3.88234
225,216,37,3.88238
225,216,38,3.88243
225,216,39,3.88248
225,216,40,3.88253
225,216,41,3.88258
225,216,42,3.88262
225,216,43,3.88265
225,216,44,3.88267
225,216,45,3.88269
225,216,46,3.88271
225,216,47,3.88273
225,216,48,3.88275
225,216,49,3.88277
225,216,50,3.88279
225,216,51,3.88281
225,216,52,3.88283
225,216,53,3.88285
225,216,54,3.88287
225,216,55,3.8829
225,216,56,3.88292
225,216,57,3.88326
225,216,58,3.88337
225,216,59,3.88349
225,216,60,3.88361
225,216,61,3.88372
225,216,62,3.88384
225,216,63,3.88396
225,216,64,3.88408
225,216,65,3.8842
225,216,66,3.88433
225,216,67,3.88445
225,216,68,3.88457
225,216,69,3.8847
225,216,70,3.88482
225,216,71,3.88494
225,216,72,3.88507
225,216,73,3.88519
225,216,74,3.88531
225,216,75,3.88544
225,216,76,3.88556
225,216,77,3.88568
225,216,78,3.88582
225,216,79,3.88596
225,216,80,3.8861
225,216,81,3.88624
225,216,82,3.88638
225,216,83,3.88652
225,216,84,3.88666
225,216,85,3.8868
225,216,86,3.88694
225,216,87,3.88709
225,216,88,3.88723
225,216,89,3.88737
225,216,90,3.88751
225,216,91,3.88765
225,216,92,3.8877
225,216,93,3.88768
225,216,94,3.88766
225,216,95,3.88764
225,216,96,3.88762
225,216,97,3.8876
225,216,98,3.88759
225,216,99,3.88939
225,216,100,3.88996
225,216,101,3.89053
225,216,102,3.89107
225,216,103,3.89092
225,216,104,3.89077
225,216,105,3.89062
225,216,106,3.89048
225,216,107,3.89033
225,216,108,3.89018
225,216,109,3.89005
225,216,110,3.89079
225,216,111,3.89154
225,216,112,3.89229
225,216,113,3.89304
225,216,114,3.89378
225,216,115,3.89453
225,216,116,3.89528
225,216,117,3.8952
225,216,118,3.8951
225,216,119,3.89501
225,216,120,3.89491
225,216,121,3.89482
225,216,122,3.89472
225,216,123,3.89463
225,216,124,3.89466
225,216,125,3.8947
225,216,126,3.89474
225,216,127,3.89776
225,216,128,3.89845
225,216,129,3.89856
225,216,130,3.8984
225,216,131,3.89824
225,216,132,3.89809
225,216,133,3.89796
225,216,134,3.89783
225,216,135,3.8977
225,216,136,3.89742
225,216,137,3.89706
225,216,138,3.89669
225,216,139,3.89624
225,216,140,3.89521
225,216,141,3.89418
225,216,142,3.89316
225,216,143,3.8923
225,216,144,3.89155
225,216,145,3.89081
225,216,146,3.88995
225,216,147,3.88813
225,216,148,3.88539
225,216,149,3.88446
225,216,150,3.88353
225,216,151,3.8826
225,216,152,3.88194
225,216,153,3.88132
225,216,154,3.88071
225,216,155,3.8801
225,216,156,3.87948
225,216,157,3.87887
225,216,158,3.87826
225,216,159,3.87752
225,216,160,3.87675
225,216,161,3.87598
225,216,162,3.87521
225,216,163,3.87443
225,216,164,3.87366
225,216,165,3.87289
225,216,166,3.87269
225,216,167,3.87267
225,216,168,3.87264
225,216,169,3.87261
225,216,170,3.87259
225,216,171,3.87256
225,216,172,3.87253
225,216,173,3.87298
225,216,174,3.87361
225,216,175,3.87423
225,216,176,3.87485
225,216,177,3.87548
225,216,178,3.8761
225,216,179,3.87672
225,216,180,3.87673
225,216,181,3.87648
225,216,182,3.87623
225,216,183,3.87598
225,216,184,3.87573
225,216,185,3.87548
225,216,186,3.87523
225,216,187,3.8748
225,216,188,3.87429
225,216,189,3.87378
225,216,190,3.87327
225,216,191,3.87275
225,216,192,3.87224
225,216,193,3.87173
225,216,194,3.87158
225,216,195,3.87163
225,216,196,3.87167
225,216,197,3.87172
225,216,198,3.87177
225,216,199,3.87182
225,216,200,3.87187
225,216,201,3.87183
225,216,202,3.87172
225,216,203,3.87162
225,216,204,3.87152
225,216,205,3.87141
225,216,206,3.87131
225,216,207,3.8712
225,216,208,3.87162
225,216,209,3.87243
225,216,210,3.87323
225,216,211,3.87549
225,216,212,3.87713
225,216,213,3.87763
225,216,214,3.87551
225,216,215,3.87339
225,216,216,3.87127
225,216,217,3.86664
225,216,218,3.86135
225,216,219,3.85605
225,216,220,3.84898
225,216,221,3.8372
225,216,222,3.82542
225,216,223,3.81364
225,216,224,3.80178
225,216,225,3.7899
225,216,226,3.77801
225,216,227,3.76908
225,216,228,3.76937
225,216,229,3.76965
225,216,230,3.76994
225,216,231,3.77383
225,216,232,3.77907
225,216,233,3.78431
225,216,234,3.78905
225,216,235,3.79189
225,216,236,3.79474
225,216,237,3.79759
225,216,238,3.80213
225,216,239,3.80742
225,216,240,3.8127
225,216,241,3.81765
225,216,242,3.8211
225,216,243,3.82454
225,216,244,3.82799
225,216,245,3.83048
225,216,246,3.8325
225,216,247,3.83452
225,216,248,3.83667
225,216,249,3.83958
225,216,250,3.84248
225,216,251,3.84539
225,216,252,3.84899
225,216,253,3.853
225,216,254,3.85701
225,216,255,3.86125
225,216,256,3.8672
225,216,257,3.87315
225,216,258,3.87911
225,216,259,3.88337
225,216,260,3.88652
225,216,261,3.88967
225,216,262,3.89279
225,216,263,3.89557
225,216,264,3.89836
225,216,265,3.90115
225,216,266,3.90394
225,216,267,3.90675
225,216,268,3.90955
225,216,269,3.91246
225,216,270,3.91725
225,216,271,3.92205
225,216,272,3.92684
225,216,273,3.92941
225,216,274,3.93008
225,216,275,3.93075
225,216,276,3.93135
225,216,277,3.92918
225,216,278,3.927
225,216,279,3.92482
225,216,280,3.9215
225,216,281,3.91706
225,216,282,3.91079
225,216,283,3.90864
225,216,284,3.90648
225,216,285,3.90449
225,216,286,3.90307
225,216,287,3.90164
225,216,288,3.90021
225,216,289,3.89879
225,216,290,3.89736
225,216,291,3.89594
225,216,292,3.89464
225,216,293,3.89387
225,216,294,3.89309
225,216,295,3.89232
225,216,296,3.89194
225,216,297,3.89137
225,216,298,3.89079
225,216,299,3.89021
225,216,300,3.88963
225,216,301,3.88905
225,216,302,3.88848
225,216,303,3.88811
225,216,304,3.88786
225,216,305,3.8876
225,216,306,3.88735
225,216,307,3.8871
225,216,308,3.88684
225,216,309,3.88659
225,216,310,3.88596
225,216,311,3.88581
225,216,312,3.88566
225,216,313,3.8855
225,216,314,3.88535
225,216,315,3.8852
225,216,316,3.88504
225,216,317,3.88489
225,216,318,3.88473
225,216,319,3.88458
225,216,320,3.88443
225,216,321,3.88427
225,216,322,3.88412
225,216,323,3.88397
225,216,324,3.88386
225,216,325,3.8838
225,216,326,3.88373
225,216,327,3.88366
225,216,328,3.8836
225,216,329,3.88353
225,216,330,3.88346
225,216,331,3.8834
225,216,332,3.88333
225,216,333,3.88326
225,216,334,3.8832
225,216,335,3.88313
225,216,336,3.88306
225,216,337,3.883
225,216,338,3.88293
225,216,339,3.88286
225,216,340,3.8828
225,216,341,3.88273
225,216,342,3.88266
225,216,343,3.8826
225,216,344,3.88253
225,216,345,3.88246
225,216,346,3.8824
225,216,347,3.88233
225,216,348,3.88226
225,216,349,3.8822
225,216,350,3.88213
225,216,351,3.88206
225,216,352,3.88202
225,216,353,3.882
225,216,354,3.88199
225,216,355,3.88197
225,216,356,3.88196
225,216,357,3.88194
225,216,358,3.88193
225,216,359,3.88191
225,216,360,3.8819
225,216,361,3.88188
225,216,362,3.88187
225,216,363,3.88185
225,216,364,3.88184
225,216,365,3.88182
225,216,366,3.88181
225,216,367,3.88179
225,216,368,3.88178
225,216,369,3.88176
225,216,370,3.88175
225,216,371,3.88173
225,216,372,3.88172
225,216,373,3.8817
225,216,374,3.88169
225,216,375,3.88167
225,216,376,3.88166
225,216,377,3.88164
225,216,378,3.88162
225,216,379,3.88161
225,216,380,3.8816
225,216,381,3.88159
225,216,382,3.88158
225,216,383,3.88158
225,216,384,3.88157
225,216,385,3.88157
225,216,386,3.88156
225,216,387,3.88155
225,216,388,3.88155
225,216,389,3.88154
225,216,390,3.88153
225,216,391,3.88153
225,216,392,3.88152
225,216,393,3.88151
225,216,394,3.88151
225,216,395,3.8815
225,216,396,3.88149
225,216,397,3.88149
225,216,398,3.88148
225,216,399,3.88147
225,216,400,3.88147
225,216,401,3.88146
225,216,402,3.88146
225,216,403,3.88145
225,216,404,3.88144
225,216,405,3.88144
225,216,406,3.88143
225,216,407,3.88142
225,216,408,3.88142
225,216,409,3.8814
225,216,410,3.88139
225,216,411,3.88138
225,216,412,3.88136
225,216,413,3.88135
225,216,414,3.88134
225,216,415,3.88132
225,216,416,3.88131
225,216,417,3.8813
225,216,418,3.88129
225,216,419,3.88127
225,216,420,3.88126
225,216,421,3.88125
225,216,422,3.88123
225,216,423,3.88122
225,216,424,3.88121
225,216,425,3.8812
225,216,426,3.88118
225,216,427,3.88117
225,216,428,3.88116
225,216,429,3.88114
225,216,430,3.88113
225,216,431,3.88112
225,216,432,3.8811
225,216,433,3.88109
225,216,434,3.88108
225,216,435,3.88107
225,216,436,3.88105
225,216,437,3.88106
225,216,438,3.88107
225,216,439,3.88108
225,216,440,3.88109
225,216,441,3.88109
225,216,442,3.8811
225,216,443,3.88111
225,216,444,3.88112
225,216,445,3.88113
225,216,446,3.88113
225,216,447,3.88114
225,216,448,3.88115
225,216,449,3.88116
225,216,450,3.88117
