x,y,z,b
225,216,0,3.8813
225,216,1,3.88129
225,216,2,3.88129
225,216,3,3.88128
225,216,4,3.88128
225,216,5,3.88127
225,216,6,3.88127
225,216,7,3.88126
225,216,8,3.88126
225,216,9,3.88126
225,216,10,3.88125
225,216,11,3.88125
225,216,12,3.88124
225,216,13,3.88124
225,216,14,3.88123
225,216,15,3.88131
225,216,16,3.8814
225,216,17,3.88149
225,216,18,3.88158
225,216,19,3.88167
225,216,20,3.88176
225,216,21,3.88185
225,216,22,3.88194
225,216,23,3.88202
225,216,24,3.88211
225,216,25,3.8822
225,216,26,3.88229
225,216,27,3.88238
225,216,28,3.88247
225,216,29,3.88256
225,216,30,3.88264
225,216,31,3.88273
225,216,32,3.88282
225,216,33,3.88291
225,216,34,3.883
225,216,35,3.88309
225,216,36,3.88318
225,216,37,3.88326
225,216,38,3.88335
225,216,39,3.88344
225,216,40,3.88353
225,216,41,3.88362
225,216,42,3.88371
225,216,43,3.88369
225,216,44,3.88364
225,216,45,3.8836
225,216,46,3.88356
225,216,47,3.88351
225,216,48,3.88347
225,216,49,3.88343
225,216,50,3.88338
225,216,51,3.88334
225,216,52,3.88329
225,216,53,3.88325
225,216,54,3.88321
225,216,55,3.88316
225,216,56,3.88312
225,216,57,3.8832
225,216,58,3.88323
225,216,59,3.88326
225,216,60,3.88329
225,216,61,3.88332
225,216,62,3.88335
225,216,63,3.88338
225,216,64,3.88339
225,216,65,3.88339
225,216,66,3.8834
225,216,67,3.8834
225,216,68,3.8834
225,216,69,3.8834
225,216,70,3.8834
225,216,71,3.88341
225,216,72,3.88341
225,216,73,3.88341
225,216,74,3.88341
225,216,75,3.88341
225,216,76,3.88342
225,216,77,3.88342
225,216,78,3.88364
225,216,79,3.88398
225,216,80,3.88432
225,216,81,3.88466
225,216,82,3.88501
225,216,83,3.88535
225,216,84,3.88569
225,216,85,3.88603
225,216,86,3.88637
225,216,87,3.88671
225,216,88,3.88705
225,216,89,3.88739
225,216,90,3.88773
225,216,91,3.88807
225,216,92,3.88828
225,216,93,3.8884
225,216,94,3.88851
225,216,95,3.88862
225,216,96,3.88874
225,216,97,3.88885
225,216,98,3.88897
225,216,99,3.88908
225,216,100,3.8892
225,216,101,3.88931
225,216,102,3.88943
225,216,103,3.88954
225,216,104,3.88966
225,216,105,3.88977
225,216,106,3.88988
225,216,107,3.88997
225,216,108,3.89006
225,216,109,3.89016
225,216,110,3.89025
225,216,111,3.89035
225,216,112,3.89044
225,216,113,3.89054
225,216,114,3.89063
225,216,115,3.89073
225,216,116,3.89082
225,216,117,3.89091
225,216,118,3.89101
225,216,119,3.8911
225,216,120,3.89116
225,216,121,3.89119
225,216,122,3.89121
225,216,123,3.89123
225,216,124,3.89125
225,216,125,3.89127
225,216,126,3.8913
225,216,127,3.89248
225,216,128,3.89324
225,216,129,3.894
225,216,130,3.89476
225,216,131,3.89508
225,216,132,3.89536
225,216,133,3.89564
225,216,134,3.89592
225,216,135,3.8962
225,216,136,3.89648
225,216,137,3.89676
225,216,138,3.89879
225,216,139,3.90104
225,216,140,3.90329
225,216,141,3.90747
225,216,142,3.91085
225,216,143,3.91497
225,216,144,3.91955
225,216,145,3.92414
225,216,146,3.92927
225,216,147,3.93918
225,216,148,3.9491
225,216,149,3.95902
225,216,150,3.96535
225,216,151,3.96914
225,216,152,3.97294
225,216,153,3.9764
225,216,154,3.97554
225,216,155,3.97468
225,216,156,3.97381
225,216,157,3.97096
225,216,158,3.96652
225,216,159,3.96207
225,216,160,3.95759
225,216,161,3.95213
225,216,162,3.94668
225,216,163,3.94122
225,216,164,3.93522
225,216,165,3.92873
225,216,166,3.92224
225,216,167,3.91574
225,216,168,3.9092
225,216,169,3.90265
225,216,170,3.89611
225,216,171,3.88975
225,216,172,3.88357
225,216,173,3.87739
225,216,174,3.87121
225,216,175,3.86567
225,216,176,3.86015
225,216,177,3.85463
225,216,178,3.8502
225,216,179,3.84704
225,216,180,3.84388
225,216,181,3.84073
225,216,182,3.83714
225,216,183,3.83353
225,216,184,3.82993
225,216,185,3.82607
225,216,186,3.82187
225,216,187,3.81768
225,216,188,3.81349
225,216,189,3.80949
225,216,190,3.80551
225,216,191,3.80153
225,216,192,3.79824
225,216,193,3.79597
225,216,194,3.7937
225,216,195,3.79144
225,216,196,3.79122
225,216,197,3.79128
225,216,198,3.79134
225,216,199,3.79245
225,216,200,3.79536
225,216,201,3.79828
225,216,202,3.80119
225,216,203,3.80396
225,216,204,3.80671
225,216,205,3.80945
225,216,206,3.8121
225,216,207,3.81454
225,216,208,3.81699
225,216,209,3.81943
225,216,210,3.82196
225,216,211,3.82451
225,216,212,3.82706
225,216,213,3.82893
225,216,214,3.82923
225,216,215,3.82953
225,216,216,3.82983
225,216,217,3.82833
225,216,218,3.82635
225,216,219,3.82438
225,216,220,3.82254
225,216,221,3.82107
225,216,222,3.8196
225,216,223,3.81813
225,216,224,3.81948
225,216,225,3.82174
225,216,226,3.82399
225,216,227,3.82604
225,216,228,3.82748
225,216,229,3.82891
225,216,230,3.83034
225,216,231,3.83338
225,216,232,3.83704
225,216,233,3.8407
225,216,234,3.84445
225,216,235,3.84857
225,216,236,3.85269
225,216,237,3.85681
225,216,238,3.85965
225,216,239,3.86194
225,216,240,3.86423
225,216,241,3.86601
225,216,242,3.86548
225,216,243,3.86494
225,216,244,3.86441
225,216,245,3.86392
225,216,246,3.86344
225,216,247,3.85963
225,216,248,3.86061
225,216,249,3.86159
225,216,250,3.86343
225,216,251,3.86664
225,216,252,3.86984
225,216,253,3.87304
225,216,254,3.88686
225,216,255,3.89255
225,216,256,3.89528
225,216,257,3.89801
225,216,258,3.90073
225,216,259,3.90259
225,216,260,3.90387
225,216,261,3.90515
225,216,262,3.90625
225,216,263,3.9054
225,216,264,3.90454
225,216,265,3.90369
225,216,266,3.90085
225,216,267,3.89653
225,216,268,3.8922
225,216,269,3.88807
225,216,270,3.88723
225,216,271,3.8864
225,216,272,3.88557
225,216,273,3.88493
225,216,274,3.88447
225,216,275,3.88401
225,216,276,3.88361
225,216,277,3.88585
225,216,278,3.88808
225,216,279,3.89032
225,216,280,3.89394
225,216,281,3.89889
225,216,282,3.90385
225,216,283,3.90881
225,216,284,3.9136
225,216,285,3.91839
225,216,286,3.92318
225,216,287,3.92589
225,216,288,3.92631
225,216,289,3.92674
225,216,290,3.92716
225,216,291,3.92669
225,216,292,3.92619
225,216,293,3.92569
225,216,294,3.92448
225,216,295,3.92239
225,216,296,3.9203
225,216,297,3.91821
225,216,298,3.9164
225,216,299,3.9146
225,216,300,3.9128
225,216,301,3.9114
225,216,302,3.91057
225,216,303,3.90974
225,216,304,3.90891
225,216,305,3.90801
225,216,306,3.90711
225,216,307,3.9062
225,216,308,3.90454
225,216,309,3.90166
225,216,310,3.89725
225,216,311,3.89595
225,216,312,3.89465
225,216,313,3.89341
225,216,314,3.89271
225,216,315,3.892
225,216,316,3.89129
225,216,317,3.89058
225,216,318,3.88988
225,216,319,3.88917
225,216,320,3.88849
225,216,321,3.8881
225,216,322,3.88771
225,216,323,3.88732
225,216,324,3.88699
225,216,325,3.88683
225,216,326,3.88667
225,216,327,3.8865
225,216,328,3.88634
225,216,329,3.88618
225,216,330,3.88602
225,216,331,3.88583
225,216,332,3.88563
225,216,333,3.88544
225,216,334,3.88524
225,216,335,3.88504
225,216,336,3.88484
225,216,337,3.88464
225,216,338,3.88396
225,216,339,3.88392
225,216,340,3.88389
225,216,341,3.88385
225,216,342,3.88382
225,216,343,3.88378
225,216,344,3.88375
225,216,345,3.88371
225,216,346,3.88368
225,216,347,3.88364
225,216,348,3.88361
225,216,349,3.88357
225,216,350,3.88354
225,216,351,3.8835
225,216,352,3.88346
225,216,353,3.88342
225,216,354,3.88337
225,216,355,3.88332
225,216,356,3.88328
225,216,357,3.88323
225,216,358,3.88318
225,216,359,3.88314
225,216,360,3.88309
225,216,361,3.88305
225,216,362,3.883
225,216,363,3.88295
225,216,364,3.88291
225,216,365,3.88286
225,216,366,3.88282
225,216,367,3.88277
225,216,368,3.88272
225,216,369,3.88268
225,216,370,3.88263
225,216,371,3.88258
225,216,372,3.88254
225,216,373,3.88249
225,216,374,3.88245
225,216,375,3.8824
225,216,376,3.88235
225,216,377,3.88231
225,216,378,3.88226
225,216,379,3.88221
225,216,380,3.88218
225,216,381,3.88217
225,216,382,3.88215
225,216,383,3.88214
225,216,384,3.88212
225,216,385,3.88211
225,216,386,3.8821
225,216,387,3.88208
225,216,388,3.88207
225,216,389,3.88206
225,216,390,3.88204
225,216,391,3.88203
225,216,392,3.88202
225,216,393,3.882
225,216,394,3.88199
225,216,395,3.88198
225,216,396,3.88196
225,216,397,3.88195
225,216,398,3.88193
225,216,399,3.88192
225,216,400,3.88191
225,216,401,3.88189
225,216,402,3.88188
225,216,403,3.88187
225,216,404,3.88185
225,216,405,3.88184
225,216,406,3.88183
225,216,407,3.88181
225,216,408,3.8818
225,216,409,3.88178
225,216,410,3.88177
225,216,411,3.88175
225,216,412,3.88174
225,216,413,3.88172
225,216,414,3.8817
225,216,415,3.88169
225,216,416,3.88167
225,216,417,3.88166
225,216,418,3.88164
225,216,419,3.88163
225,216,420,3.88161
225,216,421,3.8816
225,216,422,3.88158
225,216,423,3.88156
225,216,424,3.88155
225,216,425,3.88153
225,216,426,3.88152
225,216,427,3.8815
225,216,428,3.88149
225,216,429,3.88147
225,216,430,3.88146
225,216,431,3.88144
225,216,432,3.88142
225,216,433,3.88141
225,216,434,3.88139
225,216,435,3.88138
225,216,436,3.88136
225,216,437,3.88136
225,216,438,3.88135
225,216,439,3.88135
225,216,440,3.88134
225,216,441,3.88134
225,216,442,3.88133
225,216,443,3.88133
225,216,444,3.88133
225,216,445,3.88132
225,216,446,3.88132
225,216,447,3.88131
225,216,448,3.88131
225,216,449,3.8813
225,216,450,3.8813
