x,y,z,b
225,216,0,3.88115
225,216,1,3.88116
225,216,2,3.88116
225,216,3,3.88116
225,216,4,3.88117
225,216,5,3.88117
225,216,6,3.88117
225,216,7,3.88118
225,216,8,3.88118
225,216,9,3.88119
225,216,10,3.88119
225,216,11,3.88119
225,216,12,3.8812
225,216,13,3.8812
225,216,14,3.88121
225,216,15,3.88126
225,216,16,3.88132
225,216,17,3.88138
225,216,18,3.88143
225,216,19,3.88149
225,216,20,3.88155
225,216,21,3.88161
225,216,22,3.88166
225,216,23,3.88172
225,216,24,3.88178
225,216,25,3.88184
225,216,26,3.88189
225,216,27,3.88195
225,216,28,3.88201
225,216,29,3.88207
225,216,30,3.88213
225,216,31,3.88218
225,216,32,3.88224
225,216,33,3.8823
225,216,34,3.88236
225,216,35,3.88241
225,216,36,3.88247
225,216,37,3.88253
225,216,38,3.88259
225,216,39,3.88264
225,216,40,3.8827
225,216,41,3.88276
225,216,42,3.88282
225,216,43,3.88283
225,216,44,3.88284
225,216,45,3.88284
225,216,46,3.88285
225,216,47,3.88285
225,216,48,3.88286
225,216,49,3.88286
225,216,50,3.88287
225,216,51,3.88287
225,216,52,3.88288
225,216,53,3.88288
225,216,54,3.88289
225,216,55,3.88289
225,216,56,3.8829
225,216,57,3.88304
225,216,58,3.88312
225,216,59,3.88319
225,216,60,3.88327
225,216,61,3.88334
225,216,62,3.88342
225,216,63,3.88349
225,216,64,3.8836
225,216,65,3.88372
225,216,66,3.88384
225,216,67,3.88395
225,216,68,3.88407
225,216,69,3.88419
225,216,70,3.88431
225,216,71,3.88442
225,216,72,3.88454
225,216,73,3.88466
225,216,74,3.88477
225,216,75,3.88489
225,216,76,3.88501
225,216,77,3.88513
225,216,78,3.88531
225,216,79,3.88552
225,216,80,3.88573
225,216,81,3.88593
225,216,82,3.88614
225,216,83,3.88635
225,216,84,3.88656
225,216,85,3.88677
225,216,86,3.88698
225,216,87,3.88719
225,216,88,3.8874
225,216,89,3.88761
225,216,90,3.88782
225,216,91,3.88803
225,216,92,3.88808
225,216,93,3.888
225,216,94,3.88793
225,216,95,3.88786
225,216,96,3.88778
225,216,97,3.88771
225,216,98,3.88764
225,216,99,3.88757
225,216,100,3.88749
225,216,101,3.88742
225,216,102,3.88735
225,216,103,3.88727
225,216,104,3.8872
225,216,105,3.88713
225,216,106,3.88712
225,216,107,3.88717
225,216,108,3.88722
225,216,109,3.88727
225,216,110,3.88733
225,216,111,3.88738
225,216,112,3.88743
225,216,113,3.88833
225,216,114,3.88895
225,216,115,3.88958
225,216,116,3.8902
225,216,117,3.89029
225,216,118,3.89036
225,216,119,3.89044
225,216,120,3.89052
225,216,121,3.89059
225,216,122,3.89067
225,216,123,3.89074
225,216,124,3.89106
225,216,125,3.89139
225,216,126,3.89171
225,216,127,3.89204
225,216,128,3.89237
225,216,129,3.8927
225,216,130,3.89302
225,216,131,3.89271
225,216,132,3.89235
225,216,133,3.89198
225,216,134,3.89162
225,216,135,3.89125
225,216,136,3.89089
225,216,137,3.89052
225,216,138,3.88998
225,216,139,3.88942
225,216,140,3.88885
225,216,141,3.88829
225,216,142,3.88772
225,216,143,3.88716
225,216,144,3.8866
225,216,145,3.88604
225,216,146,3.88549
225,216,147,3.88494
225,216,148,3.88439
225,216,149,3.88384
225,216,150,3.88329
225,216,151,3.88274
225,216,152,3.88235
225,216,153,3.88198
225,216,154,3.88162
225,216,155,3.88126
225,216,156,3.8809
225,216,157,3.88054
225,216,158,3.88018
225,216,159,3.87945
225,216,160,3.87862
225,216,161,3.87779
225,216,162,3.87695
225,216,163,3.87612
225,216,164,3.87529
225,216,165,3.87446
225,216,166,3.87454
225,216,167,3.87489
225,216,168,3.87524
225,216,169,3.87559
225,216,170,3.87595
225,216,171,3.8763
225,216,172,3.87665
225,216,173,3.87699
225,216,174,3.87733
225,216,175,3.87768
225,216,176,3.87802
225,216,177,3.87836
225,216,178,3.8787
225,216,179,3.87904
225,216,180,3.8796
225,216,181,3.88026
225,216,182,3.88092
225,216,183,3.88158
225,216,184,3.88224
225,216,185,3.8829
225,216,186,3.88355
225,216,187,3.88453
225,216,188,3.88566
225,216,189,3.88679
225,216,190,3.88812
225,216,191,3.88947
225,216,192,3.89098
225,216,193,3.89269
225,216,194,3.89441
225,216,195,3.89613
225,216,196,3.89908
225,216,197,3.9022
225,216,198,3.90532
225,216,199,3.90781
225,216,200,3.90924
225,216,201,3.91066
225,216,202,3.91209
225,216,203,3.9119
225,216,204,3.91144
225,216,205,3.91098
225,216,206,3.90798
225,216,207,3.89998
225,216,208,3.89197
225,216,209,3.88397
225,216,210,3.87633
225,216,211,3.86878
225,216,212,3.86123
225,216,213,3.8536
225,216,214,3.84579
225,216,215,3.83799
225,216,216,3.83018
225,216,217,3.82087
225,216,218,3.81116
225,216,219,3.80144
225,216,220,3.79115
225,216,221,3.77932
225,216,222,3.76749
225,216,223,3.75566
225,216,224,3.74943
225,216,225,3.74499
225,216,226,3.74055
225,216,227,3.73893
225,216,228,3.74609
225,216,229,3.75326
225,216,230,3.76043
225,216,231,3.76748
225,216,232,3.7745
225,216,233,3.78151
225,216,234,3.78771
225,216,235,3.79086
225,216,236,3.79401
225,216,237,3.79716
225,216,238,3.80122
225,216,239,3.80567
225,216,240,3.81013
225,216,241,3.81473
225,216,242,3.82001
225,216,243,3.82529
225,216,244,3.83057
225,216,245,3.83724
225,216,246,3.84462
225,216,247,3.85201
225,216,248,3.85922
225,216,249,3.86548
225,216,250,3.87175
225,216,251,3.87801
225,216,252,3.8822
225,216,253,3.88519
225,216,254,3.88819
225,216,255,3.89092
225,216,256,3.89175
225,216,257,3.89257
225,216,258,3.89339
225,216,259,3.89273
225,216,260,3.89109
225,216,261,3.88944
225,216,262,3.88785
225,216,263,3.8868
225,216,264,3.88574
225,216,265,3.88469
225,216,266,3.8831
225,216,267,3.8811
225,216,268,3.8791
225,216,269,3.87728
225,216,270,3.87858
225,216,271,3.87987
225,216,272,3.88117
225,216,273,3.88367
225,216,274,3.88722
225,216,275,3.89076
225,216,276,3.89439
225,216,277,3.90139
225,216,278,3.90839
225,216,279,3.91539
225,216,280,3.92027
225,216,281,3.92311
225,216,282,3.92594
225,216,283,3.92878
225,216,284,3.92806
225,216,285,3.92732
225,216,286,3.92657
225,216,287,3.92566
225,216,288,3.92457
225,216,289,3.92348
225,216,290,3.92238
225,216,291,3.9211
225,216,292,3.91981
225,216,293,3.91852
225,216,294,3.91602
225,216,295,3.91204
225,216,296,3.90616
225,216,297,3.90424
225,216,298,3.90232
225,216,299,3.90061
225,216,300,3.89992
225,216,301,3.89922
225,216,302,3.89853
225,216,303,3.89784
225,216,304,3.89715
225,216,305,3.89645
225,216,306,3.89573
225,216,307,3.89481
225,216,308,3.89389
225,216,309,3.89297
225,216,310,3.89161
225,216,311,3.89118
225,216,312,3.89075
225,216,313,3.89033
225,216,314,3.8899
225,216,315,3.88947
225,216,316,3.88904
225,216,317,3.88871
225,216,318,3.88843
225,216,319,3.88816
225,216,320,3.88789
225,216,321,3.88761
225,216,322,3.88734
225,216,323,3.88707
225,216,324,3.88679
225,216,325,3.88652
225,216,326,3.88624
225,216,327,3.88597
225,216,328,3.8857
225,216,329,3.88542
225,216,330,3.88515
225,216,331,3.88494
225,216,332,3.88479
225,216,333,3.88464
225,216,334,3.88449
225,216,335,3.88435
225,216,336,3.8842
225,216,337,3.88405
225,216,338,3.88385
225,216,339,3.88376
225,216,340,3.88367
225,216,341,3.88359
225,216,342,3.8835
225,216,343,3.88341
225,216,344,3.88332
225,216,345,3.88323
225,216,346,3.88314
225,216,347,3.88306
225,216,348,3.88297
225,216,349,3.88288
225,216,350,3.88279
225,216,351,3.8827
225,216,352,3.88264
225,216,353,3.88262
225,216,354,3.88259
225,216,355,3.88257
225,216,356,3.88254
225,216,357,3.88252
225,216,358,3.8825
225,216,359,3.88247
225,216,360,3.88245
225,216,361,3.88242
225,216,362,3.8824
225,216,363,3.88238
225,216,364,3.88235
225,216,365,3.88233
225,216,366,3.8823
225,216,367,3.88228
225,216,368,3.88226
225,216,369,3.88223
225,216,370,3.88221
225,216,371,3.88218
225,216,372,3.88216
225,216,373,3.88214
225,216,374,3.88211
225,216,375,3.88209
225,216,376,3.88206
225,216,377,3.88204
225,216,378,3.88201
225,216,379,3.88199
225,216,380,3.88197
225,216,381,3.88196
225,216,382,3.88195
225,216,383,3.88194
225,216,384,3.88193
225,216,385,3.88193
225,216,386,3.88192
225,216,387,3.88191
225,216,388,3.8819
225,216,389,3.88189
225,216,390,3.88188
225,216,391,3.88187
225,216,392,3.88186
225,216,393,3.88185
225,216,394,3.88184
225,216,395,3.88183
225,216,396,3.88182
225,216,397,3.88182
225,216,398,3.88181
225,216,399,3.8818
225,216,400,3.88179
225,216,401,3.88178
225,216,402,3.88177
225,216,403,3.88176
225,216,404,3.88175
225,216,405,3.88174
225,216,406,3.88173
225,216,407,3.88172
225,216,408,3.88171
225,216,409,3.88169
225,216,410,3.88167
225,216,411,3.88165
225,216,412,3.88162
225,216,413,3.8816
225,216,414,3.88158
225,216,415,3.88156
225,216,416,3.88154
225,216,417,3.88151
225,216,418,3.88149
225,216,419,3.88147
225,216,420,3.88145
225,216,421,3.88143
225,216,422,3.8814
225,216,423,3.88138
225,216,424,3.88136
225,216,425,3.88134
225,216,426,3.88132
225,216,427,3.88129
225,216,428,3.88127
225,216,429,3.88125
225,216,430,3.88123
225,216,431,3.88121
225,216,432,3.88118
225,216,433,3.88116
225,216,434,3.88114
225,216,435,3.88112
225,216,436,3.8811
225,216,437,3.8811
225,216,438,3.8811
225,216,439,3.88111
225,216,440,3.88111
225,216,441,3.88112
225,216,442,3.88112
225,216,443,3.88112
225,216,444,3.88113
225,216,445,3.88113
225,216,446,3.88114
225,216,447,3.88114
225,216,448,3.88114
225,216,449,3.88115
225,216,450,3.88115
