x,y,z,b
225,216,0,3.88133
225,216,1,3.88134
225,216,2,3.88135
225,216,3,3.88136
225,216,4,3.88137
225,216,5,3.88138
225,216,6,3.88139
225,216,7,3.8814
225,216,8,3.88141
225,216,9,3.88142
225,216,10,3.88143
225,216,11,3.88144
225,216,12,3.88144
225,216,13,3.88145
225,216,14,3.88146
225,216,15,3.8815
225,216,16,3.88154
225,216,17,3.88158
225,216,18,3.88162
225,216,19,3.88166
225,216,20,3.8817
225,216,21,3.88174
225,216,22,3.88178
225,216,23,3.88182
225,216,24,3.88186
225,216,25,3.8819
225,216,26,3.88194
225,216,27,3.88198
225,216,28,3.88202
225,216,29,3.88206
225,216,30,3.8821
225,216,31,3.88214
225,216,32,3.88218
225,216,33,3.88222
225,216,34,3.88226
225,216,35,3.8823
225,216,36,3.88234
225,216,37,3.88238
225,216,38,3.88242
225,216,39,3.88246
225,216,40,3.8825
225,216,41,3.88254
225,216,42,3.88258
225,216,43,3.88263
225,216,44,3.88269
225,216,45,3.88275
225,216,46,3.88281
225,216,47,3.88287
225,216,48,3.88293
225,216,49,3.88298
225,216,50,3.88304
225,216,51,3.8831
225,216,52,3.88316
225,216,53,3.88322
225,216,54,3.88328
225,216,55,3.88334
225,216,56,3.8834
225,216,57,3.88389
225,216,58,3.88405
225,216,59,3.88421
225,216,60,3.88437
225,216,61,3.88453
225,216,62,3.88469
225,216,63,3.88485
225,216,64,3.885
225,216,65,3.88515
225,216,66,3.8853
225,216,67,3.88545
225,216,68,3.88559
225,216,69,3.88574
225,216,70,3.88589
225,216,71,3.88604
225,216,72,3.88618
225,216,73,3.88633
225,216,74,3.88648
225,216,75,3.88663
225,216,76,3.88677
225,216,77,3.88692
225,216,78,3.88705
225,216,79,3.88718
225,216,80,3.88731
225,216,81,3.88743
225,216,82,3.88756
225,216,83,3.88769
225,216,84,3.88781
225,216,85,3.88794
225,216,86,3.88807
225,216,87,3.8882
225,216,88,3.88832
225,216,89,3.88845
225,216,90,3.88858
225,216,91,3.8887
225,216,92,3.88888
225,216,93,3.88908
225,216,94,3.88929
225,216,95,3.8895
225,216,96,3.88971
225,216,97,3.88992
225,216,98,3.89012
225,216,99,3.89065
225,216,100,3.89106
225,216,101,3.89146
225,216,102,3.89188
225,216,103,3.89266
225,216,104,3.89344
225,216,105,3.89422
225,216,106,3.895
225,216,107,3.89578
225,216,108,3.89656
225,216,109,3.89734
225,216,110,3.89768
225,216,111,3.89802
225,216,112,3.89836
225,216,113,3.90136
225,216,114,3.90268
225,216,115,3.90308
225,216,116,3.90317
225,216,117,3.90325
225,216,118,3.90329
225,216,119,3.9032
225,216,120,3.90311
225,216,121,3.90301
225,216,122,3.90327
225,216,123,3.90368
225,216,124,3.90409
225,216,125,3.90464
225,216,126,3.90575
225,216,127,3.90685
225,216,128,3.90796
225,216,129,3.90826
225,216,130,3.90819
225,216,131,3.90811
225,216,132,3.90799
225,216,133,3.90771
225,216,134,3.90742
225,216,135,3.90713
225,216,136,3.9068
225,216,137,3.90645
225,216,138,3.90609
225,216,139,3.90578
225,216,140,3.90574
225,216,141,3.9057
225,216,142,3.90566
225,216,143,3.90541
225,216,144,3.90503
225,216,145,3.90464
225,216,146,3.9043
225,216,147,3.90434
225,216,148,3.90438
225,216,149,3.90442
225,216,150,3.90406
225,216,151,3.90343
225,216,152,3.90279
225,216,153,3.90213
225,216,154,3.90112
225,216,155,3.90011
225,216,156,3.8991
225,216,157,3.89775
225,216,158,3.89613
225,216,159,3.89451
225,216,160,3.89287
225,216,161,3.8906
225,216,162,3.88833
225,216,163,3.88606
225,216,164,3.88356
225,216,165,3.88085
225,216,166,3.87814
225,216,167,3.87543
225,216,168,3.87286
225,216,169,3.86782
225,216,170,3.86625
225,216,171,3.86467
225,216,172,3.8631
225,216,173,3.86317
225,216,174,3.86383
225,216,175,3.8645
225,216,176,3.86516
225,216,177,3.86583
225,216,178,3.86649
225,216,179,3.86716
225,216,180,3.86808
225,216,181,3.86912
225,216,182,3.87015
225,216,183,3.87118
225,216,184,3.87222
225,216,185,3.87325
225,216,186,3.87428
225,216,187,3.87415
225,216,188,3.87346
225,216,189,3.87276
225,216,190,3.87206
225,216,191,3.87137
225,216,192,3.87067
225,216,193,3.86997
225,216,194,3.86899
225,216,195,3.86785
225,216,196,3.86671
225,216,197,3.86558
225,216,198,3.86444
225,216,199,3.8633
225,216,200,3.86216
225,216,201,3.86159
225,216,202,3.86138
225,216,203,3.86117
225,216,204,3.86096
225,216,205,3.86075
225,216,206,3.86054
225,216,207,3.86033
225,216,208,3.86022
225,216,209,3.86018
225,216,210,3.86015
225,216,211,3.86011
225,216,212,3.86007
225,216,213,3.86003
225,216,214,3.86
225,216,215,3.85845
225,216,216,3.85565
225,216,217,3.85285
225,216,218,3.84287
225,216,219,3.83541
225,216,220,3.82975
225,216,221,3.82887
225,216,222,3.82799
225,216,223,3.82711
225,216,224,3.83202
225,216,225,3.83877
225,216,226,3.84551
225,216,227,3.85269
225,216,228,3.8612
225,216,229,3.86971
225,216,230,3.87822
225,216,231,3.88934
225,216,232,3.90144
225,216,233,3.91354
225,216,234,3.92436
225,216,235,3.93039
225,216,236,3.93642
225,216,237,3.94246
225,216,238,3.94555
225,216,239,3.94735
225,216,240,3.94916
225,216,241,3.95153
225,216,242,3.95646
225,216,243,3.96139
225,216,244,3.96632
225,216,245,3.97165
225,216,246,3.97718
225,216,247,3.9827
225,216,248,3.98691
225,216,249,3.98354
225,216,250,3.98017
225,216,251,3.97679
225,216,252,3.9646
225,216,253,3.94729
225,216,254,3.92268
225,216,255,3.9143
225,216,256,3.90593
225,216,257,3.90001
225,216,258,3.8985
225,216,259,3.89698
225,216,260,3.89547
225,216,261,3.89395
225,216,262,3.89243
225,216,263,3.89092
225,216,264,3.88975
225,216,265,3.8893
225,216,266,3.88885
225,216,267,3.8884
225,216,268,3.88795
225,216,269,3.8875
225,216,270,3.88705
225,216,271,3.88665
225,216,272,3.88634
225,216,273,3.88603
225,216,274,3.88571
225,216,275,3.8854
225,216,276,3.88509
225,216,277,3.88478
225,216,278,3.88452
225,216,279,3.88437
225,216,280,3.88423
225,216,281,3.88408
225,216,282,3.88421
225,216,283,3.88408
225,216,284,3.88394
225,216,285,3.88381
225,216,286,3.88368
225,216,287,3.88355
225,216,288,3.88342
225,216,289,3.88332
225,216,290,3.88324
225,216,291,3.88316
225,216,292,3.88308
225,216,293,3.88301
225,216,294,3.88293
225,216,295,3.88285
225,216,296,3.88277
225,216,297,3.88269
225,216,298,3.88261
225,216,299,3.88253
225,216,300,3.88245
225,216,301,3.88237
225,216,302,3.88229
225,216,303,3.88224
225,216,304,3.8822
225,216,305,3.88217
225,216,306,3.88214
225,216,307,3.8821
225,216,308,3.88207
225,216,309,3.88203
225,216,310,3.88213
225,216,311,3.88211
225,216,312,3.88208
225,216,313,3.88205
225,216,314,3.88203
225,216,315,3.882
225,216,316,3.88197
225,216,317,3.88195
225,216,318,3.88192
225,216,319,3.88189
225,216,320,3.88187
225,216,321,3.88184
225,216,322,3.88181
225,216,323,3.88179
225,216,324,3.88177
225,216,325,3.88176
225,216,326,3.88174
225,216,327,3.88173
225,216,328,3.88172
225,216,329,3.88171
225,216,330,3.8817
225,216,331,3.88168
225,216,332,3.88167
225,216,333,3.88166
225,216,334,3.88165
225,216,335,3.88164
225,216,336,3.88163
225,216,337,3.88161
225,216,338,3.8816
225,216,339,3.88159
225,216,340,3.88158
225,216,341,3.88157
225,216,342,3.88156
225,216,343,3.88154
225,216,344,3.88153
225,216,345,3.88152
225,216,346,3.88151
225,216,347,3.8815
225,216,348,3.88149
225,216,349,3.88147
225,216,350,3.88146
225,216,351,3.88145
225,216,352,3.88144
225,216,353,3.88144
225,216,354,3.88144
225,216,355,3.88144
225,216,356,3.88143
225,216,357,3.88143
225,216,358,3.88143
225,216,359,3.88142
225,216,360,3.88142
225,216,361,3.88142
225,216,362,3.88142
225,216,363,3.88141
225,216,364,3.88141
225,216,365,3.88141
225,216,366,3.88141
225,216,367,3.8814
225,216,368,3.8814
225,216,369,3.8814
225,216,370,3.8814
225,216,371,3.88139
225,216,372,3.88139
225,216,373,3.88139
225,216,374,3.88138
225,216,375,3.88138
225,216,376,3.88138
225,216,377,3.88138
225,216,378,3.88137
225,216,379,3.88137
225,216,380,3.88137
225,216,381,3.88137
225,216,382,3.88137
225,216,383,3.88137
225,216,384,3.88137
225,216,385,3.88137
225,216,386,3.88137
225,216,387,3.88137
225,216,388,3.88138
225,216,389,3.88138
225,216,390,3.88138
225,216,391,3.88138
225,216,392,3.88138
225,216,393,3.88138
225,216,394,3.88138
225,216,395,3.88138
225,216,396,3.88138
225,216,397,3.88138
225,216,398,3.88138
225,216,399,3.88138
225,216,400,3.88138
225,216,401,3.88138
225,216,402,3.88138
225,216,403,3.88138
225,216,404,3.88139
225,216,405,3.88139
225,216,406,3.88139
225,216,407,3.88139
225,216,408,3.88139
225,216,409,3.88138
225,216,410,3.88137
225,216,411,3.88137
225,216,412,3.88136
225,216,413,3.88135
225,216,414,3.88135
225,216,415,3.88134
225,216,416,3.88133
225,216,417,3.88133
225,216,418,3.88132
225,216,419,3.88131
225,216,420,3.8813
225,216,421,3.8813
225,216,422,3.88129
225,216,423,3.88128
225,216,424,3.88128
225,216,425,3.88127
225,216,426,3.88126
225,216,427,3.88126
225,216,428,3.88125
225,216,429,3.88124
225,216,430,3.88124
225,216,431,3.88123
225,216,432,3.88122
225,216,433,3.88122
225,216,434,3.88121
225,216,435,3.8812
225,216,436,3.8812
225,216,437,3.88121
225,216,438,3.88121
225,216,439,3.88122
225,216,440,3.88123
225,216,441,3.88124
225,216,442,3.88125
225,216,443,3.88126
225,216,444,3.88127
225,216,445,3.88128
225,216,446,3.88129
225,216,447,3.8813
225,216,448,3.88131
225,216,449,3.88132
225,216,450,3.88133
