x,y,z,b
250,1,0,0.00718554
250,1,1,0.00718552
250,1,2,0.00718549
250,1,3,0.00718546
250,1,4,0.00718544
250,1,5,0.00718541
250,1,6,0.00718538
250,1,7,0.00718536
250,1,8,0.00718533
250,1,9,0.0071853
250,1,10,0.00718528
250,1,11,0.00718525
250,1,12,0.00718522
250,1,13,0.0071852
250,1,14,0.00718517
250,1,15,0.00718514
250,1,16,0.00718514
250,1,17,0.00718518
250,1,18,0.00718521
250,1,19,0.00718525
250,1,20,0.00718529
250,1,21,0.00718533
250,1,22,0.00718536
250,1,23,0.0071854
250,1,24,0.00718544
250,1,25,0.00718547
250,1,26,0.00718551
250,1,27,0.00718555
250,1,28,0.00718558
250,1,29,0.00718562
250,1,30,0.00718566
250,1,31,0.0071857
250,1,32,0.00718573
250,1,33,0.00718577
250,1,34,0.00718581
250,1,35,0.00718584
250,1,36,0.00718588
250,1,37,0.00718592
250,1,38,0.00718596
250,1,39,0.00718599
250,1,40,0.00718603
250,1,41,0.00718607
250,1,42,0.0071861
250,1,43,0.00718614
250,1,44,0.00718618
250,1,45,0.00718622
250,1,46,0.00718625
250,1,47,0.0071863
250,1,48,0.00718639
250,1,49,0.00718649
250,1,50,0.00718658
250,1,51,0.00718668
250,1,52,0.00718678
250,1,53,0.00718687
250,1,54,0.00718697
250,1,55,0.00718706
250,1,56,0.00718716
250,1,57,0.00718725
250,1,58,0.00718735
250,1,59,0.00718745
250,1,60,0.00718754
250,1,61,0.00718764
250,1,62,0.00718773
250,1,63,0.00718783
250,1,64,0.00718792
250,1,65,0.00718802
250,1,66,0.00718812
250,1,67,0.00718821
250,1,68,0.00718831
250,1,69,0.0071884
250,1,70,0.0071885
250,1,71,0.00718859
250,1,72,0.00718869
250,1,73,0.00718879
250,1,74,0.00718888
250,1,75,0.00718898
250,1,76,0.00718907
250,1,77,0.00718917
250,1,78,0.00718926
250,1,79,0.00718941
250,1,80,0.00718956
250,1,81,0.00718972
250,1,82,0.00718987
250,1,83,0.00719002
250,1,84,0.00719017
250,1,85,0.00719033
250,1,86,0.00719048
250,1,87,0.00719063
250,1,88,0.00719079
250,1,89,0.00719094
250,1,90,0.00719109
250,1,91,0.00719124
250,1,92,0.0071914
250,1,93,0.00719155
250,1,94,0.0071917
250,1,95,0.00719186
250,1,96,0.00719201
250,1,97,0.00719216
250,1,98,0.00719231
250,1,99,0.00719247
250,1,100,0.00719262
250,1,101,0.00719277
250,1,102,0.00719293
250,1,103,0.00719308
250,1,104,0.00719323
250,1,105,0.00719339
250,1,106,0.00719354
250,1,107,0.00719369
250,1,108,0.00719384
250,1,109,0.007194
250,1,110,0.00719408
250,1,111,0.00719412
250,1,112,0.00719416
250,1,113,0.0071942
250,1,114,0.00719425
250,1,115,0.00719429
250,1,116,0.00719433
250,1,117,0.00719437
250,1,118,0.00719441
250,1,119,0.00719445
250,1,120,0.00719449
250,1,121,0.00719454
250,1,122,0.00719458
250,1,123,0.00719462
250,1,124,0.00719466
250,1,125,0.0071947
250,1,126,0.00719474
250,1,127,0.00719478
250,1,128,0.00719483
250,1,129,0.00719487
250,1,130,0.00719491
250,1,131,0.00719495
250,1,132,0.00719499
250,1,133,0.00719503
250,1,134,0.00719508
250,1,135,0.00719512
250,1,136,0.00719516
250,1,137,0.0071952
250,1,138,0.00719524
250,1,139,0.00719528
250,1,140,0.00719532
250,1,141,0.00719536
250,1,142,0.0071954
250,1,143,0.00719544
250,1,144,0.00719548
250,1,145,0.00719552
250,1,146,0.00719556
250,1,147,0.0071956
250,1,148,0.00719564
250,1,149,0.00719568
250,1,150,0.00719572
250,1,151,0.00719576
250,1,152,0.0071958
250,1,153,0.00719584
250,1,154,0.00719588
250,1,155,0.00719592
250,1,156,0.00719596
250,1,157,0.007196
250,1,158,0.00719604
250,1,159,0.00719608
250,1,160,0.00719612
250,1,161,0.00719616
250,1,162,0.0071962
250,1,163,0.00719624
250,1,164,0.00719628
250,1,165,0.00719632
250,1,166,0.00719636
250,1,167,0.0071964
250,1,168,0.00719644
250,1,169,0.00719648
250,1,170,0.00719652
250,1,171,0.00719656
250,1,172,0.00719654
250,1,173,0.00719605
250,1,174,0.00719555
250,1,175,0.00719506
250,1,176,0.00719457
250,1,177,0.00719408
250,1,178,0.00719359
250,1,179,0.0071931
250,1,180,0.00719261
250,1,181,0.00719212
250,1,182,0.00719163
250,1,183,0.00719114
250,1,184,0.00719064
250,1,185,0.00719015
250,1,186,0.00718966
250,1,187,0.00718917
250,1,188,0.00718868
250,1,189,0.00718819
250,1,190,0.0071877
250,1,191,0.00718721
250,1,192,0.00718672
250,1,193,0.00718623
250,1,194,0.00718574
250,1,195,0.00718524
250,1,196,0.00718475
250,1,197,0.00718426
250,1,198,0.00718377
250,1,199,0.00718328
250,1,200,0.00718279
250,1,201,0.0071823
250,1,202,0.00718181
250,1,203,0.00718132
250,1,204,0.00718093
250,1,205,0.00718055
250,1,206,0.00718017
250,1,207,0.0071798
250,1,208,0.00717942
250,1,209,0.00717905
250,1,210,0.00717867
250,1,211,0.0071783
250,1,212,0.00717792
250,1,213,0.00717754
250,1,214,0.00717717
250,1,215,0.00717679
250,1,216,0.00717642
250,1,217,0.00717604
250,1,218,0.00717566
250,1,219,0.00717529
250,1,220,0.00717491
250,1,221,0.00717454
250,1,222,0.00717416
250,1,223,0.00717378
250,1,224,0.00717341
250,1,225,0.00717303
250,1,226,0.00717266
250,1,227,0.00717228
250,1,228,0.0071719
250,1,229,0.00717153
250,1,230,0.00717115
250,1,231,0.00717078
250,1,232,0.0071704
250,1,233,0.00717002
250,1,234,0.00716965
250,1,235,0.00716971
250,1,236,0.00717002
250,1,237,0.00717034
250,1,238,0.00717066
250,1,239,0.00717098
250,1,240,0.0071713
250,1,241,0.00717162
250,1,242,0.00717193
250,1,243,0.00717225
250,1,244,0.00717257
250,1,245,0.00717289
250,1,246,0.00717321
250,1,247,0.00717353
250,1,248,0.00717384
250,1,249,0.00717416
250,1,250,0.00717448
250,1,251,0.0071748
250,1,252,0.00717512
250,1,253,0.00717544
250,1,254,0.00717575
250,1,255,0.00717607
250,1,256,0.00717639
250,1,257,0.00717671
250,1,258,0.00717703
250,1,259,0.00717735
250,1,260,0.00717766
250,1,261,0.00717798
250,1,262,0.0071783
250,1,263,0.00717862
250,1,264,0.00717894
250,1,265,0.00717926
250,1,266,0.00717957
250,1,267,0.00717988
250,1,268,0.00718019
250,1,269,0.0071805
250,1,270,0.00718082
250,1,271,0.00718113
250,1,272,0.00718144
250,1,273,0.00718175
250,1,274,0.00718206
250,1,275,0.00718237
250,1,276,0.00718268
250,1,277,0.00718299
250,1,278,0.0071833
250,1,279,0.00718362
250,1,280,0.00718393
250,1,281,0.00718424
250,1,282,0.00718455
250,1,283,0.00718486
250,1,284,0.00718517
250,1,285,0.00718548
250,1,286,0.00718579
250,1,287,0.0071861
250,1,288,0.00718641
250,1,289,0.00718673
250,1,290,0.00718704
250,1,291,0.00718735
250,1,292,0.00718766
250,1,293,0.00718797
250,1,294,0.00718828
250,1,295,0.00718859
250,1,296,0.0071889
250,1,297,0.00718917
250,1,298,0.00718914
250,1,299,0.0071891
250,1,300,0.00718907
250,1,301,0.00718903
250,1,302,0.007189
250,1,303,0.00718896
250,1,304,0.00718893
250,1,305,0.00718889
250,1,306,0.00718886
250,1,307,0.00718882
250,1,308,0.00718879
250,1,309,0.00718875
250,1,310,0.00718872
250,1,311,0.00718868
250,1,312,0.00718865
250,1,313,0.00718861
250,1,314,0.00718858
250,1,315,0.00718854
250,1,316,0.00718851
250,1,317,0.00718847
250,1,318,0.00718844
250,1,319,0.0071884
250,1,320,0.00718837
250,1,321,0.00718833
250,1,322,0.0071883
250,1,323,0.00718826
250,1,324,0.00718823
250,1,325,0.00718819
250,1,326,0.00718816
250,1,327,0.00718812
250,1,328,0.00718809
250,1,329,0.00718808
250,1,330,0.00718807
250,1,331,0.00718807
250,1,332,0.00718806
250,1,333,0.00718805
250,1,334,0.00718805
250,1,335,0.00718804
250,1,336,0.00718804
250,1,337,0.00718803
250,1,338,0.00718802
250,1,339,0.00718802
250,1,340,0.00718801
250,1,341,0.00718801
250,1,342,0.007188
250,1,343,0.00718799
250,1,344,0.00718799
250,1,345,0.00718798
250,1,346,0.00718798
250,1,347,0.00718797
250,1,348,0.00718796
250,1,349,0.00718796
250,1,350,0.00718795
250,1,351,0.00718794
250,1,352,0.00718794
250,1,353,0.00718793
250,1,354,0.00718793
250,1,355,0.00718792
250,1,356,0.00718791
250,1,357,0.00718791
250,1,358,0.0071879
250,1,359,0.0071879
250,1,360,0.00718789
250,1,361,0.00718787
250,1,362,0.00718786
250,1,363,0.00718785
250,1,364,0.00718783
250,1,365,0.00718782
250,1,366,0.00718781
250,1,367,0.00718779
250,1,368,0.00718778
250,1,369,0.00718777
250,1,370,0.00718776
250,1,371,0.00718774
250,1,372,0.00718773
250,1,373,0.00718772
250,1,374,0.0071877
250,1,375,0.00718769
250,1,376,0.00718768
250,1,377,0.00718767
250,1,378,0.00718765
250,1,379,0.00718764
250,1,380,0.00718763
250,1,381,0.00718761
250,1,382,0.0071876
250,1,383,0.00718759
250,1,384,0.00718757
250,1,385,0.00718756
250,1,386,0.00718755
250,1,387,0.00718754
250,1,388,0.00718752
250,1,389,0.00718751
250,1,390,0.0071875
250,1,391,0.00718747
250,1,392,0.00718742
250,1,393,0.00718736
250,1,394,0.00718731
250,1,395,0.00718726
250,1,396,0.00718721
250,1,397,0.00718715
250,1,398,0.0071871
250,1,399,0.00718705
250,1,400,0.007187
250,1,401,0.00718694
250,1,402,0.00718689
250,1,403,0.00718684
250,1,404,0.00718679
250,1,405,0.00718673
250,1,406,0.00718668
250,1,407,0.00718663
250,1,408,0.00718657
250,1,409,0.00718652
250,1,410,0.00718647
250,1,411,0.00718642
250,1,412,0.00718636
250,1,413,0.00718631
250,1,414,0.00718626
250,1,415,0.00718621
250,1,416,0.00718615
250,1,417,0.0071861
250,1,418,0.00718605
250,1,419,0.007186
250,1,420,0.00718594
250,1,421,0.00718589
250,1,422,0.00718585
250,1,423,0.00718585
250,1,424,0.00718585
250,1,425,0.00718585
250,1,426,0.00718586
250,1,427,0.00718586
250,1,428,0.00718586
250,1,429,0.00718587
250,1,430,0.00718587
250,1,431,0.00718587
250,1,432,0.00718588
250,1,433,0.00718588
250,1,434,0.00718588
250,1,435,0.00718589
250,1,436,0.00718589
250,1,437,0.00718589
250,1,438,0.0071859
250,1,439,0.0071859
250,1,440,0.0071859
250,1,441,0.00718591
250,1,442,0.00718591
250,1,443,0.00718591
250,1,444,0.00718592
250,1,445,0.00718592
250,1,446,0.00718592
250,1,447,0.00718593
250,1,448,0.00718593
250,1,449,0.00718593
250,1,450,0.00718593
250,1,451,0.00718594
250,1,452,0.00718594
250,1,453,0.00718594
250,1,454,0.00718595
250,1,455,0.00718595
250,1,456,0.00718595
250,1,457,0.00718595
250,1,458,0.00718595
250,1,459,0.00718595
250,1,460,0.00718595
250,1,461,0.00718595
250,1,462,0.00718595
250,1,463,0.00718595
250,1,464,0.00718595
250,1,465,0.00718595
250,1,466,0.00718595
250,1,467,0.00718595
250,1,468,0.00718595
250,1,469,0.00718595
250,1,470,0.00718595
250,1,471,0.00718595
250,1,472,0.00718595
250,1,473,0.00718595
250,1,474,0.00718595
250,1,475,0.00718595
250,1,476,0.00718595
250,1,477,0.00718596
250,1,478,0.00718596
250,1,479,0.00718596
250,1,480,0.00718596
250,1,481,0.00718596
250,1,482,0.00718596
250,1,483,0.00718596
250,1,484,0.00718596
250,1,485,0.00718594
250,1,486,0.00718591
250,1,487,0.00718589
250,1,488,0.00718586
250,1,489,0.00718584
250,1,490,0.00718581
250,1,491,0.00718578
250,1,492,0.00718576
250,1,493,0.00718573
250,1,494,0.0071857
250,1,495,0.00718568
250,1,496,0.00718565
250,1,497,0.00718562
250,1,498,0.0071856
250,1,499,0.00718557
250,1,500,0.00718554
