x,y,z,b
225,216,0,3.88128
225,216,1,3.88128
225,216,2,3.88129
225,216,3,3.8813
225,216,4,3.8813
225,216,5,3.88131
225,216,6,3.88132
225,216,7,3.88132
225,216,8,3.88133
225,216,9,3.88134
225,216,10,3.88134
225,216,11,3.88135
225,216,12,3.88136
225,216,13,3.88136
225,216,14,3.88137
225,216,15,3.8814
225,216,16,3.88143
225,216,17,3.88146
225,216,18,3.88149
225,216,19,3.88151
225,216,20,3.88154
225,216,21,3.88157
225,216,22,3.8816
225,216,23,3.88163
225,216,24,3.88166
225,216,25,3.88169
225,216,26,3.88172
225,216,27,3.88175
225,216,28,3.88178
225,216,29,3.8818
225,216,30,3.88183
225,216,31,3.88186
225,216,32,3.88189
225,216,33,3.88192
225,216,34,3.88195
225,216,35,3.88198
225,216,36,3.88201
225,216,37,3.88204
225,216,38,3.88207
225,216,39,3.88209
225,216,40,3.88212
225,216,41,3.88215
225,216,42,3.88218
225,216,43,3.88223
225,216,44,3.88229
225,216,45,3.88235
225,216,46,3.88241
225,216,47,3.88247
225,216,48,3.88252
225,216,49,3.88258
225,216,50,3.88264
225,216,51,3.8827
225,216,52,3.88276
225,216,53,3.88281
225,216,54,3.88287
225,216,55,3.88293
225,216,56,3.88299
225,216,57,3.88305
225,216,58,3.8831
225,216,59,3.88316
225,216,60,3.88322
225,216,61,3.88328
225,216,62,3.88333
225,216,63,3.88339
225,216,64,3.88345
225,216,65,3.88351
225,216,66,3.88357
225,216,67,3.88362
225,216,68,3.88368
225,216,69,3.88374
225,216,70,3.8838
225,216,71,3.88391
225,216,72,3.88404
225,216,73,3.88417
225,216,74,3.8843
225,216,75,3.88443
225,216,76,3.88457
225,216,77,3.8847
225,216,78,3.88483
225,216,79,3.88496
225,216,80,3.88509
225,216,81,3.88522
225,216,82,3.88536
225,216,83,3.88549
225,216,84,3.88562
225,216,85,3.88559
225,216,86,3.88578
225,216,87,3.88597
225,216,88,3.88617
225,216,89,3.88636
225,216,90,3.88655
225,216,91,3.88674
225,216,92,3.88709
225,216,93,3.88755
225,216,94,3.88801
225,216,95,3.88847
225,216,96,3.88893
225,216,97,3.88939
225,216,98,3.88985
225,216,99,3.89057
225,216,100,3.89127
225,216,101,3.89198
225,216,102,3.89268
225,216,103,3.89341
225,216,104,3.89415
225,216,105,3.89488
225,216,106,3.89561
225,216,107,3.89635
225,216,108,3.89708
225,216,109,3.89782
225,216,110,3.89903
225,216,111,3.90024
225,216,112,3.90146
225,216,113,3.90267
225,216,114,3.90388
225,216,115,3.90509
225,216,116,3.9063
225,216,117,3.90739
225,216,118,3.90847
225,216,119,3.90955
225,216,120,3.91329
225,216,121,3.91542
225,216,122,3.91699
225,216,123,3.91834
225,216,124,3.91968
225,216,125,3.9211
225,216,126,3.92282
225,216,127,3.92454
225,216,128,3.92626
225,216,129,3.92759
225,216,130,3.92875
225,216,131,3.9299
225,216,132,3.93114
225,216,133,3.93284
225,216,134,3.93453
225,216,135,3.93622
225,216,136,3.93738
225,216,137,3.93824
225,216,138,3.9391
225,216,139,3.93976
225,216,140,3.93908
225,216,141,3.9384
225,216,142,3.93772
225,216,143,3.93608
225,216,144,3.93384
225,216,145,3.93161
225,216,146,3.92948
225,216,147,3.92828
225,216,148,3.92708
225,216,149,3.92588
225,216,150,3.92421
225,216,151,3.9222
225,216,152,3.9202
225,216,153,3.91818
225,216,154,3.91601
225,216,155,3.91384
225,216,156,3.91167
225,216,157,3.90992
225,216,158,3.90851
225,216,159,3.9071
225,216,160,3.90571
225,216,161,3.90479
225,216,162,3.90387
225,216,163,3.90295
225,216,164,3.90106
225,216,165,3.89829
225,216,166,3.89552
225,216,167,3.89274
225,216,168,3.88921
225,216,169,3.88568
225,216,170,3.88214
225,216,171,3.87929
225,216,172,3.87713
225,216,173,3.87498
225,216,174,3.87282
225,216,175,3.87002
225,216,176,3.86173
225,216,177,3.86238
225,216,178,3.86303
225,216,179,3.86367
225,216,180,3.86519
225,216,181,3.86707
225,216,182,3.86896
225,216,183,3.87084
225,216,184,3.87272
225,216,185,3.87461
225,216,186,3.87649
225,216,187,3.87662
225,216,188,3.87589
225,216,189,3.87516
225,216,190,3.87443
225,216,191,3.8737
225,216,192,3.87297
225,216,193,3.87225
225,216,194,3.87041
225,216,195,3.86795
225,216,196,3.86549
225,216,197,3.85984
225,216,198,3.85547
225,216,199,3.85136
225,216,200,3.84767
225,216,201,3.84399
225,216,202,3.8403
225,216,203,3.83954
225,216,204,3.83929
225,216,205,3.83904
225,216,206,3.83861
225,216,207,3.83784
225,216,208,3.83706
225,216,209,3.83629
225,216,210,3.83659
225,216,211,3.83713
225,216,212,3.83767
225,216,213,3.83784
225,216,214,3.8372
225,216,215,3.83655
225,216,216,3.83591
225,216,217,3.83623
225,216,218,3.83916
225,216,219,3.83877
225,216,220,3.83839
225,216,221,3.83801
225,216,222,3.83861
225,216,223,3.84015
225,216,224,3.84169
225,216,225,3.83157
225,216,226,3.82921
225,216,227,3.82968
225,216,228,3.83898
225,216,229,3.84829
225,216,230,3.8576
225,216,231,3.86509
225,216,232,3.8719
225,216,233,3.87872
225,216,234,3.88413
225,216,235,3.88431
225,216,236,3.88448
225,216,237,3.88466
225,216,238,3.88426
225,216,239,3.88361
225,216,240,3.88283
225,216,241,3.88219
225,216,242,3.88154
225,216,243,3.88076
225,216,244,3.8798
225,216,245,3.87883
225,216,246,3.87786
225,216,247,3.8769
225,216,248,3.87593
225,216,249,3.87496
225,216,250,3.87449
225,216,251,3.87477
225,216,252,3.87506
225,216,253,3.87534
225,216,254,3.87563
225,216,255,3.87591
225,216,256,3.8762
225,216,257,3.87638
225,216,258,3.87638
225,216,259,3.87638
225,216,260,3.87638
225,216,261,3.87638
225,216,262,3.87638
225,216,263,3.87638
225,216,264,3.87651
225,216,265,3.87688
225,216,266,3.87726
225,216,267,3.87764
225,216,268,3.87838
225,216,269,3.8786
225,216,270,3.87881
225,216,271,3.87902
225,216,272,3.87923
225,216,273,3.87945
225,216,274,3.87966
225,216,275,3.87977
225,216,276,3.87987
225,216,277,3.87996
225,216,278,3.88005
225,216,279,3.88014
225,216,280,3.88023
225,216,281,3.88032
225,216,282,3.88063
225,216,283,3.8807
225,216,284,3.88077
225,216,285,3.88084
225,216,286,3.88091
225,216,287,3.88098
225,216,288,3.88106
225,216,289,3.88113
225,216,290,3.8812
225,216,291,3.88127
225,216,292,3.88134
225,216,293,3.88141
225,216,294,3.88148
225,216,295,3.88155
225,216,296,3.88157
225,216,297,3.88157
225,216,298,3.88156
225,216,299,3.88156
225,216,300,3.88156
225,216,301,3.88156
225,216,302,3.88155
225,216,303,3.88155
225,216,304,3.88155
225,216,305,3.88154
225,216,306,3.88154
225,216,307,3.88154
225,216,308,3.88154
225,216,309,3.88153
225,216,310,3.88153
225,216,311,3.88153
225,216,312,3.88152
225,216,313,3.88152
225,216,314,3.88152
225,216,315,3.88151
225,216,316,3.88151
225,216,317,3.88151
225,216,318,3.88151
225,216,319,3.8815
225,216,320,3.8815
225,216,321,3.8815
225,216,322,3.88149
225,216,323,3.88149
225,216,324,3.88149
225,216,325,3.88148
225,216,326,3.88148
225,216,327,3.88147
225,216,328,3.88147
225,216,329,3.88146
225,216,330,3.88146
225,216,331,3.88146
225,216,332,3.88145
225,216,333,3.88145
225,216,334,3.88144
225,216,335,3.88144
225,216,336,3.88143
225,216,337,3.88143
225,216,338,3.88142
225,216,339,3.88142
225,216,340,3.88142
225,216,341,3.88141
225,216,342,3.88141
225,216,343,3.8814
225,216,344,3.8814
225,216,345,3.88139
225,216,346,3.88139
225,216,347,3.88138
225,216,348,3.88138
225,216,349,3.88137
225,216,350,3.88137
225,216,351,3.88137
225,216,352,3.88136
225,216,353,3.88136
225,216,354,3.88136
225,216,355,3.88136
225,216,356,3.88136
225,216,357,3.88136
225,216,358,3.88136
225,216,359,3.88136
225,216,360,3.88136
225,216,361,3.88136
225,216,362,3.88136
225,216,363,3.88136
225,216,364,3.88136
225,216,365,3.88136
225,216,366,3.88136
225,216,367,3.88136
225,216,368,3.88136
225,216,369,3.88136
225,216,370,3.88136
225,216,371,3.88136
225,216,372,3.88136
225,216,373,3.88136
225,216,374,3.88136
225,216,375,3.88136
225,216,376,3.88136
225,216,377,3.88136
225,216,378,3.88136
225,216,379,3.88135
225,216,380,3.88135
225,216,381,3.88135
225,216,382,3.88135
225,216,383,3.88135
225,216,384,3.88135
225,216,385,3.88135
225,216,386,3.88135
225,216,387,3.88135
225,216,388,3.88135
225,216,389,3.88134
225,216,390,3.88134
225,216,391,3.88134
225,216,392,3.88134
225,216,393,3.88134
225,216,394,3.88134
225,216,395,3.88134
225,216,396,3.88134
225,216,397,3.88133
225,216,398,3.88133
225,216,399,3.88133
225,216,400,3.88133
225,216,401,3.88133
225,216,402,3.88133
225,216,403,3.88133
225,216,404,3.88133
225,216,405,3.88133
225,216,406,3.88132
225,216,407,3.88132
225,216,408,3.88132
225,216,409,3.88132
225,216,410,3.88131
225,216,411,3.88131
225,216,412,3.8813
225,216,413,3.8813
225,216,414,3.88129
225,216,415,3.88129
225,216,416,3.88128
225,216,417,3.88128
225,216,418,3.88127
225,216,419,3.88127
225,216,420,3.88126
225,216,421,3.88126
225,216,422,3.88125
225,216,423,3.88125
225,216,424,3.88124
225,216,425,3.88124
225,216,426,3.88123
225,216,427,3.88123
225,216,428,3.88122
225,216,429,3.88122
225,216,430,3.88121
225,216,431,3.88121
225,216,432,3.8812
225,216,433,3.8812
225,216,434,3.88119
225,216,435,3.88119
225,216,436,3.88118
225,216,437,3.88119
225,216,438,3.8812
225,216,439,3.8812
225,216,440,3.88121
225,216,441,3.88122
225,216,442,3.88122
225,216,443,3.88123
225,216,444,3.88124
225,216,445,3.88124
225,216,446,3.88125
225,216,447,3.88126
225,216,448,3.88126
225,216,449,3.88127
225,216,450,3.88128
