x,y,z,b
250,1,0,0.00718908
250,1,1,0.00718915
250,1,2,0.00718921
250,1,3,0.00718927
250,1,4,0.00718933
250,1,5,0.0071894
250,1,6,0.00718946
250,1,7,0.00718952
250,1,8,0.00718958
250,1,9,0.00718965
250,1,10,0.00718971
250,1,11,0.00718977
250,1,12,0.00718984
250,1,13,0.0071899
250,1,14,0.00718996
250,1,15,0.00719002
250,1,16,0.00719014
250,1,17,0.00719034
250,1,18,0.00719054
250,1,19,0.00719074
250,1,20,0.00719094
250,1,21,0.00719114
250,1,22,0.00719134
250,1,23,0.00719154
250,1,24,0.00719175
250,1,25,0.00719195
250,1,26,0.00719215
250,1,27,0.00719235
250,1,28,0.00719255
250,1,29,0.00719275
250,1,30,0.00719295
250,1,31,0.00719315
250,1,32,0.00719335
250,1,33,0.00719355
250,1,34,0.00719375
250,1,35,0.00719396
250,1,36,0.00719416
250,1,37,0.00719436
250,1,38,0.00719456
250,1,39,0.00719476
250,1,40,0.00719496
250,1,41,0.00719516
250,1,42,0.00719536
250,1,43,0.00719556
250,1,44,0.00719576
250,1,45,0.00719596
250,1,46,0.00719617
250,1,47,0.00719634
250,1,48,0.00719629
250,1,49,0.00719625
250,1,50,0.0071962
250,1,51,0.00719616
250,1,52,0.00719612
250,1,53,0.00719607
250,1,54,0.00719603
250,1,55,0.00719598
250,1,56,0.00719594
250,1,57,0.00719589
250,1,58,0.00719585
250,1,59,0.00719581
250,1,60,0.00719576
250,1,61,0.00719572
250,1,62,0.00719567
250,1,63,0.00719563
250,1,64,0.00719559
250,1,65,0.00719554
250,1,66,0.0071955
250,1,67,0.00719545
250,1,68,0.00719541
250,1,69,0.00719536
250,1,70,0.00719532
250,1,71,0.00719528
250,1,72,0.00719523
250,1,73,0.00719519
250,1,74,0.00719514
250,1,75,0.0071951
250,1,76,0.00719505
250,1,77,0.00719501
250,1,78,0.00719497
250,1,79,0.00719491
250,1,80,0.00719485
250,1,81,0.00719479
250,1,82,0.00719473
250,1,83,0.00719467
250,1,84,0.00719461
250,1,85,0.00719455
250,1,86,0.00719449
250,1,87,0.00719443
250,1,88,0.00719437
250,1,89,0.00719431
250,1,90,0.00719425
250,1,91,0.00719419
250,1,92,0.00719413
250,1,93,0.00719407
250,1,94,0.00719401
250,1,95,0.00719395
250,1,96,0.00719389
250,1,97,0.00719383
250,1,98,0.00719377
250,1,99,0.00719371
250,1,100,0.00719365
250,1,101,0.00719359
250,1,102,0.00719353
250,1,103,0.00719347
250,1,104,0.00719342
250,1,105,0.00719336
250,1,106,0.0071933
250,1,107,0.00719324
250,1,108,0.00719318
250,1,109,0.00719312
250,1,110,0.00719277
250,1,111,0.00719226
250,1,112,0.00719174
250,1,113,0.00719122
250,1,114,0.00719071
250,1,115,0.00719019
250,1,116,0.00718968
250,1,117,0.00718916
250,1,118,0.00718865
250,1,119,0.00718813
250,1,120,0.00718761
250,1,121,0.0071871
250,1,122,0.00718658
250,1,123,0.00718607
250,1,124,0.00718555
250,1,125,0.00718504
250,1,126,0.00718452
250,1,127,0.007184
250,1,128,0.00718349
250,1,129,0.00718297
250,1,130,0.00718246
250,1,131,0.00718194
250,1,132,0.00718143
250,1,133,0.00718091
250,1,134,0.00718039
250,1,135,0.00717988
250,1,136,0.00717936
250,1,137,0.00717885
250,1,138,0.00717833
250,1,139,0.00717782
250,1,140,0.0071773
250,1,141,0.00717673
250,1,142,0.00717607
250,1,143,0.0071754
250,1,144,0.00717474
250,1,145,0.00717408
250,1,146,0.00717342
250,1,147,0.00717275
250,1,148,0.00717209
250,1,149,0.00717143
250,1,150,0.00717077
250,1,151,0.0071701
250,1,152,0.00716944
250,1,153,0.00716878
250,1,154,0.00716812
250,1,155,0.00716745
250,1,156,0.00716679
250,1,157,0.00716613
250,1,158,0.00716547
250,1,159,0.00716481
250,1,160,0.00716414
250,1,161,0.00716348
250,1,162,0.00716282
250,1,163,0.00716216
250,1,164,0.00716149
250,1,165,0.00716083
250,1,166,0.00716017
250,1,167,0.00715951
250,1,168,0.00715884
250,1,169,0.00715818
250,1,170,0.00715752
250,1,171,0.00715686
250,1,172,0.00715628
250,1,173,0.00715635
250,1,174,0.00715642
250,1,175,0.00715648
250,1,176,0.00715655
250,1,177,0.00715662
250,1,178,0.00715668
250,1,179,0.00715675
250,1,180,0.00715682
250,1,181,0.00715688
250,1,182,0.00715695
250,1,183,0.00715702
250,1,184,0.00715708
250,1,185,0.00715715
250,1,186,0.00715721
250,1,187,0.00715728
250,1,188,0.00715735
250,1,189,0.00715741
250,1,190,0.00715748
250,1,191,0.00715755
250,1,192,0.00715761
250,1,193,0.00715768
250,1,194,0.00715775
250,1,195,0.00715781
250,1,196,0.00715788
250,1,197,0.00715795
250,1,198,0.00715801
250,1,199,0.00715808
250,1,200,0.00715814
250,1,201,0.00715821
250,1,202,0.00715828
250,1,203,0.00715834
250,1,204,0.00715861
250,1,205,0.00715891
250,1,206,0.00715921
250,1,207,0.00715951
250,1,208,0.00715981
250,1,209,0.00716011
250,1,210,0.00716041
250,1,211,0.0071607
250,1,212,0.007161
250,1,213,0.0071613
250,1,214,0.0071616
250,1,215,0.0071619
250,1,216,0.0071622
250,1,217,0.0071625
250,1,218,0.00716279
250,1,219,0.00716309
250,1,220,0.00716339
250,1,221,0.00716369
250,1,222,0.00716399
250,1,223,0.00716429
250,1,224,0.00716459
250,1,225,0.00716489
250,1,226,0.00716518
250,1,227,0.00716548
250,1,228,0.00716578
250,1,229,0.00716608
250,1,230,0.00716638
250,1,231,0.00716668
250,1,232,0.00716698
250,1,233,0.00716727
250,1,234,0.00716757
250,1,235,0.00716786
250,1,236,0.00716814
250,1,237,0.00716842
250,1,238,0.00716871
250,1,239,0.00716899
250,1,240,0.00716927
250,1,241,0.00716955
250,1,242,0.00716983
250,1,243,0.00717011
250,1,244,0.0071704
250,1,245,0.00717068
250,1,246,0.00717096
250,1,247,0.00717124
250,1,248,0.00717152
250,1,249,0.00717181
250,1,250,0.00717209
250,1,251,0.00717237
250,1,252,0.00717265
250,1,253,0.00717293
250,1,254,0.00717321
250,1,255,0.0071735
250,1,256,0.00717378
250,1,257,0.00717406
250,1,258,0.00717434
250,1,259,0.00717462
250,1,260,0.0071749
250,1,261,0.00717519
250,1,262,0.00717547
250,1,263,0.00717575
250,1,264,0.00717603
250,1,265,0.00717631
250,1,266,0.00717643
250,1,267,0.00717627
250,1,268,0.00717611
250,1,269,0.00717596
250,1,270,0.0071758
250,1,271,0.00717564
250,1,272,0.00717548
250,1,273,0.00717533
250,1,274,0.00717517
250,1,275,0.00717501
250,1,276,0.00717485
250,1,277,0.0071747
250,1,278,0.00717454
250,1,279,0.00717438
250,1,280,0.00717422
250,1,281,0.00717406
250,1,282,0.00717391
250,1,283,0.00717375
250,1,284,0.00717359
250,1,285,0.00717343
250,1,286,0.00717328
250,1,287,0.00717312
250,1,288,0.00717296
250,1,289,0.0071728
250,1,290,0.00717265
250,1,291,0.00717249
250,1,292,0.00717233
250,1,293,0.00717217
250,1,294,0.00717201
250,1,295,0.00717186
250,1,296,0.0071717
250,1,297,0.00717159
250,1,298,0.00717178
250,1,299,0.00717198
250,1,300,0.00717217
250,1,301,0.00717237
250,1,302,0.00717257
250,1,303,0.00717276
250,1,304,0.00717296
250,1,305,0.00717316
250,1,306,0.00717335
250,1,307,0.00717355
250,1,308,0.00717374
250,1,309,0.00717394
250,1,310,0.00717414
250,1,311,0.00717433
250,1,312,0.00717453
250,1,313,0.00717472
250,1,314,0.00717492
250,1,315,0.00717512
250,1,316,0.00717531
250,1,317,0.00717551
250,1,318,0.00717571
250,1,319,0.0071759
250,1,320,0.0071761
250,1,321,0.00717629
250,1,322,0.00717649
250,1,323,0.00717669
250,1,324,0.00717688
250,1,325,0.00717708
250,1,326,0.00717727
250,1,327,0.00717747
250,1,328,0.00717767
250,1,329,0.00717795
250,1,330,0.00717825
250,1,331,0.00717855
250,1,332,0.00717885
250,1,333,0.00717915
250,1,334,0.00717945
250,1,335,0.00717976
250,1,336,0.00718006
250,1,337,0.00718036
250,1,338,0.00718066
250,1,339,0.00718096
250,1,340,0.00718126
250,1,341,0.00718156
250,1,342,0.00718186
250,1,343,0.00718216
250,1,344,0.00718246
250,1,345,0.00718276
250,1,346,0.00718306
250,1,347,0.00718336
250,1,348,0.00718366
250,1,349,0.00718396
250,1,350,0.00718426
250,1,351,0.00718456
250,1,352,0.00718486
250,1,353,0.00718516
250,1,354,0.00718546
250,1,355,0.00718576
250,1,356,0.00718606
250,1,357,0.00718636
250,1,358,0.00718666
250,1,359,0.00718696
250,1,360,0.00718708
250,1,361,0.0071871
250,1,362,0.00718711
250,1,363,0.00718713
250,1,364,0.00718714
250,1,365,0.00718716
250,1,366,0.00718717
250,1,367,0.00718719
250,1,368,0.0071872
250,1,369,0.00718722
250,1,370,0.00718723
250,1,371,0.00718725
250,1,372,0.00718726
250,1,373,0.00718728
250,1,374,0.00718729
250,1,375,0.00718731
250,1,376,0.00718732
250,1,377,0.00718734
250,1,378,0.00718735
250,1,379,0.00718737
250,1,380,0.00718738
250,1,381,0.0071874
250,1,382,0.00718741
250,1,383,0.00718743
250,1,384,0.00718744
250,1,385,0.00718746
250,1,386,0.00718748
250,1,387,0.00718749
250,1,388,0.00718751
250,1,389,0.00718752
250,1,390,0.00718754
250,1,391,0.00718755
250,1,392,0.00718757
250,1,393,0.0071876
250,1,394,0.00718762
250,1,395,0.00718764
250,1,396,0.00718766
250,1,397,0.00718768
250,1,398,0.0071877
250,1,399,0.00718772
250,1,400,0.00718774
250,1,401,0.00718776
250,1,402,0.00718778
250,1,403,0.00718781
250,1,404,0.00718783
250,1,405,0.00718785
250,1,406,0.00718787
250,1,407,0.00718789
250,1,408,0.00718791
250,1,409,0.00718793
250,1,410,0.00718795
250,1,411,0.00718797
250,1,412,0.00718799
250,1,413,0.00718802
250,1,414,0.00718804
250,1,415,0.00718806
250,1,416,0.00718808
250,1,417,0.0071881
250,1,418,0.00718812
250,1,419,0.00718814
250,1,420,0.00718816
250,1,421,0.00718818
250,1,422,0.0071882
250,1,423,0.00718822
250,1,424,0.00718823
250,1,425,0.00718825
250,1,426,0.00718827
250,1,427,0.00718828
250,1,428,0.0071883
250,1,429,0.00718831
250,1,430,0.00718833
250,1,431,0.00718834
250,1,432,0.00718836
250,1,433,0.00718837
250,1,434,0.00718839
250,1,435,0.0071884
250,1,436,0.00718842
250,1,437,0.00718844
250,1,438,0.00718845
250,1,439,0.00718847
250,1,440,0.00718848
250,1,441,0.0071885
250,1,442,0.00718851
250,1,443,0.00718853
250,1,444,0.00718854
250,1,445,0.00718856
250,1,446,0.00718857
250,1,447,0.00718859
250,1,448,0.00718861
250,1,449,0.00718862
250,1,450,0.00718864
250,1,451,0.00718865
250,1,452,0.00718867
250,1,453,0.00718868
250,1,454,0.00718867
250,1,455,0.00718865
250,1,456,0.00718863
250,1,457,0.00718861
250,1,458,0.00718859
250,1,459,0.00718858
250,1,460,0.00718856
250,1,461,0.00718854
250,1,462,0.00718852
250,1,463,0.0071885
250,1,464,0.00718848
250,1,465,0.00718846
250,1,466,0.00718845
250,1,467,0.00718843
250,1,468,0.00718841
250,1,469,0.00718839
250,1,470,0.00718837
250,1,471,0.00718835
250,1,472,0.00718833
250,1,473,0.00718832
250,1,474,0.0071883
250,1,475,0.00718828
250,1,476,0.00718826
250,1,477,0.00718824
250,1,478,0.00718822
250,1,479,0.0071882
250,1,480,0.00718819
250,1,481,0.00718817
250,1,482,0.00718815
250,1,483,0.00718813
250,1,484,0.00718811
250,1,485,0.00718814
250,1,486,0.00718821
250,1,487,0.00718827
250,1,488,0.00718833
250,1,489,0.00718839
250,1,490,0.00718846
250,1,491,0.00718852
250,1,492,0.00718858
250,1,493,0.00718865
250,1,494,0.00718871
250,1,495,0.00718877
250,1,496,0.00718883
250,1,497,0.0071889
250,1,498,0.00718896
250,1,499,0.00718902
250,1,500,0.00718908
