x,y,z,b
225,216,0,3.88127
225,216,1,3.88126
225,216,2,3.88126
225,216,3,3.88126
225,216,4,3.88125
225,216,5,3.88125
225,216,6,3.88124
225,216,7,3.88124
225,216,8,3.88124
225,216,9,3.88123
225,216,10,3.88123
225,216,11,3.88122
225,216,12,3.88122
225,216,13,3.88122
225,216,14,3.88121
225,216,15,3.88129
225,216,16,3.88138
225,216,17,3.88146
225,216,18,3.88155
225,216,19,3.88163
225,216,20,3.88172
225,216,21,3.8818
225,216,22,3.88189
225,216,23,3.88197
225,216,24,3.88206
225,216,25,3.88214
225,216,26,3.88223
225,216,27,3.88231
225,216,28,3.8824
225,216,29,3.88248
225,216,30,3.88257
225,216,31,3.88265
225,216,32,3.88274
225,216,33,3.88283
225,216,34,3.88291
225,216,35,3.883
225,216,36,3.88308
225,216,37,3.88317
225,216,38,3.88325
225,216,39,3.88334
225,216,40,3.88342
225,216,41,3.88351
225,216,42,3.88359
225,216,43,3.88358
225,216,44,3.88354
225,216,45,3.88351
225,216,46,3.88348
225,216,47,3.88344
225,216,48,3.88341
225,216,49,3.88337
225,216,50,3.88334
225,216,51,3.8833
225,216,52,3.88327
225,216,53,3.88323
225,216,54,3.8832
225,216,55,3.88317
225,216,56,3.88313
225,216,57,3.8832
225,216,58,3.88323
225,216,59,3.88327
225,216,60,3.8833
225,216,61,3.88334
225,216,62,3.88337
225,216,63,3.88341
225,216,64,3.88344
225,216,65,3.88347
225,216,66,3.8835
225,216,67,3.88353
225,216,68,3.88356
225,216,69,3.88359
225,216,70,3.88363
225,216,71,3.88366
225,216,72,3.88369
225,216,73,3.88372
225,216,74,3.88375
225,216,75,3.88378
225,216,76,3.88381
225,216,77,3.88384
225,216,78,3.88412
225,216,79,3.88452
225,216,80,3.88492
225,216,81,3.88532
225,216,82,3.88572
225,216,83,3.88612
225,216,84,3.88652
225,216,85,3.88692
225,216,86,3.88732
225,216,87,3.88772
225,216,88,3.88812
225,216,89,3.88852
225,216,90,3.88892
225,216,91,3.88932
225,216,92,3.88952
225,216,93,3.88958
225,216,94,3.88964
225,216,95,3.88969
225,216,96,3.88975
225,216,97,3.88981
225,216,98,3.88987
225,216,99,3.88993
225,216,100,3.88998
225,216,101,3.89004
225,216,102,3.8901
225,216,103,3.89016
225,216,104,3.89022
225,216,105,3.89027
225,216,106,3.89023
225,216,107,3.89009
225,216,108,3.88996
225,216,109,3.88982
225,216,110,3.88969
225,216,111,3.88955
225,216,112,3.88942
225,216,113,3.88928
225,216,114,3.88915
225,216,115,3.88901
225,216,116,3.88888
225,216,117,3.88874
225,216,118,3.88861
225,216,119,3.88847
225,216,120,3.88841
225,216,121,3.88843
225,216,122,3.88845
225,216,123,3.88847
225,216,124,3.88849
225,216,125,3.88851
225,216,126,3.88853
225,216,127,3.88855
225,216,128,3.88857
225,216,129,3.88859
225,216,130,3.88861
225,216,131,3.88863
225,216,132,3.88865
225,216,133,3.88867
225,216,134,3.88869
225,216,135,3.8887
225,216,136,3.88871
225,216,137,3.88872
225,216,138,3.88873
225,216,139,3.88875
225,216,140,3.88876
225,216,141,3.89038
225,216,142,3.89121
225,216,143,3.89205
225,216,144,3.89288
225,216,145,3.89355
225,216,146,3.8942
225,216,147,3.89484
225,216,148,3.89549
225,216,149,3.89613
225,216,150,3.89677
225,216,151,3.89742
225,216,152,3.90104
225,216,153,3.90528
225,216,154,3.90952
225,216,155,3.91679
225,216,156,3.92285
225,216,157,3.92983
225,216,158,3.93755
225,216,159,3.94527
225,216,160,3.95293
225,216,161,3.95922
225,216,162,3.96551
225,216,163,3.9718
225,216,164,3.97538
225,216,165,3.9765
225,216,166,3.97762
225,216,167,3.97871
225,216,168,3.97708
225,216,169,3.97544
225,216,170,3.97381
225,216,171,3.97037
225,216,172,3.96507
225,216,173,3.95977
225,216,174,3.95447
225,216,175,3.94715
225,216,176,3.93978
225,216,177,3.9324
225,216,178,3.9246
225,216,179,3.9163
225,216,180,3.908
225,216,181,3.8997
225,216,182,3.89156
225,216,183,3.88342
225,216,184,3.87528
225,216,185,3.867
225,216,186,3.85854
225,216,187,3.85008
225,216,188,3.84161
225,216,189,3.83352
225,216,190,3.82547
225,216,191,3.81741
225,216,192,3.80982
225,216,193,3.80293
225,216,194,3.79605
225,216,195,3.78916
225,216,196,3.78446
225,216,197,3.78005
225,216,198,3.77565
225,216,199,3.77211
225,216,200,3.77005
225,216,201,3.768
225,216,202,3.76595
225,216,203,3.76751
225,216,204,3.7697
225,216,205,3.77188
225,216,206,3.77428
225,216,207,3.7771
225,216,208,3.77991
225,216,209,3.78272
225,216,210,3.78677
225,216,211,3.79108
225,216,212,3.7954
225,216,213,3.79937
225,216,214,3.80255
225,216,215,3.80573
225,216,216,3.80892
225,216,217,3.80764
225,216,218,3.80517
225,216,219,3.80271
225,216,220,3.80047
225,216,221,3.79885
225,216,222,3.79722
225,216,223,3.7956
225,216,224,3.79603
225,216,225,3.79711
225,216,226,3.79819
225,216,227,3.79939
225,216,228,3.80094
225,216,229,3.80249
225,216,230,3.80405
225,216,231,3.8074
225,216,232,3.81144
225,216,233,3.81547
225,216,234,3.82047
225,216,235,3.82908
225,216,236,3.83769
225,216,237,3.8463
225,216,238,3.85245
225,216,239,3.8575
225,216,240,3.86256
225,216,241,3.86749
225,216,242,3.87178
225,216,243,3.87608
225,216,244,3.88038
225,216,245,3.88456
225,216,246,3.88869
225,216,247,3.89281
225,216,248,3.89677
225,216,249,3.89975
225,216,250,3.90274
225,216,251,3.90573
225,216,252,3.90854
225,216,253,3.91124
225,216,254,3.91395
225,216,255,3.91646
225,216,256,3.91749
225,216,257,3.91851
225,216,258,3.91954
225,216,259,3.91896
225,216,260,3.91733
225,216,261,3.9157
225,216,262,3.91404
225,216,263,3.91209
225,216,264,3.91013
225,216,265,3.90818
225,216,266,3.9042
225,216,267,3.89869
225,216,268,3.88607
225,216,269,3.88389
225,216,270,3.88171
225,216,271,3.8803
225,216,272,3.8807
225,216,273,3.8811
225,216,274,3.8815
225,216,275,3.88478
225,216,276,3.88581
225,216,277,3.88983
225,216,278,3.89385
225,216,279,3.89787
225,216,280,3.90287
225,216,281,3.90884
225,216,282,3.91481
225,216,283,3.92078
225,216,284,3.92534
225,216,285,3.92989
225,216,286,3.93444
225,216,287,3.93653
225,216,288,3.93591
225,216,289,3.9353
225,216,290,3.93468
225,216,291,3.9339
225,216,292,3.93312
225,216,293,3.93233
225,216,294,3.93039
225,216,295,3.92699
225,216,296,3.92359
225,216,297,3.9202
225,216,298,3.91765
225,216,299,3.91516
225,216,300,3.91267
225,216,301,3.91061
225,216,302,3.90916
225,216,303,3.90559
225,216,304,3.90467
225,216,305,3.90374
225,216,306,3.90273
225,216,307,3.90116
225,216,308,3.8996
225,216,309,3.89804
225,216,310,3.89648
225,216,311,3.89491
225,216,312,3.89335
225,216,313,3.89191
225,216,314,3.89153
225,216,315,3.89114
225,216,316,3.89075
225,216,317,3.89037
225,216,318,3.88998
225,216,319,3.8896
225,216,320,3.8892
225,216,321,3.88871
225,216,322,3.88822
225,216,323,3.88773
225,216,324,3.88719
225,216,325,3.88694
225,216,326,3.88669
225,216,327,3.88644
225,216,328,3.88619
225,216,329,3.88594
225,216,330,3.88568
225,216,331,3.88548
225,216,332,3.8853
225,216,333,3.88513
225,216,334,3.88496
225,216,335,3.88479
225,216,336,3.88462
225,216,337,3.88445
225,216,338,3.88404
225,216,339,3.88399
225,216,340,3.88393
225,216,341,3.88388
225,216,342,3.88382
225,216,343,3.88376
225,216,344,3.88371
225,216,345,3.88365
225,216,346,3.8836
225,216,347,3.88354
225,216,348,3.88348
225,216,349,3.88343
225,216,350,3.88337
225,216,351,3.88332
225,216,352,3.88327
225,216,353,3.88323
225,216,354,3.8832
225,216,355,3.88316
225,216,356,3.88313
225,216,357,3.88309
225,216,358,3.88306
225,216,359,3.88302
225,216,360,3.88298
225,216,361,3.88295
225,216,362,3.88291
225,216,363,3.88288
225,216,364,3.88284
225,216,365,3.88281
225,216,366,3.88277
225,216,367,3.88273
225,216,368,3.8827
225,216,369,3.88266
225,216,370,3.88263
225,216,371,3.88259
225,216,372,3.88256
225,216,373,3.88252
225,216,374,3.88249
225,216,375,3.88245
225,216,376,3.88241
225,216,377,3.88238
225,216,378,3.88234
225,216,379,3.88231
225,216,380,3.88228
225,216,381,3.88226
225,216,382,3.88225
225,216,383,3.88224
225,216,384,3.88222
225,216,385,3.88221
225,216,386,3.88219
225,216,387,3.88218
225,216,388,3.88217
225,216,389,3.88215
225,216,390,3.88214
225,216,391,3.88212
225,216,392,3.88211
225,216,393,3.8821
225,216,394,3.88208
225,216,395,3.88207
225,216,396,3.88205
225,216,397,3.88204
225,216,398,3.88203
225,216,399,3.88201
225,216,400,3.882
225,216,401,3.88198
225,216,402,3.88197
225,216,403,3.88196
225,216,404,3.88194
225,216,405,3.88193
225,216,406,3.88191
225,216,407,3.8819
225,216,408,3.88188
225,216,409,3.88186
225,216,410,3.88184
225,216,411,3.88182
225,216,412,3.8818
225,216,413,3.88178
225,216,414,3.88176
225,216,415,3.88174
225,216,416,3.88172
225,216,417,3.8817
225,216,418,3.88168
225,216,419,3.88166
225,216,420,3.88164
225,216,421,3.88162
225,216,422,3.8816
225,216,423,3.88158
225,216,424,3.88156
225,216,425,3.88154
225,216,426,3.88152
225,216,427,3.8815
225,216,428,3.88148
225,216,429,3.88146
225,216,430,3.88144
225,216,431,3.88142
225,216,432,3.8814
225,216,433,3.88138
225,216,434,3.88136
225,216,435,3.88134
225,216,436,3.88132
225,216,437,3.88132
225,216,438,3.88132
225,216,439,3.88131
225,216,440,3.88131
225,216,441,3.8813
225,216,442,3.8813
225,216,443,3.8813
225,216,444,3.88129
225,216,445,3.88129
225,216,446,3.88128
225,216,447,3.88128
225,216,448,3.88128
225,216,449,3.88127
225,216,450,3.88127
