x,y,z,b
225,216,0,3.88115
225,216,1,3.88116
225,216,2,3.88117
225,216,3,3.88118
225,216,4,3.88118
225,216,5,3.88119
225,216,6,3.8812
225,216,7,3.8812
225,216,8,3.88121
225,216,9,3.88122
225,216,10,3.88123
225,216,11,3.88123
225,216,12,3.88124
225,216,13,3.88125
225,216,14,3.88125
225,216,15,3.8813
225,216,16,3.88135
225,216,17,3.8814
225,216,18,3.88145
225,216,19,3.8815
225,216,20,3.88155
225,216,21,3.8816
225,216,22,3.88165
225,216,23,3.8817
225,216,24,3.88175
225,216,25,3.8818
225,216,26,3.88185
225,216,27,3.88189
225,216,28,3.88194
225,216,29,3.88199
225,216,30,3.88204
225,216,31,3.88209
225,216,32,3.88214
225,216,33,3.88219
225,216,34,3.88224
225,216,35,3.88229
225,216,36,3.88234
225,216,37,3.88239
225,216,38,3.88244
225,216,39,3.88249
225,216,40,3.88254
225,216,41,3.88259
225,216,42,3.88264
225,216,43,3.88266
225,216,44,3.88268
225,216,45,3.8827
225,216,46,3.88272
225,216,47,3.88274
225,216,48,3.88276
225,216,49,3.88278
225,216,50,3.8828
225,216,51,3.88282
225,216,52,3.88284
225,216,53,3.88286
225,216,54,3.88288
225,216,55,3.8829
225,216,56,3.88292
225,216,57,3.88328
225,216,58,3.88339
225,216,59,3.88351
225,216,60,3.88363
225,216,61,3.88375
225,216,62,3.88386
225,216,63,3.88398
225,216,64,3.8841
225,216,65,3.88422
225,216,66,3.88435
225,216,67,3.88447
225,216,68,3.88459
225,216,69,3.88471
225,216,70,3.88484
225,216,71,3.88496
225,216,72,3.88508
225,216,73,3.8852
225,216,74,3.88533
225,216,75,3.88545
225,216,76,3.88557
225,216,77,3.88569
225,216,78,3.88581
225,216,79,3.88593
225,216,80,3.88605
225,216,81,3.88617
225,216,82,3.88629
225,216,83,3.88641
225,216,84,3.88653
225,216,85,3.88665
225,216,86,3.88677
225,216,87,3.88689
225,216,88,3.88701
225,216,89,3.88713
225,216,90,3.88725
225,216,91,3.88737
225,216,92,3.8874
225,216,93,3.88738
225,216,94,3.88736
225,216,95,3.88734
225,216,96,3.88731
225,216,97,3.88729
225,216,98,3.88727
225,216,99,3.88893
225,216,100,3.88945
225,216,101,3.88997
225,216,102,3.89045
225,216,103,3.89022
225,216,104,3.89
225,216,105,3.88977
225,216,106,3.88955
225,216,107,3.88932
225,216,108,3.8891
225,216,109,3.88888
225,216,110,3.88951
225,216,111,3.89014
225,216,112,3.89077
225,216,113,3.8914
225,216,114,3.89203
225,216,115,3.89266
225,216,116,3.89329
225,216,117,3.89331
225,216,118,3.89332
225,216,119,3.89333
225,216,120,3.89334
225,216,121,3.89335
225,216,122,3.89336
225,216,123,3.89337
225,216,124,3.89343
225,216,125,3.89348
225,216,126,3.89354
225,216,127,3.89673
225,216,128,3.89807
225,216,129,3.89838
225,216,130,3.89822
225,216,131,3.89806
225,216,132,3.89762
225,216,133,3.89579
225,216,134,3.89238
225,216,135,3.89202
225,216,136,3.89166
225,216,137,3.8913
225,216,138,3.89082
225,216,139,3.89033
225,216,140,3.88983
225,216,141,3.88934
225,216,142,3.88884
225,216,143,3.88835
225,216,144,3.88786
225,216,145,3.88702
225,216,146,3.88614
225,216,147,3.88525
225,216,148,3.88436
225,216,149,3.88348
225,216,150,3.88259
225,216,151,3.8817
225,216,152,3.88119
225,216,153,3.88075
225,216,154,3.8803
225,216,155,3.87986
225,216,156,3.87942
225,216,157,3.87898
225,216,158,3.87854
225,216,159,3.87785
225,216,160,3.87709
225,216,161,3.87633
225,216,162,3.87557
225,216,163,3.87482
225,216,164,3.87406
225,216,165,3.8733
225,216,166,3.87318
225,216,167,3.87326
225,216,168,3.87333
225,216,169,3.8734
225,216,170,3.87347
225,216,171,3.87355
225,216,172,3.87362
225,216,173,3.87389
225,216,174,3.87422
225,216,175,3.87456
225,216,176,3.8749
225,216,177,3.87523
225,216,178,3.87557
225,216,179,3.87591
225,216,180,3.87588
225,216,181,3.8757
225,216,182,3.87552
225,216,183,3.87534
225,216,184,3.87516
225,216,185,3.87498
225,216,186,3.8748
225,216,187,3.87471
225,216,188,3.87468
225,216,189,3.87464
225,216,190,3.87461
225,216,191,3.87458
225,216,192,3.87454
225,216,193,3.87451
225,216,194,3.87458
225,216,195,3.87471
225,216,196,3.87485
225,216,197,3.87498
225,216,198,3.87512
225,216,199,3.87525
225,216,200,3.87538
225,216,201,3.87504
225,216,202,3.8744
225,216,203,3.87376
225,216,204,3.87311
225,216,205,3.87247
225,216,206,3.87182
225,216,207,3.87118
225,216,208,3.87122
225,216,209,3.87176
225,216,210,3.8723
225,216,211,3.87384
225,216,212,3.87495
225,216,213,3.87482
225,216,214,3.87187
225,216,215,3.86891
225,216,216,3.86596
225,216,217,3.86164
225,216,218,3.85695
225,216,219,3.85226
225,216,220,3.84504
225,216,221,3.83108
225,216,222,3.81712
225,216,223,3.80316
225,216,224,3.78808
225,216,225,3.77264
225,216,226,3.7572
225,216,227,3.74651
225,216,228,3.7507
225,216,229,3.75488
225,216,230,3.75907
225,216,231,3.76592
225,216,232,3.77378
225,216,233,3.78164
225,216,234,3.78824
225,216,235,3.79014
225,216,236,3.79205
225,216,237,3.79395
225,216,238,3.79745
225,216,239,3.80164
225,216,240,3.80583
225,216,241,3.80977
225,216,242,3.81262
225,216,243,3.81547
225,216,244,3.81832
225,216,245,3.82077
225,216,246,3.82301
225,216,247,3.82526
225,216,248,3.82749
225,216,249,3.82965
225,216,250,3.83182
225,216,251,3.83398
225,216,252,3.83649
225,216,253,3.83919
225,216,254,3.8419
225,216,255,3.8448
225,216,256,3.84918
225,216,257,3.85355
225,216,258,3.85792
225,216,259,3.86188
225,216,260,3.86555
225,216,261,3.86923
225,216,262,3.87283
225,216,263,3.87566
225,216,264,3.87848
225,216,265,3.8813
225,216,266,3.88427
225,216,267,3.88734
225,216,268,3.89041
225,216,269,3.89368
225,216,270,3.90041
225,216,271,3.90714
225,216,272,3.91387
225,216,273,3.91931
225,216,274,3.92365
225,216,275,3.928
225,216,276,3.93227
225,216,277,3.93369
225,216,278,3.93512
225,216,279,3.93654
225,216,280,3.93523
225,216,281,3.93126
225,216,282,3.92729
225,216,283,3.92332
225,216,284,3.92067
225,216,285,3.91803
225,216,286,3.91539
225,216,287,3.91248
225,216,288,3.90929
225,216,289,3.90509
225,216,290,3.90316
225,216,291,3.90123
225,216,292,3.89945
225,216,293,3.89824
225,216,294,3.89703
225,216,295,3.89583
225,216,296,3.89454
225,216,297,3.89382
225,216,298,3.89309
225,216,299,3.89237
225,216,300,3.89165
225,216,301,3.89092
225,216,302,3.8902
225,216,303,3.88973
225,216,304,3.88939
225,216,305,3.88906
225,216,306,3.88872
225,216,307,3.88838
225,216,308,3.88805
225,216,309,3.88771
225,216,310,3.88664
225,216,311,3.88647
225,216,312,3.88629
225,216,313,3.88612
225,216,314,3.88594
225,216,315,3.88577
225,216,316,3.88559
225,216,317,3.88542
225,216,318,3.88524
225,216,319,3.88507
225,216,320,3.88489
225,216,321,3.88472
225,216,322,3.88454
225,216,323,3.88437
225,216,324,3.88425
225,216,325,3.88417
225,216,326,3.8841
225,216,327,3.88402
225,216,328,3.88395
225,216,329,3.88387
225,216,330,3.8838
225,216,331,3.88372
225,216,332,3.88365
225,216,333,3.88357
225,216,334,3.8835
225,216,335,3.88342
225,216,336,3.88335
225,216,337,3.88327
225,216,338,3.8832
225,216,339,3.88312
225,216,340,3.88305
225,216,341,3.88297
225,216,342,3.8829
225,216,343,3.88282
225,216,344,3.88275
225,216,345,3.88267
225,216,346,3.8826
225,216,347,3.88252
225,216,348,3.88245
225,216,349,3.88237
225,216,350,3.8823
225,216,351,3.88222
225,216,352,3.88217
225,216,353,3.88216
225,216,354,3.88214
225,216,355,3.88212
225,216,356,3.8821
225,216,357,3.88209
225,216,358,3.88207
225,216,359,3.88205
225,216,360,3.88203
225,216,361,3.88202
225,216,362,3.882
225,216,363,3.88198
225,216,364,3.88196
225,216,365,3.88195
225,216,366,3.88193
225,216,367,3.88191
225,216,368,3.88189
225,216,369,3.88188
225,216,370,3.88186
225,216,371,3.88184
225,216,372,3.88183
225,216,373,3.88181
225,216,374,3.88179
225,216,375,3.88177
225,216,376,3.88176
225,216,377,3.88174
225,216,378,3.88172
225,216,379,3.8817
225,216,380,3.88169
225,216,381,3.88168
225,216,382,3.88167
225,216,383,3.88167
225,216,384,3.88166
225,216,385,3.88165
225,216,386,3.88164
225,216,387,3.88164
225,216,388,3.88163
225,216,389,3.88162
225,216,390,3.88161
225,216,391,3.88161
225,216,392,3.8816
225,216,393,3.88159
225,216,394,3.88158
225,216,395,3.88158
225,216,396,3.88157
225,216,397,3.88156
225,216,398,3.88155
225,216,399,3.88155
225,216,400,3.88154
225,216,401,3.88153
225,216,402,3.88152
225,216,403,3.88152
225,216,404,3.88151
225,216,405,3.8815
225,216,406,3.88149
225,216,407,3.88149
225,216,408,3.88148
225,216,409,3.88146
225,216,410,3.88145
225,216,411,3.88143
225,216,412,3.88142
225,216,413,3.8814
225,216,414,3.88139
225,216,415,3.88137
225,216,416,3.88136
225,216,417,3.88134
225,216,418,3.88133
225,216,419,3.88131
225,216,420,3.8813
225,216,421,3.88128
225,216,422,3.88127
225,216,423,3.88125
225,216,424,3.88124
225,216,425,3.88122
225,216,426,3.88121
225,216,427,3.88119
225,216,428,3.88118
225,216,429,3.88116
225,216,430,3.88114
225,216,431,3.88113
225,216,432,3.88111
225,216,433,3.8811
225,216,434,3.88108
225,216,435,3.88107
225,216,436,3.88106
225,216,437,3.88106
225,216,438,3.88107
225,216,439,3.88108
225,216,440,3.88108
225,216,441,3.88109
225,216,442,3.8811
225,216,443,3.88111
225,216,444,3.88111
225,216,445,3.88112
225,216,446,3.88113
225,216,447,3.88113
225,216,448,3.88114
225,216,449,3.88115
225,216,450,3.88115
