x,y,z,b
225,216,0,3.88132
225,216,1,3.88133
225,216,2,3.88135
225,216,3,3.88136
225,216,4,3.88137
225,216,5,3.88138
225,216,6,3.88139
225,216,7,3.8814
225,216,8,3.88142
225,216,9,3.88143
225,216,10,3.88144
225,216,11,3.88145
225,216,12,3.88146
225,216,13,3.88147
225,216,14,3.88149
225,216,15,3.88152
225,216,16,3.88157
225,216,17,3.88161
225,216,18,3.88165
225,216,19,3.88169
225,216,20,3.88173
225,216,21,3.88177
225,216,22,3.88181
225,216,23,3.88185
225,216,24,3.88189
225,216,25,3.88194
225,216,26,3.88198
225,216,27,3.88202
225,216,28,3.88206
225,216,29,3.8821
225,216,30,3.88214
225,216,31,3.88218
225,216,32,3.88222
225,216,33,3.88226
225,216,34,3.88231
225,216,35,3.88235
225,216,36,3.88239
225,216,37,3.88243
225,216,38,3.88247
225,216,39,3.88251
225,216,40,3.88255
225,216,41,3.88259
225,216,42,3.88263
225,216,43,3.88268
225,216,44,3.88273
225,216,45,3.88277
225,216,46,3.88282
225,216,47,3.88287
225,216,48,3.88292
225,216,49,3.88296
225,216,50,3.88301
225,216,51,3.88306
225,216,52,3.88311
225,216,53,3.88315
225,216,54,3.8832
225,216,55,3.88325
225,216,56,3.88329
225,216,57,3.88374
225,216,58,3.88389
225,216,59,3.88404
225,216,60,3.88419
225,216,61,3.88434
225,216,62,3.88448
225,216,63,3.88463
225,216,64,3.88477
225,216,65,3.88491
225,216,66,3.88504
225,216,67,3.88517
225,216,68,3.88531
225,216,69,3.88544
225,216,70,3.88557
225,216,71,3.88571
225,216,72,3.88584
225,216,73,3.88597
225,216,74,3.88611
225,216,75,3.88624
225,216,76,3.88637
225,216,77,3.88651
225,216,78,3.88664
225,216,79,3.88678
225,216,80,3.88691
225,216,81,3.88705
225,216,82,3.88719
225,216,83,3.88732
225,216,84,3.88746
225,216,85,3.8876
225,216,86,3.88773
225,216,87,3.88787
225,216,88,3.88801
225,216,89,3.88814
225,216,90,3.88828
225,216,91,3.88842
225,216,92,3.88855
225,216,93,3.88868
225,216,94,3.88881
225,216,95,3.88894
225,216,96,3.88907
225,216,97,3.8892
225,216,98,3.88934
225,216,99,3.88973
225,216,100,3.89005
225,216,101,3.89038
225,216,102,3.89072
225,216,103,3.89139
225,216,104,3.89206
225,216,105,3.89273
225,216,106,3.8934
225,216,107,3.89408
225,216,108,3.89475
225,216,109,3.89541
225,216,110,3.89571
225,216,111,3.896
225,216,112,3.8963
225,216,113,3.89659
225,216,114,3.89689
225,216,115,3.89718
225,216,116,3.89748
225,216,117,3.89767
225,216,118,3.89786
225,216,119,3.89805
225,216,120,3.90052
225,216,121,3.90155
225,216,122,3.90202
225,216,123,3.90226
225,216,124,3.9025
225,216,125,3.90298
225,216,126,3.9044
225,216,127,3.90582
225,216,128,3.90724
225,216,129,3.90785
225,216,130,3.90808
225,216,131,3.9083
225,216,132,3.90846
225,216,133,3.90829
225,216,134,3.90811
225,216,135,3.90794
225,216,136,3.90778
225,216,137,3.90764
225,216,138,3.9075
225,216,139,3.90736
225,216,140,3.90725
225,216,141,3.90713
225,216,142,3.90702
225,216,143,3.9066
225,216,144,3.90599
225,216,145,3.90538
225,216,146,3.90472
225,216,147,3.90363
225,216,148,3.90254
225,216,149,3.90145
225,216,150,3.9001
225,216,151,3.89859
225,216,152,3.89707
225,216,153,3.89541
225,216,154,3.89197
225,216,155,3.88574
225,216,156,3.88449
225,216,157,3.88324
225,216,158,3.882
225,216,159,3.88095
225,216,160,3.87996
225,216,161,3.87897
225,216,162,3.87797
225,216,163,3.87698
225,216,164,3.87599
225,216,165,3.875
225,216,166,3.87381
225,216,167,3.87257
225,216,168,3.87133
225,216,169,3.87009
225,216,170,3.86885
225,216,171,3.86761
225,216,172,3.86637
225,216,173,3.86639
225,216,174,3.86686
225,216,175,3.86734
225,216,176,3.86781
225,216,177,3.86828
225,216,178,3.86876
225,216,179,3.86923
225,216,180,3.86969
225,216,181,3.87014
225,216,182,3.8706
225,216,183,3.87105
225,216,184,3.87151
225,216,185,3.87196
225,216,186,3.87242
225,216,187,3.87243
225,216,188,3.87223
225,216,189,3.87203
225,216,190,3.87183
225,216,191,3.87163
225,216,192,3.87143
225,216,193,3.87123
225,216,194,3.87031
225,216,195,3.86898
225,216,196,3.86765
225,216,197,3.86632
225,216,198,3.86499
225,216,199,3.86366
225,216,200,3.86234
225,216,201,3.86191
225,216,202,3.86205
225,216,203,3.86219
225,216,204,3.86234
225,216,205,3.86248
225,216,206,3.86263
225,216,207,3.86277
225,216,208,3.86251
225,216,209,3.86194
225,216,210,3.86137
225,216,211,3.86081
225,216,212,3.86024
225,216,213,3.85967
225,216,214,3.85911
225,216,215,3.85757
225,216,216,3.85522
225,216,217,3.85287
225,216,218,3.84685
225,216,219,3.84231
225,216,220,3.8382
225,216,221,3.8352
225,216,222,3.83221
225,216,223,3.82922
225,216,224,3.83516
225,216,225,3.84395
225,216,226,3.85274
225,216,227,3.86057
225,216,228,3.86538
225,216,229,3.87019
225,216,230,3.875
225,216,231,3.87715
225,216,232,3.87831
225,216,233,3.87946
225,216,234,3.88141
225,216,235,3.88631
225,216,236,3.89122
225,216,237,3.89613
225,216,238,3.90463
225,216,239,3.91471
225,216,240,3.92479
225,216,241,3.93386
225,216,242,3.93834
225,216,243,3.94282
225,216,244,3.9473
225,216,245,3.95062
225,216,246,3.95335
225,216,247,3.95608
225,216,248,3.95939
225,216,249,3.96602
225,216,250,3.97266
225,216,251,3.97929
225,216,252,3.98195
225,216,253,3.98231
225,216,254,3.98266
225,216,255,3.98225
225,216,256,3.97609
225,216,257,3.96993
225,216,258,3.96378
225,216,259,3.95391
225,216,260,3.94159
225,216,261,3.92604
225,216,262,3.91793
225,216,263,3.90983
225,216,264,3.90382
225,216,265,3.90212
225,216,266,3.90043
225,216,267,3.89873
225,216,268,3.89703
225,216,269,3.89533
225,216,270,3.89363
225,216,271,3.89227
225,216,272,3.89172
225,216,273,3.89116
225,216,274,3.8906
225,216,275,3.89005
225,216,276,3.88949
225,216,277,3.88893
225,216,278,3.88843
225,216,279,3.88806
225,216,280,3.88769
225,216,281,3.88732
225,216,282,3.88674
225,216,283,3.88649
225,216,284,3.88624
225,216,285,3.88598
225,216,286,3.88573
225,216,287,3.88548
225,216,288,3.88523
225,216,289,3.88505
225,216,290,3.88489
225,216,291,3.88474
225,216,292,3.88459
225,216,293,3.88443
225,216,294,3.88428
225,216,295,3.88412
225,216,296,3.88397
225,216,297,3.88382
225,216,298,3.88366
225,216,299,3.88351
225,216,300,3.88335
225,216,301,3.8832
225,216,302,3.88305
225,216,303,3.88297
225,216,304,3.88292
225,216,305,3.88288
225,216,306,3.88284
225,216,307,3.8828
225,216,308,3.88275
225,216,309,3.88271
225,216,310,3.88304
225,216,311,3.88298
225,216,312,3.88292
225,216,313,3.88286
225,216,314,3.8828
225,216,315,3.88274
225,216,316,3.88269
225,216,317,3.88263
225,216,318,3.88257
225,216,319,3.88251
225,216,320,3.88245
225,216,321,3.88239
225,216,322,3.88233
225,216,323,3.88227
225,216,324,3.88223
225,216,325,3.88221
225,216,326,3.88218
225,216,327,3.88215
225,216,328,3.88213
225,216,329,3.8821
225,216,330,3.88207
225,216,331,3.88205
225,216,332,3.88202
225,216,333,3.88199
225,216,334,3.88197
225,216,335,3.88194
225,216,336,3.88191
225,216,337,3.88189
225,216,338,3.88186
225,216,339,3.88183
225,216,340,3.88181
225,216,341,3.88178
225,216,342,3.88175
225,216,343,3.88173
225,216,344,3.8817
225,216,345,3.88167
225,216,346,3.88165
225,216,347,3.88162
225,216,348,3.88159
225,216,349,3.88157
225,216,350,3.88154
225,216,351,3.88151
225,216,352,3.88149
225,216,353,3.88149
225,216,354,3.88149
225,216,355,3.88148
225,216,356,3.88148
225,216,357,3.88147
225,216,358,3.88147
225,216,359,3.88146
225,216,360,3.88146
225,216,361,3.88146
225,216,362,3.88145
225,216,363,3.88145
225,216,364,3.88144
225,216,365,3.88144
225,216,366,3.88143
225,216,367,3.88143
225,216,368,3.88142
225,216,369,3.88142
225,216,370,3.88142
225,216,371,3.88141
225,216,372,3.88141
225,216,373,3.8814
225,216,374,3.8814
225,216,375,3.88139
225,216,376,3.88139
225,216,377,3.88138
225,216,378,3.88138
225,216,379,3.88138
225,216,380,3.88137
225,216,381,3.88137
225,216,382,3.88137
225,216,383,3.88137
225,216,384,3.88137
225,216,385,3.88137
225,216,386,3.88138
225,216,387,3.88138
225,216,388,3.88138
225,216,389,3.88138
225,216,390,3.88138
225,216,391,3.88138
225,216,392,3.88138
225,216,393,3.88138
225,216,394,3.88138
225,216,395,3.88138
225,216,396,3.88138
225,216,397,3.88138
225,216,398,3.88138
225,216,399,3.88138
225,216,400,3.88138
225,216,401,3.88138
225,216,402,3.88138
225,216,403,3.88138
225,216,404,3.88138
225,216,405,3.88138
225,216,406,3.88138
225,216,407,3.88138
225,216,408,3.88138
225,216,409,3.88137
225,216,410,3.88137
225,216,411,3.88136
225,216,412,3.88135
225,216,413,3.88134
225,216,414,3.88133
225,216,415,3.88133
225,216,416,3.88132
225,216,417,3.88131
225,216,418,3.8813
225,216,419,3.88129
225,216,420,3.88129
225,216,421,3.88128
225,216,422,3.88127
225,216,423,3.88126
225,216,424,3.88125
225,216,425,3.88125
225,216,426,3.88124
225,216,427,3.88123
225,216,428,3.88122
225,216,429,3.88121
225,216,430,3.88121
225,216,431,3.8812
225,216,432,3.88119
225,216,433,3.88118
225,216,434,3.88117
225,216,435,3.88117
225,216,436,3.88116
225,216,437,3.88117
225,216,438,3.88118
225,216,439,3.88119
225,216,440,3.88121
225,216,441,3.88122
225,216,442,3.88123
225,216,443,3.88124
225,216,444,3.88125
225,216,445,3.88126
225,216,446,3.88128
225,216,447,3.88129
225,216,448,3.8813
225,216,449,3.88131
225,216,450,3.88132
