x,y,z,b
225,216,0,3.88131
225,216,1,3.88132
225,216,2,3.88134
225,216,3,3.88135
225,216,4,3.88136
225,216,5,3.88137
225,216,6,3.88138
225,216,7,3.8814
225,216,8,3.88141
225,216,9,3.88142
225,216,10,3.88143
225,216,11,3.88144
225,216,12,3.88146
225,216,13,3.88147
225,216,14,3.88148
225,216,15,3.88152
225,216,16,3.88156
225,216,17,3.8816
225,216,18,3.88164
225,216,19,3.88169
225,216,20,3.88173
225,216,21,3.88177
225,216,22,3.88181
225,216,23,3.88185
225,216,24,3.88189
225,216,25,3.88194
225,216,26,3.88198
225,216,27,3.88202
225,216,28,3.88206
225,216,29,3.8821
225,216,30,3.88214
225,216,31,3.88219
225,216,32,3.88223
225,216,33,3.88227
225,216,34,3.88231
225,216,35,3.88235
225,216,36,3.88239
225,216,37,3.88244
225,216,38,3.88248
225,216,39,3.88252
225,216,40,3.88256
225,216,41,3.8826
225,216,42,3.88264
225,216,43,3.88269
225,216,44,3.88273
225,216,45,3.88277
225,216,46,3.88282
225,216,47,3.88286
225,216,48,3.88291
225,216,49,3.88295
225,216,50,3.88299
225,216,51,3.88304
225,216,52,3.88308
225,216,53,3.88312
225,216,54,3.88317
225,216,55,3.88321
225,216,56,3.88326
225,216,57,3.88366
225,216,58,3.88381
225,216,59,3.88395
225,216,60,3.88409
225,216,61,3.88424
225,216,62,3.88438
225,216,63,3.88452
225,216,64,3.88465
225,216,65,3.88478
225,216,66,3.88491
225,216,67,3.88504
225,216,68,3.88517
225,216,69,3.8853
225,216,70,3.88543
225,216,71,3.88556
225,216,72,3.88569
225,216,73,3.88582
225,216,74,3.88595
225,216,75,3.88609
225,216,76,3.88622
225,216,77,3.88635
225,216,78,3.88648
225,216,79,3.88662
225,216,80,3.88676
225,216,81,3.8869
225,216,82,3.88705
225,216,83,3.88719
225,216,84,3.88733
225,216,85,3.88747
225,216,86,3.88761
225,216,87,3.88775
225,216,88,3.88789
225,216,89,3.88803
225,216,90,3.88817
225,216,91,3.88831
225,216,92,3.88843
225,216,93,3.88854
225,216,94,3.88865
225,216,95,3.88876
225,216,96,3.88887
225,216,97,3.88898
225,216,98,3.88909
225,216,99,3.88941
225,216,100,3.88971
225,216,101,3.89001
225,216,102,3.89032
225,216,103,3.891
225,216,104,3.89167
225,216,105,3.89235
225,216,106,3.89303
225,216,107,3.8937
225,216,108,3.89438
225,216,109,3.89505
225,216,110,3.89537
225,216,111,3.89569
225,216,112,3.89602
225,216,113,3.89825
225,216,114,3.89956
225,216,115,3.89998
225,216,116,3.9001
225,216,117,3.90021
225,216,118,3.90043
225,216,119,3.901
225,216,120,3.90157
225,216,121,3.90214
225,216,122,3.90246
225,216,123,3.90268
225,216,124,3.9029
225,216,125,3.90325
225,216,126,3.90414
225,216,127,3.90504
225,216,128,3.90593
225,216,129,3.90638
225,216,130,3.90663
225,216,131,3.90687
225,216,132,3.90708
225,216,133,3.90712
225,216,134,3.90716
225,216,135,3.9072
225,216,136,3.90714
225,216,137,3.90701
225,216,138,3.90689
225,216,139,3.90676
225,216,140,3.90662
225,216,141,3.90649
225,216,142,3.90635
225,216,143,3.90587
225,216,144,3.90517
225,216,145,3.90448
225,216,146,3.90373
225,216,147,3.90253
225,216,148,3.90132
225,216,149,3.90011
225,216,150,3.89864
225,216,151,3.89698
225,216,152,3.89532
225,216,153,3.89357
225,216,154,3.89057
225,216,155,3.88516
225,216,156,3.88409
225,216,157,3.88301
225,216,158,3.88194
225,216,159,3.88088
225,216,160,3.87982
225,216,161,3.87877
225,216,162,3.87771
225,216,163,3.87665
225,216,164,3.8756
225,216,165,3.87454
225,216,166,3.8735
225,216,167,3.87245
225,216,168,3.87141
225,216,169,3.87036
225,216,170,3.86932
225,216,171,3.86828
225,216,172,3.86723
225,216,173,3.8673
225,216,174,3.86777
225,216,175,3.86825
225,216,176,3.86872
225,216,177,3.86919
225,216,178,3.86966
225,216,179,3.87013
225,216,180,3.87045
225,216,181,3.8707
225,216,182,3.87095
225,216,183,3.8712
225,216,184,3.87144
225,216,185,3.87169
225,216,186,3.87194
225,216,187,3.87192
225,216,188,3.87177
225,216,189,3.87162
225,216,190,3.87147
225,216,191,3.87132
225,216,192,3.87117
225,216,193,3.87102
225,216,194,3.87028
225,216,195,3.86921
225,216,196,3.86814
225,216,197,3.86706
225,216,198,3.86599
225,216,199,3.86492
225,216,200,3.86385
225,216,201,3.86343
225,216,202,3.86343
225,216,203,3.86342
225,216,204,3.86342
225,216,205,3.86342
225,216,206,3.86341
225,216,207,3.86341
225,216,208,3.86307
225,216,209,3.86247
225,216,210,3.86188
225,216,211,3.86128
225,216,212,3.86069
225,216,213,3.86009
225,216,214,3.8595
225,216,215,3.85805
225,216,216,3.85589
225,216,217,3.85374
225,216,218,3.84883
225,216,219,3.84503
225,216,220,3.8413
225,216,221,3.8378
225,216,222,3.8343
225,216,223,3.8308
225,216,224,3.83611
225,216,225,3.84423
225,216,226,3.85235
225,216,227,3.85978
225,216,228,3.86504
225,216,229,3.8703
225,216,230,3.87555
225,216,231,3.87643
225,216,232,3.87566
225,216,233,3.87489
225,216,234,3.87461
225,216,235,3.8762
225,216,236,3.87779
225,216,237,3.87938
225,216,238,3.88595
225,216,239,3.89471
225,216,240,3.90347
225,216,241,3.91221
225,216,242,3.92089
225,216,243,3.92957
225,216,244,3.93825
225,216,245,3.94324
225,216,246,3.94636
225,216,247,3.94949
225,216,248,3.95293
225,216,249,3.95818
225,216,250,3.96344
225,216,251,3.9687
225,216,252,3.9729
225,216,253,3.97649
225,216,254,3.98008
225,216,255,3.98279
225,216,256,3.97884
225,216,257,3.9749
225,216,258,3.97095
225,216,259,3.96173
225,216,260,3.94902
225,216,261,3.9363
225,216,262,3.92429
225,216,263,3.91983
225,216,264,3.91537
225,216,265,3.91091
225,216,266,3.90739
225,216,267,3.90456
225,216,268,3.90185
225,216,269,3.89928
225,216,270,3.89671
225,216,271,3.89471
225,216,272,3.89403
225,216,273,3.89336
225,216,274,3.89268
225,216,275,3.89201
225,216,276,3.89133
225,216,277,3.89066
225,216,278,3.89003
225,216,279,3.88955
225,216,280,3.88906
225,216,281,3.88858
225,216,282,3.88767
225,216,283,3.88736
225,216,284,3.88706
225,216,285,3.88675
225,216,286,3.88644
225,216,287,3.88613
225,216,288,3.88583
225,216,289,3.88562
225,216,290,3.88544
225,216,291,3.88527
225,216,292,3.8851
225,216,293,3.88493
225,216,294,3.88476
225,216,295,3.88458
225,216,296,3.88441
225,216,297,3.88424
225,216,298,3.88407
225,216,299,3.8839
225,216,300,3.88372
225,216,301,3.88355
225,216,302,3.88338
225,216,303,3.88329
225,216,304,3.88323
225,216,305,3.88318
225,216,306,3.88313
225,216,307,3.88308
225,216,308,3.88303
225,216,309,3.88297
225,216,310,3.88333
225,216,311,3.88326
225,216,312,3.88319
225,216,313,3.88312
225,216,314,3.88305
225,216,315,3.88298
225,216,316,3.88291
225,216,317,3.88284
225,216,318,3.88277
225,216,319,3.8827
225,216,320,3.88263
225,216,321,3.88256
225,216,322,3.88249
225,216,323,3.88243
225,216,324,3.88238
225,216,325,3.88235
225,216,326,3.88231
225,216,327,3.88228
225,216,328,3.88225
225,216,329,3.88222
225,216,330,3.88219
225,216,331,3.88216
225,216,332,3.88213
225,216,333,3.8821
225,216,334,3.88206
225,216,335,3.88203
225,216,336,3.882
225,216,337,3.88197
225,216,338,3.88194
225,216,339,3.88191
225,216,340,3.88188
225,216,341,3.88185
225,216,342,3.88181
225,216,343,3.88178
225,216,344,3.88175
225,216,345,3.88172
225,216,346,3.88169
225,216,347,3.88166
225,216,348,3.88163
225,216,349,3.88159
225,216,350,3.88156
225,216,351,3.88153
225,216,352,3.88151
225,216,353,3.88151
225,216,354,3.8815
225,216,355,3.8815
225,216,356,3.88149
225,216,357,3.88149
225,216,358,3.88148
225,216,359,3.88148
225,216,360,3.88147
225,216,361,3.88147
225,216,362,3.88146
225,216,363,3.88146
225,216,364,3.88145
225,216,365,3.88145
225,216,366,3.88144
225,216,367,3.88144
225,216,368,3.88143
225,216,369,3.88143
225,216,370,3.88142
225,216,371,3.88142
225,216,372,3.88141
225,216,373,3.88141
225,216,374,3.8814
225,216,375,3.8814
225,216,376,3.88139
225,216,377,3.88139
225,216,378,3.88138
225,216,379,3.88138
225,216,380,3.88138
225,216,381,3.88138
225,216,382,3.88138
225,216,383,3.88138
225,216,384,3.88138
225,216,385,3.88138
225,216,386,3.88138
225,216,387,3.88138
225,216,388,3.88138
225,216,389,3.88138
225,216,390,3.88138
225,216,391,3.88138
225,216,392,3.88138
225,216,393,3.88138
225,216,394,3.88138
225,216,395,3.88138
225,216,396,3.88138
225,216,397,3.88138
225,216,398,3.88138
225,216,399,3.88138
225,216,400,3.88138
225,216,401,3.88138
225,216,402,3.88138
225,216,403,3.88138
225,216,404,3.88138
225,216,405,3.88138
225,216,406,3.88138
225,216,407,3.88138
225,216,408,3.88138
225,216,409,3.88137
225,216,410,3.88136
225,216,411,3.88135
225,216,412,3.88134
225,216,413,3.88134
225,216,414,3.88133
225,216,415,3.88132
225,216,416,3.88131
225,216,417,3.8813
225,216,418,3.88129
225,216,419,3.88129
225,216,420,3.88128
225,216,421,3.88127
225,216,422,3.88126
225,216,423,3.88125
225,216,424,3.88124
225,216,425,3.88124
225,216,426,3.88123
225,216,427,3.88122
225,216,428,3.88121
225,216,429,3.8812
225,216,430,3.88119
225,216,431,3.88119
225,216,432,3.88118
225,216,433,3.88117
225,216,434,3.88116
225,216,435,3.88115
225,216,436,3.88115
225,216,437,3.88116
225,216,438,3.88117
225,216,439,3.88118
225,216,440,3.88119
225,216,441,3.88121
225,216,442,3.88122
225,216,443,3.88123
225,216,444,3.88124
225,216,445,3.88125
225,216,446,3.88127
225,216,447,3.88128
225,216,448,3.88129
225,216,449,3.8813
225,216,450,3.88131
