x,y,z,b
225,216,0,3.88122
225,216,1,3.88122
225,216,2,3.88123
225,216,3,3.88123
225,216,4,3.88124
225,216,5,3.88124
225,216,6,3.88125
225,216,7,3.88125
225,216,8,3.88126
225,216,9,3.88126
225,216,10,3.88127
225,216,11,3.88127
225,216,12,3.88128
225,216,13,3.88128
225,216,14,3.88129
225,216,15,3.88131
225,216,16,3.88133
225,216,17,3.88135
225,216,18,3.88137
225,216,19,3.8814
225,216,20,3.88142
225,216,21,3.88144
225,216,22,3.88146
225,216,23,3.88148
225,216,24,3.88151
225,216,25,3.88153
225,216,26,3.88155
225,216,27,3.88157
225,216,28,3.8816
225,216,29,3.88162
225,216,30,3.88164
225,216,31,3.88166
225,216,32,3.88169
225,216,33,3.88171
225,216,34,3.88173
225,216,35,3.88175
225,216,36,3.88177
225,216,37,3.8818
225,216,38,3.88182
225,216,39,3.88184
225,216,40,3.88186
225,216,41,3.88189
225,216,42,3.88191
225,216,43,3.88194
225,216,44,3.88198
225,216,45,3.88202
225,216,46,3.88206
225,216,47,3.8821
225,216,48,3.88214
225,216,49,3.88218
225,216,50,3.88222
225,216,51,3.88226
225,216,52,3.8823
225,216,53,3.88234
225,216,54,3.88238
225,216,55,3.88242
225,216,56,3.88246
225,216,57,3.8825
225,216,58,3.88254
225,216,59,3.88258
225,216,60,3.88262
225,216,61,3.88266
225,216,62,3.8827
225,216,63,3.88274
225,216,64,3.88278
225,216,65,3.88282
225,216,66,3.88286
225,216,67,3.8829
225,216,68,3.88294
225,216,69,3.88298
225,216,70,3.88302
225,216,71,3.8831
225,216,72,3.8832
225,216,73,3.8833
225,216,74,3.8834
225,216,75,3.88351
225,216,76,3.88361
225,216,77,3.88371
225,216,78,3.88381
225,216,79,3.88392
225,216,80,3.88402
225,216,81,3.88412
225,216,82,3.88422
225,216,83,3.88433
225,216,84,3.88443
225,216,85,3.88443
225,216,86,3.88457
225,216,87,3.88472
225,216,88,3.88486
225,216,89,3.885
225,216,90,3.88515
225,216,91,3.88529
225,216,92,3.88559
225,216,93,3.88599
225,216,94,3.88639
225,216,95,3.8868
225,216,96,3.8872
225,216,97,3.8876
225,216,98,3.88801
225,216,99,3.88841
225,216,100,3.88882
225,216,101,3.88922
225,216,102,3.88962
225,216,103,3.89003
225,216,104,3.89043
225,216,105,3.89083
225,216,106,3.89146
225,216,107,3.89228
225,216,108,3.89309
225,216,109,3.89391
225,216,110,3.89473
225,216,111,3.89555
225,216,112,3.89637
225,216,113,3.89838
225,216,114,3.89955
225,216,115,3.90072
225,216,116,3.90188
225,216,117,3.90339
225,216,118,3.9049
225,216,119,3.90641
225,216,120,3.90792
225,216,121,3.90943
225,216,122,3.91095
225,216,123,3.91246
225,216,124,3.91453
225,216,125,3.91664
225,216,126,3.91874
225,216,127,3.92488
225,216,128,3.92834
225,216,129,3.93127
225,216,130,3.93394
225,216,131,3.93662
225,216,132,3.93938
225,216,133,3.94255
225,216,134,3.94572
225,216,135,3.94889
225,216,136,3.95043
225,216,137,3.9511
225,216,138,3.95177
225,216,139,3.95233
225,216,140,3.95222
225,216,141,3.95211
225,216,142,3.95201
225,216,143,3.95091
225,216,144,3.9492
225,216,145,3.94749
225,216,146,3.94576
225,216,147,3.94383
225,216,148,3.9419
225,216,149,3.93997
225,216,150,3.9374
225,216,151,3.93437
225,216,152,3.93134
225,216,153,3.92829
225,216,154,3.92499
225,216,155,3.92169
225,216,156,3.9184
225,216,157,3.91458
225,216,158,3.91035
225,216,159,3.90611
225,216,160,3.90185
225,216,161,3.89672
225,216,162,3.89159
225,216,163,3.88646
225,216,164,3.88133
225,216,165,3.87619
225,216,166,3.87105
225,216,167,3.86592
225,216,168,3.86159
225,216,169,3.85727
225,216,170,3.85294
225,216,171,3.8496
225,216,172,3.84728
225,216,173,3.84496
225,216,174,3.84264
225,216,175,3.84188
225,216,176,3.84117
225,216,177,3.84045
225,216,178,3.84036
225,216,179,3.84099
225,216,180,3.84163
225,216,181,3.84226
225,216,182,3.84338
225,216,183,3.84453
225,216,184,3.84568
225,216,185,3.84758
225,216,186,3.85047
225,216,187,3.85335
225,216,188,3.85624
225,216,189,3.85999
225,216,190,3.86844
225,216,191,3.87026
225,216,192,3.87209
225,216,193,3.87391
225,216,194,3.87287
225,216,195,3.87022
225,216,196,3.86758
225,216,197,3.86063
225,216,198,3.85635
225,216,199,3.85225
225,216,200,3.84846
225,216,201,3.84467
225,216,202,3.84088
225,216,203,3.83784
225,216,204,3.83493
225,216,205,3.83202
225,216,206,3.82963
225,216,207,3.82824
225,216,208,3.82685
225,216,209,3.82546
225,216,210,3.8252
225,216,211,3.82519
225,216,212,3.82517
225,216,213,3.82485
225,216,214,3.82382
225,216,215,3.82279
225,216,216,3.82176
225,216,217,3.82307
225,216,218,3.82501
225,216,219,3.82695
225,216,220,3.8278
225,216,221,3.82577
225,216,222,3.82374
225,216,223,3.82171
225,216,224,3.82176
225,216,225,3.82247
225,216,226,3.82318
225,216,227,3.82525
225,216,228,3.83158
225,216,229,3.8379
225,216,230,3.84423
225,216,231,3.84793
225,216,232,3.85064
225,216,233,3.85563
225,216,234,3.8579
225,216,235,3.86018
225,216,236,3.8617
225,216,237,3.8623
225,216,238,3.86291
225,216,239,3.86351
225,216,240,3.86412
225,216,241,3.86472
225,216,242,3.86533
225,216,243,3.86587
225,216,244,3.86633
225,216,245,3.8668
225,216,246,3.86726
225,216,247,3.86772
225,216,248,3.86819
225,216,249,3.86865
225,216,250,3.86923
225,216,251,3.87001
225,216,252,3.87078
225,216,253,3.87156
225,216,254,3.87373
225,216,255,3.874
225,216,256,3.87427
225,216,257,3.87454
225,216,258,3.87482
225,216,259,3.87509
225,216,260,3.87536
225,216,261,3.87565
225,216,262,3.87594
225,216,263,3.87623
225,216,264,3.87652
225,216,265,3.87681
225,216,266,3.87711
225,216,267,3.8774
225,216,268,3.87769
225,216,269,3.87798
225,216,270,3.87827
225,216,271,3.87856
225,216,272,3.87886
225,216,273,3.87915
225,216,274,3.87944
225,216,275,3.87958
225,216,276,3.87967
225,216,277,3.87976
225,216,278,3.87985
225,216,279,3.87994
225,216,280,3.88004
225,216,281,3.88013
225,216,282,3.88017
225,216,283,3.88029
225,216,284,3.8804
225,216,285,3.88052
225,216,286,3.88063
225,216,287,3.88075
225,216,288,3.88086
225,216,289,3.88098
225,216,290,3.88109
225,216,291,3.88121
225,216,292,3.88132
225,216,293,3.88144
225,216,294,3.88155
225,216,295,3.88167
225,216,296,3.8817
225,216,297,3.8817
225,216,298,3.88169
225,216,299,3.88169
225,216,300,3.88169
225,216,301,3.88168
225,216,302,3.88168
225,216,303,3.88167
225,216,304,3.88167
225,216,305,3.88167
225,216,306,3.88166
225,216,307,3.88166
225,216,308,3.88165
225,216,309,3.88165
225,216,310,3.88165
225,216,311,3.88164
225,216,312,3.88164
225,216,313,3.88163
225,216,314,3.88163
225,216,315,3.88163
225,216,316,3.88162
225,216,317,3.88162
225,216,318,3.88161
225,216,319,3.88161
225,216,320,3.88161
225,216,321,3.8816
225,216,322,3.8816
225,216,323,3.88159
225,216,324,3.88159
225,216,325,3.88158
225,216,326,3.88157
225,216,327,3.88156
225,216,328,3.88156
225,216,329,3.88155
225,216,330,3.88154
225,216,331,3.88153
225,216,332,3.88153
225,216,333,3.88152
225,216,334,3.88151
225,216,335,3.8815
225,216,336,3.8815
225,216,337,3.88149
225,216,338,3.88148
225,216,339,3.88147
225,216,340,3.88147
225,216,341,3.88146
225,216,342,3.88145
225,216,343,3.88144
225,216,344,3.88144
225,216,345,3.88143
225,216,346,3.88142
225,216,347,3.88141
225,216,348,3.8814
225,216,349,3.8814
225,216,350,3.88139
225,216,351,3.88138
225,216,352,3.88138
225,216,353,3.88137
225,216,354,3.88137
225,216,355,3.88137
225,216,356,3.88137
225,216,357,3.88137
225,216,358,3.88137
225,216,359,3.88136
225,216,360,3.88136
225,216,361,3.88136
225,216,362,3.88136
225,216,363,3.88136
225,216,364,3.88136
225,216,365,3.88135
225,216,366,3.88135
225,216,367,3.88135
225,216,368,3.88135
225,216,369,3.88135
225,216,370,3.88134
225,216,371,3.88134
225,216,372,3.88134
225,216,373,3.88134
225,216,374,3.88134
225,216,375,3.88134
225,216,376,3.88133
225,216,377,3.88133
225,216,378,3.88133
225,216,379,3.88133
225,216,380,3.88133
225,216,381,3.88132
225,216,382,3.88132
225,216,383,3.88132
225,216,384,3.88132
225,216,385,3.88131
225,216,386,3.88131
225,216,387,3.88131
225,216,388,3.88131
225,216,389,3.8813
225,216,390,3.8813
225,216,391,3.8813
225,216,392,3.8813
225,216,393,3.88129
225,216,394,3.88129
225,216,395,3.88129
225,216,396,3.88129
225,216,397,3.88128
225,216,398,3.88128
225,216,399,3.88128
225,216,400,3.88128
225,216,401,3.88127
225,216,402,3.88127
225,216,403,3.88127
225,216,404,3.88127
225,216,405,3.88126
225,216,406,3.88126
225,216,407,3.88126
225,216,408,3.88126
225,216,409,3.88125
225,216,410,3.88125
225,216,411,3.88124
225,216,412,3.88124
225,216,413,3.88124
225,216,414,3.88123
225,216,415,3.88123
225,216,416,3.88122
225,216,417,3.88122
225,216,418,3.88122
225,216,419,3.88121
225,216,420,3.88121
225,216,421,3.8812
225,216,422,3.8812
225,216,423,3.8812
225,216,424,3.88119
225,216,425,3.88119
225,216,426,3.88118
225,216,427,3.88118
225,216,428,3.88118
225,216,429,3.88117
225,216,430,3.88117
225,216,431,3.88116
225,216,432,3.88116
225,216,433,3.88116
225,216,434,3.88115
225,216,435,3.88115
225,216,436,3.88114
225,216,437,3.88115
225,216,438,3.88115
225,216,439,3.88116
225,216,440,3.88116
225,216,441,3.88117
225,216,442,3.88117
225,216,443,3.88118
225,216,444,3.88118
225,216,445,3.88119
225,216,446,3.88119
225,216,447,3.8812
225,216,448,3.88121
225,216,449,3.88121
225,216,450,3.88122
