x,y,z,b
225,216,0,3.881
225,216,1,3.881
225,216,2,3.881
225,216,3,3.881
225,216,4,3.881
225,216,5,3.881
225,216,6,3.881
225,216,7,3.881
225,216,8,3.881
225,216,9,3.881
225,216,10,3.881
225,216,11,3.881
225,216,12,3.881
225,216,13,3.881
225,216,14,3.881
225,216,15,3.88101
225,216,16,3.88101
225,216,17,3.88101
225,216,18,3.88102
225,216,19,3.88102
225,216,20,3.88103
225,216,21,3.88103
225,216,22,3.88103
225,216,23,3.88104
225,216,24,3.88104
225,216,25,3.88105
225,216,26,3.88105
225,216,27,3.88105
225,216,28,3.88106
225,216,29,3.88106
225,216,30,3.88107
225,216,31,3.88107
225,216,32,3.88107
225,216,33,3.88108
225,216,34,3.88108
225,216,35,3.88108
225,216,36,3.88109
225,216,37,3.88109
225,216,38,3.8811
225,216,39,3.8811
225,216,40,3.8811
225,216,41,3.88111
225,216,42,3.88111
225,216,43,3.88112
225,216,44,3.88112
225,216,45,3.88113
225,216,46,3.88114
225,216,47,3.88114
225,216,48,3.88115
225,216,49,3.88116
225,216,50,3.88116
225,216,51,3.88117
225,216,52,3.88118
225,216,53,3.88118
225,216,54,3.88119
225,216,55,3.8812
225,216,56,3.8812
225,216,57,3.88121
225,216,58,3.88121
225,216,59,3.88122
225,216,60,3.88123
225,216,61,3.88123
225,216,62,3.88124
225,216,63,3.88125
225,216,64,3.88125
225,216,65,3.88126
225,216,66,3.88127
225,216,67,3.88127
225,216,68,3.88128
225,216,69,3.88129
225,216,70,3.88129
225,216,71,3.8813
225,216,72,3.88131
225,216,73,3.88132
225,216,74,3.88133
225,216,75,3.88133
225,216,76,3.88134
225,216,77,3.88135
225,216,78,3.88136
225,216,79,3.88137
225,216,80,3.88138
225,216,81,3.88139
225,216,82,3.8814
225,216,83,3.8814
225,216,84,3.88141
225,216,85,3.88142
225,216,86,3.88143
225,216,87,3.88144
225,216,88,3.88145
225,216,89,3.88146
225,216,90,3.88147
225,216,91,3.88147
225,216,92,3.88148
225,216,93,3.88149
225,216,94,3.8815
225,216,95,3.88151
225,216,96,3.88152
225,216,97,3.88153
225,216,98,3.88154
225,216,99,3.88156
225,216,100,3.8816
225,216,101,3.88164
225,216,102,3.88168
225,216,103,3.88172
225,216,104,3.88176
225,216,105,3.88181
225,216,106,3.88185
225,216,107,3.88189
225,216,108,3.88193
225,216,109,3.88197
225,216,110,3.88201
225,216,111,3.88205
225,216,112,3.88209
225,216,113,3.88213
225,216,114,3.88217
225,216,115,3.88221
225,216,116,3.88225
225,216,117,3.88229
225,216,118,3.88233
225,216,119,3.88237
225,216,120,3.88241
225,216,121,3.88245
225,216,122,3.88249
225,216,123,3.88253
225,216,124,3.88257
225,216,125,3.88261
225,216,126,3.88266
225,216,127,3.88271
225,216,128,3.88278
225,216,129,3.88286
225,216,130,3.88293
225,216,131,3.88301
225,216,132,3.88308
225,216,133,3.88315
225,216,134,3.88323
225,216,135,3.8833
225,216,136,3.88338
225,216,137,3.88345
225,216,138,3.88353
225,216,139,3.8836
225,216,140,3.88367
225,216,141,3.8837
225,216,142,3.8838
225,216,143,3.88391
225,216,144,3.88402
225,216,145,3.88413
225,216,146,3.88423
225,216,147,3.88434
225,216,148,3.88448
225,216,149,3.8847
225,216,150,3.88492
225,216,151,3.88514
225,216,152,3.88536
225,216,153,3.88557
225,216,154,3.88579
225,216,155,3.88615
225,216,156,3.8865
225,216,157,3.88684
225,216,158,3.88718
225,216,159,3.88725
225,216,160,3.88724
225,216,161,3.88723
225,216,162,3.88722
225,216,163,3.88722
225,216,164,3.88721
225,216,165,3.8872
225,216,166,3.88716
225,216,167,3.8871
225,216,168,3.88705
225,216,169,3.88699
225,216,170,3.88693
225,216,171,3.88688
225,216,172,3.88682
225,216,173,3.88649
225,216,174,3.88605
225,216,175,3.88562
225,216,176,3.88519
225,216,177,3.88476
225,216,178,3.88432
225,216,179,3.88389
225,216,180,3.88309
225,216,181,3.88214
225,216,182,3.88118
225,216,183,3.88032
225,216,184,3.8794
225,216,185,3.87826
225,216,186,3.87683
225,216,187,3.8754
225,216,188,3.87397
225,216,189,3.87109
225,216,190,3.86808
225,216,191,3.86506
225,216,192,3.86209
225,216,193,3.85917
225,216,194,3.85626
225,216,195,3.85334
225,216,196,3.84995
225,216,197,3.84648
225,216,198,3.84302
225,216,199,3.84042
225,216,200,3.83929
225,216,201,3.83817
225,216,202,3.83705
225,216,203,3.8367
225,216,204,3.83649
225,216,205,3.83628
225,216,206,3.83616
225,216,207,3.83622
225,216,208,3.83629
225,216,209,3.83635
225,216,210,3.83668
225,216,211,3.83707
225,216,212,3.83746
225,216,213,3.83795
225,216,214,3.83867
225,216,215,3.83939
225,216,216,3.84011
225,216,217,3.83973
225,216,218,3.83907
225,216,219,3.8384
225,216,220,3.83748
225,216,221,3.8359
225,216,222,3.83432
225,216,223,3.83273
225,216,224,3.8322
225,216,225,3.83102
225,216,226,3.83018
225,216,227,3.83028
225,216,228,3.83093
225,216,229,3.83322
225,216,230,3.83391
225,216,231,3.83457
225,216,232,3.83523
225,216,233,3.83589
225,216,234,3.8366
225,216,235,3.83748
225,216,236,3.83836
225,216,237,3.83924
225,216,238,3.84073
225,216,239,3.84249
225,216,240,3.84425
225,216,241,3.84598
225,216,242,3.84759
225,216,243,3.8492
225,216,244,3.85081
225,216,245,3.85281
225,216,246,3.85502
225,216,247,3.85783
225,216,248,3.85906
225,216,249,3.8603
225,216,250,3.86175
225,216,251,3.86352
225,216,252,3.8653
225,216,253,3.86708
225,216,254,3.87056
225,216,255,3.87172
225,216,256,3.87288
225,216,257,3.87404
225,216,258,3.87521
225,216,259,3.87637
225,216,260,3.87753
225,216,261,3.87818
225,216,262,3.87873
225,216,263,3.87928
225,216,264,3.87983
225,216,265,3.88038
225,216,266,3.88093
225,216,267,3.88148
225,216,268,3.88203
225,216,269,3.88258
225,216,270,3.88313
225,216,271,3.88368
225,216,272,3.88423
225,216,273,3.88479
225,216,274,3.88534
225,216,275,3.8853
225,216,276,3.8851
225,216,277,3.8849
225,216,278,3.8847
225,216,279,3.8845
225,216,280,3.8843
225,216,281,3.88411
225,216,282,3.8824
225,216,283,3.8825
225,216,284,3.88259
225,216,285,3.88269
225,216,286,3.88279
225,216,287,3.88288
225,216,288,3.88298
225,216,289,3.88308
225,216,290,3.88318
225,216,291,3.88327
225,216,292,3.88337
225,216,293,3.88347
225,216,294,3.88357
225,216,295,3.88366
225,216,296,3.88366
225,216,297,3.88361
225,216,298,3.88356
225,216,299,3.88351
225,216,300,3.88345
225,216,301,3.8834
225,216,302,3.88335
225,216,303,3.8833
225,216,304,3.88325
225,216,305,3.8832
225,216,306,3.88315
225,216,307,3.8831
225,216,308,3.88305
225,216,309,3.88299
225,216,310,3.88294
225,216,311,3.88289
225,216,312,3.88284
225,216,313,3.88279
225,216,314,3.88274
225,216,315,3.88269
225,216,316,3.88264
225,216,317,3.88259
225,216,318,3.88253
225,216,319,3.88248
225,216,320,3.88243
225,216,321,3.88238
225,216,322,3.88233
225,216,323,3.88228
225,216,324,3.88224
225,216,325,3.88221
225,216,326,3.88218
225,216,327,3.88215
225,216,328,3.88212
225,216,329,3.88209
225,216,330,3.88206
225,216,331,3.88203
225,216,332,3.882
225,216,333,3.88197
225,216,334,3.88194
225,216,335,3.88191
225,216,336,3.88188
225,216,337,3.88185
225,216,338,3.88181
225,216,339,3.88178
225,216,340,3.88175
225,216,341,3.88172
225,216,342,3.88169
225,216,343,3.88166
225,216,344,3.88163
225,216,345,3.8816
225,216,346,3.88157
225,216,347,3.88154
225,216,348,3.88151
225,216,349,3.88148
225,216,350,3.88145
225,216,351,3.88142
225,216,352,3.8814
225,216,353,3.8814
225,216,354,3.88139
225,216,355,3.88139
225,216,356,3.88138
225,216,357,3.88138
225,216,358,3.88137
225,216,359,3.88137
225,216,360,3.88136
225,216,361,3.88136
225,216,362,3.88135
225,216,363,3.88135
225,216,364,3.88134
225,216,365,3.88134
225,216,366,3.88133
225,216,367,3.88133
225,216,368,3.88132
225,216,369,3.88132
225,216,370,3.88131
225,216,371,3.88131
225,216,372,3.88131
225,216,373,3.8813
225,216,374,3.8813
225,216,375,3.88129
225,216,376,3.88129
225,216,377,3.88128
225,216,378,3.88128
225,216,379,3.88127
225,216,380,3.88127
225,216,381,3.88126
225,216,382,3.88125
225,216,383,3.88124
225,216,384,3.88124
225,216,385,3.88123
225,216,386,3.88122
225,216,387,3.88122
225,216,388,3.88121
225,216,389,3.8812
225,216,390,3.8812
225,216,391,3.88119
225,216,392,3.88118
225,216,393,3.88118
225,216,394,3.88117
225,216,395,3.88116
225,216,396,3.88115
225,216,397,3.88115
225,216,398,3.88114
225,216,399,3.88113
225,216,400,3.88113
225,216,401,3.88112
225,216,402,3.88111
225,216,403,3.88111
225,216,404,3.8811
225,216,405,3.88109
225,216,406,3.88108
225,216,407,3.88108
225,216,408,3.88107
225,216,409,3.88107
225,216,410,3.88107
225,216,411,3.88106
225,216,412,3.88106
225,216,413,3.88106
225,216,414,3.88106
225,216,415,3.88105
225,216,416,3.88105
225,216,417,3.88105
225,216,418,3.88104
225,216,419,3.88104
225,216,420,3.88104
225,216,421,3.88104
225,216,422,3.88103
225,216,423,3.88103
225,216,424,3.88103
225,216,425,3.88103
225,216,426,3.88102
225,216,427,3.88102
225,216,428,3.88102
225,216,429,3.88102
225,216,430,3.88101
225,216,431,3.88101
225,216,432,3.88101
225,216,433,3.881
225,216,434,3.881
225,216,435,3.881
225,216,436,3.881
225,216,437,3.881
225,216,438,3.881
225,216,439,3.881
225,216,440,3.881
225,216,441,3.881
225,216,442,3.881
225,216,443,3.881
225,216,444,3.881
225,216,445,3.881
225,216,446,3.881
225,216,447,3.881
225,216,448,3.881
225,216,449,3.881
225,216,450,3.881
