x,y,z,b
225,216,0,3.88123
225,216,1,3.88123
225,216,2,3.88122
225,216,3,3.88122
225,216,4,3.88122
225,216,5,3.88122
225,216,6,3.88121
225,216,7,3.88121
225,216,8,3.88121
225,216,9,3.88121
225,216,10,3.88121
225,216,11,3.8812
225,216,12,3.8812
225,216,13,3.8812
225,216,14,3.8812
225,216,15,3.88127
225,216,16,3.88135
225,216,17,3.88143
225,216,18,3.88151
225,216,19,3.88158
225,216,20,3.88166
225,216,21,3.88174
225,216,22,3.88182
225,216,23,3.8819
225,216,24,3.88198
225,216,25,3.88205
225,216,26,3.88213
225,216,27,3.88221
225,216,28,3.88229
225,216,29,3.88237
225,216,30,3.88245
225,216,31,3.88253
225,216,32,3.8826
225,216,33,3.88268
225,216,34,3.88276
225,216,35,3.88284
225,216,36,3.88292
225,216,37,3.883
225,216,38,3.88307
225,216,39,3.88315
225,216,40,3.88323
225,216,41,3.88331
225,216,42,3.88339
225,216,43,3.88338
225,216,44,3.88336
225,216,45,3.88333
225,216,46,3.88331
225,216,47,3.88329
225,216,48,3.88326
225,216,49,3.88324
225,216,50,3.88321
225,216,51,3.88319
225,216,52,3.88316
225,216,53,3.88314
225,216,54,3.88311
225,216,55,3.88309
225,216,56,3.88307
225,216,57,3.88308
225,216,58,3.88311
225,216,59,3.88315
225,216,60,3.88319
225,216,61,3.88322
225,216,62,3.88326
225,216,63,3.8833
225,216,64,3.88334
225,216,65,3.88339
225,216,66,3.88344
225,216,67,3.8835
225,216,68,3.88355
225,216,69,3.8836
225,216,70,3.88365
225,216,71,3.8837
225,216,72,3.88375
225,216,73,3.8838
225,216,74,3.88385
225,216,75,3.8839
225,216,76,3.88395
225,216,77,3.88401
225,216,78,3.88426
225,216,79,3.88463
225,216,80,3.88499
225,216,81,3.88535
225,216,82,3.88572
225,216,83,3.88608
225,216,84,3.88644
225,216,85,3.88681
225,216,86,3.88717
225,216,87,3.88753
225,216,88,3.8879
225,216,89,3.88826
225,216,90,3.88862
225,216,91,3.88899
225,216,92,3.88916
225,216,93,3.8892
225,216,94,3.88924
225,216,95,3.88928
225,216,96,3.88933
225,216,97,3.88937
225,216,98,3.88941
225,216,99,3.88945
225,216,100,3.88949
225,216,101,3.88953
225,216,102,3.88958
225,216,103,3.88962
225,216,104,3.88966
225,216,105,3.8897
225,216,106,3.88964
225,216,107,3.88947
225,216,108,3.88931
225,216,109,3.88915
225,216,110,3.88899
225,216,111,3.88883
225,216,112,3.88866
225,216,113,3.8885
225,216,114,3.88834
225,216,115,3.88818
225,216,116,3.88802
225,216,117,3.88785
225,216,118,3.88769
225,216,119,3.88753
225,216,120,3.88743
225,216,121,3.88739
225,216,122,3.88736
225,216,123,3.88732
225,216,124,3.88728
225,216,125,3.88725
225,216,126,3.88721
225,216,127,3.88718
225,216,128,3.88714
225,216,129,3.88711
225,216,130,3.88707
225,216,131,3.88703
225,216,132,3.887
225,216,133,3.88696
225,216,134,3.88689
225,216,135,3.88676
225,216,136,3.88663
225,216,137,3.88651
225,216,138,3.88638
225,216,139,3.88625
225,216,140,3.88612
225,216,141,3.88794
225,216,142,3.88823
225,216,143,3.88851
225,216,144,3.8888
225,216,145,3.88886
225,216,146,3.88889
225,216,147,3.88891
225,216,148,3.88893
225,216,149,3.88896
225,216,150,3.88898
225,216,151,3.889
225,216,152,3.88945
225,216,153,3.88998
225,216,154,3.89051
225,216,155,3.89104
225,216,156,3.89157
225,216,157,3.8921
225,216,158,3.89263
225,216,159,3.89436
225,216,160,3.8964
225,216,161,3.89844
225,216,162,3.90138
225,216,163,3.90415
225,216,164,3.90791
225,216,165,3.91255
225,216,166,3.9172
225,216,167,3.92188
225,216,168,3.93072
225,216,169,3.93956
225,216,170,3.9484
225,216,171,3.95534
225,216,172,3.96033
225,216,173,3.96531
225,216,174,3.9703
225,216,175,3.97245
225,216,176,3.97453
225,216,177,3.97661
225,216,178,3.97716
225,216,179,3.97591
225,216,180,3.97466
225,216,181,3.97341
225,216,182,3.9682
225,216,183,3.96275
225,216,184,3.95731
225,216,185,3.94989
225,216,186,3.93983
225,216,187,3.92978
225,216,188,3.91972
225,216,189,3.90799
225,216,190,3.8961
225,216,191,3.8842
225,216,192,3.8721
225,216,193,3.85967
225,216,194,3.84724
225,216,195,3.83482
225,216,196,3.82449
225,216,197,3.81444
225,216,198,3.80439
225,216,199,3.79552
225,216,200,3.78869
225,216,201,3.78186
225,216,202,3.77503
225,216,203,3.77066
225,216,204,3.76672
225,216,205,3.76277
225,216,206,3.76066
225,216,207,3.76216
225,216,208,3.76366
225,216,209,3.76516
225,216,210,3.77078
225,216,211,3.7773
225,216,212,3.78382
225,216,213,3.78966
225,216,214,3.79397
225,216,215,3.79827
225,216,216,3.80257
225,216,217,3.80122
225,216,218,3.79835
225,216,219,3.79548
225,216,220,3.79254
225,216,221,3.7894
225,216,222,3.78625
225,216,223,3.78311
225,216,224,3.783
225,216,225,3.78386
225,216,226,3.78472
225,216,227,3.7857
225,216,228,3.78706
225,216,229,3.78842
225,216,230,3.78979
225,216,231,3.79254
225,216,232,3.79581
225,216,233,3.79908
225,216,234,3.80364
225,216,235,3.81302
225,216,236,3.82239
225,216,237,3.83177
225,216,238,3.84093
225,216,239,3.85
225,216,240,3.85907
225,216,241,3.86774
225,216,242,3.87461
225,216,243,3.88148
225,216,244,3.88834
225,216,245,3.89424
225,216,246,3.89965
225,216,247,3.90506
225,216,248,3.91015
225,216,249,3.91343
225,216,250,3.91671
225,216,251,3.91999
225,216,252,3.92224
225,216,253,3.92391
225,216,254,3.92558
225,216,255,3.92702
225,216,256,3.92681
225,216,257,3.9266
225,216,258,3.92639
225,216,259,3.92425
225,216,260,3.92083
225,216,261,3.9174
225,216,262,3.91399
225,216,263,3.91075
225,216,264,3.9075
225,216,265,3.90425
225,216,266,3.90114
225,216,267,3.89813
225,216,268,3.89513
225,216,269,3.89221
225,216,270,3.89082
225,216,271,3.88944
225,216,272,3.88806
225,216,273,3.88786
225,216,274,3.88868
225,216,275,3.8895
225,216,276,3.89041
225,216,277,3.89491
225,216,278,3.89941
225,216,279,3.90391
225,216,280,3.90872
225,216,281,3.91384
225,216,282,3.91895
225,216,283,3.92407
225,216,284,3.92682
225,216,285,3.92954
225,216,286,3.93227
225,216,287,3.93325
225,216,288,3.93232
225,216,289,3.93139
225,216,290,3.93046
225,216,291,3.93036
225,216,292,3.9303
225,216,293,3.93024
225,216,294,3.92875
225,216,295,3.92548
225,216,296,3.92221
225,216,297,3.91894
225,216,298,3.91668
225,216,299,3.9145
225,216,300,3.91232
225,216,301,3.91008
225,216,302,3.90778
225,216,303,3.9045
225,216,304,3.90339
225,216,305,3.90228
225,216,306,3.9011
225,216,307,3.89949
225,216,308,3.89789
225,216,309,3.89628
225,216,310,3.89349
225,216,311,3.89283
225,216,312,3.89217
225,216,313,3.89151
225,216,314,3.89085
225,216,315,3.89019
225,216,316,3.88954
225,216,317,3.8891
225,216,318,3.88882
225,216,319,3.88854
225,216,320,3.88826
225,216,321,3.88798
225,216,322,3.8877
225,216,323,3.88742
225,216,324,3.88714
225,216,325,3.88686
225,216,326,3.88658
225,216,327,3.8863
225,216,328,3.88602
225,216,329,3.88574
225,216,330,3.88545
225,216,331,3.88524
225,216,332,3.88508
225,216,333,3.88493
225,216,334,3.88477
225,216,335,3.88461
225,216,336,3.88446
225,216,337,3.8843
225,216,338,3.88403
225,216,339,3.88396
225,216,340,3.88389
225,216,341,3.88383
225,216,342,3.88376
225,216,343,3.8837
225,216,344,3.88363
225,216,345,3.88356
225,216,346,3.8835
225,216,347,3.88343
225,216,348,3.88336
225,216,349,3.8833
225,216,350,3.88323
225,216,351,3.88317
225,216,352,3.88311
225,216,353,3.88308
225,216,354,3.88305
225,216,355,3.88302
225,216,356,3.88299
225,216,357,3.88296
225,216,358,3.88293
225,216,359,3.8829
225,216,360,3.88287
225,216,361,3.88284
225,216,362,3.88281
225,216,363,3.88278
225,216,364,3.88274
225,216,365,3.88271
225,216,366,3.88268
225,216,367,3.88265
225,216,368,3.88262
225,216,369,3.88259
225,216,370,3.88256
225,216,371,3.88253
225,216,372,3.8825
225,216,373,3.88247
225,216,374,3.88244
225,216,375,3.88241
225,216,376,3.88238
225,216,377,3.88234
225,216,378,3.88231
225,216,379,3.88228
225,216,380,3.88226
225,216,381,3.88224
225,216,382,3.88223
225,216,383,3.88222
225,216,384,3.8822
225,216,385,3.88219
225,216,386,3.88218
225,216,387,3.88216
225,216,388,3.88215
225,216,389,3.88214
225,216,390,3.88212
225,216,391,3.88211
225,216,392,3.8821
225,216,393,3.88208
225,216,394,3.88207
225,216,395,3.88206
225,216,396,3.88205
225,216,397,3.88203
225,216,398,3.88202
225,216,399,3.88201
225,216,400,3.88199
225,216,401,3.88198
225,216,402,3.88197
225,216,403,3.88195
225,216,404,3.88194
225,216,405,3.88193
225,216,406,3.88191
225,216,407,3.8819
225,216,408,3.88188
225,216,409,3.88186
225,216,410,3.88184
225,216,411,3.88182
225,216,412,3.88179
225,216,413,3.88177
225,216,414,3.88175
225,216,415,3.88173
225,216,416,3.88171
225,216,417,3.88168
225,216,418,3.88166
225,216,419,3.88164
225,216,420,3.88162
225,216,421,3.88159
225,216,422,3.88157
225,216,423,3.88155
225,216,424,3.88153
225,216,425,3.8815
225,216,426,3.88148
225,216,427,3.88146
225,216,428,3.88144
225,216,429,3.88141
225,216,430,3.88139
225,216,431,3.88137
225,216,432,3.88135
225,216,433,3.88132
225,216,434,3.8813
225,216,435,3.88128
225,216,436,3.88126
225,216,437,3.88126
225,216,438,3.88125
225,216,439,3.88125
225,216,440,3.88125
225,216,441,3.88125
225,216,442,3.88125
225,216,443,3.88124
225,216,444,3.88124
225,216,445,3.88124
225,216,446,3.88124
225,216,447,3.88123
225,216,448,3.88123
225,216,449,3.88123
225,216,450,3.88123
