x,y,z,b
255,0,225,7.27034e-06
255,0.1,225,0.00179627
255,0.2,225,0.00358527
255,0.3,225,0.00537427
255,0.4,225,0.00716327
255,0.5,225,0.00895227
255,0.6,225,0.0107413
255,0.7,225,0.0125303
255,0.8,225,0.0143193
255,0.9,225,0.0161083
255,1,225,0.0178973
255,1.1,225,0.0196863
255,1.2,225,0.0214753
255,1.3,225,0.0232643
255,1.4,225,0.0250533
255,1.5,225,0.0268423
255,1.6,225,0.0286313
255,1.7,225,0.0304203
255,1.8,225,0.0322093
255,1.9,225,0.0339983
255,2,225,0.0357873
255,2.1,225,0.0375763
255,2.2,225,0.0393653
255,2.3,225,0.0411543
255,2.4,225,0.0429433
255,2.5,225,0.0447323
255,2.6,225,0.0465213
255,2.7,225,0.0483103
255,2.8,225,0.0500993
255,2.9,225,0.0518883
255,3,225,0.0536773
255,3.1,225,0.0554663
255,3.2,225,0.0572553
255,3.3,225,0.0590443
255,3.4,225,0.0608333
255,3.5,225,0.0626223
255,3.6,225,0.0644113
255,3.7,225,0.0662003
255,3.8,225,0.0679893
255,3.9,225,0.0697783
255,4,225,0.0715673
255,4.1,225,0.0733563
255,4.2,225,0.0751453
255,4.3,225,0.0769343
255,4.4,225,0.0787233
255,4.5,225,0.0805123
255,4.6,225,0.0823013
255,4.7,225,0.0840903
255,4.8,225,0.0858793
255,4.9,225,0.0876683
255,5,225,0.0894573
255,5.1,225,0.0912463
255,5.2,225,0.0930353
255,5.3,225,0.0948243
255,5.4,225,0.0966133
255,5.5,225,0.0984023
255,5.6,225,0.100191
255,5.7,225,0.10198
255,5.8,225,0.103769
255,5.9,225,0.105558
255,6,225,0.107347
255,6.1,225,0.109136
255,6.2,225,0.110925
255,6.3,225,0.112714
255,6.4,225,0.114503
255,6.5,225,0.116292
255,6.6,225,0.118081
255,6.7,225,0.11987
255,6.8,225,0.121659
255,6.9,225,0.123448
255,7,225,0.125237
255,7.1,225,0.127026
255,7.2,225,0.128815
255,7.3,225,0.130604
255,7.4,225,0.132393
255,7.5,225,0.134182
255,7.6,225,0.135971
255,7.7,225,0.13776
255,7.8,225,0.139549
255,7.9,225,0.141338
255,8,225,0.143127
255,8.1,225,0.144916
255,8.2,225,0.146705
255,8.3,225,0.148494
255,8.4,225,0.150283
255,8.5,225,0.152072
255,8.6,225,0.153861
255,8.7,225,0.15565
255,8.8,225,0.157439
255,8.9,225,0.159228
255,9,225,0.161017
255,9.1,225,0.162806
255,9.2,225,0.164595
255,9.3,225,0.166384
255,9.4,225,0.168173
255,9.5,225,0.169962
255,9.6,225,0.171751
255,9.7,225,0.17354
255,9.8,225,0.175329
255,9.9,225,0.177118
255,10,225,0.178907
255,10.1,225,0.180696
255,10.2,225,0.182485
255,10.3,225,0.184274
255,10.4,225,0.186063
255,10.5,225,0.187852
255,10.6,225,0.189641
255,10.7,225,0.19143
255,10.8,225,0.193219
255,10.9,225,0.195008
255,11,225,0.196797
255,11.1,225,0.198586
255,11.2,225,0.200375
255,11.3,225,0.202164
255,11.4,225,0.203953
255,11.5,225,0.205742
255,11.6,225,0.207531
255,11.7,225,0.20932
255,11.8,225,0.211109
255,11.9,225,0.212898
255,12,225,0.214687
255,12.1,225,0.216476
255,12.2,225,0.218265
255,12.3,225,0.220054
255,12.4,225,0.221843
255,12.5,225,0.223632
255,12.6,225,0.225421
255,12.7,225,0.22721
255,12.8,225,0.228999
255,12.9,225,0.230788
255,13,225,0.232577
255,13.1,225,0.234366
255,13.2,225,0.236155
255,13.3,225,0.237944
255,13.4,225,0.239733
255,13.5,225,0.241522
255,13.6,225,0.243311
255,13.7,225,0.2451
255,13.8,225,0.246889
255,13.9,225,0.248678
255,14,225,0.250467
255,14.1,225,0.252257
255,14.2,225,0.254048
255,14.3,225,0.25584
255,14.4,225,0.257631
255,14.5,225,0.259422
255,14.6,225,0.261214
255,14.7,225,0.263005
255,14.8,225,0.264796
255,14.9,225,0.266588
255,15,225,0.268379
255,15.1,225,0.27017
255,15.2,225,0.271962
255,15.3,225,0.273753
255,15.4,225,0.275544
255,15.5,225,0.277336
255,15.6,225,0.279127
255,15.7,225,0.280918
255,15.8,225,0.28271
255,15.9,225,0.284501
255,16,225,0.286292
255,16.1,225,0.288084
255,16.2,225,0.289875
255,16.3,225,0.291666
255,16.4,225,0.293458
255,16.5,225,0.295249
255,16.6,225,0.29704
255,16.7,225,0.298832
255,16.8,225,0.300623
255,16.9,225,0.302414
255,17,225,0.304206
255,17.1,225,0.305997
255,17.2,225,0.307788
255,17.3,225,0.30958
255,17.4,225,0.311371
255,17.5,225,0.313162
255,17.6,225,0.314954
255,17.7,225,0.316745
255,17.8,225,0.318536
255,17.9,225,0.320328
255,18,225,0.322119
255,18.1,225,0.32391
255,18.2,225,0.325702
255,18.3,225,0.327493
255,18.4,225,0.329284
255,18.5,225,0.331076
255,18.6,225,0.332867
255,18.7,225,0.334658
255,18.8,225,0.33645
255,18.9,225,0.338241
255,19,225,0.340032
255,19.1,225,0.341824
255,19.2,225,0.343615
255,19.3,225,0.345406
255,19.4,225,0.347198
255,19.5,225,0.348989
255,19.6,225,0.35078
255,19.7,225,0.352572
255,19.8,225,0.354363
255,19.9,225,0.356154
255,20,225,0.357946
