x,y,z,b
280,0,250,1.932e-07
280,0.1,250,0.000717689
280,0.2,250,0.00143518
280,0.3,250,0.00215268
280,0.4,250,0.00287018
280,0.5,250,0.00358767
280,0.6,250,0.00430517
280,0.7,250,0.00502266
280,0.8,250,0.00574016
280,0.9,250,0.00645765
280,1,250,0.00717515
280,1.1,250,0.00789264
280,1.2,250,0.00861014
280,1.3,250,0.00932764
280,1.4,250,0.0100451
280,1.5,250,0.0107626
280,1.6,250,0.0114801
280,1.7,250,0.0121976
280,1.8,250,0.0129151
280,1.9,250,0.0136326
280,2,250,0.0143501
280,2.1,250,0.0150676
280,2.2,250,0.0157851
280,2.3,250,0.0165026
280,2.4,250,0.0172201
280,2.5,250,0.0179376
280,2.6,250,0.0186551
280,2.7,250,0.0193726
280,2.8,250,0.0200901
280,2.9,250,0.0208076
280,3,250,0.0215251
280,3.1,250,0.0222426
280,3.2,250,0.0229601
280,3.3,250,0.0236775
280,3.4,250,0.024395
280,3.5,250,0.0251125
280,3.6,250,0.02583
280,3.7,250,0.0265475
280,3.8,250,0.027265
280,3.9,250,0.0279825
280,4,250,0.0287
280,4.1,250,0.0294175
280,4.2,250,0.030135
280,4.3,250,0.0308525
280,4.4,250,0.03157
280,4.5,250,0.0322875
280,4.6,250,0.033005
280,4.7,250,0.0337225
280,4.8,250,0.03444
280,4.9,250,0.0351575
280,5,250,0.035875
280,5.1,250,0.0365925
280,5.2,250,0.03731
280,5.3,250,0.0380275
280,5.4,250,0.038745
280,5.5,250,0.0394624
280,5.6,250,0.0401799
280,5.7,250,0.0408974
280,5.8,250,0.0416149
280,5.9,250,0.0423324
280,6,250,0.0430499
280,6.1,250,0.0437674
280,6.2,250,0.0444849
280,6.3,250,0.0452024
280,6.4,250,0.0459199
280,6.5,250,0.0466374
280,6.6,250,0.0473549
280,6.7,250,0.0480724
280,6.8,250,0.0487899
280,6.9,250,0.0495074
280,7,250,0.0502249
280,7.1,250,0.0509424
280,7.2,250,0.0516599
280,7.3,250,0.0523774
280,7.4,250,0.0530949
280,7.5,250,0.0538124
280,7.6,250,0.0545299
280,7.7,250,0.0552473
280,7.8,250,0.0559648
280,7.9,250,0.0566823
280,8,250,0.0573998
280,8.1,250,0.0581173
280,8.2,250,0.0588348
280,8.3,250,0.0595523
280,8.4,250,0.0602698
280,8.5,250,0.0609873
280,8.6,250,0.0617048
280,8.7,250,0.0624223
280,8.8,250,0.0631398
280,8.9,250,0.0638573
280,9,250,0.0645748
280,9.1,250,0.0652923
280,9.2,250,0.0660098
280,9.3,250,0.0667273
280,9.4,250,0.0674448
280,9.5,250,0.0681623
280,9.6,250,0.0688798
280,9.7,250,0.0695973
280,9.8,250,0.0703148
280,9.9,250,0.0710323
280,10,250,0.0717497
280,10.1,250,0.0724672
280,10.2,250,0.0731847
280,10.3,250,0.0739022
280,10.4,250,0.0746197
280,10.5,250,0.0753372
280,10.6,250,0.0760547
280,10.7,250,0.0767722
280,10.8,250,0.0774897
280,10.9,250,0.0782072
280,11,250,0.0789247
280,11.1,250,0.0796422
280,11.2,250,0.0803597
280,11.3,250,0.0810772
280,11.4,250,0.0817947
280,11.5,250,0.0825122
280,11.6,250,0.0832297
280,11.7,250,0.0839472
280,11.8,250,0.0846647
280,11.9,250,0.0853822
280,12,250,0.0860997
280,12.1,250,0.0868172
280,12.2,250,0.0875346
280,12.3,250,0.0882521
280,12.4,250,0.0889696
280,12.5,250,0.0896871
280,12.6,250,0.0904046
280,12.7,250,0.0911221
280,12.8,250,0.0918396
280,12.9,250,0.0925571
280,13,250,0.0932746
280,13.1,250,0.0939921
280,13.2,250,0.0947096
280,13.3,250,0.0954271
280,13.4,250,0.0961446
280,13.5,250,0.0968621
280,13.6,250,0.0975796
280,13.7,250,0.0982971
280,13.8,250,0.0990146
280,13.9,250,0.0997321
280,14,250,0.10045
280,14.1,250,0.101167
280,14.2,250,0.101885
280,14.3,250,0.102602
280,14.4,250,0.10332
280,14.5,250,0.104037
280,14.6,250,0.104755
280,14.7,250,0.105472
280,14.8,250,0.10619
280,14.9,250,0.106907
280,15,250,0.107625
280,15.1,250,0.108342
280,15.2,250,0.10906
280,15.3,250,0.109777
280,15.4,250,0.110495
280,15.5,250,0.111212
280,15.6,250,0.111929
280,15.7,250,0.112648
280,15.8,250,0.113367
280,15.9,250,0.114086
280,16,250,0.114804
280,16.1,250,0.115523
280,16.2,250,0.116242
280,16.3,250,0.116961
280,16.4,250,0.11768
280,16.5,250,0.118399
280,16.6,250,0.119117
280,16.7,250,0.119836
280,16.8,250,0.120555
280,16.9,250,0.121274
280,17,250,0.121993
280,17.1,250,0.122711
280,17.2,250,0.12343
280,17.3,250,0.124149
280,17.4,250,0.124868
280,17.5,250,0.125587
280,17.6,250,0.126305
280,17.7,250,0.127024
280,17.8,250,0.127743
280,17.9,250,0.128462
280,18,250,0.129181
280,18.1,250,0.1299
280,18.2,250,0.130618
280,18.3,250,0.131337
280,18.4,250,0.132056
280,18.5,250,0.132775
280,18.6,250,0.133494
280,18.7,250,0.134212
280,18.8,250,0.134931
280,18.9,250,0.13565
280,19,250,0.136369
280,19.1,250,0.137088
280,19.2,250,0.137807
280,19.3,250,0.138525
280,19.4,250,0.139244
280,19.5,250,0.139963
280,19.6,250,0.140682
280,19.7,250,0.141401
280,19.8,250,0.142119
280,19.9,250,0.142838
280,20,250,0.143557
