x,y,z,b
255,0,225,1.4697e-07
255,0.1,225,0.00179575
255,0.2,225,0.00359136
255,0.3,225,0.00538697
255,0.4,225,0.00718257
255,0.5,225,0.00897818
255,0.6,225,0.0107738
255,0.7,225,0.0125694
255,0.8,225,0.014365
255,0.9,225,0.0161606
255,1,225,0.0179562
255,1.1,225,0.0197518
255,1.2,225,0.0215474
255,1.3,225,0.023343
255,1.4,225,0.0251386
255,1.5,225,0.0269343
255,1.6,225,0.0287299
255,1.7,225,0.0305255
255,1.8,225,0.0323211
255,1.9,225,0.0341167
255,2,225,0.0359123
255,2.1,225,0.0377079
255,2.2,225,0.0395035
255,2.3,225,0.0412991
255,2.4,225,0.0430947
255,2.5,225,0.0448903
255,2.6,225,0.0466859
255,2.7,225,0.0484815
255,2.8,225,0.0502771
255,2.9,225,0.0520727
255,3,225,0.0538684
255,3.1,225,0.055664
255,3.2,225,0.0574596
255,3.3,225,0.0592552
255,3.4,225,0.0610508
255,3.5,225,0.0628464
255,3.6,225,0.064642
255,3.7,225,0.0664376
255,3.8,225,0.0682332
255,3.9,225,0.0700288
255,4,225,0.0718244
255,4.1,225,0.07362
255,4.2,225,0.0754156
255,4.3,225,0.0772112
255,4.4,225,0.0790069
255,4.5,225,0.0808025
255,4.6,225,0.0825981
255,4.7,225,0.0843937
255,4.8,225,0.0861893
255,4.9,225,0.0879849
255,5,225,0.0897805
255,5.1,225,0.0915761
255,5.2,225,0.0933717
255,5.3,225,0.0951673
255,5.4,225,0.0969629
255,5.5,225,0.0987585
255,5.6,225,0.100554
255,5.7,225,0.10235
255,5.8,225,0.104145
255,5.9,225,0.105941
255,6,225,0.107737
255,6.1,225,0.109532
255,6.2,225,0.111328
255,6.3,225,0.113123
255,6.4,225,0.114919
255,6.5,225,0.116715
255,6.6,225,0.11851
255,6.7,225,0.120306
255,6.8,225,0.122101
255,6.9,225,0.123897
255,7,225,0.125693
255,7.1,225,0.127488
255,7.2,225,0.129284
255,7.3,225,0.131079
255,7.4,225,0.132875
255,7.5,225,0.134671
255,7.6,225,0.136466
255,7.7,225,0.138262
255,7.8,225,0.140057
255,7.9,225,0.141853
255,8,225,0.143649
255,8.1,225,0.145444
255,8.2,225,0.14724
255,8.3,225,0.149036
255,8.4,225,0.150831
255,8.5,225,0.152627
255,8.6,225,0.154422
255,8.7,225,0.156218
255,8.8,225,0.158014
255,8.9,225,0.159809
255,9,225,0.161605
255,9.1,225,0.1634
255,9.2,225,0.165196
255,9.3,225,0.166992
255,9.4,225,0.168787
255,9.5,225,0.170583
255,9.6,225,0.172378
255,9.7,225,0.174174
255,9.8,225,0.17597
255,9.9,225,0.177765
255,10,225,0.179561
255,10.1,225,0.181356
255,10.2,225,0.183152
255,10.3,225,0.184948
255,10.4,225,0.186743
255,10.5,225,0.188539
255,10.6,225,0.190334
255,10.7,225,0.19213
255,10.8,225,0.193926
255,10.9,225,0.195721
255,11,225,0.197517
255,11.1,225,0.199313
255,11.2,225,0.201108
255,11.3,225,0.202904
255,11.4,225,0.204699
255,11.5,225,0.206495
255,11.6,225,0.208291
255,11.7,225,0.210086
255,11.8,225,0.211882
255,11.9,225,0.213677
255,12,225,0.215473
255,12.1,225,0.217269
255,12.2,225,0.219064
255,12.3,225,0.22086
255,12.4,225,0.222655
255,12.5,225,0.224451
255,12.6,225,0.226247
255,12.7,225,0.228042
255,12.8,225,0.229838
255,12.9,225,0.231633
255,13,225,0.233429
255,13.1,225,0.235225
255,13.2,225,0.23702
255,13.3,225,0.238816
255,13.4,225,0.240611
255,13.5,225,0.242407
255,13.6,225,0.244203
255,13.7,225,0.245998
255,13.8,225,0.247794
255,13.9,225,0.24959
255,14,225,0.251385
255,14.1,225,0.253181
255,14.2,225,0.254976
255,14.3,225,0.256771
255,14.4,225,0.258566
255,14.5,225,0.260361
255,14.6,225,0.262157
255,14.7,225,0.263952
255,14.8,225,0.265747
255,14.9,225,0.267542
255,15,225,0.269337
255,15.1,225,0.271132
255,15.2,225,0.272928
255,15.3,225,0.274723
255,15.4,225,0.276518
255,15.5,225,0.278313
255,15.6,225,0.280108
255,15.7,225,0.281904
255,15.8,225,0.283699
255,15.9,225,0.285494
255,16,225,0.287289
255,16.1,225,0.289084
255,16.2,225,0.29088
255,16.3,225,0.292675
255,16.4,225,0.29447
255,16.5,225,0.296265
255,16.6,225,0.29806
255,16.7,225,0.299856
255,16.8,225,0.301651
255,16.9,225,0.303446
255,17,225,0.305241
255,17.1,225,0.307036
255,17.2,225,0.308831
255,17.3,225,0.310627
255,17.4,225,0.312422
255,17.5,225,0.314217
255,17.6,225,0.316012
255,17.7,225,0.317807
255,17.8,225,0.319603
255,17.9,225,0.321398
255,18,225,0.323193
255,18.1,225,0.324988
255,18.2,225,0.326783
255,18.3,225,0.328579
255,18.4,225,0.330374
255,18.5,225,0.332169
255,18.6,225,0.333964
255,18.7,225,0.335759
255,18.8,225,0.337554
255,18.9,225,0.33935
255,19,225,0.341145
255,19.1,225,0.34294
255,19.2,225,0.344735
255,19.3,225,0.34653
255,19.4,225,0.348326
255,19.5,225,0.350121
255,19.6,225,0.351916
255,19.7,225,0.353711
255,19.8,225,0.355506
255,19.9,225,0.357302
255,20,225,0.359097
