x,y,z,b
255,0,225,1.28986e-07
255,0.1,225,0.00179592
255,0.2,225,0.0035917
255,0.3,225,0.00538749
255,0.4,225,0.00718328
255,0.5,225,0.00897906
255,0.6,225,0.0107749
255,0.7,225,0.0125706
255,0.8,225,0.0143664
255,0.9,225,0.0161622
255,1,225,0.017958
255,1.1,225,0.0197538
255,1.2,225,0.0215496
255,1.3,225,0.0233454
255,1.4,225,0.0251411
255,1.5,225,0.0269369
255,1.6,225,0.0287327
255,1.7,225,0.0305285
255,1.8,225,0.0323243
255,1.9,225,0.0341201
255,2,225,0.0359159
255,2.1,225,0.0377117
255,2.2,225,0.0395074
255,2.3,225,0.0413032
255,2.4,225,0.043099
255,2.5,225,0.0448948
255,2.6,225,0.0466906
255,2.7,225,0.0484864
255,2.8,225,0.0502822
255,2.9,225,0.052078
255,3,225,0.0538737
255,3.1,225,0.0556695
255,3.2,225,0.0574653
255,3.3,225,0.0592611
255,3.4,225,0.0610569
255,3.5,225,0.0628527
255,3.6,225,0.0646485
255,3.7,225,0.0664442
255,3.8,225,0.06824
255,3.9,225,0.0700358
255,4,225,0.0718316
255,4.1,225,0.0736274
255,4.2,225,0.0754232
255,4.3,225,0.077219
255,4.4,225,0.0790148
255,4.5,225,0.0808105
255,4.6,225,0.0826063
255,4.7,225,0.0844021
255,4.8,225,0.0861979
255,4.9,225,0.0879937
255,5,225,0.0897895
255,5.1,225,0.0915853
255,5.2,225,0.0933811
255,5.3,225,0.0951768
255,5.4,225,0.0969726
255,5.5,225,0.0987684
255,5.6,225,0.100564
255,5.7,225,0.10236
255,5.8,225,0.104156
255,5.9,225,0.105952
255,6,225,0.107747
255,6.1,225,0.109543
255,6.2,225,0.111339
255,6.3,225,0.113135
255,6.4,225,0.11493
255,6.5,225,0.116726
255,6.6,225,0.118522
255,6.7,225,0.120318
255,6.8,225,0.122114
255,6.9,225,0.123909
255,7,225,0.125705
255,7.1,225,0.127501
255,7.2,225,0.129297
255,7.3,225,0.131093
255,7.4,225,0.132888
255,7.5,225,0.134684
255,7.6,225,0.13648
255,7.7,225,0.138276
255,7.8,225,0.140072
255,7.9,225,0.141867
255,8,225,0.143663
255,8.1,225,0.145459
255,8.2,225,0.147255
255,8.3,225,0.14905
255,8.4,225,0.150846
255,8.5,225,0.152642
255,8.6,225,0.154438
255,8.7,225,0.156234
255,8.8,225,0.158029
255,8.9,225,0.159825
255,9,225,0.161621
255,9.1,225,0.163417
255,9.2,225,0.165213
255,9.3,225,0.167008
255,9.4,225,0.168804
255,9.5,225,0.1706
255,9.6,225,0.172396
255,9.7,225,0.174191
255,9.8,225,0.175987
255,9.9,225,0.177783
255,10,225,0.179579
255,10.1,225,0.181375
255,10.2,225,0.18317
255,10.3,225,0.184966
255,10.4,225,0.186762
255,10.5,225,0.188558
255,10.6,225,0.190354
255,10.7,225,0.192149
255,10.8,225,0.193945
255,10.9,225,0.195741
255,11,225,0.197537
255,11.1,225,0.199332
255,11.2,225,0.201128
255,11.3,225,0.202924
255,11.4,225,0.20472
255,11.5,225,0.206516
255,11.6,225,0.208311
255,11.7,225,0.210107
255,11.8,225,0.211903
255,11.9,225,0.213699
255,12,225,0.215495
255,12.1,225,0.21729
255,12.2,225,0.219086
255,12.3,225,0.220882
255,12.4,225,0.222678
255,12.5,225,0.224474
255,12.6,225,0.226269
255,12.7,225,0.228065
255,12.8,225,0.229861
255,12.9,225,0.231657
255,13,225,0.233452
255,13.1,225,0.235248
255,13.2,225,0.237044
255,13.3,225,0.23884
255,13.4,225,0.240636
255,13.5,225,0.242431
255,13.6,225,0.244227
255,13.7,225,0.246023
255,13.8,225,0.247819
255,13.9,225,0.249615
255,14,225,0.25141
255,14.1,225,0.253206
255,14.2,225,0.255002
255,14.3,225,0.256798
255,14.4,225,0.258593
255,14.5,225,0.260389
255,14.6,225,0.262185
255,14.7,225,0.26398
255,14.8,225,0.265776
255,14.9,225,0.267572
255,15,225,0.269368
255,15.1,225,0.271163
255,15.2,225,0.272959
255,15.3,225,0.274755
255,15.4,225,0.276551
255,15.5,225,0.278346
255,15.6,225,0.280142
255,15.7,225,0.281938
255,15.8,225,0.283733
255,15.9,225,0.285529
255,16,225,0.287325
255,16.1,225,0.289121
255,16.2,225,0.290916
255,16.3,225,0.292712
255,16.4,225,0.294508
255,16.5,225,0.296304
255,16.6,225,0.298099
255,16.7,225,0.299895
255,16.8,225,0.301691
255,16.9,225,0.303486
255,17,225,0.305282
255,17.1,225,0.307078
255,17.2,225,0.308874
255,17.3,225,0.310669
255,17.4,225,0.312465
255,17.5,225,0.314261
255,17.6,225,0.316057
255,17.7,225,0.317852
255,17.8,225,0.319648
255,17.9,225,0.321444
255,18,225,0.323239
255,18.1,225,0.325035
255,18.2,225,0.326831
255,18.3,225,0.328627
255,18.4,225,0.330422
255,18.5,225,0.332218
255,18.6,225,0.334014
255,18.7,225,0.33581
255,18.8,225,0.337605
255,18.9,225,0.339401
255,19,225,0.341197
255,19.1,225,0.342992
255,19.2,225,0.344788
255,19.3,225,0.346584
255,19.4,225,0.34838
255,19.5,225,0.350175
255,19.6,225,0.351971
255,19.7,225,0.353767
255,19.8,225,0.355563
255,19.9,225,0.357358
255,20,225,0.359154
