x,y,z,b
255,0,225,1.12073e-07
255,0.1,225,0.00179606
255,0.2,225,0.00359201
255,0.3,225,0.00538795
255,0.4,225,0.0071839
255,0.5,225,0.00897985
255,0.6,225,0.0107758
255,0.7,225,0.0125717
255,0.8,225,0.0143677
255,0.9,225,0.0161636
255,1,225,0.0179596
255,1.1,225,0.0197555
255,1.2,225,0.0215515
255,1.3,225,0.0233474
255,1.4,225,0.0251434
255,1.5,225,0.0269393
255,1.6,225,0.0287353
255,1.7,225,0.0305312
255,1.8,225,0.0323272
255,1.9,225,0.0341231
255,2,225,0.0359191
255,2.1,225,0.037715
255,2.2,225,0.0395109
255,2.3,225,0.0413069
255,2.4,225,0.0431028
255,2.5,225,0.0448988
255,2.6,225,0.0466947
255,2.7,225,0.0484907
255,2.8,225,0.0502866
255,2.9,225,0.0520826
255,3,225,0.0538785
255,3.1,225,0.0556745
255,3.2,225,0.0574704
255,3.3,225,0.0592664
255,3.4,225,0.0610623
255,3.5,225,0.0628583
255,3.6,225,0.0646542
255,3.7,225,0.0664502
255,3.8,225,0.0682461
255,3.9,225,0.070042
255,4,225,0.071838
255,4.1,225,0.0736339
255,4.2,225,0.0754299
255,4.3,225,0.0772258
255,4.4,225,0.0790218
255,4.5,225,0.0808177
255,4.6,225,0.0826137
255,4.7,225,0.0844096
255,4.8,225,0.0862056
255,4.9,225,0.0880015
255,5,225,0.0897975
255,5.1,225,0.0915934
255,5.2,225,0.0933894
255,5.3,225,0.0951853
255,5.4,225,0.0969812
255,5.5,225,0.0987772
255,5.6,225,0.100573
255,5.7,225,0.102369
255,5.8,225,0.104165
255,5.9,225,0.105961
255,6,225,0.107757
255,6.1,225,0.109553
255,6.2,225,0.111349
255,6.3,225,0.113145
255,6.4,225,0.114941
255,6.5,225,0.116737
255,6.6,225,0.118533
255,6.7,225,0.120329
255,6.8,225,0.122125
255,6.9,225,0.12392
255,7,225,0.125716
255,7.1,225,0.127512
255,7.2,225,0.129308
255,7.3,225,0.131104
255,7.4,225,0.1329
255,7.5,225,0.134696
255,7.6,225,0.136492
255,7.7,225,0.138288
255,7.8,225,0.140084
255,7.9,225,0.14188
255,8,225,0.143676
255,8.1,225,0.145472
255,8.2,225,0.147268
255,8.3,225,0.149064
255,8.4,225,0.15086
255,8.5,225,0.152656
255,8.6,225,0.154452
255,8.7,225,0.156247
255,8.8,225,0.158043
255,8.9,225,0.159839
255,9,225,0.161635
255,9.1,225,0.163431
255,9.2,225,0.165227
255,9.3,225,0.167023
255,9.4,225,0.168819
255,9.5,225,0.170615
255,9.6,225,0.172411
255,9.7,225,0.174207
255,9.8,225,0.176003
255,9.9,225,0.177799
255,10,225,0.179595
255,10.1,225,0.181391
255,10.2,225,0.183187
255,10.3,225,0.184983
255,10.4,225,0.186779
255,10.5,225,0.188575
255,10.6,225,0.19037
255,10.7,225,0.192166
255,10.8,225,0.193962
255,10.9,225,0.195758
255,11,225,0.197554
255,11.1,225,0.19935
255,11.2,225,0.201146
255,11.3,225,0.202942
255,11.4,225,0.204738
255,11.5,225,0.206534
255,11.6,225,0.20833
255,11.7,225,0.210126
255,11.8,225,0.211922
255,11.9,225,0.213718
255,12,225,0.215514
255,12.1,225,0.21731
255,12.2,225,0.219106
255,12.3,225,0.220902
255,12.4,225,0.222698
255,12.5,225,0.224493
255,12.6,225,0.226289
255,12.7,225,0.228085
255,12.8,225,0.229881
255,12.9,225,0.231677
255,13,225,0.233473
255,13.1,225,0.235269
255,13.2,225,0.237065
255,13.3,225,0.238861
255,13.4,225,0.240657
255,13.5,225,0.242453
255,13.6,225,0.244249
255,13.7,225,0.246045
255,13.8,225,0.247841
255,13.9,225,0.249637
255,14,225,0.251433
255,14.1,225,0.253229
255,14.2,225,0.255025
255,14.3,225,0.256821
255,14.4,225,0.258617
255,14.5,225,0.260413
255,14.6,225,0.262209
255,14.7,225,0.264005
255,14.8,225,0.265801
255,14.9,225,0.267597
255,15,225,0.269393
255,15.1,225,0.271189
255,15.2,225,0.272985
255,15.3,225,0.274781
255,15.4,225,0.276577
255,15.5,225,0.278374
255,15.6,225,0.28017
255,15.7,225,0.281966
255,15.8,225,0.283762
255,15.9,225,0.285558
255,16,225,0.287354
255,16.1,225,0.28915
255,16.2,225,0.290946
255,16.3,225,0.292742
255,16.4,225,0.294538
255,16.5,225,0.296334
255,16.6,225,0.29813
255,16.7,225,0.299926
255,16.8,225,0.301722
255,16.9,225,0.303518
255,17,225,0.305314
255,17.1,225,0.30711
255,17.2,225,0.308907
255,17.3,225,0.310703
255,17.4,225,0.312499
255,17.5,225,0.314295
255,17.6,225,0.316091
255,17.7,225,0.317887
255,17.8,225,0.319683
255,17.9,225,0.321479
255,18,225,0.323275
255,18.1,225,0.325071
255,18.2,225,0.326867
255,18.3,225,0.328663
255,18.4,225,0.330459
255,18.5,225,0.332255
255,18.6,225,0.334051
255,18.7,225,0.335847
255,18.8,225,0.337644
255,18.9,225,0.33944
255,19,225,0.341236
255,19.1,225,0.343032
255,19.2,225,0.344828
255,19.3,225,0.346624
255,19.4,225,0.34842
255,19.5,225,0.350216
255,19.6,225,0.352012
255,19.7,225,0.353808
255,19.8,225,0.355604
255,19.9,225,0.3574
255,20,225,0.359196
