x,y,z,b
255,0,225,-6.39698e-06
255,0.1,225,0.00179708
255,0.2,225,0.00360057
255,0.3,225,0.00540405
255,0.4,225,0.00720753
255,0.5,225,0.00901101
255,0.6,225,0.0108145
255,0.7,225,0.012618
255,0.8,225,0.0144215
255,0.9,225,0.0162249
255,1,225,0.0180284
255,1.1,225,0.0198319
255,1.2,225,0.0216354
255,1.3,225,0.0234389
255,1.4,225,0.0252423
255,1.5,225,0.0270458
255,1.6,225,0.0288493
255,1.7,225,0.0306528
255,1.8,225,0.0324563
255,1.9,225,0.0342597
255,2,225,0.0360632
255,2.1,225,0.0378667
255,2.2,225,0.0396702
255,2.3,225,0.0414737
255,2.4,225,0.0432772
255,2.5,225,0.0450806
255,2.6,225,0.0468841
255,2.7,225,0.0486876
255,2.8,225,0.0504911
255,2.9,225,0.0522946
255,3,225,0.054098
255,3.1,225,0.0559015
255,3.2,225,0.057705
255,3.3,225,0.0595085
255,3.4,225,0.061312
255,3.5,225,0.0631154
255,3.6,225,0.0649189
255,3.7,225,0.0667224
255,3.8,225,0.0685259
255,3.9,225,0.0703294
255,4,225,0.0721329
255,4.1,225,0.0739363
255,4.2,225,0.0757398
255,4.3,225,0.0775433
255,4.4,225,0.0793468
255,4.5,225,0.0811503
255,4.6,225,0.0829537
255,4.7,225,0.0847572
255,4.8,225,0.0865607
255,4.9,225,0.0883642
255,5,225,0.0901677
255,5.1,225,0.0919711
255,5.2,225,0.0937746
255,5.3,225,0.0955781
255,5.4,225,0.0973816
255,5.5,225,0.0991851
255,5.6,225,0.100989
255,5.7,225,0.102792
255,5.8,225,0.104596
255,5.9,225,0.106399
255,6,225,0.108202
255,6.1,225,0.110006
255,6.2,225,0.111809
255,6.3,225,0.113613
255,6.4,225,0.115416
255,6.5,225,0.11722
255,6.6,225,0.119023
255,6.7,225,0.120827
255,6.8,225,0.12263
255,6.9,225,0.124434
255,7,225,0.126237
255,7.1,225,0.128041
255,7.2,225,0.129844
255,7.3,225,0.131648
255,7.4,225,0.133451
255,7.5,225,0.135255
255,7.6,225,0.137058
255,7.7,225,0.138862
255,7.8,225,0.140665
255,7.9,225,0.142469
255,8,225,0.144272
255,8.1,225,0.146076
255,8.2,225,0.147879
255,8.3,225,0.149683
255,8.4,225,0.151486
255,8.5,225,0.15329
255,8.6,225,0.155093
255,8.7,225,0.156896
255,8.8,225,0.1587
255,8.9,225,0.160503
255,9,225,0.162307
255,9.1,225,0.16411
255,9.2,225,0.165914
255,9.3,225,0.167717
255,9.4,225,0.169521
255,9.5,225,0.171324
255,9.6,225,0.173128
255,9.7,225,0.174931
255,9.8,225,0.176735
255,9.9,225,0.178538
255,10,225,0.180342
255,10.1,225,0.182145
255,10.2,225,0.183949
255,10.3,225,0.185752
255,10.4,225,0.187556
255,10.5,225,0.189359
255,10.6,225,0.191163
255,10.7,225,0.192966
255,10.8,225,0.19477
255,10.9,225,0.196573
255,11,225,0.198377
255,11.1,225,0.20018
255,11.2,225,0.201984
255,11.3,225,0.203787
255,11.4,225,0.20559
255,11.5,225,0.207394
255,11.6,225,0.209197
255,11.7,225,0.211001
255,11.8,225,0.212804
255,11.9,225,0.214608
255,12,225,0.216411
255,12.1,225,0.218215
255,12.2,225,0.220018
255,12.3,225,0.221822
255,12.4,225,0.223625
255,12.5,225,0.225429
255,12.6,225,0.227232
255,12.7,225,0.229036
255,12.8,225,0.230839
255,12.9,225,0.232643
255,13,225,0.234446
255,13.1,225,0.23625
255,13.2,225,0.238053
255,13.3,225,0.239857
255,13.4,225,0.24166
255,13.5,225,0.243464
255,13.6,225,0.245267
255,13.7,225,0.247071
255,13.8,225,0.248874
255,13.9,225,0.250677
255,14,225,0.252481
255,14.1,225,0.254286
255,14.2,225,0.256094
255,14.3,225,0.257902
255,14.4,225,0.25971
255,14.5,225,0.261517
255,14.6,225,0.263325
255,14.7,225,0.265133
255,14.8,225,0.266941
255,14.9,225,0.268749
255,15,225,0.270557
255,15.1,225,0.272364
255,15.2,225,0.274172
255,15.3,225,0.27598
255,15.4,225,0.277788
255,15.5,225,0.279596
255,15.6,225,0.281404
255,15.7,225,0.283211
255,15.8,225,0.285019
255,15.9,225,0.286827
255,16,225,0.288635
255,16.1,225,0.290443
255,16.2,225,0.292251
255,16.3,225,0.294058
255,16.4,225,0.295866
255,16.5,225,0.297674
255,16.6,225,0.299482
255,16.7,225,0.30129
255,16.8,225,0.303098
255,16.9,225,0.304905
255,17,225,0.306713
255,17.1,225,0.308521
255,17.2,225,0.310329
255,17.3,225,0.312137
255,17.4,225,0.313945
255,17.5,225,0.315752
255,17.6,225,0.31756
255,17.7,225,0.319368
255,17.8,225,0.321176
255,17.9,225,0.322984
255,18,225,0.324792
255,18.1,225,0.326599
255,18.2,225,0.328407
255,18.3,225,0.330215
255,18.4,225,0.332023
255,18.5,225,0.333831
255,18.6,225,0.335639
255,18.7,225,0.337446
255,18.8,225,0.339254
255,18.9,225,0.341062
255,19,225,0.34287
255,19.1,225,0.344678
255,19.2,225,0.346485
255,19.3,225,0.348293
255,19.4,225,0.350101
255,19.5,225,0.351909
255,19.6,225,0.353717
255,19.7,225,0.355525
255,19.8,225,0.357332
255,19.9,225,0.35914
255,20,225,0.360948
