x,y,z,b
255,0,225,-7.68986e-06
255,0.1,225,0.00179716
255,0.2,225,0.00360201
255,0.3,225,0.00540686
255,0.4,225,0.00721171
255,0.5,225,0.00901657
255,0.6,225,0.0108214
255,0.7,225,0.0126263
255,0.8,225,0.0144311
255,0.9,225,0.016236
255,1,225,0.0180408
255,1.1,225,0.0198457
255,1.2,225,0.0216505
255,1.3,225,0.0234554
255,1.4,225,0.0252602
255,1.5,225,0.0270651
255,1.6,225,0.0288699
255,1.7,225,0.0306748
255,1.8,225,0.0324796
255,1.9,225,0.0342845
255,2,225,0.0360893
255,2.1,225,0.0378942
255,2.2,225,0.039699
255,2.3,225,0.0415039
255,2.4,225,0.0433087
255,2.5,225,0.0451136
255,2.6,225,0.0469184
255,2.7,225,0.0487233
255,2.8,225,0.0505281
255,2.9,225,0.052333
255,3,225,0.0541378
255,3.1,225,0.0559427
255,3.2,225,0.0577475
255,3.3,225,0.0595524
255,3.4,225,0.0613572
255,3.5,225,0.0631621
255,3.6,225,0.064967
255,3.7,225,0.0667718
255,3.8,225,0.0685767
255,3.9,225,0.0703815
255,4,225,0.0721864
255,4.1,225,0.0739912
255,4.2,225,0.0757961
255,4.3,225,0.0776009
255,4.4,225,0.0794058
255,4.5,225,0.0812106
255,4.6,225,0.0830155
255,4.7,225,0.0848203
255,4.8,225,0.0866252
255,4.9,225,0.08843
255,5,225,0.0902349
255,5.1,225,0.0920397
255,5.2,225,0.0938446
255,5.3,225,0.0956494
255,5.4,225,0.0974543
255,5.5,225,0.0992591
255,5.6,225,0.101064
255,5.7,225,0.102869
255,5.8,225,0.104674
255,5.9,225,0.106479
255,6,225,0.108283
255,6.1,225,0.110088
255,6.2,225,0.111893
255,6.3,225,0.113698
255,6.4,225,0.115503
255,6.5,225,0.117308
255,6.6,225,0.119112
255,6.7,225,0.120917
255,6.8,225,0.122722
255,6.9,225,0.124527
255,7,225,0.126332
255,7.1,225,0.128137
255,7.2,225,0.129942
255,7.3,225,0.131746
255,7.4,225,0.133551
255,7.5,225,0.135356
255,7.6,225,0.137161
255,7.7,225,0.138966
255,7.8,225,0.140771
255,7.9,225,0.142576
255,8,225,0.14438
255,8.1,225,0.146185
255,8.2,225,0.14799
255,8.3,225,0.149795
255,8.4,225,0.1516
255,8.5,225,0.153405
255,8.6,225,0.15521
255,8.7,225,0.157014
255,8.8,225,0.158819
255,8.9,225,0.160624
255,9,225,0.162429
255,9.1,225,0.164234
255,9.2,225,0.166039
255,9.3,225,0.167843
255,9.4,225,0.169648
255,9.5,225,0.171453
255,9.6,225,0.173258
255,9.7,225,0.175063
255,9.8,225,0.176868
255,9.9,225,0.178673
255,10,225,0.180477
255,10.1,225,0.182282
255,10.2,225,0.184087
255,10.3,225,0.185892
255,10.4,225,0.187697
255,10.5,225,0.189502
255,10.6,225,0.191307
255,10.7,225,0.193111
255,10.8,225,0.194916
255,10.9,225,0.196721
255,11,225,0.198526
255,11.1,225,0.200331
255,11.2,225,0.202136
255,11.3,225,0.20394
255,11.4,225,0.205745
255,11.5,225,0.20755
255,11.6,225,0.209355
255,11.7,225,0.21116
255,11.8,225,0.212965
255,11.9,225,0.21477
255,12,225,0.216574
255,12.1,225,0.218379
255,12.2,225,0.220184
255,12.3,225,0.221989
255,12.4,225,0.223794
255,12.5,225,0.225599
255,12.6,225,0.227404
255,12.7,225,0.229208
255,12.8,225,0.231013
255,12.9,225,0.232818
255,13,225,0.234623
255,13.1,225,0.236428
255,13.2,225,0.238233
255,13.3,225,0.240038
255,13.4,225,0.241842
255,13.5,225,0.243647
255,13.6,225,0.245452
255,13.7,225,0.247257
255,13.8,225,0.249062
255,13.9,225,0.250867
255,14,225,0.252671
255,14.1,225,0.254477
255,14.2,225,0.256284
255,14.3,225,0.258092
255,14.4,225,0.259899
255,14.5,225,0.261706
255,14.6,225,0.263514
255,14.7,225,0.265321
255,14.8,225,0.267128
255,14.9,225,0.268935
255,15,225,0.270743
255,15.1,225,0.27255
255,15.2,225,0.274357
255,15.3,225,0.276164
255,15.4,225,0.277972
255,15.5,225,0.279779
255,15.6,225,0.281586
255,15.7,225,0.283393
255,15.8,225,0.285201
255,15.9,225,0.287008
255,16,225,0.288815
255,16.1,225,0.290623
255,16.2,225,0.29243
255,16.3,225,0.294237
255,16.4,225,0.296044
255,16.5,225,0.297852
255,16.6,225,0.299659
255,16.7,225,0.301466
255,16.8,225,0.303273
255,16.9,225,0.305081
255,17,225,0.306888
255,17.1,225,0.308695
255,17.2,225,0.310502
255,17.3,225,0.31231
255,17.4,225,0.314117
255,17.5,225,0.315924
255,17.6,225,0.317731
255,17.7,225,0.319539
255,17.8,225,0.321346
255,17.9,225,0.323153
255,18,225,0.324961
255,18.1,225,0.326768
255,18.2,225,0.328575
255,18.3,225,0.330382
255,18.4,225,0.33219
255,18.5,225,0.333997
255,18.6,225,0.335804
255,18.7,225,0.337611
255,18.8,225,0.339419
255,18.9,225,0.341226
255,19,225,0.343033
255,19.1,225,0.34484
255,19.2,225,0.346648
255,19.3,225,0.348455
255,19.4,225,0.350262
255,19.5,225,0.352069
255,19.6,225,0.353877
255,19.7,225,0.355684
255,19.8,225,0.357491
255,19.9,225,0.359299
255,20,225,0.361106
