x,y,z,b
255,0,225,-9.52316e-06
255,0.1,225,0.00179727
255,0.2,225,0.00360406
255,0.3,225,0.00541086
255,0.4,225,0.00721765
255,0.5,225,0.00902444
255,0.6,225,0.0108312
255,0.7,225,0.012638
255,0.8,225,0.0144448
255,0.9,225,0.0162516
255,1,225,0.0180584
255,1.1,225,0.0198652
255,1.2,225,0.021672
255,1.3,225,0.0234788
255,1.4,225,0.0252856
255,1.5,225,0.0270924
255,1.6,225,0.0288992
255,1.7,225,0.030706
255,1.8,225,0.0325128
255,1.9,225,0.0343196
255,2,225,0.0361263
255,2.1,225,0.0379331
255,2.2,225,0.0397399
255,2.3,225,0.0415467
255,2.4,225,0.0433535
255,2.5,225,0.0451603
255,2.6,225,0.0469671
255,2.7,225,0.0487739
255,2.8,225,0.0505807
255,2.9,225,0.0523875
255,3,225,0.0541943
255,3.1,225,0.0560011
255,3.2,225,0.0578079
255,3.3,225,0.0596147
255,3.4,225,0.0614215
255,3.5,225,0.0632283
255,3.6,225,0.065035
255,3.7,225,0.0668418
255,3.8,225,0.0686486
255,3.9,225,0.0704554
255,4,225,0.0722622
255,4.1,225,0.074069
255,4.2,225,0.0758758
255,4.3,225,0.0776826
255,4.4,225,0.0794894
255,4.5,225,0.0812962
255,4.6,225,0.083103
255,4.7,225,0.0849098
255,4.8,225,0.0867166
255,4.9,225,0.0885234
255,5,225,0.0903302
255,5.1,225,0.092137
255,5.2,225,0.0939437
255,5.3,225,0.0957505
255,5.4,225,0.0975573
255,5.5,225,0.0993641
255,5.6,225,0.101171
255,5.7,225,0.102978
255,5.8,225,0.104785
255,5.9,225,0.106591
255,6,225,0.108398
255,6.1,225,0.110205
255,6.2,225,0.112012
255,6.3,225,0.113818
255,6.4,225,0.115625
255,6.5,225,0.117432
255,6.6,225,0.119239
255,6.7,225,0.121046
255,6.8,225,0.122852
255,6.9,225,0.124659
255,7,225,0.126466
255,7.1,225,0.128273
255,7.2,225,0.13008
255,7.3,225,0.131886
255,7.4,225,0.133693
255,7.5,225,0.1355
255,7.6,225,0.137307
255,7.7,225,0.139114
255,7.8,225,0.14092
255,7.9,225,0.142727
255,8,225,0.144534
255,8.1,225,0.146341
255,8.2,225,0.148148
255,8.3,225,0.149954
255,8.4,225,0.151761
255,8.5,225,0.153568
255,8.6,225,0.155375
255,8.7,225,0.157182
255,8.8,225,0.158988
255,8.9,225,0.160795
255,9,225,0.162602
255,9.1,225,0.164409
255,9.2,225,0.166215
255,9.3,225,0.168022
255,9.4,225,0.169829
255,9.5,225,0.171636
255,9.6,225,0.173443
255,9.7,225,0.175249
255,9.8,225,0.177056
255,9.9,225,0.178863
255,10,225,0.18067
255,10.1,225,0.182477
255,10.2,225,0.184283
255,10.3,225,0.18609
255,10.4,225,0.187897
255,10.5,225,0.189704
255,10.6,225,0.191511
255,10.7,225,0.193317
255,10.8,225,0.195124
255,10.9,225,0.196931
255,11,225,0.198738
255,11.1,225,0.200545
255,11.2,225,0.202351
255,11.3,225,0.204158
255,11.4,225,0.205965
255,11.5,225,0.207772
255,11.6,225,0.209579
255,11.7,225,0.211385
255,11.8,225,0.213192
255,11.9,225,0.214999
255,12,225,0.216806
255,12.1,225,0.218613
255,12.2,225,0.220419
255,12.3,225,0.222226
255,12.4,225,0.224033
255,12.5,225,0.22584
255,12.6,225,0.227646
255,12.7,225,0.229453
255,12.8,225,0.23126
255,12.9,225,0.233067
255,13,225,0.234874
255,13.1,225,0.23668
255,13.2,225,0.238487
255,13.3,225,0.240294
255,13.4,225,0.242101
255,13.5,225,0.243908
255,13.6,225,0.245714
255,13.7,225,0.247521
255,13.8,225,0.249328
255,13.9,225,0.251135
255,14,225,0.252942
255,14.1,225,0.254746
255,14.2,225,0.256546
255,14.3,225,0.258346
255,14.4,225,0.260147
255,14.5,225,0.261947
255,14.6,225,0.263747
255,14.7,225,0.265547
255,14.8,225,0.267348
255,14.9,225,0.269148
255,15,225,0.270948
255,15.1,225,0.272748
255,15.2,225,0.274549
255,15.3,225,0.276349
255,15.4,225,0.278149
255,15.5,225,0.279949
255,15.6,225,0.28175
255,15.7,225,0.28355
255,15.8,225,0.28535
255,15.9,225,0.28715
255,16,225,0.288951
255,16.1,225,0.290751
255,16.2,225,0.292551
255,16.3,225,0.294351
255,16.4,225,0.296152
255,16.5,225,0.297952
255,16.6,225,0.299752
255,16.7,225,0.301552
255,16.8,225,0.303353
255,16.9,225,0.305153
255,17,225,0.306953
255,17.1,225,0.308753
255,17.2,225,0.310554
255,17.3,225,0.312354
255,17.4,225,0.314154
255,17.5,225,0.315954
255,17.6,225,0.317755
255,17.7,225,0.319555
255,17.8,225,0.321355
255,17.9,225,0.323155
255,18,225,0.324955
255,18.1,225,0.326756
255,18.2,225,0.328556
255,18.3,225,0.330356
255,18.4,225,0.332156
255,18.5,225,0.333957
255,18.6,225,0.335757
255,18.7,225,0.337557
255,18.8,225,0.339357
255,18.9,225,0.341158
255,19,225,0.342958
255,19.1,225,0.344758
255,19.2,225,0.346558
255,19.3,225,0.348359
255,19.4,225,0.350159
255,19.5,225,0.351959
255,19.6,225,0.353759
255,19.7,225,0.35556
255,19.8,225,0.35736
255,19.9,225,0.35916
255,20,225,0.36096
