x,y,z,b
280,0,250,-8.53753e-09
280,0.1,250,0.000718725
280,0.2,250,0.00143746
280,0.3,250,0.00215619
280,0.4,250,0.00287493
280,0.5,250,0.00359366
280,0.6,250,0.00431239
280,0.7,250,0.00503113
280,0.8,250,0.00574986
280,0.9,250,0.00646859
280,1,250,0.00718733
280,1.1,250,0.00790606
280,1.2,250,0.0086248
280,1.3,250,0.00934353
280,1.4,250,0.0100623
280,1.5,250,0.010781
280,1.6,250,0.0114997
280,1.7,250,0.0122185
280,1.8,250,0.0129372
280,1.9,250,0.0136559
280,2,250,0.0143747
280,2.1,250,0.0150934
280,2.2,250,0.0158121
280,2.3,250,0.0165309
280,2.4,250,0.0172496
280,2.5,250,0.0179683
280,2.6,250,0.0186871
280,2.7,250,0.0194058
280,2.8,250,0.0201245
280,2.9,250,0.0208433
280,3,250,0.021562
280,3.1,250,0.0222807
280,3.2,250,0.0229995
280,3.3,250,0.0237182
280,3.4,250,0.0244369
280,3.5,250,0.0251557
280,3.6,250,0.0258744
280,3.7,250,0.0265931
280,3.8,250,0.0273119
280,3.9,250,0.0280306
280,4,250,0.0287493
280,4.1,250,0.0294681
280,4.2,250,0.0301868
280,4.3,250,0.0309055
280,4.4,250,0.0316243
280,4.5,250,0.032343
280,4.6,250,0.0330617
280,4.7,250,0.0337805
280,4.8,250,0.0344992
280,4.9,250,0.0352179
280,5,250,0.0359367
280,5.1,250,0.0366554
280,5.2,250,0.0373741
280,5.3,250,0.0380929
280,5.4,250,0.0388116
280,5.5,250,0.0395303
280,5.6,250,0.0402491
280,5.7,250,0.0409678
280,5.8,250,0.0416865
280,5.9,250,0.0424053
280,6,250,0.043124
280,6.1,250,0.0438427
280,6.2,250,0.0445615
280,6.3,250,0.0452802
280,6.4,250,0.0459989
280,6.5,250,0.0467177
280,6.6,250,0.0474364
280,6.7,250,0.0481552
280,6.8,250,0.0488739
280,6.9,250,0.0495926
280,7,250,0.0503114
280,7.1,250,0.0510301
280,7.2,250,0.0517488
280,7.3,250,0.0524676
280,7.4,250,0.0531863
280,7.5,250,0.053905
280,7.6,250,0.0546238
280,7.7,250,0.0553425
280,7.8,250,0.0560612
280,7.9,250,0.05678
280,8,250,0.0574987
280,8.1,250,0.0582174
280,8.2,250,0.0589362
280,8.3,250,0.0596549
280,8.4,250,0.0603736
280,8.5,250,0.0610924
280,8.6,250,0.0618111
280,8.7,250,0.0625298
280,8.8,250,0.0632486
280,8.9,250,0.0639673
280,9,250,0.064686
280,9.1,250,0.0654048
280,9.2,250,0.0661235
280,9.3,250,0.0668422
280,9.4,250,0.067561
280,9.5,250,0.0682797
280,9.6,250,0.0689984
280,9.7,250,0.0697172
280,9.8,250,0.0704359
280,9.9,250,0.0711546
280,10,250,0.0718734
280,10.1,250,0.0725921
280,10.2,250,0.0733108
280,10.3,250,0.0740296
280,10.4,250,0.0747483
280,10.5,250,0.075467
280,10.6,250,0.0761858
280,10.7,250,0.0769045
280,10.8,250,0.0776232
280,10.9,250,0.078342
280,11,250,0.0790607
280,11.1,250,0.0797794
280,11.2,250,0.0804982
280,11.3,250,0.0812169
280,11.4,250,0.0819356
280,11.5,250,0.0826544
280,11.6,250,0.0833731
280,11.7,250,0.0840918
280,11.8,250,0.0848106
280,11.9,250,0.0855293
280,12,250,0.086248
280,12.1,250,0.0869668
280,12.2,250,0.0876855
280,12.3,250,0.0884042
280,12.4,250,0.089123
280,12.5,250,0.0898417
280,12.6,250,0.0905604
280,12.7,250,0.0912792
280,12.8,250,0.0919979
280,12.9,250,0.0927166
280,13,250,0.0934354
280,13.1,250,0.0941541
280,13.2,250,0.0948728
280,13.3,250,0.0955916
280,13.4,250,0.0963103
280,13.5,250,0.097029
280,13.6,250,0.0977478
280,13.7,250,0.0984665
280,13.8,250,0.0991852
280,13.9,250,0.099904
280,14,250,0.100623
280,14.1,250,0.101341
280,14.2,250,0.10206
280,14.3,250,0.102779
280,14.4,250,0.103498
280,14.5,250,0.104216
280,14.6,250,0.104935
280,14.7,250,0.105654
280,14.8,250,0.106373
280,14.9,250,0.107091
280,15,250,0.10781
280,15.1,250,0.108529
280,15.2,250,0.109248
280,15.3,250,0.109966
280,15.4,250,0.110685
280,15.5,250,0.111404
280,15.6,250,0.112122
280,15.7,250,0.112841
280,15.8,250,0.11356
280,15.9,250,0.114279
280,16,250,0.114998
280,16.1,250,0.115716
280,16.2,250,0.116435
280,16.3,250,0.117154
280,16.4,250,0.117873
280,16.5,250,0.118591
280,16.6,250,0.11931
280,16.7,250,0.120029
280,16.8,250,0.120748
280,16.9,250,0.121466
280,17,250,0.122185
280,17.1,250,0.122904
280,17.2,250,0.123623
280,17.3,250,0.124341
280,17.4,250,0.12506
280,17.5,250,0.125779
280,17.6,250,0.126498
280,17.7,250,0.127217
280,17.8,250,0.127935
280,17.9,250,0.128654
280,18,250,0.129373
280,18.1,250,0.130092
280,18.2,250,0.13081
280,18.3,250,0.131529
280,18.4,250,0.132248
280,18.5,250,0.132967
280,18.6,250,0.133685
280,18.7,250,0.134404
280,18.8,250,0.135123
280,18.9,250,0.135842
280,19,250,0.13656
280,19.1,250,0.137279
280,19.2,250,0.137998
280,19.3,250,0.138717
280,19.4,250,0.139436
280,19.5,250,0.140154
280,19.6,250,0.140873
280,19.7,250,0.141592
280,19.8,250,0.142311
280,19.9,250,0.143029
280,20,250,0.143748
