x,y,z,b
255,0,225,-3.06685e-07
255,0.1,225,0.0017989
255,0.2,225,0.00359811
255,0.3,225,0.00539732
255,0.4,225,0.00719653
255,0.5,225,0.00899574
255,0.6,225,0.0107949
255,0.7,225,0.0125942
255,0.8,225,0.0143934
255,0.9,225,0.0161926
255,1,225,0.0179918
255,1.1,225,0.019791
255,1.2,225,0.0215902
255,1.3,225,0.0233894
255,1.4,225,0.0251886
255,1.5,225,0.0269878
255,1.6,225,0.028787
255,1.7,225,0.0305862
255,1.8,225,0.0323855
255,1.9,225,0.0341847
255,2,225,0.0359839
255,2.1,225,0.0377831
255,2.2,225,0.0395823
255,2.3,225,0.0413815
255,2.4,225,0.0431807
255,2.5,225,0.0449799
255,2.6,225,0.0467791
255,2.7,225,0.0485783
255,2.8,225,0.0503775
255,2.9,225,0.0521768
255,3,225,0.053976
255,3.1,225,0.0557752
255,3.2,225,0.0575744
255,3.3,225,0.0593736
255,3.4,225,0.0611728
255,3.5,225,0.062972
255,3.6,225,0.0647712
255,3.7,225,0.0665704
255,3.8,225,0.0683696
255,3.9,225,0.0701688
255,4,225,0.0719681
255,4.1,225,0.0737673
255,4.2,225,0.0755665
255,4.3,225,0.0773657
255,4.4,225,0.0791649
255,4.5,225,0.0809641
255,4.6,225,0.0827633
255,4.7,225,0.0845625
255,4.8,225,0.0863617
255,4.9,225,0.0881609
255,5,225,0.0899601
255,5.1,225,0.0917594
255,5.2,225,0.0935586
255,5.3,225,0.0953578
255,5.4,225,0.097157
255,5.5,225,0.0989562
255,5.6,225,0.100755
255,5.7,225,0.102555
255,5.8,225,0.104354
255,5.9,225,0.106153
255,6,225,0.107952
255,6.1,225,0.109751
255,6.2,225,0.111551
255,6.3,225,0.11335
255,6.4,225,0.115149
255,6.5,225,0.116948
255,6.6,225,0.118747
255,6.7,225,0.120547
255,6.8,225,0.122346
255,6.9,225,0.124145
255,7,225,0.125944
255,7.1,225,0.127744
255,7.2,225,0.129543
255,7.3,225,0.131342
255,7.4,225,0.133141
255,7.5,225,0.13494
255,7.6,225,0.13674
255,7.7,225,0.138539
255,7.8,225,0.140338
255,7.9,225,0.142137
255,8,225,0.143936
255,8.1,225,0.145736
255,8.2,225,0.147535
255,8.3,225,0.149334
255,8.4,225,0.151133
255,8.5,225,0.152932
255,8.6,225,0.154732
255,8.7,225,0.156531
255,8.8,225,0.15833
255,8.9,225,0.160129
255,9,225,0.161929
255,9.1,225,0.163728
255,9.2,225,0.165527
255,9.3,225,0.167326
255,9.4,225,0.169125
255,9.5,225,0.170925
255,9.6,225,0.172724
255,9.7,225,0.174523
255,9.8,225,0.176322
255,9.9,225,0.178121
255,10,225,0.179921
255,10.1,225,0.18172
255,10.2,225,0.183519
255,10.3,225,0.185318
255,10.4,225,0.187117
255,10.5,225,0.188917
255,10.6,225,0.190716
255,10.7,225,0.192515
255,10.8,225,0.194314
255,10.9,225,0.196113
255,11,225,0.197913
255,11.1,225,0.199712
255,11.2,225,0.201511
255,11.3,225,0.20331
255,11.4,225,0.20511
255,11.5,225,0.206909
255,11.6,225,0.208708
255,11.7,225,0.210507
255,11.8,225,0.212306
255,11.9,225,0.214106
255,12,225,0.215905
255,12.1,225,0.217704
255,12.2,225,0.219503
255,12.3,225,0.221302
255,12.4,225,0.223102
255,12.5,225,0.224901
255,12.6,225,0.2267
255,12.7,225,0.228499
255,12.8,225,0.230298
255,12.9,225,0.232098
255,13,225,0.233897
255,13.1,225,0.235696
255,13.2,225,0.237495
255,13.3,225,0.239295
255,13.4,225,0.241094
255,13.5,225,0.242893
255,13.6,225,0.244692
255,13.7,225,0.246491
255,13.8,225,0.248291
255,13.9,225,0.25009
255,14,225,0.251889
255,14.1,225,0.253689
255,14.2,225,0.255491
255,14.3,225,0.257294
255,14.4,225,0.259096
255,14.5,225,0.260898
255,14.6,225,0.2627
255,14.7,225,0.264502
255,14.8,225,0.266304
255,14.9,225,0.268106
255,15,225,0.269909
255,15.1,225,0.271711
255,15.2,225,0.273513
255,15.3,225,0.275315
255,15.4,225,0.277117
255,15.5,225,0.278919
255,15.6,225,0.280721
255,15.7,225,0.282524
255,15.8,225,0.284326
255,15.9,225,0.286128
255,16,225,0.28793
255,16.1,225,0.289732
255,16.2,225,0.291534
255,16.3,225,0.293336
255,16.4,225,0.295139
255,16.5,225,0.296941
255,16.6,225,0.298743
255,16.7,225,0.300545
255,16.8,225,0.302347
255,16.9,225,0.304149
255,17,225,0.305951
255,17.1,225,0.307754
255,17.2,225,0.309556
255,17.3,225,0.311358
255,17.4,225,0.31316
255,17.5,225,0.314962
255,17.6,225,0.316764
255,17.7,225,0.318567
255,17.8,225,0.320369
255,17.9,225,0.322171
255,18,225,0.323973
255,18.1,225,0.325775
255,18.2,225,0.327577
255,18.3,225,0.329379
255,18.4,225,0.331182
255,18.5,225,0.332984
255,18.6,225,0.334786
255,18.7,225,0.336588
255,18.8,225,0.33839
255,18.9,225,0.340192
255,19,225,0.341994
255,19.1,225,0.343797
255,19.2,225,0.345599
255,19.3,225,0.347401
255,19.4,225,0.349203
255,19.5,225,0.351005
255,19.6,225,0.352807
255,19.7,225,0.354609
255,19.8,225,0.356412
255,19.9,225,0.358214
255,20,225,0.360016
