x,y,z,b
255,0,225,9.12836e-08
255,0.1,225,0.00179624
255,0.2,225,0.00359238
255,0.3,225,0.00538853
255,0.4,225,0.00718467
255,0.5,225,0.00898081
255,0.6,225,0.010777
255,0.7,225,0.0125731
255,0.8,225,0.0143692
255,0.9,225,0.0161654
255,1,225,0.0179615
255,1.1,225,0.0197577
255,1.2,225,0.0215538
255,1.3,225,0.02335
255,1.4,225,0.0251461
255,1.5,225,0.0269423
255,1.6,225,0.0287384
255,1.7,225,0.0305346
255,1.8,225,0.0323307
255,1.9,225,0.0341268
255,2,225,0.035923
255,2.1,225,0.0377191
255,2.2,225,0.0395153
255,2.3,225,0.0413114
255,2.4,225,0.0431076
255,2.5,225,0.0449037
255,2.6,225,0.0466999
255,2.7,225,0.048496
255,2.8,225,0.0502921
255,2.9,225,0.0520883
255,3,225,0.0538844
255,3.1,225,0.0556806
255,3.2,225,0.0574767
255,3.3,225,0.0592729
255,3.4,225,0.061069
255,3.5,225,0.0628652
255,3.6,225,0.0646613
255,3.7,225,0.0664574
255,3.8,225,0.0682536
255,3.9,225,0.0700497
255,4,225,0.0718459
255,4.1,225,0.073642
255,4.2,225,0.0754382
255,4.3,225,0.0772343
255,4.4,225,0.0790305
255,4.5,225,0.0808266
255,4.6,225,0.0826227
255,4.7,225,0.0844189
255,4.8,225,0.086215
255,4.9,225,0.0880112
255,5,225,0.0898073
255,5.1,225,0.0916035
255,5.2,225,0.0933996
255,5.3,225,0.0951958
255,5.4,225,0.0969919
255,5.5,225,0.098788
255,5.6,225,0.100584
255,5.7,225,0.10238
255,5.8,225,0.104176
255,5.9,225,0.105973
255,6,225,0.107769
255,6.1,225,0.109565
255,6.2,225,0.111361
255,6.3,225,0.113157
255,6.4,225,0.114953
255,6.5,225,0.116749
255,6.6,225,0.118546
255,6.7,225,0.120342
255,6.8,225,0.122138
255,6.9,225,0.123934
255,7,225,0.12573
255,7.1,225,0.127526
255,7.2,225,0.129323
255,7.3,225,0.131119
255,7.4,225,0.132915
255,7.5,225,0.134711
255,7.6,225,0.136507
255,7.7,225,0.138303
255,7.8,225,0.140099
255,7.9,225,0.141896
255,8,225,0.143692
255,8.1,225,0.145488
255,8.2,225,0.147284
255,8.3,225,0.14908
255,8.4,225,0.150876
255,8.5,225,0.152672
255,8.6,225,0.154469
255,8.7,225,0.156265
255,8.8,225,0.158061
255,8.9,225,0.159857
255,9,225,0.161653
255,9.1,225,0.163449
255,9.2,225,0.165245
255,9.3,225,0.167042
255,9.4,225,0.168838
255,9.5,225,0.170634
255,9.6,225,0.17243
255,9.7,225,0.174226
255,9.8,225,0.176022
255,9.9,225,0.177818
255,10,225,0.179615
255,10.1,225,0.181411
255,10.2,225,0.183207
255,10.3,225,0.185003
255,10.4,225,0.186799
255,10.5,225,0.188595
255,10.6,225,0.190391
255,10.7,225,0.192188
255,10.8,225,0.193984
255,10.9,225,0.19578
255,11,225,0.197576
255,11.1,225,0.199372
255,11.2,225,0.201168
255,11.3,225,0.202964
255,11.4,225,0.204761
255,11.5,225,0.206557
255,11.6,225,0.208353
255,11.7,225,0.210149
255,11.8,225,0.211945
255,11.9,225,0.213741
255,12,225,0.215537
255,12.1,225,0.217334
255,12.2,225,0.21913
255,12.3,225,0.220926
255,12.4,225,0.222722
255,12.5,225,0.224518
255,12.6,225,0.226314
255,12.7,225,0.22811
255,12.8,225,0.229907
255,12.9,225,0.231703
255,13,225,0.233499
255,13.1,225,0.235295
255,13.2,225,0.237091
255,13.3,225,0.238887
255,13.4,225,0.240683
255,13.5,225,0.24248
255,13.6,225,0.244276
255,13.7,225,0.246072
255,13.8,225,0.247868
255,13.9,225,0.249664
255,14,225,0.25146
255,14.1,225,0.253256
255,14.2,225,0.255051
255,14.3,225,0.256846
255,14.4,225,0.258642
255,14.5,225,0.260437
255,14.6,225,0.262232
255,14.7,225,0.264027
255,14.8,225,0.265822
255,14.9,225,0.267618
255,15,225,0.269413
255,15.1,225,0.271208
255,15.2,225,0.273003
255,15.3,225,0.274798
255,15.4,225,0.276593
255,15.5,225,0.278389
255,15.6,225,0.280184
255,15.7,225,0.281979
255,15.8,225,0.283774
255,15.9,225,0.285569
255,16,225,0.287365
255,16.1,225,0.28916
255,16.2,225,0.290955
255,16.3,225,0.29275
255,16.4,225,0.294545
255,16.5,225,0.29634
255,16.6,225,0.298136
255,16.7,225,0.299931
255,16.8,225,0.301726
255,16.9,225,0.303521
255,17,225,0.305316
255,17.1,225,0.307112
255,17.2,225,0.308907
255,17.3,225,0.310702
255,17.4,225,0.312497
255,17.5,225,0.314292
255,17.6,225,0.316087
255,17.7,225,0.317883
255,17.8,225,0.319678
255,17.9,225,0.321473
255,18,225,0.323268
255,18.1,225,0.325063
255,18.2,225,0.326859
255,18.3,225,0.328654
255,18.4,225,0.330449
255,18.5,225,0.332244
255,18.6,225,0.334039
255,18.7,225,0.335834
255,18.8,225,0.33763
255,18.9,225,0.339425
255,19,225,0.34122
255,19.1,225,0.343015
255,19.2,225,0.34481
255,19.3,225,0.346606
255,19.4,225,0.348401
255,19.5,225,0.350196
255,19.6,225,0.351991
255,19.7,225,0.353786
255,19.8,225,0.355581
255,19.9,225,0.357377
255,20,225,0.359172
