x,y,z,b
255,0,225,-8.44779e-06
255,0.1,225,0.00179721
255,0.2,225,0.00360286
255,0.3,225,0.00540851
255,0.4,225,0.00721417
255,0.5,225,0.00901982
255,0.6,225,0.0108255
255,0.7,225,0.0126311
255,0.8,225,0.0144368
255,0.9,225,0.0162424
255,1,225,0.0180481
255,1.1,225,0.0198537
255,1.2,225,0.0216594
255,1.3,225,0.0234651
255,1.4,225,0.0252707
255,1.5,225,0.0270764
255,1.6,225,0.028882
255,1.7,225,0.0306877
255,1.8,225,0.0324933
255,1.9,225,0.034299
255,2,225,0.0361046
255,2.1,225,0.0379103
255,2.2,225,0.0397159
255,2.3,225,0.0415216
255,2.4,225,0.0433273
255,2.5,225,0.0451329
255,2.6,225,0.0469386
255,2.7,225,0.0487442
255,2.8,225,0.0505499
255,2.9,225,0.0523555
255,3,225,0.0541612
255,3.1,225,0.0559668
255,3.2,225,0.0577725
255,3.3,225,0.0595781
255,3.4,225,0.0613838
255,3.5,225,0.0631894
255,3.6,225,0.0649951
255,3.7,225,0.0668008
255,3.8,225,0.0686064
255,3.9,225,0.0704121
255,4,225,0.0722177
255,4.1,225,0.0740234
255,4.2,225,0.075829
255,4.3,225,0.0776347
255,4.4,225,0.0794403
255,4.5,225,0.081246
255,4.6,225,0.0830516
255,4.7,225,0.0848573
255,4.8,225,0.086663
255,4.9,225,0.0884686
255,5,225,0.0902743
255,5.1,225,0.0920799
255,5.2,225,0.0938856
255,5.3,225,0.0956912
255,5.4,225,0.0974969
255,5.5,225,0.0993025
255,5.6,225,0.101108
255,5.7,225,0.102914
255,5.8,225,0.104719
255,5.9,225,0.106525
255,6,225,0.108331
255,6.1,225,0.110136
255,6.2,225,0.111942
255,6.3,225,0.113748
255,6.4,225,0.115553
255,6.5,225,0.117359
255,6.6,225,0.119165
255,6.7,225,0.12097
255,6.8,225,0.122776
255,6.9,225,0.124582
255,7,225,0.126387
255,7.1,225,0.128193
255,7.2,225,0.129999
255,7.3,225,0.131804
255,7.4,225,0.13361
255,7.5,225,0.135416
255,7.6,225,0.137221
255,7.7,225,0.139027
255,7.8,225,0.140833
255,7.9,225,0.142638
255,8,225,0.144444
255,8.1,225,0.14625
255,8.2,225,0.148055
255,8.3,225,0.149861
255,8.4,225,0.151667
255,8.5,225,0.153472
255,8.6,225,0.155278
255,8.7,225,0.157083
255,8.8,225,0.158889
255,8.9,225,0.160695
255,9,225,0.1625
255,9.1,225,0.164306
255,9.2,225,0.166112
255,9.3,225,0.167917
255,9.4,225,0.169723
255,9.5,225,0.171529
255,9.6,225,0.173334
255,9.7,225,0.17514
255,9.8,225,0.176946
255,9.9,225,0.178751
255,10,225,0.180557
255,10.1,225,0.182363
255,10.2,225,0.184168
255,10.3,225,0.185974
255,10.4,225,0.18778
255,10.5,225,0.189585
255,10.6,225,0.191391
255,10.7,225,0.193197
255,10.8,225,0.195002
255,10.9,225,0.196808
255,11,225,0.198614
255,11.1,225,0.200419
255,11.2,225,0.202225
255,11.3,225,0.20403
255,11.4,225,0.205836
255,11.5,225,0.207642
255,11.6,225,0.209447
255,11.7,225,0.211253
255,11.8,225,0.213059
255,11.9,225,0.214864
255,12,225,0.21667
255,12.1,225,0.218476
255,12.2,225,0.220281
255,12.3,225,0.222087
255,12.4,225,0.223893
255,12.5,225,0.225698
255,12.6,225,0.227504
255,12.7,225,0.22931
255,12.8,225,0.231115
255,12.9,225,0.232921
255,13,225,0.234727
255,13.1,225,0.236532
255,13.2,225,0.238338
255,13.3,225,0.240144
255,13.4,225,0.241949
255,13.5,225,0.243755
255,13.6,225,0.245561
255,13.7,225,0.247366
255,13.8,225,0.249172
255,13.9,225,0.250977
255,14,225,0.252783
255,14.1,225,0.254589
255,14.2,225,0.256396
255,14.3,225,0.258202
255,14.4,225,0.260009
255,14.5,225,0.261815
255,14.6,225,0.263622
255,14.7,225,0.265428
255,14.8,225,0.267235
255,14.9,225,0.269041
255,15,225,0.270848
255,15.1,225,0.272654
255,15.2,225,0.274461
255,15.3,225,0.276267
255,15.4,225,0.278074
255,15.5,225,0.27988
255,15.6,225,0.281687
255,15.7,225,0.283493
255,15.8,225,0.2853
255,15.9,225,0.287106
255,16,225,0.288913
255,16.1,225,0.290719
255,16.2,225,0.292526
255,16.3,225,0.294332
255,16.4,225,0.296139
255,16.5,225,0.297946
255,16.6,225,0.299752
255,16.7,225,0.301559
255,16.8,225,0.303365
255,16.9,225,0.305172
255,17,225,0.306978
255,17.1,225,0.308785
255,17.2,225,0.310591
255,17.3,225,0.312398
255,17.4,225,0.314204
255,17.5,225,0.316011
255,17.6,225,0.317817
255,17.7,225,0.319624
255,17.8,225,0.32143
255,17.9,225,0.323237
255,18,225,0.325043
255,18.1,225,0.32685
255,18.2,225,0.328656
255,18.3,225,0.330463
255,18.4,225,0.332269
255,18.5,225,0.334076
255,18.6,225,0.335882
255,18.7,225,0.337689
255,18.8,225,0.339495
255,18.9,225,0.341302
255,19,225,0.343108
255,19.1,225,0.344915
255,19.2,225,0.346721
255,19.3,225,0.348528
255,19.4,225,0.350335
255,19.5,225,0.352141
255,19.6,225,0.353948
255,19.7,225,0.355754
255,19.8,225,0.357561
255,19.9,225,0.359367
255,20,225,0.361174
