x,y,z,b
280,0,250,3.81275e-07
280,0.1,250,0.000716722
280,0.2,250,0.00143306
280,0.3,250,0.0021494
280,0.4,250,0.00286575
280,0.5,250,0.00358209
280,0.6,250,0.00429843
280,0.7,250,0.00501477
280,0.8,250,0.00573111
280,0.9,250,0.00644745
280,1,250,0.00716379
280,1.1,250,0.00788013
280,1.2,250,0.00859648
280,1.3,250,0.00931282
280,1.4,250,0.0100292
280,1.5,250,0.0107455
280,1.6,250,0.0114618
280,1.7,250,0.0121782
280,1.8,250,0.0128945
280,1.9,250,0.0136109
280,2,250,0.0143272
280,2.1,250,0.0150435
280,2.2,250,0.0157599
280,2.3,250,0.0164762
280,2.4,250,0.0171926
280,2.5,250,0.0179089
280,2.6,250,0.0186253
280,2.7,250,0.0193416
280,2.8,250,0.0200579
280,2.9,250,0.0207743
280,3,250,0.0214906
280,3.1,250,0.022207
280,3.2,250,0.0229233
280,3.3,250,0.0236396
280,3.4,250,0.024356
280,3.5,250,0.0250723
280,3.6,250,0.0257887
280,3.7,250,0.026505
280,3.8,250,0.0272213
280,3.9,250,0.0279377
280,4,250,0.028654
280,4.1,250,0.0293704
280,4.2,250,0.0300867
280,4.3,250,0.0308031
280,4.4,250,0.0315194
280,4.5,250,0.0322357
280,4.6,250,0.0329521
280,4.7,250,0.0336684
280,4.8,250,0.0343848
280,4.9,250,0.0351011
280,5,250,0.0358174
280,5.1,250,0.0365338
280,5.2,250,0.0372501
280,5.3,250,0.0379665
280,5.4,250,0.0386828
280,5.5,250,0.0393991
280,5.6,250,0.0401155
280,5.7,250,0.0408318
280,5.8,250,0.0415482
280,5.9,250,0.0422645
280,6,250,0.0429809
280,6.1,250,0.0436972
280,6.2,250,0.0444135
280,6.3,250,0.0451299
280,6.4,250,0.0458462
280,6.5,250,0.0465626
280,6.6,250,0.0472789
280,6.7,250,0.0479952
280,6.8,250,0.0487116
280,6.9,250,0.0494279
280,7,250,0.0501443
280,7.1,250,0.0508606
280,7.2,250,0.0515769
280,7.3,250,0.0522933
280,7.4,250,0.0530096
280,7.5,250,0.053726
280,7.6,250,0.0544423
280,7.7,250,0.0551587
280,7.8,250,0.055875
280,7.9,250,0.0565913
280,8,250,0.0573077
280,8.1,250,0.058024
280,8.2,250,0.0587404
280,8.3,250,0.0594567
280,8.4,250,0.060173
280,8.5,250,0.0608894
280,8.6,250,0.0616057
280,8.7,250,0.0623221
280,8.8,250,0.0630384
280,8.9,250,0.0637547
280,9,250,0.0644711
280,9.1,250,0.0651874
280,9.2,250,0.0659038
280,9.3,250,0.0666201
280,9.4,250,0.0673365
280,9.5,250,0.0680528
280,9.6,250,0.0687691
280,9.7,250,0.0694855
280,9.8,250,0.0702018
280,9.9,250,0.0709182
280,10,250,0.0716345
280,10.1,250,0.0723508
280,10.2,250,0.0730672
280,10.3,250,0.0737835
280,10.4,250,0.0744999
280,10.5,250,0.0752162
280,10.6,250,0.0759325
280,10.7,250,0.0766489
280,10.8,250,0.0773652
280,10.9,250,0.0780816
280,11,250,0.0787979
280,11.1,250,0.0795143
280,11.2,250,0.0802306
280,11.3,250,0.0809469
280,11.4,250,0.0816633
280,11.5,250,0.0823796
280,11.6,250,0.083096
280,11.7,250,0.0838123
280,11.8,250,0.0845286
280,11.9,250,0.085245
280,12,250,0.0859613
280,12.1,250,0.0866777
280,12.2,250,0.087394
280,12.3,250,0.0881103
280,12.4,250,0.0888267
280,12.5,250,0.089543
280,12.6,250,0.0902594
280,12.7,250,0.0909757
280,12.8,250,0.0916921
280,12.9,250,0.0924084
280,13,250,0.0931247
280,13.1,250,0.0938411
280,13.2,250,0.0945574
280,13.3,250,0.0952738
280,13.4,250,0.0959901
280,13.5,250,0.0967064
280,13.6,250,0.0974228
280,13.7,250,0.0981391
280,13.8,250,0.0988555
280,13.9,250,0.0995718
280,14,250,0.100288
280,14.1,250,0.101004
280,14.2,250,0.101721
280,14.3,250,0.102437
280,14.4,250,0.103154
280,14.5,250,0.10387
280,14.6,250,0.104586
280,14.7,250,0.105303
280,14.8,250,0.106019
280,14.9,250,0.106735
280,15,250,0.107452
280,15.1,250,0.108168
280,15.2,250,0.108884
280,15.3,250,0.109601
280,15.4,250,0.110317
280,15.5,250,0.111033
280,15.6,250,0.11175
280,15.7,250,0.112466
280,15.8,250,0.113183
280,15.9,250,0.1139
280,16,250,0.114617
280,16.1,250,0.115334
280,16.2,250,0.116051
280,16.3,250,0.116768
280,16.4,250,0.117485
280,16.5,250,0.118201
280,16.6,250,0.118918
280,16.7,250,0.119635
280,16.8,250,0.120352
280,16.9,250,0.121069
280,17,250,0.121786
280,17.1,250,0.122503
280,17.2,250,0.12322
280,17.3,250,0.123937
280,17.4,250,0.124654
280,17.5,250,0.12537
280,17.6,250,0.126087
280,17.7,250,0.126804
280,17.8,250,0.127521
280,17.9,250,0.128238
280,18,250,0.128955
280,18.1,250,0.129672
280,18.2,250,0.130389
280,18.3,250,0.131106
280,18.4,250,0.131822
280,18.5,250,0.132539
280,18.6,250,0.133256
280,18.7,250,0.133973
280,18.8,250,0.13469
280,18.9,250,0.135407
280,19,250,0.136124
280,19.1,250,0.136841
280,19.2,250,0.137558
280,19.3,250,0.138274
280,19.4,250,0.138991
280,19.5,250,0.139708
280,19.6,250,0.140425
280,19.7,250,0.141142
280,19.8,250,0.141859
280,19.9,250,0.142576
280,20,250,0.143293
