x,y,z,b
255,0,225,3.99399e-08
255,0.1,225,0.0017965
255,0.2,225,0.00359296
255,0.3,225,0.00538943
255,0.4,225,0.00718589
255,0.5,225,0.00898235
255,0.6,225,0.0107788
255,0.7,225,0.0125753
255,0.8,225,0.0143717
255,0.9,225,0.0161682
255,1,225,0.0179647
255,1.1,225,0.0197611
255,1.2,225,0.0215576
255,1.3,225,0.023354
255,1.4,225,0.0251505
255,1.5,225,0.026947
255,1.6,225,0.0287434
255,1.7,225,0.0305399
255,1.8,225,0.0323364
255,1.9,225,0.0341328
255,2,225,0.0359293
255,2.1,225,0.0377257
255,2.2,225,0.0395222
255,2.3,225,0.0413187
255,2.4,225,0.0431151
255,2.5,225,0.0449116
255,2.6,225,0.0467081
255,2.7,225,0.0485045
255,2.8,225,0.050301
255,2.9,225,0.0520974
255,3,225,0.0538939
255,3.1,225,0.0556904
255,3.2,225,0.0574868
255,3.3,225,0.0592833
255,3.4,225,0.0610798
255,3.5,225,0.0628762
255,3.6,225,0.0646727
255,3.7,225,0.0664691
255,3.8,225,0.0682656
255,3.9,225,0.0700621
255,4,225,0.0718585
255,4.1,225,0.073655
255,4.2,225,0.0754515
255,4.3,225,0.0772479
255,4.4,225,0.0790444
255,4.5,225,0.0808408
255,4.6,225,0.0826373
255,4.7,225,0.0844338
255,4.8,225,0.0862302
255,4.9,225,0.0880267
255,5,225,0.0898231
255,5.1,225,0.0916196
255,5.2,225,0.0934161
255,5.3,225,0.0952125
255,5.4,225,0.097009
255,5.5,225,0.0988055
255,5.6,225,0.100602
255,5.7,225,0.102398
255,5.8,225,0.104195
255,5.9,225,0.105991
255,6,225,0.107788
255,6.1,225,0.109584
255,6.2,225,0.111381
255,6.3,225,0.113177
255,6.4,225,0.114974
255,6.5,225,0.11677
255,6.6,225,0.118567
255,6.7,225,0.120363
255,6.8,225,0.122159
255,6.9,225,0.123956
255,7,225,0.125752
255,7.1,225,0.127549
255,7.2,225,0.129345
255,7.3,225,0.131142
255,7.4,225,0.132938
255,7.5,225,0.134735
255,7.6,225,0.136531
255,7.7,225,0.138328
255,7.8,225,0.140124
255,7.9,225,0.141921
255,8,225,0.143717
255,8.1,225,0.145513
255,8.2,225,0.14731
255,8.3,225,0.149106
255,8.4,225,0.150903
255,8.5,225,0.152699
255,8.6,225,0.154496
255,8.7,225,0.156292
255,8.8,225,0.158089
255,8.9,225,0.159885
255,9,225,0.161682
255,9.1,225,0.163478
255,9.2,225,0.165275
255,9.3,225,0.167071
255,9.4,225,0.168867
255,9.5,225,0.170664
255,9.6,225,0.17246
255,9.7,225,0.174257
255,9.8,225,0.176053
255,9.9,225,0.17785
255,10,225,0.179646
255,10.1,225,0.181443
255,10.2,225,0.183239
255,10.3,225,0.185036
255,10.4,225,0.186832
255,10.5,225,0.188629
255,10.6,225,0.190425
255,10.7,225,0.192221
255,10.8,225,0.194018
255,10.9,225,0.195814
255,11,225,0.197611
255,11.1,225,0.199407
255,11.2,225,0.201204
255,11.3,225,0.203
255,11.4,225,0.204797
255,11.5,225,0.206593
255,11.6,225,0.20839
255,11.7,225,0.210186
255,11.8,225,0.211983
255,11.9,225,0.213779
255,12,225,0.215575
255,12.1,225,0.217372
255,12.2,225,0.219168
255,12.3,225,0.220965
255,12.4,225,0.222761
255,12.5,225,0.224558
255,12.6,225,0.226354
255,12.7,225,0.228151
255,12.8,225,0.229947
255,12.9,225,0.231744
255,13,225,0.23354
255,13.1,225,0.235337
255,13.2,225,0.237133
255,13.3,225,0.23893
255,13.4,225,0.240726
255,13.5,225,0.242522
255,13.6,225,0.244319
255,13.7,225,0.246115
255,13.8,225,0.247912
255,13.9,225,0.249708
255,14,225,0.251505
255,14.1,225,0.253301
255,14.2,225,0.255096
255,14.3,225,0.256892
255,14.4,225,0.258687
255,14.5,225,0.260483
255,14.6,225,0.262278
255,14.7,225,0.264074
255,14.8,225,0.265869
255,14.9,225,0.267664
255,15,225,0.26946
255,15.1,225,0.271255
255,15.2,225,0.273051
255,15.3,225,0.274846
255,15.4,225,0.276642
255,15.5,225,0.278437
255,15.6,225,0.280233
255,15.7,225,0.282028
255,15.8,225,0.283824
255,15.9,225,0.285619
255,16,225,0.287414
255,16.1,225,0.28921
255,16.2,225,0.291005
255,16.3,225,0.292801
255,16.4,225,0.294596
255,16.5,225,0.296392
255,16.6,225,0.298187
255,16.7,225,0.299983
255,16.8,225,0.301778
255,16.9,225,0.303574
255,17,225,0.305369
255,17.1,225,0.307164
255,17.2,225,0.30896
255,17.3,225,0.310755
255,17.4,225,0.312551
255,17.5,225,0.314346
255,17.6,225,0.316142
255,17.7,225,0.317937
255,17.8,225,0.319733
255,17.9,225,0.321528
255,18,225,0.323324
255,18.1,225,0.325119
255,18.2,225,0.326914
255,18.3,225,0.32871
255,18.4,225,0.330505
255,18.5,225,0.332301
255,18.6,225,0.334096
255,18.7,225,0.335892
255,18.8,225,0.337687
255,18.9,225,0.339483
255,19,225,0.341278
255,19.1,225,0.343074
255,19.2,225,0.344869
255,19.3,225,0.346664
255,19.4,225,0.34846
255,19.5,225,0.350255
255,19.6,225,0.352051
255,19.7,225,0.353846
255,19.8,225,0.355642
255,19.9,225,0.357437
255,20,225,0.359233
