x,y,z,b
255,0,225,0
255,0.1,225,0.00179573
255,0.2,225,0.00359147
255,0.3,225,0.0053872
255,0.4,225,0.00718293
255,0.5,225,0.00897867
255,0.6,225,0.0107744
255,0.7,225,0.0125701
255,0.8,225,0.0143659
255,0.9,225,0.0161616
255,1,225,0.0179573
255,1.1,225,0.0197531
255,1.2,225,0.0215488
255,1.3,225,0.0233445
255,1.4,225,0.0251403
255,1.5,225,0.026936
255,1.6,225,0.0287317
255,1.7,225,0.0305275
255,1.8,225,0.0323232
255,1.9,225,0.0341189
255,2,225,0.0359147
255,2.1,225,0.0377104
255,2.2,225,0.0395061
255,2.3,225,0.0413019
255,2.4,225,0.0430976
255,2.5,225,0.0448933
255,2.6,225,0.0466891
255,2.7,225,0.0484848
255,2.8,225,0.0502805
255,2.9,225,0.0520763
255,3,225,0.053872
255,3.1,225,0.0556677
255,3.2,225,0.0574635
255,3.3,225,0.0592592
255,3.4,225,0.0610549
255,3.5,225,0.0628507
255,3.6,225,0.0646464
255,3.7,225,0.0664421
255,3.8,225,0.0682379
255,3.9,225,0.0700336
255,4,225,0.0718293
255,4.1,225,0.0736251
255,4.2,225,0.0754208
255,4.3,225,0.0772165
255,4.4,225,0.0790123
255,4.5,225,0.080808
255,4.6,225,0.0826037
255,4.7,225,0.0843995
255,4.8,225,0.0861952
255,4.9,225,0.087991
255,5,225,0.0897867
255,5.1,225,0.0915824
255,5.2,225,0.0933782
255,5.3,225,0.0951739
255,5.4,225,0.0969696
255,5.5,225,0.0987654
255,5.6,225,0.100561
255,5.7,225,0.102357
255,5.8,225,0.104153
255,5.9,225,0.105948
255,6,225,0.107744
255,6.1,225,0.10954
255,6.2,225,0.111335
255,6.3,225,0.113131
255,6.4,225,0.114927
255,6.5,225,0.116723
255,6.6,225,0.118518
255,6.7,225,0.120314
255,6.8,225,0.12211
255,6.9,225,0.123906
255,7,225,0.125701
255,7.1,225,0.127497
255,7.2,225,0.129293
255,7.3,225,0.131089
255,7.4,225,0.132884
255,7.5,225,0.13468
255,7.6,225,0.136476
255,7.7,225,0.138271
255,7.8,225,0.140067
255,7.9,225,0.141863
255,8,225,0.143659
255,8.1,225,0.145454
255,8.2,225,0.14725
255,8.3,225,0.149046
255,8.4,225,0.150842
255,8.5,225,0.152637
255,8.6,225,0.154433
255,8.7,225,0.156229
255,8.8,225,0.158025
255,8.9,225,0.15982
255,9,225,0.161616
255,9.1,225,0.163412
255,9.2,225,0.165207
255,9.3,225,0.167003
255,9.4,225,0.168799
255,9.5,225,0.170595
255,9.6,225,0.17239
255,9.7,225,0.174186
255,9.8,225,0.175982
255,9.9,225,0.177778
255,10,225,0.179573
255,10.1,225,0.181369
255,10.2,225,0.183165
255,10.3,225,0.184961
255,10.4,225,0.186756
255,10.5,225,0.188552
255,10.6,225,0.190348
255,10.7,225,0.192144
255,10.8,225,0.193939
255,10.9,225,0.195735
255,11,225,0.197531
255,11.1,225,0.199326
255,11.2,225,0.201122
255,11.3,225,0.202918
255,11.4,225,0.204714
255,11.5,225,0.206509
255,11.6,225,0.208305
255,11.7,225,0.210101
255,11.8,225,0.211897
255,11.9,225,0.213692
255,12,225,0.215488
255,12.1,225,0.217284
255,12.2,225,0.21908
255,12.3,225,0.220875
255,12.4,225,0.222671
255,12.5,225,0.224467
255,12.6,225,0.226262
255,12.7,225,0.228058
255,12.8,225,0.229854
255,12.9,225,0.23165
255,13,225,0.233445
255,13.1,225,0.235241
255,13.2,225,0.237037
255,13.3,225,0.238833
255,13.4,225,0.240628
255,13.5,225,0.242424
255,13.6,225,0.24422
255,13.7,225,0.246016
255,13.8,225,0.247811
255,13.9,225,0.249607
255,14,225,0.251403
255,14.1,225,0.253198
255,14.2,225,0.254993
255,14.3,225,0.256788
255,14.4,225,0.258583
255,14.5,225,0.260378
255,14.6,225,0.262173
255,14.7,225,0.263968
255,14.8,225,0.265763
255,14.9,225,0.267558
255,15,225,0.269353
255,15.1,225,0.271148
255,15.2,225,0.272943
255,15.3,225,0.274738
255,15.4,225,0.276533
255,15.5,225,0.278328
255,15.6,225,0.280123
255,15.7,225,0.281918
255,15.8,225,0.283713
255,15.9,225,0.285508
255,16,225,0.287303
255,16.1,225,0.289098
255,16.2,225,0.290893
255,16.3,225,0.292688
255,16.4,225,0.294483
255,16.5,225,0.296277
255,16.6,225,0.298072
255,16.7,225,0.299867
255,16.8,225,0.301662
255,16.9,225,0.303457
255,17,225,0.305252
255,17.1,225,0.307047
255,17.2,225,0.308842
255,17.3,225,0.310637
255,17.4,225,0.312432
255,17.5,225,0.314227
255,17.6,225,0.316022
255,17.7,225,0.317817
255,17.8,225,0.319612
255,17.9,225,0.321407
255,18,225,0.323202
255,18.1,225,0.324997
255,18.2,225,0.326792
255,18.3,225,0.328587
255,18.4,225,0.330382
255,18.5,225,0.332177
255,18.6,225,0.333972
255,18.7,225,0.335767
255,18.8,225,0.337562
255,18.9,225,0.339357
255,19,225,0.341152
255,19.1,225,0.342947
255,19.2,225,0.344742
255,19.3,225,0.346537
255,19.4,225,0.348332
255,19.5,225,0.350127
255,19.6,225,0.351922
255,19.7,225,0.353717
255,19.8,225,0.355512
255,19.9,225,0.357307
255,20,225,0.359102
