x,y,z,b
280,0,250,6.97065e-09
280,0.1,250,0.000718646
280,0.2,250,0.00143728
280,0.3,250,0.00215592
280,0.4,250,0.00287456
280,0.5,250,0.0035932
280,0.6,250,0.00431184
280,0.7,250,0.00503048
280,0.8,250,0.00574912
280,0.9,250,0.00646775
280,1,250,0.00718639
280,1.1,250,0.00790503
280,1.2,250,0.00862367
280,1.3,250,0.00934231
280,1.4,250,0.0100609
280,1.5,250,0.0107796
280,1.6,250,0.0114982
280,1.7,250,0.0122169
280,1.8,250,0.0129355
280,1.9,250,0.0136541
280,2,250,0.0143728
280,2.1,250,0.0150914
280,2.2,250,0.0158101
280,2.3,250,0.0165287
280,2.4,250,0.0172473
280,2.5,250,0.017966
280,2.6,250,0.0186846
280,2.7,250,0.0194032
280,2.8,250,0.0201219
280,2.9,250,0.0208405
280,3,250,0.0215592
280,3.1,250,0.0222778
280,3.2,250,0.0229964
280,3.3,250,0.0237151
280,3.4,250,0.0244337
280,3.5,250,0.0251524
280,3.6,250,0.025871
280,3.7,250,0.0265896
280,3.8,250,0.0273083
280,3.9,250,0.0280269
280,4,250,0.0287455
280,4.1,250,0.0294642
280,4.2,250,0.0301828
280,4.3,250,0.0309015
280,4.4,250,0.0316201
280,4.5,250,0.0323387
280,4.6,250,0.0330574
280,4.7,250,0.033776
280,4.8,250,0.0344947
280,4.9,250,0.0352133
280,5,250,0.0359319
280,5.1,250,0.0366506
280,5.2,250,0.0373692
280,5.3,250,0.0380878
280,5.4,250,0.0388065
280,5.5,250,0.0395251
280,5.6,250,0.0402438
280,5.7,250,0.0409624
280,5.8,250,0.041681
280,5.9,250,0.0423997
280,6,250,0.0431183
280,6.1,250,0.043837
280,6.2,250,0.0445556
280,6.3,250,0.0452742
280,6.4,250,0.0459929
280,6.5,250,0.0467115
280,6.6,250,0.0474302
280,6.7,250,0.0481488
280,6.8,250,0.0488674
280,6.9,250,0.0495861
280,7,250,0.0503047
280,7.1,250,0.0510233
280,7.2,250,0.051742
280,7.3,250,0.0524606
280,7.4,250,0.0531793
280,7.5,250,0.0538979
280,7.6,250,0.0546165
280,7.7,250,0.0553352
280,7.8,250,0.0560538
280,7.9,250,0.0567725
280,8,250,0.0574911
280,8.1,250,0.0582097
280,8.2,250,0.0589284
280,8.3,250,0.059647
280,8.4,250,0.0603656
280,8.5,250,0.0610843
280,8.6,250,0.0618029
280,8.7,250,0.0625216
280,8.8,250,0.0632402
280,8.9,250,0.0639588
280,9,250,0.0646775
280,9.1,250,0.0653961
280,9.2,250,0.0661148
280,9.3,250,0.0668334
280,9.4,250,0.067552
280,9.5,250,0.0682707
280,9.6,250,0.0689893
280,9.7,250,0.0697079
280,9.8,250,0.0704266
280,9.9,250,0.0711452
280,10,250,0.0718639
280,10.1,250,0.0725825
280,10.2,250,0.0733011
280,10.3,250,0.0740198
280,10.4,250,0.0747384
280,10.5,250,0.0754571
280,10.6,250,0.0761757
280,10.7,250,0.0768943
280,10.8,250,0.077613
280,10.9,250,0.0783316
280,11,250,0.0790502
280,11.1,250,0.0797689
280,11.2,250,0.0804875
280,11.3,250,0.0812062
280,11.4,250,0.0819248
280,11.5,250,0.0826434
280,11.6,250,0.0833621
280,11.7,250,0.0840807
280,11.8,250,0.0847994
280,11.9,250,0.085518
280,12,250,0.0862366
280,12.1,250,0.0869553
280,12.2,250,0.0876739
280,12.3,250,0.0883925
280,12.4,250,0.0891112
280,12.5,250,0.0898298
280,12.6,250,0.0905485
280,12.7,250,0.0912671
280,12.8,250,0.0919857
280,12.9,250,0.0927044
280,13,250,0.093423
280,13.1,250,0.0941417
280,13.2,250,0.0948603
280,13.3,250,0.0955789
280,13.4,250,0.0962976
280,13.5,250,0.0970162
280,13.6,250,0.0977348
280,13.7,250,0.0984535
280,13.8,250,0.0991721
280,13.9,250,0.0998908
280,14,250,0.100609
280,14.1,250,0.101328
280,14.2,250,0.102047
280,14.3,250,0.102765
280,14.4,250,0.103484
280,14.5,250,0.104203
280,14.6,250,0.104921
280,14.7,250,0.10564
280,14.8,250,0.106359
280,14.9,250,0.107077
280,15,250,0.107796
280,15.1,250,0.108514
280,15.2,250,0.109233
280,15.3,250,0.109952
280,15.4,250,0.11067
280,15.5,250,0.111389
280,15.6,250,0.112108
280,15.7,250,0.112826
280,15.8,250,0.113544
280,15.9,250,0.114263
280,16,250,0.114981
280,16.1,250,0.1157
280,16.2,250,0.116418
280,16.3,250,0.117136
280,16.4,250,0.117855
280,16.5,250,0.118573
280,16.6,250,0.119292
280,16.7,250,0.12001
280,16.8,250,0.120728
280,16.9,250,0.121447
280,17,250,0.122165
280,17.1,250,0.122884
280,17.2,250,0.123602
280,17.3,250,0.12432
280,17.4,250,0.125039
280,17.5,250,0.125757
280,17.6,250,0.126476
280,17.7,250,0.127194
280,17.8,250,0.127912
280,17.9,250,0.128631
280,18,250,0.129349
280,18.1,250,0.130067
280,18.2,250,0.130786
280,18.3,250,0.131504
280,18.4,250,0.132223
280,18.5,250,0.132941
280,18.6,250,0.133659
280,18.7,250,0.134378
280,18.8,250,0.135096
280,18.9,250,0.135815
280,19,250,0.136533
280,19.1,250,0.137251
280,19.2,250,0.13797
280,19.3,250,0.138688
280,19.4,250,0.139407
280,19.5,250,0.140125
280,19.6,250,0.140843
280,19.7,250,0.141562
280,19.8,250,0.14228
280,19.9,250,0.142999
280,20,250,0.143717
