x,y,z,b
255,0,225,-2.0816e-06
255,0.1,225,0.00179683
255,0.2,225,0.00359574
255,0.3,225,0.00539465
255,0.4,225,0.00719355
255,0.5,225,0.00899246
255,0.6,225,0.0107914
255,0.7,225,0.0125903
255,0.8,225,0.0143892
255,0.9,225,0.0161881
255,1,225,0.017987
255,1.1,225,0.0197859
255,1.2,225,0.0215848
255,1.3,225,0.0233837
255,1.4,225,0.0251826
255,1.5,225,0.0269816
255,1.6,225,0.0287805
255,1.7,225,0.0305794
255,1.8,225,0.0323783
255,1.9,225,0.0341772
255,2,225,0.0359761
255,2.1,225,0.037775
255,2.2,225,0.0395739
255,2.3,225,0.0413728
255,2.4,225,0.0431717
255,2.5,225,0.0449706
255,2.6,225,0.0467695
255,2.7,225,0.0485685
255,2.8,225,0.0503674
255,2.9,225,0.0521663
255,3,225,0.0539652
255,3.1,225,0.0557641
255,3.2,225,0.057563
255,3.3,225,0.0593619
255,3.4,225,0.0611608
255,3.5,225,0.0629597
255,3.6,225,0.0647586
255,3.7,225,0.0665575
255,3.8,225,0.0683565
255,3.9,225,0.0701554
255,4,225,0.0719543
255,4.1,225,0.0737532
255,4.2,225,0.0755521
255,4.3,225,0.077351
255,4.4,225,0.0791499
255,4.5,225,0.0809488
255,4.6,225,0.0827477
255,4.7,225,0.0845466
255,4.8,225,0.0863455
255,4.9,225,0.0881445
255,5,225,0.0899434
255,5.1,225,0.0917423
255,5.2,225,0.0935412
255,5.3,225,0.0953401
255,5.4,225,0.097139
255,5.5,225,0.0989379
255,5.6,225,0.100737
255,5.7,225,0.102536
255,5.8,225,0.104335
255,5.9,225,0.106134
255,6,225,0.107932
255,6.1,225,0.109731
255,6.2,225,0.11153
255,6.3,225,0.113329
255,6.4,225,0.115128
255,6.5,225,0.116927
255,6.6,225,0.118726
255,6.7,225,0.120525
255,6.8,225,0.122324
255,6.9,225,0.124123
255,7,225,0.125922
255,7.1,225,0.12772
255,7.2,225,0.129519
255,7.3,225,0.131318
255,7.4,225,0.133117
255,7.5,225,0.134916
255,7.6,225,0.136715
255,7.7,225,0.138514
255,7.8,225,0.140313
255,7.9,225,0.142112
255,8,225,0.143911
255,8.1,225,0.14571
255,8.2,225,0.147508
255,8.3,225,0.149307
255,8.4,225,0.151106
255,8.5,225,0.152905
255,8.6,225,0.154704
255,8.7,225,0.156503
255,8.8,225,0.158302
255,8.9,225,0.160101
255,9,225,0.1619
255,9.1,225,0.163699
255,9.2,225,0.165498
255,9.3,225,0.167296
255,9.4,225,0.169095
255,9.5,225,0.170894
255,9.6,225,0.172693
255,9.7,225,0.174492
255,9.8,225,0.176291
255,9.9,225,0.17809
255,10,225,0.179889
255,10.1,225,0.181688
255,10.2,225,0.183487
255,10.3,225,0.185286
255,10.4,225,0.187084
255,10.5,225,0.188883
255,10.6,225,0.190682
255,10.7,225,0.192481
255,10.8,225,0.19428
255,10.9,225,0.196079
255,11,225,0.197878
255,11.1,225,0.199677
255,11.2,225,0.201476
255,11.3,225,0.203275
255,11.4,225,0.205074
255,11.5,225,0.206872
255,11.6,225,0.208671
255,11.7,225,0.21047
255,11.8,225,0.212269
255,11.9,225,0.214068
255,12,225,0.215867
255,12.1,225,0.217666
255,12.2,225,0.219465
255,12.3,225,0.221264
255,12.4,225,0.223063
255,12.5,225,0.224862
255,12.6,225,0.22666
255,12.7,225,0.228459
255,12.8,225,0.230258
255,12.9,225,0.232057
255,13,225,0.233856
255,13.1,225,0.235655
255,13.2,225,0.237454
255,13.3,225,0.239253
255,13.4,225,0.241052
255,13.5,225,0.242851
255,13.6,225,0.24465
255,13.7,225,0.246448
255,13.8,225,0.248247
255,13.9,225,0.250046
255,14,225,0.251845
255,14.1,225,0.25364
255,14.2,225,0.255427
255,14.3,225,0.257214
255,14.4,225,0.259002
255,14.5,225,0.260789
255,14.6,225,0.262577
255,14.7,225,0.264364
255,14.8,225,0.266151
255,14.9,225,0.267939
255,15,225,0.269726
255,15.1,225,0.271513
255,15.2,225,0.273301
255,15.3,225,0.275088
255,15.4,225,0.276875
255,15.5,225,0.278663
255,15.6,225,0.28045
255,15.7,225,0.282238
255,15.8,225,0.284025
255,15.9,225,0.285812
255,16,225,0.2876
255,16.1,225,0.289387
255,16.2,225,0.291174
255,16.3,225,0.292962
255,16.4,225,0.294749
255,16.5,225,0.296536
255,16.6,225,0.298324
255,16.7,225,0.300111
255,16.8,225,0.301898
255,16.9,225,0.303686
255,17,225,0.305473
255,17.1,225,0.307261
255,17.2,225,0.309048
255,17.3,225,0.310835
255,17.4,225,0.312623
255,17.5,225,0.31441
255,17.6,225,0.316197
255,17.7,225,0.317985
255,17.8,225,0.319772
255,17.9,225,0.321559
255,18,225,0.323347
255,18.1,225,0.325134
255,18.2,225,0.326922
255,18.3,225,0.328709
255,18.4,225,0.330496
255,18.5,225,0.332284
255,18.6,225,0.334071
255,18.7,225,0.335858
255,18.8,225,0.337646
255,18.9,225,0.339433
255,19,225,0.34122
255,19.1,225,0.343008
255,19.2,225,0.344795
255,19.3,225,0.346582
255,19.4,225,0.34837
255,19.5,225,0.350157
255,19.6,225,0.351945
255,19.7,225,0.353732
255,19.8,225,0.355519
255,19.9,225,0.357307
255,20,225,0.359094
