x,y,z,b
255,0,225,-1.63782e-08
255,0.1,225,0.0017968
255,0.2,225,0.00359362
255,0.3,225,0.00539044
255,0.4,225,0.00718726
255,0.5,225,0.00898408
255,0.6,225,0.0107809
255,0.7,225,0.0125777
255,0.8,225,0.0143745
255,0.9,225,0.0161714
255,1,225,0.0179682
255,1.1,225,0.019765
255,1.2,225,0.0215618
255,1.3,225,0.0233586
255,1.4,225,0.0251555
255,1.5,225,0.0269523
255,1.6,225,0.0287491
255,1.7,225,0.0305459
255,1.8,225,0.0323427
255,1.9,225,0.0341396
255,2,225,0.0359364
255,2.1,225,0.0377332
255,2.2,225,0.03953
255,2.3,225,0.0413268
255,2.4,225,0.0431237
255,2.5,225,0.0449205
255,2.6,225,0.0467173
255,2.7,225,0.0485141
255,2.8,225,0.0503109
255,2.9,225,0.0521078
255,3,225,0.0539046
255,3.1,225,0.0557014
255,3.2,225,0.0574982
255,3.3,225,0.059295
255,3.4,225,0.0610919
255,3.5,225,0.0628887
255,3.6,225,0.0646855
255,3.7,225,0.0664823
255,3.8,225,0.0682791
255,3.9,225,0.0700759
255,4,225,0.0718728
255,4.1,225,0.0736696
255,4.2,225,0.0754664
255,4.3,225,0.0772632
255,4.4,225,0.07906
255,4.5,225,0.0808569
255,4.6,225,0.0826537
255,4.7,225,0.0844505
255,4.8,225,0.0862473
255,4.9,225,0.0880441
255,5,225,0.089841
255,5.1,225,0.0916378
255,5.2,225,0.0934346
255,5.3,225,0.0952314
255,5.4,225,0.0970282
255,5.5,225,0.0988251
255,5.6,225,0.100622
255,5.7,225,0.102419
255,5.8,225,0.104216
255,5.9,225,0.106012
255,6,225,0.107809
255,6.1,225,0.109606
255,6.2,225,0.111403
255,6.3,225,0.1132
255,6.4,225,0.114996
255,6.5,225,0.116793
255,6.6,225,0.11859
255,6.7,225,0.120387
255,6.8,225,0.122184
255,6.9,225,0.123981
255,7,225,0.125777
255,7.1,225,0.127574
255,7.2,225,0.129371
255,7.3,225,0.131168
255,7.4,225,0.132965
255,7.5,225,0.134761
255,7.6,225,0.136558
255,7.7,225,0.138355
255,7.8,225,0.140152
255,7.9,225,0.141949
255,8,225,0.143746
255,8.1,225,0.145542
255,8.2,225,0.147339
255,8.3,225,0.149136
255,8.4,225,0.150933
255,8.5,225,0.15273
255,8.6,225,0.154526
255,8.7,225,0.156323
255,8.8,225,0.15812
255,8.9,225,0.159917
255,9,225,0.161714
255,9.1,225,0.163511
255,9.2,225,0.165307
255,9.3,225,0.167104
255,9.4,225,0.168901
255,9.5,225,0.170698
255,9.6,225,0.172495
255,9.7,225,0.174291
255,9.8,225,0.176088
255,9.9,225,0.177885
255,10,225,0.179682
255,10.1,225,0.181479
255,10.2,225,0.183276
255,10.3,225,0.185072
255,10.4,225,0.186869
255,10.5,225,0.188666
255,10.6,225,0.190463
255,10.7,225,0.19226
255,10.8,225,0.194057
255,10.9,225,0.195853
255,11,225,0.19765
255,11.1,225,0.199447
255,11.2,225,0.201244
255,11.3,225,0.203041
255,11.4,225,0.204837
255,11.5,225,0.206634
255,11.6,225,0.208431
255,11.7,225,0.210228
255,11.8,225,0.212025
255,11.9,225,0.213822
255,12,225,0.215618
255,12.1,225,0.217415
255,12.2,225,0.219212
255,12.3,225,0.221009
255,12.4,225,0.222806
255,12.5,225,0.224602
255,12.6,225,0.226399
255,12.7,225,0.228196
255,12.8,225,0.229993
255,12.9,225,0.23179
255,13,225,0.233587
255,13.1,225,0.235383
255,13.2,225,0.23718
255,13.3,225,0.238977
255,13.4,225,0.240774
255,13.5,225,0.242571
255,13.6,225,0.244367
255,13.7,225,0.246164
255,13.8,225,0.247961
255,13.9,225,0.249758
255,14,225,0.251555
255,14.1,225,0.253352
255,14.2,225,0.255149
255,14.3,225,0.256946
255,14.4,225,0.258743
255,14.5,225,0.26054
255,14.6,225,0.262337
255,14.7,225,0.264134
255,14.8,225,0.265932
255,14.9,225,0.267729
255,15,225,0.269526
255,15.1,225,0.271323
255,15.2,225,0.27312
255,15.3,225,0.274917
255,15.4,225,0.276714
255,15.5,225,0.278512
255,15.6,225,0.280309
255,15.7,225,0.282106
255,15.8,225,0.283903
255,15.9,225,0.2857
255,16,225,0.287497
255,16.1,225,0.289294
255,16.2,225,0.291091
255,16.3,225,0.292889
255,16.4,225,0.294686
255,16.5,225,0.296483
255,16.6,225,0.29828
255,16.7,225,0.300077
255,16.8,225,0.301874
255,16.9,225,0.303671
255,17,225,0.305468
255,17.1,225,0.307266
255,17.2,225,0.309063
255,17.3,225,0.31086
255,17.4,225,0.312657
255,17.5,225,0.314454
255,17.6,225,0.316251
255,17.7,225,0.318048
255,17.8,225,0.319846
255,17.9,225,0.321643
255,18,225,0.32344
255,18.1,225,0.325237
255,18.2,225,0.327034
255,18.3,225,0.328831
255,18.4,225,0.330628
255,18.5,225,0.332425
255,18.6,225,0.334223
255,18.7,225,0.33602
255,18.8,225,0.337817
255,18.9,225,0.339614
255,19,225,0.341411
255,19.1,225,0.343208
255,19.2,225,0.345005
255,19.3,225,0.346802
255,19.4,225,0.3486
255,19.5,225,0.350397
255,19.6,225,0.352194
255,19.7,225,0.353991
255,19.8,225,0.355788
255,19.9,225,0.357585
255,20,225,0.359382
