x,y,z,b
255,0,225,3.92337e-06
255,0.1,225,0.00179647
255,0.2,225,0.00358902
255,0.3,225,0.00538156
255,0.4,225,0.00717411
255,0.5,225,0.00896665
255,0.6,225,0.0107592
255,0.7,225,0.0125517
255,0.8,225,0.0143443
255,0.9,225,0.0161368
255,1,225,0.0179294
255,1.1,225,0.0197219
255,1.2,225,0.0215145
255,1.3,225,0.023307
255,1.4,225,0.0250996
255,1.5,225,0.0268921
255,1.6,225,0.0286847
255,1.7,225,0.0304772
255,1.8,225,0.0322698
255,1.9,225,0.0340623
255,2,225,0.0358548
255,2.1,225,0.0376474
255,2.2,225,0.0394399
255,2.3,225,0.0412325
255,2.4,225,0.043025
255,2.5,225,0.0448176
255,2.6,225,0.0466101
255,2.7,225,0.0484027
255,2.8,225,0.0501952
255,2.9,225,0.0519878
255,3,225,0.0537803
255,3.1,225,0.0555729
255,3.2,225,0.0573654
255,3.3,225,0.059158
255,3.4,225,0.0609505
255,3.5,225,0.062743
255,3.6,225,0.0645356
255,3.7,225,0.0663281
255,3.8,225,0.0681207
255,3.9,225,0.0699132
255,4,225,0.0717058
255,4.1,225,0.0734983
255,4.2,225,0.0752909
255,4.3,225,0.0770834
255,4.4,225,0.078876
255,4.5,225,0.0806685
255,4.6,225,0.0824611
255,4.7,225,0.0842536
255,4.8,225,0.0860461
255,4.9,225,0.0878387
255,5,225,0.0896312
255,5.1,225,0.0914238
255,5.2,225,0.0932163
255,5.3,225,0.0950089
255,5.4,225,0.0968014
255,5.5,225,0.098594
255,5.6,225,0.100387
255,5.7,225,0.102179
255,5.8,225,0.103972
255,5.9,225,0.105764
255,6,225,0.107557
255,6.1,225,0.109349
255,6.2,225,0.111142
255,6.3,225,0.112934
255,6.4,225,0.114727
255,6.5,225,0.116519
255,6.6,225,0.118312
255,6.7,225,0.120105
255,6.8,225,0.121897
255,6.9,225,0.12369
255,7,225,0.125482
255,7.1,225,0.127275
255,7.2,225,0.129067
255,7.3,225,0.13086
255,7.4,225,0.132652
255,7.5,225,0.134445
255,7.6,225,0.136237
255,7.7,225,0.13803
255,7.8,225,0.139823
255,7.9,225,0.141615
255,8,225,0.143408
255,8.1,225,0.1452
255,8.2,225,0.146993
255,8.3,225,0.148785
255,8.4,225,0.150578
255,8.5,225,0.15237
255,8.6,225,0.154163
255,8.7,225,0.155955
255,8.8,225,0.157748
255,8.9,225,0.159541
255,9,225,0.161333
255,9.1,225,0.163126
255,9.2,225,0.164918
255,9.3,225,0.166711
255,9.4,225,0.168503
255,9.5,225,0.170296
255,9.6,225,0.172088
255,9.7,225,0.173881
255,9.8,225,0.175673
255,9.9,225,0.177466
255,10,225,0.179259
255,10.1,225,0.181051
255,10.2,225,0.182844
255,10.3,225,0.184636
255,10.4,225,0.186429
255,10.5,225,0.188221
255,10.6,225,0.190014
255,10.7,225,0.191806
255,10.8,225,0.193599
255,10.9,225,0.195391
255,11,225,0.197184
255,11.1,225,0.198977
255,11.2,225,0.200769
255,11.3,225,0.202562
255,11.4,225,0.204354
255,11.5,225,0.206147
255,11.6,225,0.207939
255,11.7,225,0.209732
255,11.8,225,0.211524
255,11.9,225,0.213317
255,12,225,0.215109
255,12.1,225,0.216902
255,12.2,225,0.218695
255,12.3,225,0.220487
255,12.4,225,0.22228
255,12.5,225,0.224072
255,12.6,225,0.225865
255,12.7,225,0.227657
255,12.8,225,0.22945
255,12.9,225,0.231242
255,13,225,0.233035
255,13.1,225,0.234827
255,13.2,225,0.23662
255,13.3,225,0.238413
255,13.4,225,0.240205
255,13.5,225,0.241998
255,13.6,225,0.24379
255,13.7,225,0.245583
255,13.8,225,0.247375
255,13.9,225,0.249168
255,14,225,0.25096
255,14.1,225,0.252755
255,14.2,225,0.254554
255,14.3,225,0.256353
255,14.4,225,0.258151
255,14.5,225,0.25995
255,14.6,225,0.261748
255,14.7,225,0.263547
255,14.8,225,0.265346
255,14.9,225,0.267144
255,15,225,0.268943
255,15.1,225,0.270742
255,15.2,225,0.27254
255,15.3,225,0.274339
255,15.4,225,0.276138
255,15.5,225,0.277936
255,15.6,225,0.279735
255,15.7,225,0.281533
255,15.8,225,0.283332
255,15.9,225,0.285131
255,16,225,0.286929
255,16.1,225,0.288728
255,16.2,225,0.290527
255,16.3,225,0.292325
255,16.4,225,0.294124
255,16.5,225,0.295923
255,16.6,225,0.297721
255,16.7,225,0.29952
255,16.8,225,0.301319
255,16.9,225,0.303117
255,17,225,0.304916
255,17.1,225,0.306714
255,17.2,225,0.308513
255,17.3,225,0.310312
255,17.4,225,0.31211
255,17.5,225,0.313909
255,17.6,225,0.315708
255,17.7,225,0.317506
255,17.8,225,0.319305
255,17.9,225,0.321104
255,18,225,0.322902
255,18.1,225,0.324701
255,18.2,225,0.3265
255,18.3,225,0.328298
255,18.4,225,0.330097
255,18.5,225,0.331895
255,18.6,225,0.333694
255,18.7,225,0.335493
255,18.8,225,0.337291
255,18.9,225,0.33909
255,19,225,0.340889
255,19.1,225,0.342687
255,19.2,225,0.344486
255,19.3,225,0.346285
255,19.4,225,0.348083
255,19.5,225,0.349882
255,19.6,225,0.351681
255,19.7,225,0.353479
255,19.8,225,0.355278
255,19.9,225,0.357076
255,20,225,0.358875
