x,y,z,b
280,0,250,1.52141e-08
280,0.1,250,0.000718588
280,0.2,250,0.00143716
280,0.3,250,0.00215573
280,0.4,250,0.0028743
280,0.5,250,0.00359288
280,0.6,250,0.00431145
280,0.7,250,0.00503002
280,0.8,250,0.00574859
280,0.9,250,0.00646717
280,1,250,0.00718574
280,1.1,250,0.00790431
280,1.2,250,0.00862288
280,1.3,250,0.00934146
280,1.4,250,0.01006
280,1.5,250,0.0107786
280,1.6,250,0.0114972
280,1.7,250,0.0122157
280,1.8,250,0.0129343
280,1.9,250,0.0136529
280,2,250,0.0143715
280,2.1,250,0.01509
280,2.2,250,0.0158086
280,2.3,250,0.0165272
280,2.4,250,0.0172458
280,2.5,250,0.0179643
280,2.6,250,0.0186829
280,2.7,250,0.0194015
280,2.8,250,0.02012
280,2.9,250,0.0208386
280,3,250,0.0215572
280,3.1,250,0.0222758
280,3.2,250,0.0229943
280,3.3,250,0.0237129
280,3.4,250,0.0244315
280,3.5,250,0.02515
280,3.6,250,0.0258686
280,3.7,250,0.0265872
280,3.8,250,0.0273058
280,3.9,250,0.0280243
280,4,250,0.0287429
280,4.1,250,0.0294615
280,4.2,250,0.0301801
280,4.3,250,0.0308986
280,4.4,250,0.0316172
280,4.5,250,0.0323358
280,4.6,250,0.0330543
280,4.7,250,0.0337729
280,4.8,250,0.0344915
280,4.9,250,0.0352101
280,5,250,0.0359286
280,5.1,250,0.0366472
280,5.2,250,0.0373658
280,5.3,250,0.0380844
280,5.4,250,0.0388029
280,5.5,250,0.0395215
280,5.6,250,0.0402401
280,5.7,250,0.0409586
280,5.8,250,0.0416772
280,5.9,250,0.0423958
280,6,250,0.0431144
280,6.1,250,0.0438329
280,6.2,250,0.0445515
280,6.3,250,0.0452701
280,6.4,250,0.0459886
280,6.5,250,0.0467072
280,6.6,250,0.0474258
280,6.7,250,0.0481444
280,6.8,250,0.0488629
280,6.9,250,0.0495815
280,7,250,0.0503001
280,7.1,250,0.0510187
280,7.2,250,0.0517372
280,7.3,250,0.0524558
280,7.4,250,0.0531744
280,7.5,250,0.0538929
280,7.6,250,0.0546115
280,7.7,250,0.0553301
280,7.8,250,0.0560487
280,7.9,250,0.0567672
280,8,250,0.0574858
280,8.1,250,0.0582044
280,8.2,250,0.0589229
280,8.3,250,0.0596415
280,8.4,250,0.0603601
280,8.5,250,0.0610787
280,8.6,250,0.0617972
280,8.7,250,0.0625158
280,8.8,250,0.0632344
280,8.9,250,0.063953
280,9,250,0.0646715
280,9.1,250,0.0653901
280,9.2,250,0.0661087
280,9.3,250,0.0668272
280,9.4,250,0.0675458
280,9.5,250,0.0682644
280,9.6,250,0.068983
280,9.7,250,0.0697015
280,9.8,250,0.0704201
280,9.9,250,0.0711387
280,10,250,0.0718573
280,10.1,250,0.0725758
280,10.2,250,0.0732944
280,10.3,250,0.074013
280,10.4,250,0.0747315
280,10.5,250,0.0754501
280,10.6,250,0.0761687
280,10.7,250,0.0768873
280,10.8,250,0.0776058
280,10.9,250,0.0783244
280,11,250,0.079043
280,11.1,250,0.0797615
280,11.2,250,0.0804801
280,11.3,250,0.0811987
280,11.4,250,0.0819173
280,11.5,250,0.0826358
280,11.6,250,0.0833544
280,11.7,250,0.084073
280,11.8,250,0.0847916
280,11.9,250,0.0855101
280,12,250,0.0862287
280,12.1,250,0.0869473
280,12.2,250,0.0876658
280,12.3,250,0.0883844
280,12.4,250,0.089103
280,12.5,250,0.0898216
280,12.6,250,0.0905401
280,12.7,250,0.0912587
280,12.8,250,0.0919773
280,12.9,250,0.0926958
280,13,250,0.0934144
280,13.1,250,0.094133
280,13.2,250,0.0948516
280,13.3,250,0.0955701
280,13.4,250,0.0962887
280,13.5,250,0.0970073
280,13.6,250,0.0977259
280,13.7,250,0.0984444
280,13.8,250,0.099163
280,13.9,250,0.0998816
280,14,250,0.1006
280,14.1,250,0.101319
280,14.2,250,0.102037
280,14.3,250,0.102756
280,14.4,250,0.103474
280,14.5,250,0.104193
280,14.6,250,0.104912
280,14.7,250,0.10563
280,14.8,250,0.106349
280,14.9,250,0.107067
280,15,250,0.107786
280,15.1,250,0.108504
280,15.2,250,0.109223
280,15.3,250,0.109942
280,15.4,250,0.11066
280,15.5,250,0.111379
280,15.6,250,0.112097
280,15.7,250,0.112816
280,15.8,250,0.113535
280,15.9,250,0.114253
280,16,250,0.114972
280,16.1,250,0.11569
280,16.2,250,0.116409
280,16.3,250,0.117128
280,16.4,250,0.117846
280,16.5,250,0.118565
280,16.6,250,0.119284
280,16.7,250,0.120002
280,16.8,250,0.120721
280,16.9,250,0.12144
280,17,250,0.122158
280,17.1,250,0.122877
280,17.2,250,0.123596
280,17.3,250,0.124314
280,17.4,250,0.125033
280,17.5,250,0.125751
280,17.6,250,0.12647
280,17.7,250,0.127189
280,17.8,250,0.127907
280,17.9,250,0.128626
280,18,250,0.129345
280,18.1,250,0.130063
280,18.2,250,0.130782
280,18.3,250,0.131501
280,18.4,250,0.132219
280,18.5,250,0.132938
280,18.6,250,0.133656
280,18.7,250,0.134375
280,18.8,250,0.135094
280,18.9,250,0.135812
280,19,250,0.136531
280,19.1,250,0.13725
280,19.2,250,0.137968
280,19.3,250,0.138687
280,19.4,250,0.139406
280,19.5,250,0.140124
280,19.6,250,0.140843
280,19.7,250,0.141561
280,19.8,250,0.14228
280,19.9,250,0.142999
280,20,250,0.143717
