x,y,z,b
255,0,225,3.0778e-08
255,0.1,225,0.00179652
255,0.2,225,0.003593
255,0.3,225,0.00538948
255,0.4,225,0.00718597
255,0.5,225,0.00898245
255,0.6,225,0.0107789
255,0.7,225,0.0125754
255,0.8,225,0.0143719
255,0.9,225,0.0161684
255,1,225,0.0179649
255,1.1,225,0.0197614
255,1.2,225,0.0215578
255,1.3,225,0.0233543
255,1.4,225,0.0251508
255,1.5,225,0.0269473
255,1.6,225,0.0287438
255,1.7,225,0.0305403
255,1.8,225,0.0323368
255,1.9,225,0.0341332
255,2,225,0.0359297
255,2.1,225,0.0377262
255,2.2,225,0.0395227
255,2.3,225,0.0413192
255,2.4,225,0.0431157
255,2.5,225,0.0449121
255,2.6,225,0.0467086
255,2.7,225,0.0485051
255,2.8,225,0.0503016
255,2.9,225,0.0520981
255,3,225,0.0538946
255,3.1,225,0.0556911
255,3.2,225,0.0574875
255,3.3,225,0.059284
255,3.4,225,0.0610805
255,3.5,225,0.062877
255,3.6,225,0.0646735
255,3.7,225,0.06647
255,3.8,225,0.0682664
255,3.9,225,0.0700629
255,4,225,0.0718594
255,4.1,225,0.0736559
255,4.2,225,0.0754524
255,4.3,225,0.0772489
255,4.4,225,0.0790454
255,4.5,225,0.0808418
255,4.6,225,0.0826383
255,4.7,225,0.0844348
255,4.8,225,0.0862313
255,4.9,225,0.0880278
255,5,225,0.0898243
255,5.1,225,0.0916207
255,5.2,225,0.0934172
255,5.3,225,0.0952137
255,5.4,225,0.0970102
255,5.5,225,0.0988067
255,5.6,225,0.100603
255,5.7,225,0.1024
255,5.8,225,0.104196
255,5.9,225,0.105993
255,6,225,0.107789
255,6.1,225,0.109586
255,6.2,225,0.111382
255,6.3,225,0.113179
255,6.4,225,0.114975
255,6.5,225,0.116772
255,6.6,225,0.118568
255,6.7,225,0.120365
255,6.8,225,0.122161
255,6.9,225,0.123957
255,7,225,0.125754
255,7.1,225,0.12755
255,7.2,225,0.129347
255,7.3,225,0.131143
255,7.4,225,0.13294
255,7.5,225,0.134736
255,7.6,225,0.136533
255,7.7,225,0.138329
255,7.8,225,0.140126
255,7.9,225,0.141922
255,8,225,0.143719
255,8.1,225,0.145515
255,8.2,225,0.147312
255,8.3,225,0.149108
255,8.4,225,0.150905
255,8.5,225,0.152701
255,8.6,225,0.154498
255,8.7,225,0.156294
255,8.8,225,0.158091
255,8.9,225,0.159887
255,9,225,0.161684
255,9.1,225,0.16348
255,9.2,225,0.165277
255,9.3,225,0.167073
255,9.4,225,0.16887
255,9.5,225,0.170666
255,9.6,225,0.172463
255,9.7,225,0.174259
255,9.8,225,0.176056
255,9.9,225,0.177852
255,10,225,0.179648
255,10.1,225,0.181445
255,10.2,225,0.183241
255,10.3,225,0.185038
255,10.4,225,0.186834
255,10.5,225,0.188631
255,10.6,225,0.190427
255,10.7,225,0.192224
255,10.8,225,0.19402
255,10.9,225,0.195817
255,11,225,0.197613
255,11.1,225,0.19941
255,11.2,225,0.201206
255,11.3,225,0.203003
255,11.4,225,0.204799
255,11.5,225,0.206596
255,11.6,225,0.208392
255,11.7,225,0.210189
255,11.8,225,0.211985
255,11.9,225,0.213782
255,12,225,0.215578
255,12.1,225,0.217375
255,12.2,225,0.219171
255,12.3,225,0.220968
255,12.4,225,0.222764
255,12.5,225,0.224561
255,12.6,225,0.226357
255,12.7,225,0.228154
255,12.8,225,0.22995
255,12.9,225,0.231747
255,13,225,0.233543
255,13.1,225,0.23534
255,13.2,225,0.237136
255,13.3,225,0.238932
255,13.4,225,0.240729
255,13.5,225,0.242525
255,13.6,225,0.244322
255,13.7,225,0.246118
255,13.8,225,0.247915
255,13.9,225,0.249711
255,14,225,0.251508
255,14.1,225,0.253304
255,14.2,225,0.255101
255,14.3,225,0.256898
255,14.4,225,0.258695
255,14.5,225,0.260492
255,14.6,225,0.262289
255,14.7,225,0.264085
255,14.8,225,0.265882
255,14.9,225,0.267679
255,15,225,0.269476
255,15.1,225,0.271273
255,15.2,225,0.273069
255,15.3,225,0.274866
255,15.4,225,0.276663
255,15.5,225,0.27846
255,15.6,225,0.280257
255,15.7,225,0.282054
255,15.8,225,0.28385
255,15.9,225,0.285647
255,16,225,0.287444
255,16.1,225,0.289241
255,16.2,225,0.291038
255,16.3,225,0.292834
255,16.4,225,0.294631
255,16.5,225,0.296428
255,16.6,225,0.298225
255,16.7,225,0.300022
255,16.8,225,0.301819
255,16.9,225,0.303615
255,17,225,0.305412
255,17.1,225,0.307209
255,17.2,225,0.309006
255,17.3,225,0.310803
255,17.4,225,0.312599
255,17.5,225,0.314396
255,17.6,225,0.316193
255,17.7,225,0.31799
255,17.8,225,0.319787
255,17.9,225,0.321584
255,18,225,0.32338
255,18.1,225,0.325177
255,18.2,225,0.326974
255,18.3,225,0.328771
255,18.4,225,0.330568
255,18.5,225,0.332364
255,18.6,225,0.334161
255,18.7,225,0.335958
255,18.8,225,0.337755
255,18.9,225,0.339552
255,19,225,0.341349
255,19.1,225,0.343145
255,19.2,225,0.344942
255,19.3,225,0.346739
255,19.4,225,0.348536
255,19.5,225,0.350333
255,19.6,225,0.352129
255,19.7,225,0.353926
255,19.8,225,0.355723
255,19.9,225,0.35752
255,20,225,0.359317
