x,y,z,b
280,0,250,-1.47863e-07
280,0.1,250,0.000719555
280,0.2,250,0.00143926
280,0.3,250,0.00215896
280,0.4,250,0.00287866
280,0.5,250,0.00359836
280,0.6,250,0.00431807
280,0.7,250,0.00503777
280,0.8,250,0.00575747
280,0.9,250,0.00647717
280,1,250,0.00719688
280,1.1,250,0.00791658
280,1.2,250,0.00863628
280,1.3,250,0.00935598
280,1.4,250,0.0100757
280,1.5,250,0.0107954
280,1.6,250,0.0115151
280,1.7,250,0.0122348
280,1.8,250,0.0129545
280,1.9,250,0.0136742
280,2,250,0.0143939
280,2.1,250,0.0151136
280,2.2,250,0.0158333
280,2.3,250,0.016553
280,2.4,250,0.0172727
280,2.5,250,0.0179924
280,2.6,250,0.0187121
280,2.7,250,0.0194318
280,2.8,250,0.0201515
280,2.9,250,0.0208712
280,3,250,0.0215909
280,3.1,250,0.0223106
280,3.2,250,0.0230303
280,3.3,250,0.02375
280,3.4,250,0.0244697
280,3.5,250,0.0251894
280,3.6,250,0.0259091
280,3.7,250,0.0266288
280,3.8,250,0.0273485
280,3.9,250,0.0280682
280,4,250,0.0287879
280,4.1,250,0.0295077
280,4.2,250,0.0302274
280,4.3,250,0.0309471
280,4.4,250,0.0316668
280,4.5,250,0.0323865
280,4.6,250,0.0331062
280,4.7,250,0.0338259
280,4.8,250,0.0345456
280,4.9,250,0.0352653
280,5,250,0.035985
280,5.1,250,0.0367047
280,5.2,250,0.0374244
280,5.3,250,0.0381441
280,5.4,250,0.0388638
280,5.5,250,0.0395835
280,5.6,250,0.0403032
280,5.7,250,0.0410229
280,5.8,250,0.0417426
280,5.9,250,0.0424623
280,6,250,0.043182
280,6.1,250,0.0439017
280,6.2,250,0.0446214
280,6.3,250,0.0453411
280,6.4,250,0.0460608
280,6.5,250,0.0467805
280,6.6,250,0.0475002
280,6.7,250,0.0482199
280,6.8,250,0.0489396
280,6.9,250,0.0496593
280,7,250,0.050379
280,7.1,250,0.0510987
280,7.2,250,0.0518184
280,7.3,250,0.0525381
280,7.4,250,0.0532578
280,7.5,250,0.0539775
280,7.6,250,0.0546972
280,7.7,250,0.0554169
280,7.8,250,0.0561366
280,7.9,250,0.0568563
280,8,250,0.057576
280,8.1,250,0.0582957
280,8.2,250,0.0590154
280,8.3,250,0.0597352
280,8.4,250,0.0604549
280,8.5,250,0.0611746
280,8.6,250,0.0618943
280,8.7,250,0.062614
280,8.8,250,0.0633337
280,8.9,250,0.0640534
280,9,250,0.0647731
280,9.1,250,0.0654928
280,9.2,250,0.0662125
280,9.3,250,0.0669322
280,9.4,250,0.0676519
280,9.5,250,0.0683716
280,9.6,250,0.0690913
280,9.7,250,0.069811
280,9.8,250,0.0705307
280,9.9,250,0.0712504
280,10,250,0.0719701
280,10.1,250,0.0726898
280,10.2,250,0.0734095
280,10.3,250,0.0741292
280,10.4,250,0.0748489
280,10.5,250,0.0755686
280,10.6,250,0.0762883
280,10.7,250,0.077008
280,10.8,250,0.0777277
280,10.9,250,0.0784474
280,11,250,0.0791671
280,11.1,250,0.0798868
280,11.2,250,0.0806065
280,11.3,250,0.0813262
280,11.4,250,0.0820459
280,11.5,250,0.0827656
280,11.6,250,0.0834853
280,11.7,250,0.084205
280,11.8,250,0.0849247
280,11.9,250,0.0856444
280,12,250,0.0863641
280,12.1,250,0.0870838
280,12.2,250,0.0878035
280,12.3,250,0.0885232
280,12.4,250,0.089243
280,12.5,250,0.0899627
280,12.6,250,0.0906824
280,12.7,250,0.0914021
280,12.8,250,0.0921218
280,12.9,250,0.0928415
280,13,250,0.0935612
280,13.1,250,0.0942809
280,13.2,250,0.0950006
280,13.3,250,0.0957203
280,13.4,250,0.09644
280,13.5,250,0.0971597
280,13.6,250,0.0978794
280,13.7,250,0.0985991
280,13.8,250,0.0993188
280,13.9,250,0.100038
280,14,250,0.100758
280,14.1,250,0.101478
280,14.2,250,0.102198
280,14.3,250,0.102917
280,14.4,250,0.103637
280,14.5,250,0.104357
280,14.6,250,0.105076
280,14.7,250,0.105796
280,14.8,250,0.106516
280,14.9,250,0.107236
280,15,250,0.107955
280,15.1,250,0.108675
280,15.2,250,0.109395
280,15.3,250,0.110114
280,15.4,250,0.110834
280,15.5,250,0.111554
280,15.6,250,0.112273
280,15.7,250,0.112994
280,15.8,250,0.113714
280,15.9,250,0.114435
280,16,250,0.115155
280,16.1,250,0.115876
280,16.2,250,0.116596
280,16.3,250,0.117317
280,16.4,250,0.118037
280,16.5,250,0.118758
280,16.6,250,0.119478
280,16.7,250,0.120199
280,16.8,250,0.120919
280,16.9,250,0.12164
280,17,250,0.12236
280,17.1,250,0.123081
280,17.2,250,0.123801
280,17.3,250,0.124522
280,17.4,250,0.125242
280,17.5,250,0.125963
280,17.6,250,0.126683
280,17.7,250,0.127404
280,17.8,250,0.128124
280,17.9,250,0.128845
280,18,250,0.129565
280,18.1,250,0.130286
280,18.2,250,0.131006
280,18.3,250,0.131727
280,18.4,250,0.132447
280,18.5,250,0.133168
280,18.6,250,0.133888
280,18.7,250,0.134609
280,18.8,250,0.135329
280,18.9,250,0.13605
280,19,250,0.13677
280,19.1,250,0.137491
280,19.2,250,0.138211
280,19.3,250,0.138932
280,19.4,250,0.139653
280,19.5,250,0.140373
280,19.6,250,0.141094
280,19.7,250,0.141814
280,19.8,250,0.142535
280,19.9,250,0.143255
280,20,250,0.143976
