x,y,z,b
255,0,225,-2.6047e-07
255,0.1,225,0.00179857
255,0.2,225,0.0035974
255,0.3,225,0.00539623
255,0.4,225,0.00719507
255,0.5,225,0.0089939
255,0.6,225,0.0107927
255,0.7,225,0.0125916
255,0.8,225,0.0143904
255,0.9,225,0.0161892
255,1,225,0.0179881
255,1.1,225,0.0197869
255,1.2,225,0.0215857
255,1.3,225,0.0233845
255,1.4,225,0.0251834
255,1.5,225,0.0269822
255,1.6,225,0.028781
255,1.7,225,0.0305799
255,1.8,225,0.0323787
255,1.9,225,0.0341775
255,2,225,0.0359764
255,2.1,225,0.0377752
255,2.2,225,0.039574
255,2.3,225,0.0413729
255,2.4,225,0.0431717
255,2.5,225,0.0449705
255,2.6,225,0.0467694
255,2.7,225,0.0485682
255,2.8,225,0.050367
255,2.9,225,0.0521659
255,3,225,0.0539647
255,3.1,225,0.0557635
255,3.2,225,0.0575623
255,3.3,225,0.0593612
255,3.4,225,0.06116
255,3.5,225,0.0629588
255,3.6,225,0.0647577
255,3.7,225,0.0665565
255,3.8,225,0.0683553
255,3.9,225,0.0701542
255,4,225,0.071953
255,4.1,225,0.0737518
255,4.2,225,0.0755507
255,4.3,225,0.0773495
255,4.4,225,0.0791483
255,4.5,225,0.0809472
255,4.6,225,0.082746
255,4.7,225,0.0845448
255,4.8,225,0.0863437
255,4.9,225,0.0881425
255,5,225,0.0899413
255,5.1,225,0.0917401
255,5.2,225,0.093539
255,5.3,225,0.0953378
255,5.4,225,0.0971366
255,5.5,225,0.0989355
255,5.6,225,0.100734
255,5.7,225,0.102533
255,5.8,225,0.104332
255,5.9,225,0.106131
255,6,225,0.10793
255,6.1,225,0.109728
255,6.2,225,0.111527
255,6.3,225,0.113326
255,6.4,225,0.115125
255,6.5,225,0.116924
255,6.6,225,0.118723
255,6.7,225,0.120521
255,6.8,225,0.12232
255,6.9,225,0.124119
255,7,225,0.125918
255,7.1,225,0.127717
255,7.2,225,0.129516
255,7.3,225,0.131314
255,7.4,225,0.133113
255,7.5,225,0.134912
255,7.6,225,0.136711
255,7.7,225,0.13851
255,7.8,225,0.140309
255,7.9,225,0.142107
255,8,225,0.143906
255,8.1,225,0.145705
255,8.2,225,0.147504
255,8.3,225,0.149303
255,8.4,225,0.151102
255,8.5,225,0.1529
255,8.6,225,0.154699
255,8.7,225,0.156498
255,8.8,225,0.158297
255,8.9,225,0.160096
255,9,225,0.161895
255,9.1,225,0.163693
255,9.2,225,0.165492
255,9.3,225,0.167291
255,9.4,225,0.16909
255,9.5,225,0.170889
255,9.6,225,0.172688
255,9.7,225,0.174486
255,9.8,225,0.176285
255,9.9,225,0.178084
255,10,225,0.179883
255,10.1,225,0.181682
255,10.2,225,0.183481
255,10.3,225,0.185279
255,10.4,225,0.187078
255,10.5,225,0.188877
255,10.6,225,0.190676
255,10.7,225,0.192475
255,10.8,225,0.194274
255,10.9,225,0.196072
255,11,225,0.197871
255,11.1,225,0.19967
255,11.2,225,0.201469
255,11.3,225,0.203268
255,11.4,225,0.205067
255,11.5,225,0.206865
255,11.6,225,0.208664
255,11.7,225,0.210463
255,11.8,225,0.212262
255,11.9,225,0.214061
255,12,225,0.21586
255,12.1,225,0.217658
255,12.2,225,0.219457
255,12.3,225,0.221256
255,12.4,225,0.223055
255,12.5,225,0.224854
255,12.6,225,0.226653
255,12.7,225,0.228451
255,12.8,225,0.23025
255,12.9,225,0.232049
255,13,225,0.233848
255,13.1,225,0.235647
255,13.2,225,0.237445
255,13.3,225,0.239244
255,13.4,225,0.241043
255,13.5,225,0.242842
255,13.6,225,0.244641
255,13.7,225,0.24644
255,13.8,225,0.248238
255,13.9,225,0.250037
255,14,225,0.251836
255,14.1,225,0.253636
255,14.2,225,0.255439
255,14.3,225,0.257241
255,14.4,225,0.259044
255,14.5,225,0.260846
255,14.6,225,0.262649
255,14.7,225,0.264451
255,14.8,225,0.266254
255,14.9,225,0.268056
255,15,225,0.269859
255,15.1,225,0.271661
255,15.2,225,0.273464
255,15.3,225,0.275266
255,15.4,225,0.277069
255,15.5,225,0.278871
255,15.6,225,0.280674
255,15.7,225,0.282476
255,15.8,225,0.284279
255,15.9,225,0.286081
255,16,225,0.287884
255,16.1,225,0.289686
255,16.2,225,0.291489
255,16.3,225,0.293291
255,16.4,225,0.295093
255,16.5,225,0.296896
255,16.6,225,0.298698
255,16.7,225,0.300501
255,16.8,225,0.302303
255,16.9,225,0.304106
255,17,225,0.305908
255,17.1,225,0.307711
255,17.2,225,0.309513
255,17.3,225,0.311316
255,17.4,225,0.313118
255,17.5,225,0.314921
255,17.6,225,0.316723
255,17.7,225,0.318526
255,17.8,225,0.320328
255,17.9,225,0.322131
255,18,225,0.323933
255,18.1,225,0.325736
255,18.2,225,0.327538
255,18.3,225,0.329341
255,18.4,225,0.331143
255,18.5,225,0.332946
255,18.6,225,0.334748
255,18.7,225,0.336551
255,18.8,225,0.338353
255,18.9,225,0.340156
255,19,225,0.341958
255,19.1,225,0.343761
255,19.2,225,0.345563
255,19.3,225,0.347366
255,19.4,225,0.349168
255,19.5,225,0.35097
255,19.6,225,0.352773
255,19.7,225,0.354575
255,19.8,225,0.356378
255,19.9,225,0.35818
255,20,225,0.359983
