x,y,z,b
255,0,225,-2.95515e-08
255,0.1,225,0.00179688
255,0.2,225,0.00359378
255,0.3,225,0.00539069
255,0.4,225,0.0071876
255,0.5,225,0.0089845
255,0.6,225,0.0107814
255,0.7,225,0.0125783
255,0.8,225,0.0143752
255,0.9,225,0.0161721
255,1,225,0.017969
255,1.1,225,0.0197659
255,1.2,225,0.0215629
255,1.3,225,0.0233598
255,1.4,225,0.0251567
255,1.5,225,0.0269536
255,1.6,225,0.0287505
255,1.7,225,0.0305474
255,1.8,225,0.0323443
255,1.9,225,0.0341412
255,2,225,0.0359381
255,2.1,225,0.037735
255,2.2,225,0.0395319
255,2.3,225,0.0413288
255,2.4,225,0.0431257
255,2.5,225,0.0449226
255,2.6,225,0.0467195
255,2.7,225,0.0485165
255,2.8,225,0.0503134
255,2.9,225,0.0521103
255,3,225,0.0539072
255,3.1,225,0.0557041
255,3.2,225,0.057501
255,3.3,225,0.0592979
255,3.4,225,0.0610948
255,3.5,225,0.0628917
255,3.6,225,0.0646886
255,3.7,225,0.0664855
255,3.8,225,0.0682824
255,3.9,225,0.0700793
255,4,225,0.0718762
255,4.1,225,0.0736731
255,4.2,225,0.0754701
255,4.3,225,0.077267
255,4.4,225,0.0790639
255,4.5,225,0.0808608
255,4.6,225,0.0826577
255,4.7,225,0.0844546
255,4.8,225,0.0862515
255,4.9,225,0.0880484
255,5,225,0.0898453
255,5.1,225,0.0916422
255,5.2,225,0.0934391
255,5.3,225,0.095236
255,5.4,225,0.0970329
255,5.5,225,0.0988298
255,5.6,225,0.100627
255,5.7,225,0.102424
255,5.8,225,0.104221
255,5.9,225,0.106017
255,6,225,0.107814
255,6.1,225,0.109611
255,6.2,225,0.111408
255,6.3,225,0.113205
255,6.4,225,0.115002
255,6.5,225,0.116799
255,6.6,225,0.118596
255,6.7,225,0.120393
255,6.8,225,0.12219
255,6.9,225,0.123987
255,7,225,0.125783
255,7.1,225,0.12758
255,7.2,225,0.129377
255,7.3,225,0.131174
255,7.4,225,0.132971
255,7.5,225,0.134768
255,7.6,225,0.136565
255,7.7,225,0.138362
255,7.8,225,0.140159
255,7.9,225,0.141956
255,8,225,0.143753
255,8.1,225,0.145549
255,8.2,225,0.147346
255,8.3,225,0.149143
255,8.4,225,0.15094
255,8.5,225,0.152737
255,8.6,225,0.154534
255,8.7,225,0.156331
255,8.8,225,0.158128
255,8.9,225,0.159925
255,9,225,0.161722
255,9.1,225,0.163518
255,9.2,225,0.165315
255,9.3,225,0.167112
255,9.4,225,0.168909
255,9.5,225,0.170706
255,9.6,225,0.172503
255,9.7,225,0.1743
255,9.8,225,0.176097
255,9.9,225,0.177894
255,10,225,0.179691
255,10.1,225,0.181488
255,10.2,225,0.183284
255,10.3,225,0.185081
255,10.4,225,0.186878
255,10.5,225,0.188675
255,10.6,225,0.190472
255,10.7,225,0.192269
255,10.8,225,0.194066
255,10.9,225,0.195863
255,11,225,0.19766
255,11.1,225,0.199457
255,11.2,225,0.201254
255,11.3,225,0.20305
255,11.4,225,0.204847
255,11.5,225,0.206644
255,11.6,225,0.208441
255,11.7,225,0.210238
255,11.8,225,0.212035
255,11.9,225,0.213832
255,12,225,0.215629
255,12.1,225,0.217426
255,12.2,225,0.219223
255,12.3,225,0.22102
255,12.4,225,0.222816
255,12.5,225,0.224613
255,12.6,225,0.22641
255,12.7,225,0.228207
255,12.8,225,0.230004
255,12.9,225,0.231801
255,13,225,0.233598
255,13.1,225,0.235395
255,13.2,225,0.237192
255,13.3,225,0.238989
255,13.4,225,0.240785
255,13.5,225,0.242582
255,13.6,225,0.244379
255,13.7,225,0.246176
255,13.8,225,0.247973
255,13.9,225,0.24977
255,14,225,0.251567
255,14.1,225,0.253364
255,14.2,225,0.255161
255,14.3,225,0.256958
255,14.4,225,0.258755
255,14.5,225,0.260553
255,14.6,225,0.26235
255,14.7,225,0.264147
255,14.8,225,0.265944
255,14.9,225,0.267741
255,15,225,0.269539
255,15.1,225,0.271336
255,15.2,225,0.273133
255,15.3,225,0.27493
255,15.4,225,0.276727
255,15.5,225,0.278525
255,15.6,225,0.280322
255,15.7,225,0.282119
255,15.8,225,0.283916
255,15.9,225,0.285713
255,16,225,0.28751
255,16.1,225,0.289308
255,16.2,225,0.291105
255,16.3,225,0.292902
255,16.4,225,0.294699
255,16.5,225,0.296496
255,16.6,225,0.298294
255,16.7,225,0.300091
255,16.8,225,0.301888
255,16.9,225,0.303685
255,17,225,0.305482
255,17.1,225,0.30728
255,17.2,225,0.309077
255,17.3,225,0.310874
255,17.4,225,0.312671
255,17.5,225,0.314468
255,17.6,225,0.316265
255,17.7,225,0.318063
255,17.8,225,0.31986
255,17.9,225,0.321657
255,18,225,0.323454
255,18.1,225,0.325251
255,18.2,225,0.327049
255,18.3,225,0.328846
255,18.4,225,0.330643
255,18.5,225,0.33244
255,18.6,225,0.334237
255,18.7,225,0.336035
255,18.8,225,0.337832
255,18.9,225,0.339629
255,19,225,0.341426
255,19.1,225,0.343223
255,19.2,225,0.34502
255,19.3,225,0.346818
255,19.4,225,0.348615
255,19.5,225,0.350412
255,19.6,225,0.352209
255,19.7,225,0.354006
255,19.8,225,0.355804
255,19.9,225,0.357601
255,20,225,0.359398
