x,y,z,b
255,0,225,-1.12769e-06
255,0.1,225,0.00179677
255,0.2,225,0.00359467
255,0.3,225,0.00539257
255,0.4,225,0.00719046
255,0.5,225,0.00898836
255,0.6,225,0.0107863
255,0.7,225,0.0125842
255,0.8,225,0.0143821
255,0.9,225,0.01618
255,1,225,0.0179779
255,1.1,225,0.0197758
255,1.2,225,0.0215737
255,1.3,225,0.0233715
255,1.4,225,0.0251694
255,1.5,225,0.0269673
255,1.6,225,0.0287652
255,1.7,225,0.0305631
255,1.8,225,0.032361
255,1.9,225,0.0341589
255,2,225,0.0359568
255,2.1,225,0.0377547
255,2.2,225,0.0395526
255,2.3,225,0.0413505
255,2.4,225,0.0431484
255,2.5,225,0.0449463
255,2.6,225,0.0467442
255,2.7,225,0.0485421
255,2.8,225,0.05034
255,2.9,225,0.0521379
255,3,225,0.0539358
255,3.1,225,0.0557337
255,3.2,225,0.0575316
255,3.3,225,0.0593295
255,3.4,225,0.0611274
255,3.5,225,0.0629253
255,3.6,225,0.0647232
255,3.7,225,0.0665211
255,3.8,225,0.068319
255,3.9,225,0.0701169
255,4,225,0.0719148
255,4.1,225,0.0737127
255,4.2,225,0.0755106
255,4.3,225,0.0773085
255,4.4,225,0.0791064
255,4.5,225,0.0809043
255,4.6,225,0.0827022
255,4.7,225,0.0845001
255,4.8,225,0.086298
255,4.9,225,0.0880959
255,5,225,0.0898938
255,5.1,225,0.0916917
255,5.2,225,0.0934896
255,5.3,225,0.0952875
255,5.4,225,0.0970854
255,5.5,225,0.0988833
255,5.6,225,0.100681
255,5.7,225,0.102479
255,5.8,225,0.104277
255,5.9,225,0.106075
255,6,225,0.107873
255,6.1,225,0.109671
255,6.2,225,0.111469
255,6.3,225,0.113266
255,6.4,225,0.115064
255,6.5,225,0.116862
255,6.6,225,0.11866
255,6.7,225,0.120458
255,6.8,225,0.122256
255,6.9,225,0.124054
255,7,225,0.125852
255,7.1,225,0.12765
255,7.2,225,0.129448
255,7.3,225,0.131245
255,7.4,225,0.133043
255,7.5,225,0.134841
255,7.6,225,0.136639
255,7.7,225,0.138437
255,7.8,225,0.140235
255,7.9,225,0.142033
255,8,225,0.143831
255,8.1,225,0.145629
255,8.2,225,0.147427
255,8.3,225,0.149224
255,8.4,225,0.151022
255,8.5,225,0.15282
255,8.6,225,0.154618
255,8.7,225,0.156416
255,8.8,225,0.158214
255,8.9,225,0.160012
255,9,225,0.16181
255,9.1,225,0.163608
255,9.2,225,0.165406
255,9.3,225,0.167203
255,9.4,225,0.169001
255,9.5,225,0.170799
255,9.6,225,0.172597
255,9.7,225,0.174395
255,9.8,225,0.176193
255,9.9,225,0.177991
255,10,225,0.179789
255,10.1,225,0.181587
255,10.2,225,0.183384
255,10.3,225,0.185182
255,10.4,225,0.18698
255,10.5,225,0.188778
255,10.6,225,0.190576
255,10.7,225,0.192374
255,10.8,225,0.194172
255,10.9,225,0.19597
255,11,225,0.197768
255,11.1,225,0.199566
255,11.2,225,0.201363
255,11.3,225,0.203161
255,11.4,225,0.204959
255,11.5,225,0.206757
255,11.6,225,0.208555
255,11.7,225,0.210353
255,11.8,225,0.212151
255,11.9,225,0.213949
255,12,225,0.215747
255,12.1,225,0.217545
255,12.2,225,0.219342
255,12.3,225,0.22114
255,12.4,225,0.222938
255,12.5,225,0.224736
255,12.6,225,0.226534
255,12.7,225,0.228332
255,12.8,225,0.23013
255,12.9,225,0.231928
255,13,225,0.233726
255,13.1,225,0.235524
255,13.2,225,0.237321
255,13.3,225,0.239119
255,13.4,225,0.240917
255,13.5,225,0.242715
255,13.6,225,0.244513
255,13.7,225,0.246311
255,13.8,225,0.248109
255,13.9,225,0.249907
255,14,225,0.251705
255,14.1,225,0.253498
255,14.2,225,0.255285
255,14.3,225,0.257071
255,14.4,225,0.258858
255,14.5,225,0.260644
255,14.6,225,0.262431
255,14.7,225,0.264218
255,14.8,225,0.266004
255,14.9,225,0.267791
255,15,225,0.269577
255,15.1,225,0.271364
255,15.2,225,0.27315
255,15.3,225,0.274937
255,15.4,225,0.276723
255,15.5,225,0.27851
255,15.6,225,0.280297
255,15.7,225,0.282083
255,15.8,225,0.28387
255,15.9,225,0.285656
255,16,225,0.287443
255,16.1,225,0.289229
255,16.2,225,0.291016
255,16.3,225,0.292802
255,16.4,225,0.294589
255,16.5,225,0.296376
255,16.6,225,0.298162
255,16.7,225,0.299949
255,16.8,225,0.301735
255,16.9,225,0.303522
255,17,225,0.305308
255,17.1,225,0.307095
255,17.2,225,0.308881
255,17.3,225,0.310668
255,17.4,225,0.312454
255,17.5,225,0.314241
255,17.6,225,0.316028
255,17.7,225,0.317814
255,17.8,225,0.319601
255,17.9,225,0.321387
255,18,225,0.323174
255,18.1,225,0.32496
255,18.2,225,0.326747
255,18.3,225,0.328533
255,18.4,225,0.33032
255,18.5,225,0.332107
255,18.6,225,0.333893
255,18.7,225,0.33568
255,18.8,225,0.337466
255,18.9,225,0.339253
255,19,225,0.341039
255,19.1,225,0.342826
255,19.2,225,0.344612
255,19.3,225,0.346399
255,19.4,225,0.348186
255,19.5,225,0.349972
255,19.6,225,0.351759
255,19.7,225,0.353545
255,19.8,225,0.355332
255,19.9,225,0.357118
255,20,225,0.358905
