x,y,z,b
255,0,225,-8.46102e-06
255,0.1,225,0.00179721
255,0.2,225,0.00360288
255,0.3,225,0.00540854
255,0.4,225,0.00721421
255,0.5,225,0.00901988
255,0.6,225,0.0108255
255,0.7,225,0.0126312
255,0.8,225,0.0144369
255,0.9,225,0.0162426
255,1,225,0.0180482
255,1.1,225,0.0198539
255,1.2,225,0.0216596
255,1.3,225,0.0234652
255,1.4,225,0.0252709
255,1.5,225,0.0270766
255,1.6,225,0.0288822
255,1.7,225,0.0306879
255,1.8,225,0.0324936
255,1.9,225,0.0342992
255,2,225,0.0361049
255,2.1,225,0.0379106
255,2.2,225,0.0397162
255,2.3,225,0.0415219
255,2.4,225,0.0433276
255,2.5,225,0.0451332
255,2.6,225,0.0469389
255,2.7,225,0.0487446
255,2.8,225,0.0505502
255,2.9,225,0.0523559
255,3,225,0.0541616
255,3.1,225,0.0559673
255,3.2,225,0.0577729
255,3.3,225,0.0595786
255,3.4,225,0.0613843
255,3.5,225,0.0631899
255,3.6,225,0.0649956
255,3.7,225,0.0668013
255,3.8,225,0.0686069
255,3.9,225,0.0704126
255,4,225,0.0722183
255,4.1,225,0.0740239
255,4.2,225,0.0758296
255,4.3,225,0.0776353
255,4.4,225,0.0794409
255,4.5,225,0.0812466
255,4.6,225,0.0830523
255,4.7,225,0.0848579
255,4.8,225,0.0866636
255,4.9,225,0.0884693
255,5,225,0.0902749
255,5.1,225,0.0920806
255,5.2,225,0.0938863
255,5.3,225,0.095692
255,5.4,225,0.0974976
255,5.5,225,0.0993033
255,5.6,225,0.101109
255,5.7,225,0.102915
255,5.8,225,0.10472
255,5.9,225,0.106526
255,6,225,0.108332
255,6.1,225,0.110137
255,6.2,225,0.111943
255,6.3,225,0.113749
255,6.4,225,0.115554
255,6.5,225,0.11736
255,6.6,225,0.119166
255,6.7,225,0.120971
255,6.8,225,0.122777
255,6.9,225,0.124583
255,7,225,0.126388
255,7.1,225,0.128194
255,7.2,225,0.13
255,7.3,225,0.131805
255,7.4,225,0.133611
255,7.5,225,0.135417
255,7.6,225,0.137222
255,7.7,225,0.139028
255,7.8,225,0.140834
255,7.9,225,0.142639
255,8,225,0.144445
255,8.1,225,0.146251
255,8.2,225,0.148056
255,8.3,225,0.149862
255,8.4,225,0.151668
255,8.5,225,0.153473
255,8.6,225,0.155279
255,8.7,225,0.157085
255,8.8,225,0.15889
255,8.9,225,0.160696
255,9,225,0.162502
255,9.1,225,0.164307
255,9.2,225,0.166113
255,9.3,225,0.167919
255,9.4,225,0.169724
255,9.5,225,0.17153
255,9.6,225,0.173336
255,9.7,225,0.175141
255,9.8,225,0.176947
255,9.9,225,0.178753
255,10,225,0.180558
255,10.1,225,0.182364
255,10.2,225,0.18417
255,10.3,225,0.185975
255,10.4,225,0.187781
255,10.5,225,0.189587
255,10.6,225,0.191392
255,10.7,225,0.193198
255,10.8,225,0.195004
255,10.9,225,0.196809
255,11,225,0.198615
255,11.1,225,0.200421
255,11.2,225,0.202226
255,11.3,225,0.204032
255,11.4,225,0.205838
255,11.5,225,0.207643
255,11.6,225,0.209449
255,11.7,225,0.211255
255,11.8,225,0.21306
255,11.9,225,0.214866
255,12,225,0.216672
255,12.1,225,0.218477
255,12.2,225,0.220283
255,12.3,225,0.222089
255,12.4,225,0.223894
255,12.5,225,0.2257
255,12.6,225,0.227506
255,12.7,225,0.229311
255,12.8,225,0.231117
255,12.9,225,0.232923
255,13,225,0.234728
255,13.1,225,0.236534
255,13.2,225,0.23834
255,13.3,225,0.240145
255,13.4,225,0.241951
255,13.5,225,0.243757
255,13.6,225,0.245562
255,13.7,225,0.247368
255,13.8,225,0.249174
255,13.9,225,0.250979
255,14,225,0.252785
255,14.1,225,0.254587
255,14.2,225,0.256384
255,14.3,225,0.25818
255,14.4,225,0.259976
255,14.5,225,0.261772
255,14.6,225,0.263569
255,14.7,225,0.265365
255,14.8,225,0.267161
255,14.9,225,0.268958
255,15,225,0.270754
255,15.1,225,0.27255
255,15.2,225,0.274346
255,15.3,225,0.276143
255,15.4,225,0.277939
255,15.5,225,0.279735
255,15.6,225,0.281532
255,15.7,225,0.283328
255,15.8,225,0.285124
255,15.9,225,0.28692
255,16,225,0.288717
255,16.1,225,0.290513
255,16.2,225,0.292309
255,16.3,225,0.294106
255,16.4,225,0.295902
255,16.5,225,0.297698
255,16.6,225,0.299494
255,16.7,225,0.301291
255,16.8,225,0.303087
255,16.9,225,0.304883
255,17,225,0.30668
255,17.1,225,0.308476
255,17.2,225,0.310272
255,17.3,225,0.312068
255,17.4,225,0.313865
255,17.5,225,0.315661
255,17.6,225,0.317457
255,17.7,225,0.319254
255,17.8,225,0.32105
255,17.9,225,0.322846
255,18,225,0.324642
255,18.1,225,0.326439
255,18.2,225,0.328235
255,18.3,225,0.330031
255,18.4,225,0.331828
255,18.5,225,0.333624
255,18.6,225,0.33542
255,18.7,225,0.337216
255,18.8,225,0.339013
255,18.9,225,0.340809
255,19,225,0.342605
255,19.1,225,0.344402
255,19.2,225,0.346198
255,19.3,225,0.347994
255,19.4,225,0.34979
255,19.5,225,0.351587
255,19.6,225,0.353383
255,19.7,225,0.355179
255,19.8,225,0.356976
255,19.9,225,0.358772
255,20,225,0.360568
