x,y,z,b
255,0,225,-9.61069e-06
255,0.1,225,0.00179728
255,0.2,225,0.00360416
255,0.3,225,0.00541105
255,0.4,225,0.00721793
255,0.5,225,0.00902482
255,0.6,225,0.0108317
255,0.7,225,0.0126386
255,0.8,225,0.0144455
255,0.9,225,0.0162524
255,1,225,0.0180593
255,1.1,225,0.0198661
255,1.2,225,0.021673
255,1.3,225,0.0234799
255,1.4,225,0.0252868
255,1.5,225,0.0270937
255,1.6,225,0.0289006
255,1.7,225,0.0307075
255,1.8,225,0.0325143
255,1.9,225,0.0343212
255,2,225,0.0361281
255,2.1,225,0.037935
255,2.2,225,0.0397419
255,2.3,225,0.0415488
255,2.4,225,0.0433557
255,2.5,225,0.0451625
255,2.6,225,0.0469694
255,2.7,225,0.0487763
255,2.8,225,0.0505832
255,2.9,225,0.0523901
255,3,225,0.054197
255,3.1,225,0.0560039
255,3.2,225,0.0578108
255,3.3,225,0.0596176
255,3.4,225,0.0614245
255,3.5,225,0.0632314
255,3.6,225,0.0650383
255,3.7,225,0.0668452
255,3.8,225,0.0686521
255,3.9,225,0.070459
255,4,225,0.0722658
255,4.1,225,0.0740727
255,4.2,225,0.0758796
255,4.3,225,0.0776865
255,4.4,225,0.0794934
255,4.5,225,0.0813003
255,4.6,225,0.0831072
255,4.7,225,0.084914
255,4.8,225,0.0867209
255,4.9,225,0.0885278
255,5,225,0.0903347
255,5.1,225,0.0921416
255,5.2,225,0.0939485
255,5.3,225,0.0957554
255,5.4,225,0.0975623
255,5.5,225,0.0993691
255,5.6,225,0.101176
255,5.7,225,0.102983
255,5.8,225,0.10479
255,5.9,225,0.106597
255,6,225,0.108404
255,6.1,225,0.11021
255,6.2,225,0.112017
255,6.3,225,0.113824
255,6.4,225,0.115631
255,6.5,225,0.117438
255,6.6,225,0.119245
255,6.7,225,0.121052
255,6.8,225,0.122859
255,6.9,225,0.124666
255,7,225,0.126472
255,7.1,225,0.128279
255,7.2,225,0.130086
255,7.3,225,0.131893
255,7.4,225,0.1337
255,7.5,225,0.135507
255,7.6,225,0.137314
255,7.7,225,0.139121
255,7.8,225,0.140928
255,7.9,225,0.142734
255,8,225,0.144541
255,8.1,225,0.146348
255,8.2,225,0.148155
255,8.3,225,0.149962
255,8.4,225,0.151769
255,8.5,225,0.153576
255,8.6,225,0.155383
255,8.7,225,0.15719
255,8.8,225,0.158996
255,8.9,225,0.160803
255,9,225,0.16261
255,9.1,225,0.164417
255,9.2,225,0.166224
255,9.3,225,0.168031
255,9.4,225,0.169838
255,9.5,225,0.171645
255,9.6,225,0.173451
255,9.7,225,0.175258
255,9.8,225,0.177065
255,9.9,225,0.178872
255,10,225,0.180679
255,10.1,225,0.182486
255,10.2,225,0.184293
255,10.3,225,0.1861
255,10.4,225,0.187907
255,10.5,225,0.189713
255,10.6,225,0.19152
255,10.7,225,0.193327
255,10.8,225,0.195134
255,10.9,225,0.196941
255,11,225,0.198748
255,11.1,225,0.200555
255,11.2,225,0.202362
255,11.3,225,0.204169
255,11.4,225,0.205975
255,11.5,225,0.207782
255,11.6,225,0.209589
255,11.7,225,0.211396
255,11.8,225,0.213203
255,11.9,225,0.21501
255,12,225,0.216817
255,12.1,225,0.218624
255,12.2,225,0.220431
255,12.3,225,0.222237
255,12.4,225,0.224044
255,12.5,225,0.225851
255,12.6,225,0.227658
255,12.7,225,0.229465
255,12.8,225,0.231272
255,12.9,225,0.233079
255,13,225,0.234886
255,13.1,225,0.236693
255,13.2,225,0.238499
255,13.3,225,0.240306
255,13.4,225,0.242113
255,13.5,225,0.24392
255,13.6,225,0.245727
255,13.7,225,0.247534
255,13.8,225,0.249341
255,13.9,225,0.251148
255,14,225,0.252954
255,14.1,225,0.25476
255,14.2,225,0.256563
255,14.3,225,0.258366
255,14.4,225,0.260169
255,14.5,225,0.261971
255,14.6,225,0.263774
255,14.7,225,0.265577
255,14.8,225,0.26738
255,14.9,225,0.269183
255,15,225,0.270986
255,15.1,225,0.272789
255,15.2,225,0.274592
255,15.3,225,0.276395
255,15.4,225,0.278197
255,15.5,225,0.28
255,15.6,225,0.281803
255,15.7,225,0.283606
255,15.8,225,0.285409
255,15.9,225,0.287212
255,16,225,0.289015
255,16.1,225,0.290818
255,16.2,225,0.292621
255,16.3,225,0.294423
255,16.4,225,0.296226
255,16.5,225,0.298029
255,16.6,225,0.299832
255,16.7,225,0.301635
255,16.8,225,0.303438
255,16.9,225,0.305241
255,17,225,0.307044
255,17.1,225,0.308847
255,17.2,225,0.310649
255,17.3,225,0.312452
255,17.4,225,0.314255
255,17.5,225,0.316058
255,17.6,225,0.317861
255,17.7,225,0.319664
255,17.8,225,0.321467
255,17.9,225,0.32327
255,18,225,0.325073
255,18.1,225,0.326876
255,18.2,225,0.328678
255,18.3,225,0.330481
255,18.4,225,0.332284
255,18.5,225,0.334087
255,18.6,225,0.33589
255,18.7,225,0.337693
255,18.8,225,0.339496
255,18.9,225,0.341299
255,19,225,0.343102
255,19.1,225,0.344904
255,19.2,225,0.346707
255,19.3,225,0.34851
255,19.4,225,0.350313
255,19.5,225,0.352116
255,19.6,225,0.353919
255,19.7,225,0.355722
255,19.8,225,0.357525
255,19.9,225,0.359328
255,20,225,0.36113
