x,y,z,b
255,0,225,8.23302e-08
255,0.1,225,0.00179611
255,0.2,225,0.00359214
255,0.3,225,0.00538817
255,0.4,225,0.0071842
255,0.5,225,0.00898024
255,0.6,225,0.0107763
255,0.7,225,0.0125723
255,0.8,225,0.0143683
255,0.9,225,0.0161644
255,1,225,0.0179604
255,1.1,225,0.0197564
255,1.2,225,0.0215524
255,1.3,225,0.0233485
255,1.4,225,0.0251445
255,1.5,225,0.0269405
255,1.6,225,0.0287366
255,1.7,225,0.0305326
255,1.8,225,0.0323286
255,1.9,225,0.0341247
255,2,225,0.0359207
255,2.1,225,0.0377167
255,2.2,225,0.0395128
255,2.3,225,0.0413088
255,2.4,225,0.0431048
255,2.5,225,0.0449008
255,2.6,225,0.0466969
255,2.7,225,0.0484929
255,2.8,225,0.0502889
255,2.9,225,0.052085
255,3,225,0.053881
255,3.1,225,0.055677
255,3.2,225,0.0574731
255,3.3,225,0.0592691
255,3.4,225,0.0610651
255,3.5,225,0.0628612
255,3.6,225,0.0646572
255,3.7,225,0.0664532
255,3.8,225,0.0682492
255,3.9,225,0.0700453
255,4,225,0.0718413
255,4.1,225,0.0736373
255,4.2,225,0.0754334
255,4.3,225,0.0772294
255,4.4,225,0.0790254
255,4.5,225,0.0808215
255,4.6,225,0.0826175
255,4.7,225,0.0844135
255,4.8,225,0.0862096
255,4.9,225,0.0880056
255,5,225,0.0898016
255,5.1,225,0.0915976
255,5.2,225,0.0933937
255,5.3,225,0.0951897
255,5.4,225,0.0969857
255,5.5,225,0.0987818
255,5.6,225,0.100578
255,5.7,225,0.102374
255,5.8,225,0.10417
255,5.9,225,0.105966
255,6,225,0.107762
255,6.1,225,0.109558
255,6.2,225,0.111354
255,6.3,225,0.11315
255,6.4,225,0.114946
255,6.5,225,0.116742
255,6.6,225,0.118538
255,6.7,225,0.120334
255,6.8,225,0.12213
255,6.9,225,0.123926
255,7,225,0.125722
255,7.1,225,0.127518
255,7.2,225,0.129314
255,7.3,225,0.13111
255,7.4,225,0.132906
255,7.5,225,0.134702
255,7.6,225,0.136498
255,7.7,225,0.138294
255,7.8,225,0.14009
255,7.9,225,0.141887
255,8,225,0.143683
255,8.1,225,0.145479
255,8.2,225,0.147275
255,8.3,225,0.149071
255,8.4,225,0.150867
255,8.5,225,0.152663
255,8.6,225,0.154459
255,8.7,225,0.156255
255,8.8,225,0.158051
255,8.9,225,0.159847
255,9,225,0.161643
255,9.1,225,0.163439
255,9.2,225,0.165235
255,9.3,225,0.167031
255,9.4,225,0.168827
255,9.5,225,0.170623
255,9.6,225,0.172419
255,9.7,225,0.174215
255,9.8,225,0.176011
255,9.9,225,0.177807
255,10,225,0.179603
255,10.1,225,0.181399
255,10.2,225,0.183195
255,10.3,225,0.184991
255,10.4,225,0.186787
255,10.5,225,0.188583
255,10.6,225,0.190379
255,10.7,225,0.192175
255,10.8,225,0.193971
255,10.9,225,0.195767
255,11,225,0.197563
255,11.1,225,0.199359
255,11.2,225,0.201156
255,11.3,225,0.202952
255,11.4,225,0.204748
255,11.5,225,0.206544
255,11.6,225,0.20834
255,11.7,225,0.210136
255,11.8,225,0.211932
255,11.9,225,0.213728
255,12,225,0.215524
255,12.1,225,0.21732
255,12.2,225,0.219116
255,12.3,225,0.220912
255,12.4,225,0.222708
255,12.5,225,0.224504
255,12.6,225,0.2263
255,12.7,225,0.228096
255,12.8,225,0.229892
255,12.9,225,0.231688
255,13,225,0.233484
255,13.1,225,0.23528
255,13.2,225,0.237076
255,13.3,225,0.238872
255,13.4,225,0.240668
255,13.5,225,0.242464
255,13.6,225,0.24426
255,13.7,225,0.246056
255,13.8,225,0.247852
255,13.9,225,0.249648
255,14,225,0.251444
255,14.1,225,0.25324
255,14.2,225,0.255035
255,14.3,225,0.25683
255,14.4,225,0.258625
255,14.5,225,0.26042
255,14.6,225,0.262215
255,14.7,225,0.264011
255,14.8,225,0.265806
255,14.9,225,0.267601
255,15,225,0.269396
255,15.1,225,0.271191
255,15.2,225,0.272986
255,15.3,225,0.274781
255,15.4,225,0.276576
255,15.5,225,0.278371
255,15.6,225,0.280166
255,15.7,225,0.281961
255,15.8,225,0.283757
255,15.9,225,0.285552
255,16,225,0.287347
255,16.1,225,0.289142
255,16.2,225,0.290937
255,16.3,225,0.292732
255,16.4,225,0.294527
255,16.5,225,0.296322
255,16.6,225,0.298117
255,16.7,225,0.299912
255,16.8,225,0.301707
255,16.9,225,0.303502
255,17,225,0.305298
255,17.1,225,0.307093
255,17.2,225,0.308888
255,17.3,225,0.310683
255,17.4,225,0.312478
255,17.5,225,0.314273
255,17.6,225,0.316068
255,17.7,225,0.317863
255,17.8,225,0.319658
255,17.9,225,0.321453
255,18,225,0.323248
255,18.1,225,0.325044
255,18.2,225,0.326839
255,18.3,225,0.328634
255,18.4,225,0.330429
255,18.5,225,0.332224
255,18.6,225,0.334019
255,18.7,225,0.335814
255,18.8,225,0.337609
255,18.9,225,0.339404
255,19,225,0.341199
255,19.1,225,0.342994
255,19.2,225,0.34479
255,19.3,225,0.346585
255,19.4,225,0.34838
255,19.5,225,0.350175
255,19.6,225,0.35197
255,19.7,225,0.353765
255,19.8,225,0.35556
255,19.9,225,0.357355
255,20,225,0.35915
