x,y,z,b
255,0,225,6.95102e-06
255,0.1,225,0.00179629
255,0.2,225,0.00358563
255,0.3,225,0.00537497
255,0.4,225,0.0071643
255,0.5,225,0.00895364
255,0.6,225,0.010743
255,0.7,225,0.0125323
255,0.8,225,0.0143217
255,0.9,225,0.016111
255,1,225,0.0179003
255,1.1,225,0.0196897
255,1.2,225,0.021479
255,1.3,225,0.0232683
255,1.4,225,0.0250577
255,1.5,225,0.026847
255,1.6,225,0.0286364
255,1.7,225,0.0304257
255,1.8,225,0.032215
255,1.9,225,0.0340044
255,2,225,0.0357937
255,2.1,225,0.0375831
255,2.2,225,0.0393724
255,2.3,225,0.0411617
255,2.4,225,0.0429511
255,2.5,225,0.0447404
255,2.6,225,0.0465297
255,2.7,225,0.0483191
255,2.8,225,0.0501084
255,2.9,225,0.0518978
255,3,225,0.0536871
255,3.1,225,0.0554764
255,3.2,225,0.0572658
255,3.3,225,0.0590551
255,3.4,225,0.0608445
255,3.5,225,0.0626338
255,3.6,225,0.0644231
255,3.7,225,0.0662125
255,3.8,225,0.0680018
255,3.9,225,0.0697911
255,4,225,0.0715805
255,4.1,225,0.0733698
255,4.2,225,0.0751592
255,4.3,225,0.0769485
255,4.4,225,0.0787378
255,4.5,225,0.0805272
255,4.6,225,0.0823165
255,4.7,225,0.0841059
255,4.8,225,0.0858952
255,4.9,225,0.0876845
255,5,225,0.0894739
255,5.1,225,0.0912632
255,5.2,225,0.0930525
255,5.3,225,0.0948419
255,5.4,225,0.0966312
255,5.5,225,0.0984206
255,5.6,225,0.10021
255,5.7,225,0.101999
255,5.8,225,0.103789
255,5.9,225,0.105578
255,6,225,0.107367
255,6.1,225,0.109157
255,6.2,225,0.110946
255,6.3,225,0.112735
255,6.4,225,0.114525
255,6.5,225,0.116314
255,6.6,225,0.118103
255,6.7,225,0.119893
255,6.8,225,0.121682
255,6.9,225,0.123471
255,7,225,0.125261
255,7.1,225,0.12705
255,7.2,225,0.128839
255,7.3,225,0.130629
255,7.4,225,0.132418
255,7.5,225,0.134207
255,7.6,225,0.135997
255,7.7,225,0.137786
255,7.8,225,0.139575
255,7.9,225,0.141365
255,8,225,0.143154
255,8.1,225,0.144943
255,8.2,225,0.146733
255,8.3,225,0.148522
255,8.4,225,0.150311
255,8.5,225,0.152101
255,8.6,225,0.15389
255,8.7,225,0.155679
255,8.8,225,0.157469
255,8.9,225,0.159258
255,9,225,0.161047
255,9.1,225,0.162837
255,9.2,225,0.164626
255,9.3,225,0.166415
255,9.4,225,0.168205
255,9.5,225,0.169994
255,9.6,225,0.171783
255,9.7,225,0.173573
255,9.8,225,0.175362
255,9.9,225,0.177151
255,10,225,0.178941
255,10.1,225,0.18073
255,10.2,225,0.182519
255,10.3,225,0.184309
255,10.4,225,0.186098
255,10.5,225,0.187887
255,10.6,225,0.189677
255,10.7,225,0.191466
255,10.8,225,0.193255
255,10.9,225,0.195045
255,11,225,0.196834
255,11.1,225,0.198624
255,11.2,225,0.200413
255,11.3,225,0.202202
255,11.4,225,0.203992
255,11.5,225,0.205781
255,11.6,225,0.20757
255,11.7,225,0.20936
255,11.8,225,0.211149
255,11.9,225,0.212938
255,12,225,0.214728
255,12.1,225,0.216517
255,12.2,225,0.218306
255,12.3,225,0.220096
255,12.4,225,0.221885
255,12.5,225,0.223674
255,12.6,225,0.225464
255,12.7,225,0.227253
255,12.8,225,0.229042
255,12.9,225,0.230832
255,13,225,0.232621
255,13.1,225,0.23441
255,13.2,225,0.2362
255,13.3,225,0.237989
255,13.4,225,0.239778
255,13.5,225,0.241568
255,13.6,225,0.243357
255,13.7,225,0.245146
255,13.8,225,0.246936
255,13.9,225,0.248725
255,14,225,0.250514
255,14.1,225,0.252305
255,14.2,225,0.254098
255,14.3,225,0.25589
255,14.4,225,0.257683
255,14.5,225,0.259475
255,14.6,225,0.261268
255,14.7,225,0.263061
255,14.8,225,0.264853
255,14.9,225,0.266646
255,15,225,0.268438
255,15.1,225,0.270231
255,15.2,225,0.272024
255,15.3,225,0.273816
255,15.4,225,0.275609
255,15.5,225,0.277402
255,15.6,225,0.279194
255,15.7,225,0.280987
255,15.8,225,0.282779
255,15.9,225,0.284572
255,16,225,0.286365
255,16.1,225,0.288157
255,16.2,225,0.28995
255,16.3,225,0.291743
255,16.4,225,0.293535
255,16.5,225,0.295328
255,16.6,225,0.29712
255,16.7,225,0.298913
255,16.8,225,0.300706
255,16.9,225,0.302498
255,17,225,0.304291
255,17.1,225,0.306083
255,17.2,225,0.307876
255,17.3,225,0.309669
255,17.4,225,0.311461
255,17.5,225,0.313254
255,17.6,225,0.315047
255,17.7,225,0.316839
255,17.8,225,0.318632
255,17.9,225,0.320424
255,18,225,0.322217
255,18.1,225,0.32401
255,18.2,225,0.325802
255,18.3,225,0.327595
255,18.4,225,0.329388
255,18.5,225,0.33118
255,18.6,225,0.332973
255,18.7,225,0.334765
255,18.8,225,0.336558
255,18.9,225,0.338351
255,19,225,0.340143
255,19.1,225,0.341936
255,19.2,225,0.343728
255,19.3,225,0.345521
255,19.4,225,0.347314
255,19.5,225,0.349106
255,19.6,225,0.350899
255,19.7,225,0.352692
255,19.8,225,0.354484
255,19.9,225,0.356277
255,20,225,0.358069
