x,y,z,b
255,0,225,-9.63843e-06
255,0.1,225,0.00179728
255,0.2,225,0.00360419
255,0.3,225,0.00541111
255,0.4,225,0.00721802
255,0.5,225,0.00902494
255,0.6,225,0.0108319
255,0.7,225,0.0126388
255,0.8,225,0.0144457
255,0.9,225,0.0162526
255,1,225,0.0180595
255,1.1,225,0.0198664
255,1.2,225,0.0216734
255,1.3,225,0.0234803
255,1.4,225,0.0252872
255,1.5,225,0.0270941
255,1.6,225,0.028901
255,1.7,225,0.0307079
255,1.8,225,0.0325148
255,1.9,225,0.0343218
255,2,225,0.0361287
255,2.1,225,0.0379356
255,2.2,225,0.0397425
255,2.3,225,0.0415494
255,2.4,225,0.0433563
255,2.5,225,0.0451633
255,2.6,225,0.0469702
255,2.7,225,0.0487771
255,2.8,225,0.050584
255,2.9,225,0.0523909
255,3,225,0.0541978
255,3.1,225,0.0560047
255,3.2,225,0.0578117
255,3.3,225,0.0596186
255,3.4,225,0.0614255
255,3.5,225,0.0632324
255,3.6,225,0.0650393
255,3.7,225,0.0668462
255,3.8,225,0.0686532
255,3.9,225,0.0704601
255,4,225,0.072267
255,4.1,225,0.0740739
255,4.2,225,0.0758808
255,4.3,225,0.0776877
255,4.4,225,0.0794947
255,4.5,225,0.0813016
255,4.6,225,0.0831085
255,4.7,225,0.0849154
255,4.8,225,0.0867223
255,4.9,225,0.0885292
255,5,225,0.0903361
255,5.1,225,0.0921431
255,5.2,225,0.09395
255,5.3,225,0.0957569
255,5.4,225,0.0975638
255,5.5,225,0.0993707
255,5.6,225,0.101178
255,5.7,225,0.102985
255,5.8,225,0.104791
255,5.9,225,0.106598
255,6,225,0.108405
255,6.1,225,0.110212
255,6.2,225,0.112019
255,6.3,225,0.113826
255,6.4,225,0.115633
255,6.5,225,0.11744
255,6.6,225,0.119247
255,6.7,225,0.121054
255,6.8,225,0.122861
255,6.9,225,0.124668
255,7,225,0.126474
255,7.1,225,0.128281
255,7.2,225,0.130088
255,7.3,225,0.131895
255,7.4,225,0.133702
255,7.5,225,0.135509
255,7.6,225,0.137316
255,7.7,225,0.139123
255,7.8,225,0.14093
255,7.9,225,0.142737
255,8,225,0.144544
255,8.1,225,0.146351
255,8.2,225,0.148157
255,8.3,225,0.149964
255,8.4,225,0.151771
255,8.5,225,0.153578
255,8.6,225,0.155385
255,8.7,225,0.157192
255,8.8,225,0.158999
255,8.9,225,0.160806
255,9,225,0.162613
255,9.1,225,0.16442
255,9.2,225,0.166227
255,9.3,225,0.168034
255,9.4,225,0.16984
255,9.5,225,0.171647
255,9.6,225,0.173454
255,9.7,225,0.175261
255,9.8,225,0.177068
255,9.9,225,0.178875
255,10,225,0.180682
255,10.1,225,0.182489
255,10.2,225,0.184296
255,10.3,225,0.186103
255,10.4,225,0.18791
255,10.5,225,0.189717
255,10.6,225,0.191523
255,10.7,225,0.19333
255,10.8,225,0.195137
255,10.9,225,0.196944
255,11,225,0.198751
255,11.1,225,0.200558
255,11.2,225,0.202365
255,11.3,225,0.204172
255,11.4,225,0.205979
255,11.5,225,0.207786
255,11.6,225,0.209593
255,11.7,225,0.2114
255,11.8,225,0.213206
255,11.9,225,0.215013
255,12,225,0.21682
255,12.1,225,0.218627
255,12.2,225,0.220434
255,12.3,225,0.222241
255,12.4,225,0.224048
255,12.5,225,0.225855
255,12.6,225,0.227662
255,12.7,225,0.229469
255,12.8,225,0.231276
255,12.9,225,0.233082
255,13,225,0.234889
255,13.1,225,0.236696
255,13.2,225,0.238503
255,13.3,225,0.24031
255,13.4,225,0.242117
255,13.5,225,0.243924
255,13.6,225,0.245731
255,13.7,225,0.247538
255,13.8,225,0.249345
255,13.9,225,0.251152
255,14,225,0.252959
255,14.1,225,0.254764
255,14.2,225,0.256565
255,14.3,225,0.258367
255,14.4,225,0.260169
255,14.5,225,0.261971
255,14.6,225,0.263773
255,14.7,225,0.265575
255,14.8,225,0.267377
255,14.9,225,0.269179
255,15,225,0.27098
255,15.1,225,0.272782
255,15.2,225,0.274584
255,15.3,225,0.276386
255,15.4,225,0.278188
255,15.5,225,0.27999
255,15.6,225,0.281792
255,15.7,225,0.283594
255,15.8,225,0.285395
255,15.9,225,0.287197
255,16,225,0.288999
255,16.1,225,0.290801
255,16.2,225,0.292603
255,16.3,225,0.294405
255,16.4,225,0.296207
255,16.5,225,0.298009
255,16.6,225,0.29981
255,16.7,225,0.301612
255,16.8,225,0.303414
255,16.9,225,0.305216
255,17,225,0.307018
255,17.1,225,0.30882
255,17.2,225,0.310622
255,17.3,225,0.312424
255,17.4,225,0.314225
255,17.5,225,0.316027
255,17.6,225,0.317829
255,17.7,225,0.319631
255,17.8,225,0.321433
255,17.9,225,0.323235
255,18,225,0.325037
255,18.1,225,0.326839
255,18.2,225,0.32864
255,18.3,225,0.330442
255,18.4,225,0.332244
255,18.5,225,0.334046
255,18.6,225,0.335848
255,18.7,225,0.33765
255,18.8,225,0.339452
255,18.9,225,0.341253
255,19,225,0.343055
255,19.1,225,0.344857
255,19.2,225,0.346659
255,19.3,225,0.348461
255,19.4,225,0.350263
255,19.5,225,0.352065
255,19.6,225,0.353867
255,19.7,225,0.355668
255,19.8,225,0.35747
255,19.9,225,0.359272
255,20,225,0.361074
