x,y,z,b
280,0,250,-1.67536e-11
280,0.1,250,0.000718681
280,0.2,250,0.00143736
280,0.3,250,0.00215604
280,0.4,250,0.00287473
280,0.5,250,0.00359341
280,0.6,250,0.00431209
280,0.7,250,0.00503077
280,0.8,250,0.00574945
280,0.9,250,0.00646813
280,1,250,0.00718681
280,1.1,250,0.00790549
280,1.2,250,0.00862418
280,1.3,250,0.00934286
280,1.4,250,0.0100615
280,1.5,250,0.0107802
280,1.6,250,0.0114989
280,1.7,250,0.0122176
280,1.8,250,0.0129363
280,1.9,250,0.0136549
280,2,250,0.0143736
280,2.1,250,0.0150923
280,2.2,250,0.015811
280,2.3,250,0.0165297
280,2.4,250,0.0172484
280,2.5,250,0.017967
280,2.6,250,0.0186857
280,2.7,250,0.0194044
280,2.8,250,0.0201231
280,2.9,250,0.0208418
280,3,250,0.0215604
280,3.1,250,0.0222791
280,3.2,250,0.0229978
280,3.3,250,0.0237165
280,3.4,250,0.0244352
280,3.5,250,0.0251538
280,3.6,250,0.0258725
280,3.7,250,0.0265912
280,3.8,250,0.0273099
280,3.9,250,0.0280286
280,4,250,0.0287473
280,4.1,250,0.0294659
280,4.2,250,0.0301846
280,4.3,250,0.0309033
280,4.4,250,0.031622
280,4.5,250,0.0323407
280,4.6,250,0.0330593
280,4.7,250,0.033778
280,4.8,250,0.0344967
280,4.9,250,0.0352154
280,5,250,0.0359341
280,5.1,250,0.0366527
280,5.2,250,0.0373714
280,5.3,250,0.0380901
280,5.4,250,0.0388088
280,5.5,250,0.0395275
280,5.6,250,0.0402462
280,5.7,250,0.0409648
280,5.8,250,0.0416835
280,5.9,250,0.0424022
280,6,250,0.0431209
280,6.1,250,0.0438396
280,6.2,250,0.0445582
280,6.3,250,0.0452769
280,6.4,250,0.0459956
280,6.5,250,0.0467143
280,6.6,250,0.047433
280,6.7,250,0.0481517
280,6.8,250,0.0488703
280,6.9,250,0.049589
280,7,250,0.0503077
280,7.1,250,0.0510264
280,7.2,250,0.0517451
280,7.3,250,0.0524637
280,7.4,250,0.0531824
280,7.5,250,0.0539011
280,7.6,250,0.0546198
280,7.7,250,0.0553385
280,7.8,250,0.0560571
280,7.9,250,0.0567758
280,8,250,0.0574945
280,8.1,250,0.0582132
280,8.2,250,0.0589319
280,8.3,250,0.0596506
280,8.4,250,0.0603692
280,8.5,250,0.0610879
280,8.6,250,0.0618066
280,8.7,250,0.0625253
280,8.8,250,0.063244
280,8.9,250,0.0639626
280,9,250,0.0646813
280,9.1,250,0.0654
280,9.2,250,0.0661187
280,9.3,250,0.0668374
280,9.4,250,0.067556
280,9.5,250,0.0682747
280,9.6,250,0.0689934
280,9.7,250,0.0697121
280,9.8,250,0.0704308
280,9.9,250,0.0711495
280,10,250,0.0718681
280,10.1,250,0.0725868
280,10.2,250,0.0733055
280,10.3,250,0.0740242
280,10.4,250,0.0747429
280,10.5,250,0.0754615
280,10.6,250,0.0761802
280,10.7,250,0.0768989
280,10.8,250,0.0776176
280,10.9,250,0.0783363
280,11,250,0.0790549
280,11.1,250,0.0797736
280,11.2,250,0.0804923
280,11.3,250,0.081211
280,11.4,250,0.0819297
280,11.5,250,0.0826484
280,11.6,250,0.083367
280,11.7,250,0.0840857
280,11.8,250,0.0848044
280,11.9,250,0.0855231
280,12,250,0.0862418
280,12.1,250,0.0869604
280,12.2,250,0.0876791
280,12.3,250,0.0883978
280,12.4,250,0.0891165
280,12.5,250,0.0898352
280,12.6,250,0.0905539
280,12.7,250,0.0912725
280,12.8,250,0.0919912
280,12.9,250,0.0927099
280,13,250,0.0934286
280,13.1,250,0.0941473
280,13.2,250,0.0948659
280,13.3,250,0.0955846
280,13.4,250,0.0963033
280,13.5,250,0.097022
280,13.6,250,0.0977407
280,13.7,250,0.0984593
280,13.8,250,0.099178
280,13.9,250,0.0998967
280,14,250,0.100615
280,14.1,250,0.101334
280,14.2,250,0.102053
280,14.3,250,0.102771
280,14.4,250,0.10349
280,14.5,250,0.104209
280,14.6,250,0.104927
280,14.7,250,0.105646
280,14.8,250,0.106365
280,14.9,250,0.107084
280,15,250,0.107802
280,15.1,250,0.108521
280,15.2,250,0.10924
280,15.3,250,0.109958
280,15.4,250,0.110677
280,15.5,250,0.111396
280,15.6,250,0.112114
280,15.7,250,0.112833
280,15.8,250,0.113552
280,15.9,250,0.11427
280,16,250,0.114989
280,16.1,250,0.115708
280,16.2,250,0.116426
280,16.3,250,0.117145
280,16.4,250,0.117864
280,16.5,250,0.118582
280,16.6,250,0.119301
280,16.7,250,0.12002
280,16.8,250,0.120738
280,16.9,250,0.121457
280,17,250,0.122176
280,17.1,250,0.122895
280,17.2,250,0.123613
280,17.3,250,0.124332
280,17.4,250,0.125051
280,17.5,250,0.125769
280,17.6,250,0.126488
280,17.7,250,0.127207
280,17.8,250,0.127925
280,17.9,250,0.128644
280,18,250,0.129363
280,18.1,250,0.130081
280,18.2,250,0.1308
280,18.3,250,0.131519
280,18.4,250,0.132237
280,18.5,250,0.132956
280,18.6,250,0.133675
280,18.7,250,0.134393
280,18.8,250,0.135112
280,18.9,250,0.135831
280,19,250,0.136549
280,19.1,250,0.137268
280,19.2,250,0.137987
280,19.3,250,0.138706
280,19.4,250,0.139424
280,19.5,250,0.140143
280,19.6,250,0.140862
280,19.7,250,0.14158
280,19.8,250,0.142299
280,19.9,250,0.143018
280,20,250,0.143736
