x,y,z,b
280,0,250,6.54757e-08
280,0.1,250,0.000718446
280,0.2,250,0.00143683
280,0.3,250,0.00215521
280,0.4,250,0.00287359
280,0.5,250,0.00359197
280,0.6,250,0.00431035
280,0.7,250,0.00502873
280,0.8,250,0.00574711
280,0.9,250,0.00646549
280,1,250,0.00718387
280,1.1,250,0.00790225
280,1.2,250,0.00862063
280,1.3,250,0.00933901
280,1.4,250,0.0100574
280,1.5,250,0.0107758
280,1.6,250,0.0114941
280,1.7,250,0.0122125
280,1.8,250,0.0129309
280,1.9,250,0.0136493
280,2,250,0.0143677
280,2.1,250,0.015086
280,2.2,250,0.0158044
280,2.3,250,0.0165228
280,2.4,250,0.0172412
280,2.5,250,0.0179596
280,2.6,250,0.0186779
280,2.7,250,0.0193963
280,2.8,250,0.0201147
280,2.9,250,0.0208331
280,3,250,0.0215515
280,3.1,250,0.0222698
280,3.2,250,0.0229882
280,3.3,250,0.0237066
280,3.4,250,0.024425
280,3.5,250,0.0251434
280,3.6,250,0.0258617
280,3.7,250,0.0265801
280,3.8,250,0.0272985
280,3.9,250,0.0280169
280,4,250,0.0287353
280,4.1,250,0.0294536
280,4.2,250,0.030172
280,4.3,250,0.0308904
280,4.4,250,0.0316088
280,4.5,250,0.0323272
280,4.6,250,0.0330455
280,4.7,250,0.0337639
280,4.8,250,0.0344823
280,4.9,250,0.0352007
280,5,250,0.0359191
280,5.1,250,0.0366374
280,5.2,250,0.0373558
280,5.3,250,0.0380742
280,5.4,250,0.0387926
280,5.5,250,0.039511
280,5.6,250,0.0402293
280,5.7,250,0.0409477
280,5.8,250,0.0416661
280,5.9,250,0.0423845
280,6,250,0.0431029
280,6.1,250,0.0438212
280,6.2,250,0.0445396
280,6.3,250,0.045258
280,6.4,250,0.0459764
280,6.5,250,0.0466948
280,6.6,250,0.0474131
280,6.7,250,0.0481315
280,6.8,250,0.0488499
280,6.9,250,0.0495683
280,7,250,0.0502867
280,7.1,250,0.051005
280,7.2,250,0.0517234
280,7.3,250,0.0524418
280,7.4,250,0.0531602
280,7.5,250,0.0538786
280,7.6,250,0.0545969
280,7.7,250,0.0553153
280,7.8,250,0.0560337
280,7.9,250,0.0567521
280,8,250,0.0574705
280,8.1,250,0.0581888
280,8.2,250,0.0589072
280,8.3,250,0.0596256
280,8.4,250,0.060344
280,8.5,250,0.0610624
280,8.6,250,0.0617807
280,8.7,250,0.0624991
280,8.8,250,0.0632175
280,8.9,250,0.0639359
280,9,250,0.0646543
280,9.1,250,0.0653726
280,9.2,250,0.066091
280,9.3,250,0.0668094
280,9.4,250,0.0675278
280,9.5,250,0.0682462
280,9.6,250,0.0689645
280,9.7,250,0.0696829
280,9.8,250,0.0704013
280,9.9,250,0.0711197
280,10,250,0.0718381
280,10.1,250,0.0725564
280,10.2,250,0.0732748
280,10.3,250,0.0739932
280,10.4,250,0.0747116
280,10.5,250,0.07543
280,10.6,250,0.0761483
280,10.7,250,0.0768667
280,10.8,250,0.0775851
280,10.9,250,0.0783035
280,11,250,0.0790219
280,11.1,250,0.0797402
280,11.2,250,0.0804586
280,11.3,250,0.081177
280,11.4,250,0.0818954
280,11.5,250,0.0826138
280,11.6,250,0.0833321
280,11.7,250,0.0840505
280,11.8,250,0.0847689
280,11.9,250,0.0854873
280,12,250,0.0862057
280,12.1,250,0.086924
280,12.2,250,0.0876424
280,12.3,250,0.0883608
280,12.4,250,0.0890792
280,12.5,250,0.0897976
280,12.6,250,0.0905159
280,12.7,250,0.0912343
280,12.8,250,0.0919527
280,12.9,250,0.0926711
280,13,250,0.0933895
280,13.1,250,0.0941078
280,13.2,250,0.0948262
280,13.3,250,0.0955446
280,13.4,250,0.096263
280,13.5,250,0.0969814
280,13.6,250,0.0976997
280,13.7,250,0.0984181
280,13.8,250,0.0991365
280,13.9,250,0.0998549
280,14,250,0.100573
280,14.1,250,0.101292
280,14.2,250,0.10201
280,14.3,250,0.102728
280,14.4,250,0.103447
280,14.5,250,0.104165
280,14.6,250,0.104884
280,14.7,250,0.105602
280,14.8,250,0.10632
280,14.9,250,0.107039
280,15,250,0.107757
280,15.1,250,0.108475
280,15.2,250,0.109194
280,15.3,250,0.109912
280,15.4,250,0.110631
280,15.5,250,0.111349
280,15.6,250,0.112067
280,15.7,250,0.112786
280,15.8,250,0.113504
280,15.9,250,0.114222
280,16,250,0.11494
280,16.1,250,0.115658
280,16.2,250,0.116377
280,16.3,250,0.117095
280,16.4,250,0.117813
280,16.5,250,0.118531
280,16.6,250,0.119249
280,16.7,250,0.119967
280,16.8,250,0.120686
280,16.9,250,0.121404
280,17,250,0.122122
280,17.1,250,0.12284
280,17.2,250,0.123558
280,17.3,250,0.124277
280,17.4,250,0.124995
280,17.5,250,0.125713
280,17.6,250,0.126431
280,17.7,250,0.127149
280,17.8,250,0.127868
280,17.9,250,0.128586
280,18,250,0.129304
280,18.1,250,0.130022
280,18.2,250,0.13074
280,18.3,250,0.131458
280,18.4,250,0.132177
280,18.5,250,0.132895
280,18.6,250,0.133613
280,18.7,250,0.134331
280,18.8,250,0.135049
280,18.9,250,0.135768
280,19,250,0.136486
280,19.1,250,0.137204
280,19.2,250,0.137922
280,19.3,250,0.13864
280,19.4,250,0.139358
280,19.5,250,0.140077
280,19.6,250,0.140795
280,19.7,250,0.141513
280,19.8,250,0.142231
280,19.9,250,0.142949
280,20,250,0.143668
