x,y,z,b
280,0,250,2.58268e-08
280,0.1,250,0.000718549
280,0.2,250,0.00143707
280,0.3,250,0.00215559
280,0.4,250,0.00287412
280,0.5,250,0.00359264
280,0.6,250,0.00431116
280,0.7,250,0.00502969
280,0.8,250,0.00574821
280,0.9,250,0.00646673
280,1,250,0.00718525
280,1.1,250,0.00790378
280,1.2,250,0.0086223
280,1.3,250,0.00934082
280,1.4,250,0.0100593
280,1.5,250,0.0107779
280,1.6,250,0.0114964
280,1.7,250,0.0122149
280,1.8,250,0.0129334
280,1.9,250,0.013652
280,2,250,0.0143705
280,2.1,250,0.015089
280,2.2,250,0.0158075
280,2.3,250,0.0165261
280,2.4,250,0.0172446
280,2.5,250,0.0179631
280,2.6,250,0.0186816
280,2.7,250,0.0194001
280,2.8,250,0.0201187
280,2.9,250,0.0208372
280,3,250,0.0215557
280,3.1,250,0.0222742
280,3.2,250,0.0229928
280,3.3,250,0.0237113
280,3.4,250,0.0244298
280,3.5,250,0.0251483
280,3.6,250,0.0258668
280,3.7,250,0.0265854
280,3.8,250,0.0273039
280,3.9,250,0.0280224
280,4,250,0.0287409
280,4.1,250,0.0294595
280,4.2,250,0.030178
280,4.3,250,0.0308965
280,4.4,250,0.031615
280,4.5,250,0.0323336
280,4.6,250,0.0330521
280,4.7,250,0.0337706
280,4.8,250,0.0344891
280,4.9,250,0.0352076
280,5,250,0.0359262
280,5.1,250,0.0366447
280,5.2,250,0.0373632
280,5.3,250,0.0380817
280,5.4,250,0.0388003
280,5.5,250,0.0395188
280,5.6,250,0.0402373
280,5.7,250,0.0409558
280,5.8,250,0.0416743
280,5.9,250,0.0423929
280,6,250,0.0431114
280,6.1,250,0.0438299
280,6.2,250,0.0445484
280,6.3,250,0.045267
280,6.4,250,0.0459855
280,6.5,250,0.046704
280,6.6,250,0.0474225
280,6.7,250,0.0481411
280,6.8,250,0.0488596
280,6.9,250,0.0495781
280,7,250,0.0502966
280,7.1,250,0.0510151
280,7.2,250,0.0517337
280,7.3,250,0.0524522
280,7.4,250,0.0531707
280,7.5,250,0.0538892
280,7.6,250,0.0546078
280,7.7,250,0.0553263
280,7.8,250,0.0560448
280,7.9,250,0.0567633
280,8,250,0.0574819
280,8.1,250,0.0582004
280,8.2,250,0.0589189
280,8.3,250,0.0596374
280,8.4,250,0.0603559
280,8.5,250,0.0610745
280,8.6,250,0.061793
280,8.7,250,0.0625115
280,8.8,250,0.06323
280,8.9,250,0.0639486
280,9,250,0.0646671
280,9.1,250,0.0653856
280,9.2,250,0.0661041
280,9.3,250,0.0668226
280,9.4,250,0.0675412
280,9.5,250,0.0682597
280,9.6,250,0.0689782
280,9.7,250,0.0696967
280,9.8,250,0.0704153
280,9.9,250,0.0711338
280,10,250,0.0718523
280,10.1,250,0.0725708
280,10.2,250,0.0732894
280,10.3,250,0.0740079
280,10.4,250,0.0747264
280,10.5,250,0.0754449
280,10.6,250,0.0761634
280,10.7,250,0.076882
280,10.8,250,0.0776005
280,10.9,250,0.078319
280,11,250,0.0790375
280,11.1,250,0.0797561
280,11.2,250,0.0804746
280,11.3,250,0.0811931
280,11.4,250,0.0819116
280,11.5,250,0.0826301
280,11.6,250,0.0833487
280,11.7,250,0.0840672
280,11.8,250,0.0847857
280,11.9,250,0.0855042
280,12,250,0.0862228
280,12.1,250,0.0869413
280,12.2,250,0.0876598
280,12.3,250,0.0883783
280,12.4,250,0.0890969
280,12.5,250,0.0898154
280,12.6,250,0.0905339
280,12.7,250,0.0912524
280,12.8,250,0.0919709
280,12.9,250,0.0926895
280,13,250,0.093408
280,13.1,250,0.0941265
280,13.2,250,0.094845
280,13.3,250,0.0955636
280,13.4,250,0.0962821
280,13.5,250,0.0970006
280,13.6,250,0.0977191
280,13.7,250,0.0984376
280,13.8,250,0.0991562
280,13.9,250,0.0998747
280,14,250,0.100593
280,14.1,250,0.101312
280,14.2,250,0.10203
280,14.3,250,0.102749
280,14.4,250,0.103467
280,14.5,250,0.104186
280,14.6,250,0.104904
280,14.7,250,0.105623
280,14.8,250,0.106341
280,14.9,250,0.10706
280,15,250,0.107778
280,15.1,250,0.108497
280,15.2,250,0.109215
280,15.3,250,0.109934
280,15.4,250,0.110653
280,15.5,250,0.111371
280,15.6,250,0.11209
280,15.7,250,0.112809
280,15.8,250,0.113529
280,15.9,250,0.114249
280,16,250,0.114969
280,16.1,250,0.115689
280,16.2,250,0.116409
280,16.3,250,0.117129
280,16.4,250,0.117849
280,16.5,250,0.118569
280,16.6,250,0.119289
280,16.7,250,0.120009
280,16.8,250,0.120729
280,16.9,250,0.121449
280,17,250,0.122169
280,17.1,250,0.122889
280,17.2,250,0.123609
280,17.3,250,0.124329
280,17.4,250,0.125049
280,17.5,250,0.125769
280,17.6,250,0.126489
280,17.7,250,0.127209
280,17.8,250,0.127929
280,17.9,250,0.128648
280,18,250,0.129368
280,18.1,250,0.130088
280,18.2,250,0.130808
280,18.3,250,0.131528
280,18.4,250,0.132248
280,18.5,250,0.132968
280,18.6,250,0.133688
280,18.7,250,0.134408
280,18.8,250,0.135128
280,18.9,250,0.135848
280,19,250,0.136568
280,19.1,250,0.137288
280,19.2,250,0.138008
280,19.3,250,0.138728
280,19.4,250,0.139448
280,19.5,250,0.140168
280,19.6,250,0.140888
280,19.7,250,0.141608
280,19.8,250,0.142328
280,19.9,250,0.143048
280,20,250,0.143768
