x,y,z,b
255,0,225,6.11275e-08
255,0.1,225,0.00179633
255,0.2,225,0.0035926
255,0.3,225,0.00538887
255,0.4,225,0.00718514
255,0.5,225,0.00898141
255,0.6,225,0.0107777
255,0.7,225,0.0125739
255,0.8,225,0.0143702
255,0.9,225,0.0161665
255,1,225,0.0179628
255,1.1,225,0.019759
255,1.2,225,0.0215553
255,1.3,225,0.0233516
255,1.4,225,0.0251478
255,1.5,225,0.0269441
255,1.6,225,0.0287404
255,1.7,225,0.0305366
255,1.8,225,0.0323329
255,1.9,225,0.0341292
255,2,225,0.0359254
255,2.1,225,0.0377217
255,2.2,225,0.039518
255,2.3,225,0.0413142
255,2.4,225,0.0431105
255,2.5,225,0.0449068
255,2.6,225,0.0467031
255,2.7,225,0.0484993
255,2.8,225,0.0502956
255,2.9,225,0.0520919
255,3,225,0.0538881
255,3.1,225,0.0556844
255,3.2,225,0.0574807
255,3.3,225,0.0592769
255,3.4,225,0.0610732
255,3.5,225,0.0628695
255,3.6,225,0.0646657
255,3.7,225,0.066462
255,3.8,225,0.0682583
255,3.9,225,0.0700546
255,4,225,0.0718508
255,4.1,225,0.0736471
255,4.2,225,0.0754434
255,4.3,225,0.0772396
255,4.4,225,0.0790359
255,4.5,225,0.0808322
255,4.6,225,0.0826284
255,4.7,225,0.0844247
255,4.8,225,0.086221
255,4.9,225,0.0880172
255,5,225,0.0898135
255,5.1,225,0.0916098
255,5.2,225,0.0934061
255,5.3,225,0.0952023
255,5.4,225,0.0969986
255,5.5,225,0.0987949
255,5.6,225,0.100591
255,5.7,225,0.102387
255,5.8,225,0.104184
255,5.9,225,0.10598
255,6,225,0.107776
255,6.1,225,0.109572
255,6.2,225,0.111369
255,6.3,225,0.113165
255,6.4,225,0.114961
255,6.5,225,0.116758
255,6.6,225,0.118554
255,6.7,225,0.12035
255,6.8,225,0.122146
255,6.9,225,0.123943
255,7,225,0.125739
255,7.1,225,0.127535
255,7.2,225,0.129331
255,7.3,225,0.131128
255,7.4,225,0.132924
255,7.5,225,0.13472
255,7.6,225,0.136517
255,7.7,225,0.138313
255,7.8,225,0.140109
255,7.9,225,0.141905
255,8,225,0.143702
255,8.1,225,0.145498
255,8.2,225,0.147294
255,8.3,225,0.14909
255,8.4,225,0.150887
255,8.5,225,0.152683
255,8.6,225,0.154479
255,8.7,225,0.156275
255,8.8,225,0.158072
255,8.9,225,0.159868
255,9,225,0.161664
255,9.1,225,0.163461
255,9.2,225,0.165257
255,9.3,225,0.167053
255,9.4,225,0.168849
255,9.5,225,0.170646
255,9.6,225,0.172442
255,9.7,225,0.174238
255,9.8,225,0.176034
255,9.9,225,0.177831
255,10,225,0.179627
255,10.1,225,0.181423
255,10.2,225,0.18322
255,10.3,225,0.185016
255,10.4,225,0.186812
255,10.5,225,0.188608
255,10.6,225,0.190405
255,10.7,225,0.192201
255,10.8,225,0.193997
255,10.9,225,0.195793
255,11,225,0.19759
255,11.1,225,0.199386
255,11.2,225,0.201182
255,11.3,225,0.202978
255,11.4,225,0.204775
255,11.5,225,0.206571
255,11.6,225,0.208367
255,11.7,225,0.210164
255,11.8,225,0.21196
255,11.9,225,0.213756
255,12,225,0.215552
255,12.1,225,0.217349
255,12.2,225,0.219145
255,12.3,225,0.220941
255,12.4,225,0.222737
255,12.5,225,0.224534
255,12.6,225,0.22633
255,12.7,225,0.228126
255,12.8,225,0.229922
255,12.9,225,0.231719
255,13,225,0.233515
255,13.1,225,0.235311
255,13.2,225,0.237108
255,13.3,225,0.238904
255,13.4,225,0.2407
255,13.5,225,0.242496
255,13.6,225,0.244293
255,13.7,225,0.246089
255,13.8,225,0.247885
255,13.9,225,0.249681
255,14,225,0.251478
255,14.1,225,0.253274
255,14.2,225,0.255071
255,14.3,225,0.256867
255,14.4,225,0.258664
255,14.5,225,0.26046
255,14.6,225,0.262257
255,14.7,225,0.264053
255,14.8,225,0.26585
255,14.9,225,0.267646
255,15,225,0.269443
255,15.1,225,0.27124
255,15.2,225,0.273036
255,15.3,225,0.274833
255,15.4,225,0.276629
255,15.5,225,0.278426
255,15.6,225,0.280222
255,15.7,225,0.282019
255,15.8,225,0.283815
255,15.9,225,0.285612
255,16,225,0.287408
255,16.1,225,0.289205
255,16.2,225,0.291002
255,16.3,225,0.292798
255,16.4,225,0.294595
255,16.5,225,0.296391
255,16.6,225,0.298188
255,16.7,225,0.299984
255,16.8,225,0.301781
255,16.9,225,0.303577
255,17,225,0.305374
255,17.1,225,0.30717
255,17.2,225,0.308967
255,17.3,225,0.310764
255,17.4,225,0.31256
255,17.5,225,0.314357
255,17.6,225,0.316153
255,17.7,225,0.31795
255,17.8,225,0.319746
255,17.9,225,0.321543
255,18,225,0.323339
255,18.1,225,0.325136
255,18.2,225,0.326932
255,18.3,225,0.328729
255,18.4,225,0.330526
255,18.5,225,0.332322
255,18.6,225,0.334119
255,18.7,225,0.335915
255,18.8,225,0.337712
255,18.9,225,0.339508
255,19,225,0.341305
255,19.1,225,0.343101
255,19.2,225,0.344898
255,19.3,225,0.346694
255,19.4,225,0.348491
255,19.5,225,0.350288
255,19.6,225,0.352084
255,19.7,225,0.353881
255,19.8,225,0.355677
255,19.9,225,0.357474
255,20,225,0.35927
