x,y,z,b
255,0,225,1.78547e-06
255,0.1,225,0.00179564
255,0.2,225,0.0035895
255,0.3,225,0.00538336
255,0.4,225,0.00717722
255,0.5,225,0.00897108
255,0.6,225,0.0107649
255,0.7,225,0.0125588
255,0.8,225,0.0143527
255,0.9,225,0.0161465
255,1,225,0.0179404
255,1.1,225,0.0197342
255,1.2,225,0.0215281
255,1.3,225,0.023322
255,1.4,225,0.0251158
255,1.5,225,0.0269097
255,1.6,225,0.0287035
255,1.7,225,0.0304974
255,1.8,225,0.0322913
255,1.9,225,0.0340851
255,2,225,0.035879
255,2.1,225,0.0376728
255,2.2,225,0.0394667
255,2.3,225,0.0412605
255,2.4,225,0.0430544
255,2.5,225,0.0448483
255,2.6,225,0.0466421
255,2.7,225,0.048436
255,2.8,225,0.0502298
255,2.9,225,0.0520237
255,3,225,0.0538176
255,3.1,225,0.0556114
255,3.2,225,0.0574053
255,3.3,225,0.0591991
255,3.4,225,0.060993
255,3.5,225,0.0627869
255,3.6,225,0.0645807
255,3.7,225,0.0663746
255,3.8,225,0.0681684
255,3.9,225,0.0699623
255,4,225,0.0717562
255,4.1,225,0.07355
255,4.2,225,0.0753439
255,4.3,225,0.0771377
255,4.4,225,0.0789316
255,4.5,225,0.0807255
255,4.6,225,0.0825193
255,4.7,225,0.0843132
255,4.8,225,0.086107
255,4.9,225,0.0879009
255,5,225,0.0896947
255,5.1,225,0.0914886
255,5.2,225,0.0932825
255,5.3,225,0.0950763
255,5.4,225,0.0968702
255,5.5,225,0.098664
255,5.6,225,0.100458
255,5.7,225,0.102252
255,5.8,225,0.104046
255,5.9,225,0.105839
255,6,225,0.107633
255,6.1,225,0.109427
255,6.2,225,0.111221
255,6.3,225,0.113015
255,6.4,225,0.114809
255,6.5,225,0.116603
255,6.6,225,0.118396
255,6.7,225,0.12019
255,6.8,225,0.121984
255,6.9,225,0.123778
255,7,225,0.125572
255,7.1,225,0.127366
255,7.2,225,0.12916
255,7.3,225,0.130954
255,7.4,225,0.132747
255,7.5,225,0.134541
255,7.6,225,0.136335
255,7.7,225,0.138129
255,7.8,225,0.139923
255,7.9,225,0.141717
255,8,225,0.143511
255,8.1,225,0.145304
255,8.2,225,0.147098
255,8.3,225,0.148892
255,8.4,225,0.150686
255,8.5,225,0.15248
255,8.6,225,0.154274
255,8.7,225,0.156068
255,8.8,225,0.157861
255,8.9,225,0.159655
255,9,225,0.161449
255,9.1,225,0.163243
255,9.2,225,0.165037
255,9.3,225,0.166831
255,9.4,225,0.168625
255,9.5,225,0.170418
255,9.6,225,0.172212
255,9.7,225,0.174006
255,9.8,225,0.1758
255,9.9,225,0.177594
255,10,225,0.179388
255,10.1,225,0.181182
255,10.2,225,0.182975
255,10.3,225,0.184769
255,10.4,225,0.186563
255,10.5,225,0.188357
255,10.6,225,0.190151
255,10.7,225,0.191945
255,10.8,225,0.193739
255,10.9,225,0.195532
255,11,225,0.197326
255,11.1,225,0.19912
255,11.2,225,0.200914
255,11.3,225,0.202708
255,11.4,225,0.204502
255,11.5,225,0.206296
255,11.6,225,0.208089
255,11.7,225,0.209883
255,11.8,225,0.211677
255,11.9,225,0.213471
255,12,225,0.215265
255,12.1,225,0.217059
255,12.2,225,0.218853
255,12.3,225,0.220646
255,12.4,225,0.22244
255,12.5,225,0.224234
255,12.6,225,0.226028
255,12.7,225,0.227822
255,12.8,225,0.229616
255,12.9,225,0.23141
255,13,225,0.233203
255,13.1,225,0.234997
255,13.2,225,0.236791
255,13.3,225,0.238585
255,13.4,225,0.240379
255,13.5,225,0.242173
255,13.6,225,0.243967
255,13.7,225,0.245761
255,13.8,225,0.247554
255,13.9,225,0.249348
255,14,225,0.251142
255,14.1,225,0.252932
255,14.2,225,0.254717
255,14.3,225,0.256502
255,14.4,225,0.258286
255,14.5,225,0.260071
255,14.6,225,0.261856
255,14.7,225,0.26364
255,14.8,225,0.265425
255,14.9,225,0.267209
255,15,225,0.268994
255,15.1,225,0.270779
255,15.2,225,0.272563
255,15.3,225,0.274348
255,15.4,225,0.276133
255,15.5,225,0.277917
255,15.6,225,0.279702
255,15.7,225,0.281486
255,15.8,225,0.283271
255,15.9,225,0.285056
255,16,225,0.28684
255,16.1,225,0.288625
255,16.2,225,0.29041
255,16.3,225,0.292194
255,16.4,225,0.293979
255,16.5,225,0.295763
255,16.6,225,0.297548
255,16.7,225,0.299333
255,16.8,225,0.301117
255,16.9,225,0.302902
255,17,225,0.304686
255,17.1,225,0.306471
255,17.2,225,0.308256
255,17.3,225,0.31004
255,17.4,225,0.311825
255,17.5,225,0.31361
255,17.6,225,0.315394
255,17.7,225,0.317179
255,17.8,225,0.318963
255,17.9,225,0.320748
255,18,225,0.322533
255,18.1,225,0.324317
255,18.2,225,0.326102
255,18.3,225,0.327887
255,18.4,225,0.329671
255,18.5,225,0.331456
255,18.6,225,0.33324
255,18.7,225,0.335025
255,18.8,225,0.33681
255,18.9,225,0.338594
255,19,225,0.340379
255,19.1,225,0.342164
255,19.2,225,0.343948
255,19.3,225,0.345733
255,19.4,225,0.347517
255,19.5,225,0.349302
255,19.6,225,0.351087
255,19.7,225,0.352871
255,19.8,225,0.354656
255,19.9,225,0.356441
255,20,225,0.358225
