x,y,z,b
255,0,225,7.52759e-06
255,0.1,225,0.00179625
255,0.2,225,0.00358498
255,0.3,225,0.00537371
255,0.4,225,0.00716244
255,0.5,225,0.00895116
255,0.6,225,0.0107399
255,0.7,225,0.0125286
255,0.8,225,0.0143173
255,0.9,225,0.0161061
255,1,225,0.0178948
255,1.1,225,0.0196835
255,1.2,225,0.0214723
255,1.3,225,0.023261
255,1.4,225,0.0250497
255,1.5,225,0.0268384
255,1.6,225,0.0286272
255,1.7,225,0.0304159
255,1.8,225,0.0322046
255,1.9,225,0.0339933
255,2,225,0.0357821
255,2.1,225,0.0375708
255,2.2,225,0.0393595
255,2.3,225,0.0411483
255,2.4,225,0.042937
255,2.5,225,0.0447257
255,2.6,225,0.0465144
255,2.7,225,0.0483032
255,2.8,225,0.0500919
255,2.9,225,0.0518806
255,3,225,0.0536693
255,3.1,225,0.0554581
255,3.2,225,0.0572468
255,3.3,225,0.0590355
255,3.4,225,0.0608243
255,3.5,225,0.062613
255,3.6,225,0.0644017
255,3.7,225,0.0661904
255,3.8,225,0.0679792
255,3.9,225,0.0697679
255,4,225,0.0715566
255,4.1,225,0.0733454
255,4.2,225,0.0751341
255,4.3,225,0.0769228
255,4.4,225,0.0787115
255,4.5,225,0.0805003
255,4.6,225,0.082289
255,4.7,225,0.0840777
255,4.8,225,0.0858664
255,4.9,225,0.0876552
255,5,225,0.0894439
255,5.1,225,0.0912326
255,5.2,225,0.0930214
255,5.3,225,0.0948101
255,5.4,225,0.0965988
255,5.5,225,0.0983875
255,5.6,225,0.100176
255,5.7,225,0.101965
255,5.8,225,0.103754
255,5.9,225,0.105542
255,6,225,0.107331
255,6.1,225,0.10912
255,6.2,225,0.110909
255,6.3,225,0.112697
255,6.4,225,0.114486
255,6.5,225,0.116275
255,6.6,225,0.118064
255,6.7,225,0.119852
255,6.8,225,0.121641
255,6.9,225,0.12343
255,7,225,0.125218
255,7.1,225,0.127007
255,7.2,225,0.128796
255,7.3,225,0.130585
255,7.4,225,0.132373
255,7.5,225,0.134162
255,7.6,225,0.135951
255,7.7,225,0.13774
255,7.8,225,0.139528
255,7.9,225,0.141317
255,8,225,0.143106
255,8.1,225,0.144894
255,8.2,225,0.146683
255,8.3,225,0.148472
255,8.4,225,0.150261
255,8.5,225,0.152049
255,8.6,225,0.153838
255,8.7,225,0.155627
255,8.8,225,0.157416
255,8.9,225,0.159204
255,9,225,0.160993
255,9.1,225,0.162782
255,9.2,225,0.16457
255,9.3,225,0.166359
255,9.4,225,0.168148
255,9.5,225,0.169937
255,9.6,225,0.171725
255,9.7,225,0.173514
255,9.8,225,0.175303
255,9.9,225,0.177092
255,10,225,0.17888
255,10.1,225,0.180669
255,10.2,225,0.182458
255,10.3,225,0.184246
255,10.4,225,0.186035
255,10.5,225,0.187824
255,10.6,225,0.189613
255,10.7,225,0.191401
255,10.8,225,0.19319
255,10.9,225,0.194979
255,11,225,0.196768
255,11.1,225,0.198556
255,11.2,225,0.200345
255,11.3,225,0.202134
255,11.4,225,0.203922
255,11.5,225,0.205711
255,11.6,225,0.2075
255,11.7,225,0.209289
255,11.8,225,0.211077
255,11.9,225,0.212866
255,12,225,0.214655
255,12.1,225,0.216444
255,12.2,225,0.218232
255,12.3,225,0.220021
255,12.4,225,0.22181
255,12.5,225,0.223598
255,12.6,225,0.225387
255,12.7,225,0.227176
255,12.8,225,0.228965
255,12.9,225,0.230753
255,13,225,0.232542
255,13.1,225,0.234331
255,13.2,225,0.23612
255,13.3,225,0.237908
255,13.4,225,0.239697
255,13.5,225,0.241486
255,13.6,225,0.243274
255,13.7,225,0.245063
255,13.8,225,0.246852
255,13.9,225,0.248641
255,14,225,0.250429
255,14.1,225,0.252218
255,14.2,225,0.254008
255,14.3,225,0.255797
255,14.4,225,0.257587
255,14.5,225,0.259376
255,14.6,225,0.261166
255,14.7,225,0.262955
255,14.8,225,0.264745
255,14.9,225,0.266535
255,15,225,0.268324
255,15.1,225,0.270114
255,15.2,225,0.271903
255,15.3,225,0.273693
255,15.4,225,0.275482
255,15.5,225,0.277272
255,15.6,225,0.279061
255,15.7,225,0.280851
255,15.8,225,0.28264
255,15.9,225,0.28443
255,16,225,0.286219
255,16.1,225,0.288009
255,16.2,225,0.289798
255,16.3,225,0.291588
255,16.4,225,0.293377
255,16.5,225,0.295167
255,16.6,225,0.296956
255,16.7,225,0.298746
255,16.8,225,0.300535
255,16.9,225,0.302325
255,17,225,0.304114
255,17.1,225,0.305904
255,17.2,225,0.307693
255,17.3,225,0.309483
255,17.4,225,0.311272
255,17.5,225,0.313062
255,17.6,225,0.314852
255,17.7,225,0.316641
255,17.8,225,0.318431
255,17.9,225,0.32022
255,18,225,0.32201
255,18.1,225,0.323799
255,18.2,225,0.325589
255,18.3,225,0.327378
255,18.4,225,0.329168
255,18.5,225,0.330957
255,18.6,225,0.332747
255,18.7,225,0.334536
255,18.8,225,0.336326
255,18.9,225,0.338115
255,19,225,0.339905
255,19.1,225,0.341694
255,19.2,225,0.343484
255,19.3,225,0.345273
255,19.4,225,0.347063
255,19.5,225,0.348852
255,19.6,225,0.350642
255,19.7,225,0.352431
255,19.8,225,0.354221
255,19.9,225,0.35601
255,20,225,0.3578
