x,y,z,b
255,0,225,5.68998e-06
255,0.1,225,0.00179636
255,0.2,225,0.00358704
255,0.3,225,0.00537771
255,0.4,225,0.00716839
255,0.5,225,0.00895906
255,0.6,225,0.0107497
255,0.7,225,0.0125404
255,0.8,225,0.0143311
255,0.9,225,0.0161218
255,1,225,0.0179124
255,1.1,225,0.0197031
255,1.2,225,0.0214938
255,1.3,225,0.0232845
255,1.4,225,0.0250751
255,1.5,225,0.0268658
255,1.6,225,0.0286565
255,1.7,225,0.0304472
255,1.8,225,0.0322378
255,1.9,225,0.0340285
255,2,225,0.0358192
255,2.1,225,0.0376099
255,2.2,225,0.0394005
255,2.3,225,0.0411912
255,2.4,225,0.0429819
255,2.5,225,0.0447726
255,2.6,225,0.0465632
255,2.7,225,0.0483539
255,2.8,225,0.0501446
255,2.9,225,0.0519352
255,3,225,0.0537259
255,3.1,225,0.0555166
255,3.2,225,0.0573073
255,3.3,225,0.0590979
255,3.4,225,0.0608886
255,3.5,225,0.0626793
255,3.6,225,0.06447
255,3.7,225,0.0662606
255,3.8,225,0.0680513
255,3.9,225,0.069842
255,4,225,0.0716327
255,4.1,225,0.0734233
255,4.2,225,0.075214
255,4.3,225,0.0770047
255,4.4,225,0.0787954
255,4.5,225,0.080586
255,4.6,225,0.0823767
255,4.7,225,0.0841674
255,4.8,225,0.0859581
255,4.9,225,0.0877487
255,5,225,0.0895394
255,5.1,225,0.0913301
255,5.2,225,0.0931208
255,5.3,225,0.0949114
255,5.4,225,0.0967021
255,5.5,225,0.0984928
255,5.6,225,0.100283
255,5.7,225,0.102074
255,5.8,225,0.103865
255,5.9,225,0.105655
255,6,225,0.107446
255,6.1,225,0.109237
255,6.2,225,0.111028
255,6.3,225,0.112818
255,6.4,225,0.114609
255,6.5,225,0.1164
255,6.6,225,0.11819
255,6.7,225,0.119981
255,6.8,225,0.121772
255,6.9,225,0.123562
255,7,225,0.125353
255,7.1,225,0.127144
255,7.2,225,0.128934
255,7.3,225,0.130725
255,7.4,225,0.132516
255,7.5,225,0.134306
255,7.6,225,0.136097
255,7.7,225,0.137888
255,7.8,225,0.139678
255,7.9,225,0.141469
255,8,225,0.14326
255,8.1,225,0.14505
255,8.2,225,0.146841
255,8.3,225,0.148632
255,8.4,225,0.150422
255,8.5,225,0.152213
255,8.6,225,0.154004
255,8.7,225,0.155794
255,8.8,225,0.157585
255,8.9,225,0.159376
255,9,225,0.161166
255,9.1,225,0.162957
255,9.2,225,0.164748
255,9.3,225,0.166538
255,9.4,225,0.168329
255,9.5,225,0.17012
255,9.6,225,0.17191
255,9.7,225,0.173701
255,9.8,225,0.175492
255,9.9,225,0.177282
255,10,225,0.179073
255,10.1,225,0.180864
255,10.2,225,0.182654
255,10.3,225,0.184445
255,10.4,225,0.186236
255,10.5,225,0.188027
255,10.6,225,0.189817
255,10.7,225,0.191608
255,10.8,225,0.193399
255,10.9,225,0.195189
255,11,225,0.19698
255,11.1,225,0.198771
255,11.2,225,0.200561
255,11.3,225,0.202352
255,11.4,225,0.204143
255,11.5,225,0.205933
255,11.6,225,0.207724
255,11.7,225,0.209515
255,11.8,225,0.211305
255,11.9,225,0.213096
255,12,225,0.214887
255,12.1,225,0.216677
255,12.2,225,0.218468
255,12.3,225,0.220259
255,12.4,225,0.222049
255,12.5,225,0.22384
255,12.6,225,0.225631
255,12.7,225,0.227421
255,12.8,225,0.229212
255,12.9,225,0.231003
255,13,225,0.232793
255,13.1,225,0.234584
255,13.2,225,0.236375
255,13.3,225,0.238165
255,13.4,225,0.239956
255,13.5,225,0.241747
255,13.6,225,0.243537
255,13.7,225,0.245328
255,13.8,225,0.247119
255,13.9,225,0.248909
255,14,225,0.2507
255,14.1,225,0.252493
255,14.2,225,0.254289
255,14.3,225,0.256084
255,14.4,225,0.25788
255,14.5,225,0.259676
255,14.6,225,0.261472
255,14.7,225,0.263268
255,14.8,225,0.265064
255,14.9,225,0.266859
255,15,225,0.268655
255,15.1,225,0.270451
255,15.2,225,0.272247
255,15.3,225,0.274043
255,15.4,225,0.275839
255,15.5,225,0.277634
255,15.6,225,0.27943
255,15.7,225,0.281226
255,15.8,225,0.283022
255,15.9,225,0.284818
255,16,225,0.286614
255,16.1,225,0.288409
255,16.2,225,0.290205
255,16.3,225,0.292001
255,16.4,225,0.293797
255,16.5,225,0.295593
255,16.6,225,0.297389
255,16.7,225,0.299185
255,16.8,225,0.30098
255,16.9,225,0.302776
255,17,225,0.304572
255,17.1,225,0.306368
255,17.2,225,0.308164
255,17.3,225,0.30996
255,17.4,225,0.311755
255,17.5,225,0.313551
255,17.6,225,0.315347
255,17.7,225,0.317143
255,17.8,225,0.318939
255,17.9,225,0.320735
255,18,225,0.32253
255,18.1,225,0.324326
255,18.2,225,0.326122
255,18.3,225,0.327918
255,18.4,225,0.329714
255,18.5,225,0.33151
255,18.6,225,0.333305
255,18.7,225,0.335101
255,18.8,225,0.336897
255,18.9,225,0.338693
255,19,225,0.340489
255,19.1,225,0.342285
255,19.2,225,0.34408
255,19.3,225,0.345876
255,19.4,225,0.347672
255,19.5,225,0.349468
255,19.6,225,0.351264
255,19.7,225,0.35306
255,19.8,225,0.354855
255,19.9,225,0.356651
255,20,225,0.358447
