x,y,z,b
255,0,225,1.43552e-07
255,0.1,225,0.00179603
255,0.2,225,0.00359192
255,0.3,225,0.00538781
255,0.4,225,0.00718369
255,0.5,225,0.00897958
255,0.6,225,0.0107755
255,0.7,225,0.0125714
255,0.8,225,0.0143672
255,0.9,225,0.0161631
255,1,225,0.017959
255,1.1,225,0.0197549
255,1.2,225,0.0215508
255,1.3,225,0.0233467
255,1.4,225,0.0251426
255,1.5,225,0.0269385
255,1.6,225,0.0287343
255,1.7,225,0.0305302
255,1.8,225,0.0323261
255,1.9,225,0.034122
255,2,225,0.0359179
255,2.1,225,0.0377138
255,2.2,225,0.0395097
255,2.3,225,0.0413056
255,2.4,225,0.0431014
255,2.5,225,0.0448973
255,2.6,225,0.0466932
255,2.7,225,0.0484891
255,2.8,225,0.050285
255,2.9,225,0.0520809
255,3,225,0.0538768
255,3.1,225,0.0556727
255,3.2,225,0.0574685
255,3.3,225,0.0592644
255,3.4,225,0.0610603
255,3.5,225,0.0628562
255,3.6,225,0.0646521
255,3.7,225,0.066448
255,3.8,225,0.0682439
255,3.9,225,0.0700398
255,4,225,0.0718357
255,4.1,225,0.0736315
255,4.2,225,0.0754274
255,4.3,225,0.0772233
255,4.4,225,0.0790192
255,4.5,225,0.0808151
255,4.6,225,0.082611
255,4.7,225,0.0844069
255,4.8,225,0.0862028
255,4.9,225,0.0879986
255,5,225,0.0897945
255,5.1,225,0.0915904
255,5.2,225,0.0933863
255,5.3,225,0.0951822
255,5.4,225,0.0969781
255,5.5,225,0.098774
255,5.6,225,0.10057
255,5.7,225,0.102366
255,5.8,225,0.104162
255,5.9,225,0.105958
255,6,225,0.107753
255,6.1,225,0.109549
255,6.2,225,0.111345
255,6.3,225,0.113141
255,6.4,225,0.114937
255,6.5,225,0.116733
255,6.6,225,0.118529
255,6.7,225,0.120325
255,6.8,225,0.122121
255,6.9,225,0.123916
255,7,225,0.125712
255,7.1,225,0.127508
255,7.2,225,0.129304
255,7.3,225,0.1311
255,7.4,225,0.132896
255,7.5,225,0.134692
255,7.6,225,0.136488
255,7.7,225,0.138283
255,7.8,225,0.140079
255,7.9,225,0.141875
255,8,225,0.143671
255,8.1,225,0.145467
255,8.2,225,0.147263
255,8.3,225,0.149059
255,8.4,225,0.150855
255,8.5,225,0.152651
255,8.6,225,0.154446
255,8.7,225,0.156242
255,8.8,225,0.158038
255,8.9,225,0.159834
255,9,225,0.16163
255,9.1,225,0.163426
255,9.2,225,0.165222
255,9.3,225,0.167018
255,9.4,225,0.168814
255,9.5,225,0.170609
255,9.6,225,0.172405
255,9.7,225,0.174201
255,9.8,225,0.175997
255,9.9,225,0.177793
255,10,225,0.179589
255,10.1,225,0.181385
255,10.2,225,0.183181
255,10.3,225,0.184977
255,10.4,225,0.186772
255,10.5,225,0.188568
255,10.6,225,0.190364
255,10.7,225,0.19216
255,10.8,225,0.193956
255,10.9,225,0.195752
255,11,225,0.197548
255,11.1,225,0.199344
255,11.2,225,0.20114
255,11.3,225,0.202935
255,11.4,225,0.204731
255,11.5,225,0.206527
255,11.6,225,0.208323
255,11.7,225,0.210119
255,11.8,225,0.211915
255,11.9,225,0.213711
255,12,225,0.215507
255,12.1,225,0.217303
255,12.2,225,0.219098
255,12.3,225,0.220894
255,12.4,225,0.22269
255,12.5,225,0.224486
255,12.6,225,0.226282
255,12.7,225,0.228078
255,12.8,225,0.229874
255,12.9,225,0.23167
255,13,225,0.233466
255,13.1,225,0.235261
255,13.2,225,0.237057
255,13.3,225,0.238853
255,13.4,225,0.240649
255,13.5,225,0.242445
255,13.6,225,0.244241
255,13.7,225,0.246037
255,13.8,225,0.247833
255,13.9,225,0.249629
255,14,225,0.251424
255,14.1,225,0.25322
255,14.2,225,0.255015
255,14.3,225,0.25681
255,14.4,225,0.258605
255,14.5,225,0.2604
255,14.6,225,0.262195
255,14.7,225,0.26399
255,14.8,225,0.265785
255,14.9,225,0.26758
255,15,225,0.269375
255,15.1,225,0.27117
255,15.2,225,0.272965
255,15.3,225,0.27476
255,15.4,225,0.276555
255,15.5,225,0.27835
255,15.6,225,0.280145
255,15.7,225,0.28194
255,15.8,225,0.283735
255,15.9,225,0.28553
255,16,225,0.287325
255,16.1,225,0.28912
255,16.2,225,0.290915
255,16.3,225,0.29271
255,16.4,225,0.294505
255,16.5,225,0.2963
255,16.6,225,0.298095
255,16.7,225,0.29989
255,16.8,225,0.301685
255,16.9,225,0.30348
255,17,225,0.305275
255,17.1,225,0.30707
255,17.2,225,0.308865
255,17.3,225,0.31066
255,17.4,225,0.312455
255,17.5,225,0.31425
255,17.6,225,0.316045
255,17.7,225,0.31784
255,17.8,225,0.319635
255,17.9,225,0.32143
255,18,225,0.323225
255,18.1,225,0.32502
255,18.2,225,0.326815
255,18.3,225,0.32861
255,18.4,225,0.330406
255,18.5,225,0.332201
255,18.6,225,0.333996
255,18.7,225,0.335791
255,18.8,225,0.337586
255,18.9,225,0.339381
255,19,225,0.341176
255,19.1,225,0.342971
255,19.2,225,0.344766
255,19.3,225,0.346561
255,19.4,225,0.348356
255,19.5,225,0.350151
255,19.6,225,0.351946
255,19.7,225,0.353741
255,19.8,225,0.355536
255,19.9,225,0.357331
255,20,225,0.359126
