x,y,z,b
280,0,250,-1.48824e-07
280,0.1,250,0.000719217
280,0.2,250,0.00143858
280,0.3,250,0.00215795
280,0.4,250,0.00287732
280,0.5,250,0.00359668
280,0.6,250,0.00431605
280,0.7,250,0.00503541
280,0.8,250,0.00575478
280,0.9,250,0.00647415
280,1,250,0.00719351
280,1.1,250,0.00791288
280,1.2,250,0.00863224
280,1.3,250,0.00935161
280,1.4,250,0.010071
280,1.5,250,0.0107903
280,1.6,250,0.0115097
280,1.7,250,0.0122291
280,1.8,250,0.0129484
280,1.9,250,0.0136678
280,2,250,0.0143872
280,2.1,250,0.0151065
280,2.2,250,0.0158259
280,2.3,250,0.0165453
280,2.4,250,0.0172646
280,2.5,250,0.017984
280,2.6,250,0.0187034
280,2.7,250,0.0194227
280,2.8,250,0.0201421
280,2.9,250,0.0208615
280,3,250,0.0215808
280,3.1,250,0.0223002
280,3.2,250,0.0230196
280,3.3,250,0.0237389
280,3.4,250,0.0244583
280,3.5,250,0.0251777
280,3.6,250,0.025897
280,3.7,250,0.0266164
280,3.8,250,0.0273358
280,3.9,250,0.0280551
280,4,250,0.0287745
280,4.1,250,0.0294939
280,4.2,250,0.0302132
280,4.3,250,0.0309326
280,4.4,250,0.031652
280,4.5,250,0.0323713
280,4.6,250,0.0330907
280,4.7,250,0.0338101
280,4.8,250,0.0345294
280,4.9,250,0.0352488
280,5,250,0.0359682
280,5.1,250,0.0366875
280,5.2,250,0.0374069
280,5.3,250,0.0381263
280,5.4,250,0.0388456
280,5.5,250,0.039565
280,5.6,250,0.0402844
280,5.7,250,0.0410037
280,5.8,250,0.0417231
280,5.9,250,0.0424425
280,6,250,0.0431618
280,6.1,250,0.0438812
280,6.2,250,0.0446006
280,6.3,250,0.0453199
280,6.4,250,0.0460393
280,6.5,250,0.0467587
280,6.6,250,0.047478
280,6.7,250,0.0481974
280,6.8,250,0.0489167
280,6.9,250,0.0496361
280,7,250,0.0503555
280,7.1,250,0.0510748
280,7.2,250,0.0517942
280,7.3,250,0.0525136
280,7.4,250,0.0532329
280,7.5,250,0.0539523
280,7.6,250,0.0546717
280,7.7,250,0.055391
280,7.8,250,0.0561104
280,7.9,250,0.0568298
280,8,250,0.0575491
280,8.1,250,0.0582685
280,8.2,250,0.0589879
280,8.3,250,0.0597072
280,8.4,250,0.0604266
280,8.5,250,0.061146
280,8.6,250,0.0618653
280,8.7,250,0.0625847
280,8.8,250,0.0633041
280,8.9,250,0.0640234
280,9,250,0.0647428
280,9.1,250,0.0654622
280,9.2,250,0.0661815
280,9.3,250,0.0669009
280,9.4,250,0.0676203
280,9.5,250,0.0683396
280,9.6,250,0.069059
280,9.7,250,0.0697784
280,9.8,250,0.0704977
280,9.9,250,0.0712171
280,10,250,0.0719365
280,10.1,250,0.0726558
280,10.2,250,0.0733752
280,10.3,250,0.0740946
280,10.4,250,0.0748139
280,10.5,250,0.0755333
280,10.6,250,0.0762527
280,10.7,250,0.076972
280,10.8,250,0.0776914
280,10.9,250,0.0784108
280,11,250,0.0791301
280,11.1,250,0.0798495
280,11.2,250,0.0805689
280,11.3,250,0.0812882
280,11.4,250,0.0820076
280,11.5,250,0.082727
280,11.6,250,0.0834463
280,11.7,250,0.0841657
280,11.8,250,0.0848851
280,11.9,250,0.0856044
280,12,250,0.0863238
280,12.1,250,0.0870432
280,12.2,250,0.0877625
280,12.3,250,0.0884819
280,12.4,250,0.0892013
280,12.5,250,0.0899206
280,12.6,250,0.09064
280,12.7,250,0.0913594
280,12.8,250,0.0920787
280,12.9,250,0.0927981
280,13,250,0.0935175
280,13.1,250,0.0942368
280,13.2,250,0.0949562
280,13.3,250,0.0956755
280,13.4,250,0.0963949
280,13.5,250,0.0971143
280,13.6,250,0.0978336
280,13.7,250,0.098553
280,13.8,250,0.0992724
280,13.9,250,0.0999917
280,14,250,0.100711
280,14.1,250,0.10143
280,14.2,250,0.10215
280,14.3,250,0.102869
280,14.4,250,0.103589
280,14.5,250,0.104308
280,14.6,250,0.105027
280,14.7,250,0.105747
280,14.8,250,0.106466
280,14.9,250,0.107185
280,15,250,0.107905
280,15.1,250,0.108624
280,15.2,250,0.109344
280,15.3,250,0.110063
280,15.4,250,0.110782
280,15.5,250,0.111502
280,15.6,250,0.112221
280,15.7,250,0.112941
280,15.8,250,0.113662
280,15.9,250,0.114382
280,16,250,0.115103
280,16.1,250,0.115824
280,16.2,250,0.116544
280,16.3,250,0.117265
280,16.4,250,0.117985
280,16.5,250,0.118706
280,16.6,250,0.119426
280,16.7,250,0.120147
280,16.8,250,0.120868
280,16.9,250,0.121588
280,17,250,0.122309
280,17.1,250,0.123029
280,17.2,250,0.12375
280,17.3,250,0.12447
280,17.4,250,0.125191
280,17.5,250,0.125912
280,17.6,250,0.126632
280,17.7,250,0.127353
280,17.8,250,0.128073
280,17.9,250,0.128794
280,18,250,0.129515
280,18.1,250,0.130235
280,18.2,250,0.130956
280,18.3,250,0.131676
280,18.4,250,0.132397
280,18.5,250,0.133117
280,18.6,250,0.133838
280,18.7,250,0.134559
280,18.8,250,0.135279
280,18.9,250,0.136
280,19,250,0.13672
280,19.1,250,0.137441
280,19.2,250,0.138161
280,19.3,250,0.138882
280,19.4,250,0.139603
280,19.5,250,0.140323
280,19.6,250,0.141044
280,19.7,250,0.141764
280,19.8,250,0.142485
280,19.9,250,0.143205
280,20,250,0.143926
