x,y,z,b
255,0,225,7.38624e-06
255,0.1,225,0.00179626
255,0.2,225,0.00358514
255,0.3,225,0.00537402
255,0.4,225,0.00716289
255,0.5,225,0.00895177
255,0.6,225,0.0107406
255,0.7,225,0.0125295
255,0.8,225,0.0143184
255,0.9,225,0.0161073
255,1,225,0.0178962
255,1.1,225,0.019685
255,1.2,225,0.0214739
255,1.3,225,0.0232628
255,1.4,225,0.0250517
255,1.5,225,0.0268405
255,1.6,225,0.0286294
255,1.7,225,0.0304183
255,1.8,225,0.0322072
255,1.9,225,0.0339961
255,2,225,0.0357849
255,2.1,225,0.0375738
255,2.2,225,0.0393627
255,2.3,225,0.0411516
255,2.4,225,0.0429404
255,2.5,225,0.0447293
255,2.6,225,0.0465182
255,2.7,225,0.0483071
255,2.8,225,0.0500959
255,2.9,225,0.0518848
255,3,225,0.0536737
255,3.1,225,0.0554626
255,3.2,225,0.0572515
255,3.3,225,0.0590403
255,3.4,225,0.0608292
255,3.5,225,0.0626181
255,3.6,225,0.064407
255,3.7,225,0.0661958
255,3.8,225,0.0679847
255,3.9,225,0.0697736
255,4,225,0.0715625
255,4.1,225,0.0733513
255,4.2,225,0.0751402
255,4.3,225,0.0769291
255,4.4,225,0.078718
255,4.5,225,0.0805069
255,4.6,225,0.0822957
255,4.7,225,0.0840846
255,4.8,225,0.0858735
255,4.9,225,0.0876624
255,5,225,0.0894512
255,5.1,225,0.0912401
255,5.2,225,0.093029
255,5.3,225,0.0948179
255,5.4,225,0.0966068
255,5.5,225,0.0983956
255,5.6,225,0.100185
255,5.7,225,0.101973
255,5.8,225,0.103762
255,5.9,225,0.105551
255,6,225,0.10734
255,6.1,225,0.109129
255,6.2,225,0.110918
255,6.3,225,0.112707
255,6.4,225,0.114496
255,6.5,225,0.116284
255,6.6,225,0.118073
255,6.7,225,0.119862
255,6.8,225,0.121651
255,6.9,225,0.12344
255,7,225,0.125229
255,7.1,225,0.127018
255,7.2,225,0.128807
255,7.3,225,0.130595
255,7.4,225,0.132384
255,7.5,225,0.134173
255,7.6,225,0.135962
255,7.7,225,0.137751
255,7.8,225,0.13954
255,7.9,225,0.141329
255,8,225,0.143118
255,8.1,225,0.144906
255,8.2,225,0.146695
255,8.3,225,0.148484
255,8.4,225,0.150273
255,8.5,225,0.152062
255,8.6,225,0.153851
255,8.7,225,0.15564
255,8.8,225,0.157429
255,8.9,225,0.159217
255,9,225,0.161006
255,9.1,225,0.162795
255,9.2,225,0.164584
255,9.3,225,0.166373
255,9.4,225,0.168162
255,9.5,225,0.169951
255,9.6,225,0.17174
255,9.7,225,0.173528
255,9.8,225,0.175317
255,9.9,225,0.177106
255,10,225,0.178895
255,10.1,225,0.180684
255,10.2,225,0.182473
255,10.3,225,0.184262
255,10.4,225,0.186051
255,10.5,225,0.187839
255,10.6,225,0.189628
255,10.7,225,0.191417
255,10.8,225,0.193206
255,10.9,225,0.194995
255,11,225,0.196784
255,11.1,225,0.198573
255,11.2,225,0.200362
255,11.3,225,0.202151
255,11.4,225,0.203939
255,11.5,225,0.205728
255,11.6,225,0.207517
255,11.7,225,0.209306
255,11.8,225,0.211095
255,11.9,225,0.212884
255,12,225,0.214673
255,12.1,225,0.216462
255,12.2,225,0.21825
255,12.3,225,0.220039
255,12.4,225,0.221828
255,12.5,225,0.223617
255,12.6,225,0.225406
255,12.7,225,0.227195
255,12.8,225,0.228984
255,12.9,225,0.230773
255,13,225,0.232561
255,13.1,225,0.23435
255,13.2,225,0.236139
255,13.3,225,0.237928
255,13.4,225,0.239717
255,13.5,225,0.241506
255,13.6,225,0.243295
255,13.7,225,0.245084
255,13.8,225,0.246872
255,13.9,225,0.248661
255,14,225,0.25045
255,14.1,225,0.25224
255,14.2,225,0.25403
255,14.3,225,0.255821
255,14.4,225,0.257612
255,14.5,225,0.259403
255,14.6,225,0.261193
255,14.7,225,0.262984
255,14.8,225,0.264775
255,14.9,225,0.266565
255,15,225,0.268356
255,15.1,225,0.270147
255,15.2,225,0.271938
255,15.3,225,0.273728
255,15.4,225,0.275519
255,15.5,225,0.27731
255,15.6,225,0.2791
255,15.7,225,0.280891
255,15.8,225,0.282682
255,15.9,225,0.284472
255,16,225,0.286263
255,16.1,225,0.288054
255,16.2,225,0.289845
255,16.3,225,0.291635
255,16.4,225,0.293426
255,16.5,225,0.295217
255,16.6,225,0.297007
255,16.7,225,0.298798
255,16.8,225,0.300589
255,16.9,225,0.30238
255,17,225,0.30417
255,17.1,225,0.305961
255,17.2,225,0.307752
255,17.3,225,0.309542
255,17.4,225,0.311333
255,17.5,225,0.313124
255,17.6,225,0.314914
255,17.7,225,0.316705
255,17.8,225,0.318496
255,17.9,225,0.320287
255,18,225,0.322077
255,18.1,225,0.323868
255,18.2,225,0.325659
255,18.3,225,0.327449
255,18.4,225,0.32924
255,18.5,225,0.331031
255,18.6,225,0.332822
255,18.7,225,0.334612
255,18.8,225,0.336403
255,18.9,225,0.338194
255,19,225,0.339984
255,19.1,225,0.341775
255,19.2,225,0.343566
255,19.3,225,0.345356
255,19.4,225,0.347147
255,19.5,225,0.348938
255,19.6,225,0.350729
255,19.7,225,0.352519
255,19.8,225,0.35431
255,19.9,225,0.356101
255,20,225,0.357891
