x,y,z,b
255,0,225,-4.76881e-06
255,0.1,225,0.00179699
255,0.2,225,0.00359874
255,0.3,225,0.0054005
255,0.4,225,0.00720226
255,0.5,225,0.00900401
255,0.6,225,0.0108058
255,0.7,225,0.0126075
255,0.8,225,0.0144093
255,0.9,225,0.016211
255,1,225,0.0180128
255,1.1,225,0.0198145
255,1.2,225,0.0216163
255,1.3,225,0.0234181
255,1.4,225,0.0252198
255,1.5,225,0.0270216
255,1.6,225,0.0288233
255,1.7,225,0.0306251
255,1.8,225,0.0324268
255,1.9,225,0.0342286
255,2,225,0.0360304
255,2.1,225,0.0378321
255,2.2,225,0.0396339
255,2.3,225,0.0414356
255,2.4,225,0.0432374
255,2.5,225,0.0450391
255,2.6,225,0.0468409
255,2.7,225,0.0486426
255,2.8,225,0.0504444
255,2.9,225,0.0522462
255,3,225,0.0540479
255,3.1,225,0.0558497
255,3.2,225,0.0576514
255,3.3,225,0.0594532
255,3.4,225,0.0612549
255,3.5,225,0.0630567
255,3.6,225,0.0648585
255,3.7,225,0.0666602
255,3.8,225,0.068462
255,3.9,225,0.0702637
255,4,225,0.0720655
255,4.1,225,0.0738672
255,4.2,225,0.075669
255,4.3,225,0.0774707
255,4.4,225,0.0792725
255,4.5,225,0.0810743
255,4.6,225,0.082876
255,4.7,225,0.0846778
255,4.8,225,0.0864795
255,4.9,225,0.0882813
255,5,225,0.090083
255,5.1,225,0.0918848
255,5.2,225,0.0936865
255,5.3,225,0.0954883
255,5.4,225,0.0972901
255,5.5,225,0.0990918
255,5.6,225,0.100894
255,5.7,225,0.102695
255,5.8,225,0.104497
255,5.9,225,0.106299
255,6,225,0.108101
255,6.1,225,0.109902
255,6.2,225,0.111704
255,6.3,225,0.113506
255,6.4,225,0.115308
255,6.5,225,0.117109
255,6.6,225,0.118911
255,6.7,225,0.120713
255,6.8,225,0.122515
255,6.9,225,0.124316
255,7,225,0.126118
255,7.1,225,0.12792
255,7.2,225,0.129722
255,7.3,225,0.131523
255,7.4,225,0.133325
255,7.5,225,0.135127
255,7.6,225,0.136929
255,7.7,225,0.13873
255,7.8,225,0.140532
255,7.9,225,0.142334
255,8,225,0.144136
255,8.1,225,0.145937
255,8.2,225,0.147739
255,8.3,225,0.149541
255,8.4,225,0.151343
255,8.5,225,0.153145
255,8.6,225,0.154946
255,8.7,225,0.156748
255,8.8,225,0.15855
255,8.9,225,0.160352
255,9,225,0.162153
255,9.1,225,0.163955
255,9.2,225,0.165757
255,9.3,225,0.167559
255,9.4,225,0.16936
255,9.5,225,0.171162
255,9.6,225,0.172964
255,9.7,225,0.174766
255,9.8,225,0.176567
255,9.9,225,0.178369
255,10,225,0.180171
255,10.1,225,0.181973
255,10.2,225,0.183774
255,10.3,225,0.185576
255,10.4,225,0.187378
255,10.5,225,0.18918
255,10.6,225,0.190981
255,10.7,225,0.192783
255,10.8,225,0.194585
255,10.9,225,0.196387
255,11,225,0.198188
255,11.1,225,0.19999
255,11.2,225,0.201792
255,11.3,225,0.203594
255,11.4,225,0.205395
255,11.5,225,0.207197
255,11.6,225,0.208999
255,11.7,225,0.210801
255,11.8,225,0.212602
255,11.9,225,0.214404
255,12,225,0.216206
255,12.1,225,0.218008
255,12.2,225,0.219809
255,12.3,225,0.221611
255,12.4,225,0.223413
255,12.5,225,0.225215
255,12.6,225,0.227017
255,12.7,225,0.228818
255,12.8,225,0.23062
255,12.9,225,0.232422
255,13,225,0.234224
255,13.1,225,0.236025
255,13.2,225,0.237827
255,13.3,225,0.239629
255,13.4,225,0.241431
255,13.5,225,0.243232
255,13.6,225,0.245034
255,13.7,225,0.246836
255,13.8,225,0.248638
255,13.9,225,0.250439
255,14,225,0.252241
255,14.1,225,0.254039
255,14.2,225,0.255829
255,14.3,225,0.257619
255,14.4,225,0.259409
255,14.5,225,0.2612
255,14.6,225,0.26299
255,14.7,225,0.26478
255,14.8,225,0.26657
255,14.9,225,0.268361
255,15,225,0.270151
255,15.1,225,0.271941
255,15.2,225,0.273731
255,15.3,225,0.275522
255,15.4,225,0.277312
255,15.5,225,0.279102
255,15.6,225,0.280892
255,15.7,225,0.282683
255,15.8,225,0.284473
255,15.9,225,0.286263
255,16,225,0.288053
255,16.1,225,0.289844
255,16.2,225,0.291634
255,16.3,225,0.293424
255,16.4,225,0.295214
255,16.5,225,0.297005
255,16.6,225,0.298795
255,16.7,225,0.300585
255,16.8,225,0.302375
255,16.9,225,0.304166
255,17,225,0.305956
255,17.1,225,0.307746
255,17.2,225,0.309537
255,17.3,225,0.311327
255,17.4,225,0.313117
255,17.5,225,0.314907
255,17.6,225,0.316698
255,17.7,225,0.318488
255,17.8,225,0.320278
255,17.9,225,0.322068
255,18,225,0.323859
255,18.1,225,0.325649
255,18.2,225,0.327439
255,18.3,225,0.329229
255,18.4,225,0.33102
255,18.5,225,0.33281
255,18.6,225,0.3346
255,18.7,225,0.33639
255,18.8,225,0.338181
255,18.9,225,0.339971
255,19,225,0.341761
255,19.1,225,0.343551
255,19.2,225,0.345342
255,19.3,225,0.347132
255,19.4,225,0.348922
255,19.5,225,0.350712
255,19.6,225,0.352503
255,19.7,225,0.354293
255,19.8,225,0.356083
255,19.9,225,0.357873
255,20,225,0.359664
