x,y,z,b
280,0,250,-4.25378e-08
280,0.1,250,0.0007189
280,0.2,250,0.00143784
280,0.3,250,0.00215678
280,0.4,250,0.00287573
280,0.5,250,0.00359467
280,0.6,250,0.00431361
280,0.7,250,0.00503255
280,0.8,250,0.0057515
280,0.9,250,0.00647044
280,1,250,0.00718938
280,1.1,250,0.00790832
280,1.2,250,0.00862727
280,1.3,250,0.00934621
280,1.4,250,0.0100652
280,1.5,250,0.0107841
280,1.6,250,0.011503
280,1.7,250,0.012222
280,1.8,250,0.0129409
280,1.9,250,0.0136599
280,2,250,0.0143788
280,2.1,250,0.0150977
280,2.2,250,0.0158167
280,2.3,250,0.0165356
280,2.4,250,0.0172546
280,2.5,250,0.0179735
280,2.6,250,0.0186925
280,2.7,250,0.0194114
280,2.8,250,0.0201303
280,2.9,250,0.0208493
280,3,250,0.0215682
280,3.1,250,0.0222872
280,3.2,250,0.0230061
280,3.3,250,0.0237251
280,3.4,250,0.024444
280,3.5,250,0.0251629
280,3.6,250,0.0258819
280,3.7,250,0.0266008
280,3.8,250,0.0273198
280,3.9,250,0.0280387
280,4,250,0.0287577
280,4.1,250,0.0294766
280,4.2,250,0.0301955
280,4.3,250,0.0309145
280,4.4,250,0.0316334
280,4.5,250,0.0323524
280,4.6,250,0.0330713
280,4.7,250,0.0337903
280,4.8,250,0.0345092
280,4.9,250,0.0352281
280,5,250,0.0359471
280,5.1,250,0.036666
280,5.2,250,0.037385
280,5.3,250,0.0381039
280,5.4,250,0.0388228
280,5.5,250,0.0395418
280,5.6,250,0.0402607
280,5.7,250,0.0409797
280,5.8,250,0.0416986
280,5.9,250,0.0424176
280,6,250,0.0431365
280,6.1,250,0.0438554
280,6.2,250,0.0445744
280,6.3,250,0.0452933
280,6.4,250,0.0460123
280,6.5,250,0.0467312
280,6.6,250,0.0474502
280,6.7,250,0.0481691
280,6.8,250,0.048888
280,6.9,250,0.049607
280,7,250,0.0503259
280,7.1,250,0.0510449
280,7.2,250,0.0517638
280,7.3,250,0.0524828
280,7.4,250,0.0532017
280,7.5,250,0.0539206
280,7.6,250,0.0546396
280,7.7,250,0.0553585
280,7.8,250,0.0560775
280,7.9,250,0.0567964
280,8,250,0.0575153
280,8.1,250,0.0582343
280,8.2,250,0.0589532
280,8.3,250,0.0596722
280,8.4,250,0.0603911
280,8.5,250,0.0611101
280,8.6,250,0.061829
280,8.7,250,0.0625479
280,8.8,250,0.0632669
280,8.9,250,0.0639858
280,9,250,0.0647048
280,9.1,250,0.0654237
280,9.2,250,0.0661427
280,9.3,250,0.0668616
280,9.4,250,0.0675805
280,9.5,250,0.0682995
280,9.6,250,0.0690184
280,9.7,250,0.0697374
280,9.8,250,0.0704563
280,9.9,250,0.0711753
280,10,250,0.0718942
280,10.1,250,0.0726131
280,10.2,250,0.0733321
280,10.3,250,0.074051
280,10.4,250,0.07477
280,10.5,250,0.0754889
280,10.6,250,0.0762079
280,10.7,250,0.0769268
280,10.8,250,0.0776457
280,10.9,250,0.0783647
280,11,250,0.0790836
280,11.1,250,0.0798026
280,11.2,250,0.0805215
280,11.3,250,0.0812404
280,11.4,250,0.0819594
280,11.5,250,0.0826783
280,11.6,250,0.0833973
280,11.7,250,0.0841162
280,11.8,250,0.0848352
280,11.9,250,0.0855541
280,12,250,0.086273
280,12.1,250,0.086992
280,12.2,250,0.0877109
280,12.3,250,0.0884299
280,12.4,250,0.0891488
280,12.5,250,0.0898678
280,12.6,250,0.0905867
280,12.7,250,0.0913056
280,12.8,250,0.0920246
280,12.9,250,0.0927435
280,13,250,0.0934625
280,13.1,250,0.0941814
280,13.2,250,0.0949004
280,13.3,250,0.0956193
280,13.4,250,0.0963382
280,13.5,250,0.0970572
280,13.6,250,0.0977761
280,13.7,250,0.0984951
280,13.8,250,0.099214
280,13.9,250,0.099933
280,14,250,0.100652
280,14.1,250,0.101371
280,14.2,250,0.10209
280,14.3,250,0.102809
280,14.4,250,0.103528
280,14.5,250,0.104247
280,14.6,250,0.104966
280,14.7,250,0.105684
280,14.8,250,0.106403
280,14.9,250,0.107122
280,15,250,0.107841
280,15.1,250,0.10856
280,15.2,250,0.109279
280,15.3,250,0.109998
280,15.4,250,0.110717
280,15.5,250,0.111436
280,15.6,250,0.112155
280,15.7,250,0.112875
280,15.8,250,0.113595
280,15.9,250,0.114316
280,16,250,0.115036
280,16.1,250,0.115756
280,16.2,250,0.116477
280,16.3,250,0.117197
280,16.4,250,0.117917
280,16.5,250,0.118638
280,16.6,250,0.119358
280,16.7,250,0.120078
280,16.8,250,0.120799
280,16.9,250,0.121519
280,17,250,0.122239
280,17.1,250,0.12296
280,17.2,250,0.12368
280,17.3,250,0.1244
280,17.4,250,0.12512
280,17.5,250,0.125841
280,17.6,250,0.126561
280,17.7,250,0.127281
280,17.8,250,0.128002
280,17.9,250,0.128722
280,18,250,0.129442
280,18.1,250,0.130163
280,18.2,250,0.130883
280,18.3,250,0.131603
280,18.4,250,0.132324
280,18.5,250,0.133044
280,18.6,250,0.133764
280,18.7,250,0.134485
280,18.8,250,0.135205
280,18.9,250,0.135925
280,19,250,0.136646
280,19.1,250,0.137366
280,19.2,250,0.138086
280,19.3,250,0.138807
280,19.4,250,0.139527
280,19.5,250,0.140247
280,19.6,250,0.140968
280,19.7,250,0.141688
280,19.8,250,0.142408
280,19.9,250,0.143129
280,20,250,0.143849
