x,y,z,b
255,0,225,-6.02716e-06
255,0.1,225,0.00179706
255,0.2,225,0.00360015
255,0.3,225,0.00540324
255,0.4,225,0.00720633
255,0.5,225,0.00900942
255,0.6,225,0.0108125
255,0.7,225,0.0126156
255,0.8,225,0.0144187
255,0.9,225,0.0162218
255,1,225,0.0180249
255,1.1,225,0.019828
255,1.2,225,0.021631
255,1.3,225,0.0234341
255,1.4,225,0.0252372
255,1.5,225,0.0270403
255,1.6,225,0.0288434
255,1.7,225,0.0306465
255,1.8,225,0.0324496
255,1.9,225,0.0342527
255,2,225,0.0360558
255,2.1,225,0.0378589
255,2.2,225,0.0396619
255,2.3,225,0.041465
255,2.4,225,0.0432681
255,2.5,225,0.0450712
255,2.6,225,0.0468743
255,2.7,225,0.0486774
255,2.8,225,0.0504805
255,2.9,225,0.0522836
255,3,225,0.0540867
255,3.1,225,0.0558897
255,3.2,225,0.0576928
255,3.3,225,0.0594959
255,3.4,225,0.061299
255,3.5,225,0.0631021
255,3.6,225,0.0649052
255,3.7,225,0.0667083
255,3.8,225,0.0685114
255,3.9,225,0.0703145
255,4,225,0.0721175
255,4.1,225,0.0739206
255,4.2,225,0.0757237
255,4.3,225,0.0775268
255,4.4,225,0.0793299
255,4.5,225,0.081133
255,4.6,225,0.0829361
255,4.7,225,0.0847392
255,4.8,225,0.0865423
255,4.9,225,0.0883454
255,5,225,0.0901484
255,5.1,225,0.0919515
255,5.2,225,0.0937546
255,5.3,225,0.0955577
255,5.4,225,0.0973608
255,5.5,225,0.0991639
255,5.6,225,0.100967
255,5.7,225,0.10277
255,5.8,225,0.104573
255,5.9,225,0.106376
255,6,225,0.108179
255,6.1,225,0.109982
255,6.2,225,0.111786
255,6.3,225,0.113589
255,6.4,225,0.115392
255,6.5,225,0.117195
255,6.6,225,0.118998
255,6.7,225,0.120801
255,6.8,225,0.122604
255,6.9,225,0.124407
255,7,225,0.12621
255,7.1,225,0.128013
255,7.2,225,0.129816
255,7.3,225,0.131619
255,7.4,225,0.133423
255,7.5,225,0.135226
255,7.6,225,0.137029
255,7.7,225,0.138832
255,7.8,225,0.140635
255,7.9,225,0.142438
255,8,225,0.144241
255,8.1,225,0.146044
255,8.2,225,0.147847
255,8.3,225,0.14965
255,8.4,225,0.151453
255,8.5,225,0.153257
255,8.6,225,0.15506
255,8.7,225,0.156863
255,8.8,225,0.158666
255,8.9,225,0.160469
255,9,225,0.162272
255,9.1,225,0.164075
255,9.2,225,0.165878
255,9.3,225,0.167681
255,9.4,225,0.169484
255,9.5,225,0.171287
255,9.6,225,0.173091
255,9.7,225,0.174894
255,9.8,225,0.176697
255,9.9,225,0.1785
255,10,225,0.180303
255,10.1,225,0.182106
255,10.2,225,0.183909
255,10.3,225,0.185712
255,10.4,225,0.187515
255,10.5,225,0.189318
255,10.6,225,0.191121
255,10.7,225,0.192925
255,10.8,225,0.194728
255,10.9,225,0.196531
255,11,225,0.198334
255,11.1,225,0.200137
255,11.2,225,0.20194
255,11.3,225,0.203743
255,11.4,225,0.205546
255,11.5,225,0.207349
255,11.6,225,0.209152
255,11.7,225,0.210955
255,11.8,225,0.212759
255,11.9,225,0.214562
255,12,225,0.216365
255,12.1,225,0.218168
255,12.2,225,0.219971
255,12.3,225,0.221774
255,12.4,225,0.223577
255,12.5,225,0.22538
255,12.6,225,0.227183
255,12.7,225,0.228986
255,12.8,225,0.230789
255,12.9,225,0.232593
255,13,225,0.234396
255,13.1,225,0.236199
255,13.2,225,0.238002
255,13.3,225,0.239805
255,13.4,225,0.241608
255,13.5,225,0.243411
255,13.6,225,0.245214
255,13.7,225,0.247017
255,13.8,225,0.24882
255,13.9,225,0.250623
255,14,225,0.252426
255,14.1,225,0.254231
255,14.2,225,0.256039
255,14.3,225,0.257847
255,14.4,225,0.259655
255,14.5,225,0.261463
255,14.6,225,0.263271
255,14.7,225,0.265079
255,14.8,225,0.266887
255,14.9,225,0.268695
255,15,225,0.270502
255,15.1,225,0.27231
255,15.2,225,0.274118
255,15.3,225,0.275926
255,15.4,225,0.277734
255,15.5,225,0.279542
255,15.6,225,0.28135
255,15.7,225,0.283158
255,15.8,225,0.284966
255,15.9,225,0.286773
255,16,225,0.288581
255,16.1,225,0.290389
255,16.2,225,0.292197
255,16.3,225,0.294005
255,16.4,225,0.295813
255,16.5,225,0.297621
255,16.6,225,0.299429
255,16.7,225,0.301237
255,16.8,225,0.303044
255,16.9,225,0.304852
255,17,225,0.30666
255,17.1,225,0.308468
255,17.2,225,0.310276
255,17.3,225,0.312084
255,17.4,225,0.313892
255,17.5,225,0.3157
255,17.6,225,0.317508
255,17.7,225,0.319316
255,17.8,225,0.321123
255,17.9,225,0.322931
255,18,225,0.324739
255,18.1,225,0.326547
255,18.2,225,0.328355
255,18.3,225,0.330163
255,18.4,225,0.331971
255,18.5,225,0.333779
255,18.6,225,0.335587
255,18.7,225,0.337394
255,18.8,225,0.339202
255,18.9,225,0.34101
255,19,225,0.342818
255,19.1,225,0.344626
255,19.2,225,0.346434
255,19.3,225,0.348242
255,19.4,225,0.35005
255,19.5,225,0.351858
255,19.6,225,0.353665
255,19.7,225,0.355473
255,19.8,225,0.357281
255,19.9,225,0.359089
255,20,225,0.360897
