x,y,z,b
255,0,225,1.3695e-07
255,0.1,225,0.00179585
255,0.2,225,0.00359157
255,0.3,225,0.00538729
255,0.4,225,0.00718301
255,0.5,225,0.00897872
255,0.6,225,0.0107744
255,0.7,225,0.0125702
255,0.8,225,0.0143659
255,0.9,225,0.0161616
255,1,225,0.0179573
255,1.1,225,0.019753
255,1.2,225,0.0215487
255,1.3,225,0.0233445
255,1.4,225,0.0251402
255,1.5,225,0.0269359
255,1.6,225,0.0287316
255,1.7,225,0.0305273
255,1.8,225,0.0323231
255,1.9,225,0.0341188
255,2,225,0.0359145
255,2.1,225,0.0377102
255,2.2,225,0.0395059
255,2.3,225,0.0413016
255,2.4,225,0.0430974
255,2.5,225,0.0448931
255,2.6,225,0.0466888
255,2.7,225,0.0484845
255,2.8,225,0.0502802
255,2.9,225,0.0520759
255,3,225,0.0538717
255,3.1,225,0.0556674
255,3.2,225,0.0574631
255,3.3,225,0.0592588
255,3.4,225,0.0610545
255,3.5,225,0.0628502
255,3.6,225,0.064646
255,3.7,225,0.0664417
255,3.8,225,0.0682374
255,3.9,225,0.0700331
255,4,225,0.0718288
255,4.1,225,0.0736246
255,4.2,225,0.0754203
255,4.3,225,0.077216
255,4.4,225,0.0790117
255,4.5,225,0.0808074
255,4.6,225,0.0826031
255,4.7,225,0.0843989
255,4.8,225,0.0861946
255,4.9,225,0.0879903
255,5,225,0.089786
255,5.1,225,0.0915817
255,5.2,225,0.0933774
255,5.3,225,0.0951732
255,5.4,225,0.0969689
255,5.5,225,0.0987646
255,5.6,225,0.10056
255,5.7,225,0.102356
255,5.8,225,0.104152
255,5.9,225,0.105947
255,6,225,0.107743
255,6.1,225,0.109539
255,6.2,225,0.111335
255,6.3,225,0.11313
255,6.4,225,0.114926
255,6.5,225,0.116722
255,6.6,225,0.118517
255,6.7,225,0.120313
255,6.8,225,0.122109
255,6.9,225,0.123905
255,7,225,0.1257
255,7.1,225,0.127496
255,7.2,225,0.129292
255,7.3,225,0.131088
255,7.4,225,0.132883
255,7.5,225,0.134679
255,7.6,225,0.136475
255,7.7,225,0.13827
255,7.8,225,0.140066
255,7.9,225,0.141862
255,8,225,0.143658
255,8.1,225,0.145453
255,8.2,225,0.147249
255,8.3,225,0.149045
255,8.4,225,0.15084
255,8.5,225,0.152636
255,8.6,225,0.154432
255,8.7,225,0.156228
255,8.8,225,0.158023
255,8.9,225,0.159819
255,9,225,0.161615
255,9.1,225,0.16341
255,9.2,225,0.165206
255,9.3,225,0.167002
255,9.4,225,0.168798
255,9.5,225,0.170593
255,9.6,225,0.172389
255,9.7,225,0.174185
255,9.8,225,0.17598
255,9.9,225,0.177776
255,10,225,0.179572
255,10.1,225,0.181368
255,10.2,225,0.183163
255,10.3,225,0.184959
255,10.4,225,0.186755
255,10.5,225,0.18855
255,10.6,225,0.190346
255,10.7,225,0.192142
255,10.8,225,0.193938
255,10.9,225,0.195733
255,11,225,0.197529
255,11.1,225,0.199325
255,11.2,225,0.20112
255,11.3,225,0.202916
255,11.4,225,0.204712
255,11.5,225,0.206508
255,11.6,225,0.208303
255,11.7,225,0.210099
255,11.8,225,0.211895
255,11.9,225,0.213691
255,12,225,0.215486
255,12.1,225,0.217282
255,12.2,225,0.219078
255,12.3,225,0.220873
255,12.4,225,0.222669
255,12.5,225,0.224465
255,12.6,225,0.226261
255,12.7,225,0.228056
255,12.8,225,0.229852
255,12.9,225,0.231648
255,13,225,0.233443
255,13.1,225,0.235239
255,13.2,225,0.237035
255,13.3,225,0.238831
255,13.4,225,0.240626
255,13.5,225,0.242422
255,13.6,225,0.244218
255,13.7,225,0.246013
255,13.8,225,0.247809
255,13.9,225,0.249605
255,14,225,0.251401
255,14.1,225,0.253196
255,14.2,225,0.254992
255,14.3,225,0.256787
255,14.4,225,0.258583
255,14.5,225,0.260379
255,14.6,225,0.262174
255,14.7,225,0.26397
255,14.8,225,0.265765
255,14.9,225,0.267561
255,15,225,0.269356
255,15.1,225,0.271152
255,15.2,225,0.272948
255,15.3,225,0.274743
255,15.4,225,0.276539
255,15.5,225,0.278334
255,15.6,225,0.28013
255,15.7,225,0.281925
255,15.8,225,0.283721
255,15.9,225,0.285517
255,16,225,0.287312
255,16.1,225,0.289108
255,16.2,225,0.290903
255,16.3,225,0.292699
255,16.4,225,0.294494
255,16.5,225,0.29629
255,16.6,225,0.298086
255,16.7,225,0.299881
255,16.8,225,0.301677
255,16.9,225,0.303472
255,17,225,0.305268
255,17.1,225,0.307063
255,17.2,225,0.308859
255,17.3,225,0.310655
255,17.4,225,0.31245
255,17.5,225,0.314246
255,17.6,225,0.316041
255,17.7,225,0.317837
255,17.8,225,0.319632
255,17.9,225,0.321428
255,18,225,0.323224
255,18.1,225,0.325019
255,18.2,225,0.326815
255,18.3,225,0.32861
255,18.4,225,0.330406
255,18.5,225,0.332201
255,18.6,225,0.333997
255,18.7,225,0.335793
255,18.8,225,0.337588
255,18.9,225,0.339384
255,19,225,0.341179
255,19.1,225,0.342975
255,19.2,225,0.34477
255,19.3,225,0.346566
255,19.4,225,0.348362
255,19.5,225,0.350157
255,19.6,225,0.351953
255,19.7,225,0.353748
255,19.8,225,0.355544
255,19.9,225,0.357339
255,20,225,0.359135
