x,y,z,b
280,0,250,2.39054e-07
280,0.1,250,0.000717453
280,0.2,250,0.00143467
280,0.3,250,0.00215188
280,0.4,250,0.0028691
280,0.5,250,0.00358631
280,0.6,250,0.00430352
280,0.7,250,0.00502074
280,0.8,250,0.00573795
280,0.9,250,0.00645517
280,1,250,0.00717238
280,1.1,250,0.00788959
280,1.2,250,0.00860681
280,1.3,250,0.00932402
280,1.4,250,0.0100412
280,1.5,250,0.0107585
280,1.6,250,0.0114757
280,1.7,250,0.0121929
280,1.8,250,0.0129101
280,1.9,250,0.0136273
280,2,250,0.0143445
280,2.1,250,0.0150617
280,2.2,250,0.0157789
280,2.3,250,0.0164962
280,2.4,250,0.0172134
280,2.5,250,0.0179306
280,2.6,250,0.0186478
280,2.7,250,0.019365
280,2.8,250,0.0200822
280,2.9,250,0.0207994
280,3,250,0.0215167
280,3.1,250,0.0222339
280,3.2,250,0.0229511
280,3.3,250,0.0236683
280,3.4,250,0.0243855
280,3.5,250,0.0251027
280,3.6,250,0.0258199
280,3.7,250,0.0265372
280,3.8,250,0.0272544
280,3.9,250,0.0279716
280,4,250,0.0286888
280,4.1,250,0.029406
280,4.2,250,0.0301232
280,4.3,250,0.0308404
280,4.4,250,0.0315577
280,4.5,250,0.0322749
280,4.6,250,0.0329921
280,4.7,250,0.0337093
280,4.8,250,0.0344265
280,4.9,250,0.0351437
280,5,250,0.0358609
280,5.1,250,0.0365782
280,5.2,250,0.0372954
280,5.3,250,0.0380126
280,5.4,250,0.0387298
280,5.5,250,0.039447
280,5.6,250,0.0401642
280,5.7,250,0.0408814
280,5.8,250,0.0415987
280,5.9,250,0.0423159
280,6,250,0.0430331
280,6.1,250,0.0437503
280,6.2,250,0.0444675
280,6.3,250,0.0451847
280,6.4,250,0.0459019
280,6.5,250,0.0466192
280,6.6,250,0.0473364
280,6.7,250,0.0480536
280,6.8,250,0.0487708
280,6.9,250,0.049488
280,7,250,0.0502052
280,7.1,250,0.0509224
280,7.2,250,0.0516397
280,7.3,250,0.0523569
280,7.4,250,0.0530741
280,7.5,250,0.0537913
280,7.6,250,0.0545085
280,7.7,250,0.0552257
280,7.8,250,0.0559429
280,7.9,250,0.0566602
280,8,250,0.0573774
280,8.1,250,0.0580946
280,8.2,250,0.0588118
280,8.3,250,0.059529
280,8.4,250,0.0602462
280,8.5,250,0.0609634
280,8.6,250,0.0616807
280,8.7,250,0.0623979
280,8.8,250,0.0631151
280,8.9,250,0.0638323
280,9,250,0.0645495
280,9.1,250,0.0652667
280,9.2,250,0.0659839
280,9.3,250,0.0667012
280,9.4,250,0.0674184
280,9.5,250,0.0681356
280,9.6,250,0.0688528
280,9.7,250,0.06957
280,9.8,250,0.0702872
280,9.9,250,0.0710044
280,10,250,0.0717216
280,10.1,250,0.0724389
280,10.2,250,0.0731561
280,10.3,250,0.0738733
280,10.4,250,0.0745905
280,10.5,250,0.0753077
280,10.6,250,0.0760249
280,10.7,250,0.0767421
280,10.8,250,0.0774594
280,10.9,250,0.0781766
280,11,250,0.0788938
280,11.1,250,0.079611
280,11.2,250,0.0803282
280,11.3,250,0.0810454
280,11.4,250,0.0817626
280,11.5,250,0.0824799
280,11.6,250,0.0831971
280,11.7,250,0.0839143
280,11.8,250,0.0846315
280,11.9,250,0.0853487
280,12,250,0.0860659
280,12.1,250,0.0867831
280,12.2,250,0.0875004
280,12.3,250,0.0882176
280,12.4,250,0.0889348
280,12.5,250,0.089652
280,12.6,250,0.0903692
280,12.7,250,0.0910864
280,12.8,250,0.0918036
280,12.9,250,0.0925209
280,13,250,0.0932381
280,13.1,250,0.0939553
280,13.2,250,0.0946725
280,13.3,250,0.0953897
280,13.4,250,0.0961069
280,13.5,250,0.0968241
280,13.6,250,0.0975414
280,13.7,250,0.0982586
280,13.8,250,0.0989758
280,13.9,250,0.099693
280,14,250,0.10041
280,14.1,250,0.101127
280,14.2,250,0.101845
280,14.3,250,0.102562
280,14.4,250,0.103279
280,14.5,250,0.103996
280,14.6,250,0.104713
280,14.7,250,0.105431
280,14.8,250,0.106148
280,14.9,250,0.106865
280,15,250,0.107582
280,15.1,250,0.1083
280,15.2,250,0.109017
280,15.3,250,0.109734
280,15.4,250,0.110451
280,15.5,250,0.111168
280,15.6,250,0.111886
280,15.7,250,0.112602
280,15.8,250,0.113318
280,15.9,250,0.114034
280,16,250,0.114749
280,16.1,250,0.115465
280,16.2,250,0.116181
280,16.3,250,0.116897
280,16.4,250,0.117613
280,16.5,250,0.118329
280,16.6,250,0.119045
280,16.7,250,0.119761
280,16.8,250,0.120477
280,16.9,250,0.121192
280,17,250,0.121908
280,17.1,250,0.122624
280,17.2,250,0.12334
280,17.3,250,0.124056
280,17.4,250,0.124772
280,17.5,250,0.125488
280,17.6,250,0.126204
280,17.7,250,0.126919
280,17.8,250,0.127635
280,17.9,250,0.128351
280,18,250,0.129067
280,18.1,250,0.129783
280,18.2,250,0.130499
280,18.3,250,0.131215
280,18.4,250,0.131931
280,18.5,250,0.132647
280,18.6,250,0.133362
280,18.7,250,0.134078
280,18.8,250,0.134794
280,18.9,250,0.13551
280,19,250,0.136226
280,19.1,250,0.136942
280,19.2,250,0.137658
280,19.3,250,0.138374
280,19.4,250,0.139089
280,19.5,250,0.139805
280,19.6,250,0.140521
280,19.7,250,0.141237
280,19.8,250,0.141953
280,19.9,250,0.142669
280,20,250,0.143385
