x,y,z,b
280,0,250,3.81108e-07
280,0.1,250,0.000717016
280,0.2,250,0.00143365
280,0.3,250,0.00215029
280,0.4,250,0.00286692
280,0.5,250,0.00358356
280,0.6,250,0.00430019
280,0.7,250,0.00501683
280,0.8,250,0.00573346
280,0.9,250,0.0064501
280,1,250,0.00716673
280,1.1,250,0.00788337
280,1.2,250,0.0086
280,1.3,250,0.00931664
280,1.4,250,0.0100333
280,1.5,250,0.0107499
280,1.6,250,0.0114665
280,1.7,250,0.0121832
280,1.8,250,0.0128998
280,1.9,250,0.0136164
280,2,250,0.0143331
280,2.1,250,0.0150497
280,2.2,250,0.0157663
280,2.3,250,0.016483
280,2.4,250,0.0171996
280,2.5,250,0.0179163
280,2.6,250,0.0186329
280,2.7,250,0.0193495
280,2.8,250,0.0200662
280,2.9,250,0.0207828
280,3,250,0.0214994
280,3.1,250,0.0222161
280,3.2,250,0.0229327
280,3.3,250,0.0236493
280,3.4,250,0.024366
280,3.5,250,0.0250826
280,3.6,250,0.0257992
280,3.7,250,0.0265159
280,3.8,250,0.0272325
280,3.9,250,0.0279491
280,4,250,0.0286658
280,4.1,250,0.0293824
280,4.2,250,0.030099
280,4.3,250,0.0308157
280,4.4,250,0.0315323
280,4.5,250,0.032249
280,4.6,250,0.0329656
280,4.7,250,0.0336822
280,4.8,250,0.0343989
280,4.9,250,0.0351155
280,5,250,0.0358321
280,5.1,250,0.0365488
280,5.2,250,0.0372654
280,5.3,250,0.037982
280,5.4,250,0.0386987
280,5.5,250,0.0394153
280,5.6,250,0.0401319
280,5.7,250,0.0408486
280,5.8,250,0.0415652
280,5.9,250,0.0422818
280,6,250,0.0429985
280,6.1,250,0.0437151
280,6.2,250,0.0444317
280,6.3,250,0.0451484
280,6.4,250,0.045865
280,6.5,250,0.0465817
280,6.6,250,0.0472983
280,6.7,250,0.0480149
280,6.8,250,0.0487316
280,6.9,250,0.0494482
280,7,250,0.0501648
280,7.1,250,0.0508815
280,7.2,250,0.0515981
280,7.3,250,0.0523147
280,7.4,250,0.0530314
280,7.5,250,0.053748
280,7.6,250,0.0544646
280,7.7,250,0.0551813
280,7.8,250,0.0558979
280,7.9,250,0.0566145
280,8,250,0.0573312
280,8.1,250,0.0580478
280,8.2,250,0.0587644
280,8.3,250,0.0594811
280,8.4,250,0.0601977
280,8.5,250,0.0609143
280,8.6,250,0.061631
280,8.7,250,0.0623476
280,8.8,250,0.0630643
280,8.9,250,0.0637809
280,9,250,0.0644975
280,9.1,250,0.0652142
280,9.2,250,0.0659308
280,9.3,250,0.0666474
280,9.4,250,0.0673641
280,9.5,250,0.0680807
280,9.6,250,0.0687973
280,9.7,250,0.069514
280,9.8,250,0.0702306
280,9.9,250,0.0709472
280,10,250,0.0716639
280,10.1,250,0.0723805
280,10.2,250,0.0730971
280,10.3,250,0.0738138
280,10.4,250,0.0745304
280,10.5,250,0.075247
280,10.6,250,0.0759637
280,10.7,250,0.0766803
280,10.8,250,0.077397
280,10.9,250,0.0781136
280,11,250,0.0788302
280,11.1,250,0.0795469
280,11.2,250,0.0802635
280,11.3,250,0.0809801
280,11.4,250,0.0816968
280,11.5,250,0.0824134
280,11.6,250,0.08313
280,11.7,250,0.0838467
280,11.8,250,0.0845633
280,11.9,250,0.0852799
280,12,250,0.0859966
280,12.1,250,0.0867132
280,12.2,250,0.0874298
280,12.3,250,0.0881465
280,12.4,250,0.0888631
280,12.5,250,0.0895797
280,12.6,250,0.0902964
280,12.7,250,0.091013
280,12.8,250,0.0917297
280,12.9,250,0.0924463
280,13,250,0.0931629
280,13.1,250,0.0938796
280,13.2,250,0.0945962
280,13.3,250,0.0953128
280,13.4,250,0.0960295
280,13.5,250,0.0967461
280,13.6,250,0.0974627
280,13.7,250,0.0981794
280,13.8,250,0.098896
280,13.9,250,0.0996126
280,14,250,0.100329
280,14.1,250,0.101046
280,14.2,250,0.101763
280,14.3,250,0.102479
280,14.4,250,0.103196
280,14.5,250,0.103912
280,14.6,250,0.104629
280,14.7,250,0.105346
280,14.8,250,0.106062
280,14.9,250,0.106779
280,15,250,0.107496
280,15.1,250,0.108212
280,15.2,250,0.108929
280,15.3,250,0.109646
280,15.4,250,0.110362
280,15.5,250,0.111079
280,15.6,250,0.111795
280,15.7,250,0.112513
280,15.8,250,0.11323
280,15.9,250,0.113948
280,16,250,0.114665
280,16.1,250,0.115383
280,16.2,250,0.1161
280,16.3,250,0.116818
280,16.4,250,0.117535
280,16.5,250,0.118253
280,16.6,250,0.118971
280,16.7,250,0.119688
280,16.8,250,0.120406
280,16.9,250,0.121123
280,17,250,0.121841
280,17.1,250,0.122558
280,17.2,250,0.123276
280,17.3,250,0.123993
280,17.4,250,0.124711
280,17.5,250,0.125428
280,17.6,250,0.126146
280,17.7,250,0.126863
280,17.8,250,0.127581
280,17.9,250,0.128298
280,18,250,0.129016
280,18.1,250,0.129733
280,18.2,250,0.130451
280,18.3,250,0.131169
280,18.4,250,0.131886
280,18.5,250,0.132604
280,18.6,250,0.133321
280,18.7,250,0.134039
280,18.8,250,0.134756
280,18.9,250,0.135474
280,19,250,0.136191
280,19.1,250,0.136909
280,19.2,250,0.137626
280,19.3,250,0.138344
280,19.4,250,0.139061
280,19.5,250,0.139779
280,19.6,250,0.140496
280,19.7,250,0.141214
280,19.8,250,0.141931
280,19.9,250,0.142649
280,20,250,0.143367
