x,y,z,b
280,0,250,3.66686e-07
280,0.1,250,0.000717079
280,0.2,250,0.00143379
280,0.3,250,0.0021505
280,0.4,250,0.00286722
280,0.5,250,0.00358393
280,0.6,250,0.00430064
280,0.7,250,0.00501735
280,0.8,250,0.00573407
280,0.9,250,0.00645078
280,1,250,0.00716749
280,1.1,250,0.0078842
280,1.2,250,0.00860092
280,1.3,250,0.00931763
280,1.4,250,0.0100343
280,1.5,250,0.0107511
280,1.6,250,0.0114678
280,1.7,250,0.0121845
280,1.8,250,0.0129012
280,1.9,250,0.0136179
280,2,250,0.0143346
280,2.1,250,0.0150513
280,2.2,250,0.015768
280,2.3,250,0.0164848
280,2.4,250,0.0172015
280,2.5,250,0.0179182
280,2.6,250,0.0186349
280,2.7,250,0.0193516
280,2.8,250,0.0200683
280,2.9,250,0.020785
280,3,250,0.0215017
280,3.1,250,0.0222184
280,3.2,250,0.0229352
280,3.3,250,0.0236519
280,3.4,250,0.0243686
280,3.5,250,0.0250853
280,3.6,250,0.025802
280,3.7,250,0.0265187
280,3.8,250,0.0272354
280,3.9,250,0.0279521
280,4,250,0.0286689
280,4.1,250,0.0293856
280,4.2,250,0.0301023
280,4.3,250,0.030819
280,4.4,250,0.0315357
280,4.5,250,0.0322524
280,4.6,250,0.0329691
280,4.7,250,0.0336858
280,4.8,250,0.0344026
280,4.9,250,0.0351193
280,5,250,0.035836
280,5.1,250,0.0365527
280,5.2,250,0.0372694
280,5.3,250,0.0379861
280,5.4,250,0.0387028
280,5.5,250,0.0394195
280,5.6,250,0.0401363
280,5.7,250,0.040853
280,5.8,250,0.0415697
280,5.9,250,0.0422864
280,6,250,0.0430031
280,6.1,250,0.0437198
280,6.2,250,0.0444365
280,6.3,250,0.0451532
280,6.4,250,0.04587
280,6.5,250,0.0465867
280,6.6,250,0.0473034
280,6.7,250,0.0480201
280,6.8,250,0.0487368
280,6.9,250,0.0494535
280,7,250,0.0501702
280,7.1,250,0.0508869
280,7.2,250,0.0516037
280,7.3,250,0.0523204
280,7.4,250,0.0530371
280,7.5,250,0.0537538
280,7.6,250,0.0544705
280,7.7,250,0.0551872
280,7.8,250,0.0559039
280,7.9,250,0.0566206
280,8,250,0.0573374
280,8.1,250,0.0580541
280,8.2,250,0.0587708
280,8.3,250,0.0594875
280,8.4,250,0.0602042
280,8.5,250,0.0609209
280,8.6,250,0.0616376
280,8.7,250,0.0623543
280,8.8,250,0.0630711
280,8.9,250,0.0637878
280,9,250,0.0645045
280,9.1,250,0.0652212
280,9.2,250,0.0659379
280,9.3,250,0.0666546
280,9.4,250,0.0673713
280,9.5,250,0.068088
280,9.6,250,0.0688048
280,9.7,250,0.0695215
280,9.8,250,0.0702382
280,9.9,250,0.0709549
280,10,250,0.0716716
280,10.1,250,0.0723883
280,10.2,250,0.073105
280,10.3,250,0.0738217
280,10.4,250,0.0745385
280,10.5,250,0.0752552
280,10.6,250,0.0759719
280,10.7,250,0.0766886
280,10.8,250,0.0774053
280,10.9,250,0.078122
280,11,250,0.0788387
280,11.1,250,0.0795554
280,11.2,250,0.0802722
280,11.3,250,0.0809889
280,11.4,250,0.0817056
280,11.5,250,0.0824223
280,11.6,250,0.083139
280,11.7,250,0.0838557
280,11.8,250,0.0845724
280,11.9,250,0.0852891
280,12,250,0.0860059
280,12.1,250,0.0867226
280,12.2,250,0.0874393
280,12.3,250,0.088156
280,12.4,250,0.0888727
280,12.5,250,0.0895894
280,12.6,250,0.0903061
280,12.7,250,0.0910228
280,12.8,250,0.0917395
280,12.9,250,0.0924563
280,13,250,0.093173
280,13.1,250,0.0938897
280,13.2,250,0.0946064
280,13.3,250,0.0953231
280,13.4,250,0.0960398
280,13.5,250,0.0967565
280,13.6,250,0.0974732
280,13.7,250,0.09819
280,13.8,250,0.0989067
280,13.9,250,0.0996234
280,14,250,0.10034
280,14.1,250,0.101057
280,14.2,250,0.101774
280,14.3,250,0.10249
280,14.4,250,0.103207
280,14.5,250,0.103924
280,14.6,250,0.10464
280,14.7,250,0.105357
280,14.8,250,0.106074
280,14.9,250,0.106791
280,15,250,0.107507
280,15.1,250,0.108224
280,15.2,250,0.108941
280,15.3,250,0.109657
280,15.4,250,0.110374
280,15.5,250,0.111091
280,15.6,250,0.111807
280,15.7,250,0.112525
280,15.8,250,0.113243
280,15.9,250,0.11396
280,16,250,0.114678
280,16.1,250,0.115396
280,16.2,250,0.116113
280,16.3,250,0.116831
280,16.4,250,0.117549
280,16.5,250,0.118266
280,16.6,250,0.118984
280,16.7,250,0.119702
280,16.8,250,0.120419
280,16.9,250,0.121137
280,17,250,0.121855
280,17.1,250,0.122572
280,17.2,250,0.12329
280,17.3,250,0.124008
280,17.4,250,0.124725
280,17.5,250,0.125443
280,17.6,250,0.126161
280,17.7,250,0.126878
280,17.8,250,0.127596
280,17.9,250,0.128314
280,18,250,0.129031
280,18.1,250,0.129749
280,18.2,250,0.130467
280,18.3,250,0.131184
280,18.4,250,0.131902
280,18.5,250,0.13262
280,18.6,250,0.133337
280,18.7,250,0.134055
280,18.8,250,0.134773
280,18.9,250,0.13549
280,19,250,0.136208
280,19.1,250,0.136926
280,19.2,250,0.137643
280,19.3,250,0.138361
280,19.4,250,0.139079
280,19.5,250,0.139796
280,19.6,250,0.140514
280,19.7,250,0.141232
280,19.8,250,0.141949
280,19.9,250,0.142667
280,20,250,0.143385
