x,y,z,b
255,0,225,1.44486e-07
255,0.1,225,0.00179577
255,0.2,225,0.0035914
255,0.3,225,0.00538702
255,0.4,225,0.00718265
255,0.5,225,0.00897827
255,0.6,225,0.0107739
255,0.7,225,0.0125695
255,0.8,225,0.0143651
255,0.9,225,0.0161608
255,1,225,0.0179564
255,1.1,225,0.019752
255,1.2,225,0.0215477
255,1.3,225,0.0233433
255,1.4,225,0.0251389
255,1.5,225,0.0269345
255,1.6,225,0.0287302
255,1.7,225,0.0305258
255,1.8,225,0.0323214
255,1.9,225,0.034117
255,2,225,0.0359127
255,2.1,225,0.0377083
255,2.2,225,0.0395039
255,2.3,225,0.0412995
255,2.4,225,0.0430952
255,2.5,225,0.0448908
255,2.6,225,0.0466864
255,2.7,225,0.048482
255,2.8,225,0.0502777
255,2.9,225,0.0520733
255,3,225,0.0538689
255,3.1,225,0.0556645
255,3.2,225,0.0574602
255,3.3,225,0.0592558
255,3.4,225,0.0610514
255,3.5,225,0.062847
255,3.6,225,0.0646427
255,3.7,225,0.0664383
255,3.8,225,0.0682339
255,3.9,225,0.0700295
255,4,225,0.0718252
255,4.1,225,0.0736208
255,4.2,225,0.0754164
255,4.3,225,0.077212
255,4.4,225,0.0790077
255,4.5,225,0.0808033
255,4.6,225,0.0825989
255,4.7,225,0.0843945
255,4.8,225,0.0861902
255,4.9,225,0.0879858
255,5,225,0.0897814
255,5.1,225,0.091577
255,5.2,225,0.0933727
255,5.3,225,0.0951683
255,5.4,225,0.0969639
255,5.5,225,0.0987595
255,5.6,225,0.100555
255,5.7,225,0.102351
255,5.8,225,0.104146
255,5.9,225,0.105942
255,6,225,0.107738
255,6.1,225,0.109533
255,6.2,225,0.111329
255,6.3,225,0.113125
255,6.4,225,0.11492
255,6.5,225,0.116716
255,6.6,225,0.118511
255,6.7,225,0.120307
255,6.8,225,0.122103
255,6.9,225,0.123898
255,7,225,0.125694
255,7.1,225,0.12749
255,7.2,225,0.129285
255,7.3,225,0.131081
255,7.4,225,0.132876
255,7.5,225,0.134672
255,7.6,225,0.136468
255,7.7,225,0.138263
255,7.8,225,0.140059
255,7.9,225,0.141855
255,8,225,0.14365
255,8.1,225,0.145446
255,8.2,225,0.147241
255,8.3,225,0.149037
255,8.4,225,0.150833
255,8.5,225,0.152628
255,8.6,225,0.154424
255,8.7,225,0.15622
255,8.8,225,0.158015
255,8.9,225,0.159811
255,9,225,0.161606
255,9.1,225,0.163402
255,9.2,225,0.165198
255,9.3,225,0.166993
255,9.4,225,0.168789
255,9.5,225,0.170585
255,9.6,225,0.17238
255,9.7,225,0.174176
255,9.8,225,0.175971
255,9.9,225,0.177767
255,10,225,0.179563
255,10.1,225,0.181358
255,10.2,225,0.183154
255,10.3,225,0.18495
255,10.4,225,0.186745
255,10.5,225,0.188541
255,10.6,225,0.190336
255,10.7,225,0.192132
255,10.8,225,0.193928
255,10.9,225,0.195723
255,11,225,0.197519
255,11.1,225,0.199315
255,11.2,225,0.20111
255,11.3,225,0.202906
255,11.4,225,0.204701
255,11.5,225,0.206497
255,11.6,225,0.208293
255,11.7,225,0.210088
255,11.8,225,0.211884
255,11.9,225,0.21368
255,12,225,0.215475
255,12.1,225,0.217271
255,12.2,225,0.219066
255,12.3,225,0.220862
255,12.4,225,0.222658
255,12.5,225,0.224453
255,12.6,225,0.226249
255,12.7,225,0.228045
255,12.8,225,0.22984
255,12.9,225,0.231636
255,13,225,0.233431
255,13.1,225,0.235227
255,13.2,225,0.237023
255,13.3,225,0.238818
255,13.4,225,0.240614
255,13.5,225,0.24241
255,13.6,225,0.244205
255,13.7,225,0.246001
255,13.8,225,0.247796
255,13.9,225,0.249592
255,14,225,0.251388
255,14.1,225,0.253183
255,14.2,225,0.254979
255,14.3,225,0.256774
255,14.4,225,0.258569
255,14.5,225,0.260364
255,14.6,225,0.26216
255,14.7,225,0.263955
255,14.8,225,0.26575
255,14.9,225,0.267546
255,15,225,0.269341
255,15.1,225,0.271136
255,15.2,225,0.272932
255,15.3,225,0.274727
255,15.4,225,0.276522
255,15.5,225,0.278317
255,15.6,225,0.280113
255,15.7,225,0.281908
255,15.8,225,0.283703
255,15.9,225,0.285499
255,16,225,0.287294
255,16.1,225,0.289089
255,16.2,225,0.290885
255,16.3,225,0.29268
255,16.4,225,0.294475
255,16.5,225,0.29627
255,16.6,225,0.298066
255,16.7,225,0.299861
255,16.8,225,0.301656
255,16.9,225,0.303452
255,17,225,0.305247
255,17.1,225,0.307042
255,17.2,225,0.308838
255,17.3,225,0.310633
255,17.4,225,0.312428
255,17.5,225,0.314223
255,17.6,225,0.316019
255,17.7,225,0.317814
255,17.8,225,0.319609
255,17.9,225,0.321405
255,18,225,0.3232
255,18.1,225,0.324995
255,18.2,225,0.326791
255,18.3,225,0.328586
255,18.4,225,0.330381
255,18.5,225,0.332176
255,18.6,225,0.333972
255,18.7,225,0.335767
255,18.8,225,0.337562
255,18.9,225,0.339358
255,19,225,0.341153
255,19.1,225,0.342948
255,19.2,225,0.344744
255,19.3,225,0.346539
255,19.4,225,0.348334
255,19.5,225,0.350129
255,19.6,225,0.351925
255,19.7,225,0.35372
255,19.8,225,0.355515
255,19.9,225,0.357311
255,20,225,0.359106
