x,y,z,b
255,0,225,-4.39091e-07
255,0.1,225,0.00179673
255,0.2,225,0.0035939
255,0.3,225,0.00539107
255,0.4,225,0.00718824
255,0.5,225,0.0089854
255,0.6,225,0.0107826
255,0.7,225,0.0125797
255,0.8,225,0.0143769
255,0.9,225,0.0161741
255,1,225,0.0179712
255,1.1,225,0.0197684
255,1.2,225,0.0215656
255,1.3,225,0.0233628
255,1.4,225,0.0251599
255,1.5,225,0.0269571
255,1.6,225,0.0287543
255,1.7,225,0.0305514
255,1.8,225,0.0323486
255,1.9,225,0.0341458
255,2,225,0.0359429
255,2.1,225,0.0377401
255,2.2,225,0.0395373
255,2.3,225,0.0413344
255,2.4,225,0.0431316
255,2.5,225,0.0449288
255,2.6,225,0.0467259
255,2.7,225,0.0485231
255,2.8,225,0.0503203
255,2.9,225,0.0521174
255,3,225,0.0539146
255,3.1,225,0.0557118
255,3.2,225,0.057509
255,3.3,225,0.0593061
255,3.4,225,0.0611033
255,3.5,225,0.0629005
255,3.6,225,0.0646976
255,3.7,225,0.0664948
255,3.8,225,0.068292
255,3.9,225,0.0700891
255,4,225,0.0718863
255,4.1,225,0.0736835
255,4.2,225,0.0754806
255,4.3,225,0.0772778
255,4.4,225,0.079075
255,4.5,225,0.0808721
255,4.6,225,0.0826693
255,4.7,225,0.0844665
255,4.8,225,0.0862637
255,4.9,225,0.0880608
255,5,225,0.089858
255,5.1,225,0.0916552
255,5.2,225,0.0934523
255,5.3,225,0.0952495
255,5.4,225,0.0970467
255,5.5,225,0.0988438
255,5.6,225,0.100641
255,5.7,225,0.102438
255,5.8,225,0.104235
255,5.9,225,0.106033
255,6,225,0.10783
255,6.1,225,0.109627
255,6.2,225,0.111424
255,6.3,225,0.113221
255,6.4,225,0.115018
255,6.5,225,0.116816
255,6.6,225,0.118613
255,6.7,225,0.12041
255,6.8,225,0.122207
255,6.9,225,0.124004
255,7,225,0.125801
255,7.1,225,0.127599
255,7.2,225,0.129396
255,7.3,225,0.131193
255,7.4,225,0.13299
255,7.5,225,0.134787
255,7.6,225,0.136584
255,7.7,225,0.138382
255,7.8,225,0.140179
255,7.9,225,0.141976
255,8,225,0.143773
255,8.1,225,0.14557
255,8.2,225,0.147367
255,8.3,225,0.149165
255,8.4,225,0.150962
255,8.5,225,0.152759
255,8.6,225,0.154556
255,8.7,225,0.156353
255,8.8,225,0.15815
255,8.9,225,0.159948
255,9,225,0.161745
255,9.1,225,0.163542
255,9.2,225,0.165339
255,9.3,225,0.167136
255,9.4,225,0.168933
255,9.5,225,0.170731
255,9.6,225,0.172528
255,9.7,225,0.174325
255,9.8,225,0.176122
255,9.9,225,0.177919
255,10,225,0.179716
255,10.1,225,0.181514
255,10.2,225,0.183311
255,10.3,225,0.185108
255,10.4,225,0.186905
255,10.5,225,0.188702
255,10.6,225,0.190499
255,10.7,225,0.192297
255,10.8,225,0.194094
255,10.9,225,0.195891
255,11,225,0.197688
255,11.1,225,0.199485
255,11.2,225,0.201282
255,11.3,225,0.20308
255,11.4,225,0.204877
255,11.5,225,0.206674
255,11.6,225,0.208471
255,11.7,225,0.210268
255,11.8,225,0.212065
255,11.9,225,0.213863
255,12,225,0.21566
255,12.1,225,0.217457
255,12.2,225,0.219254
255,12.3,225,0.221051
255,12.4,225,0.222848
255,12.5,225,0.224646
255,12.6,225,0.226443
255,12.7,225,0.22824
255,12.8,225,0.230037
255,12.9,225,0.231834
255,13,225,0.233631
255,13.1,225,0.235429
255,13.2,225,0.237226
255,13.3,225,0.239023
255,13.4,225,0.24082
255,13.5,225,0.242617
255,13.6,225,0.244414
255,13.7,225,0.246212
255,13.8,225,0.248009
255,13.9,225,0.249806
255,14,225,0.251603
255,14.1,225,0.253403
255,14.2,225,0.255205
255,14.3,225,0.257008
255,14.4,225,0.258811
255,14.5,225,0.260614
255,14.6,225,0.262417
255,14.7,225,0.26422
255,14.8,225,0.266023
255,14.9,225,0.267826
255,15,225,0.269629
255,15.1,225,0.271432
255,15.2,225,0.273235
255,15.3,225,0.275038
255,15.4,225,0.276841
255,15.5,225,0.278644
255,15.6,225,0.280447
255,15.7,225,0.28225
255,15.8,225,0.284053
255,15.9,225,0.285856
255,16,225,0.287659
255,16.1,225,0.289462
255,16.2,225,0.291265
255,16.3,225,0.293068
255,16.4,225,0.294871
255,16.5,225,0.296674
255,16.6,225,0.298477
255,16.7,225,0.30028
255,16.8,225,0.302083
255,16.9,225,0.303886
255,17,225,0.305689
255,17.1,225,0.307492
255,17.2,225,0.309295
255,17.3,225,0.311098
255,17.4,225,0.312901
255,17.5,225,0.314704
255,17.6,225,0.316507
255,17.7,225,0.31831
255,17.8,225,0.320113
255,17.9,225,0.321916
255,18,225,0.323719
255,18.1,225,0.325522
255,18.2,225,0.327325
255,18.3,225,0.329128
255,18.4,225,0.33093
255,18.5,225,0.332733
255,18.6,225,0.334536
255,18.7,225,0.336339
255,18.8,225,0.338142
255,18.9,225,0.339945
255,19,225,0.341748
255,19.1,225,0.343551
255,19.2,225,0.345354
255,19.3,225,0.347157
255,19.4,225,0.34896
255,19.5,225,0.350763
255,19.6,225,0.352566
255,19.7,225,0.354369
255,19.8,225,0.356172
255,19.9,225,0.357975
255,20,225,0.359778
