x,y,z,b
255,0,225,3.67868e-09
255,0.1,225,0.00179668
255,0.2,225,0.00359335
255,0.3,225,0.00539003
255,0.4,225,0.0071867
255,0.5,225,0.00898337
255,0.6,225,0.01078
255,0.7,225,0.0125767
255,0.8,225,0.0143734
255,0.9,225,0.0161701
255,1,225,0.0179667
255,1.1,225,0.0197634
255,1.2,225,0.0215601
255,1.3,225,0.0233568
255,1.4,225,0.0251534
255,1.5,225,0.0269501
255,1.6,225,0.0287468
255,1.7,225,0.0305435
255,1.8,225,0.0323401
255,1.9,225,0.0341368
255,2,225,0.0359335
255,2.1,225,0.0377302
255,2.2,225,0.0395268
255,2.3,225,0.0413235
255,2.4,225,0.0431202
255,2.5,225,0.0449169
255,2.6,225,0.0467135
255,2.7,225,0.0485102
255,2.8,225,0.0503069
255,2.9,225,0.0521036
255,3,225,0.0539002
255,3.1,225,0.0556969
255,3.2,225,0.0574936
255,3.3,225,0.0592903
255,3.4,225,0.0610869
255,3.5,225,0.0628836
255,3.6,225,0.0646803
255,3.7,225,0.066477
255,3.8,225,0.0682736
255,3.9,225,0.0700703
255,4,225,0.071867
255,4.1,225,0.0736636
255,4.2,225,0.0754603
255,4.3,225,0.077257
255,4.4,225,0.0790537
255,4.5,225,0.0808503
255,4.6,225,0.082647
255,4.7,225,0.0844437
255,4.8,225,0.0862404
255,4.9,225,0.088037
255,5,225,0.0898337
255,5.1,225,0.0916304
255,5.2,225,0.0934271
255,5.3,225,0.0952237
255,5.4,225,0.0970204
255,5.5,225,0.0988171
255,5.6,225,0.100614
255,5.7,225,0.10241
255,5.8,225,0.104207
255,5.9,225,0.106004
255,6,225,0.1078
255,6.1,225,0.109597
255,6.2,225,0.111394
255,6.3,225,0.11319
255,6.4,225,0.114987
255,6.5,225,0.116784
255,6.6,225,0.118581
255,6.7,225,0.120377
255,6.8,225,0.122174
255,6.9,225,0.123971
255,7,225,0.125767
255,7.1,225,0.127564
255,7.2,225,0.129361
255,7.3,225,0.131157
255,7.4,225,0.132954
255,7.5,225,0.134751
255,7.6,225,0.136547
255,7.7,225,0.138344
255,7.8,225,0.140141
255,7.9,225,0.141937
255,8,225,0.143734
255,8.1,225,0.145531
255,8.2,225,0.147327
255,8.3,225,0.149124
255,8.4,225,0.150921
255,8.5,225,0.152717
255,8.6,225,0.154514
255,8.7,225,0.156311
255,8.8,225,0.158107
255,8.9,225,0.159904
255,9,225,0.161701
255,9.1,225,0.163497
255,9.2,225,0.165294
255,9.3,225,0.167091
255,9.4,225,0.168887
255,9.5,225,0.170684
255,9.6,225,0.172481
255,9.7,225,0.174277
255,9.8,225,0.176074
255,9.9,225,0.177871
255,10,225,0.179667
255,10.1,225,0.181464
255,10.2,225,0.183261
255,10.3,225,0.185057
255,10.4,225,0.186854
255,10.5,225,0.188651
255,10.6,225,0.190447
255,10.7,225,0.192244
255,10.8,225,0.194041
255,10.9,225,0.195837
255,11,225,0.197634
255,11.1,225,0.199431
255,11.2,225,0.201228
255,11.3,225,0.203024
255,11.4,225,0.204821
255,11.5,225,0.206618
255,11.6,225,0.208414
255,11.7,225,0.210211
255,11.8,225,0.212008
255,11.9,225,0.213804
255,12,225,0.215601
255,12.1,225,0.217398
255,12.2,225,0.219194
255,12.3,225,0.220991
255,12.4,225,0.222788
255,12.5,225,0.224584
255,12.6,225,0.226381
255,12.7,225,0.228178
255,12.8,225,0.229974
255,12.9,225,0.231771
255,13,225,0.233568
255,13.1,225,0.235364
255,13.2,225,0.237161
255,13.3,225,0.238958
255,13.4,225,0.240754
255,13.5,225,0.242551
255,13.6,225,0.244348
255,13.7,225,0.246144
255,13.8,225,0.247941
255,13.9,225,0.249738
255,14,225,0.251534
255,14.1,225,0.253331
255,14.2,225,0.255128
255,14.3,225,0.256925
255,14.4,225,0.258722
255,14.5,225,0.260519
255,14.6,225,0.262316
255,14.7,225,0.264113
255,14.8,225,0.26591
255,14.9,225,0.267707
255,15,225,0.269504
255,15.1,225,0.271301
255,15.2,225,0.273098
255,15.3,225,0.274895
255,15.4,225,0.276693
255,15.5,225,0.27849
255,15.6,225,0.280287
255,15.7,225,0.282084
255,15.8,225,0.283881
255,15.9,225,0.285678
255,16,225,0.287475
255,16.1,225,0.289272
255,16.2,225,0.291069
255,16.3,225,0.292866
255,16.4,225,0.294663
255,16.5,225,0.29646
255,16.6,225,0.298257
255,16.7,225,0.300054
255,16.8,225,0.301851
255,16.9,225,0.303648
255,17,225,0.305445
255,17.1,225,0.307242
255,17.2,225,0.309039
255,17.3,225,0.310836
255,17.4,225,0.312633
255,17.5,225,0.31443
255,17.6,225,0.316227
255,17.7,225,0.318024
255,17.8,225,0.319821
255,17.9,225,0.321618
255,18,225,0.323415
255,18.1,225,0.325212
255,18.2,225,0.327009
255,18.3,225,0.328806
255,18.4,225,0.330603
255,18.5,225,0.3324
255,18.6,225,0.334197
255,18.7,225,0.335994
255,18.8,225,0.337791
255,18.9,225,0.339588
255,19,225,0.341385
255,19.1,225,0.343182
255,19.2,225,0.344979
255,19.3,225,0.346776
255,19.4,225,0.348573
255,19.5,225,0.35037
255,19.6,225,0.352168
255,19.7,225,0.353965
255,19.8,225,0.355762
255,19.9,225,0.357559
255,20,225,0.359356
