x,y,z,b
255,0,225,6.75004e-06
255,0.1,225,0.0017963
255,0.2,225,0.00358585
255,0.3,225,0.0053754
255,0.4,225,0.00716496
255,0.5,225,0.00895451
255,0.6,225,0.0107441
255,0.7,225,0.0125336
255,0.8,225,0.0143232
255,0.9,225,0.0161127
255,1,225,0.0179023
255,1.1,225,0.0196918
255,1.2,225,0.0214814
255,1.3,225,0.0232709
255,1.4,225,0.0250605
255,1.5,225,0.02685
255,1.6,225,0.0286396
255,1.7,225,0.0304291
255,1.8,225,0.0322187
255,1.9,225,0.0340082
255,2,225,0.0357978
255,2.1,225,0.0375873
255,2.2,225,0.0393769
255,2.3,225,0.0411664
255,2.4,225,0.042956
255,2.5,225,0.0447455
255,2.6,225,0.0465351
255,2.7,225,0.0483246
255,2.8,225,0.0501142
255,2.9,225,0.0519037
255,3,225,0.0536933
255,3.1,225,0.0554828
255,3.2,225,0.0572724
255,3.3,225,0.0590619
255,3.4,225,0.0608515
255,3.5,225,0.062641
255,3.6,225,0.0644306
255,3.7,225,0.0662201
255,3.8,225,0.0680097
255,3.9,225,0.0697992
255,4,225,0.0715888
255,4.1,225,0.0733784
255,4.2,225,0.0751679
255,4.3,225,0.0769575
255,4.4,225,0.078747
255,4.5,225,0.0805366
255,4.6,225,0.0823261
255,4.7,225,0.0841157
255,4.8,225,0.0859052
255,4.9,225,0.0876948
255,5,225,0.0894843
255,5.1,225,0.0912739
255,5.2,225,0.0930634
255,5.3,225,0.094853
255,5.4,225,0.0966425
255,5.5,225,0.0984321
255,5.6,225,0.100222
255,5.7,225,0.102011
255,5.8,225,0.103801
255,5.9,225,0.10559
255,6,225,0.10738
255,6.1,225,0.109169
255,6.2,225,0.110959
255,6.3,225,0.112748
255,6.4,225,0.114538
255,6.5,225,0.116328
255,6.6,225,0.118117
255,6.7,225,0.119907
255,6.8,225,0.121696
255,6.9,225,0.123486
255,7,225,0.125275
255,7.1,225,0.127065
255,7.2,225,0.128854
255,7.3,225,0.130644
255,7.4,225,0.132434
255,7.5,225,0.134223
255,7.6,225,0.136013
255,7.7,225,0.137802
255,7.8,225,0.139592
255,7.9,225,0.141381
255,8,225,0.143171
255,8.1,225,0.14496
255,8.2,225,0.14675
255,8.3,225,0.14854
255,8.4,225,0.150329
255,8.5,225,0.152119
255,8.6,225,0.153908
255,8.7,225,0.155698
255,8.8,225,0.157487
255,8.9,225,0.159277
255,9,225,0.161066
255,9.1,225,0.162856
255,9.2,225,0.164645
255,9.3,225,0.166435
255,9.4,225,0.168225
255,9.5,225,0.170014
255,9.6,225,0.171804
255,9.7,225,0.173593
255,9.8,225,0.175383
255,9.9,225,0.177172
255,10,225,0.178962
255,10.1,225,0.180751
255,10.2,225,0.182541
255,10.3,225,0.184331
255,10.4,225,0.18612
255,10.5,225,0.18791
255,10.6,225,0.189699
255,10.7,225,0.191489
255,10.8,225,0.193278
255,10.9,225,0.195068
255,11,225,0.196857
255,11.1,225,0.198647
255,11.2,225,0.200436
255,11.3,225,0.202226
255,11.4,225,0.204016
255,11.5,225,0.205805
255,11.6,225,0.207595
255,11.7,225,0.209384
255,11.8,225,0.211174
255,11.9,225,0.212963
255,12,225,0.214753
255,12.1,225,0.216542
255,12.2,225,0.218332
255,12.3,225,0.220122
255,12.4,225,0.221911
255,12.5,225,0.223701
255,12.6,225,0.22549
255,12.7,225,0.22728
255,12.8,225,0.229069
255,12.9,225,0.230859
255,13,225,0.232648
255,13.1,225,0.234438
255,13.2,225,0.236228
255,13.3,225,0.238017
255,13.4,225,0.239807
255,13.5,225,0.241596
255,13.6,225,0.243386
255,13.7,225,0.245175
255,13.8,225,0.246965
255,13.9,225,0.248754
255,14,225,0.250544
255,14.1,225,0.252335
255,14.2,225,0.254128
255,14.3,225,0.255921
255,14.4,225,0.257715
255,14.5,225,0.259508
255,14.6,225,0.261301
255,14.7,225,0.263095
255,14.8,225,0.264888
255,14.9,225,0.266681
255,15,225,0.268474
255,15.1,225,0.270268
255,15.2,225,0.272061
255,15.3,225,0.273854
255,15.4,225,0.275647
255,15.5,225,0.277441
255,15.6,225,0.279234
255,15.7,225,0.281027
255,15.8,225,0.282821
255,15.9,225,0.284614
255,16,225,0.286407
255,16.1,225,0.2882
255,16.2,225,0.289994
255,16.3,225,0.291787
255,16.4,225,0.29358
255,16.5,225,0.295374
255,16.6,225,0.297167
255,16.7,225,0.29896
255,16.8,225,0.300753
255,16.9,225,0.302547
255,17,225,0.30434
255,17.1,225,0.306133
255,17.2,225,0.307926
255,17.3,225,0.30972
255,17.4,225,0.311513
255,17.5,225,0.313306
255,17.6,225,0.3151
255,17.7,225,0.316893
255,17.8,225,0.318686
255,17.9,225,0.320479
255,18,225,0.322273
255,18.1,225,0.324066
255,18.2,225,0.325859
255,18.3,225,0.327653
255,18.4,225,0.329446
255,18.5,225,0.331239
255,18.6,225,0.333032
255,18.7,225,0.334826
255,18.8,225,0.336619
255,18.9,225,0.338412
255,19,225,0.340205
255,19.1,225,0.341999
255,19.2,225,0.343792
255,19.3,225,0.345585
255,19.4,225,0.347379
255,19.5,225,0.349172
255,19.6,225,0.350965
255,19.7,225,0.352758
255,19.8,225,0.354552
255,19.9,225,0.356345
255,20,225,0.358138
