x,y,z,b
255,0,225,-1.95864e-07
255,0.1,225,0.00179891
255,0.2,225,0.00359801
255,0.3,225,0.00539712
255,0.4,225,0.00719622
255,0.5,225,0.00899533
255,0.6,225,0.0107944
255,0.7,225,0.0125935
255,0.8,225,0.0143926
255,0.9,225,0.0161917
255,1,225,0.0179908
255,1.1,225,0.01979
255,1.2,225,0.0215891
255,1.3,225,0.0233882
255,1.4,225,0.0251873
255,1.5,225,0.0269864
255,1.6,225,0.0287855
255,1.7,225,0.0305846
255,1.8,225,0.0323837
255,1.9,225,0.0341828
255,2,225,0.0359819
255,2.1,225,0.037781
255,2.2,225,0.0395801
255,2.3,225,0.0413792
255,2.4,225,0.0431783
255,2.5,225,0.0449774
255,2.6,225,0.0467765
255,2.7,225,0.0485756
255,2.8,225,0.0503747
255,2.9,225,0.0521738
255,3,225,0.0539729
255,3.1,225,0.055772
255,3.2,225,0.0575711
255,3.3,225,0.0593703
255,3.4,225,0.0611694
255,3.5,225,0.0629685
255,3.6,225,0.0647676
255,3.7,225,0.0665667
255,3.8,225,0.0683658
255,3.9,225,0.0701649
255,4,225,0.071964
255,4.1,225,0.0737631
255,4.2,225,0.0755622
255,4.3,225,0.0773613
255,4.4,225,0.0791604
255,4.5,225,0.0809595
255,4.6,225,0.0827586
255,4.7,225,0.0845577
255,4.8,225,0.0863568
255,4.9,225,0.0881559
255,5,225,0.089955
255,5.1,225,0.0917541
255,5.2,225,0.0935532
255,5.3,225,0.0953523
255,5.4,225,0.0971514
255,5.5,225,0.0989506
255,5.6,225,0.10075
255,5.7,225,0.102549
255,5.8,225,0.104348
255,5.9,225,0.106147
255,6,225,0.107946
255,6.1,225,0.109745
255,6.2,225,0.111544
255,6.3,225,0.113343
255,6.4,225,0.115142
255,6.5,225,0.116942
255,6.6,225,0.118741
255,6.7,225,0.12054
255,6.8,225,0.122339
255,6.9,225,0.124138
255,7,225,0.125937
255,7.1,225,0.127736
255,7.2,225,0.129535
255,7.3,225,0.131334
255,7.4,225,0.133134
255,7.5,225,0.134933
255,7.6,225,0.136732
255,7.7,225,0.138531
255,7.8,225,0.14033
255,7.9,225,0.142129
255,8,225,0.143928
255,8.1,225,0.145727
255,8.2,225,0.147526
255,8.3,225,0.149325
255,8.4,225,0.151125
255,8.5,225,0.152924
255,8.6,225,0.154723
255,8.7,225,0.156522
255,8.8,225,0.158321
255,8.9,225,0.16012
255,9,225,0.161919
255,9.1,225,0.163718
255,9.2,225,0.165517
255,9.3,225,0.167317
255,9.4,225,0.169116
255,9.5,225,0.170915
255,9.6,225,0.172714
255,9.7,225,0.174513
255,9.8,225,0.176312
255,9.9,225,0.178111
255,10,225,0.17991
255,10.1,225,0.181709
255,10.2,225,0.183508
255,10.3,225,0.185308
255,10.4,225,0.187107
255,10.5,225,0.188906
255,10.6,225,0.190705
255,10.7,225,0.192504
255,10.8,225,0.194303
255,10.9,225,0.196102
255,11,225,0.197901
255,11.1,225,0.1997
255,11.2,225,0.2015
255,11.3,225,0.203299
255,11.4,225,0.205098
255,11.5,225,0.206897
255,11.6,225,0.208696
255,11.7,225,0.210495
255,11.8,225,0.212294
255,11.9,225,0.214093
255,12,225,0.215892
255,12.1,225,0.217691
255,12.2,225,0.219491
255,12.3,225,0.22129
255,12.4,225,0.223089
255,12.5,225,0.224888
255,12.6,225,0.226687
255,12.7,225,0.228486
255,12.8,225,0.230285
255,12.9,225,0.232084
255,13,225,0.233883
255,13.1,225,0.235682
255,13.2,225,0.237482
255,13.3,225,0.239281
255,13.4,225,0.24108
255,13.5,225,0.242879
255,13.6,225,0.244678
255,13.7,225,0.246477
255,13.8,225,0.248276
255,13.9,225,0.250075
255,14,225,0.251874
255,14.1,225,0.253675
255,14.2,225,0.255477
255,14.3,225,0.257279
255,14.4,225,0.259082
255,14.5,225,0.260884
255,14.6,225,0.262686
255,14.7,225,0.264488
255,14.8,225,0.266291
255,14.9,225,0.268093
255,15,225,0.269895
255,15.1,225,0.271698
255,15.2,225,0.2735
255,15.3,225,0.275302
255,15.4,225,0.277104
255,15.5,225,0.278907
255,15.6,225,0.280709
255,15.7,225,0.282511
255,15.8,225,0.284313
255,15.9,225,0.286116
255,16,225,0.287918
255,16.1,225,0.28972
255,16.2,225,0.291523
255,16.3,225,0.293325
255,16.4,225,0.295127
255,16.5,225,0.296929
255,16.6,225,0.298732
255,16.7,225,0.300534
255,16.8,225,0.302336
255,16.9,225,0.304139
255,17,225,0.305941
255,17.1,225,0.307743
255,17.2,225,0.309545
255,17.3,225,0.311348
255,17.4,225,0.31315
255,17.5,225,0.314952
255,17.6,225,0.316754
255,17.7,225,0.318557
255,17.8,225,0.320359
255,17.9,225,0.322161
255,18,225,0.323964
255,18.1,225,0.325766
255,18.2,225,0.327568
255,18.3,225,0.32937
255,18.4,225,0.331173
255,18.5,225,0.332975
255,18.6,225,0.334777
255,18.7,225,0.33658
255,18.8,225,0.338382
255,18.9,225,0.340184
255,19,225,0.341986
255,19.1,225,0.343789
255,19.2,225,0.345591
255,19.3,225,0.347393
255,19.4,225,0.349196
255,19.5,225,0.350998
255,19.6,225,0.3528
255,19.7,225,0.354602
255,19.8,225,0.356405
255,19.9,225,0.358207
255,20,225,0.360009
