R,v,vx,vy,vz
-100,0.57369,-0.573689,-0.000355851,-0.000419452
-99,0.573724,-0.573723,-0.000374494,-0.000436666
-98,0.573754,-0.573753,-0.0003955,-0.000454787
-97,0.573783,-0.573783,-0.00041635,-0.00047252
-96,0.573812,-0.573812,-0.000437047,-0.000489867
-95,0.573841,-0.57384,-0.000457593,-0.000506826
-94,0.573854,-0.573854,-0.00047943,-0.000528273
-93,0.573859,-0.573859,-0.000501813,-0.0005518
-92,0.573864,-0.573863,-0.000523966,-0.000574813
-91,0.573867,-0.573867,-0.000545892,-0.000597312
-90,0.573871,-0.57387,-0.000567593,-0.000619298
-89,0.573858,-0.573857,-0.000587008,-0.000646899
-88,0.573832,-0.573831,-0.000604115,-0.000679148
-87,0.573805,-0.573804,-0.000620599,-0.000710755
-86,0.573777,-0.573777,-0.000636465,-0.00074172
-85,0.573749,-0.573748,-0.000651719,-0.000772043
-84,0.573709,-0.573708,-0.00066914,-0.000807354
-83,0.573653,-0.573652,-0.000689743,-0.000849589
-82,0.573597,-0.573595,-0.00070972,-0.000890961
-81,0.573539,-0.573538,-0.000729076,-0.000931473
-80,0.57348,-0.573479,-0.000747818,-0.000971124
-79,0.573405,-0.573403,-0.000780795,-0.00101352
-78,0.573291,-0.57329,-0.000847336,-0.00106314
-77,0.573177,-0.573175,-0.00091382,-0.00111172
-76,0.57306,-0.573058,-0.000980252,-0.00115926
-75,0.572941,-0.572939,-0.00104663,-0.00120577
-74,0.572806,-0.572804,-0.0011118,-0.00125512
-73,0.572606,-0.572603,-0.00117156,-0.00131992
-72,0.572402,-0.572399,-0.00123068,-0.00138329
-71,0.572196,-0.572192,-0.00128919,-0.00144523
-70,0.571986,-0.571982,-0.0013471,-0.00150574
-69,0.571768,-0.571764,-0.00140049,-0.00156888
-68,0.571479,-0.571475,-0.00140132,-0.00168239
-67,0.571188,-0.571183,-0.00139857,-0.00179417
-66,0.570892,-0.570887,-0.00139229,-0.00190421
-65,0.570593,-0.570588,-0.00138253,-0.00201253
-64,0.57029,-0.570284,-0.00136932,-0.00211912
-63,0.56992,-0.569913,-0.00142343,-0.00228258
-62,0.569554,-0.569547,-0.00148924,-0.00243574
-61,0.569196,-0.569188,-0.00156598,-0.00257325
-60,0.568837,-0.568828,-0.00164284,-0.00270481
-59,0.568475,-0.568466,-0.00171982,-0.00283043
-58,0.567904,-0.567893,-0.00198903,-0.00303861
-57,0.567289,-0.567275,-0.00229648,-0.00325515
-56,0.566671,-0.566654,-0.00260549,-0.00346286
-55,0.566048,-0.566028,-0.00291603,-0.00366172
-54,0.565421,-0.565399,-0.0032281,-0.00385173
-53,0.564518,-0.564492,-0.0034561,-0.00414282
-52,0.563503,-0.563473,-0.00365421,-0.00446276
-51,0.562479,-0.562446,-0.00385545,-0.00476867
-50,0.561446,-0.561409,-0.00405979,-0.00506053
-49,0.560405,-0.560363,-0.00426721,-0.00533834
-48,0.559067,-0.55902,-0.00434969,-0.00585921
-47,0.557528,-0.557473,-0.00434587,-0.00652153
-46,0.555971,-0.555908,-0.00433736,-0.00715553
-45,0.554397,-0.554326,-0.00432421,-0.00776114
-44,0.552805,-0.552726,-0.00430643,-0.00833832
-43,0.550922,-0.550828,-0.00463872,-0.00907031
-42,0.548732,-0.548616,-0.00533412,-0.00995565
-41,0.546523,-0.546383,-0.00602271,-0.0108003
-40,0.544292,-0.544127,-0.00670447,-0.0116041
-39,0.542041,-0.541849,-0.00737938,-0.0123669
-38,0.5391,-0.538877,-0.00820288,-0.0131644
-37,0.535002,-0.534737,-0.00929434,-0.014045
-36,0.530858,-0.530547,-0.0103992,-0.0148804
-35,0.526668,-0.526309,-0.0115172,-0.0156702
-34,0.522432,-0.522021,-0.0126482,-0.0164144
-33,0.517757,-0.517297,-0.0132337,-0.017339
-32,0.511871,-0.511378,-0.0122211,-0.0188542
-31,0.505895,-0.505363,-0.0112278,-0.020296
-30,0.499828,-0.499253,-0.0102535,-0.0216642
-29,0.493669,-0.493047,-0.00929838,-0.022959
-28,0.487023,-0.486338,-0.00803735,-0.0245417
-27,0.477835,-0.476975,-0.00480251,-0.028245
-26,0.468485,-0.467399,-0.00157667,-0.031845
-25,0.458975,-0.457609,0.00164007,-0.0353417
-24,0.449306,-0.447607,0.0048476,-0.0387351
-23,0.43927,-0.437164,0.00810633,-0.0421929
-22,0.42054,-0.417039,0.0137976,-0.052362
-21,0.401596,-0.396231,0.0194548,-0.062464
-20,0.383237,-0.375878,0.0252813,-0.0703333
-19,0.365116,-0.355571,0.0311277,-0.0768759
-18,0.347096,-0.335131,0.0369531,-0.0824479
-17,0.323437,-0.308121,0.0425111,-0.0886895
-16,0.298813,-0.279508,0.0477817,-0.094239
-15,0.273914,-0.249909,0.0527782,-0.0989376
-14,0.248947,-0.219323,0.0575006,-0.102788
-13,0.224234,-0.187752,0.0619489,-0.105794
-12,0.194155,-0.145137,0.0603624,-0.113964
-11,0.167584,-0.0982355,0.0568148,-0.123314
-10,0.150855,-0.0496392,0.0528021,-0.132307
-9,0.148998,0.000640913,0.0483189,-0.140945
-8,0.164057,0.0525937,0.0433593,-0.149226
-7,0.216614,0.118045,0.0358584,-0.178049
-6,0.289402,0.193961,0.0263956,-0.213158
-5,0.690697,0.58006,0.0822095,-0.365834
-4,0.874692,0.752578,0.138977,-0.423553
-3,1.77962,1.57976,0.00789239,-0.819352
-2,3.03332,2.70137,-0.215144,-1.36284
-1,4.46314,3.99107,-0.516967,-1.92969
0,5.76964,5.20357,-0.864619,-2.33753
1,6.89359,6.23666,-1.16465,-2.69614
2,6.7844,6.09601,-1.28759,-2.68492
3,6.3277,5.61787,-1.35571,-2.5771
4,5.90396,5.18061,-1.39741,-2.46276
5,5.24538,4.6017,-1.2989,-2.15668
6,4.67196,4.09089,-1.22215,-1.89688
7,3.98779,3.51601,-1.06368,-1.55199
8,3.15265,2.82676,-0.840346,-1.11466
9,2.27765,2.09218,-0.61185,-0.660409
10,1.47715,1.42827,-0.301505,-0.22613
11,0.734541,0.693543,0.0375375,0.239038
12,0.584264,0.251269,0.248272,0.465392
13,0.576373,0.116434,0.322241,0.463476
14,0.637302,-0.0402557,0.404302,0.490992
15,0.496823,-0.0984773,0.321896,0.365401
16,0.267675,-0.116179,0.155427,0.184377
17,0.28624,-0.186413,0.149221,0.15785
18,0.323931,-0.258162,0.142479,0.134103
19,0.338757,-0.289411,0.12889,0.119938
20,0.358386,-0.322541,0.114948,0.105805
21,0.38314,-0.358228,0.100662,0.0913024
22,0.414188,-0.398029,0.0862145,0.0754411
23,0.447681,-0.437721,0.0716639,0.0606806
24,0.457441,-0.449584,0.0659858,0.0526528
25,0.467016,-0.460867,0.0604318,0.0453182
26,0.476959,-0.472232,0.0547892,0.0385369
27,0.487232,-0.483678,0.0490578,0.0323088
28,0.497802,-0.495205,0.0432378,0.0266339
29,0.503868,-0.501906,0.0380704,0.0228879
30,0.509232,-0.507787,0.033001,0.0195098
31,0.514649,-0.513634,0.0279145,0.0162462
32,0.520115,-0.519449,0.0228108,0.0130969
33,0.525626,-0.525232,0.0176901,0.0100621
34,0.529645,-0.529351,0.0155735,0.00830909
35,0.533157,-0.532913,0.0144792,0.00705537
36,0.536684,-0.536485,0.0133692,0.00589752
37,0.540225,-0.540065,0.0122437,0.00483554
38,0.543781,-0.543654,0.0111026,0.00386944
39,0.546518,-0.54641,0.010337,0.00330605
40,0.548773,-0.548678,0.0097899,0.00297936
41,0.551039,-0.550955,0.0092301,0.00269832
42,0.553313,-0.55324,0.00865759,0.00246293
43,0.555598,-0.555535,0.00807239,0.00227318
44,0.557529,-0.557474,0.00749598,0.00208307
45,0.559117,-0.55907,0.0069345,0.0018828
46,0.560708,-0.560669,0.00636974,0.00171241
47,0.562303,-0.562271,0.00580168,0.00157189
48,0.563901,-0.563875,0.00523034,0.00146124
49,0.565321,-0.5653,0.00475488,0.00131721
50,0.566467,-0.566449,0.00443168,0.00109437
51,0.567612,-0.567596,0.00411093,0.000884154
52,0.568756,-0.568743,0.00379262,0.000686571
53,0.5699,-0.56989,0.00347675,0.000501618
54,0.570944,-0.570935,0.00320438,0.000348296
55,0.571729,-0.571721,0.00303781,0.000255151
56,0.572515,-0.572508,0.00286961,0.000172311
57,0.573302,-0.573296,0.00269979,9.9776e-05
58,0.574091,-0.574085,0.00252833,3.75454e-05
59,0.574839,-0.574834,0.0023702,-1.11888e-05
60,0.575378,-0.575373,0.00228773,-3.5773e-05
61,0.575918,-0.575914,0.00220442,-5.44279e-05
62,0.57646,-0.576456,0.00212027,-6.71536e-05
63,0.577011,-0.577008,0.00203977,-7.07175e-05
64,0.577566,-0.577562,0.00196018,-6.64661e-05
65,0.57801,-0.578007,0.00185286,-7.55581e-05
66,0.578453,-0.578451,0.00174397,-8.1412e-05
67,0.578895,-0.578893,0.0016335,-8.40278e-05
68,0.579335,-0.579333,0.00152145,-8.34056e-05
69,0.579775,-0.579773,0.00140783,-7.95454e-05
70,0.580109,-0.580108,0.00135004,-9.86625e-05
71,0.580435,-0.580434,0.00129616,-0.000116985
72,0.58076,-0.580758,0.00124197,-0.000132571
73,0.581083,-0.581082,0.00118745,-0.00014542
74,0.581405,-0.581404,0.00113261,-0.000155534
75,0.581671,-0.58167,0.00109155,-0.000162585
76,0.581923,-0.581923,0.00105297,-0.000167779
77,0.582176,-0.582175,0.00101362,-0.000171286
78,0.582428,-0.582427,0.000973497,-0.000173106
79,0.582679,-0.582678,0.000932602,-0.00017324
80,0.582887,-0.582887,0.00090147,-0.000174327
81,0.583077,-0.583077,0.000874516,-0.000175146
82,0.583267,-0.583266,0.000847252,-0.000174605
83,0.583456,-0.583455,0.000819677,-0.000172704
84,0.583645,-0.583644,0.000791791,-0.000169442
85,0.583814,-0.583814,0.000758493,-0.000168141
86,0.583969,-0.583969,0.000721304,-0.00016824
87,0.584124,-0.584124,0.000683916,-0.000167448
88,0.584279,-0.584278,0.000646327,-0.000165767
89,0.584433,-0.584433,0.00060854,-0.000163196
90,0.584572,-0.584571,0.000578213,-0.000161981
91,0.584692,-0.584692,0.00055654,-0.000162545
92,0.584812,-0.584812,0.000534741,-0.000162337
93,0.584932,-0.584932,0.000512816,-0.000161358
94,0.585052,-0.585052,0.000490764,-0.000159607
95,0.585164,-0.585164,0.000470803,-0.000158012
96,0.585263,-0.585263,0.000454832,-0.000157542
97,0.585361,-0.585361,0.000438714,-0.000156556
98,0.58546,-0.58546,0.000422449,-0.000155054
99,0.585558,-0.585558,0.000406036,-0.000153036
