R,v,vx,vy,vz
-50,5.07011e-09,-4.49334e-09,-9.16824e-10,-2.16225e-09
-49,5.09372e-09,-4.57018e-09,-6.27277e-10,-2.16009e-09
-48,5.09366e-09,-4.6076e-09,-2.07386e-10,-2.16159e-09
-47,5.1287e-09,-4.64545e-09,2.13381e-10,-2.16283e-09
-46,5.19833e-09,-4.68373e-09,6.35025e-10,-2.1638e-09
-45,5.30142e-09,-4.72245e-09,1.05755e-09,-2.16451e-09
-44,5.42713e-09,-4.76047e-09,1.45115e-09,-2.16468e-09
-43,5.57586e-09,-4.79824e-09,1.83867e-09,-2.16482e-09
-42,5.74631e-09,-4.83588e-09,2.22423e-09,-2.16498e-09
-41,5.93622e-09,-4.8734e-09,2.60783e-09,-2.16515e-09
-40,6.14341e-09,-4.91078e-09,2.98948e-09,-2.16536e-09
-39,6.36585e-09,-4.94804e-09,3.36916e-09,-2.16558e-09
-38,6.6074e-09,-5.15751e-09,3.52475e-09,-2.15268e-09
-37,6.86088e-09,-5.49659e-09,3.51042e-09,-2.12982e-09
-36,7.11984e-09,-5.83436e-09,3.49472e-09,-2.10695e-09
-35,7.38353e-09,-6.17082e-09,3.47767e-09,-2.08407e-09
-34,7.65131e-09,-6.50596e-09,3.45926e-09,-2.06118e-09
-33,7.92259e-09,-6.8398e-09,3.43949e-09,-2.03829e-09
-32,8.19689e-09,-7.17231e-09,3.41836e-09,-2.01538e-09
-31,8.47376e-09,-7.50352e-09,3.39587e-09,-1.99247e-09
-30,8.75283e-09,-7.83341e-09,3.37202e-09,-1.96955e-09
-29,9.03375e-09,-8.16199e-09,3.34681e-09,-1.94662e-09
-28,9.31623e-09,-8.48926e-09,3.32024e-09,-1.92369e-09
-27,9.31409e-09,-8.60859e-09,2.98454e-09,-1.93312e-09
-26,9.10243e-09,-8.55735e-09,2.39758e-09,-1.96916e-09
-25,8.92456e-09,-8.5053e-09,1.81292e-09,-2.00524e-09
-24,8.78211e-09,-8.45246e-09,1.23057e-09,-2.04134e-09
-23,8.67636e-09,-8.39882e-09,6.50509e-10,-2.07748e-09
-22,8.60822e-09,-8.34438e-09,7.27516e-11,-2.11365e-09
-21,8.57814e-09,-8.28914e-09,-5.02706e-10,-2.14985e-09
-20,8.58606e-09,-8.23311e-09,-1.07586e-09,-2.18608e-09
-19,8.63145e-09,-8.17628e-09,-1.64672e-09,-2.22234e-09
-18,8.71329e-09,-8.11865e-09,-2.21528e-09,-2.25864e-09
-17,8.83012e-09,-8.06022e-09,-2.78154e-09,-2.29496e-09
-16,8.84833e-09,-7.97816e-09,-3.06248e-09,-2.29415e-09
-15,8.75653e-09,-7.87525e-09,-3.09005e-09,-2.26026e-09
-14,8.66414e-09,-7.77186e-09,-3.11593e-09,-2.22629e-09
-13,8.57113e-09,-7.66799e-09,-3.14011e-09,-2.19225e-09
-12,8.4775e-09,-7.56363e-09,-3.1626e-09,-2.15812e-09
-11,8.38322e-09,-7.45878e-09,-3.18338e-09,-2.12392e-09
-10,8.28829e-09,-7.35346e-09,-3.20246e-09,-2.08964e-09
-9,8.19268e-09,-7.24765e-09,-3.21985e-09,-2.05528e-09
-8,8.09639e-09,-7.14135e-09,-3.23554e-09,-2.02084e-09
-7,7.99939e-09,-7.03458e-09,-3.24953e-09,-1.98633e-09
-6,7.90168e-09,-6.92732e-09,-3.26182e-09,-1.95174e-09
-5,7.82315e-09,-6.86777e-09,-3.18325e-09,-1.97541e-09
-4,7.76564e-09,-6.85454e-09,-3.016e-09,-2.05526e-09
-3,7.71108e-09,-6.84143e-09,-2.8454e-09,-2.13523e-09
-2,7.65976e-09,-6.82845e-09,-2.67144e-09,-2.21531e-09
-1,7.61198e-09,-6.81558e-09,-2.49413e-09,-2.29551e-09
0,7.56805e-09,-6.80284e-09,-2.31346e-09,-2.37583e-09
1,7.52827e-09,-6.79022e-09,-2.12944e-09,-2.45627e-09
2,7.49297e-09,-6.77773e-09,-1.94206e-09,-2.53682e-09
3,7.46247e-09,-6.76535e-09,-1.75132e-09,-2.6175e-09
4,7.43708e-09,-6.7531e-09,-1.55723e-09,-2.69829e-09
5,7.41712e-09,-6.74097e-09,-1.35979e-09,-2.77919e-09
6,7.40592e-09,-6.74055e-09,-1.24687e-09,-2.80319e-09
7,7.40007e-09,-6.75296e-09,-1.22373e-09,-2.76786e-09
8,7.39521e-09,-6.76637e-09,-1.19957e-09,-2.73246e-09
9,7.39134e-09,-6.78078e-09,-1.17438e-09,-2.69699e-09
10,7.38849e-09,-6.79619e-09,-1.14816e-09,-2.66146e-09
11,7.38667e-09,-6.81259e-09,-1.12091e-09,-2.62585e-09
12,7.38591e-09,-6.82999e-09,-1.09264e-09,-2.59018e-09
13,7.38623e-09,-6.8484e-09,-1.06333e-09,-2.55444e-09
14,7.38764e-09,-6.8678e-09,-1.033e-09,-2.51863e-09
15,7.39017e-09,-6.8882e-09,-1.00164e-09,-2.48276e-09
16,7.39384e-09,-6.9096e-09,-9.69247e-10,-2.44682e-09
17,7.45971e-09,-6.95742e-09,-1.12788e-09,-2.44325e-09
18,7.60744e-09,-7.03457e-09,-1.50214e-09,-2.4762e-09
19,7.7718e-09,-7.11233e-09,-1.87609e-09,-2.50918e-09
20,7.95174e-09,-7.19069e-09,-2.24976e-09,-2.54218e-09
21,8.1462e-09,-7.26967e-09,-2.62313e-09,-2.57522e-09
22,8.35416e-09,-7.34925e-09,-2.99621e-09,-2.60828e-09
23,8.57459e-09,-7.42945e-09,-3.369e-09,-2.64137e-09
24,8.80656e-09,-7.51025e-09,-3.74149e-09,-2.67449e-09
25,9.04915e-09,-7.59166e-09,-4.11369e-09,-2.70763e-09
26,9.30151e-09,-7.67368e-09,-4.4856e-09,-2.74081e-09
27,9.56285e-09,-7.75632e-09,-4.85721e-09,-2.77401e-09
28,9.62448e-09,-7.7014e-09,-5.05676e-09,-2.78357e-09
29,9.43685e-09,-7.47902e-09,-5.04748e-09,-2.7643e-09
30,9.25179e-09,-7.25749e-09,-5.03878e-09,-2.74502e-09
31,9.06938e-09,-7.0368e-09,-5.03066e-09,-2.72573e-09
32,8.88974e-09,-6.81694e-09,-5.02313e-09,-2.70643e-09
33,8.71295e-09,-6.59794e-09,-5.01619e-09,-2.68713e-09
34,8.53914e-09,-6.37977e-09,-5.00982e-09,-2.66781e-09
35,8.36843e-09,-6.16244e-09,-5.00404e-09,-2.64848e-09
36,8.20093e-09,-5.94596e-09,-4.99884e-09,-2.62915e-09
37,8.03678e-09,-5.73031e-09,-4.99423e-09,-2.6098e-09
38,7.87613e-09,-5.51551e-09,-4.9902e-09,-2.59045e-09
39,7.70561e-09,-5.40084e-09,-4.8527e-09,-2.58045e-09
40,7.52513e-09,-5.41756e-09,-4.53945e-09,-2.58282e-09
41,7.35453e-09,-5.43461e-09,-4.22741e-09,-2.58518e-09
42,7.19438e-09,-5.45198e-09,-3.9166e-09,-2.58754e-09
43,7.04523e-09,-5.46967e-09,-3.607e-09,-2.58989e-09
44,6.90762e-09,-5.48767e-09,-3.29862e-09,-2.59224e-09
45,6.78246e-09,-5.50598e-09,-2.99278e-09,-2.59408e-09
46,6.67131e-09,-5.52398e-09,-2.6964e-09,-2.59258e-09
47,6.57124e-09,-5.54151e-09,-2.39953e-09,-2.59137e-09
48,6.48283e-09,-5.55855e-09,-2.10219e-09,-2.59044e-09
49,6.40661e-09,-5.57512e-09,-1.80436e-09,-2.58979e-09
50,6.32097e-09,-5.54027e-09,-1.6083e-09,-2.5833e-09
51,6.20765e-09,-5.4325e-09,-1.55793e-09,-2.56823e-09
52,6.09458e-09,-5.32476e-09,-1.50712e-09,-2.55332e-09
53,5.98176e-09,-5.21704e-09,-1.45588e-09,-2.53857e-09
54,5.86922e-09,-5.10936e-09,-1.4042e-09,-2.52398e-09
55,5.75699e-09,-5.0017e-09,-1.35208e-09,-2.50955e-09
56,5.6451e-09,-4.89407e-09,-1.29953e-09,-2.49528e-09
57,5.53357e-09,-4.78647e-09,-1.24654e-09,-2.48118e-09
58,5.42243e-09,-4.67889e-09,-1.19311e-09,-2.46723e-09
59,5.31173e-09,-4.57135e-09,-1.13925e-09,-2.45344e-09
60,5.2015e-09,-4.46383e-09,-1.08495e-09,-2.43982e-09
61,5.12941e-09,-4.38749e-09,-1.07043e-09,-2.43206e-09
62,5.11614e-09,-4.3594e-09,-1.11806e-09,-2.43321e-09
63,5.10333e-09,-4.33119e-09,-1.16556e-09,-2.43439e-09
64,5.09098e-09,-4.30287e-09,-1.21293e-09,-2.4356e-09
65,5.07907e-09,-4.27444e-09,-1.26017e-09,-2.43682e-09
66,5.06763e-09,-4.2459e-09,-1.30728e-09,-2.43808e-09
67,5.05664e-09,-4.21724e-09,-1.35426e-09,-2.43935e-09
68,5.04611e-09,-4.18847e-09,-1.40111e-09,-2.44065e-09
69,5.03604e-09,-4.15959e-09,-1.44783e-09,-2.44198e-09
70,5.02643e-09,-4.1306e-09,-1.49442e-09,-2.44332e-09
71,5.01728e-09,-4.10149e-09,-1.54088e-09,-2.4447e-09
72,4.98733e-09,-4.05129e-09,-1.5788e-09,-2.44292e-09
73,4.9222e-09,-3.96571e-09,-1.60248e-09,-2.43581e-09
74,4.85787e-09,-3.88019e-09,-1.62613e-09,-2.42873e-09
75,4.79437e-09,-3.79471e-09,-1.64975e-09,-2.42167e-09
76,4.73173e-09,-3.70928e-09,-1.67335e-09,-2.41462e-09
77,4.66998e-09,-3.6239e-09,-1.69692e-09,-2.4076e-09
78,4.60916e-09,-3.53857e-09,-1.72046e-09,-2.4006e-09
79,4.5493e-09,-3.45329e-09,-1.74397e-09,-2.39363e-09
80,4.49043e-09,-3.36806e-09,-1.76746e-09,-2.38667e-09
81,4.43259e-09,-3.28288e-09,-1.79091e-09,-2.37973e-09
82,4.37581e-09,-3.19775e-09,-1.81435e-09,-2.37282e-09
83,4.35543e-09,-3.14857e-09,-1.85765e-09,-2.36757e-09
84,4.40085e-09,-3.16524e-09,-1.93748e-09,-2.36536e-09
85,4.44729e-09,-3.18184e-09,-2.01733e-09,-2.36319e-09
86,4.4947e-09,-3.19835e-09,-2.09721e-09,-2.36106e-09
87,4.54307e-09,-3.2148e-09,-2.17712e-09,-2.35896e-09
88,4.59235e-09,-3.23116e-09,-2.25705e-09,-2.3569e-09
89,4.64252e-09,-3.24745e-09,-2.33701e-09,-2.35488e-09
90,4.69355e-09,-3.26366e-09,-2.41699e-09,-2.35289e-09
91,4.74542e-09,-3.2798e-09,-2.497e-09,-2.35094e-09
92,4.7981e-09,-3.29586e-09,-2.57704e-09,-2.34903e-09
93,4.85156e-09,-3.31184e-09,-2.6571e-09,-2.34715e-09
94,4.86106e-09,-3.28991e-09,-2.70399e-09,-2.34411e-09
95,4.78177e-09,-3.19216e-09,-2.6844e-09,-2.33868e-09
96,4.70326e-09,-3.09441e-09,-2.66478e-09,-2.33329e-09
97,4.62556e-09,-2.99664e-09,-2.64513e-09,-2.32794e-09
98,4.54873e-09,-2.89885e-09,-2.62545e-09,-2.32262e-09
99,4.47279e-09,-2.80106e-09,-2.60575e-09,-2.31733e-09
100,4.39781e-09,-2.70325e-09,-2.58602e-09,-2.31209e-09
101,4.32384e-09,-2.60542e-09,-2.56626e-09,-2.30688e-09
102,4.25092e-09,-2.50759e-09,-2.54647e-09,-2.3017e-09
103,4.17912e-09,-2.40974e-09,-2.52666e-09,-2.29656e-09
104,4.10849e-09,-2.31187e-09,-2.50682e-09,-2.29146e-09
105,4.06706e-09,-2.28619e-09,-2.46645e-09,-2.28713e-09
106,4.09125e-09,-2.4186e-09,-2.38117e-09,-2.28445e-09
107,4.12128e-09,-2.55097e-09,-2.29585e-09,-2.2818e-09
108,4.15704e-09,-2.6833e-09,-2.21049e-09,-2.27918e-09
109,4.19838e-09,-2.81558e-09,-2.12509e-09,-2.2766e-09
110,4.24512e-09,-2.94781e-09,-2.03965e-09,-2.27405e-09
111,4.2971e-09,-3.08e-09,-1.95417e-09,-2.27153e-09
112,4.35411e-09,-3.21214e-09,-1.86865e-09,-2.26905e-09
113,4.41597e-09,-3.34424e-09,-1.7831e-09,-2.2666e-09
114,4.48248e-09,-3.47629e-09,-1.6975e-09,-2.26418e-09
115,4.55342e-09,-3.6083e-09,-1.61187e-09,-2.26179e-09
116,4.62628e-09,-3.72374e-09,-1.56046e-09,-2.25859e-09
117,4.69531e-09,-3.79944e-09,-1.5914e-09,-2.25336e-09
118,4.76476e-09,-3.87515e-09,-1.62235e-09,-2.24813e-09
119,4.8346e-09,-3.95086e-09,-1.6533e-09,-2.2429e-09
120,4.90482e-09,-4.02658e-09,-1.68427e-09,-2.23767e-09
121,4.9754e-09,-4.1023e-09,-1.71524e-09,-2.23243e-09
122,5.04634e-09,-4.17802e-09,-1.74621e-09,-2.22719e-09
123,5.11761e-09,-4.25375e-09,-1.7772e-09,-2.22195e-09
124,5.1892e-09,-4.32948e-09,-1.80819e-09,-2.2167e-09
125,5.26109e-09,-4.40522e-09,-1.83919e-09,-2.21146e-09
126,5.33329e-09,-4.48096e-09,-1.8702e-09,-2.20621e-09
127,5.38792e-09,-4.53236e-09,-1.90893e-09,-2.20077e-09
128,5.39579e-09,-4.51928e-09,-1.96813e-09,-2.19481e-09
129,5.40429e-09,-4.50613e-09,-2.02737e-09,-2.18881e-09
130,5.41341e-09,-4.49293e-09,-2.08666e-09,-2.18276e-09
131,5.42315e-09,-4.47966e-09,-2.14599e-09,-2.17667e-09
132,5.43351e-09,-4.46634e-09,-2.20536e-09,-2.17053e-09
133,5.44448e-09,-4.45295e-09,-2.26478e-09,-2.16435e-09
134,5.45608e-09,-4.4395e-09,-2.32425e-09,-2.15813e-09
135,5.46407e-09,-4.4275e-09,-2.37024e-09,-2.15297e-09
136,5.46547e-09,-4.41798e-09,-2.39418e-09,-2.14959e-09
137,5.46709e-09,-4.40849e-09,-2.4183e-09,-2.14619e-09
138,5.42512e-09,-4.35127e-09,-2.42988e-09,-2.14337e-09
139,5.25615e-09,-4.15414e-09,-2.40431e-09,-2.14231e-09
140,5.08932e-09,-3.95697e-09,-2.37881e-09,-2.14121e-09
141,4.92483e-09,-3.75975e-09,-2.35336e-09,-2.14007e-09
142,4.76295e-09,-3.56248e-09,-2.32799e-09,-2.1389e-09
143,4.60395e-09,-3.36517e-09,-2.30267e-09,-2.13769e-09
144,4.44814e-09,-3.1678e-09,-2.27742e-09,-2.13644e-09
145,4.29588e-09,-2.97039e-09,-2.25223e-09,-2.13516e-09
146,4.14757e-09,-2.77292e-09,-2.2271e-09,-2.13383e-09
147,4.00365e-09,-2.57541e-09,-2.20204e-09,-2.13247e-09
148,3.86461e-09,-2.37785e-09,-2.17704e-09,-2.13108e-09
149,3.72404e-09,-2.20112e-09,-2.11773e-09,-2.13043e-09
