R,v,vx,vy,vz
-100,0.571192,-0.571191,-0.000647938,-0.000537658
-99,0.571171,-0.571171,-0.000688924,-0.000559308
-98,0.571145,-0.571144,-0.000737708,-0.000581294
-97,0.571117,-0.571116,-0.000786398,-0.000602755
-96,0.571089,-0.571088,-0.000834996,-0.000623693
-95,0.57106,-0.571059,-0.000883503,-0.00064411
-94,0.571004,-0.571003,-0.000932797,-0.00066871
-93,0.570933,-0.570932,-0.00098207,-0.000695183
-92,0.570862,-0.57086,-0.00103078,-0.000721029
-91,0.570789,-0.570788,-0.00107894,-0.000746249
-90,0.570716,-0.570714,-0.00112654,-0.000770846
-89,0.570626,-0.570624,-0.00115041,-0.00079827
-88,0.570521,-0.570519,-0.00115423,-0.000827912
-87,0.570415,-0.570413,-0.00115802,-0.000856777
-86,0.570308,-0.570306,-0.00116181,-0.000884867
-85,0.5702,-0.570198,-0.00116559,-0.000912187
-84,0.570086,-0.570084,-0.00118501,-0.000942345
-83,0.569964,-0.569961,-0.00122613,-0.000976531
-82,0.569839,-0.569837,-0.00126757,-0.00100974
-81,0.569714,-0.569712,-0.00130934,-0.00104199
-80,0.569588,-0.569585,-0.00135144,-0.00107327
-79,0.569437,-0.569434,-0.001445,-0.00111503
-78,0.569234,-0.569231,-0.00165391,-0.00118183
-77,0.569029,-0.569025,-0.00186089,-0.00124765
-76,0.568823,-0.568818,-0.00206597,-0.0013125
-75,0.568614,-0.568608,-0.00226918,-0.00137639
-74,0.568381,-0.568374,-0.00245898,-0.0014495
-73,0.568048,-0.56804,-0.00259637,-0.00156536
-72,0.567714,-0.567705,-0.0027304,-0.00168017
-71,0.567379,-0.567369,-0.00286112,-0.00179394
-70,0.567042,-0.567031,-0.00298855,-0.00190669
-69,0.566695,-0.566683,-0.00310472,-0.00202604
-68,0.566217,-0.566204,-0.0031195,-0.00224191
-67,0.565734,-0.56572,-0.00313998,-0.00245566
-66,0.565247,-0.565232,-0.0031661,-0.00266731
-65,0.564755,-0.564739,-0.00319784,-0.00287685
-64,0.564259,-0.564242,-0.00323515,-0.00308427
-63,0.563516,-0.563494,-0.0036465,-0.0034293
-62,0.562769,-0.562742,-0.00408486,-0.00375876
-61,0.562038,-0.562005,-0.00453592,-0.00406064
-60,0.561304,-0.561265,-0.0049926,-0.00435146
-59,0.560568,-0.560523,-0.00545485,-0.00463118
-58,0.559348,-0.559289,-0.00626011,-0.00516005
-57,0.558028,-0.557953,-0.00712557,-0.00572128
-56,0.5567,-0.556607,-0.00798574,-0.00626441
-55,0.555364,-0.555252,-0.00884065,-0.00678939
-54,0.55402,-0.553887,-0.00969031,-0.00729618
-53,0.552297,-0.552144,-0.0102593,-0.00797481
-52,0.550423,-0.55025,-0.0107172,-0.00870104
-51,0.548539,-0.548344,-0.0111698,-0.0094008
-50,0.546644,-0.546427,-0.011617,-0.010074
-49,0.544738,-0.544499,-0.012059,-0.0107206
-48,0.542185,-0.541926,-0.0123245,-0.0113623
-47,0.539205,-0.538927,-0.0124939,-0.0119891
-46,0.536212,-0.535914,-0.012683,-0.0125862
-45,0.533204,-0.532886,-0.0128919,-0.0131534
-44,0.530183,-0.529844,-0.0131204,-0.0136906
-43,0.526413,-0.526035,-0.0132176,-0.0149376
-42,0.521838,-0.521399,-0.013196,-0.0168647
-41,0.517214,-0.516707,-0.0132189,-0.0186802
-40,0.512537,-0.511959,-0.0132861,-0.0203834
-39,0.507807,-0.507154,-0.0133976,-0.0219734
-38,0.50265,-0.501924,-0.013308,-0.023502
-37,0.496824,-0.496026,-0.0128449,-0.02505
-36,0.490955,-0.490079,-0.0124165,-0.0265498
-35,0.485042,-0.484084,-0.0120225,-0.0280014
-34,0.479085,-0.47804,-0.0116628,-0.0294044
-33,0.472556,-0.471377,-0.0113933,-0.0313493
-32,0.464357,-0.462898,-0.011337,-0.0349908
-31,0.455957,-0.454175,-0.0113413,-0.0386435
-30,0.447359,-0.445208,-0.0114061,-0.0423072
-29,0.438567,-0.435997,-0.0115309,-0.0459816
-28,0.429539,-0.426489,-0.0113745,-0.0498206
-27,0.420034,-0.416354,-0.00918867,-0.0547102
-26,0.410329,-0.40589,-0.00705665,-0.0597791
-25,0.400445,-0.395098,-0.0049778,-0.0650266
-24,0.390401,-0.38398,-0.00295151,-0.0704518
-23,0.380323,-0.372632,-0.000986121,-0.0760956
-22,0.374322,-0.364831,0.000628088,-0.0837575
-21,0.368331,-0.356675,0.00231601,-0.0919004
-20,0.361542,-0.348277,0.00453838,-0.0969261
-19,0.354198,-0.339432,0.00676547,-0.100978
-18,0.346429,-0.330109,0.00888775,-0.104701
-17,0.345632,-0.331074,0.00481226,-0.099138
-16,0.343899,-0.330902,-0.00032425,-0.0936497
-15,0.340371,-0.328417,-0.00591889,-0.0892156
-14,0.335031,-0.323627,-0.0119727,-0.0858393
-13,0.327893,-0.316537,-0.0184868,-0.0835241
-12,0.343311,-0.327594,-0.037311,-0.0956666
-11,0.362795,-0.34039,-0.059725,-0.1104
-10,0.493601,-0.463967,-0.0577099,-0.15826
-9,0.571921,-0.534167,-0.0662259,-0.193321
-8,0.532697,-0.452535,-0.112531,-0.257516
-7,0.488579,-0.333772,-0.161806,-0.318002
-6,0.476287,-0.0993624,-0.244475,-0.396495
-5,0.640941,0.236929,-0.370135,-0.466551
-4,0.856749,0.519957,-0.486724,-0.476197
-3,2.08073,1.54853,-0.507794,-1.29369
-2,3.93907,2.99724,-0.582564,-2.48866
-1,6.11862,4.71612,-0.797266,-3.81577
0,8.01285,6.28307,-1.15548,-4.83671
1,9.53706,7.54478,-1.43439,-5.65459
2,8.77381,6.89902,-1.38879,-5.23971
3,7.38936,5.73037,-1.25523,-4.49331
4,6.20292,4.74353,-1.13536,-3.83224
5,5.12785,3.95107,-0.981675,-3.11772
6,4.10625,3.18922,-0.833966,-2.4484
7,3.22453,2.50766,-0.722237,-1.89409
8,2.3118,1.78792,-0.616659,-1.32947
9,1.31405,0.993001,-0.495629,-0.703576
10,0.807139,0.544293,-0.421555,-0.421318
11,0.39401,0.0948885,-0.352373,-0.148571
12,0.391992,-0.158537,-0.357663,-0.0245117
13,0.495298,-0.253182,-0.425521,-0.0123
14,0.622092,-0.394193,-0.47947,0.0414636
15,0.643428,-0.460663,-0.449014,-0.0132372
16,0.691608,-0.551026,-0.414669,-0.0523568
17,0.74471,-0.628058,-0.392066,-0.0801244
18,0.767485,-0.648225,-0.391392,-0.125099
19,0.808754,-0.683274,-0.397703,-0.170445
20,0.853594,-0.716822,-0.412055,-0.212132
21,0.903676,-0.751275,-0.430064,-0.259348
22,0.958947,-0.792109,-0.444731,-0.307176
23,1.01242,-0.84452,-0.442282,-0.340829
24,1.07105,-0.900341,-0.440363,-0.377636
25,1.11218,-0.960399,-0.413866,-0.378544
26,1.14871,-1.02318,-0.374608,-0.363742
27,1.18358,-1.08338,-0.330552,-0.343329
28,1.18152,-1.11549,-0.267956,-0.282617
29,1.18622,-1.14802,-0.201377,-0.220495
30,1.17232,-1.15632,-0.133576,-0.139315
31,1.14985,-1.14728,-0.0641886,-0.0421635
32,1.13875,-1.13729,0.0106037,0.0565731
33,1.11322,-1.09891,0.102543,0.145449
34,1.10579,-1.06003,0.202623,0.240919
35,1.07953,-0.992554,0.281843,0.317454
36,0.879153,-0.769491,0.298716,0.302593
37,0.890952,-0.725979,0.350239,0.379582
38,0.918839,-0.685,0.403822,0.4604
39,0.899325,-0.645034,0.411861,0.472322
40,0.845168,-0.605588,0.390889,0.441337
41,0.79084,-0.567309,0.368443,0.40968
42,0.736342,-0.530197,0.344523,0.377351
43,0.681693,-0.494251,0.319129,0.34435
44,0.641855,-0.474292,0.296152,0.315149
45,0.6163,-0.469033,0.275762,0.289463
46,0.591014,-0.464143,0.254363,0.262999
47,0.566246,-0.45962,0.231954,0.235757
48,0.542301,-0.455465,0.208535,0.207738
49,0.524109,-0.453046,0.187809,0.184845
50,0.513821,-0.453103,0.172155,0.170506
51,0.504345,-0.453557,0.156096,0.155833
52,0.495797,-0.454406,0.139635,0.140826
53,0.4883,-0.455651,0.122769,0.125485
54,0.483654,-0.458032,0.107851,0.111788
55,0.484126,-0.462614,0.0987292,0.103048
56,0.485149,-0.46743,0.0894074,0.0942623
57,0.486742,-0.47248,0.0798862,0.0854323
58,0.488919,-0.477763,0.0701656,0.0765576
59,0.49164,-0.483003,0.0613144,0.0682479
60,0.494449,-0.486987,0.0578468,0.0630631
61,0.497472,-0.491094,0.0543416,0.0579008
62,0.500708,-0.495323,0.0507988,0.0527608
63,0.50414,-0.499687,0.0470826,0.0474661
64,0.507768,-0.504163,0.0432256,0.0421942
65,0.510882,-0.507826,0.0398851,0.0390232
66,0.514131,-0.511571,0.0365504,0.0359204
67,0.517515,-0.515399,0.0332216,0.0328857
68,0.521029,-0.51931,0.0298986,0.0299192
69,0.524674,-0.523303,0.0265815,0.0270208
70,0.527328,-0.526138,0.0249073,0.0251505
71,0.529956,-0.528924,0.0233521,0.0233917
72,0.53264,-0.531753,0.0217933,0.0216716
73,0.535379,-0.534623,0.020231,0.0199904
74,0.538172,-0.537536,0.0186652,0.0183479
75,0.540375,-0.539828,0.0172409,0.0171189
76,0.542464,-0.541996,0.0158586,0.0159997
77,0.544584,-0.544187,0.0144863,0.0149034
78,0.546735,-0.546403,0.013124,0.0138299
79,0.548918,-0.548643,0.0117718,0.0127792
80,0.550585,-0.550347,0.0109241,0.0119362
81,0.552034,-0.551825,0.01029,0.011192
82,0.553501,-0.553318,0.0096536,0.0104657
83,0.554985,-0.554826,0.00901494,0.00975754
84,0.556485,-0.556348,0.008374,0.00906738
85,0.557793,-0.557674,0.00780928,0.00848856
86,0.558962,-0.558857,0.00730455,0.00798891
87,0.560141,-0.56005,0.00680489,0.00749975
88,0.56133,-0.561251,0.0063103,0.00702109
89,0.562529,-0.562461,0.00582079,0.00655292
90,0.563572,-0.563512,0.00545626,0.00615264
91,0.564431,-0.564376,0.00522935,0.00582709
92,0.565296,-0.565247,0.00500045,0.0055097
93,0.566168,-0.566124,0.00476956,0.00520048
94,0.567047,-0.567008,0.00453668,0.00489943
95,0.567871,-0.567836,0.00430605,0.00462323
96,0.568584,-0.568552,0.00408457,0.00438414
97,0.5693,-0.569272,0.00386586,0.00414999
98,0.570021,-0.569996,0.00364991,0.0039208
99,0.570745,-0.570723,0.00343674,0.00369656
