R,v,vx,vy,vz
-50,0.000154735,0.00014332,-4.36331e-05,-3.87107e-05
-49,0.000165965,0.000154055,-4.57034e-05,-4.15041e-05
-48,0.000180521,0.000168011,-4.80019e-05,-4.53424e-05
-47,0.000195312,0.00018221,-5.0331e-05,-4.91199e-05
-46,0.000210334,0.000196653,-5.26905e-05,-5.28364e-05
-45,0.000225587,0.000211339,-5.50806e-05,-5.64921e-05
-44,0.000239883,0.000225164,-5.73248e-05,-5.96555e-05
-43,0.000253992,0.000238847,-5.9549e-05,-6.25949e-05
-42,0.00026807,0.000252533,-6.17768e-05,-6.53658e-05
-41,0.000282118,0.000266221,-6.40083e-05,-6.79681e-05
-40,0.000296134,0.000279912,-6.62434e-05,-7.04019e-05
-39,0.000310121,0.000293606,-6.84822e-05,-7.26671e-05
-38,0.000344276,0.000326994,-7.33707e-05,-7.88528e-05
-37,0.000393692,0.000375313,-8.02815e-05,-8.76859e-05
-36,0.000443036,0.000423629,-8.72113e-05,-9.59873e-05
-35,0.000492303,0.000471943,-9.41603e-05,-0.000103757
-34,0.000541491,0.000520255,-0.000101128,-0.000110995
-33,0.0005906,0.000568564,-0.000108115,-0.000117701
-32,0.000639632,0.000616872,-0.000115122,-0.000123876
-31,0.000688589,0.000665176,-0.000122147,-0.000129519
-30,0.000737474,0.000713479,-0.000129191,-0.00013463
-29,0.00078629,0.000761779,-0.000136255,-0.00013921
-28,0.00083504,0.000810077,-0.000143337,-0.000143258
-27,0.000812577,0.000781527,-0.000154017,-0.00016055
-26,0.000734515,0.00069015,-0.000167729,-0.000187277
-25,0.000660872,0.000599131,-0.000181554,-0.000211735
-24,0.000592857,0.00050847,-0.000195494,-0.000233923
-23,0.000532174,0.000418167,-0.000209547,-0.000253843
-22,0.00048113,0.000328221,-0.000223715,-0.000271493
-21,0.000442589,0.000238633,-0.000237997,-0.000286875
-20,0.000419542,0.000149403,-0.000252392,-0.000299987
-19,0.000414145,6.05312e-05,-0.000266902,-0.00031083
-18,0.000426683,-2.79832e-05,-0.000281526,-0.000319403
-17,0.000455353,-0.00011614,-0.000296264,-0.000325708
-16,0.001169,0.000738267,-0.000883356,-0.000202975
-15,0.00312586,0.00242114,-0.00197689,3.1435e-05
-14,0.00512119,0.00409227,-0.00306761,0.000263858
-13,0.00711297,0.00575166,-0.00415553,0.000494293
-12,0.00909595,0.00739931,-0.00524063,0.000722741
-11,0.0110687,0.00903522,-0.00632293,0.000949202
-10,0.0130306,0.0106594,-0.00740241,0.00117368
-9,0.0149814,0.0122718,-0.00847909,0.00139616
-8,0.016921,0.0138725,-0.00955296,0.00161666
-7,0.0188492,0.0154614,-0.010624,0.00183517
-6,0.0207662,0.0170386,-0.0116923,0.0020517
-5,0.0217559,0.0178911,-0.0121901,0.00215131
-4,0.0218723,0.0180638,-0.0121464,0.00213641
-3,0.0220023,0.0182478,-0.0121093,0.00211681
-2,0.0221456,0.0184432,-0.0120789,0.00209251
-1,0.0223025,0.01865,-0.012055,0.00206353
0,0.0224729,0.0188681,-0.0120377,0.00202986
1,0.0226568,0.0190976,-0.0120269,0.00199149
2,0.0228544,0.0193385,-0.0120228,0.00194843
3,0.0230655,0.0195908,-0.0120252,0.00190068
4,0.0232903,0.0198544,-0.0120343,0.00184824
5,0.0235287,0.0201294,-0.0120499,0.00179111
6,0.022616,0.0194153,-0.011479,0.00166244
7,0.0204941,0.0176631,-0.01029,0.0014627
8,0.0183711,0.0159107,-0.00909698,0.00126245
9,0.0162476,0.0141579,-0.00790004,0.0010617
10,0.0141244,0.0124048,-0.00669916,0.000860461
11,0.012003,0.0106514,-0.00549432,0.00065872
12,0.00988647,0.00889764,-0.00428554,0.000456483
13,0.00778058,0.00714359,-0.0030728,0.000253747
14,0.00570013,0.00538923,-0.00185611,5.05141e-05
15,0.00369286,0.00363455,-0.000635472,-0.000153217
16,0.00200188,0.00187954,0.000589118,-0.000357445
17,0.00161186,0.000962503,0.00120724,-0.000462869
18,0.00157571,0.000988784,0.00113954,-0.000454558
19,0.00154147,0.00101529,0.00107179,-0.000443348
20,0.00150934,0.00104203,0.00100401,-0.000429239
21,0.00147957,0.001069,0.000936188,-0.000412232
22,0.00145243,0.0010962,0.000868328,-0.000392326
23,0.0014282,0.00112362,0.000800429,-0.000369521
24,0.00140719,0.00115128,0.000732491,-0.000343818
25,0.00138973,0.00117916,0.000664516,-0.000315216
26,0.00137616,0.00120727,0.000596501,-0.000283715
27,0.00136681,0.00123562,0.000528448,-0.000249316
28,0.00133084,0.00122083,0.000478896,-0.000226611
29,0.00125817,0.00115336,0.000451912,-0.000220333
30,0.00118546,0.00108593,0.000424928,-0.000213299
31,0.00111269,0.00101857,0.000397943,-0.00020551
32,0.00103985,0.000951252,0.000370958,-0.000196965
33,0.000966943,0.000883992,0.000343973,-0.000187664
34,0.000893962,0.000816787,0.000316988,-0.000177608
35,0.000820901,0.000749637,0.000290003,-0.000166796
36,0.000747754,0.00068254,0.000263018,-0.000155228
37,0.000674516,0.000615498,0.000236033,-0.000142905
38,0.000601182,0.00054851,0.000209047,-0.000129826
39,0.000549219,0.00050085,0.000190437,-0.000120517
40,0.000525518,0.000478634,0.000182873,-0.000116774
41,0.00050178,0.000456433,0.000175311,-0.000112773
42,0.000478002,0.000434247,0.000167752,-0.000108512
43,0.000454185,0.000412077,0.000160195,-0.000103992
44,0.000430328,0.000389923,0.00015264,-9.92122e-05
45,0.000406186,0.00036757,0.00014502,-9.40664e-05
46,0.00038053,0.000343934,0.00013699,-8.80146e-05
47,0.000355201,0.000320639,0.000129056,-8.18709e-05
48,0.000330201,0.000297687,0.000121219,-7.56352e-05
49,0.00030553,0.000275077,0.000113479,-6.93075e-05
50,0.00028597,0.000257309,0.000106746,-6.46273e-05
51,0.000273419,0.000246154,0.000101369,-6.23758e-05
52,0.00026098,0.000235115,9.60305e-05,-6.00812e-05
53,0.000248653,0.000224192,9.07303e-05,-5.77433e-05
54,0.000236438,0.000213385,8.54686e-05,-5.53623e-05
55,0.000224336,0.000202694,8.02451e-05,-5.29381e-05
56,0.000212347,0.00019212,7.506e-05,-5.04708e-05
57,0.000200471,0.000181661,6.99133e-05,-4.79602e-05
58,0.000188709,0.000171318,6.48049e-05,-4.54065e-05
59,0.000177063,0.000161091,5.97349e-05,-4.28096e-05
60,0.000165533,0.00015098,5.47032e-05,-4.01695e-05
61,0.000156457,0.000142922,5.09884e-05,-3.81097e-05
62,0.000151068,0.000137932,4.92758e-05,-3.69879e-05
63,0.000145714,0.000132983,4.75737e-05,-3.58434e-05
64,0.000140396,0.000128076,4.58822e-05,-3.46761e-05
65,0.000135113,0.000123209,4.42012e-05,-3.34861e-05
66,0.000129867,0.000118385,4.25308e-05,-3.22733e-05
67,0.000124655,0.000113601,4.08709e-05,-3.10378e-05
68,0.00011948,0.000108859,3.92216e-05,-2.97795e-05
69,0.000114339,0.000104158,3.75829e-05,-2.84985e-05
70,0.000109235,9.94983e-05,3.59547e-05,-2.71948e-05
71,0.000104165,9.48801e-05,3.43371e-05,-2.58683e-05
72,9.98553e-05,9.09816e-05,3.28391e-05,-2.47996e-05
73,9.67869e-05,8.82512e-05,3.15334e-05,-2.41884e-05
74,9.37344e-05,8.55375e-05,3.02349e-05,-2.35653e-05
75,9.06977e-05,8.28405e-05,2.89437e-05,-2.29301e-05
76,8.76769e-05,8.01602e-05,2.76597e-05,-2.22831e-05
77,8.46721e-05,7.74965e-05,2.6383e-05,-2.1624e-05
78,8.16833e-05,7.48495e-05,2.51135e-05,-2.09531e-05
79,7.87107e-05,7.22192e-05,2.38513e-05,-2.02701e-05
80,7.57543e-05,6.96055e-05,2.25964e-05,-1.95752e-05
81,7.28143e-05,6.70085e-05,2.13487e-05,-1.88683e-05
82,6.98909e-05,6.44283e-05,2.01082e-05,-1.81494e-05
83,6.74224e-05,6.22224e-05,1.9143e-05,-1.75412e-05
84,6.57666e-05,6.06833e-05,1.86728e-05,-1.71495e-05
85,6.4116e-05,5.91514e-05,1.82034e-05,-1.67512e-05
86,6.24705e-05,5.76267e-05,1.7735e-05,-1.63461e-05
87,6.08301e-05,5.61091e-05,1.72674e-05,-1.59344e-05
88,5.91948e-05,5.45987e-05,1.68007e-05,-1.5516e-05
89,5.75647e-05,5.30955e-05,1.63348e-05,-1.5091e-05
90,5.59396e-05,5.15994e-05,1.58699e-05,-1.46592e-05
91,5.43197e-05,5.01104e-05,1.54059e-05,-1.42208e-05
92,5.27049e-05,4.86287e-05,1.49427e-05,-1.37757e-05
93,5.10952e-05,4.71541e-05,1.44804e-05,-1.3324e-05
94,4.9649e-05,4.58344e-05,1.40331e-05,-1.29346e-05
95,4.85236e-05,4.48153e-05,1.36155e-05,-1.26785e-05
96,4.74014e-05,4.38e-05,1.32e-05,-1.24183e-05
97,4.62825e-05,4.27885e-05,1.27868e-05,-1.21539e-05
98,4.51669e-05,4.17807e-05,1.23757e-05,-1.18855e-05
99,4.40544e-05,4.07766e-05,1.19667e-05,-1.16129e-05
100,4.29452e-05,3.97762e-05,1.156e-05,-1.13362e-05
101,4.18393e-05,3.87796e-05,1.11554e-05,-1.10554e-05
102,4.07366e-05,3.77868e-05,1.0753e-05,-1.07705e-05
103,3.96372e-05,3.67976e-05,1.03527e-05,-1.04814e-05
104,3.8541e-05,3.58122e-05,9.95467e-06,-1.01883e-05
105,3.75645e-05,3.49285e-05,9.61908e-06,-9.92798e-06
106,3.68446e-05,3.42619e-05,9.4163e-06,-9.74575e-06
107,3.61258e-05,3.35972e-05,9.21344e-06,-9.56106e-06
108,3.54081e-05,3.29344e-05,9.01051e-06,-9.37391e-06
109,3.46916e-05,3.22736e-05,8.80749e-06,-9.18428e-06
110,3.39763e-05,3.16147e-05,8.60439e-06,-8.99219e-06
111,3.3262e-05,3.09578e-05,8.40122e-06,-8.79763e-06
112,3.25489e-05,3.03028e-05,8.19796e-06,-8.60061e-06
113,3.1837e-05,2.96497e-05,7.99463e-06,-8.40111e-06
114,3.11262e-05,2.89985e-05,7.79121e-06,-8.19915e-06
115,3.04166e-05,2.83493e-05,7.58772e-06,-7.99473e-06
116,2.97646e-05,2.77544e-05,7.39071e-06,-7.8104e-06
117,2.92491e-05,2.72867e-05,7.21003e-06,-7.67836e-06
118,2.87346e-05,2.68203e-05,7.03025e-06,-7.54461e-06
119,2.82211e-05,2.63551e-05,6.85136e-06,-7.40915e-06
120,2.77086e-05,2.58911e-05,6.67337e-06,-7.272e-06
121,2.71971e-05,2.54284e-05,6.49628e-06,-7.13314e-06
122,2.66867e-05,2.49668e-05,6.32009e-06,-6.99257e-06
123,2.61773e-05,2.45064e-05,6.14479e-06,-6.8503e-06
124,2.56689e-05,2.40473e-05,5.97039e-06,-6.70633e-06
125,2.51615e-05,2.35893e-05,5.79689e-06,-6.56065e-06
126,2.46552e-05,2.31326e-05,5.62428e-06,-6.41328e-06
127,2.41888e-05,2.27092e-05,5.47504e-06,-6.27816e-06
128,2.38259e-05,2.23717e-05,5.38544e-06,-6.17873e-06
129,2.34633e-05,2.20349e-05,5.29561e-06,-6.07823e-06
130,2.31011e-05,2.16989e-05,5.20556e-06,-5.97666e-06
131,2.27392e-05,2.13635e-05,5.11527e-06,-5.87401e-06
132,2.23776e-05,2.10289e-05,5.02475e-06,-5.77029e-06
133,2.20165e-05,2.0695e-05,4.93401e-06,-5.66551e-06
134,2.16556e-05,2.03618e-05,4.84303e-06,-5.55965e-06
135,2.12931e-05,2.00267e-05,4.75205e-06,-5.45372e-06
136,2.09278e-05,1.96885e-05,4.66187e-06,-5.34837e-06
137,2.05637e-05,1.93515e-05,4.57245e-06,-5.24195e-06
138,2.02191e-05,1.90328e-05,4.48444e-06,-5.1432e-06
139,1.99291e-05,1.8765e-05,4.39841e-06,-5.06919e-06
140,1.96396e-05,1.8498e-05,4.31208e-06,-4.99444e-06
141,1.93507e-05,1.82318e-05,4.22543e-06,-4.91896e-06
142,1.90622e-05,1.79664e-05,4.13848e-06,-4.84274e-06
143,1.87743e-05,1.77017e-05,4.05123e-06,-4.76577e-06
144,1.84869e-05,1.74378e-05,3.96367e-06,-4.68807e-06
145,1.82e-05,1.71746e-05,3.87581e-06,-4.60964e-06
146,1.79136e-05,1.69123e-05,3.78763e-06,-4.53046e-06
147,1.76277e-05,1.66507e-05,3.69916e-06,-4.45055e-06
148,1.73424e-05,1.63899e-05,3.61038e-06,-4.3699e-06
149,1.70737e-05,1.61436e-05,3.52897e-06,-4.29446e-06
