R,v,vx,vy,vz
-100,0.569246,-0.569245,-0.000599174,-0.000231858
-99,0.569276,-0.569275,-0.00098143,-0.000217835
-98,0.569301,-0.569299,-0.00152062,-0.000200368
-97,0.569327,-0.569323,-0.00206087,-0.000183082
-96,0.569352,-0.569346,-0.00260219,-0.000165997
-95,0.569378,-0.569369,-0.00314456,-0.000149133
-94,0.569068,-0.569054,-0.0040923,-0.000131429
-93,0.568583,-0.568559,-0.00525392,-0.000114338
-92,0.5681,-0.568064,-0.00641577,-9.86497e-05
-91,0.567618,-0.567567,-0.00757786,-8.43937e-05
-90,0.567138,-0.567071,-0.00874017,-7.15986e-05
-89,0.566566,-0.56649,-0.00926122,-0.000189997
-88,0.565913,-0.565838,-0.00923327,-0.000417441
-87,0.565262,-0.565187,-0.00920772,-0.000641376
-86,0.564612,-0.564537,-0.00918455,-0.000861797
-85,0.563963,-0.563888,-0.00916377,-0.0010787
-84,0.563525,-0.563454,-0.00881118,-0.00139653
-83,0.563376,-0.563316,-0.00800085,-0.00185025
-82,0.563229,-0.563178,-0.00719079,-0.00229486
-81,0.563084,-0.563041,-0.00638101,-0.00273032
-80,0.56294,-0.562904,-0.0055715,-0.00315661
-79,0.562753,-0.562718,-0.00513225,-0.00359554
-78,0.562455,-0.562413,-0.00552723,-0.00407689
-77,0.562147,-0.562097,-0.00590903,-0.00455187
-76,0.561828,-0.56177,-0.00627773,-0.00502048
-75,0.561498,-0.561432,-0.00663337,-0.0054827
-74,0.561274,-0.561199,-0.00693371,-0.00600393
-73,0.561531,-0.561445,-0.00703998,-0.00680099
-72,0.561762,-0.561665,-0.00713502,-0.00759288
-71,0.561966,-0.561857,-0.00721889,-0.00837957
-70,0.562143,-0.562021,-0.00729165,-0.00916101
-69,0.562134,-0.562,-0.00718124,-0.00995107
-68,0.560061,-0.559933,-0.00484144,-0.0109161
-67,0.557955,-0.557823,-0.00248208,-0.0118787
-66,0.555819,-0.55567,-0.000103186,-0.0128388
-65,0.55365,-0.553474,0.00229523,-0.0137967
-64,0.551451,-0.551233,0.00471313,-0.0147524
-63,0.550407,-0.550164,0.00489568,-0.0156227
-62,0.549521,-0.549255,0.00489991,-0.0163861
-61,0.548758,-0.548472,0.00484092,-0.0170438
-60,0.547982,-0.547676,0.00478651,-0.0176764
-59,0.547193,-0.546867,0.00473668,-0.0182838
-58,0.54517,-0.544809,0.0056261,-0.019025
-57,0.542902,-0.542501,0.00668892,-0.0197642
-56,0.540622,-0.540179,0.00774526,-0.0204699
-55,0.538329,-0.537842,0.00879519,-0.0211418
-54,0.536023,-0.535489,0.00983875,-0.0217795
-53,0.533806,-0.533232,0.0101536,-0.0225713
-52,0.531612,-0.530999,0.0101903,-0.0234064
-51,0.529398,-0.528745,0.010227,-0.0242129
-50,0.527163,-0.52647,0.0102637,-0.0249905
-49,0.524905,-0.524173,0.0103004,-0.0257388
-48,0.521949,-0.521157,0.0109173,-0.0265983
-47,0.518516,-0.517647,0.0118995,-0.0275406
-46,0.515039,-0.51409,0.0128673,-0.0284792
-45,0.51152,-0.510486,0.0138208,-0.0294137
-44,0.507955,-0.506833,0.01476,-0.0303435
-43,0.504658,-0.503446,0.0156711,-0.0312374
-42,0.501603,-0.500296,0.0165262,-0.0321913
-41,0.498451,-0.497037,0.0173309,-0.0332699
-40,0.495203,-0.49367,0.0180854,-0.0344722
-39,0.491858,-0.490193,0.01879,-0.0357973
-38,0.488999,-0.487227,0.019293,-0.0368513
-37,0.486988,-0.485153,0.0194363,-0.0375004
-36,0.484833,-0.482913,0.0194512,-0.0384637
-35,0.482536,-0.480508,0.0193398,-0.0397404
-34,0.4801,-0.477936,0.0191044,-0.0413298
-33,0.48085,-0.478535,0.0189901,-0.0431336
-32,0.491406,-0.488959,0.0195169,-0.0449281
-31,0.502354,-0.499752,0.0200179,-0.046974
-30,0.513693,-0.510914,0.0204955,-0.0492742
-29,0.525424,-0.522441,0.0209522,-0.0518314
-28,0.537715,-0.534622,0.0210389,-0.0536142
-27,0.551587,-0.549071,0.0191048,-0.0490415
-26,0.566108,-0.56411,0.0174109,-0.0442247
-25,0.628194,-0.626931,0.0134903,-0.0374639
-24,0.662176,-0.661168,0.007688,-0.0356971
-23,0.667316,-0.666463,-0.00272333,-0.0336135
-22,0.672652,-0.671813,-0.0112557,-0.031632
-21,0.699076,-0.698005,-0.0228562,-0.0312151
-20,0.733698,-0.732106,-0.034957,-0.0333446
-19,0.767885,-0.765068,-0.0549861,-0.0359821
-18,0.798775,-0.789647,-0.116499,-0.0304548
-17,0.834876,-0.814361,-0.182525,-0.0227567
-16,0.887186,-0.848283,-0.259837,0.000561071
-15,0.952311,-0.886177,-0.346944,0.034886
-14,1.01993,-0.918379,-0.43783,0.0716478
-13,1.03977,-0.901982,-0.507081,0.102076
-12,1.07522,-0.891141,-0.585715,0.137461
-11,1.11185,-0.87488,-0.665198,0.168246
-10,1.12346,-0.83577,-0.725625,0.192659
-9,1.11093,-0.777951,-0.762351,0.218586
-8,1.05964,-0.604743,-0.804969,0.330387
-7,1.04127,-0.404419,-0.846991,0.450876
-6,1.0662,-0.0995977,-0.8849,0.586353
-5,1.23109,0.306323,-0.916073,0.763248
-4,1.5132,0.66711,-0.945302,0.975272
-3,1.55449,1.19635,-0.785821,-0.606377
-2,3.45524,1.90952,-0.674325,-2.79959
-1,5.82261,2.7805,-0.74977,-5.06057
0,7.68837,3.60013,-1.05978,-6.71022
1,9.25948,4.26073,-1.29544,-8.11825
2,7.26938,2.88025,-1.02604,-6.59509
3,4.24472,0.859734,-0.592127,-4.11435
4,2.14919,-0.733319,-0.227239,-2.00739
5,1.36612,-0.799034,-0.128236,-1.10063
6,0.987392,-0.985843,-0.0106256,-0.0542563
7,1.12824,-1.08432,0.0151345,0.311329
8,1.08404,-1.07101,-0.0279611,0.165263
9,1.05787,-1.0554,-0.0688087,0.0216688
10,0.965871,-0.964312,-0.0548094,-0.00211869
11,0.878988,-0.877467,-0.0409589,-0.0315368
12,0.842648,-0.840399,-0.0415617,-0.0453495
13,0.856429,-0.853448,-0.0567621,-0.04331
14,0.870219,-0.866133,-0.0717284,-0.0441533
15,0.8563,-0.849212,-0.0835085,-0.0715232
16,0.838234,-0.827302,-0.0937484,-0.0970504
17,0.854963,-0.837094,-0.111826,-0.133152
18,0.871556,-0.845488,-0.129245,-0.167497
19,0.845043,-0.81903,-0.128261,-0.163823
20,0.816704,-0.790818,-0.126834,-0.159768
21,0.786365,-0.760703,-0.124941,-0.155215
22,0.755276,-0.729792,-0.123341,-0.15044
23,0.725699,-0.700063,-0.122744,-0.146578
24,0.731403,-0.704645,-0.121695,-0.153674
25,0.7375,-0.709309,-0.121155,-0.161581
26,0.743179,-0.713245,-0.121152,-0.170054
27,0.748457,-0.716453,-0.121688,-0.179095
28,0.753356,-0.718934,-0.122761,-0.188704
29,0.756161,-0.719249,-0.126093,-0.196371
30,0.758802,-0.719213,-0.12975,-0.204153
31,0.76161,-0.719106,-0.133416,-0.212454
32,0.7646,-0.718927,-0.137091,-0.221274
33,0.767787,-0.718677,-0.140775,-0.230613
34,0.778904,-0.727098,-0.148341,-0.236673
35,0.792561,-0.738256,-0.156995,-0.241831
36,0.806053,-0.74912,-0.165371,-0.247374
37,0.819376,-0.759688,-0.173467,-0.2533
38,0.832528,-0.769962,-0.181286,-0.259611
39,0.846731,-0.783546,-0.184942,-0.262311
40,0.861614,-0.79917,-0.18631,-0.262667
41,0.876478,-0.814746,-0.187755,-0.262965
42,0.891323,-0.830274,-0.189277,-0.263205
43,0.906148,-0.845752,-0.190876,-0.263387
44,0.914689,-0.857539,-0.188979,-0.256065
45,0.917637,-0.866278,-0.183527,-0.240702
46,0.921162,-0.875602,-0.177855,-0.224115
47,0.925343,-0.885509,-0.171963,-0.206304
48,0.930265,-0.896,-0.165852,-0.18727
49,0.930133,-0.902796,-0.155538,-0.160979
50,0.922454,-0.903482,-0.138538,-0.124296
51,0.916641,-0.904527,-0.120774,-0.0864616
52,0.912918,-0.905931,-0.102246,-0.0474754
53,0.911508,-0.907695,-0.0829548,-0.00733754
54,0.910274,-0.907381,-0.0663779,0.0291672
55,0.904597,-0.901101,-0.0583958,0.0538719
56,0.899988,-0.895124,-0.0502459,0.0787863
57,0.896479,-0.889449,-0.0419279,0.10391
58,0.894101,-0.884078,-0.0334421,0.129244
59,0.888966,-0.875684,-0.0249788,0.151044
60,0.863845,-0.849921,-0.0172694,0.153504
61,0.838071,-0.823446,-0.00929539,0.155607
62,0.811659,-0.796259,-0.00105686,0.157353
63,0.78428,-0.767811,0.0076645,0.159695
64,0.75772,-0.739735,0.0167028,0.163257
65,0.745274,-0.726637,0.022309,0.164115
66,0.732514,-0.713308,0.0280865,0.164257
67,0.719441,-0.699746,0.0340354,0.163684
68,0.706056,-0.685952,0.0401555,0.162394
69,0.692363,-0.671926,0.0464469,0.16039
70,0.68111,-0.660401,0.0473551,0.159811
71,0.669766,-0.648862,0.0476908,0.159031
72,0.658124,-0.637106,0.0478572,0.157902
73,0.646181,-0.625133,0.0478542,0.156425
74,0.633935,-0.612943,0.0476819,0.154598
75,0.625249,-0.605068,0.0464017,0.150585
76,0.617368,-0.598213,0.0448301,0.145858
77,0.60944,-0.591367,0.0431909,0.140839
78,0.601469,-0.58453,0.041484,0.135529
79,0.593462,-0.577701,0.0397094,0.129929
80,0.587988,-0.573451,0.0385759,0.124077
81,0.583681,-0.57035,0.0377327,0.118156
82,0.57945,-0.567289,0.0368824,0.112184
83,0.575298,-0.564269,0.0360248,0.106161
84,0.571227,-0.56129,0.0351601,0.100087
85,0.568538,-0.5594,0.0345921,0.0954501
86,0.566822,-0.558295,0.0341694,0.091794
87,0.565135,-0.55722,0.033656,0.0880372
88,0.563479,-0.556175,0.0330518,0.0841799
89,0.561857,-0.555159,0.0323569,0.0802221
90,0.560347,-0.554239,0.0308926,0.0765128
91,0.559052,-0.553505,0.0286449,0.0731533
92,0.557918,-0.552908,0.0264251,0.0697608
93,0.556945,-0.552449,0.0242332,0.0663352
94,0.556134,-0.552127,0.022069,0.0628764
95,0.555583,-0.551985,0.0202841,0.059785
96,0.555302,-0.551994,0.0191395,0.0574159
97,0.555073,-0.552046,0.01796,0.0550274
98,0.554897,-0.552143,0.0167457,0.0526194
99,0.554776,-0.552283,0.0154965,0.0501919
