R,v,vx,vy,vz
-100,0.555375,-0.5553,0.00150386,-0.0089624
-99,0.55487,-0.554783,0.00284125,-0.00939733
-98,0.554198,-0.554093,0.004424,-0.00982384
-97,0.55352,-0.553392,0.00601491,-0.0102523
-96,0.552837,-0.552681,0.00761395,-0.0106827
-95,0.552149,-0.55196,0.00922105,-0.0111154
-94,0.55201,-0.551796,0.00998538,-0.0116694
-93,0.552156,-0.551924,0.010298,-0.0122766
-92,0.552295,-0.552043,0.010606,-0.0128715
-91,0.552426,-0.552154,0.0109095,-0.013454
-90,0.552549,-0.552257,0.0112084,-0.0140241
-89,0.552495,-0.552179,0.0117512,-0.0145351
-88,0.552277,-0.551931,0.0125117,-0.0150023
-87,0.552036,-0.55166,0.0132788,-0.0154684
-86,0.551773,-0.551364,0.0140527,-0.0159336
-85,0.551487,-0.551043,0.0148334,-0.0163978
-84,0.551353,-0.550883,0.0152481,-0.0169099
-83,0.551437,-0.550951,0.0151483,-0.017479
-82,0.551498,-0.550997,0.0150414,-0.0180347
-81,0.551535,-0.55102,0.0149276,-0.0185767
-80,0.55155,-0.55102,0.0148067,-0.0191052
-79,0.551397,-0.550847,0.0148326,-0.019663
-78,0.550887,-0.550303,0.015204,-0.0203054
-77,0.550339,-0.54972,0.0155722,-0.0209343
-76,0.549751,-0.549097,0.0159374,-0.0215498
-75,0.549123,-0.548434,0.0162995,-0.0221518
-74,0.548449,-0.547726,0.0165703,-0.0227634
-73,0.547699,-0.546949,0.016464,-0.0234577
-72,0.546894,-0.546116,0.0163632,-0.024134
-71,0.546033,-0.545227,0.0162679,-0.0247922
-70,0.545115,-0.544281,0.0161781,-0.0254323
-69,0.544088,-0.543225,0.016128,-0.0260347
-68,0.542304,-0.541411,0.0165292,-0.0263603
-67,0.540435,-0.539511,0.016947,-0.0266557
-66,0.538479,-0.537525,0.0173811,-0.0269209
-65,0.536436,-0.535452,0.0178317,-0.0271561
-64,0.534306,-0.533291,0.0182985,-0.0273615
-63,0.531748,-0.530817,0.0181312,-0.025704
-62,0.529528,-0.52868,0.0179534,-0.0239682
-61,0.527753,-0.526977,0.0177869,-0.0224094
-60,0.526012,-0.525299,0.0176135,-0.0209741
-59,0.524304,-0.523645,0.0174342,-0.019661
-58,0.523534,-0.522936,0.0167685,-0.0185572
-57,0.523291,-0.522748,0.0160737,-0.0175776
-56,0.523425,-0.52293,0.0154472,-0.0167036
-55,0.523932,-0.523478,0.0148883,-0.0159352
-54,0.524808,-0.524389,0.0143959,-0.015272
-53,0.526954,-0.526594,0.0140889,-0.0134343
-52,0.529626,-0.529323,0.0139401,-0.0112322
-51,0.532446,-0.532186,0.0139109,-0.00916175
-50,0.535412,-0.535181,0.014001,-0.00722449
-49,0.538521,-0.538307,0.01421,-0.00542218
-48,0.543454,-0.543218,0.0150621,-0.00544166
-47,0.549713,-0.54943,0.016353,-0.00655372
-46,0.556229,-0.555893,0.017736,-0.00763428
-45,0.563001,-0.562607,0.0192098,-0.00868806
-44,0.570031,-0.569569,0.0207732,-0.00971979
-43,0.577924,-0.577356,0.0232167,-0.0108017
-42,0.586583,-0.585851,0.0267572,-0.0118979
-41,0.64177,-0.641544,0.0168448,-0.00271431
-40,0.654971,-0.654605,0.0211391,-0.00567225
-39,0.667649,-0.666995,0.0279375,-0.00958894
-38,0.679914,-0.67878,0.0364644,-0.0145261
-37,0.692353,-0.690546,0.0458663,-0.019889
-36,0.707174,-0.704461,0.0576303,-0.0225411
-35,0.722131,-0.718262,0.0700826,-0.0257247
-34,0.734983,-0.730143,0.0806365,-0.0242708
-33,0.745943,-0.74034,0.0893575,-0.0185319
-32,0.756934,-0.750403,0.0983815,-0.0128616
-31,0.748171,-0.741422,0.0996062,0.0114808
-30,0.730187,-0.722452,0.0983714,0.0394814
-29,0.706998,-0.697061,0.0912473,0.0750051
-28,0.680206,-0.665126,0.0769132,0.119887
-27,0.658091,-0.634132,0.0623284,0.164549
-26,0.641464,-0.605158,0.044816,0.20797
-25,0.630172,-0.577694,0.0270579,0.250307
-24,0.622627,-0.554107,0.0086918,0.283821
-23,0.615079,-0.53769,-0.0116979,0.298454
-22,0.609761,-0.52266,-0.0324132,0.312385
-21,0.602863,-0.513397,-0.0542776,0.311323
-20,0.596538,-0.506617,-0.0768328,0.30544
-19,0.590931,-0.500022,-0.0990747,0.298936
-18,0.582695,-0.491346,-0.119044,0.289726
-17,0.577313,-0.483939,-0.140296,0.281797
-16,0.570625,-0.472761,-0.166591,0.272687
-15,0.566292,-0.460733,-0.197062,0.263776
-14,0.566739,-0.449712,-0.23077,0.256315
-13,0.565709,-0.42339,-0.282135,0.24732
-12,0.574153,-0.398284,-0.336319,0.240647
-11,0.599396,-0.383845,-0.413371,0.202642
-10,0.649237,-0.379274,-0.509701,0.133658
-9,0.701598,-0.361805,-0.596928,0.0708047
-8,0.686703,-0.205809,-0.638709,0.145791
-7,0.718085,-0.0336488,-0.677625,0.23524
-6,0.897865,0.26694,-0.758751,0.399001
-5,1.32417,0.726289,-0.90264,0.641224
-4,1.76881,1.14958,-1.04295,0.848199
-3,2.39639,0.994356,-1.23978,-1.79356
-2,5.31353,0.734742,-1.46331,-5.05494
-1,7.56451,0.254336,-1.54823,-7.40001
0,7.35589,-0.802796,-1.23634,-7.20667
1,7.32508,-1.85389,-0.919189,-7.02674
2,5.28424,-2.05086,-0.473563,-4.84695
3,2.60429,-1.88741,0.0349935,-1.7941
4,1.90967,-1.68336,0.447498,0.782856
5,1.53582,-1.46245,0.286206,0.371547
6,1.29535,-1.28958,0.115582,-0.0392956
7,1.17016,-1.1533,0.0403008,-0.193778
8,1.02498,-1.00742,0.0329729,-0.186006
9,0.87542,-0.85546,0.0271673,-0.183875
10,0.884182,-0.867609,0.0178198,-0.169455
11,0.887409,-0.873744,0.00643096,-0.154997
12,0.876129,-0.862795,-0.00149073,-0.152261
13,0.848504,-0.833263,-0.00446663,-0.160039
14,0.821105,-0.803745,-0.00773877,-0.167773
15,0.814392,-0.798269,-0.0122287,-0.16078
16,0.809717,-0.795043,-0.0168773,-0.152527
17,0.80137,-0.7876,-0.0227949,-0.146152
18,0.785961,-0.772131,-0.0304061,-0.143613
19,0.770339,-0.756261,-0.0375304,-0.141718
20,0.762626,-0.748808,-0.0416311,-0.138389
21,0.761157,-0.747439,-0.0447025,-0.136734
22,0.757978,-0.743751,-0.0484359,-0.137909
23,0.754214,-0.739437,-0.0520874,-0.139138
24,0.748774,-0.734242,-0.0526762,-0.137025
25,0.74358,-0.729326,-0.0532068,-0.134772
26,0.738669,-0.724705,-0.053751,-0.132461
27,0.734042,-0.720378,-0.0543087,-0.130089
28,0.729699,-0.716346,-0.0548801,-0.127659
29,0.727865,-0.714515,-0.0551513,-0.127335
30,0.72637,-0.712941,-0.0554254,-0.127501
31,0.724831,-0.71129,-0.0557561,-0.127821
32,0.72325,-0.709562,-0.0561435,-0.128296
33,0.721626,-0.707757,-0.0565875,-0.128924
34,0.72306,-0.709243,-0.0561233,-0.128995
35,0.725678,-0.711987,-0.0553753,-0.12891
36,0.728441,-0.714857,-0.0546736,-0.128904
37,0.731347,-0.717854,-0.0540182,-0.128978
38,0.734396,-0.720978,-0.0534092,-0.129131
39,0.737122,-0.724237,-0.0527432,-0.126681
40,0.739746,-0.72766,-0.0520284,-0.122591
41,0.742551,-0.731249,-0.0513181,-0.11842
42,0.74554,-0.735006,-0.0506123,-0.114168
43,0.748713,-0.738929,-0.0499111,-0.109834
44,0.750939,-0.741717,-0.049928,-0.106168
45,0.752202,-0.74335,-0.0507278,-0.103271
46,0.753563,-0.745046,-0.0516613,-0.100469
47,0.75502,-0.746805,-0.0527286,-0.0977637
48,0.756574,-0.748626,-0.0539295,-0.0951543
49,0.758532,-0.750859,-0.0543991,-0.0928578
50,0.760987,-0.753609,-0.0536025,-0.0911094
51,0.763432,-0.756309,-0.0528283,-0.0896301
52,0.765865,-0.758959,-0.0520766,-0.0884199
53,0.768284,-0.761558,-0.0513471,-0.0874788
54,0.770016,-0.763677,-0.0502111,-0.0848506
55,0.769961,-0.764583,-0.0479045,-0.0771847
56,0.769839,-0.765355,-0.0454861,-0.0693845
57,0.769655,-0.765994,-0.0429559,-0.06145
58,0.769413,-0.766499,-0.0403139,-0.0533813
59,0.768456,-0.76622,-0.0374528,-0.0450389
60,0.764027,-0.762432,-0.0338904,-0.0358558
61,0.759526,-0.758463,-0.0301498,-0.026554
62,0.754963,-0.754312,-0.026231,-0.0171336
63,0.750974,-0.750603,-0.0225315,-0.00699739
64,0.74782,-0.747567,-0.0191066,0.00365726
65,0.743655,-0.74339,-0.0165212,0.011042
66,0.739062,-0.738709,-0.0135678,0.0183688
67,0.734043,-0.733524,-0.0102463,0.0256375
68,0.728605,-0.727835,-0.00655672,0.0328481
69,0.722754,-0.721642,-0.00249909,0.0400007
70,0.717691,-0.716152,-0.000637853,0.0469699
71,0.712521,-0.710481,0.00116419,0.0538715
72,0.707163,-0.704545,0.00309015,0.0607149
73,0.701618,-0.698345,0.00514004,0.0675001
74,0.695889,-0.691881,0.00731386,0.0742272
75,0.689613,-0.685273,0.00931843,0.0766864
76,0.683114,-0.678545,0.011273,0.0780696
77,0.676479,-0.671681,0.0132336,0.0793314
78,0.669708,-0.664682,0.0152001,0.0804719
79,0.662799,-0.657546,0.0171726,0.081491
80,0.657914,-0.652519,0.0180276,0.082131
81,0.653895,-0.648397,0.0184046,0.0825948
82,0.649819,-0.644222,0.0187901,0.0830038
83,0.645686,-0.639995,0.019184,0.0833582
84,0.641497,-0.635717,0.0195864,0.083658
85,0.637537,-0.631776,0.0198769,0.0831712
86,0.633745,-0.628085,0.0200745,0.0820912
87,0.629917,-0.624367,0.020262,0.080941
88,0.626054,-0.620621,0.0204394,0.0797207
89,0.622156,-0.616848,0.0206067,0.0784302
90,0.618927,-0.613761,0.0204942,0.0771257
91,0.616487,-0.611475,0.0200597,0.075838
92,0.614031,-0.609178,0.0196124,0.0745107
93,0.611562,-0.60687,0.0191523,0.073144
94,0.609078,-0.60455,0.0186794,0.0717378
95,0.606805,-0.602452,0.0182517,0.0702199
96,0.604945,-0.600784,0.0179215,0.0685321
97,0.603086,-0.599116,0.017582,0.0668107
98,0.601228,-0.597449,0.0172334,0.0650556
99,0.599371,-0.595783,0.0168755,0.0632669
