R,v,vx,vy,vz
-100,0.570327,-0.570326,-0.000718084,-0.000461425
-99,0.570307,-0.570306,-0.000824595,-0.000468993
-98,0.57028,-0.570279,-0.000960864,-0.000475494
-97,0.570253,-0.570251,-0.00109602,-0.000481638
-96,0.570225,-0.570223,-0.00123007,-0.00048743
-95,0.570197,-0.570195,-0.00136303,-0.000492876
-94,0.570118,-0.570116,-0.00149603,-0.000500729
-93,0.570015,-0.570012,-0.00162746,-0.000509757
-92,0.569912,-0.569909,-0.0017565,-0.000518532
-91,0.56981,-0.569807,-0.00188318,-0.000527063
-90,0.569709,-0.569705,-0.00200752,-0.000535361
-89,0.569592,-0.569588,-0.00203229,-0.000542678
-88,0.569463,-0.569459,-0.00197758,-0.000548859
-87,0.569335,-0.569331,-0.00192879,-0.00055448
-86,0.569207,-0.569204,-0.0018859,-0.000559554
-85,0.569081,-0.569078,-0.00184889,-0.00056409
-84,0.568949,-0.568946,-0.00189923,-0.000570229
-83,0.568804,-0.5688,-0.00207037,-0.000578452
-82,0.568655,-0.568651,-0.00225167,-0.000585721
-81,0.568502,-0.568496,-0.00244309,-0.00059205
-80,0.568344,-0.568338,-0.00264455,-0.000597455
-79,0.568128,-0.568119,-0.0030456,-0.000673086
-78,0.567782,-0.567768,-0.0038717,-0.000910138
-77,0.567431,-0.567411,-0.00468202,-0.00114671
-76,0.567075,-0.567047,-0.00547666,-0.00138282
-75,0.566714,-0.566677,-0.0062557,-0.00161848
-74,0.566283,-0.566236,-0.00699624,-0.00190472
-73,0.565578,-0.565521,-0.0076132,-0.0024104
-72,0.564879,-0.564812,-0.0081994,-0.00291611
-71,0.564186,-0.564108,-0.00875501,-0.00342187
-70,0.5635,-0.56341,-0.00928023,-0.00392767
-69,0.562799,-0.562698,-0.00971971,-0.00443083
-68,0.561831,-0.561731,-0.00944144,-0.00489435
-67,0.560857,-0.560756,-0.00918244,-0.00534855
-66,0.559875,-0.559774,-0.00894256,-0.0057934
-65,0.558887,-0.558784,-0.00872166,-0.00622885
-64,0.55789,-0.557786,-0.00851959,-0.00665484
-63,0.557855,-0.557749,-0.00841492,-0.00690544
-62,0.55792,-0.557813,-0.00836083,-0.00709678
-61,0.558019,-0.557909,-0.00834664,-0.00725444
-60,0.558123,-0.558011,-0.00835317,-0.0074079
-59,0.558232,-0.558118,-0.00838041,-0.00755729
-58,0.556105,-0.555983,-0.00728479,-0.0090778
-57,0.55354,-0.553402,-0.00597959,-0.0107918
-56,0.550963,-0.550803,-0.00468286,-0.0124295
-55,0.548375,-0.548186,-0.00339457,-0.0139903
-54,0.545774,-0.54555,-0.0021147,-0.0154737
-53,0.543394,-0.543132,-0.00138339,-0.0168118
-52,0.541077,-0.540775,-0.000864988,-0.0180678
-51,0.538731,-0.538386,-0.000351808,-0.0192705
-50,0.536355,-0.535966,0.000156241,-0.0204194
-49,0.533947,-0.533513,0.00065925,-0.0215141
-48,0.530849,-0.53038,0.0013264,-0.0222556
-47,0.527301,-0.526804,0.00209211,-0.022776
-46,0.523731,-0.523206,0.00284516,-0.0232758
-45,0.520138,-0.519583,0.00358573,-0.023755
-44,0.516522,-0.515936,0.00431397,-0.0242134
-43,0.512707,-0.512066,0.0046905,-0.025178
-42,0.508653,-0.507932,0.00469551,-0.0266688
-41,0.504533,-0.503726,0.00468069,-0.0281358
-40,0.500345,-0.499449,0.00464615,-0.0295787
-39,0.496089,-0.495099,0.004592,-0.030997
-38,0.491313,-0.490209,0.00504716,-0.032535
-37,0.485668,-0.48441,0.00634025,-0.0343604
-36,0.479894,-0.478462,0.00757046,-0.036262
-35,0.47399,-0.472365,0.00873795,-0.038239
-34,0.46796,-0.466118,0.00984288,-0.0402908
-33,0.462504,-0.46042,0.0107329,-0.0425221
-32,0.458895,-0.456523,0.0110833,-0.045268
-31,0.455076,-0.452364,0.0113145,-0.0483045
-30,0.451055,-0.447945,0.0114281,-0.0516308
-29,0.446841,-0.443265,0.0114256,-0.0552462
-28,0.443312,-0.439251,0.0110911,-0.0588261
-27,0.445072,-0.440807,0.00935006,-0.0607522
-26,0.446931,-0.442398,0.00756463,-0.063038
-25,0.448894,-0.444025,0.00573965,-0.0656849
-24,0.450967,-0.445688,0.00387995,-0.068694
-23,0.45363,-0.447888,0.00189508,-0.071925
-22,0.475943,-0.470822,-0.00390106,-0.0695222
-21,0.499155,-0.494545,-0.00955819,-0.0670074
-20,0.518129,-0.514157,-0.0139314,-0.0625012
-19,0.534994,-0.531494,-0.0179592,-0.0584001
-18,0.550552,-0.547344,-0.0218702,-0.055161
-17,0.570225,-0.566442,-0.0446708,-0.0480015
-16,0.589168,-0.583615,-0.0693293,-0.0413134
-15,0.655736,-0.648048,-0.0823482,-0.0569437
-14,0.728161,-0.717331,-0.104746,-0.0684281
-13,0.769942,-0.743807,-0.18379,-0.0760411
-12,0.821351,-0.771952,-0.267926,-0.0832131
-11,0.930908,-0.837914,-0.39698,-0.0830516
-10,1.08851,-0.926725,-0.566138,-0.0743346
-9,1.22574,-0.989087,-0.720834,-0.0674235
-8,1.16199,-0.841914,-0.799641,-0.0443369
-7,1.09359,-0.656071,-0.874855,-0.0122461
-6,0.974903,-0.366889,-0.901994,0.0472786
-5,0.876081,0.00901587,-0.856876,0.182206
-4,0.958266,0.334568,-0.813737,0.379698
-3,1.65122,1.21883,-0.622901,-0.923571
-2,3.73423,2.42687,-0.491649,-2.79518
-1,6.15556,3.8291,-0.584401,-4.78407
0,8.11228,5.0655,-0.98625,-6.25916
1,9.71172,6.05601,-1.29465,-7.48106
2,8.17065,4.85624,-1.15904,-6.46785
3,5.70662,3.00204,-0.88611,-4.77159
4,3.66168,1.47976,-0.638836,-3.28787
5,2.42213,0.897244,-0.449546,-2.20444
6,1.10921,0.235022,-0.256659,-1.05321
7,0.539597,-0.231368,-0.196074,-0.446305
8,0.647488,-0.579047,-0.221253,-0.187063
9,0.99641,-0.961286,-0.241308,0.102628
10,0.939128,-0.91359,-0.214205,0.0378244
11,0.881085,-0.86071,-0.184673,-0.0372171
12,0.851645,-0.830995,-0.17469,-0.0650427
13,0.828022,-0.804313,-0.185373,-0.065875
14,0.804013,-0.77641,-0.197162,-0.0689275
15,0.797614,-0.770616,-0.189723,-0.0796458
16,0.795414,-0.769258,-0.179659,-0.0929986
17,0.795614,-0.768766,-0.175289,-0.106184
18,0.796277,-0.766493,-0.182446,-0.115149
19,0.797913,-0.765155,-0.190044,-0.122828
20,0.797878,-0.759798,-0.198712,-0.140818
21,0.810766,-0.765333,-0.202437,-0.175002
22,0.818625,-0.765421,-0.212494,-0.197795
23,0.827899,-0.766233,-0.223263,-0.22013
24,0.818558,-0.754144,-0.226023,-0.224094
25,0.809067,-0.741613,-0.228996,-0.228387
26,0.799923,-0.728955,-0.232387,-0.233447
27,0.791163,-0.716169,-0.236195,-0.239275
28,0.78283,-0.703255,-0.240421,-0.245871
29,0.7927,-0.710173,-0.247452,-0.250591
30,0.806272,-0.72027,-0.255817,-0.256601
31,0.820723,-0.730318,-0.265169,-0.264399
32,0.836088,-0.740318,-0.275507,-0.273986
33,0.852412,-0.750268,-0.286833,-0.285362
34,0.865164,-0.7591,-0.290104,-0.296842
35,0.875683,-0.766589,-0.289964,-0.308354
36,0.898927,-0.792902,-0.280972,-0.316908
37,0.916138,-0.810823,-0.274584,-0.326309
38,0.934457,-0.826656,-0.280936,-0.333051
39,0.953033,-0.842336,-0.288795,-0.339616
40,0.96748,-0.860049,-0.287492,-0.337167
41,0.974524,-0.881518,-0.268422,-0.317132
42,0.982201,-0.902823,-0.248825,-0.296166
43,0.972714,-0.915697,-0.221325,-0.242252
44,0.962162,-0.926337,-0.18957,-0.178095
45,0.952162,-0.933294,-0.154033,-0.108853
46,0.93599,-0.928929,-0.111528,-0.0269973
47,0.920956,-0.917411,-0.0589324,0.0551675
48,0.952956,-0.940946,-0.0331464,0.147127
49,0.966104,-0.942923,-0.0116186,0.210041
50,0.939514,-0.912059,0.0021497,0.225455
51,0.915578,-0.882989,0.0158965,0.241579
52,0.894371,-0.855713,0.0296216,0.258413
53,0.875964,-0.830231,0.0433253,0.275957
54,0.859665,-0.8075,0.0569038,0.289362
55,0.84214,-0.787456,0.0704337,0.290089
56,0.824136,-0.766744,0.0843178,0.290165
57,0.805693,-0.745363,0.0985561,0.289588
58,0.786854,-0.723315,0.113148,0.288361
59,0.766297,-0.700277,0.124785,0.285048
60,0.738223,-0.675125,0.119384,0.27373
61,0.709581,-0.649661,0.113663,0.261777
62,0.680375,-0.623884,0.107622,0.249189
63,0.649556,-0.596664,0.101454,0.235843
64,0.618578,-0.56953,0.0951129,0.221875
65,0.60584,-0.560393,0.091932,0.21107
66,0.593384,-0.551607,0.0885151,0.199998
67,0.58123,-0.543171,0.084862,0.188659
68,0.569405,-0.535086,0.0809729,0.177054
69,0.557935,-0.527353,0.0768478,0.165181
70,0.551951,-0.524208,0.0747713,0.155772
71,0.546647,-0.521628,0.0727821,0.146392
72,0.541653,-0.51929,0.070715,0.13684
73,0.536984,-0.517195,0.0685698,0.127117
74,0.532655,-0.515343,0.0663467,0.117223
75,0.530813,-0.51543,0.0629635,0.110135
76,0.529698,-0.516069,0.0592555,0.103641
77,0.528819,-0.516865,0.0554699,0.0970704
78,0.528181,-0.517818,0.0516064,0.0904245
79,0.527792,-0.518928,0.0476653,0.0837026
80,0.528224,-0.520436,0.0443269,0.0787492
81,0.529069,-0.522167,0.0412106,0.0745464
82,0.53007,-0.524009,0.0380228,0.0703012
83,0.531227,-0.525962,0.0347636,0.0660136
84,0.532545,-0.528026,0.0314329,0.0616834
85,0.53373,-0.529778,0.0288258,0.0580747
86,0.534809,-0.531299,0.0267762,0.0549946
87,0.535976,-0.532884,0.0247274,0.0518998
88,0.537234,-0.534533,0.0226795,0.0487901
89,0.538581,-0.536245,0.0206324,0.0456657
90,0.539825,-0.537776,0.0192067,0.0428893
91,0.540912,-0.539074,0.0184954,0.0405231
92,0.542051,-0.540414,0.0177862,0.0381533
93,0.543244,-0.541796,0.017079,0.03578
94,0.544491,-0.543219,0.0163739,0.0334031
95,0.545759,-0.544637,0.0156178,0.0312941
96,0.547011,-0.546005,0.0147662,0.0296905
97,0.5483,-0.547403,0.0139184,0.0280872
98,0.549627,-0.548832,0.0130744,0.0264843
99,0.550991,-0.550293,0.0122343,0.0248818
