R,v,vx,vy,vz
-100,0.574499,-0.574499,-0.000275149,-0.000277831
-99,0.574557,-0.574557,-0.000288747,-0.000290702
-98,0.574612,-0.574612,-0.000303899,-0.000304319
-97,0.574667,-0.574667,-0.000318901,-0.000317637
-96,0.574721,-0.574721,-0.000333753,-0.000330658
-95,0.574775,-0.574775,-0.000348456,-0.000343381
-94,0.574818,-0.574818,-0.000364131,-0.000359655
-93,0.574855,-0.574855,-0.000380162,-0.000377583
-92,0.574892,-0.574891,-0.000395944,-0.000395117
-91,0.574928,-0.574927,-0.000411479,-0.000412257
-90,0.574963,-0.574963,-0.000426769,-0.000429004
-89,0.574987,-0.574986,-0.000441918,-0.000450446
-88,0.574999,-0.574999,-0.000456713,-0.000475785
-87,0.575012,-0.575011,-0.000471013,-0.000500631
-86,0.575023,-0.575023,-0.000484823,-0.000524983
-85,0.575034,-0.575033,-0.000498147,-0.000548842
-84,0.575035,-0.575034,-0.000511801,-0.000577035
-83,0.575023,-0.575023,-0.000525946,-0.000611237
-82,0.575011,-0.57501,-0.000539414,-0.000644773
-81,0.574998,-0.574997,-0.000552211,-0.000677644
-80,0.574983,-0.574982,-0.000564343,-0.000709852
-79,0.574956,-0.574955,-0.000585181,-0.000745709
-78,0.574899,-0.574898,-0.000626731,-0.00079062
-77,0.574841,-0.57484,-0.000667678,-0.00083471
-76,0.574781,-0.57478,-0.000708027,-0.00087798
-75,0.57472,-0.574719,-0.000747784,-0.000920431
-74,0.574646,-0.574645,-0.000785705,-0.000965811
-73,0.574522,-0.574521,-0.000817263,-0.00102632
-72,0.574396,-0.574394,-0.000847551,-0.00108571
-71,0.574266,-0.574265,-0.000876581,-0.00114398
-70,0.574135,-0.574133,-0.000904364,-0.00120113
-69,0.573996,-0.573994,-0.000927658,-0.00125995
-68,0.573798,-0.573796,-0.000906951,-0.00135319
-67,0.573597,-0.573594,-0.000883276,-0.00144502
-66,0.573392,-0.573389,-0.000856662,-0.00153543
-65,0.573183,-0.57318,-0.00082714,-0.00162443
-64,0.572971,-0.572968,-0.00079474,-0.00171202
-63,0.572714,-0.57271,-0.000796295,-0.00183965
-62,0.57246,-0.572456,-0.000807836,-0.00195772
-61,0.572213,-0.572209,-0.000829878,-0.00206209
-60,0.571964,-0.571959,-0.000852122,-0.00216149
-59,0.571712,-0.571707,-0.000874572,-0.00225592
-58,0.571309,-0.571303,-0.00105633,-0.00240256
-57,0.570874,-0.570867,-0.00126931,-0.00255326
-56,0.570435,-0.570426,-0.00148307,-0.00269694
-55,0.569991,-0.569982,-0.0016976,-0.00283358
-54,0.569544,-0.569533,-0.00191291,-0.00296319
-53,0.568859,-0.568846,-0.00200802,-0.00315955
-52,0.568076,-0.568062,-0.00205808,-0.00337388
-51,0.567286,-0.567271,-0.00210958,-0.00357734
-50,0.566489,-0.566472,-0.00216253,-0.00376996
-49,0.565685,-0.565667,-0.00221692,-0.00395174
-48,0.564724,-0.564704,-0.00199352,-0.00431911
-47,0.563654,-0.563632,-0.00158586,-0.0047943
-46,0.562572,-0.562547,-0.00117419,-0.0052476
-45,0.561478,-0.561449,-0.000758544,-0.00567898
-44,0.560372,-0.560339,-0.00033896,-0.00608844
-43,0.559188,-0.559148,-0.00018444,-0.00662326
-42,0.557919,-0.557872,-0.000305168,-0.00728272
-41,0.556634,-0.556577,-0.000420729,-0.00791104
-40,0.55533,-0.555265,-0.000531115,-0.00850816
-39,0.554009,-0.553935,-0.000636321,-0.00907402
-38,0.55213,-0.552044,-0.00112872,-0.00969923
-37,0.54931,-0.549206,-0.00228029,-0.0104377
-36,0.546446,-0.546322,-0.00343521,-0.0111338
-35,0.543539,-0.543392,-0.00459332,-0.0117873
-34,0.540589,-0.540416,-0.00575445,-0.0123982
-33,0.537138,-0.53694,-0.00638919,-0.0131011
-32,0.532296,-0.53208,-0.00549164,-0.0141355
-31,0.527374,-0.527138,-0.00458942,-0.0151023
-30,0.522372,-0.522114,-0.00368251,-0.0160015
-29,0.517288,-0.517007,-0.00277087,-0.016833
-28,0.511814,-0.511502,-0.00119682,-0.0178204
-27,0.504373,-0.503954,0.00442747,-0.0200864
-26,0.496865,-0.496264,0.0100956,-0.0222472
-25,0.489292,-0.488432,0.0158071,-0.0243027
-24,0.481659,-0.48046,0.0215615,-0.026253
-23,0.473804,-0.47217,0.0273926,-0.0281996
-22,0.459058,-0.456482,0.0345887,-0.0340935
-21,0.444079,-0.440327,0.0416871,-0.039758
-20,0.42969,-0.424645,0.0487074,-0.0440198
-19,0.415485,-0.40899,0.0557642,-0.0473825
-18,0.40133,-0.393205,0.0628646,-0.050041
-17,0.382767,-0.371462,0.0722495,-0.0574992
-16,0.364222,-0.349034,0.0817911,-0.0643689
-15,0.346191,-0.326513,0.0912537,-0.0700712
-14,0.328705,-0.303897,0.100636,-0.0746092
-13,0.311819,-0.281182,0.109935,-0.0779859
-12,0.266312,-0.226461,0.115482,-0.079379
-11,0.216882,-0.161899,0.120089,-0.0800327
-10,0.176553,-0.0957743,0.124738,-0.080242
-9,0.154734,-0.0280999,0.129427,-0.0800102
-8,0.161192,0.0411129,0.134156,-0.0793404
-7,0.181014,0.102828,0.111558,-0.0987276
-6,0.218006,0.161433,0.0737114,-0.126619
-5,0.450196,0.399037,0.0990966,-0.183375
-4,0.602143,0.558148,0.105655,-0.199711
-3,1.37176,1.25305,-0.184547,-0.526799
-2,2.37265,2.08945,-0.555844,-0.9771
-1,3.27334,2.7976,-0.902908,-1.43978
0,3.70573,3.06102,-1.12052,-1.76268
1,4.08992,3.28654,-1.3204,-2.04516
2,3.68319,2.91028,-1.2715,-1.86533
3,3.02807,2.34802,-1.13264,-1.54051
4,2.40198,1.8291,-0.96866,-1.21886
5,1.67765,1.32518,-0.66288,-0.786769
6,0.952558,0.808235,-0.356077,-0.356835
7,0.51366,0.472151,-0.163569,-0.119019
8,0.248813,0.245813,-0.0379846,0.00641368
9,0.165366,0.00913893,0.0899142,0.138484
10,0.143882,-0.0817404,0.0579588,0.103253
11,0.197075,-0.182511,0.0239962,0.0703738
12,0.271368,-0.266265,0.00591962,0.0520412
13,0.330661,-0.327375,0.00487355,0.0462433
14,0.391239,-0.388897,0.00374047,0.0425813
15,0.413716,-0.412495,0.00722753,0.0309316
16,0.422812,-0.422328,0.010657,0.0171906
17,0.444044,-0.443648,0.0138277,0.0126328
18,0.464874,-0.464497,0.0164697,0.00889422
19,0.4744,-0.474152,0.0138002,0.00666961
20,0.484402,-0.484252,0.0111635,0.00462996
21,0.495112,-0.49503,0.00859216,0.0027833
22,0.50702,-0.506981,0.00619578,0.001159
23,0.518609,-0.518595,0.00379562,-0.00028542
24,0.523472,-0.523462,0.00315519,-0.00078323
25,0.528145,-0.528137,0.00253806,-0.00114665
26,0.532781,-0.532776,0.00190222,-0.00139461
27,0.537381,-0.537378,0.00124767,-0.00152711
28,0.541946,-0.541943,0.000574412,-0.00154415
29,0.544945,-0.544942,0.000669686,-0.00166185
30,0.547667,-0.547663,0.00087575,-0.00176089
31,0.550359,-0.550355,0.00106519,-0.0018109
32,0.553021,-0.553017,0.00123802,-0.00181188
33,0.555653,-0.555649,0.00139423,-0.00176382
34,0.557683,-0.557677,0.00176304,-0.00176412
35,0.559502,-0.559495,0.00220519,-0.00176055
36,0.561311,-0.561302,0.00264356,-0.00172138
37,0.563109,-0.563098,0.00307817,-0.00164659
38,0.564896,-0.564883,0.00350901,-0.0015362
39,0.566349,-0.566336,0.00348761,-0.00149933
40,0.567601,-0.56759,0.00319912,-0.00150883
41,0.568847,-0.568838,0.00290968,-0.00150402
42,0.570086,-0.570078,0.00261927,-0.0014849
43,0.571319,-0.571313,0.0023279,-0.00145147
44,0.572319,-0.572314,0.00204264,-0.00142624
45,0.5731,-0.573095,0.00176426,-0.00140991
46,0.573877,-0.573873,0.00148638,-0.00138157
47,0.57465,-0.574648,0.00120898,-0.00134122
48,0.575421,-0.575418,0.000932069,-0.00128886
49,0.576091,-0.576089,0.000773874,-0.00124141
50,0.576612,-0.576611,0.00079505,-0.00121144
51,0.577133,-0.577131,0.000814126,-0.00117469
52,0.577652,-0.57765,0.000831101,-0.00113115
53,0.578169,-0.578168,0.000845976,-0.00108082
54,0.57866,-0.578658,0.000873484,-0.00103146
55,0.579083,-0.579081,0.000937932,-0.000995946
56,0.579504,-0.579502,0.00100187,-0.000954644
57,0.579924,-0.579922,0.0010653,-0.00090755
58,0.580343,-0.580341,0.00112822,-0.000854663
59,0.580743,-0.580741,0.00117724,-0.000802436
60,0.581054,-0.581053,0.00115704,-0.000779195
61,0.581365,-0.581364,0.00113644,-0.000752992
62,0.581676,-0.581674,0.00111545,-0.000723826
63,0.581991,-0.581989,0.00109726,-0.000688427
64,0.582305,-0.582303,0.00107918,-0.000648175
65,0.582551,-0.58255,0.00101226,-0.00062317
66,0.582796,-0.582795,0.000944702,-0.000596788
67,0.583039,-0.583038,0.000876519,-0.00056903
68,0.583282,-0.583281,0.000807704,-0.000539896
69,0.583522,-0.583522,0.000738258,-0.000509386
70,0.583708,-0.583707,0.000701491,-0.000494677
71,0.583888,-0.583887,0.0006669,-0.000480094
72,0.584067,-0.584066,0.000632005,-0.000464362
73,0.584245,-0.584244,0.000596808,-0.000447481
74,0.584422,-0.584421,0.000561309,-0.000429451
75,0.584569,-0.584569,0.000550338,-0.000414193
76,0.58471,-0.584709,0.000544137,-0.000399029
77,0.584849,-0.584849,0.00053698,-0.000383101
78,0.584989,-0.584988,0.000528865,-0.000366408
79,0.585127,-0.585127,0.000519793,-0.00034895
80,0.585245,-0.585244,0.000513821,-0.00033567
81,0.585353,-0.585353,0.000509164,-0.000323858
82,0.585461,-0.58546,0.000504159,-0.00031139
83,0.585568,-0.585567,0.000498808,-0.000298266
84,0.585675,-0.585674,0.000493109,-0.000284487
85,0.585772,-0.585772,0.00047687,-0.000273857
86,0.585863,-0.585862,0.000453107,-0.000265478
87,0.585953,-0.585953,0.000429192,-0.000256658
88,0.586043,-0.586043,0.000405125,-0.000247398
89,0.586133,-0.586133,0.000380906,-0.000237696
90,0.586214,-0.586214,0.000359783,-0.000229992
91,0.586284,-0.586284,0.000342358,-0.000224691
92,0.586354,-0.586354,0.000324948,-0.000219008
93,0.586424,-0.586424,0.000307552,-0.000212944
94,0.586494,-0.586494,0.000290171,-0.0002065
95,0.586559,-0.586559,0.000275815,-0.000200396
96,0.586616,-0.586616,0.000266978,-0.000195333
97,0.586672,-0.586672,0.000257997,-0.000190002
98,0.586729,-0.586729,0.000248872,-0.000184402
99,0.586785,-0.586785,0.000239603,-0.000178533
