R,v,vx,vy,vz
-100,0.566843,-0.566799,-0.00707344,0.000366038
-99,0.566317,-0.56626,-0.00801785,0.000224239
-98,0.565723,-0.565653,-0.00891603,2.549e-05
-97,0.565133,-0.565048,-0.00980414,-0.000170657
-96,0.564546,-0.564445,-0.0106822,-0.000364201
-95,0.563963,-0.563844,-0.0115503,-0.000555142
-94,0.563469,-0.563351,-0.0114974,-0.000909261
-93,0.563027,-0.562919,-0.0109618,-0.00134374
-92,0.562594,-0.562495,-0.0104264,-0.00177007
-91,0.56217,-0.562079,-0.00989101,-0.00218824
-90,0.561754,-0.56167,-0.00935577,-0.00259825
-89,0.561448,-0.56137,-0.00883281,-0.00300491
-88,0.56123,-0.561157,-0.00832754,-0.0034081
-87,0.56101,-0.560942,-0.0078316,-0.00380385
-86,0.560789,-0.560725,-0.00734491,-0.00419217
-85,0.560566,-0.560505,-0.00686739,-0.00457307
-84,0.560771,-0.560708,-0.00673203,-0.00500536
-83,0.561559,-0.561488,-0.00705253,-0.00550651
-82,0.562337,-0.562257,-0.00736771,-0.00599396
-81,0.563106,-0.563016,-0.00767765,-0.00646755
-80,0.563864,-0.563765,-0.00798246,-0.00692713
-79,0.563856,-0.563757,-0.00746165,-0.00749392
-78,0.562107,-0.562022,-0.00504442,-0.00834121
-77,0.56034,-0.560258,-0.00258839,-0.00920252
-76,0.558554,-0.558463,-9.37297e-05,-0.0100781
-75,0.55675,-0.556637,0.00243944,-0.0109684
-74,0.555244,-0.555098,0.00461656,-0.0118548
-73,0.555075,-0.554908,0.00509827,-0.0126556
-72,0.554895,-0.554704,0.00555605,-0.013437
-71,0.554702,-0.554488,0.00598988,-0.0141988
-70,0.554497,-0.554259,0.00639973,-0.0149409
-69,0.554194,-0.553931,0.0068348,-0.0156682
-68,0.552759,-0.552458,0.00789179,-0.0164436
-67,0.551274,-0.550933,0.00894881,-0.0172055
-66,0.549739,-0.549354,0.0100058,-0.0179538
-65,0.548153,-0.547722,0.0110629,-0.0186886
-64,0.546516,-0.546036,0.01212,-0.0194099
-63,0.545171,-0.544664,0.0119604,-0.0202317
-62,0.54396,-0.54343,0.0117127,-0.0209569
-61,0.542901,-0.542351,0.0114539,-0.0215832
-60,0.541834,-0.541264,0.0112012,-0.0221857
-59,0.540758,-0.540168,0.0109546,-0.0227643
-58,0.538676,-0.538037,0.0115906,-0.0235378
-57,0.536401,-0.535706,0.0123939,-0.0243212
-56,0.534123,-0.533371,0.013196,-0.0250715
-55,0.53184,-0.53103,0.0139971,-0.0257883
-54,0.529553,-0.528684,0.0147971,-0.0264713
-53,0.527219,-0.526297,0.0153099,-0.027139
-52,0.524849,-0.523877,0.0157115,-0.0278096
-51,0.522457,-0.521432,0.0161115,-0.02848
-50,0.520041,-0.518961,0.0165101,-0.0291498
-49,0.517601,-0.516465,0.0169072,-0.0298183
-48,0.514951,-0.513775,0.0175449,-0.0300336
-47,0.512141,-0.51093,0.0183101,-0.0300561
-46,0.509283,-0.50803,0.019039,-0.0302033
-45,0.506377,-0.505074,0.019732,-0.030474
-44,0.503422,-0.502061,0.0203897,-0.0308671
-43,0.501798,-0.500417,0.0208133,-0.0308454
-42,0.501568,-0.5002,0.0209482,-0.0305188
-41,0.501293,-0.499924,0.0209875,-0.0304903
-40,0.500973,-0.499589,0.020933,-0.0307592
-39,0.500608,-0.499194,0.0207867,-0.0313247
-38,0.50369,-0.502245,0.020754,-0.0319708
-37,0.512921,-0.511461,0.0210182,-0.0324651
-36,0.522595,-0.52111,0.021259,-0.0331312
-35,0.532708,-0.531189,0.0214774,-0.0339719
-34,0.543257,-0.541696,0.0216745,-0.03499
-33,0.554712,-0.553132,0.0219408,-0.0356202
-32,0.568028,-0.566523,0.0225793,-0.0346213
-31,0.581881,-0.580442,0.0234085,-0.0335408
-30,0.670719,-0.669564,0.0292168,-0.0263573
-29,0.699133,-0.698244,0.0236276,-0.0261415
-28,0.697313,-0.696688,0.00584262,-0.0289282
-27,0.695637,-0.694868,-0.0102997,-0.0310218
-26,0.711575,-0.710628,-0.0226566,-0.028869
-25,0.7298,-0.728504,-0.0335718,-0.0276212
-24,0.745254,-0.74348,-0.0419177,-0.0297383
-23,0.754687,-0.75231,-0.0482468,-0.0354161
-22,0.762788,-0.759596,-0.0573945,-0.0395548
-21,0.773553,-0.768858,-0.0781242,-0.0337417
-20,0.786312,-0.778998,-0.104525,-0.0228823
-19,0.797709,-0.786038,-0.13585,-0.00545895
-18,0.800961,-0.780004,-0.17895,0.0332913
-17,0.808707,-0.773732,-0.2231,0.0746522
-16,0.828388,-0.769939,-0.275523,0.132322
-15,0.85961,-0.766619,-0.334216,0.19881
-14,0.896644,-0.76051,-0.394591,0.264374
-13,0.922125,-0.738734,-0.451647,0.317178
-12,0.963202,-0.723252,-0.514097,0.374658
-11,1.00579,-0.713054,-0.578264,0.410816
-10,1.03061,-0.695508,-0.63301,0.421562
-9,1.0379,-0.664569,-0.672984,0.427403
-8,1.02701,-0.508855,-0.727913,0.515716
-7,1.04967,-0.331631,-0.782064,0.616609
-6,1.11897,-0.0390473,-0.837203,0.741384
-5,1.32925,0.389648,-0.888604,0.908551
-4,1.64231,0.788623,-0.93011,1.10007
-3,1.56376,1.1571,-0.814497,-0.665625
-2,3.5517,1.62049,-0.748192,-3.07064
-1,5.94084,2.17186,-0.826304,-5.46752
0,7.60292,2.63698,-1.04626,-7.0538
1,8.98277,2.98647,-1.1978,-8.38668
2,6.85572,1.70451,-0.903695,-6.57867
3,3.75429,-0.0963525,-0.466369,-3.72396
4,2.00744,-1.4953,-0.109286,-1.33489
5,1.50299,-1.33838,-0.0764475,-0.679627
6,1.28491,-1.27962,-0.0238982,0.114008
7,1.2745,-1.22177,-0.0094369,0.362663
8,1.12277,-1.10838,-0.0303567,0.176587
9,0.985574,-0.984013,-0.0520682,-0.0190673
10,0.923817,-0.921761,-0.0534646,-0.0306109
11,0.8704,-0.867357,-0.0561679,-0.0461856
12,0.842027,-0.837338,-0.0613072,-0.0641519
13,0.842701,-0.836172,-0.0694233,-0.0783703
14,0.846647,-0.837907,-0.0784826,-0.0925349
15,0.83864,-0.827433,-0.0833043,-0.108315
16,0.822391,-0.808424,-0.0841077,-0.125314
17,0.848125,-0.827644,-0.105079,-0.152578
18,0.871059,-0.843446,-0.124386,-0.178527
19,0.836699,-0.81145,-0.113134,-0.169746
20,0.800309,-0.777624,-0.100907,-0.160039
21,0.761835,-0.741883,-0.0877386,-0.149346
22,0.723132,-0.705759,-0.0750103,-0.138558
23,0.686201,-0.671015,-0.0634213,-0.128796
24,0.70002,-0.68353,-0.0676413,-0.135055
25,0.714146,-0.696161,-0.0720573,-0.142026
26,0.727391,-0.707794,-0.0763062,-0.149345
27,0.739765,-0.718427,-0.080388,-0.157012
28,0.751274,-0.728061,-0.0843027,-0.165027
29,0.752842,-0.728446,-0.0873569,-0.16884
30,0.753168,-0.727665,-0.090198,-0.172131
31,0.753804,-0.727143,-0.0929433,-0.175628
32,0.754752,-0.726879,-0.0955928,-0.179331
33,0.756013,-0.726874,-0.0981465,-0.183239
34,0.762616,-0.731921,-0.102005,-0.188335
35,0.770878,-0.738491,-0.106249,-0.193892
36,0.779012,-0.744882,-0.110395,-0.199561
37,0.787021,-0.751092,-0.114444,-0.205342
38,0.794903,-0.757122,-0.118397,-0.211235
39,0.801002,-0.762479,-0.120058,-0.214046
40,0.806067,-0.767559,-0.120458,-0.214676
41,0.811097,-0.772698,-0.120926,-0.214923
42,0.816093,-0.777896,-0.121462,-0.214787
43,0.821059,-0.783152,-0.122066,-0.214268
44,0.825783,-0.78931,-0.121013,-0.210388
45,0.830538,-0.796505,-0.118424,-0.203343
46,0.83562,-0.803991,-0.115957,-0.195993
47,0.841037,-0.811766,-0.113613,-0.188338
48,0.846799,-0.819832,-0.111391,-0.180377
49,0.852821,-0.829066,-0.109623,-0.167142
50,0.85955,-0.840151,-0.108309,-0.14575
51,0.867381,-0.85184,-0.106866,-0.123686
52,0.87636,-0.864134,-0.105294,-0.100951
53,0.886528,-0.877034,-0.103593,-0.0775444
54,0.894286,-0.886908,-0.100192,-0.0557006
55,0.893412,-0.887739,-0.0924699,-0.0394289
56,0.893034,-0.888732,-0.0844067,-0.023231
57,0.893157,-0.889889,-0.0760022,-0.00710682
58,0.893788,-0.891209,-0.0672566,0.00894353
59,0.891306,-0.889098,-0.0578681,0.02413
60,0.870076,-0.868114,-0.0465473,0.0352688
61,0.848286,-0.846296,-0.034812,0.046477
62,0.825977,-0.823643,-0.0226622,0.0577546
63,0.803463,-0.800297,-0.0100277,0.070549
64,0.782773,-0.778143,0.00254057,0.0849745
65,0.771124,-0.765448,0.00701437,0.0931225
66,0.758697,-0.751931,0.0117295,0.100413
67,0.745479,-0.737593,0.0166859,0.106846
68,0.731456,-0.722433,0.0218837,0.112422
69,0.716619,-0.706452,0.0273228,0.11714
70,0.707826,-0.697083,0.0287651,0.119441
71,0.699387,-0.68814,0.0298171,0.12131
72,0.690808,-0.679094,0.0307841,0.122884
73,0.682088,-0.669944,0.0316662,0.124162
74,0.673221,-0.660691,0.0324633,0.125144
75,0.665979,-0.653466,0.0326754,0.124266
76,0.659021,-0.646638,0.0327106,0.122869
77,0.651946,-0.639723,0.0326852,0.121325
78,0.644754,-0.632719,0.0325993,0.119633
79,0.637446,-0.625627,0.0324529,0.117794
80,0.63159,-0.620104,0.03212,0.115518
81,0.62635,-0.615253,0.0316935,0.113019
82,0.62106,-0.610365,0.0312315,0.11043
83,0.615719,-0.605437,0.0307341,0.107752
84,0.610329,-0.600472,0.0302013,0.104985
85,0.60645,-0.597103,0.0299006,0.101767
86,0.603722,-0.594937,0.0297918,0.0981983
87,0.601044,-0.592819,0.0296915,0.0945396
88,0.598417,-0.590748,0.0295998,0.0907908
89,0.595843,-0.588725,0.0295167,0.0869519
90,0.593679,-0.587027,0.0283822,0.0839517
91,0.59194,-0.585667,0.0259511,0.0819411
92,0.590208,-0.584312,0.0234088,0.0798578
93,0.588484,-0.582962,0.0207552,0.0777017
94,0.58677,-0.581618,0.0179903,0.075473
95,0.585082,-0.580286,0.0158352,0.0730629
96,0.583433,-0.578975,0.0149894,0.0704107
97,0.581801,-0.577672,0.0141461,0.0677345
98,0.580188,-0.576378,0.0133053,0.0650342
99,0.578593,-0.575093,0.012467,0.0623099
