R,v,vx,vy,vz
-100,0.576505,-0.576505,-9.90558e-06,2.08005e-07
-99,0.576629,-0.576629,-9.90949e-06,2.07317e-07
-98,0.576752,-0.576752,-9.91328e-06,2.06623e-07
-97,0.576875,-0.576875,-9.91707e-06,2.05923e-07
-96,0.576998,-0.576998,-9.92084e-06,2.05217e-07
-95,0.577121,-0.577121,-9.92461e-06,2.04505e-07
-94,0.577244,-0.577244,-9.92865e-06,2.03789e-07
-93,0.577367,-0.577367,-9.93283e-06,2.03069e-07
-92,0.57749,-0.57749,-9.937e-06,2.02342e-07
-91,0.577613,-0.577613,-9.94115e-06,2.01609e-07
-90,0.577736,-0.577736,-9.9453e-06,2.00869e-07
-89,0.57786,-0.57786,-9.94969e-06,2.00125e-07
-88,0.577983,-0.577983,-9.95428e-06,1.99375e-07
-87,0.578106,-0.578106,-9.95886e-06,1.9862e-07
-86,0.578229,-0.578229,-9.96343e-06,1.97859e-07
-85,0.578352,-0.578352,-9.968e-06,1.97092e-07
-84,0.578475,-0.578475,-9.97272e-06,1.96321e-07
-83,0.578598,-0.578598,-9.97765e-06,1.95546e-07
-82,0.578721,-0.578721,-9.98258e-06,1.94765e-07
-81,0.578844,-0.578844,-9.9875e-06,1.93978e-07
-80,0.578967,-0.578967,-9.99241e-06,1.93184e-07
-79,0.57909,-0.57909,-9.9971e-06,1.92386e-07
-78,0.579214,-0.579214,-1.00013e-05,1.91582e-07
-77,0.579337,-0.579337,-1.00055e-05,1.90772e-07
-76,0.57946,-0.57946,-1.00096e-05,1.89956e-07
-75,0.579583,-0.579583,-1.00138e-05,1.89133e-07
-74,0.579706,-0.579706,-1.00179e-05,1.88302e-07
-73,0.579829,-0.579829,-1.00218e-05,1.87463e-07
-72,0.579952,-0.579952,-1.00257e-05,1.86615e-07
-71,0.580075,-0.580075,-1.00296e-05,1.8576e-07
-70,0.580198,-0.580198,-1.00335e-05,1.84898e-07
-69,0.580321,-0.580321,-1.00374e-05,1.84029e-07
-68,0.580444,-0.580444,-1.00416e-05,1.8316e-07
-67,0.580568,-0.580568,-1.00458e-05,1.82285e-07
-66,0.580691,-0.580691,-1.005e-05,1.81402e-07
-65,0.580814,-0.580814,-1.00542e-05,1.80512e-07
-64,0.580937,-0.580937,-1.00584e-05,1.79616e-07
-63,0.58106,-0.58106,-1.00628e-05,1.78738e-07
-62,0.581183,-0.581183,-1.0065e-05,1.76793e-07
-61,0.581306,-0.581306,-1.00651e-05,1.738e-07
-60,0.581429,-0.581429,-1.00652e-05,1.70814e-07
-59,0.581552,-0.581552,-1.00653e-05,1.67833e-07
-58,0.581675,-0.581675,-1.00644e-05,1.64861e-07
-57,0.581799,-0.581799,-1.00633e-05,1.61894e-07
-56,0.581922,-0.581922,-1.00622e-05,1.58932e-07
-55,0.582045,-0.582045,-1.00611e-05,1.55976e-07
-54,0.582168,-0.582168,-1.00599e-05,1.53024e-07
-53,0.582291,-0.582291,-1.00593e-05,1.50062e-07
-52,0.582414,-0.582414,-1.00588e-05,1.47099e-07
-51,0.582537,-0.582537,-1.00583e-05,1.44142e-07
-50,0.58266,-0.58266,-1.00578e-05,1.41191e-07
-49,0.582783,-0.582783,-1.00572e-05,1.38247e-07
-48,0.582906,-0.582906,-1.00582e-05,1.35304e-07
-47,0.58303,-0.58303,-1.00602e-05,1.32362e-07
-46,0.583153,-0.583153,-1.00621e-05,1.29427e-07
-45,0.583276,-0.583276,-1.0064e-05,1.26498e-07
-44,0.583399,-0.583399,-1.00659e-05,1.23576e-07
-43,0.583522,-0.583522,-1.00675e-05,1.20667e-07
-42,0.583645,-0.583645,-1.00689e-05,1.17772e-07
-41,0.583768,-0.583768,-1.00703e-05,1.1488e-07
-40,0.583891,-0.583891,-1.00716e-05,1.11992e-07
-39,0.584014,-0.584014,-1.0073e-05,1.09107e-07
-38,0.584137,-0.584137,-1.00721e-05,1.06229e-07
-37,0.58426,-0.58426,-1.00674e-05,1.03356e-07
-36,0.584384,-0.584384,-1.00628e-05,1.00484e-07
-35,0.584507,-0.584507,-1.00582e-05,9.76133e-08
-34,0.58463,-0.58463,-1.00536e-05,9.47434e-08
-33,0.584753,-0.584753,-1.00494e-05,9.18744e-08
-32,0.584876,-0.584876,-1.00461e-05,8.90059e-08
-31,0.584999,-0.584999,-1.00428e-05,8.61387e-08
-30,0.585122,-0.585122,-1.00394e-05,8.3273e-08
-29,0.585245,-0.585245,-1.00361e-05,8.04088e-08
-28,0.585368,-0.585368,-1.00342e-05,7.75425e-08
-27,0.585492,-0.585492,-1.0041e-05,7.46553e-08
-26,0.585615,-0.585615,-1.00477e-05,7.17683e-08
-25,0.585738,-0.585738,-1.00543e-05,6.88816e-08
-24,0.585861,-0.585861,-1.00609e-05,6.59953e-08
-23,0.585984,-0.585984,-1.00673e-05,6.31078e-08
-22,0.586107,-0.586107,-1.00694e-05,6.01621e-08
-21,0.58623,-0.58623,-1.00714e-05,5.72173e-08
-20,0.586353,-0.586353,-1.00668e-05,5.66303e-08
-19,0.586476,-0.586476,-1.00609e-05,5.65128e-08
-18,0.586599,-0.586599,-1.0055e-05,5.63967e-08
-17,0.586723,-0.586723,-1.00308e-05,5.62855e-08
-16,0.586846,-0.586846,-1.00048e-05,5.61746e-08
-15,0.586969,-0.586969,-9.97883e-06,5.60634e-08
-14,0.587092,-0.587092,-9.95299e-06,5.59519e-08
-13,0.587215,-0.587215,-9.92724e-06,5.58402e-08
-12,0.587338,-0.587338,-9.90774e-06,5.56207e-08
-11,0.587461,-0.587461,-9.88988e-06,5.53724e-08
-10,0.587584,-0.587584,-9.87202e-06,5.51237e-08
-9,0.587707,-0.587707,-9.85415e-06,5.48745e-08
-8,0.58783,-0.58783,-9.83627e-06,5.4625e-08
-7,0.587954,-0.587954,-9.84239e-06,5.47699e-08
-6,0.588077,-0.588077,-9.85987e-06,5.51001e-08
-5,0.5882,-0.5882,-9.87711e-06,5.54245e-08
-4,0.588323,-0.588323,-9.8941e-06,5.57429e-08
-3,0.588446,-0.588446,-9.91085e-06,5.60556e-08
-2,0.588569,-0.588569,-9.9288e-06,5.59197e-08
-1,0.588692,-0.588692,-9.94769e-06,5.54351e-08
0,0.588815,-0.588815,-9.96641e-06,5.49543e-08
1,0.588815,-0.588815,-9.98407e-06,5.43719e-08
2,0.588815,-0.588815,-1.00016e-05,5.37896e-08
3,0.588815,-0.588815,-1.00012e-05,5.34293e-08
4,0.588815,-0.588815,-9.97843e-06,5.33496e-08
5,0.588815,-0.588815,-9.95572e-06,5.32705e-08
6,0.588815,-0.588815,-9.93306e-06,5.31921e-08
7,0.588815,-0.588815,-9.91045e-06,5.31143e-08
8,0.588815,-0.588815,-9.88625e-06,5.29581e-08
9,0.588815,-0.588815,-9.85863e-06,5.2637e-08
10,0.588815,-0.588815,-9.83098e-06,5.23136e-08
11,0.588815,-0.588815,-9.80328e-06,5.19879e-08
12,0.588815,-0.588815,-9.77555e-06,5.166e-08
13,0.588815,-0.588815,-9.75189e-06,5.13712e-08
14,0.588815,-0.588815,-9.74373e-06,5.12379e-08
15,0.588815,-0.588815,-9.73554e-06,5.11046e-08
16,0.588815,-0.588815,-9.72732e-06,5.09714e-08
17,0.588815,-0.588815,-9.71909e-06,5.08383e-08
18,0.588815,-0.588815,-9.71131e-06,5.07084e-08
19,0.588815,-0.588815,-9.70821e-06,5.06092e-08
20,0.588815,-0.588815,-9.70509e-06,5.05112e-08
21,0.588815,-0.588815,-9.70342e-06,5.09098e-08
22,0.588815,-0.588815,-9.70914e-06,5.38065e-08
23,0.588815,-0.588815,-9.71486e-06,5.67086e-08
24,0.588815,-0.588815,-9.71052e-06,5.95882e-08
25,0.588815,-0.588815,-9.70595e-06,6.24726e-08
26,0.588815,-0.588815,-9.70138e-06,6.53625e-08
27,0.588815,-0.588815,-9.69681e-06,6.82578e-08
28,0.588815,-0.588815,-9.69224e-06,7.11586e-08
29,0.588815,-0.588815,-9.68683e-06,7.40707e-08
30,0.588815,-0.588815,-9.6813e-06,7.69873e-08
31,0.588815,-0.588815,-9.67576e-06,7.99072e-08
32,0.588815,-0.588815,-9.67022e-06,8.28305e-08
33,0.588815,-0.588815,-9.66468e-06,8.57572e-08
34,0.588815,-0.588815,-9.66336e-06,8.874e-08
35,0.588815,-0.588815,-9.66349e-06,9.17409e-08
36,0.588815,-0.588815,-9.66361e-06,9.47411e-08
37,0.588815,-0.588815,-9.66374e-06,9.77407e-08
38,0.588815,-0.588815,-9.66386e-06,1.0074e-07
39,0.588815,-0.588815,-9.66482e-06,1.03733e-07
40,0.588815,-0.588815,-9.66626e-06,1.06723e-07
41,0.588815,-0.588815,-9.6677e-06,1.09714e-07
42,0.588815,-0.588815,-9.66914e-06,1.12704e-07
43,0.588815,-0.588815,-9.67058e-06,1.15695e-07
44,0.588815,-0.588815,-9.67028e-06,1.18674e-07
45,0.588815,-0.588815,-9.66834e-06,1.21641e-07
46,0.588815,-0.588815,-9.6664e-06,1.2461e-07
47,0.588815,-0.588815,-9.66446e-06,1.27582e-07
48,0.588815,-0.588815,-9.66251e-06,1.30555e-07
49,0.588815,-0.588815,-9.66035e-06,1.33524e-07
50,0.588815,-0.588815,-9.65785e-06,1.36486e-07
51,0.588815,-0.588815,-9.65534e-06,1.39451e-07
52,0.588815,-0.588815,-9.65284e-06,1.42419e-07
53,0.588815,-0.588815,-9.65034e-06,1.4539e-07
54,0.588815,-0.588815,-9.64832e-06,1.48366e-07
55,0.588815,-0.588815,-9.64755e-06,1.51349e-07
56,0.588815,-0.588815,-9.64678e-06,1.54335e-07
57,0.588815,-0.588815,-9.64601e-06,1.57325e-07
58,0.588815,-0.588815,-9.64524e-06,1.60318e-07
59,0.588815,-0.588815,-9.64457e-06,1.63314e-07
60,0.588815,-0.588815,-9.64439e-06,1.66317e-07
61,0.588815,-0.588815,-9.6442e-06,1.69321e-07
62,0.588815,-0.588815,-9.64402e-06,1.72328e-07
63,0.588815,-0.588815,-9.64614e-06,1.74427e-07
64,0.588815,-0.588815,-9.65054e-06,1.75606e-07
65,0.588815,-0.588815,-9.65396e-06,1.76779e-07
66,0.588815,-0.588815,-9.65738e-06,1.77952e-07
67,0.588815,-0.588815,-9.6608e-06,1.79124e-07
68,0.588815,-0.588815,-9.66422e-06,1.80295e-07
69,0.588815,-0.588815,-9.66765e-06,1.81465e-07
70,0.588815,-0.588815,-9.67105e-06,1.8263e-07
71,0.588815,-0.588815,-9.67446e-06,1.83794e-07
72,0.588815,-0.588815,-9.67787e-06,1.84958e-07
73,0.588815,-0.588815,-9.68128e-06,1.8612e-07
74,0.588815,-0.588815,-9.68469e-06,1.87282e-07
75,0.588815,-0.588815,-9.68867e-06,1.8844e-07
76,0.588815,-0.588815,-9.69277e-06,1.89597e-07
77,0.588815,-0.588815,-9.69688e-06,1.90753e-07
78,0.588815,-0.588815,-9.70099e-06,1.91909e-07
79,0.588815,-0.588815,-9.7051e-06,1.93063e-07
80,0.588815,-0.588815,-9.70937e-06,1.94215e-07
81,0.588815,-0.588815,-9.71373e-06,1.95366e-07
82,0.588815,-0.588815,-9.71808e-06,1.96515e-07
83,0.588815,-0.588815,-9.72243e-06,1.97664e-07
84,0.588815,-0.588815,-9.72678e-06,1.98812e-07
85,0.588815,-0.588815,-9.73066e-06,1.99956e-07
86,0.588815,-0.588815,-9.73419e-06,2.01097e-07
87,0.588815,-0.588815,-9.73772e-06,2.02237e-07
88,0.588815,-0.588815,-9.74126e-06,2.03375e-07
89,0.588815,-0.588815,-9.74479e-06,2.04513e-07
90,0.588815,-0.588815,-9.74813e-06,2.05648e-07
91,0.588815,-0.588815,-9.75125e-06,2.06779e-07
92,0.588815,-0.588815,-9.75437e-06,2.07909e-07
93,0.588815,-0.588815,-9.75749e-06,2.09038e-07
94,0.588815,-0.588815,-9.76061e-06,2.10166e-07
95,0.588815,-0.588815,-9.76374e-06,2.11292e-07
96,0.588815,-0.588815,-9.7669e-06,2.12414e-07
97,0.588815,-0.588815,-9.77005e-06,2.13536e-07
98,0.588815,-0.588815,-9.77321e-06,2.14656e-07
99,0.588815,-0.588815,-9.77636e-06,2.15776e-07
