R,v,vx,vy,vz
-100,0.570568,-0.570567,-0.00070917,-0.000488994
-99,0.570549,-0.570548,-0.000782057,-0.000501262
-98,0.570524,-0.570523,-0.000874951,-0.000512416
-97,0.570499,-0.570498,-0.000967405,-0.000523161
-96,0.570473,-0.570472,-0.00105942,-0.000533498
-95,0.570447,-0.570445,-0.00115101,-0.000543433
-94,0.570374,-0.570373,-0.00126503,-0.000553473
-93,0.570277,-0.570275,-0.00139021,-0.000563417
-92,0.57018,-0.570177,-0.0015144,-0.00057301
-91,0.570082,-0.570079,-0.00163762,-0.000582259
-90,0.569983,-0.56998,-0.00175987,-0.000591172
-89,0.569868,-0.569865,-0.00179751,-0.000606658
-88,0.569739,-0.569736,-0.0017641,-0.000627586
-87,0.56961,-0.569607,-0.00173202,-0.000647986
-86,0.569481,-0.569478,-0.00170127,-0.000667868
-85,0.569352,-0.569349,-0.00167184,-0.00068724
-84,0.569254,-0.569252,-0.00163233,-0.000714758
-83,0.569198,-0.569196,-0.0015793,-0.000753449
-82,0.569141,-0.569139,-0.00152877,-0.000791379
-81,0.569084,-0.569081,-0.00148073,-0.000828563
-80,0.569026,-0.569023,-0.00143518,-0.000865011
-79,0.568932,-0.568929,-0.00159612,-0.000926117
-78,0.568756,-0.56875,-0.0022199,-0.00104463
-77,0.568576,-0.568568,-0.00283945,-0.0011629
-76,0.568394,-0.568382,-0.0034548,-0.00128095
-75,0.568209,-0.568193,-0.00406597,-0.00139879
-74,0.567919,-0.567897,-0.00474384,-0.00153789
-73,0.567191,-0.567159,-0.00571928,-0.00176959
-72,0.566462,-0.566419,-0.00668541,-0.00200197
-71,0.565732,-0.565676,-0.00764227,-0.00223503
-70,0.565001,-0.564931,-0.00858991,-0.00246879
-69,0.564249,-0.564163,-0.00945053,-0.00271732
-68,0.563225,-0.563139,-0.00930948,-0.00314361
-67,0.562192,-0.562106,-0.00917513,-0.00356382
-66,0.561151,-0.561064,-0.00904744,-0.00397791
-65,0.560101,-0.560013,-0.00892637,-0.00438583
-64,0.559042,-0.558952,-0.00881188,-0.00478755
-63,0.558204,-0.558116,-0.00831668,-0.00539167
-62,0.557397,-0.55731,-0.00782358,-0.00596311
-61,0.556624,-0.556538,-0.00734908,-0.00648971
-60,0.555849,-0.555762,-0.00687958,-0.00699824
-59,0.555071,-0.554984,-0.00641506,-0.00748863
-58,0.553619,-0.553519,-0.00676665,-0.00812227
-57,0.552032,-0.551915,-0.0072743,-0.00876153
-56,0.550437,-0.550302,-0.00778224,-0.00937484
-55,0.548835,-0.548682,-0.00829046,-0.00996215
-54,0.547224,-0.547052,-0.00879893,-0.0105234
-53,0.545308,-0.545111,-0.00853027,-0.0119114
-52,0.543266,-0.543038,-0.00798511,-0.0135586
-51,0.54121,-0.540947,-0.00746504,-0.0151307
-50,0.53914,-0.538838,-0.00697001,-0.0166273
-49,0.537054,-0.536711,-0.00650002,-0.0180478
-48,0.533964,-0.533596,-0.00547811,-0.0190518
-47,0.530211,-0.529826,-0.00409815,-0.0197882
-46,0.526434,-0.526029,-0.0027325,-0.0204848
-45,0.522633,-0.522203,-0.00138098,-0.0211412
-44,0.518805,-0.518349,-4.34054e-05,-0.0217572
-43,0.514966,-0.514463,0.000538572,-0.0227459
-42,0.511094,-0.510525,0.000329215,-0.0241241
-41,0.507168,-0.506529,9.94015e-05,-0.025461
-40,0.503187,-0.502475,-0.000150689,-0.0267561
-39,0.499148,-0.498362,-0.000420878,-0.0280092
-38,0.494379,-0.493498,-0.000177662,-0.0294983
-37,0.488389,-0.487374,0.000920631,-0.0314575
-36,0.48229,-0.481126,0.0019701,-0.0334402
-35,0.476085,-0.474754,0.00297088,-0.0354459
-34,0.469772,-0.468259,0.00392313,-0.0374741
-33,0.463663,-0.461928,0.0048459,-0.0397796
-32,0.458274,-0.456221,0.00573626,-0.0429545
-31,0.452681,-0.450257,0.00651718,-0.0463254
-30,0.446889,-0.444037,0.00718943,-0.0498915
-29,0.440905,-0.43756,0.00775377,-0.0536519
-28,0.435129,-0.431254,0.00804847,-0.0573779
-27,0.431613,-0.427358,0.00726501,-0.0600163
-26,0.428023,-0.423306,0.00641677,-0.0630493
-25,0.424372,-0.419096,0.00550746,-0.0664772
-24,0.420673,-0.414732,0.0045408,-0.0702999
-23,0.417432,-0.41073,0.00345639,-0.0744227
-22,0.434327,-0.427812,-0.000193612,-0.0749426
-21,0.451695,-0.445313,-0.00371915,-0.0755699
-20,0.466087,-0.460182,-0.00607121,-0.073708
-19,0.478799,-0.47331,-0.00811343,-0.0718367
-18,0.490367,-0.485167,-0.0100585,-0.0705084
-17,0.505729,-0.501334,-0.0256751,-0.0613738
-16,0.520035,-0.515576,-0.0428011,-0.0527797
-15,0.579594,-0.575264,-0.0474162,-0.0524641
-14,0.636642,-0.631532,-0.0588253,-0.0549507
-13,0.651891,-0.637948,-0.108457,-0.0788742
-12,0.67265,-0.645067,-0.159482,-0.104465
-11,0.755924,-0.704023,-0.243594,-0.128198
-10,0.892342,-0.803072,-0.359788,-0.147992
-9,1.01066,-0.879408,-0.468378,-0.169414
-8,0.99665,-0.793837,-0.578823,-0.167627
-7,0.974623,-0.668388,-0.691495,-0.158058
-6,0.882057,-0.423056,-0.764029,-0.123727
-5,0.77412,-0.0689111,-0.770928,-0.0135836
-4,0.82697,0.236642,-0.775519,0.162636
-3,1.70137,1.21795,-0.603235,-1.02341
-2,3.78006,2.55975,-0.48363,-2.7391
-1,6.16196,4.09542,-0.582643,-4.56704
0,8.07356,5.41713,-0.982003,-5.90532
1,9.62075,6.47206,-1.28898,-7.0007
2,8.31828,5.42146,-1.19732,-6.19419
3,6.19795,3.75866,-0.98687,-4.82837
4,4.40191,2.37635,-0.78871,-3.62045
5,3.10955,1.6617,-0.57188,-2.56535
6,1.75895,0.893341,-0.349699,-1.4743
7,0.914663,0.317528,-0.26172,-0.816877
8,0.509627,-0.169749,-0.261893,-0.402886
9,0.756431,-0.708183,-0.259958,0.0555469
10,0.803088,-0.758042,-0.264732,0.0155359
11,0.84348,-0.799562,-0.265427,-0.0413184
12,0.853878,-0.811757,-0.2553,-0.0705651
13,0.820527,-0.778821,-0.243598,-0.0858025
14,0.797417,-0.755893,-0.237347,-0.0903671
15,0.78947,-0.746374,-0.236782,-0.100616
16,0.78632,-0.740943,-0.235969,-0.116712
17,0.785475,-0.737332,-0.237491,-0.130044
18,0.783101,-0.732688,-0.243202,-0.131407
19,0.781723,-0.729293,-0.248337,-0.132483
20,0.783287,-0.726068,-0.255104,-0.1459
21,0.786633,-0.723335,-0.262878,-0.162704
22,0.791977,-0.722268,-0.270631,-0.179763
23,0.800242,-0.724594,-0.27696,-0.196582
24,0.809567,-0.72739,-0.283596,-0.214187
25,0.815822,-0.726644,-0.290553,-0.230506
26,0.823255,-0.727099,-0.291698,-0.252957
27,0.832221,-0.728862,-0.298713,-0.268557
28,0.841592,-0.730177,-0.306375,-0.28505
29,0.849767,-0.737195,-0.307363,-0.29013
30,0.858154,-0.744871,-0.307632,-0.294885
31,0.860766,-0.756267,-0.286605,-0.294681
32,0.869852,-0.768923,-0.275356,-0.299296
33,0.900214,-0.796857,-0.288768,-0.303343
34,0.92972,-0.82396,-0.300361,-0.308628
35,0.955583,-0.853418,-0.30178,-0.306181
36,0.978908,-0.886897,-0.292772,-0.293187
37,1.00344,-0.921173,-0.283306,-0.279419
38,1.01302,-0.943799,-0.267704,-0.25255
39,1.02199,-0.965244,-0.251507,-0.222501
40,1.02572,-0.982442,-0.229419,-0.185147
41,1.02044,-0.992306,-0.195515,-0.135673
42,1.01938,-1.00318,-0.160408,-0.083928
43,0.996888,-0.99014,-0.112903,-0.0257313
44,0.971756,-0.969358,-0.0585532,0.0350104
45,0.948324,-0.943483,-0.00538227,0.0955527
46,0.917441,-0.904245,0.0327829,0.151535
47,0.872221,-0.844699,0.0820259,0.201307
48,0.911902,-0.863597,0.0945174,0.277188
49,0.926812,-0.861274,0.103923,0.326171
50,0.894507,-0.823682,0.109367,0.331254
51,0.863121,-0.786547,0.114922,0.336327
52,0.8327,-0.749866,0.120588,0.341392
53,0.803292,-0.713642,0.126366,0.346447
54,0.776002,-0.682254,0.13125,0.345661
55,0.751407,-0.662123,0.133518,0.32921
56,0.726195,-0.641657,0.135691,0.311806
57,0.700397,-0.620856,0.13777,0.29345
58,0.674054,-0.59972,0.139755,0.274142
59,0.648582,-0.579481,0.140574,0.255145
60,0.629854,-0.565431,0.135632,0.242091
61,0.61102,-0.551385,0.130307,0.228779
62,0.592098,-0.537345,0.1246,0.21521
63,0.572343,-0.522607,0.118433,0.201075
64,0.552886,-0.508431,0.111456,0.186434
65,0.545273,-0.505864,0.104601,0.174595
66,0.538086,-0.503557,0.0975707,0.162627
67,0.531356,-0.501511,0.0903646,0.15053
68,0.525111,-0.499727,0.082983,0.138304
69,0.519384,-0.498204,0.0754257,0.12595
70,0.517818,-0.499264,0.0708765,0.117677
71,0.516878,-0.500708,0.0665719,0.109645
72,0.516291,-0.502362,0.0622803,0.101541
73,0.516065,-0.504224,0.058002,0.0933643
74,0.516204,-0.506295,0.0537368,0.0851159
75,0.51703,-0.508442,0.0500205,0.0793993
76,0.518154,-0.510701,0.0464188,0.0742532
77,0.51949,-0.513093,0.0428073,0.0690886
78,0.521041,-0.51562,0.039186,0.0639055
79,0.522805,-0.518281,0.035555,0.0587038
80,0.524524,-0.520592,0.0330706,0.0549204
81,0.526269,-0.522798,0.0310323,0.0517586
82,0.52814,-0.525102,0.0289318,0.0485999
83,0.530136,-0.527506,0.0267692,0.0454441
84,0.53226,-0.530009,0.0245443,0.0422914
85,0.534131,-0.532176,0.0226089,0.0396777
86,0.53581,-0.53409,0.0209173,0.0374542
87,0.537554,-0.536053,0.0192311,0.035236
88,0.539365,-0.538067,0.01755,0.033023
89,0.541241,-0.54013,0.0158743,0.0308153
90,0.542885,-0.541918,0.0146446,0.0288883
91,0.544229,-0.543366,0.0139254,0.0272829
92,0.545609,-0.544844,0.0132102,0.0256827
93,0.547025,-0.546351,0.012499,0.0240876
94,0.548476,-0.547888,0.0117917,0.0224977
95,0.549878,-0.549362,0.011115,0.0210781
96,0.551149,-0.550687,0.0104953,0.019971
97,0.552444,-0.552033,0.00988459,0.0188689
98,0.553764,-0.553401,0.0092828,0.0177717
99,0.555108,-0.554789,0.00868995,0.0166794
