R,v,vx,vy,vz
-100,0.565635,-0.56555,-0.00983039,-0.000616088
-99,0.565234,-0.565137,-0.0103951,-0.000877228
-98,0.564785,-0.564681,-0.0108085,-0.00116313
-97,0.564345,-0.564232,-0.0112193,-0.00144502
-96,0.563913,-0.56379,-0.0116272,-0.00172291
-95,0.563489,-0.563357,-0.0120325,-0.0019968
-94,0.56401,-0.563872,-0.0122915,-0.00228525
-93,0.565044,-0.5649,-0.0124974,-0.00256986
-92,0.566098,-0.565947,-0.0127311,-0.00283866
-91,0.567171,-0.567014,-0.0129927,-0.00309147
-90,0.568265,-0.5681,-0.0132819,-0.00332812
-89,0.567953,-0.567802,-0.012566,-0.0038096
-88,0.5664,-0.566277,-0.0109464,-0.00451423
-87,0.564818,-0.564718,-0.00929687,-0.0052225
-86,0.563207,-0.563124,-0.00761739,-0.00593463
-85,0.561567,-0.561496,-0.00590804,-0.00665089
-84,0.560434,-0.560368,-0.0044072,-0.00737031
-83,0.560031,-0.559963,-0.00322662,-0.0080759
-82,0.559631,-0.559559,-0.00204869,-0.00876241
-81,0.559236,-0.559156,-0.000873545,-0.00942968
-80,0.558845,-0.558754,0.000298672,-0.0100776
-79,0.558342,-0.558237,0.00162833,-0.0107059
-78,0.557564,-0.557439,0.00333263,-0.0113348
-77,0.556766,-0.556614,0.00505233,-0.0119751
-76,0.555948,-0.555763,0.00678735,-0.012627
-75,0.55511,-0.554885,0.0085376,-0.0132907
-74,0.554338,-0.554072,0.00997438,-0.0139857
-73,0.553911,-0.553625,0.00999203,-0.0147556
-72,0.553458,-0.55315,0.00999036,-0.0155036
-71,0.552977,-0.552649,0.0099694,-0.0162296
-70,0.552468,-0.552119,0.00992919,-0.0169336
-69,0.551877,-0.551506,0.00993163,-0.0176219
-68,0.550565,-0.550154,0.0107185,-0.018376
-67,0.5492,-0.548746,0.0115012,-0.0191137
-66,0.547781,-0.547284,0.0122796,-0.0198351
-65,0.546308,-0.545766,0.0130539,-0.0205402
-64,0.544781,-0.544192,0.013824,-0.021229
-63,0.543283,-0.542662,0.0136556,-0.022089
-62,0.541921,-0.541272,0.013438,-0.0228625
-61,0.540735,-0.540061,0.0132327,-0.0235409
-60,0.539546,-0.538845,0.0130342,-0.024193
-59,0.538351,-0.537625,0.0128426,-0.0248184
-58,0.536194,-0.535414,0.0135077,-0.0255582
-57,0.533853,-0.533012,0.0143371,-0.0262985
-56,0.531513,-0.530609,0.0151676,-0.0270119
-55,0.529171,-0.528204,0.0159992,-0.0276982
-54,0.526828,-0.525795,0.0168319,-0.0283567
-53,0.524503,-0.523428,0.0173857,-0.0286995
-52,0.522163,-0.521054,0.0178263,-0.0289647
-51,0.519797,-0.518651,0.0182598,-0.0292715
-50,0.517403,-0.516216,0.0186865,-0.0296194
-49,0.51498,-0.51375,0.0191065,-0.0300075
-48,0.512843,-0.51161,0.0195404,-0.0296882
-47,0.510897,-0.50968,0.019941,-0.0290555
-46,0.508941,-0.50773,0.0202861,-0.0286258
-45,0.506971,-0.505757,0.0205767,-0.028398
-44,0.504987,-0.50376,0.0208139,-0.0283707
-43,0.504988,-0.50378,0.0208344,-0.0280071
-42,0.507129,-0.505971,0.0206141,-0.0273608
-41,0.509349,-0.508226,0.0203196,-0.0270159
-40,0.511647,-0.510546,0.019953,-0.0269726
-39,0.514022,-0.512929,0.0195165,-0.0272308
-38,0.520389,-0.519274,0.0195663,-0.0278632
-37,0.533795,-0.532625,0.0205851,-0.0286954
-36,0.54784,-0.546615,0.0216899,-0.0295082
-35,0.562522,-0.561239,0.0228792,-0.0303072
-34,0.577838,-0.576495,0.0241514,-0.0310975
-33,0.592639,-0.591278,0.0250141,-0.0313963
-32,0.604633,-0.603375,0.0245756,-0.0302683
-31,0.617056,-0.615891,0.0242766,-0.0291194
-30,0.694964,-0.694748,0.0110707,-0.0133181
-29,0.721397,-0.721254,0.0031653,-0.0140258
-28,0.722029,-0.721594,-0.00988905,-0.0230098
-27,0.721781,-0.720774,-0.0223228,-0.0309039
-26,0.738002,-0.736752,-0.0243847,-0.0353357
-25,0.755532,-0.754052,-0.0263619,-0.0392319
-24,0.767208,-0.765468,-0.031552,-0.0408884
-23,0.767515,-0.765489,-0.0425495,-0.0359866
-22,0.766644,-0.764061,-0.0559509,-0.0286951
-21,0.761439,-0.757432,-0.0779444,-0.00330484
-20,0.75617,-0.748465,-0.103569,0.0294567
-19,0.751178,-0.736381,-0.132475,0.0667959
-18,0.743813,-0.714536,-0.17025,0.117096
-17,0.74249,-0.692605,-0.207943,0.168372
-16,0.758312,-0.676546,-0.257734,0.225599
-15,0.788093,-0.662835,-0.316677,0.285406
-14,0.824749,-0.64856,-0.377628,0.342021
-13,0.865813,-0.650817,-0.437075,0.36747
-12,0.920994,-0.661992,-0.50218,0.397255
-11,0.9706,-0.671089,-0.565347,0.414833
-10,0.997618,-0.66516,-0.616268,0.415952
-9,1.00721,-0.64498,-0.653732,0.413663
-8,0.992329,-0.488749,-0.70176,0.503364
-7,1.01583,-0.312382,-0.75066,0.608968
-6,1.1017,-0.00745052,-0.809602,0.747156
-5,1.35795,0.458676,-0.875138,0.931541
-4,1.71824,0.898752,-0.929124,1.13195
-3,1.60814,1.19014,-0.803806,-0.723588
-2,3.64706,1.53209,-0.721096,-3.23013
-1,6.04299,1.92875,-0.790451,-5.67211
0,7.57889,2.21777,-1.0286,-7.17378
1,8.84395,2.41216,-1.2002,-8.42357
2,6.68329,1.21395,-0.923123,-6.50696
3,3.5865,-0.426207,-0.497133,-3.52621
4,1.99301,-1.69043,-0.142453,-1.04607
5,1.5643,-1.47186,-0.0908882,-0.521907
6,1.35144,-1.34428,-0.0238249,0.136858
7,1.28114,-1.24027,-0.00867528,0.320896
8,1.10001,-1.09359,-0.0365787,0.112872
9,0.940904,-0.932346,-0.0653575,-0.108446
10,0.898147,-0.890793,-0.0616614,-0.096714
11,0.864873,-0.858472,-0.0589579,-0.0869242
12,0.843849,-0.836864,-0.0602748,-0.0900367
13,0.838504,-0.829968,-0.0648592,-0.100178
14,0.836598,-0.826411,-0.0699137,-0.109791
15,0.831196,-0.818866,-0.0744667,-0.121659
16,0.819331,-0.804395,-0.0764902,-0.135653
17,0.844072,-0.823801,-0.0938373,-0.158124
18,0.865582,-0.839645,-0.109729,-0.179413
19,0.83227,-0.808909,-0.0989278,-0.168973
20,0.797102,-0.776499,-0.0871719,-0.157551
21,0.759999,-0.742279,-0.0745221,-0.145146
22,0.722717,-0.707646,-0.0624121,-0.1329
23,0.68748,-0.67468,-0.0513883,-0.121632
24,0.701561,-0.687447,-0.0577788,-0.127535
25,0.715902,-0.700311,-0.0642293,-0.133997
26,0.729345,-0.712195,-0.0703357,-0.140622
27,0.741887,-0.723101,-0.0760982,-0.147413
28,0.753527,-0.733027,-0.0815166,-0.154368
29,0.754406,-0.732928,-0.0840808,-0.15772
30,0.753978,-0.731617,-0.0861373,-0.160621
31,0.753927,-0.730651,-0.088111,-0.163681
32,0.754255,-0.730031,-0.0900018,-0.166898
33,0.754962,-0.729756,-0.0918099,-0.170275
34,0.759746,-0.733478,-0.0937693,-0.174448
35,0.76572,-0.738357,-0.0956812,-0.178888
36,0.771542,-0.743074,-0.0974584,-0.183359
37,0.777214,-0.747629,-0.099101,-0.187862
38,0.782736,-0.752023,-0.100609,-0.192395
39,0.785829,-0.75492,-0.0999318,-0.194001
40,0.787423,-0.756922,-0.0980043,-0.193648
41,0.788871,-0.758832,-0.0960633,-0.193036
42,0.790173,-0.760651,-0.0941088,-0.192165
43,0.791331,-0.762378,-0.0921408,-0.191035
44,0.795075,-0.767,-0.0925305,-0.187865
45,0.801683,-0.774727,-0.0955322,-0.182668
46,0.80869,-0.782819,-0.0990016,-0.177124
47,0.81611,-0.791277,-0.102938,-0.171232
48,0.823957,-0.8001,-0.107343,-0.164992
49,0.832453,-0.810603,-0.109,-0.154979
50,0.842091,-0.823718,-0.10571,-0.139401
51,0.852735,-0.837536,-0.102171,-0.1235
52,0.864401,-0.852057,-0.0983823,-0.107275
53,0.877105,-0.867283,-0.0943447,-0.0907264
54,0.88611,-0.878418,-0.0893195,-0.0747988
55,0.883329,-0.877369,-0.082099,-0.0612621
56,0.880692,-0.876225,-0.0745658,-0.0478351
57,0.878205,-0.874986,-0.0667199,-0.0345178
58,0.875871,-0.873651,-0.0585612,-0.0213103
59,0.871131,-0.869653,-0.0500507,-0.00823821
60,0.852992,-0.851991,-0.0410243,0.00478843
61,0.834376,-0.83358,-0.0316808,0.0180431
62,0.815325,-0.814418,-0.0220201,0.031526
63,0.796413,-0.794951,-0.0121782,0.0466655
64,0.779393,-0.776829,-0.0025632,0.0631218
65,0.769435,-0.766069,0.00122681,0.0718824
66,0.758639,-0.7544,0.00535748,0.0799037
67,0.746994,-0.741823,0.00982881,0.0871858
68,0.73449,-0.728338,0.0146408,0.0937286
69,0.72112,-0.713944,0.0197934,0.0995322
70,0.713352,-0.705546,0.0214677,0.103031
71,0.705901,-0.697501,0.0228429,0.106145
72,0.698305,-0.689319,0.0241916,0.109009
73,0.69056,-0.681001,0.0255137,0.111622
74,0.682664,-0.672546,0.0268093,0.113985
75,0.67545,-0.665162,0.0274889,0.114179
76,0.668287,-0.657929,0.0279918,0.113809
77,0.660983,-0.650574,0.028451,0.113327
78,0.65354,-0.643096,0.0288666,0.112733
79,0.645955,-0.635495,0.0292385,0.112026
80,0.64011,-0.629834,0.0293541,0.110396
81,0.635017,-0.625021,0.0293579,0.108318
82,0.629877,-0.620175,0.0293465,0.106146
83,0.624693,-0.615297,0.0293197,0.103878
84,0.619463,-0.610386,0.0292777,0.101516
85,0.615394,-0.606677,0.0289256,0.0990785
86,0.612183,-0.603854,0.0283289,0.0965675
87,0.608973,-0.601041,0.0276949,0.0939721
88,0.605766,-0.598238,0.0270236,0.0912923
89,0.602563,-0.595443,0.026315,0.0885281
90,0.599777,-0.593047,0.0253512,0.0859378
91,0.597462,-0.591096,0.0241007,0.083581
92,0.595143,-0.58914,0.0228136,0.0811687
93,0.59282,-0.58718,0.0214899,0.0787007
94,0.590496,-0.585215,0.0201298,0.0761772
95,0.588657,-0.583731,0.0191634,0.0735385
96,0.587758,-0.583175,0.0190002,0.0707499
97,0.586905,-0.582655,0.0188568,0.0679309
98,0.586098,-0.582172,0.0187333,0.0650814
99,0.585337,-0.581725,0.0186295,0.0622014
