R,v,vx,vy,vz
-100,0.576447,-0.576447,-9.9868e-06,2.90072e-07
-99,0.57657,-0.57657,-9.99053e-06,2.89173e-07
-98,0.576692,-0.576692,-9.99395e-06,2.8826e-07
-97,0.576815,-0.576815,-9.99737e-06,2.87334e-07
-96,0.576938,-0.576938,-1.00008e-05,2.86395e-07
-95,0.57706,-0.57706,-1.00042e-05,2.85442e-07
-94,0.577183,-0.577183,-1.00082e-05,2.8448e-07
-93,0.577306,-0.577306,-1.00127e-05,2.83507e-07
-92,0.577429,-0.577429,-1.00171e-05,2.8252e-07
-91,0.577551,-0.577551,-1.00215e-05,2.8152e-07
-90,0.577674,-0.577674,-1.00259e-05,2.80506e-07
-89,0.577797,-0.577797,-1.00308e-05,2.79482e-07
-88,0.577919,-0.577919,-1.00361e-05,2.78448e-07
-87,0.578042,-0.578042,-1.00414e-05,2.774e-07
-86,0.578165,-0.578165,-1.00467e-05,2.76339e-07
-85,0.578288,-0.578288,-1.00519e-05,2.75265e-07
-84,0.57841,-0.57841,-1.00575e-05,2.74179e-07
-83,0.578533,-0.578533,-1.00636e-05,2.73081e-07
-82,0.578656,-0.578656,-1.00696e-05,2.71968e-07
-81,0.578779,-0.578779,-1.00756e-05,2.70841e-07
-80,0.578901,-0.578901,-1.00816e-05,2.69699e-07
-79,0.579024,-0.579024,-1.00872e-05,2.68543e-07
-78,0.579147,-0.579147,-1.00916e-05,2.67376e-07
-77,0.579269,-0.579269,-1.00961e-05,2.66194e-07
-76,0.579392,-0.579392,-1.01005e-05,2.64996e-07
-75,0.579515,-0.579515,-1.01049e-05,2.63784e-07
-74,0.579638,-0.579638,-1.01093e-05,2.62558e-07
-73,0.57976,-0.57976,-1.01137e-05,2.61323e-07
-72,0.579883,-0.579883,-1.01181e-05,2.60073e-07
-71,0.580006,-0.580006,-1.01225e-05,2.58807e-07
-70,0.580129,-0.580129,-1.01269e-05,2.57527e-07
-69,0.580251,-0.580251,-1.01313e-05,2.56233e-07
-68,0.580374,-0.580374,-1.01365e-05,2.54946e-07
-67,0.580497,-0.580497,-1.01417e-05,2.53645e-07
-66,0.580619,-0.580619,-1.01468e-05,2.5233e-07
-65,0.580742,-0.580742,-1.0152e-05,2.51e-07
-64,0.580865,-0.580865,-1.01571e-05,2.49656e-07
-63,0.580988,-0.580988,-1.01626e-05,2.48291e-07
-62,0.58111,-0.58111,-1.01647e-05,2.44633e-07
-61,0.581233,-0.581233,-1.01636e-05,2.38728e-07
-60,0.581356,-0.581356,-1.01624e-05,2.32835e-07
-59,0.581479,-0.581479,-1.01612e-05,2.26955e-07
-58,0.581601,-0.581601,-1.01582e-05,2.21074e-07
-57,0.581724,-0.581724,-1.01547e-05,2.15202e-07
-56,0.581847,-0.581847,-1.01512e-05,2.09341e-07
-55,0.581969,-0.581969,-1.01477e-05,2.03491e-07
-54,0.582092,-0.582092,-1.01442e-05,1.97654e-07
-53,0.582215,-0.582215,-1.0142e-05,1.91822e-07
-52,0.582338,-0.582338,-1.01402e-05,1.85998e-07
-51,0.58246,-0.58246,-1.01385e-05,1.80185e-07
-50,0.582583,-0.582583,-1.01367e-05,1.74383e-07
-49,0.582706,-0.582706,-1.01349e-05,1.68591e-07
-48,0.582829,-0.582829,-1.01351e-05,1.62825e-07
-47,0.582951,-0.582951,-1.01365e-05,1.57076e-07
-46,0.583074,-0.583074,-1.01378e-05,1.51334e-07
-45,0.583197,-0.583197,-1.01392e-05,1.45598e-07
-44,0.58332,-0.58332,-1.01405e-05,1.39869e-07
-43,0.583442,-0.583442,-1.0141e-05,1.34153e-07
-42,0.583565,-0.583565,-1.01408e-05,1.28449e-07
-41,0.583688,-0.583688,-1.01405e-05,1.22749e-07
-40,0.58381,-0.58381,-1.01402e-05,1.17055e-07
-39,0.583933,-0.583933,-1.01399e-05,1.11365e-07
-38,0.584056,-0.584056,-1.01367e-05,1.05671e-07
-37,0.584179,-0.584179,-1.01288e-05,9.99665e-08
-36,0.584301,-0.584301,-1.01209e-05,9.42658e-08
-35,0.584424,-0.584424,-1.0113e-05,8.85695e-08
-34,0.584547,-0.584547,-1.0105e-05,8.28776e-08
-33,0.58467,-0.58467,-1.00977e-05,7.71744e-08
-32,0.584792,-0.584792,-1.00922e-05,7.14297e-08
-31,0.584915,-0.584915,-1.00867e-05,6.56892e-08
-30,0.585038,-0.585038,-1.00811e-05,5.9953e-08
-29,0.585161,-0.585161,-1.00755e-05,5.42213e-08
-28,0.585283,-0.585283,-1.00714e-05,4.84854e-08
-27,0.585406,-0.585406,-1.00764e-05,4.26997e-08
-26,0.585529,-0.585529,-1.00813e-05,3.69153e-08
-25,0.585652,-0.585652,-1.00861e-05,3.11322e-08
-24,0.585774,-0.585774,-1.00909e-05,2.53506e-08
-23,0.585897,-0.585897,-1.00955e-05,1.95698e-08
-22,0.58602,-0.58602,-1.00943e-05,1.37564e-08
-21,0.586143,-0.586143,-1.00932e-05,7.94078e-09
-20,0.586265,-0.586265,-1.00785e-05,6.75655e-09
-19,0.586388,-0.586388,-1.0061e-05,6.49204e-09
-18,0.586511,-0.586511,-1.00436e-05,6.22714e-09
-17,0.586633,-0.586633,-1.00119e-05,5.99873e-09
-16,0.586756,-0.586756,-9.97881e-06,5.77278e-09
-15,0.586879,-0.586879,-9.94575e-06,5.54552e-09
-14,0.587002,-0.587002,-9.91274e-06,5.31695e-09
-13,0.587124,-0.587124,-9.87978e-06,5.08708e-09
-12,0.587247,-0.587247,-9.86188e-06,5.0858e-09
-11,0.58737,-0.58737,-9.84776e-06,5.1441e-09
-10,0.587493,-0.587493,-9.83345e-06,5.20131e-09
-9,0.587615,-0.587615,-9.81895e-06,5.25742e-09
-8,0.587738,-0.587738,-9.80426e-06,5.31244e-09
-7,0.587861,-0.587861,-9.81187e-06,5.80396e-09
-6,0.587984,-0.587984,-9.82994e-06,6.49861e-09
-5,0.588106,-0.588106,-9.84756e-06,7.18411e-09
-4,0.588229,-0.588229,-9.86476e-06,7.86048e-09
-3,0.588352,-0.588352,-9.88152e-06,8.52777e-09
-2,0.588475,-0.588475,-9.89087e-06,8.47104e-09
-1,0.588597,-0.588597,-9.89453e-06,7.85098e-09
0,0.58872,-0.58872,-9.89812e-06,7.23665e-09
1,0.58872,-0.58872,-9.9012e-06,6.42099e-09
2,0.58872,-0.58872,-9.90415e-06,5.60626e-09
3,0.58872,-0.58872,-9.88911e-06,5.14152e-09
4,0.58872,-0.58872,-9.85153e-06,5.11716e-09
5,0.58872,-0.58872,-9.81403e-06,5.09175e-09
6,0.58872,-0.58872,-9.77661e-06,5.06529e-09
7,0.58872,-0.58872,-9.73927e-06,5.03778e-09
8,0.58872,-0.58872,-9.70098e-06,4.88042e-09
9,0.58872,-0.58872,-9.66054e-06,4.45554e-09
10,0.58872,-0.58872,-9.62004e-06,4.03001e-09
11,0.58872,-0.58872,-9.57948e-06,3.60383e-09
12,0.58872,-0.58872,-9.53885e-06,3.177e-09
13,0.58872,-0.58872,-9.50299e-06,2.7981e-09
14,0.58872,-0.58872,-9.48533e-06,2.60195e-09
15,0.58872,-0.58872,-9.46763e-06,2.40507e-09
16,0.58872,-0.58872,-9.44991e-06,2.20747e-09
17,0.58872,-0.58872,-9.43216e-06,2.00915e-09
18,0.58872,-0.58872,-9.4149e-06,1.80649e-09
19,0.58872,-0.58872,-9.40259e-06,1.56765e-09
20,0.58872,-0.58872,-9.39026e-06,1.32779e-09
21,0.58872,-0.58872,-9.38096e-06,2.00368e-09
22,0.58872,-0.58872,-9.38707e-06,7.30078e-09
23,0.58872,-0.58872,-9.39319e-06,1.26077e-08
24,0.58872,-0.58872,-9.3869e-06,1.79682e-08
25,0.58872,-0.58872,-9.38031e-06,2.33343e-08
26,0.58872,-0.58872,-9.37371e-06,2.8705e-08
27,0.58872,-0.58872,-9.36712e-06,3.40803e-08
28,0.58872,-0.58872,-9.36053e-06,3.94602e-08
29,0.58872,-0.58872,-9.35398e-06,4.48626e-08
30,0.58872,-0.58872,-9.34745e-06,5.02699e-08
31,0.58872,-0.58872,-9.34091e-06,5.56787e-08
32,0.58872,-0.58872,-9.33437e-06,6.10892e-08
33,0.58872,-0.58872,-9.32784e-06,6.65012e-08
34,0.58872,-0.58872,-9.32636e-06,7.19286e-08
35,0.58872,-0.58872,-9.32662e-06,7.73623e-08
36,0.58872,-0.58872,-9.32687e-06,8.27974e-08
37,0.58872,-0.58872,-9.32713e-06,8.82341e-08
38,0.58872,-0.58872,-9.32739e-06,9.36723e-08
39,0.58872,-0.58872,-9.32828e-06,9.91037e-08
40,0.58872,-0.58872,-9.32954e-06,1.04533e-07
41,0.58872,-0.58872,-9.3308e-06,1.09966e-07
42,0.58872,-0.58872,-9.33205e-06,1.15401e-07
43,0.58872,-0.58872,-9.33331e-06,1.2084e-07
44,0.58872,-0.58872,-9.33234e-06,1.26274e-07
45,0.58872,-0.58872,-9.32926e-06,1.31704e-07
46,0.58872,-0.58872,-9.32617e-06,1.37138e-07
47,0.58872,-0.58872,-9.32309e-06,1.42575e-07
48,0.58872,-0.58872,-9.32e-06,1.48017e-07
49,0.58872,-0.58872,-9.31687e-06,1.53459e-07
50,0.58872,-0.58872,-9.31368e-06,1.58901e-07
51,0.58872,-0.58872,-9.31048e-06,1.64346e-07
52,0.58872,-0.58872,-9.30729e-06,1.69794e-07
53,0.58872,-0.58872,-9.30409e-06,1.75245e-07
54,0.58872,-0.58872,-9.3015e-06,1.80703e-07
55,0.58872,-0.58872,-9.30048e-06,1.86173e-07
56,0.58872,-0.58872,-9.29946e-06,1.91644e-07
57,0.58872,-0.58872,-9.29843e-06,1.97117e-07
58,0.58872,-0.58872,-9.29741e-06,2.02592e-07
59,0.58872,-0.58872,-9.29646e-06,2.08069e-07
60,0.58872,-0.58872,-9.2959e-06,2.13551e-07
61,0.58872,-0.58872,-9.29534e-06,2.19032e-07
62,0.58872,-0.58872,-9.29478e-06,2.24513e-07
63,0.58872,-0.58872,-9.29773e-06,2.2819e-07
64,0.58872,-0.58872,-9.30415e-06,2.30038e-07
65,0.58872,-0.58872,-9.30906e-06,2.31877e-07
66,0.58872,-0.58872,-9.31397e-06,2.33714e-07
67,0.58872,-0.58872,-9.31888e-06,2.35548e-07
68,0.58872,-0.58872,-9.32379e-06,2.37381e-07
69,0.58872,-0.58872,-9.3287e-06,2.39212e-07
70,0.58872,-0.58872,-9.33388e-06,2.41035e-07
71,0.58872,-0.58872,-9.33908e-06,2.42855e-07
72,0.58872,-0.58872,-9.34429e-06,2.44672e-07
73,0.58872,-0.58872,-9.34949e-06,2.46488e-07
74,0.58872,-0.58872,-9.35469e-06,2.48301e-07
75,0.58872,-0.58872,-9.36059e-06,2.50108e-07
76,0.58872,-0.58872,-9.36665e-06,2.51913e-07
77,0.58872,-0.58872,-9.3727e-06,2.53715e-07
78,0.58872,-0.58872,-9.37876e-06,2.55515e-07
79,0.58872,-0.58872,-9.38481e-06,2.57313e-07
80,0.58872,-0.58872,-9.39096e-06,2.59105e-07
81,0.58872,-0.58872,-9.39715e-06,2.60894e-07
82,0.58872,-0.58872,-9.40333e-06,2.62681e-07
83,0.58872,-0.58872,-9.40952e-06,2.64464e-07
84,0.58872,-0.58872,-9.41571e-06,2.66245e-07
85,0.58872,-0.58872,-9.42109e-06,2.6802e-07
86,0.58872,-0.58872,-9.42589e-06,2.69789e-07
87,0.58872,-0.58872,-9.43068e-06,2.71555e-07
88,0.58872,-0.58872,-9.43548e-06,2.73318e-07
89,0.58872,-0.58872,-9.44027e-06,2.75079e-07
90,0.58872,-0.58872,-9.44484e-06,2.76833e-07
91,0.58872,-0.58872,-9.44913e-06,2.78581e-07
92,0.58872,-0.58872,-9.45342e-06,2.80325e-07
93,0.58872,-0.58872,-9.45771e-06,2.82066e-07
94,0.58872,-0.58872,-9.462e-06,2.83804e-07
95,0.58872,-0.58872,-9.4663e-06,2.85538e-07
96,0.58872,-0.58872,-9.47063e-06,2.87267e-07
97,0.58872,-0.58872,-9.47495e-06,2.88993e-07
98,0.58872,-0.58872,-9.47926e-06,2.90716e-07
99,0.58872,-0.58872,-9.48358e-06,2.92435e-07
