R,v,vx,vy,vz
-100,0.573895,-0.573894,-0.000352265,-0.000316337
-99,0.573935,-0.573935,-0.000369797,-0.000331242
-98,0.573971,-0.573971,-0.00038942,-0.000346993
-97,0.574008,-0.574007,-0.000408895,-0.000362374
-96,0.574043,-0.574043,-0.000428225,-0.000377387
-95,0.574078,-0.574078,-0.000447411,-0.000392032
-94,0.5741,-0.574099,-0.000467698,-0.000410855
-93,0.574113,-0.574113,-0.00048839,-0.000431612
-92,0.574126,-0.574125,-0.00050881,-0.000451881
-91,0.574138,-0.574137,-0.000528961,-0.000471663
-90,0.574149,-0.574149,-0.000548846,-0.000490958
-89,0.574146,-0.574146,-0.000566969,-0.000515561
-88,0.574131,-0.57413,-0.000583293,-0.000544556
-87,0.574114,-0.574113,-0.000599033,-0.000572937
-86,0.574096,-0.574096,-0.000614195,-0.000600705
-85,0.574078,-0.574077,-0.000628783,-0.000627861
-84,0.574049,-0.574048,-0.000645194,-0.000659717
-83,0.574005,-0.574004,-0.000664249,-0.0006981
-82,0.57396,-0.57396,-0.000682643,-0.00073566
-81,0.573915,-0.573914,-0.000700383,-0.000772397
-80,0.573868,-0.573867,-0.000717475,-0.000808313
-79,0.573805,-0.573804,-0.000747769,-0.000847071
-78,0.573707,-0.573705,-0.000809252,-0.000893234
-77,0.573607,-0.573605,-0.000870546,-0.000938398
-76,0.573505,-0.573503,-0.000931653,-0.000982563
-75,0.573401,-0.573399,-0.000992579,-0.00102573
-74,0.573282,-0.57328,-0.001052,-0.0010717
-73,0.5731,-0.573098,-0.00110512,-0.00113274
-72,0.572915,-0.572912,-0.00115732,-0.00119242
-71,0.572727,-0.572724,-0.00120862,-0.00125074
-70,0.572536,-0.572533,-0.00125903,-0.0013077
-69,0.572337,-0.572334,-0.00130468,-0.00136689
-68,0.572072,-0.572068,-0.00129813,-0.00147069
-67,0.571803,-0.571799,-0.00128829,-0.0015728
-66,0.57153,-0.571526,-0.0012752,-0.00167323
-65,0.571254,-0.57125,-0.0012589,-0.00177199
-64,0.570974,-0.57097,-0.00123943,-0.00186908
-63,0.570637,-0.570632,-0.00127922,-0.00201676
-62,0.570305,-0.570299,-0.00133043,-0.00215431
-61,0.56998,-0.569974,-0.00139251,-0.00227685
-60,0.569653,-0.569646,-0.00145483,-0.00239374
-59,0.569325,-0.569317,-0.00151741,-0.00250501
-58,0.568802,-0.568793,-0.00177211,-0.00269113
-57,0.56824,-0.568229,-0.00206474,-0.00288458
-56,0.567673,-0.56766,-0.00235861,-0.00306972
-55,0.567103,-0.567088,-0.0026537,-0.00324652
-54,0.566529,-0.566511,-0.00295002,-0.003415
-53,0.565687,-0.565666,-0.00314644,-0.00367664
-52,0.564735,-0.564712,-0.00330654,-0.00396464
-51,0.563776,-0.563749,-0.00346928,-0.00423937
-50,0.562808,-0.562778,-0.00363464,-0.00450084
-49,0.561832,-0.561799,-0.00380261,-0.00474903
-48,0.560595,-0.560557,-0.00380965,-0.00522906
-47,0.559178,-0.559135,-0.00370712,-0.00584406
-46,0.557745,-0.557697,-0.00359972,-0.00643221
-45,0.556296,-0.556242,-0.0034875,-0.00699344
-44,0.554831,-0.55477,-0.00337047,-0.00752771
-43,0.553118,-0.553045,-0.00360722,-0.0082098
-42,0.551145,-0.551055,-0.00421141,-0.00903831
-41,0.549152,-0.549043,-0.00480926,-0.00982819
-40,0.547138,-0.54701,-0.00540075,-0.0105793
-39,0.545105,-0.544955,-0.00598586,-0.0112917
-38,0.542413,-0.542237,-0.00676497,-0.0120354
-37,0.538613,-0.538402,-0.00788576,-0.0128544
-36,0.534767,-0.534518,-0.00901723,-0.0136287
-35,0.530877,-0.530586,-0.0101592,-0.0143583
-34,0.526941,-0.526605,-0.0113115,-0.015043
-33,0.522558,-0.522182,-0.0118874,-0.0158834
-32,0.516945,-0.516545,-0.0107793,-0.0172428
-31,0.511245,-0.510817,-0.00968422,-0.0185312
-30,0.505458,-0.504998,-0.00860218,-0.0197484
-29,0.499582,-0.499088,-0.00753312,-0.0208944
-28,0.493268,-0.492725,-0.00609394,-0.0223135
-27,0.484692,-0.484002,-0.002317,-0.025747
-26,0.475976,-0.475085,0.00146013,-0.0290747
-25,0.46712,-0.465973,0.00523729,-0.0322965
-24,0.458126,-0.456666,0.00901431,-0.0354127
-23,0.448781,-0.446936,0.0128422,-0.0385774
-22,0.430524,-0.427441,0.018729,-0.0478956
-21,0.412028,-0.407311,0.0245817,-0.0571067
-20,0.39408,-0.387605,0.0305502,-0.0642525
-19,0.37633,-0.367924,0.0365387,-0.0701531
-18,0.358644,-0.3481,0.0425184,-0.0751306
-17,0.336574,-0.322665,0.0492565,-0.0821166
-16,0.313796,-0.295853,0.0558291,-0.0884438
-15,0.29084,-0.268187,0.0621458,-0.0938151
-14,0.267848,-0.239667,0.068206,-0.0982337
-13,0.24504,-0.210294,0.0740089,-0.101703
-12,0.211265,-0.165568,0.0738633,-0.108464
-11,0.178822,-0.115496,0.0718919,-0.116058
-10,0.15542,-0.0638397,0.0695854,-0.123442
-9,0.147153,-0.01061,0.0669399,-0.130616
-8,0.158021,0.0441822,0.063951,-0.137582
-7,0.201188,0.106534,0.0554758,-0.161399
-6,0.263056,0.175869,0.0435948,-0.190704
-5,0.575292,0.474642,0.125182,-0.300009
-4,0.727728,0.615663,0.192438,-0.33692
-3,1.70777,1.52067,-0.0246705,-0.776828
-2,3.06336,2.71112,-0.344537,-1.38393
-1,4.48665,3.95064,-0.69843,-2.00865
0,5.55059,4.89138,-1.00262,-2.42448
1,6.44129,5.6785,-1.26335,-2.76566
2,6.19327,5.42584,-1.34642,-2.66533
3,5.63526,4.88348,-1.37982,-2.45027
4,5.12237,4.39181,-1.39021,-2.24008
5,4.40051,3.78191,-1.24216,-1.87581
6,3.74055,3.21679,-1.11051,-1.55264
7,3.00879,2.62962,-0.882867,-1.16554
8,2.15693,1.95802,-0.577288,-0.696598
9,1.28848,1.24163,-0.268879,-0.21509
10,0.825696,0.821199,-0.0855267,0.00950343
11,0.448313,0.349006,0.11874,0.255108
12,0.42527,0.0550127,0.220334,0.359557
13,0.385098,-0.0397722,0.208278,0.321463
14,0.387103,-0.144596,0.197367,0.299978
15,0.350597,-0.203981,0.169618,0.229215
16,0.3195,-0.251451,0.13028,0.147918
17,0.33054,-0.290057,0.108984,0.115092
18,0.351923,-0.329791,0.0885694,0.0851062
19,0.368995,-0.352036,0.0806333,0.0756693
20,0.388413,-0.375755,0.0725221,0.0664345
21,0.410649,-0.401534,0.064281,0.0571913
22,0.436951,-0.430725,0.0561303,0.047452
23,0.463738,-0.459648,0.0478703,0.0385338
24,0.474246,-0.470997,0.0441079,0.0335568
25,0.484478,-0.481917,0.0403977,0.0290316
26,0.494806,-0.492821,0.0366311,0.0248788
27,0.505217,-0.503709,0.032808,0.0210985
28,0.515697,-0.514581,0.0289284,0.0176906
29,0.520655,-0.519809,0.0254681,0.0152149
30,0.524706,-0.524082,0.0220719,0.012927
31,0.528751,-0.528313,0.018666,0.0107157
32,0.532787,-0.532499,0.0152504,0.00858099
33,0.536812,-0.536642,0.0118252,0.00652285
34,0.539984,-0.539855,0.0105044,0.00534256
35,0.542867,-0.542758,0.00989821,0.0045077
36,0.545752,-0.545661,0.00928012,0.00374205
37,0.54864,-0.548563,0.0086501,0.00304562
38,0.551529,-0.551466,0.00800815,0.0024184
39,0.553757,-0.553703,0.0074887,0.00205976
40,0.555596,-0.555549,0.0070386,0.00185922
41,0.55744,-0.557399,0.00657859,0.00169204
42,0.559288,-0.559252,0.00610869,0.00155822
43,0.56114,-0.56111,0.00562889,0.00145775
44,0.562705,-0.562679,0.00518702,0.00134722
45,0.563992,-0.56397,0.00478632,0.00122096
46,0.56528,-0.565262,0.00438293,0.00111791
47,0.566569,-0.566554,0.00397686,0.00103809
48,0.567859,-0.567847,0.0035681,0.000981492
49,0.569008,-0.568998,0.00325418,0.000895919
50,0.56994,-0.569931,0.00308928,0.000745089
51,0.570871,-0.570863,0.00292553,0.000604993
52,0.5718,-0.571793,0.00276294,0.000475632
53,0.572729,-0.572723,0.00260149,0.000357004
54,0.573581,-0.573576,0.00246162,0.000259364
55,0.574241,-0.574236,0.00237403,0.000197487
56,0.574901,-0.574897,0.00228514,0.000144107
57,0.575562,-0.575558,0.00219493,9.92239e-05
58,0.576223,-0.576219,0.00210342,6.28378e-05
59,0.576851,-0.576847,0.00201299,3.52371e-05
60,0.57731,-0.577307,0.00193393,1.5352e-05
61,0.577771,-0.577768,0.0018543,7.28585e-08
62,0.578232,-0.578229,0.00177412,-1.06002e-05
63,0.578701,-0.578698,0.00169717,-1.36898e-05
64,0.579171,-0.579169,0.00162219,-1.00968e-05
65,0.579542,-0.57954,0.00153184,-1.52064e-05
66,0.579912,-0.57991,0.00144035,-1.77073e-05
67,0.58028,-0.580279,0.00134773,-1.75996e-05
68,0.580648,-0.580647,0.00125398,-1.48831e-05
69,0.581014,-0.581013,0.0011591,-9.55801e-06
70,0.581295,-0.581293,0.00111865,-2.08058e-05
71,0.581567,-0.581566,0.00108161,-3.12902e-05
72,0.581839,-0.581838,0.00104383,-3.9593e-05
73,0.58211,-0.582109,0.0010053,-4.57141e-05
74,0.58238,-0.582379,0.000966039,-4.96536e-05
75,0.582605,-0.582604,0.00093755,-5.33707e-05
76,0.58282,-0.582819,0.000910878,-5.60809e-05
77,0.583034,-0.583033,0.00088339,-5.74114e-05
78,0.583248,-0.583247,0.000855084,-5.73624e-05
79,0.583461,-0.58346,0.000825961,-5.59338e-05
80,0.583639,-0.583638,0.000801115,-5.68167e-05
81,0.583801,-0.5838,0.000778152,-5.81379e-05
82,0.583963,-0.583963,0.000754956,-5.83391e-05
83,0.584125,-0.584124,0.000731527,-5.74204e-05
84,0.584286,-0.584286,0.000707865,-5.53817e-05
85,0.58443,-0.58443,0.000678834,-5.49289e-05
86,0.584562,-0.584562,0.000645956,-5.5599e-05
87,0.584694,-0.584694,0.000612944,-5.55244e-05
88,0.584826,-0.584826,0.000579798,-5.47052e-05
89,0.584958,-0.584957,0.000546518,-5.31414e-05
90,0.585076,-0.585076,0.000519876,-5.26644e-05
91,0.585179,-0.585178,0.000500866,-5.3624e-05
92,0.585281,-0.585281,0.000481706,-5.39453e-05
93,0.585384,-0.585383,0.000462398,-5.36283e-05
94,0.585486,-0.585486,0.00044294,-5.26729e-05
95,0.585582,-0.585582,0.000425582,-5.18847e-05
96,0.585666,-0.585666,0.000412274,-5.20953e-05
97,0.585751,-0.585751,0.000398829,-5.18689e-05
98,0.585835,-0.585835,0.000385247,-5.12054e-05
99,0.585919,-0.585919,0.000371529,-5.01048e-05
