R,v,vx,vy,vz
-100,0.572676,-0.572676,-0.000478147,-0.000454973
-99,0.572684,-0.572684,-0.000502242,-0.000475364
-98,0.572687,-0.572686,-0.000529412,-0.00049674
-97,0.572689,-0.572689,-0.000556511,-0.000517636
-96,0.572691,-0.57269,-0.00058354,-0.000538053
-95,0.572692,-0.572691,-0.0006105,-0.00055799
-94,0.572674,-0.572674,-0.000638887,-0.000583105
-93,0.572646,-0.572645,-0.000667943,-0.000610599
-92,0.572617,-0.572617,-0.000696869,-0.000637458
-91,0.572588,-0.572587,-0.000725668,-0.000663682
-90,0.572557,-0.572556,-0.000754341,-0.000689272
-89,0.572508,-0.572508,-0.00078096,-0.00072103
-88,0.572444,-0.572443,-0.000805301,-0.000757891
-87,0.572378,-0.572376,-0.000828878,-0.000793981
-86,0.572311,-0.572309,-0.000851697,-0.000829304
-85,0.572242,-0.572241,-0.000873767,-0.000863859
-84,0.57216,-0.572159,-0.000900747,-0.00090379
-83,0.57206,-0.572058,-0.000934822,-0.000951225
-82,0.571958,-0.571956,-0.000968273,-0.000997672
-81,0.571854,-0.571852,-0.00100111,-0.00104313
-80,0.57175,-0.571748,-0.00103333,-0.00108761
-79,0.571625,-0.571623,-0.00108302,-0.00113464
-78,0.571456,-0.571453,-0.00117413,-0.00118857
-77,0.571284,-0.571281,-0.00126595,-0.00124133
-76,0.571111,-0.571108,-0.00135848,-0.00129291
-75,0.570936,-0.570932,-0.00145172,-0.00134331
-74,0.57074,-0.570737,-0.00154623,-0.0013972
-73,0.570466,-0.570462,-0.00164326,-0.00146967
-72,0.570188,-0.570183,-0.00174,-0.00154053
-71,0.569906,-0.569901,-0.00183647,-0.00160979
-70,0.569621,-0.569616,-0.00193268,-0.00167745
-69,0.569327,-0.569321,-0.00202409,-0.00174952
-68,0.568952,-0.568945,-0.00205433,-0.00189683
-67,0.568572,-0.568565,-0.00207965,-0.00204215
-66,0.568189,-0.568181,-0.00210011,-0.00218549
-65,0.567802,-0.567793,-0.00211576,-0.00232685
-64,0.567411,-0.567402,-0.00212667,-0.00246625
-63,0.566951,-0.56694,-0.0021876,-0.00268248
-62,0.566495,-0.566483,-0.00226092,-0.00288754
-61,0.56605,-0.566037,-0.00234545,-0.00307455
-60,0.565603,-0.565589,-0.00243023,-0.00325457
-59,0.565155,-0.565139,-0.00251526,-0.00342758
-58,0.564421,-0.564402,-0.00289057,-0.00373403
-57,0.563628,-0.563604,-0.00332391,-0.00405623
-56,0.56283,-0.5628,-0.00375989,-0.00436688
-55,0.562026,-0.561991,-0.00419847,-0.00466595
-54,0.561217,-0.561176,-0.00463963,-0.00495343
-53,0.559979,-0.559928,-0.00520808,-0.00540641
-52,0.558569,-0.558507,-0.00582498,-0.0059088
-51,0.557149,-0.557075,-0.00644214,-0.00639151
-50,0.55572,-0.555633,-0.00705954,-0.0068545
-49,0.554281,-0.55418,-0.00767717,-0.00729774
-48,0.552411,-0.552295,-0.00803156,-0.00794606
-47,0.550249,-0.550119,-0.00821162,-0.00871138
-46,0.548067,-0.547921,-0.00838758,-0.0094454
-45,0.545865,-0.545704,-0.00855945,-0.010148
-44,0.543644,-0.543466,-0.00872727,-0.0108192
-43,0.541189,-0.540991,-0.00892281,-0.0116089
-42,0.538488,-0.538265,-0.00915448,-0.0125165
-41,0.535759,-0.53551,-0.00939158,-0.0133832
-40,0.533003,-0.532726,-0.00963407,-0.0142089
-39,0.530218,-0.529914,-0.00988188,-0.0149934
-38,0.526722,-0.526377,-0.0104679,-0.0159153
-37,0.522038,-0.521629,-0.0116306,-0.0170904
-36,0.517305,-0.516826,-0.0128171,-0.0182161
-35,0.512523,-0.511968,-0.0140273,-0.0192925
-34,0.507691,-0.507055,-0.0152609,-0.0203193
-33,0.502292,-0.501559,-0.0162858,-0.0216818
-32,0.495312,-0.494446,-0.0166654,-0.0240807
-31,0.488229,-0.487217,-0.017071,-0.0263847
-30,0.481041,-0.479871,-0.0175026,-0.028594
-29,0.473747,-0.472409,-0.0179601,-0.0307085
-28,0.465849,-0.464318,-0.0181456,-0.0330805
-27,0.45474,-0.452886,-0.0165387,-0.0375391
-26,0.443426,-0.441184,-0.014965,-0.0419519
-25,0.431912,-0.429211,-0.0134242,-0.0463185
-24,0.420203,-0.41697,-0.0119163,-0.0506387
-23,0.408166,-0.404298,-0.0103123,-0.0551009
-22,0.390399,-0.384544,-0.00351836,-0.0672673
-21,0.372668,-0.364062,0.00323707,-0.0795596
-20,0.355471,-0.343955,0.0103051,-0.0891531
-19,0.338549,-0.323801,0.0173643,-0.0972969
-18,0.321824,-0.303425,0.024339,-0.10446
-17,0.300444,-0.279416,0.0251982,-0.10751
-16,0.277708,-0.253773,0.02513,-0.109952
-15,0.254212,-0.226795,0.0247382,-0.112142
-14,0.23019,-0.198484,0.024024,-0.11408
-13,0.206006,-0.168842,0.0229885,-0.115769
-12,0.194688,-0.145927,0.016951,-0.127755
-11,0.188105,-0.122882,0.00895232,-0.142138
-10,0.184054,-0.0974822,0.000172805,-0.156119
-9,0.18371,-0.069743,-0.00939643,-0.169697
-8,0.18817,-0.039678,-0.0197643,-0.182874
-7,0.220474,0.0141389,-0.0381507,-0.216687
-6,0.275697,0.0833836,-0.059825,-0.255884
-5,0.727224,0.54572,-0.0497799,-0.478086
-4,0.931513,0.735959,-0.0214168,-0.570634
-3,1.93422,1.60882,-0.166697,-1.06072
-2,3.34676,2.83138,-0.404407,-1.73798
-1,4.96434,4.27135,-0.644776,-2.44631
0,6.39414,5.63336,-0.745941,-2.93153
1,7.61966,6.79985,-0.823462,-3.33816
2,7.58875,6.79668,-0.855274,-3.26539
3,7.20615,6.46154,-0.86333,-3.07113
4,6.87792,6.17558,-0.862243,-2.9025
5,6.43029,5.79175,-0.871965,-2.65404
6,6.06414,5.47443,-0.881455,-2.45509
7,5.71656,5.16734,-0.917418,-2.26628
8,5.33994,4.83084,-0.974497,-2.05629
9,4.94894,4.47745,-1.03226,-1.83817
10,4.32912,3.90504,-1.01388,-1.56973
11,3.63117,3.25608,-0.987441,-1.26819
12,2.89053,2.58141,-0.865028,-0.971187
13,2.12232,1.90114,-0.652214,-0.681544
14,1.36831,1.23083,-0.445337,-0.398769
15,0.829086,0.802181,-0.169404,-0.123254
16,0.413001,0.356708,0.117874,0.171566
17,0.546488,0.0210243,0.352388,0.417169
18,0.768761,-0.110173,0.500511,0.573013
19,1.04888,-0.284926,0.664757,0.759653
20,0.904633,-0.264191,0.580103,0.641907
21,0.511149,-0.112941,0.296369,0.400853
22,0.521685,-0.191005,0.30877,0.374611
23,0.554304,-0.276594,0.320883,0.357468
24,0.520747,-0.29527,0.29322,0.313074
25,0.490672,-0.313948,0.263655,0.269596
26,0.46692,-0.334324,0.233116,0.227812
27,0.450449,-0.356401,0.201603,0.187721
28,0.442077,-0.380177,0.169117,0.149324
29,0.43968,-0.391799,0.152109,0.129129
30,0.439618,-0.402121,0.137458,0.112552
31,0.44186,-0.413328,0.122547,0.096861
32,0.446371,-0.425422,0.107376,0.0820568
33,0.453093,-0.438403,0.0919445,0.0681393
34,0.461534,-0.450031,0.0831574,0.0597507
35,0.470548,-0.461191,0.0766528,0.0533098
36,0.480056,-0.472567,0.0700839,0.0471436
37,0.490037,-0.484157,0.0634507,0.0412522
38,0.50047,-0.495963,0.0567533,0.0356355
39,0.505924,-0.502375,0.0509681,0.0313123
40,0.508466,-0.505646,0.0457351,0.0277119
41,0.511269,-0.509089,0.0404846,0.0241955
42,0.514332,-0.512705,0.0352168,0.0207629
43,0.517652,-0.516492,0.0299316,0.0174143
44,0.521178,-0.520304,0.0261916,0.0149782
45,0.524768,-0.524051,0.0239236,0.0134091
46,0.52842,-0.527843,0.0216363,0.0119143
47,0.532135,-0.53168,0.0193297,0.0104937
48,0.535911,-0.535563,0.017004,0.00914733
49,0.539135,-0.538857,0.0152826,0.00810449
50,0.54146,-0.541215,0.0145005,0.00746125
51,0.543816,-0.5436,0.0137068,0.0068563
52,0.546201,-0.546013,0.0129017,0.00628965
53,0.548617,-0.548453,0.0120851,0.00576129
54,0.550883,-0.550742,0.0112852,0.0052931
55,0.552704,-0.552582,0.0105496,0.00491235
56,0.554539,-0.554434,0.009807,0.00455851
57,0.556386,-0.556297,0.00905741,0.00423157
58,0.558247,-0.558171,0.00830083,0.00393153
59,0.560023,-0.55996,0.00758981,0.00364796
60,0.561309,-0.561253,0.00714769,0.00333056
61,0.562599,-0.562551,0.00670883,0.00302782
62,0.563895,-0.563853,0.00627326,0.00273976
63,0.565216,-0.565181,0.00584168,0.00246649
64,0.56654,-0.56651,0.00541199,0.00221268
65,0.567495,-0.567469,0.00504177,0.00204023
66,0.56845,-0.568428,0.0046712,0.00187691
67,0.569403,-0.569384,0.00430028,0.00172273
68,0.570355,-0.570339,0.00392901,0.00157768
69,0.571305,-0.571292,0.00355739,0.00144177
70,0.57198,-0.571968,0.00339175,0.00133309
71,0.572634,-0.572623,0.00324192,0.00123248
72,0.573286,-0.573277,0.00309251,0.00113852
73,0.573939,-0.57393,0.00294353,0.00105118
74,0.57459,-0.574583,0.00279497,0.00097049
75,0.575136,-0.575129,0.0026586,0.000903915
76,0.575657,-0.575651,0.00252417,0.00084332
77,0.576179,-0.576173,0.00238889,0.000786755
78,0.5767,-0.576695,0.00225275,0.000734221
79,0.577221,-0.577217,0.00211575,0.000685717
80,0.577649,-0.577645,0.00202291,0.000639583
81,0.578037,-0.578033,0.00194826,0.00059622
82,0.578425,-0.578421,0.00187225,0.000556252
83,0.578812,-0.578809,0.00179489,0.000519678
84,0.5792,-0.579197,0.00171617,0.000486498
85,0.579543,-0.57954,0.00163468,0.000454918
86,0.579853,-0.579851,0.00155172,0.000424409
87,0.580164,-0.580162,0.00146855,0.000395986
88,0.580474,-0.580472,0.00138518,0.000369651
89,0.580784,-0.580783,0.0013016,0.000345403
90,0.58106,-0.581058,0.00123465,0.000322301
91,0.581295,-0.581294,0.00118695,0.000299956
92,0.58153,-0.581529,0.00113919,0.000279358
93,0.581765,-0.581764,0.00109138,0.000260505
94,0.582,-0.581999,0.00104352,0.000243399
95,0.582219,-0.582218,0.000998665,0.000227453
96,0.582411,-0.582411,0.000959479,0.000211741
97,0.582603,-0.582603,0.00092022,0.000197155
98,0.582795,-0.582795,0.00088089,0.000183695
99,0.582987,-0.582987,0.000841489,0.000171362
