R,v,vx,vy,vz
-50,5.92875e-09,-5.7532e-09,2.28283e-14,-1.43204e-09
-49,6.00536e-09,-5.83055e-09,9.3271e-11,-1.4354e-09
-48,5.9467e-09,-5.76297e-09,2.58241e-10,-1.44387e-09
-47,5.89327e-09,-5.69582e-09,4.23886e-10,-1.45213e-09
-46,5.84527e-09,-5.6291e-09,5.90208e-10,-1.46016e-09
-45,5.80286e-09,-5.56281e-09,7.57205e-10,-1.46799e-09
-44,5.75938e-09,-5.49356e-09,9.08223e-10,-1.47189e-09
-43,5.71892e-09,-5.42365e-09,1.05533e-09,-1.47525e-09
-42,5.6823e-09,-5.35353e-09,1.20079e-09,-1.47863e-09
-41,5.64948e-09,-5.28321e-09,1.34459e-09,-1.48201e-09
-40,5.6204e-09,-5.21269e-09,1.48674e-09,-1.48541e-09
-39,5.59501e-09,-5.14196e-09,1.62723e-09,-1.48882e-09
-38,5.60234e-09,-5.14498e-09,1.6515e-09,-1.47914e-09
-37,5.63241e-09,-5.20317e-09,1.58772e-09,-1.45952e-09
-36,5.66238e-09,-5.26023e-09,1.52288e-09,-1.4399e-09
-35,5.69225e-09,-5.31617e-09,1.45699e-09,-1.42028e-09
-34,5.72202e-09,-5.37098e-09,1.39006e-09,-1.40066e-09
-33,5.75171e-09,-5.42467e-09,1.32207e-09,-1.38104e-09
-32,5.78131e-09,-5.47722e-09,1.25304e-09,-1.36142e-09
-31,5.81084e-09,-5.52866e-09,1.18295e-09,-1.3418e-09
-30,5.8403e-09,-5.57897e-09,1.11181e-09,-1.32218e-09
-29,5.86971e-09,-5.62815e-09,1.03963e-09,-1.30255e-09
-28,5.89908e-09,-5.6762e-09,9.66393e-10,-1.28293e-09
-27,5.75089e-09,-5.55358e-09,7.46543e-10,-1.29349e-09
-26,5.47054e-09,-5.29095e-09,4.08465e-10,-1.32886e-09
-25,5.20994e-09,-5.02763e-09,7.23784e-11,-1.36425e-09
-24,4.97188e-09,-4.76362e-09,-2.61718e-10,-1.39965e-09
-23,4.75946e-09,-4.49893e-09,-5.93823e-10,-1.43507e-09
-22,4.57592e-09,-4.23356e-09,-9.23938e-10,-1.4705e-09
-21,4.42454e-09,-3.9675e-09,-1.25206e-09,-1.50595e-09
-20,4.30839e-09,-3.70075e-09,-1.57819e-09,-1.54142e-09
-19,4.23003e-09,-3.43332e-09,-1.90234e-09,-1.57691e-09
-18,4.19126e-09,-3.1652e-09,-2.22449e-09,-1.61241e-09
-17,4.19285e-09,-2.8964e-09,-2.54465e-09,-1.64793e-09
-16,4.13424e-09,-2.70063e-09,-2.66014e-09,-1.6499e-09
-15,3.99557e-09,-2.57e-09,-2.59399e-09,-1.622e-09
-14,3.85656e-09,-2.43904e-09,-2.52649e-09,-1.59404e-09
-13,3.71728e-09,-2.30778e-09,-2.45762e-09,-1.56603e-09
-12,3.57783e-09,-2.17621e-09,-2.3874e-09,-1.53796e-09
-11,3.43829e-09,-2.04432e-09,-2.31581e-09,-1.50984e-09
-10,3.29879e-09,-1.91212e-09,-2.24287e-09,-1.48167e-09
-9,3.15946e-09,-1.77961e-09,-2.16856e-09,-1.45344e-09
-8,3.02046e-09,-1.64679e-09,-2.0929e-09,-1.42515e-09
-7,2.88201e-09,-1.51365e-09,-2.01588e-09,-1.39681e-09
-6,2.74434e-09,-1.38021e-09,-1.9375e-09,-1.36841e-09
-5,2.64721e-09,-1.30754e-09,-1.83608e-09,-1.38812e-09
-4,2.59182e-09,-1.2936e-09,-1.71157e-09,-1.45419e-09
-3,2.54164e-09,-1.27974e-09,-1.58453e-09,-1.52034e-09
-2,2.49737e-09,-1.26599e-09,-1.45495e-09,-1.58658e-09
-1,2.45974e-09,-1.25232e-09,-1.32284e-09,-1.65291e-09
0,2.42947e-09,-1.23874e-09,-1.18819e-09,-1.71932e-09
1,2.40729e-09,-1.22526e-09,-1.051e-09,-1.78582e-09
2,2.39384e-09,-1.21186e-09,-9.11284e-10,-1.85241e-09
3,2.38974e-09,-1.19856e-09,-7.69028e-10,-1.91909e-09
4,2.39549e-09,-1.18535e-09,-6.24237e-10,-1.98586e-09
5,2.41147e-09,-1.17223e-09,-4.7691e-10,-2.05271e-09
6,2.41398e-09,-1.18755e-09,-3.48495e-10,-2.07258e-09
7,2.39876e-09,-1.23292e-09,-2.41123e-10,-2.04348e-09
8,2.3898e-09,-1.27906e-09,-1.32922e-10,-2.01432e-09
9,2.38735e-09,-1.32595e-09,-2.38938e-11,-1.98512e-09
10,2.39157e-09,-1.3736e-09,8.59628e-11,-1.95587e-09
11,2.40259e-09,-1.42201e-09,1.96648e-10,-1.92657e-09
12,2.42049e-09,-1.47118e-09,3.0816e-10,-1.89722e-09
13,2.44527e-09,-1.52111e-09,4.20502e-10,-1.86782e-09
14,2.47688e-09,-1.57179e-09,5.33671e-10,-1.83837e-09
15,2.51523e-09,-1.62323e-09,6.47668e-10,-1.80887e-09
16,2.56017e-09,-1.67543e-09,7.62493e-10,-1.77932e-09
17,2.66312e-09,-1.83551e-09,7.4716e-10,-1.77901e-09
18,2.84688e-09,-2.11671e-09,5.84943e-10,-1.81165e-09
19,3.05501e-09,-2.39845e-09,4.23117e-10,-1.84431e-09
20,3.28298e-09,-2.68074e-09,2.6168e-10,-1.87699e-09
21,3.527e-09,-2.96356e-09,1.00632e-10,-1.90968e-09
22,3.78405e-09,-3.24693e-09,-6.00259e-11,-1.9424e-09
23,4.05172e-09,-3.53083e-09,-2.20294e-10,-1.97513e-09
24,4.32809e-09,-3.81527e-09,-3.80173e-10,-2.00787e-09
25,4.61168e-09,-4.10026e-09,-5.39663e-10,-2.04064e-09
26,4.90127e-09,-4.38578e-09,-6.98763e-10,-2.07342e-09
27,5.19592e-09,-4.67184e-09,-8.57473e-10,-2.10622e-09
28,5.37382e-09,-4.84425e-09,-9.64944e-10,-2.11662e-09
29,5.4063e-09,-4.8783e-09,-1.0107e-09,-2.09972e-09
30,5.44002e-09,-4.91311e-09,-1.05691e-09,-2.08281e-09
31,5.47497e-09,-4.94869e-09,-1.10356e-09,-2.0659e-09
32,5.51116e-09,-4.98504e-09,-1.15065e-09,-2.04898e-09
33,5.5486e-09,-5.02216e-09,-1.19818e-09,-2.03205e-09
34,5.58728e-09,-5.06004e-09,-1.24616e-09,-2.01513e-09
35,5.6272e-09,-5.09869e-09,-1.29458e-09,-1.99819e-09
36,5.66837e-09,-5.13811e-09,-1.34344e-09,-1.98125e-09
37,5.71079e-09,-5.1783e-09,-1.39275e-09,-1.96431e-09
38,5.75445e-09,-5.21926e-09,-1.4425e-09,-1.94736e-09
39,5.81557e-09,-5.29051e-09,-1.43815e-09,-1.93987e-09
40,5.90019e-09,-5.40118e-09,-1.36273e-09,-1.94486e-09
41,5.98717e-09,-5.51221e-09,-1.28836e-09,-1.94984e-09
42,6.0764e-09,-5.62361e-09,-1.21501e-09,-1.95482e-09
43,6.16775e-09,-5.73538e-09,-1.14271e-09,-1.9598e-09
44,6.26113e-09,-5.84751e-09,-1.07144e-09,-1.96478e-09
45,6.3567e-09,-5.96026e-09,-1.00339e-09,-1.96878e-09
46,6.45536e-09,-6.07467e-09,-9.50713e-10,-1.96625e-09
47,6.55453e-09,-6.1886e-09,-8.97672e-10,-1.96398e-09
48,6.65417e-09,-6.30205e-09,-8.44271e-10,-1.96197e-09
49,6.75424e-09,-6.41501e-09,-7.90512e-10,-1.96022e-09
50,6.70438e-09,-6.36637e-09,-7.8039e-10,-1.95168e-09
51,6.4409e-09,-6.08724e-09,-8.3281e-10,-1.93319e-09
52,6.17927e-09,-5.80809e-09,-8.84887e-10,-1.91482e-09
53,5.91972e-09,-5.52891e-09,-9.36623e-10,-1.89657e-09
54,5.66253e-09,-5.24972e-09,-9.88016e-10,-1.87844e-09
55,5.40803e-09,-4.97051e-09,-1.03907e-09,-1.86043e-09
56,5.1566e-09,-4.69127e-09,-1.08978e-09,-1.84253e-09
57,4.90872e-09,-4.41201e-09,-1.14014e-09,-1.82476e-09
58,4.66494e-09,-4.13273e-09,-1.19017e-09,-1.8071e-09
59,4.42592e-09,-3.85343e-09,-1.23985e-09,-1.78957e-09
60,4.19247e-09,-3.57411e-09,-1.28919e-09,-1.77215e-09
61,4.01232e-09,-3.36081e-09,-1.30378e-09,-1.76177e-09
62,3.90718e-09,-3.24979e-09,-1.26479e-09,-1.76216e-09
63,3.80257e-09,-3.13857e-09,-1.22569e-09,-1.76255e-09
64,3.69856e-09,-3.02715e-09,-1.18648e-09,-1.76294e-09
65,3.59523e-09,-2.91554e-09,-1.14714e-09,-1.76333e-09
66,3.49264e-09,-2.80372e-09,-1.10769e-09,-1.76372e-09
67,3.39091e-09,-2.69171e-09,-1.06812e-09,-1.76411e-09
68,3.29012e-09,-2.5795e-09,-1.02843e-09,-1.76449e-09
69,3.1904e-09,-2.46708e-09,-9.8863e-10,-1.76488e-09
70,3.09188e-09,-2.35447e-09,-9.48708e-10,-1.76526e-09
71,2.9947e-09,-2.24166e-09,-9.08669e-10,-1.76565e-09
72,2.88512e-09,-2.11299e-09,-8.69514e-10,-1.76157e-09
73,2.75462e-09,-1.95788e-09,-8.31995e-10,-1.74999e-09
74,2.6274e-09,-1.80279e-09,-7.94451e-10,-1.7384e-09
75,2.50395e-09,-1.64773e-09,-7.5688e-10,-1.72681e-09
76,2.38484e-09,-1.4927e-09,-7.19284e-10,-1.71521e-09
77,2.27077e-09,-1.33768e-09,-6.81662e-10,-1.70362e-09
78,2.16251e-09,-1.1827e-09,-6.44015e-10,-1.69202e-09
79,2.061e-09,-1.02773e-09,-6.06342e-10,-1.68042e-09
80,1.96726e-09,-8.72796e-10,-5.68643e-10,-1.66882e-09
81,1.88245e-09,-7.17883e-10,-5.30918e-10,-1.65722e-09
82,1.80782e-09,-5.62994e-10,-4.93168e-10,-1.64561e-09
83,1.77438e-09,-4.82739e-10,-4.87608e-10,-1.63635e-09
84,1.80145e-09,-5.39321e-10,-5.41184e-10,-1.6314e-09
85,1.83145e-09,-5.95766e-10,-5.94785e-10,-1.62649e-09
86,1.86422e-09,-6.52074e-10,-6.48413e-10,-1.62163e-09
87,1.89962e-09,-7.08245e-10,-7.02067e-10,-1.6168e-09
88,1.93749e-09,-7.64279e-10,-7.55748e-10,-1.61202e-09
89,1.97768e-09,-8.20176e-10,-8.09455e-10,-1.60727e-09
90,2.02004e-09,-8.75935e-10,-8.63189e-10,-1.60256e-09
91,2.06443e-09,-9.31558e-10,-9.16949e-10,-1.5979e-09
92,2.11071e-09,-9.87043e-10,-9.70736e-10,-1.59327e-09
93,2.15875e-09,-1.04239e-09,-1.02455e-09,-1.58868e-09
94,2.17358e-09,-1.0699e-09,-1.03712e-09,-1.58244e-09
95,2.12005e-09,-1.04188e-09,-9.67066e-10,-1.57286e-09
96,2.06792e-09,-1.01381e-09,-8.96981e-10,-1.5633e-09
97,2.01731e-09,-9.85698e-10,-8.26869e-10,-1.55378e-09
98,1.96834e-09,-9.57542e-10,-7.5673e-10,-1.54429e-09
99,1.92114e-09,-9.29344e-10,-6.86564e-10,-1.53483e-09
100,1.87584e-09,-9.01102e-10,-6.16371e-10,-1.52541e-09
101,1.83259e-09,-8.72817e-10,-5.46152e-10,-1.51601e-09
102,1.79155e-09,-8.44488e-10,-4.75905e-10,-1.50665e-09
103,1.75287e-09,-8.16116e-10,-4.05631e-10,-1.49732e-09
104,1.71672e-09,-7.87701e-10,-3.35331e-10,-1.48802e-09
105,1.72816e-09,-8.56412e-10,-2.50043e-10,-1.48006e-09
106,1.86757e-09,-1.13791e-09,-1.31947e-10,-1.47498e-09
107,2.04339e-09,-1.41932e-09,-1.38096e-11,-1.46995e-09
108,2.24706e-09,-1.70067e-09,1.04369e-10,-1.46496e-09
109,2.47169e-09,-1.98193e-09,2.22588e-10,-1.46001e-09
110,2.71205e-09,-2.26311e-09,3.40849e-10,-1.45511e-09
111,2.96431e-09,-2.54422e-09,4.59151e-10,-1.45025e-09
112,3.22565e-09,-2.82526e-09,5.77494e-10,-1.44543e-09
113,3.49403e-09,-3.10621e-09,6.95878e-10,-1.44066e-09
114,3.76793e-09,-3.38709e-09,8.14303e-10,-1.43592e-09
115,4.04622e-09,-3.66789e-09,9.3277e-10,-1.43123e-09
116,4.29192e-09,-3.92566e-09,9.88807e-10,-1.42548e-09
117,4.45545e-09,-4.12825e-09,8.94694e-10,-1.41709e-09
118,4.62401e-09,-4.33083e-09,8.00578e-10,-1.40871e-09
119,4.79705e-09,-4.53339e-09,7.06461e-10,-1.40034e-09
120,4.97411e-09,-4.73595e-09,6.12341e-10,-1.39197e-09
121,5.15477e-09,-4.9385e-09,5.18218e-10,-1.38361e-09
122,5.33867e-09,-5.14103e-09,4.24094e-10,-1.37527e-09
123,5.52549e-09,-5.34356e-09,3.29967e-10,-1.36692e-09
124,5.71493e-09,-5.54608e-09,2.35838e-10,-1.35859e-09
125,5.90674e-09,-5.74859e-09,1.41707e-10,-1.35027e-09
126,6.1007e-09,-5.95109e-09,4.75733e-11,-1.34195e-09
127,6.24335e-09,-6.09888e-09,-6.80373e-11,-1.33359e-09
128,6.24867e-09,-6.10182e-09,-2.4053e-10,-1.32507e-09
129,6.25869e-09,-6.1047e-09,-4.13061e-10,-1.31652e-09
130,6.27338e-09,-6.10751e-09,-5.85631e-10,-1.30793e-09
131,6.29271e-09,-6.11025e-09,-7.5824e-10,-1.29931e-09
132,6.31665e-09,-6.11292e-09,-9.30888e-10,-1.29064e-09
133,6.34515e-09,-6.11553e-09,-1.10357e-09,-1.28194e-09
134,6.37815e-09,-6.11807e-09,-1.2763e-09,-1.2732e-09
135,6.41695e-09,-6.12253e-09,-1.44136e-09,-1.27059e-09
136,6.46173e-09,-6.13025e-09,-1.59391e-09,-1.27809e-09
137,6.50987e-09,-6.138e-09,-1.74664e-09,-1.28555e-09
138,6.47785e-09,-6.06419e-09,-1.87484e-09,-1.29351e-09
139,6.20514e-09,-5.7514e-09,-1.93066e-09,-1.30298e-09
140,5.93688e-09,-5.43856e-09,-1.98651e-09,-1.31241e-09
141,5.6737e-09,-5.12566e-09,-2.04239e-09,-1.3218e-09
142,5.41637e-09,-4.81272e-09,-2.09829e-09,-1.33115e-09
143,5.16575e-09,-4.49972e-09,-2.15423e-09,-1.34046e-09
144,4.92289e-09,-4.18666e-09,-2.21019e-09,-1.34972e-09
145,4.689e-09,-3.87356e-09,-2.26618e-09,-1.35894e-09
146,4.46552e-09,-3.5604e-09,-2.3222e-09,-1.36812e-09
147,4.25408e-09,-3.24719e-09,-2.37825e-09,-1.37726e-09
148,4.05658e-09,-2.93393e-09,-2.43433e-09,-1.38635e-09
149,3.85516e-09,-2.64144e-09,-2.43632e-09,-1.39619e-09
