R,v,vx,vy,vz
-100,0.570384,-0.570384,-0.000708263,-0.000477334
-99,0.570367,-0.570366,-0.000803858,-0.000486595
-98,0.570343,-0.570342,-0.000927298,-0.000494489
-97,0.570318,-0.570317,-0.00104997,-0.000502017
-96,0.570294,-0.570292,-0.00117188,-0.000509185
-95,0.570268,-0.570266,-0.00129303,-0.000515997
-94,0.57019,-0.570187,-0.00143094,-0.000522987
-93,0.570083,-0.570081,-0.00157674,-0.000529984
-92,0.569977,-0.569974,-0.00172107,-0.000536732
-91,0.56987,-0.569867,-0.00186395,-0.00054324
-90,0.569764,-0.569761,-0.00200539,-0.000549517
-89,0.56964,-0.569636,-0.00203516,-0.000561726
-88,0.5695,-0.569496,-0.00197242,-0.000578754
-87,0.56936,-0.569357,-0.0019129,-0.00059525
-86,0.569221,-0.569218,-0.00185662,-0.000611223
-85,0.569082,-0.569079,-0.00180355,-0.000626683
-84,0.568963,-0.56896,-0.00178111,-0.000649758
-83,0.568869,-0.568866,-0.00180122,-0.000683147
-82,0.568772,-0.568768,-0.00182695,-0.000715589
-81,0.568672,-0.568669,-0.00185827,-0.000747099
-80,0.56857,-0.568566,-0.00189517,-0.00077769
-79,0.568425,-0.56842,-0.00216843,-0.000856358
-78,0.568186,-0.568177,-0.00296283,-0.00104617
-77,0.567943,-0.567929,-0.00374713,-0.00123581
-76,0.567697,-0.567677,-0.0045214,-0.0014253
-75,0.567447,-0.56742,-0.00528568,-0.00161464
-74,0.567109,-0.567074,-0.00606922,-0.00184196
-73,0.566408,-0.566361,-0.00696249,-0.00223378
-72,0.565711,-0.565651,-0.00783598,-0.00262653
-71,0.565019,-0.564944,-0.00868981,-0.00302023
-70,0.564331,-0.56424,-0.00952408,-0.00341489
-69,0.563622,-0.563516,-0.0102637,-0.00381435
-68,0.562591,-0.562485,-0.0100351,-0.00425894
-67,0.561551,-0.561446,-0.00982133,-0.00469505
-66,0.560504,-0.560398,-0.00962222,-0.00512261
-65,0.559448,-0.559341,-0.00943772,-0.00554157
-64,0.558383,-0.558274,-0.00926771,-0.0059519
-63,0.558678,-0.558568,-0.00910485,-0.00632617
-62,0.559099,-0.558987,-0.00898007,-0.00665182
-61,0.559544,-0.559431,-0.00888787,-0.00694062
-60,0.559993,-0.559877,-0.00881497,-0.00721899
-59,0.560443,-0.560325,-0.00876136,-0.00748698
-58,0.558395,-0.558266,-0.00816645,-0.008746
-57,0.555861,-0.555718,-0.0074673,-0.010145
-56,0.553319,-0.553159,-0.00676986,-0.011488
-55,0.550771,-0.550589,-0.00607411,-0.0127749
-54,0.548214,-0.548009,-0.00538004,-0.0140051
-53,0.545602,-0.545365,-0.00453333,-0.0154266
-52,0.542949,-0.542674,-0.00363806,-0.0168762
-51,0.540268,-0.539952,-0.00275477,-0.0182566
-50,0.537558,-0.537199,-0.0018834,-0.0195673
-49,0.534819,-0.534413,-0.00102387,-0.0208077
-48,0.531689,-0.53125,-0.000159664,-0.0215925
-47,0.528301,-0.527838,0.000702299,-0.0220938
-46,0.52489,-0.524402,0.00155122,-0.0225707
-45,0.521455,-0.520941,0.00238728,-0.0230231
-44,0.517995,-0.517454,0.00321065,-0.0234508
-43,0.514236,-0.513645,0.00356168,-0.0243894
-42,0.51014,-0.509473,0.00341571,-0.025858
-41,0.505982,-0.505234,0.00324974,-0.0272974
-40,0.501759,-0.500928,0.00306392,-0.0287072
-39,0.497472,-0.496553,0.00285837,-0.0300873
-38,0.492617,-0.49159,0.00322353,-0.0316307
-37,0.486814,-0.485637,0.00453219,-0.033528
-36,0.48089,-0.479545,0.00578148,-0.0354809
-35,0.474846,-0.473312,0.00697155,-0.0374888
-34,0.468681,-0.466939,0.00810257,-0.0395513
-33,0.462927,-0.460945,0.00908894,-0.0418211
-32,0.45853,-0.45624,0.00972609,-0.0447193
-31,0.453931,-0.451283,0.0102378,-0.0478798
-30,0.44914,-0.446074,0.0106255,-0.0513017
-29,0.444163,-0.440612,0.0108903,-0.0549842
-28,0.439745,-0.435688,0.0108162,-0.0586047
-27,0.439749,-0.435457,0.00933698,-0.0605767
-26,0.439773,-0.435179,0.0078202,-0.0629166
-25,0.439823,-0.434854,0.00627044,-0.0656253
-24,0.439907,-0.434483,0.00469228,-0.0687038
-23,0.440537,-0.434596,0.0030086,-0.0720419
-22,0.461978,-0.456479,-0.00193428,-0.071038
-21,0.484182,-0.479046,-0.00674553,-0.0700149
-20,0.502616,-0.498041,-0.0103317,-0.0668713
-19,0.519117,-0.514977,-0.0135981,-0.0640073
-18,0.534396,-0.530533,-0.0167654,-0.0619075
-17,0.551783,-0.547963,-0.0367024,-0.0534199
-16,0.568003,-0.563158,-0.0584388,-0.045449
-15,0.632685,-0.627607,-0.0624927,-0.0499451
-14,0.699675,-0.693271,-0.0768449,-0.0549097
-13,0.72854,-0.709686,-0.147352,-0.073511
-12,0.765875,-0.727146,-0.221687,-0.09315
-11,0.868018,-0.792997,-0.337463,-0.103585
-10,1.0251,-0.893515,-0.491921,-0.102362
-9,1.16222,-0.967986,-0.634762,-0.104055
-8,1.11582,-0.84179,-0.726781,-0.0907893
-7,1.06296,-0.676162,-0.817317,-0.06838
-6,0.950212,-0.399104,-0.862154,-0.0175878
-5,0.843167,-0.0244476,-0.835498,0.110796
-4,0.913835,0.299896,-0.808296,0.30301
-3,1.66895,1.21683,-0.619521,-0.959648
-2,3.74859,2.46908,-0.487462,-2.77813
-1,6.15013,3.91296,-0.577776,-4.70947
0,8.07133,5.16587,-0.974168,-6.12463
1,9.62754,6.16238,-1.27703,-7.28586
2,8.17718,5.01828,-1.15908,-6.35134
3,5.8563,3.24438,-0.913712,-4.78908
4,3.91601,1.78311,-0.688643,-3.41781
5,2.6513,1.15336,-0.488766,-2.33672
6,1.31435,0.454478,-0.284852,-1.19992
7,0.614803,-0.0523265,-0.218349,-0.572336
8,0.575303,-0.453892,-0.241556,-0.258083
9,0.937462,-0.895983,-0.260314,0.0910275
10,0.908544,-0.876944,-0.235562,0.0305279
11,0.877476,-0.851597,-0.207323,-0.0419808
12,0.858568,-0.833164,-0.19488,-0.0707044
13,0.829511,-0.800996,-0.202022,-0.0753694
14,0.802763,-0.770295,-0.211843,-0.078717
15,0.796579,-0.764303,-0.206795,-0.0872719
16,0.79471,-0.762858,-0.199168,-0.0997231
17,0.795222,-0.762473,-0.196078,-0.1121
18,0.796074,-0.760612,-0.202789,-0.118661
19,0.797849,-0.7597,-0.209811,-0.124091
20,0.795702,-0.752364,-0.216861,-0.141637
21,0.808525,-0.758321,-0.218606,-0.175707
22,0.812001,-0.754179,-0.227154,-0.197382
23,0.817605,-0.751496,-0.236715,-0.218395
24,0.814056,-0.744037,-0.240862,-0.22601
25,0.810464,-0.736137,-0.245313,-0.234042
26,0.807115,-0.727922,-0.250214,-0.242809
27,0.804053,-0.719394,-0.255564,-0.252311
28,0.801328,-0.710552,-0.261365,-0.262547
29,0.810291,-0.716771,-0.267329,-0.267106
30,0.821786,-0.725366,-0.273953,-0.27226
31,0.834019,-0.733861,-0.281301,-0.279116
32,0.847017,-0.742256,-0.289373,-0.287675
33,0.860813,-0.750552,-0.298169,-0.297936
34,0.873144,-0.761407,-0.298218,-0.306116
35,0.884078,-0.772253,-0.294515,-0.313816
36,0.916091,-0.810091,-0.287889,-0.316378
37,0.940772,-0.838281,-0.282153,-0.32051
38,0.956825,-0.855844,-0.282907,-0.32095
39,0.971653,-0.872043,-0.284212,-0.32074
40,0.981633,-0.888863,-0.277036,-0.31109
41,0.984011,-0.907516,-0.253744,-0.283383
42,0.987771,-0.926401,-0.229745,-0.254343
43,0.972625,-0.932381,-0.195519,-0.196056
44,0.956287,-0.93464,-0.156222,-0.128561
45,0.941988,-0.933205,-0.114836,-0.0572837
46,0.924215,-0.921063,-0.0730416,0.0219307
47,0.904993,-0.899245,-0.0204749,0.0997619
48,0.941545,-0.921874,0.000575147,0.191456
49,0.956747,-0.922485,0.018652,0.253059
50,0.928003,-0.88863,0.0317149,0.265557
51,0.901474,-0.85617,0.0448828,0.278593
52,0.877235,-0.825104,0.0581556,0.292166
53,0.855357,-0.795433,0.0715332,0.306277
54,0.835784,-0.769375,0.0842777,0.315428
55,0.816394,-0.749173,0.0952862,0.310094
56,0.796432,-0.728387,0.1065,0.303995
57,0.775928,-0.707017,0.117919,0.297131
58,0.754919,-0.685063,0.129542,0.289501
59,0.732865,-0.66272,0.138393,0.280608
60,0.707372,-0.641014,0.131824,0.268512
61,0.681416,-0.619091,0.124886,0.255847
62,0.655009,-0.596951,0.117581,0.242614
63,0.627171,-0.573561,0.110019,0.228619
64,0.599242,-0.550365,0.102093,0.213929
65,0.587454,-0.542848,0.0974422,0.202297
66,0.576003,-0.535666,0.0925722,0.19045
67,0.564913,-0.528821,0.0874827,0.178389
68,0.554216,-0.522311,0.0821737,0.166113
69,0.543942,-0.516138,0.0766452,0.153623
70,0.539316,-0.514351,0.0738281,0.144411
71,0.535407,-0.513113,0.0711716,0.135316
72,0.531836,-0.51212,0.0684624,0.126078
73,0.528617,-0.511372,0.0657005,0.116697
74,0.525763,-0.510868,0.062886,0.107174
75,0.524848,-0.511715,0.0593993,0.100422
76,0.524534,-0.512976,0.0557149,0.0942723
77,0.524457,-0.51439,0.0519741,0.0880704
78,0.524621,-0.515958,0.0481767,0.081816
79,0.52503,-0.517678,0.0443228,0.075509
80,0.525982,-0.519557,0.0411846,0.0708589
81,0.527224,-0.521554,0.0383104,0.06692
82,0.528616,-0.52366,0.0353634,0.0629568
83,0.530159,-0.525876,0.0323436,0.0589694
84,0.531857,-0.5282,0.0292509,0.0549577
85,0.533322,-0.53014,0.0267822,0.0516458
86,0.534608,-0.531794,0.0248013,0.0488434
87,0.535976,-0.533507,0.0228233,0.0460337
88,0.537426,-0.53528,0.0208482,0.0432165
89,0.53896,-0.537113,0.0188759,0.0403918
90,0.540348,-0.538731,0.0175018,0.0379212
91,0.541529,-0.540079,0.0168167,0.0358616
92,0.542758,-0.541465,0.0161374,0.0337988
93,0.544035,-0.542888,0.015464,0.0317327
94,0.545358,-0.54435,0.0147966,0.0296634
95,0.546689,-0.545799,0.014098,0.0278167
96,0.547984,-0.547186,0.0133366,0.0263907
97,0.549313,-0.548601,0.0125816,0.0249663
98,0.550675,-0.550044,0.011833,0.0235434
99,0.55207,-0.551516,0.0110908,0.0221221
