R,v,vx,vy,vz
-100,0.5709,-0.570899,-0.000725799,-0.000508569
-99,0.570876,-0.570875,-0.00077337,-0.000525722
-98,0.570844,-0.570843,-0.000828936,-0.00054247
-97,0.570812,-0.570811,-0.000884374,-0.000558733
-96,0.57078,-0.570779,-0.000939685,-0.000574513
-95,0.570747,-0.570746,-0.000994873,-0.000589813
-94,0.570686,-0.570685,-0.00104606,-0.000606743
-93,0.570611,-0.57061,-0.00109494,-0.000624244
-92,0.570535,-0.570533,-0.00114356,-0.000641193
-91,0.570458,-0.570456,-0.00119191,-0.000657593
-90,0.570381,-0.570379,-0.00124,-0.000673447
-89,0.570291,-0.570289,-0.00127205,-0.00069306
-88,0.570191,-0.570189,-0.00129058,-0.000715726
-87,0.57009,-0.570088,-0.00130925,-0.000737727
-86,0.569989,-0.569987,-0.00132806,-0.00075907
-85,0.569888,-0.569885,-0.00134702,-0.00077976
-84,0.569789,-0.569787,-0.00138238,-0.000806347
-83,0.569696,-0.569694,-0.00143947,-0.000841173
-82,0.569602,-0.5696,-0.00149576,-0.00087523
-81,0.569508,-0.569505,-0.00155125,-0.000908529
-80,0.569413,-0.56941,-0.00160596,-0.000941077
-79,0.569288,-0.569284,-0.00173106,-0.000986094
-78,0.569092,-0.569087,-0.00201766,-0.00106052
-77,0.568895,-0.568889,-0.00230376,-0.00113429
-76,0.568696,-0.568689,-0.00258938,-0.00120743
-75,0.568496,-0.568487,-0.00287453,-0.00127994
-74,0.56824,-0.56823,-0.00318171,-0.00136269
-73,0.56775,-0.567737,-0.00358601,-0.0014916
-72,0.567258,-0.567242,-0.00399112,-0.00162007
-71,0.566764,-0.566744,-0.00439705,-0.00174812
-70,0.566268,-0.566244,-0.00480379,-0.00187575
-69,0.565758,-0.56573,-0.00519102,-0.00201691
-68,0.565087,-0.565057,-0.00531828,-0.00233527
-67,0.564408,-0.564376,-0.00544764,-0.00265061
-66,0.563722,-0.563687,-0.0055791,-0.0029629
-65,0.563028,-0.56299,-0.00571262,-0.00327213
-64,0.562327,-0.562285,-0.0058482,-0.0035783
-63,0.561633,-0.561586,-0.00598906,-0.00411997
-62,0.560954,-0.560902,-0.00613441,-0.00464297
-61,0.560301,-0.560242,-0.00629012,-0.00513011
-60,0.559646,-0.559581,-0.00644564,-0.00560232
-59,0.55899,-0.558918,-0.00660097,-0.00605956
-58,0.557711,-0.557624,-0.00727911,-0.00666522
-57,0.556306,-0.5562,-0.00805459,-0.00728066
-56,0.554893,-0.554767,-0.008827,-0.00787396
-55,0.553472,-0.553324,-0.00959635,-0.00844508
-54,0.552043,-0.551872,-0.0103626,-0.00899397
-53,0.550482,-0.550281,-0.0108581,-0.0101485
-52,0.548864,-0.548628,-0.0112698,-0.0114899
-51,0.547236,-0.546961,-0.0117042,-0.012772
-50,0.545597,-0.545281,-0.0121613,-0.0139945
-49,0.543946,-0.543588,-0.012641,-0.0151568
-48,0.540782,-0.540407,-0.0120306,-0.0161441
-47,0.53663,-0.536253,-0.01072,-0.0170051
-46,0.532466,-0.532085,-0.00943154,-0.0178163
-45,0.52829,-0.5279,-0.00816511,-0.0185773
-44,0.524099,-0.523698,-0.00692052,-0.0192878
-43,0.51994,-0.519507,-0.00626528,-0.0202687
-42,0.515784,-0.515297,-0.00622643,-0.0215217
-41,0.51157,-0.511028,-0.0062139,-0.0227084
-40,0.507296,-0.506698,-0.00622749,-0.0238281
-39,0.502962,-0.502307,-0.00626699,-0.0248807
-38,0.49802,-0.497293,-0.00609295,-0.0261918
-37,0.492085,-0.491256,-0.00554965,-0.0280153
-36,0.486071,-0.485129,-0.00504134,-0.0298191
-35,0.479975,-0.478912,-0.0045678,-0.0316029
-34,0.473799,-0.472605,-0.00412883,-0.0333666
-33,0.467306,-0.465934,-0.00366182,-0.0355881
-32,0.459968,-0.458281,-0.00307599,-0.039236
-31,0.452427,-0.450375,-0.0025677,-0.0429652
-30,0.444689,-0.442216,-0.00213661,-0.0467754
-29,0.436758,-0.433805,-0.00178237,-0.0506658
-28,0.428767,-0.42528,-0.00139001,-0.0545554
-27,0.421362,-0.41733,-0.000376066,-0.0581512
-26,0.413778,-0.409101,0.000556778,-0.0620363
-25,0.406031,-0.400594,0.00141009,-0.0662101
-24,0.398139,-0.39181,0.00218545,-0.070672
-23,0.390355,-0.382992,0.00281866,-0.0754098
-22,0.392052,-0.383796,0.000785019,-0.0800283
-21,0.393761,-0.384458,-0.00116776,-0.0850779
-20,0.394052,-0.384258,-0.00221137,-0.0872801
-19,0.393511,-0.383308,-0.00301412,-0.0889754
-18,0.392378,-0.381712,-0.00374557,-0.0907869
-17,0.404945,-0.396184,-0.012821,-0.0827901
-16,0.416964,-0.40956,-0.0230085,-0.0747694
-15,0.426786,-0.420037,-0.0334645,-0.0677905
-14,0.434326,-0.42762,-0.0441862,-0.0618667
-13,0.439533,-0.432313,-0.0551708,-0.0570112
-12,0.4545,-0.44144,-0.0839594,-0.0682071
-11,0.471823,-0.449418,-0.117627,-0.0824909
-10,0.609967,-0.566926,-0.149671,-0.168088
-9,0.699812,-0.636075,-0.181131,-0.228773
-8,0.690328,-0.561928,-0.28251,-0.284566
-7,0.679153,-0.448548,-0.386965,-0.332132
-6,0.670448,-0.266879,-0.499567,-0.358761
-5,0.696197,-0.0465165,-0.617572,-0.318011
-4,0.768223,0.138316,-0.725182,-0.212476
-3,1.8272,1.23271,-0.574021,-1.22049
-2,3.8683,2.7421,-0.464385,-2.68867
-1,6.1991,4.44901,-0.580245,-4.27767
0,8.12266,5.91906,-1.00726,-5.47062
1,9.69607,7.1116,-1.34512,-6.4521
2,8.62469,6.22056,-1.29816,-5.83135
3,6.80002,4.73103,-1.13816,-4.74998
4,5.23814,3.47845,-0.987182,-3.78999
5,4.00114,2.67288,-0.795226,-2.86923
6,2.74784,1.84209,-0.59991,-1.94871
7,1.84959,1.20063,-0.466201,-1.32745
8,1.10466,0.624738,-0.365032,-0.834706
9,0.384069,-0.0164511,-0.260176,-0.282041
10,0.446769,-0.273742,-0.312546,-0.164266
11,0.640167,-0.521398,-0.365697,-0.0649859
12,0.742525,-0.638849,-0.377089,-0.0319278
13,0.738747,-0.647054,-0.353645,-0.0447587
14,0.768931,-0.694578,-0.329362,-0.0183274
15,0.75542,-0.683856,-0.317549,-0.0465129
16,0.754473,-0.681422,-0.314118,-0.078889
17,0.764368,-0.687707,-0.317692,-0.101928
18,0.771043,-0.691125,-0.32243,-0.11355
19,0.781815,-0.69843,-0.32701,-0.128432
20,0.797758,-0.705596,-0.337605,-0.156765
21,0.816641,-0.713031,-0.350159,-0.189416
22,0.836467,-0.721793,-0.360913,-0.220079
23,0.853933,-0.733258,-0.365421,-0.240836
24,0.873957,-0.746566,-0.370834,-0.262533
25,0.89328,-0.762419,-0.372551,-0.279055
26,0.912814,-0.779603,-0.372676,-0.294214
27,0.933874,-0.798792,-0.372555,-0.308634
28,0.956164,-0.825295,-0.368836,-0.311606
29,0.978967,-0.851802,-0.3646,-0.316032
30,0.996629,-0.881344,-0.348391,-0.308425
31,1.01133,-0.912782,-0.322957,-0.292077
32,1.02955,-0.945371,-0.300088,-0.276042
33,1.03862,-0.975375,-0.271841,-0.231273
34,1.04967,-1.00492,-0.238728,-0.186967
35,1.05263,-1.02635,-0.191477,-0.134031
36,1.04849,-1.03836,-0.127966,-0.0689711
37,1.05132,-1.04968,-0.0585827,-0.00145848
38,1.04224,-1.04013,0.00211094,0.0663088
39,1.04193,-1.03051,0.0644451,0.13969
40,1.0364,-1.00832,0.119604,0.207629
41,0.811275,-0.778501,0.168468,0.154017
42,0.986349,-0.915618,0.192368,0.312285
43,0.966762,-0.874249,0.217166,0.350937
44,0.94599,-0.830379,0.239625,0.384638
45,0.918598,-0.780771,0.258808,0.408946
46,0.867339,-0.721243,0.265073,0.40227
47,0.802822,-0.650063,0.269323,0.386532
48,0.785069,-0.616577,0.278839,0.398013
49,0.760512,-0.588406,0.276983,0.394254
50,0.721317,-0.566227,0.257164,0.365448
51,0.681061,-0.543678,0.23639,0.335229
52,0.639876,-0.520759,0.214661,0.3036
53,0.597941,-0.497469,0.191977,0.270559
54,0.563724,-0.479532,0.171915,0.241411
55,0.550921,-0.476505,0.160444,0.225198
56,0.538664,-0.473908,0.148514,0.208601
57,0.527054,-0.47174,0.136124,0.191619
58,0.516199,-0.470001,0.123275,0.174253
59,0.507328,-0.469163,0.111379,0.15768
60,0.504773,-0.471035,0.106449,0.146936
61,0.502613,-0.473104,0.101355,0.136087
62,0.500871,-0.475372,0.0960956,0.125135
63,0.499261,-0.477647,0.0904732,0.113706
64,0.498029,-0.480085,0.0843262,0.102179
65,0.498812,-0.483455,0.0779285,0.0949318
66,0.500018,-0.487045,0.0714699,0.0877296
67,0.501648,-0.490857,0.0649505,0.0805723
68,0.503705,-0.494889,0.0583702,0.0734599
69,0.506189,-0.499143,0.051729,0.0663924
70,0.508476,-0.502457,0.0478135,0.0616336
71,0.510911,-0.505793,0.0441082,0.0570806
72,0.513533,-0.509235,0.0404072,0.052564
73,0.516338,-0.512782,0.0367103,0.0480837
74,0.519326,-0.516434,0.0330178,0.0436398
75,0.521742,-0.519283,0.0302497,0.0405627
76,0.524102,-0.522001,0.0277055,0.0378148
77,0.526567,-0.524793,0.0251763,0.0350918
78,0.529138,-0.527659,0.0226621,0.0323934
79,0.531813,-0.530599,0.0201629,0.0297198
80,0.533941,-0.532888,0.0188141,0.0277395
81,0.53585,-0.534915,0.0179468,0.0260699
82,0.537814,-0.536988,0.0170655,0.0244211
83,0.539833,-0.539109,0.0161701,0.022793
84,0.541906,-0.541277,0.0152606,0.0211857
85,0.543786,-0.543235,0.0143059,0.0198478
86,0.545523,-0.545039,0.0133328,0.0187035
87,0.54729,-0.546868,0.0123683,0.0175725
88,0.549088,-0.548723,0.0114124,0.0164547
89,0.550917,-0.550603,0.0104652,0.0153501
90,0.552502,-0.552229,0.0096787,0.0143931
91,0.553794,-0.553553,0.00906782,0.013602
92,0.555105,-0.554892,0.00845504,0.0128221
93,0.556433,-0.556247,0.00784035,0.0120534
94,0.55778,-0.557618,0.00722376,0.0112958
95,0.559019,-0.558878,0.0066781,0.0106112
96,0.56004,-0.559914,0.00627186,0.01005
97,0.561071,-0.56096,0.00587195,0.00949585
98,0.562114,-0.562016,0.00547838,0.00894862
99,0.563168,-0.563082,0.00509114,0.00840835
