R,v,vx,vy,vz
-100,0.556658,-0.5566,-0.00105471,-0.00795326
-99,0.556138,-0.556075,0.000443389,-0.00835031
-98,0.555508,-0.555435,0.00209999,-0.00872028
-97,0.554875,-0.554788,0.00376618,-0.00909544
-96,0.554239,-0.554131,0.00544191,-0.00947599
-95,0.5536,-0.553467,0.00712712,-0.0098621
-94,0.553401,-0.553245,0.00798711,-0.0104382
-93,0.55343,-0.553254,0.00840067,-0.0111002
-92,0.553452,-0.553258,0.0088054,-0.0117472
-91,0.553469,-0.553254,0.00920128,-0.0123791
-90,0.553479,-0.553244,0.00958833,-0.0129957
-89,0.553333,-0.553072,0.010278,-0.0135353
-88,0.553039,-0.552747,0.011241,-0.0140183
-87,0.552722,-0.552397,0.0122142,-0.0145016
-86,0.552384,-0.552023,0.0131976,-0.0149852
-85,0.552023,-0.551624,0.0141913,-0.0154692
-84,0.551853,-0.551424,0.0147176,-0.0159926
-83,0.551952,-0.551511,0.0145866,-0.0165612
-82,0.552031,-0.551576,0.0144489,-0.0171179
-81,0.552089,-0.551621,0.0143044,-0.0176625
-80,0.552126,-0.551644,0.0141532,-0.0181951
-79,0.55198,-0.551479,0.0141923,-0.0187573
-78,0.551436,-0.550899,0.0146748,-0.0194014
-77,0.550856,-0.550283,0.0151527,-0.0200319
-76,0.550238,-0.549628,0.0156258,-0.0206489
-75,0.549583,-0.548936,0.0160944,-0.0212523
-74,0.548913,-0.54823,0.0164397,-0.0218703
-73,0.548297,-0.54759,0.016272,-0.0225931
-72,0.547632,-0.546899,0.0161043,-0.0232976
-71,0.546916,-0.546158,0.0159368,-0.0239838
-70,0.54615,-0.545366,0.0157693,-0.0246517
-69,0.545274,-0.544462,0.0156453,-0.0252973
-68,0.543573,-0.542719,0.0160865,-0.0258725
-67,0.541794,-0.540896,0.0165417,-0.0264268
-66,0.539935,-0.538993,0.0170107,-0.0269602
-65,0.537997,-0.53701,0.0174934,-0.0274728
-64,0.535978,-0.534945,0.0179899,-0.0279647
-63,0.533532,-0.532532,0.0180617,-0.0272011
-62,0.531358,-0.530394,0.0181494,-0.0263426
-61,0.529566,-0.528633,0.018265,-0.0255569
-60,0.5278,-0.526895,0.0183801,-0.0248459
-59,0.52606,-0.525177,0.0184953,-0.0242088
-58,0.52472,-0.523922,0.0180993,-0.022557
-57,0.523681,-0.522969,0.0176173,-0.0208513
-56,0.522884,-0.522246,0.0171489,-0.019306
-55,0.522327,-0.521753,0.0166945,-0.0179201
-54,0.522005,-0.521485,0.0162544,-0.0166925
-53,0.523506,-0.523047,0.015938,-0.0150662
-52,0.525858,-0.525452,0.0157653,-0.0133488
-51,0.52845,-0.528085,0.0157077,-0.0117493
-50,0.531277,-0.530944,0.0157644,-0.0102687
-49,0.534337,-0.534025,0.0159347,-0.00890844
-48,0.538824,-0.5385,0.0165409,-0.0086862
-47,0.544323,-0.543967,0.0174248,-0.00916236
-46,0.550057,-0.549666,0.0183652,-0.00966006
-45,0.556026,-0.555596,0.0193612,-0.0101835
-44,0.562229,-0.561756,0.0204122,-0.0107368
-43,0.569942,-0.569398,0.022064,-0.0115416
-42,0.579216,-0.57856,0.0245373,-0.012524
-41,0.634829,-0.6347,0.0126889,-0.00156504
-40,0.650293,-0.650133,0.0143607,-0.00130253
-39,0.663798,-0.663538,0.0181152,-0.00410816
-38,0.675953,-0.67549,0.0232553,-0.00919112
-37,0.688332,-0.687549,0.0292172,-0.0149353
-36,0.704339,-0.702938,0.0392855,-0.0206765
-35,0.720647,-0.718393,0.0500747,-0.0271398
-34,0.736048,-0.73294,0.060356,-0.0303697
-33,0.750637,-0.746719,0.0701731,-0.0306996
-32,0.765462,-0.760563,0.0805329,-0.0314711
-31,0.766209,-0.761364,0.0845339,-0.0159699
-30,0.75673,-0.751738,0.0867252,0.00308008
-29,0.739105,-0.733796,0.0828117,0.0310101
-28,0.713743,-0.706687,0.0712809,0.0702938
-27,0.690879,-0.679502,0.0591553,0.109964
-26,0.667801,-0.647721,0.0425224,0.156867
-25,0.649705,-0.616238,0.0251145,0.204296
-24,0.637111,-0.587913,0.00688931,0.245402
-23,0.628126,-0.565752,-0.0132155,0.272565
-22,0.622599,-0.545204,-0.0336563,0.298747
-21,0.618102,-0.533437,-0.0566763,0.307056
-20,0.61488,-0.525355,-0.0808065,0.309112
-19,0.612563,-0.518579,-0.104771,0.30876
-18,0.60837,-0.513715,-0.127346,0.29999
-17,0.607093,-0.510245,-0.151095,0.292203
-16,0.607022,-0.505178,-0.178898,0.285072
-15,0.610746,-0.500589,-0.210345,0.2796
-14,0.618955,-0.496888,-0.244822,0.276169
-13,0.623004,-0.475155,-0.294167,0.275368
-12,0.635673,-0.455121,-0.346454,0.277335
-11,0.670867,-0.453732,-0.421665,0.257659
-10,0.729195,-0.468445,-0.515322,0.216165
-9,0.781003,-0.46797,-0.599141,0.178883
-8,0.750084,-0.304101,-0.637895,0.251473
-7,0.764897,-0.125072,-0.67514,0.337061
-6,0.913989,0.161219,-0.754429,0.490123
-5,1.28604,0.58374,-0.891137,0.720435
-4,1.69181,0.980298,-1.01937,0.928502
-3,2.25369,0.902141,-1.1859,-1.69083
-2,5.19552,0.743764,-1.37779,-4.95398
-1,7.60939,0.366336,-1.4696,-7.45714
0,7.85215,-0.603107,-1.25967,-7.72695
1,8.18236,-1.57733,-1.04436,-7.96068
2,5.92284,-1.86685,-0.60556,-5.58822
3,2.85385,-1.86682,-0.0738785,-2.1573
4,1.96817,-1.80292,0.354914,0.705135
5,1.6026,-1.55609,0.214141,0.317859
6,1.35613,-1.35343,0.0681351,-0.0514919
7,1.21894,-1.20385,0.0104002,-0.190943
8,1.0694,-1.05094,0.0148848,-0.197311
9,0.909358,-0.884027,0.0210249,-0.212097
10,0.896631,-0.879643,0.0071986,-0.173562
11,0.887985,-0.877586,-0.00868674,-0.13522
12,0.874869,-0.865811,-0.0176642,-0.124317
13,0.853099,-0.841483,-0.018258,-0.139104
14,0.832042,-0.817565,-0.0191454,-0.153343
15,0.82966,-0.815935,-0.0255824,-0.148094
16,0.829107,-0.816362,-0.0322623,-0.141175
17,0.824006,-0.811479,-0.0385932,-0.137836
18,0.810536,-0.796989,-0.0443764,-0.140736
19,0.796998,-0.782394,-0.049885,-0.143445
20,0.781906,-0.767546,-0.0510282,-0.140166
21,0.766887,-0.752948,-0.0492265,-0.136976
22,0.758702,-0.744524,-0.0509171,-0.136822
23,0.750324,-0.73589,-0.052607,-0.136692
24,0.747778,-0.733451,-0.053767,-0.135392
25,0.745511,-0.73131,-0.0548924,-0.13401
26,0.743385,-0.729322,-0.0559957,-0.132571
27,0.741399,-0.727484,-0.0570769,-0.131077
28,0.739554,-0.725798,-0.0581358,-0.129527
29,0.736413,-0.722649,-0.0587957,-0.128941
30,0.73307,-0.719261,-0.059444,-0.128538
31,0.729751,-0.715887,-0.0601474,-0.128159
32,0.726455,-0.712526,-0.0609057,-0.127805
33,0.723184,-0.70918,-0.061719,-0.127474
34,0.723923,-0.70984,-0.0614374,-0.128131
35,0.726116,-0.711921,-0.0608218,-0.129278
36,0.728402,-0.714059,-0.0602681,-0.130604
37,0.730782,-0.716251,-0.0597763,-0.132109
38,0.733255,-0.718499,-0.0593464,-0.133793
39,0.736599,-0.722097,-0.0590717,-0.132906
40,0.740577,-0.726622,-0.0589534,-0.130384
41,0.74475,-0.731329,-0.0589454,-0.127815
42,0.749119,-0.736219,-0.0590478,-0.125198
43,0.753684,-0.741291,-0.0592605,-0.122535
44,0.757078,-0.745289,-0.0588999,-0.119338
45,0.759297,-0.748191,-0.0578885,-0.11572
46,0.761625,-0.751172,-0.0568429,-0.112172
47,0.764062,-0.754232,-0.0557633,-0.108696
48,0.766605,-0.757371,-0.0546496,-0.10529
49,0.769244,-0.760541,-0.0545206,-0.101693
50,0.771923,-0.763654,-0.0560054,-0.0977844
51,0.774636,-0.766755,-0.0575868,-0.0939713
52,0.777379,-0.769844,-0.0592647,-0.0902538
53,0.780152,-0.772921,-0.061039,-0.0866319
54,0.782166,-0.775488,-0.0609772,-0.081754
55,0.782155,-0.776703,-0.0558191,-0.0733689
56,0.78215,-0.777819,-0.0504371,-0.0649006
57,0.782157,-0.778836,-0.0448312,-0.0563493
58,0.782185,-0.779753,-0.0390013,-0.047715
59,0.78125,-0.779562,-0.0334394,-0.0389466
60,0.775166,-0.774002,-0.0302295,-0.0298198
61,0.768944,-0.768198,-0.0268823,-0.0205865
62,0.762591,-0.762149,-0.0233979,-0.0112468
63,0.756669,-0.756399,-0.0201855,-0.00121502
64,0.751574,-0.751315,-0.0173301,0.0093683
65,0.746742,-0.74641,-0.0148885,0.0165465
66,0.741471,-0.740995,-0.0120805,0.0236287
67,0.735762,-0.735071,-0.00890608,0.030615
68,0.729622,-0.728638,-0.0053653,0.0375053
69,0.723055,-0.721695,-0.00145813,0.0442998
70,0.717896,-0.716086,0.000311374,0.0509503
71,0.712692,-0.710363,0.00203673,0.0575351
72,0.707315,-0.704397,0.00389698,0.0640589
73,0.701767,-0.69819,0.00589214,0.0705218
74,0.69605,-0.69174,0.00802219,0.0769238
75,0.689676,-0.685027,0.0100469,0.0793156
76,0.683056,-0.678166,0.0120406,0.0806909
77,0.676303,-0.671174,0.0140467,0.0819453
78,0.669419,-0.664049,0.0160654,0.0830788
79,0.662401,-0.656793,0.0180965,0.0840913
80,0.657416,-0.651674,0.0189901,0.0845937
81,0.653298,-0.647473,0.0193957,0.0848565
82,0.649123,-0.643222,0.0198105,0.0850569
83,0.644891,-0.638919,0.0202344,0.0851951
84,0.640601,-0.634564,0.0206673,0.0852709
85,0.636616,-0.630615,0.0209068,0.0846658
86,0.632853,-0.626962,0.0209917,0.0835491
87,0.629056,-0.623285,0.021063,0.0823642
88,0.625226,-0.619583,0.0211207,0.0811113
89,0.621364,-0.615856,0.0211648,0.0797902
90,0.618136,-0.612781,0.0209643,0.07843
91,0.615655,-0.61047,0.0204839,0.0770548
92,0.61316,-0.608148,0.0199886,0.0756385
93,0.610651,-0.605816,0.0194784,0.0741812
94,0.608128,-0.603472,0.0189534,0.0726829
95,0.605836,-0.601367,0.0184757,0.0710893
96,0.603993,-0.599725,0.018102,0.0693589
97,0.602152,-0.598084,0.0177178,0.0675953
98,0.600313,-0.596445,0.017323,0.0657984
99,0.598476,-0.594807,0.0169177,0.0639683
