R,v,vx,vy,vz
-100,0.560134,-0.560043,-0.00781596,-0.00646686
-99,0.559223,-0.559149,-0.00599051,-0.00686029
-98,0.557825,-0.557765,-0.003556,-0.00730203
-97,0.556426,-0.556371,-0.00109552,-0.00775441
-96,0.555028,-0.554965,0.00139085,-0.00821771
-95,0.55363,-0.553548,0.00390304,-0.0086922
-94,0.553298,-0.553197,0.00511466,-0.00926041
-93,0.553533,-0.553417,0.00561723,-0.00986241
-92,0.553775,-0.553642,0.00610395,-0.0104502
-91,0.554021,-0.553873,0.00657481,-0.0110238
-90,0.554274,-0.554108,0.00702981,-0.0115828
-89,0.55414,-0.553951,0.00790656,-0.0121291
-88,0.553655,-0.553434,0.00916626,-0.0126733
-87,0.553146,-0.552889,0.0104399,-0.0132174
-86,0.552614,-0.552318,0.0117276,-0.0137614
-85,0.552059,-0.551719,0.0130291,-0.0143055
-84,0.551798,-0.551426,0.0137382,-0.0148727
-83,0.551954,-0.551569,0.0136153,-0.0154638
-82,0.552093,-0.551695,0.0134874,-0.0160439
-81,0.552215,-0.551803,0.0133544,-0.016613
-80,0.552319,-0.551894,0.0132163,-0.017171
-79,0.552212,-0.551766,0.0133041,-0.0177528
-78,0.551634,-0.551151,0.0139126,-0.0184017
-77,0.551021,-0.550501,0.0145156,-0.0190378
-76,0.550373,-0.549814,0.0151132,-0.0196609
-75,0.54969,-0.549091,0.0157054,-0.020271
-74,0.549014,-0.548378,0.0161418,-0.0208959
-73,0.548481,-0.547824,0.0159266,-0.0216227
-72,0.547904,-0.547223,0.0157066,-0.0223292
-71,0.54728,-0.546576,0.0154817,-0.0230151
-70,0.546609,-0.545883,0.015252,-0.0236805
-69,0.545832,-0.545082,0.0150669,-0.0243339
-68,0.544237,-0.543438,0.0155189,-0.0250789
-67,0.542569,-0.541719,0.0159802,-0.0258078
-66,0.540827,-0.539926,0.0164508,-0.0265205
-65,0.539012,-0.538058,0.0169305,-0.0272171
-64,0.537122,-0.536114,0.0174195,-0.0278975
-63,0.534858,-0.533843,0.0176082,-0.027826
-62,0.532832,-0.531815,0.0178281,-0.027657
-61,0.531153,-0.530133,0.0180863,-0.0274874
-60,0.529501,-0.528476,0.0183483,-0.0273528
-59,0.527876,-0.526843,0.0186143,-0.0272525
-58,0.525925,-0.524975,0.0185424,-0.0256013
-57,0.52396,-0.523096,0.0183955,-0.0238039
-56,0.522047,-0.521257,0.0182391,-0.0221733
-55,0.520184,-0.519457,0.018074,-0.0207084
-54,0.518367,-0.517694,0.017901,-0.0194077
-53,0.519266,-0.51865,0.0173977,-0.0183645
-52,0.521529,-0.520965,0.0168127,-0.01749
-51,0.524174,-0.523654,0.0162775,-0.0167434
-50,0.527197,-0.526714,0.0157912,-0.0161253
-49,0.530594,-0.530141,0.0153533,-0.0156361
-48,0.534646,-0.534205,0.0158767,-0.0148228
-47,0.539107,-0.53866,0.0170739,-0.0138208
-46,0.543757,-0.543293,0.0183595,-0.0129213
-45,0.548594,-0.548104,0.0197334,-0.0121276
-44,0.553617,-0.553092,0.0211955,-0.0114432
-43,0.560574,-0.560001,0.022528,-0.0116132
-42,0.569622,-0.568985,0.0238459,-0.0125212
-41,0.621083,-0.620949,0.0124497,-0.00330015
-40,0.639212,-0.639099,0.0120068,-0.000956574
-39,0.654052,-0.653922,0.0128711,-0.00204367
-38,0.666722,-0.666541,0.0145441,-0.0054599
-37,0.679651,-0.679377,0.0168075,-0.0094866
-36,0.695699,-0.695121,0.0235028,-0.0158477
-35,0.712079,-0.711048,0.0307499,-0.0228482
-34,0.727944,-0.726308,0.0389805,-0.0293038
-33,0.743337,-0.74092,0.0482144,-0.0355349
-32,0.759003,-0.755578,0.0580831,-0.0425918
-31,0.768178,-0.764723,0.0640821,-0.0344916
-30,0.767452,-0.763972,0.0691859,-0.023308
-29,0.758953,-0.755866,0.0683081,-0.0032607
-28,0.742353,-0.739387,0.059903,0.0284083
-27,0.725812,-0.721483,0.0506237,0.0608473
-26,0.700432,-0.691712,0.0349556,0.104491
-25,0.677687,-0.660666,0.0179304,0.149862
-24,0.658923,-0.62994,0.000373887,0.193275
-23,0.643474,-0.600085,-0.0178015,0.231603
-22,0.633212,-0.572061,-0.0363519,0.269039
-21,0.628453,-0.55454,-0.0580333,0.289949
-20,0.626573,-0.541505,-0.0810069,0.304636
-19,0.626342,-0.531246,-0.105063,0.314712
-18,0.625872,-0.52819,-0.133116,0.30824
-17,0.628434,-0.526614,-0.162267,0.302121
-16,0.636138,-0.527067,-0.197279,0.296569
-15,0.650666,-0.53059,-0.2373,0.292454
-14,0.670237,-0.535399,-0.279935,0.290177
-13,0.681863,-0.520099,-0.327863,0.294855
-12,0.701681,-0.506851,-0.378748,0.303328
-11,0.743623,-0.508647,-0.452149,0.299691
-10,0.80459,-0.521535,-0.542913,0.283922
-9,0.855557,-0.518891,-0.623424,0.27216
-8,0.834533,-0.343082,-0.671552,0.357432
-7,0.8654,-0.151522,-0.719509,0.456361
-6,1.01959,0.148827,-0.805363,0.6073
-5,1.37704,0.589617,-0.941701,0.8135
-4,1.77863,1.00723,-1.07006,1.002
-3,2.11255,1.01751,-1.17369,-1.43179
-2,4.78635,0.968074,-1.29229,-4.50577
-1,7.18043,0.693678,-1.35318,-7.01757
0,7.78011,-0.212224,-1.21363,-7.68194
1,8.39459,-1.129,-1.06352,-8.25005
2,6.05342,-1.53765,-0.635613,-5.82027
3,2.81797,-1.72415,-0.0983687,-2.22679
4,1.98138,-1.80734,0.328976,0.742405
5,1.55875,-1.50672,0.172231,0.360339
6,1.25853,-1.25836,0.0157261,0.0128631
7,1.13278,-1.12426,-0.0325173,-0.134848
8,1.03332,-1.01696,-0.0108812,-0.182833
9,0.918483,-0.885517,0.0083619,-0.243723
10,0.885124,-0.864128,-0.00290642,-0.191621
11,0.862438,-0.851043,-0.016401,-0.138764
12,0.846039,-0.83701,-0.0236609,-0.120981
13,0.829353,-0.817617,-0.0234099,-0.137048
14,0.8134,-0.7986,-0.0236359,-0.152637
15,0.828712,-0.81594,-0.0314008,-0.141489
16,0.84699,-0.836155,-0.0394654,-0.129149
17,0.856565,-0.846486,-0.0465002,-0.122489
18,0.850606,-0.839908,-0.0521308,-0.123969
19,0.844625,-0.833329,-0.0577366,-0.124982
20,0.813285,-0.801121,-0.0575876,-0.127755
21,0.763999,-0.750452,-0.0531343,-0.133012
22,0.745466,-0.73156,-0.0536451,-0.132896
23,0.727257,-0.713015,-0.0542277,-0.132558
24,0.732107,-0.717925,-0.0553416,-0.132293
25,0.73734,-0.723209,-0.0564135,-0.132122
26,0.742411,-0.728313,-0.0574309,-0.132042
27,0.74732,-0.733239,-0.0583938,-0.132052
28,0.752065,-0.737985,-0.0593023,-0.132152
29,0.748288,-0.734102,-0.0606207,-0.131739
30,0.74325,-0.728967,-0.0620245,-0.131071
31,0.738322,-0.723972,-0.0634432,-0.130228
32,0.733506,-0.719115,-0.064877,-0.129209
33,0.728802,-0.714398,-0.0663258,-0.128015
34,0.728588,-0.714093,-0.0667178,-0.128298
35,0.729926,-0.715266,-0.0668022,-0.129322
36,0.731302,-0.71643,-0.0669539,-0.130568
37,0.732718,-0.717586,-0.0671728,-0.132038
38,0.734174,-0.718733,-0.0674589,-0.133731
39,0.736932,-0.721498,-0.0667982,-0.13434
40,0.740563,-0.725325,-0.0656385,-0.134272
41,0.744341,-0.729275,-0.0645883,-0.134275
42,0.748265,-0.733348,-0.0636476,-0.134348
43,0.752333,-0.737544,-0.0628163,-0.134491
44,0.756969,-0.74262,-0.0623667,-0.132771
45,0.762204,-0.748589,-0.0622422,-0.129207
46,0.767651,-0.754746,-0.0621688,-0.12562
47,0.77331,-0.761091,-0.0621463,-0.122011
48,0.779183,-0.767624,-0.062175,-0.11838
49,0.783798,-0.773047,-0.0618902,-0.113609
50,0.786285,-0.776556,-0.0610215,-0.107148
51,0.78885,-0.780082,-0.0600918,-0.100724
52,0.791493,-0.783625,-0.059101,-0.0943367
53,0.794211,-0.787185,-0.0580493,-0.0879862
54,0.79584,-0.789712,-0.0563638,-0.0808698
55,0.794459,-0.789442,-0.0531096,-0.0715967
56,0.793034,-0.789027,-0.0497485,-0.0621691
57,0.791572,-0.788466,-0.0462805,-0.052587
58,0.790081,-0.787761,-0.0427056,-0.0428504
59,0.787793,-0.786133,-0.0390092,-0.0330514
60,0.781451,-0.780306,-0.0350926,-0.0236064
61,0.77498,-0.774231,-0.0310041,-0.014068
62,0.768389,-0.76791,-0.0267438,-0.00443638
63,0.762183,-0.761823,-0.0226829,0.00588192
64,0.756708,-0.756283,-0.0190133,0.0167779
65,0.750738,-0.750198,-0.0159436,0.0235955
66,0.744305,-0.743584,-0.012512,0.0302627
67,0.737412,-0.736442,-0.00871871,0.0367795
68,0.730062,-0.728772,-0.00456359,0.0431459
69,0.722262,-0.720573,-4.6669e-05,0.0493619
70,0.717029,-0.714863,0.00149917,0.0556723
71,0.711864,-0.709159,0.00293556,0.0619347
72,0.706554,-0.703247,0.00450351,0.0681338
73,0.701099,-0.697127,0.00620302,0.0742696
74,0.695502,-0.6908,0.0080341,0.0803421
75,0.689026,-0.683981,0.0100761,0.0826112
76,0.682252,-0.676963,0.012175,0.0839104
77,0.675351,-0.669817,0.0143034,0.0850879
78,0.668322,-0.662543,0.0164611,0.0861435
79,0.661165,-0.655141,0.0186482,0.0870772
80,0.656083,-0.649941,0.0196357,0.0873864
81,0.651887,-0.645689,0.0201046,0.0873995
82,0.647634,-0.641388,0.0205839,0.0873417
83,0.643324,-0.637037,0.0210737,0.087213
84,0.638957,-0.632637,0.0215738,0.0870135
85,0.634975,-0.628712,0.0217921,0.0862524
86,0.631276,-0.625138,0.0217894,0.0850699
87,0.627547,-0.621543,0.0217706,0.0838197
88,0.623788,-0.617926,0.0217356,0.0825017
89,0.619999,-0.614288,0.0216843,0.081116
90,0.616803,-0.61126,0.021408,0.0796755
91,0.614301,-0.608946,0.020875,0.0782003
92,0.611786,-0.606621,0.0203246,0.0766823
93,0.609258,-0.604286,0.0197569,0.0751214
94,0.606716,-0.60194,0.0191718,0.0735177
95,0.604426,-0.599852,0.0186383,0.071838
96,0.602626,-0.598262,0.0182191,0.0700602
97,0.600828,-0.596674,0.0177877,0.068249
98,0.599033,-0.595088,0.0173439,0.0664044
99,0.597241,-0.593504,0.0168878,0.0645263
