R,v,vx,vy,vz
-50,0.0388489,0.0369507,-0.00390933,-0.0113402
-49,0.0404075,0.0383123,-0.00402482,-0.0121955
-48,0.0416484,0.0392077,-0.00417277,-0.0134141
-47,0.0429077,0.0401075,-0.00431202,-0.0146242
-46,0.0441833,0.0410119,-0.00444256,-0.0158258
-45,0.0454733,0.0419207,-0.0045644,-0.017019
-44,0.0464997,0.04263,-0.00474337,-0.0179558
-43,0.0474863,0.0433242,-0.00494452,-0.0188019
-42,0.0484701,0.0440336,-0.00515978,-0.0195899
-41,0.0494493,0.0447582,-0.00538916,-0.0203198
-40,0.0504225,0.0454979,-0.00563264,-0.0209916
-39,0.0513887,0.0462527,-0.00589024,-0.0216053
-38,0.0549508,0.0498345,-0.00651508,-0.0222186
-37,0.0605065,0.0555428,-0.00739605,-0.0228327
-36,0.0660791,0.0612397,-0.00825827,-0.0234081
-35,0.0716602,0.0669252,-0.00910175,-0.0239448
-34,0.0772441,0.0725993,-0.00992649,-0.0244428
-33,0.0828266,0.078262,-0.0107325,-0.0249021
-32,0.0884046,0.0839133,-0.0115197,-0.0253227
-31,0.093976,0.0895531,-0.0122883,-0.0257046
-30,0.099539,0.0951815,-0.013038,-0.0260478
-29,0.105092,0.100799,-0.0137691,-0.0263523
-28,0.110635,0.106404,-0.0144814,-0.0266181
-27,0.117405,0.112984,-0.0162837,-0.02745
-26,0.125168,0.120358,-0.0189949,-0.0286415
-25,0.132901,0.127715,-0.0217094,-0.0296672
-24,0.140601,0.135056,-0.0244273,-0.030527
-23,0.14827,0.14238,-0.0271485,-0.0312211
-22,0.167747,0.160761,-0.0244637,-0.0411893
-21,0.179924,0.172421,-0.0252377,-0.0447971
-20,0.192237,0.184278,-0.0260055,-0.0481689
-19,0.207399,0.199507,-0.0287606,-0.0488307
-18,0.229632,0.222566,-0.0366232,-0.043054
-17,0.252043,0.245274,-0.0446315,-0.0370782
-16,0.27453,0.267629,-0.0527853,-0.0309032
-15,0.297018,0.289632,-0.0610846,-0.0245292
-14,0.319458,0.311283,-0.0695296,-0.0179561
-13,0.345285,0.336891,-0.0738727,-0.016405
-12,0.371643,0.363324,-0.0767312,-0.0150463
-11,0.376613,0.366205,-0.0809694,-0.0342813
-10,0.386829,0.375305,-0.0842258,-0.0410938
-9,0.501251,0.492226,-0.092575,-0.0198843
-8,0.67402,0.665805,-0.103986,0.0139194
-7,0.844275,0.835049,-0.115452,0.0465224
-6,0.982146,0.974915,-0.118337,-0.0121271
-5,1.11495,1.10229,-0.130233,0.10533
-4,1.80956,1.80329,-0.144466,-0.0425598
-3,2.45856,2.44616,-0.125502,0.212323
-2,3.50824,3.28002,-0.172109,1.23272
-1,8.75356,6.66361,-1.12749,5.56326
0,11.6962,8.49012,-1.634,7.87717
1,13.0174,9.30074,-1.8429,8.91924
2,9.1158,6.37641,-1.33551,6.37617
3,5.23769,3.61018,-0.600378,3.74693
4,2.33687,1.58469,-0.146689,1.7112
5,0.65179,0.436017,-0.0146672,0.484257
6,0.268636,-0.137701,-0.00952852,0.230462
7,0.298071,-0.0694026,-0.0647366,0.282558
8,0.355947,0.108883,-0.127163,0.314121
9,0.402311,0.240863,-0.207679,0.246391
10,0.41374,0.262907,-0.246641,0.203048
11,0.425656,0.303839,-0.238829,0.178398
12,0.443782,0.349494,-0.224667,0.155954
13,0.432986,0.350377,-0.211499,0.141355
14,0.402327,0.324741,-0.199108,0.129485
15,0.372772,0.301138,-0.186538,0.116096
16,0.323072,0.269583,-0.155964,0.0858855
17,0.271,0.242545,-0.109795,0.0505751
18,0.226451,0.206283,-0.0918438,0.0170914
19,0.187691,0.17179,-0.0741065,-0.0149804
20,0.169275,0.155926,-0.0611438,-0.0245461
21,0.157566,0.147177,-0.0503576,-0.0251063
22,0.146442,0.138617,-0.0399603,-0.0251738
23,0.134549,0.128728,-0.0302897,-0.0248039
24,0.121991,0.117669,-0.0211744,-0.0242341
25,0.109998,0.106603,-0.0127922,-0.0239086
26,0.0993877,0.0959346,-0.00641851,-0.0251651
27,0.089746,0.0857476,-0.000215498,-0.0264887
28,0.0812006,0.0760423,0.00581686,-0.0278794
29,0.0739042,0.0668189,0.0116786,-0.0293372
30,0.0680231,0.0580773,0.0173696,-0.0308621
31,0.064175,0.0507071,0.0186103,-0.0346538
32,0.0611319,0.0435499,0.0178966,-0.0389901
33,0.0585653,0.0360995,0.0171132,-0.0428236
34,0.0535006,0.0224661,0.0119873,-0.047052
35,0.0554808,0.0210265,0.0141772,-0.0493458
36,0.0574099,0.0194404,0.01632,-0.051494
37,0.0592839,0.0177077,0.0184156,-0.0534966
38,0.0611011,0.0158285,0.020464,-0.0553536
39,0.0621723,0.0148734,0.0214595,-0.056424
40,0.0623204,0.0152416,0.0211008,-0.056624
41,0.0624708,0.0155441,0.020722,-0.0568469
42,0.0626231,0.015781,0.020323,-0.0570928
43,0.0627773,0.0159522,0.0199039,-0.0573616
44,0.0629335,0.0160577,0.0194647,-0.0576533
45,0.063069,0.0160639,0.0189953,-0.0579554
46,0.0630401,0.015825,0.018457,-0.0581632
47,0.0630012,0.0156151,0.0179353,-0.0583408
48,0.0629516,0.0154343,0.01743,-0.0584883
49,0.0628902,0.0152825,0.0169412,-0.0586056
50,0.0618885,0.0150602,0.016421,-0.0577384
51,0.0595828,0.0147247,0.0158417,-0.0555188
52,0.0573143,0.0144181,0.0152691,-0.0533283
53,0.0550834,0.0141405,0.0147029,-0.0511669
54,0.0528906,0.0138918,0.0141434,-0.0490347
55,0.0507365,0.013672,0.0135905,-0.0469315
56,0.0486219,0.0134812,0.0130441,-0.0448575
57,0.0465476,0.0133193,0.0125044,-0.0428126
58,0.0445148,0.0131864,0.0119712,-0.0407968
59,0.0425247,0.0130824,0.0114446,-0.0388101
60,0.0405788,0.0130073,0.0109246,-0.0368525
61,0.0390127,0.0129538,0.0105064,-0.0352676
62,0.0379869,0.0128991,0.0102406,-0.0342308
63,0.0369735,0.0128467,0.00997855,-0.0332029
64,0.0359729,0.0127966,0.00972029,-0.032184
65,0.0349851,0.0127487,0.00946582,-0.0311741
66,0.0340104,0.0127031,0.00921513,-0.0301732
67,0.0330491,0.0126598,0.00896822,-0.0291812
68,0.0321014,0.0126187,0.0087251,-0.0281983
69,0.0311676,0.0125799,0.00848576,-0.0272243
70,0.0302481,0.0125434,0.0082502,-0.0262592
71,0.0293432,0.0125091,0.00801843,-0.0253032
72,0.0283875,0.0124107,0.00773479,-0.024331
73,0.0273396,0.012209,0.00736165,-0.0233281
74,0.0263121,0.0120186,0.00699307,-0.0223378
75,0.0253055,0.0118395,0.00662904,-0.0213601
76,0.0243206,0.0116716,0.00626957,-0.020395
77,0.023358,0.0115151,0.00591465,-0.0194426
78,0.0224185,0.0113699,0.00556429,-0.0185028
79,0.0215031,0.0112359,0.00521848,-0.0175757
80,0.0206128,0.0111133,0.00487722,-0.0166612
81,0.0197488,0.011002,0.00454052,-0.0157593
82,0.0189124,0.0109019,0.00420838,-0.0148701
83,0.0182106,0.0107404,0.00397503,-0.0141587
84,0.0177139,0.010451,0.00391702,-0.0137556
85,0.0172203,0.0101646,0.00386035,-0.0133535
86,0.0167297,0.00988127,0.00380502,-0.0129524
87,0.0162423,0.00960096,0.00375103,-0.0125524
88,0.015758,0.0093237,0.00369837,-0.0121534
89,0.015277,0.00904946,0.00364705,-0.0117555
90,0.0147991,0.00877826,0.00359707,-0.0113586
91,0.0143246,0.0085101,0.00354842,-0.0109627
92,0.0138535,0.00824497,0.00350112,-0.0105679
93,0.0133857,0.00798287,0.00345515,-0.0101742
94,0.0129446,0.00774525,0.0033836,-0.00980432
95,0.0125551,0.00755512,0.00325949,-0.00948299
96,0.0121721,0.00737033,0.00313677,-0.00916512
97,0.0117956,0.00719086,0.00301542,-0.00885072
98,0.0114257,0.00701671,0.00289545,-0.00853978
99,0.0110624,0.0068479,0.00277687,-0.00823231
100,0.0107058,0.00668441,0.00265966,-0.00792831
101,0.010356,0.00652625,0.00254383,-0.00762777
102,0.0100131,0.00637342,0.00242937,-0.00733069
103,0.00967718,0.00622591,0.0023163,-0.00703708
104,0.00934844,0.00608373,0.00220461,-0.00674694
105,0.00905024,0.00594166,0.00209981,-0.00649572
106,0.00880631,0.00579046,0.00200809,-0.0063237
107,0.00856359,0.00564002,0.00191715,-0.00615222
108,0.0083221,0.00549034,0.00182697,-0.00598127
109,0.00808183,0.00534142,0.00173757,-0.00581086
110,0.00784281,0.00519325,0.00164894,-0.00564099
111,0.00760503,0.00504585,0.00156108,-0.00547165
112,0.00736851,0.0048992,0.001474,-0.00530284
113,0.00713326,0.0047533,0.00138769,-0.00513457
114,0.0068993,0.00460817,0.00130215,-0.00496684
115,0.00666663,0.00446379,0.00121739,-0.00479964
116,0.00646233,0.00434042,0.00114426,-0.004649
117,0.00632518,0.00426755,0.00109774,-0.00453772
118,0.00619061,0.00419707,0.00105156,-0.00442747
119,0.00605865,0.00412898,0.00100572,-0.00431825
120,0.00592933,0.00406328,0.000960231,-0.00421006
121,0.00580268,0.00399998,0.000915081,-0.00410291
122,0.00567872,0.00393907,0.000870273,-0.00399678
123,0.0055575,0.00388055,0.000825809,-0.00389168
124,0.00543905,0.00382442,0.000781687,-0.00378761
125,0.00532341,0.00377069,0.000737908,-0.00368458
126,0.00521063,0.00371935,0.000694471,-0.00358257
127,0.00509949,0.00366407,0.000662154,-0.00348438
128,0.00498609,0.00359293,0.000658578,-0.00339386
129,0.00487275,0.00352184,0.000655137,-0.00330319
130,0.00475946,0.00345082,0.000651832,-0.00321238
131,0.00464624,0.00337986,0.000648663,-0.00312143
132,0.00453309,0.00330896,0.000645629,-0.00303032
133,0.00442003,0.00323811,0.000642731,-0.00293908
134,0.00430707,0.00316733,0.000639968,-0.00284768
135,0.00419641,0.00309927,0.000637365,-0.00275647
136,0.00409014,0.00303627,0.000634534,-0.00266603
137,0.00398503,0.00297423,0.000631254,-0.00257602
138,0.00388856,0.00291508,0.000625017,-0.0024965
139,0.0038144,0.00286187,0.000611299,-0.00244657
140,0.00374015,0.00280856,0.000597621,-0.00239658
141,0.00366581,0.00275516,0.000583985,-0.00234654
142,0.00359137,0.00270167,0.000570391,-0.00229643
143,0.00351683,0.00264808,0.000556837,-0.00224627
144,0.0034422,0.00259441,0.000543325,-0.00219605
145,0.00336748,0.00254064,0.000529854,-0.00214577
146,0.00329266,0.00248679,0.000516424,-0.00209543
147,0.00321775,0.00243284,0.000503036,-0.00204503
148,0.00314274,0.0023788,0.000489689,-0.00199458
149,0.00307172,0.00232814,0.000474539,-0.00194679
