x=200	y=95	z=200	n=65	len=1
b
0.716069	0.716069	0.716069	0.716069	0.716069	0.716069	0.716069	0.716069	0.716069	0.716069	0.716069	0.716069	0.716069	0.716069	0.716069	0.716069	0.716069	0.716069	0.716069	0.716069	0.716069	0.716069	0.716069	0.716069	0.716069	0.716069	0.716069	0.716069	0.716069	0.716069	0.716069	0.716069	0.716069	0.716069	0.716069	0.716069	0.716069	0.716069	0.716069	0.716069	0.716069	0.716069	0.716069	0.716069	0.716069	0.716069	0.716069	0.716069	0.716069	0.716069	0.716069	0.716069	0.716069	0.716069	0.716069	0.716069	0.716069	0.716069	0.716069	0.716069	0.716069	0.716069	0.716069	0.716069	0.716069	
0.716114	0.716096	0.71611	0.716123	0.716114	0.716105	0.716117	0.716129	0.716127	0.716125	0.716138	0.716151	0.71616	0.71617	0.716193	0.716217	0.716233	0.71625	0.716297	0.716345	0.716347	0.716348	0.716442	0.716535	0.71649	0.716445	0.716623	0.716801	0.716561	0.716321	0.71597	0.715618	0.715584	0.715549	0.715564	0.715579	0.715529	0.715479	0.715551	0.715624	0.715671	0.715717	0.715774	0.715831	0.715865	0.7159	0.715935	0.715971	0.715982	0.715993	0.716018	0.716042	0.716043	0.716044	0.716067	0.71609	0.716082	0.716074	0.716094	0.716114	0.716105	0.716097	0.716114	0.716131	0.716114	
0.71611	0.716088	0.716106	0.716123	0.716109	0.716094	0.716111	0.716129	0.71612	0.716112	0.716131	0.71615	0.716152	0.716154	0.716185	0.716215	0.716223	0.716231	0.716288	0.716345	0.71634	0.716335	0.716441	0.716546	0.716498	0.71645	0.716659	0.716869	0.716613	0.716357	0.715875	0.715392	0.715357	0.715322	0.715487	0.715652	0.71553	0.715409	0.715478	0.715546	0.715618	0.71569	0.715737	0.715784	0.715834	0.715885	0.71592	0.715954	0.715972	0.71599	0.716017	0.716044	0.716044	0.716044	0.716069	0.716094	0.716083	0.716072	0.716095	0.716118	0.716105	0.716092	0.716112	0.716132	0.71611	
0.716106	0.716079	0.716102	0.716124	0.716103	0.716083	0.716106	0.716128	0.716114	0.716099	0.716124	0.716148	0.716144	0.716139	0.716176	0.716214	0.716213	0.716212	0.716279	0.716346	0.716334	0.716322	0.71644	0.716558	0.716507	0.716455	0.716696	0.716936	0.716664	0.716392	0.715779	0.715166	0.715131	0.715096	0.71541	0.715724	0.715532	0.715339	0.715404	0.715469	0.715566	0.715663	0.715699	0.715736	0.715803	0.71587	0.715904	0.715937	0.715963	0.715988	0.716017	0.716045	0.716045	0.716044	0.716071	0.716098	0.716085	0.716071	0.716096	0.716122	0.716105	0.716088	0.716111	0.716133	0.716106	
0.716074	0.716037	0.716067	0.716096	0.716069	0.716041	0.71607	0.716099	0.716078	0.716056	0.716087	0.716118	0.716107	0.716097	0.716142	0.716186	0.716183	0.71618	0.716262	0.716344	0.716333	0.716322	0.71647	0.716617	0.716586	0.716554	0.716868	0.717183	0.71683	0.716476	0.71564	0.714805	0.714763	0.71472	0.715227	0.715734	0.715515	0.715296	0.715356	0.715415	0.715518	0.715622	0.715654	0.715687	0.715757	0.715826	0.715862	0.715897	0.715923	0.715948	0.71598	0.716012	0.71601	0.716007	0.71604	0.716073	0.716054	0.716035	0.716067	0.716098	0.716074	0.71605	0.71608	0.71611	0.716074	
0.716041	0.715995	0.716032	0.716068	0.716034	0.715999	0.716035	0.71607	0.716042	0.716014	0.71605	0.716087	0.716071	0.716056	0.716107	0.716159	0.716153	0.716147	0.716245	0.716342	0.716332	0.716321	0.716499	0.716676	0.716664	0.716653	0.717041	0.717429	0.716995	0.71656	0.715502	0.714443	0.714394	0.714344	0.715044	0.715744	0.715498	0.715252	0.715307	0.715362	0.715471	0.71558	0.715609	0.715638	0.71571	0.715782	0.71582	0.715857	0.715883	0.715908	0.715944	0.715979	0.715975	0.71597	0.716009	0.716047	0.716023	0.715999	0.716037	0.716074	0.716043	0.716013	0.716049	0.716086	0.716041	
0.716008	0.715957	0.715997	0.716038	0.716	0.715962	0.716001	0.716039	0.716008	0.715977	0.716016	0.716056	0.716037	0.716018	0.716073	0.716127	0.71612	0.716114	0.716217	0.71632	0.716319	0.716318	0.716531	0.716744	0.716785	0.716825	0.717284	0.717743	0.717225	0.716706	0.715392	0.714078	0.713974	0.713869	0.714837	0.715805	0.715543	0.715281	0.71532	0.715359	0.715459	0.71556	0.715584	0.715609	0.715681	0.715752	0.715791	0.715829	0.715853	0.715878	0.715916	0.715955	0.715947	0.71594	0.715981	0.716023	0.715995	0.715968	0.716007	0.716047	0.716013	0.715978	0.716018	0.716058	0.716008	
0.715975	0.715919	0.715963	0.716007	0.715966	0.715925	0.715967	0.716009	0.715974	0.715939	0.715982	0.716025	0.716003	0.715981	0.716038	0.716095	0.716088	0.71608	0.716189	0.716298	0.716306	0.716315	0.716564	0.716813	0.716905	0.716997	0.717527	0.718057	0.717455	0.716853	0.715283	0.713713	0.713554	0.713395	0.714631	0.715867	0.715588	0.715309	0.715333	0.715356	0.715448	0.715539	0.71556	0.71558	0.715651	0.715722	0.715761	0.7158	0.715824	0.715847	0.715889	0.715931	0.71592	0.715909	0.715954	0.715999	0.715967	0.715936	0.715978	0.71602	0.715982	0.715944	0.715987	0.71603	0.715975	
0.715945	0.715883	0.715931	0.715979	0.715934	0.71589	0.715935	0.71598	0.715941	0.715903	0.715949	0.715995	0.715969	0.715943	0.716004	0.716064	0.716055	0.716047	0.71616	0.716272	0.71629	0.716307	0.716577	0.716846	0.716975	0.717103	0.717739	0.718374	0.717806	0.717238	0.715386	0.713534	0.71327	0.713006	0.714523	0.716039	0.715764	0.715488	0.71545	0.715413	0.715474	0.715534	0.715553	0.715572	0.715633	0.715694	0.715734	0.715775	0.715795	0.715815	0.715861	0.715906	0.715893	0.715879	0.715927	0.715976	0.715942	0.715908	0.715952	0.715996	0.715955	0.715913	0.71596	0.716006	0.715945	
0.715915	0.715847	0.715899	0.715951	0.715903	0.715854	0.715903	0.715951	0.715909	0.715866	0.715916	0.715965	0.715936	0.715906	0.715969	0.716032	0.716023	0.716015	0.71613	0.716246	0.716273	0.716299	0.71659	0.71688	0.717045	0.71721	0.71795	0.71869	0.718157	0.717624	0.71549	0.713356	0.712987	0.712617	0.714414	0.716212	0.715939	0.715666	0.715568	0.71547	0.7155	0.71553	0.715547	0.715564	0.715614	0.715665	0.715707	0.715749	0.715766	0.715783	0.715833	0.715882	0.715866	0.71585	0.715901	0.715953	0.715916	0.715879	0.715925	0.715972	0.715927	0.715883	0.715932	0.715982	0.715915	
0.715892	0.715822	0.715875	0.715928	0.715878	0.715828	0.715877	0.715927	0.715882	0.715838	0.715888	0.715939	0.715908	0.715877	0.715939	0.716001	0.715993	0.715985	0.716098	0.71621	0.716245	0.716281	0.716566	0.716851	0.71703	0.717209	0.718039	0.718869	0.718491	0.718112	0.715831	0.71355	0.713005	0.71246	0.714547	0.716633	0.716403	0.716173	0.715901	0.715629	0.715584	0.715539	0.715556	0.715573	0.715605	0.715636	0.715684	0.715731	0.715743	0.715755	0.715809	0.715863	0.715845	0.715827	0.715881	0.715935	0.715896	0.715858	0.715906	0.715954	0.715907	0.715861	0.715911	0.715962	0.715892	
0.71587	0.715797	0.715851	0.715905	0.715853	0.715801	0.715852	0.715903	0.715856	0.71581	0.715861	0.715912	0.715879	0.715847	0.715908	0.715969	0.715962	0.715956	0.716065	0.716174	0.716218	0.716262	0.716542	0.716822	0.717015	0.717209	0.718128	0.719047	0.718824	0.718601	0.716173	0.713745	0.713023	0.712302	0.714679	0.717055	0.716868	0.71668	0.716234	0.715788	0.715668	0.715548	0.715565	0.715582	0.715595	0.715608	0.71566	0.715712	0.71572	0.715727	0.715786	0.715845	0.715824	0.715804	0.715861	0.715917	0.715877	0.715837	0.715886	0.715935	0.715887	0.715839	0.715891	0.715943	0.71587	
0.715855	0.715784	0.715836	0.715888	0.715835	0.715783	0.715833	0.715883	0.715836	0.715789	0.715839	0.715889	0.715856	0.715822	0.71588	0.715938	0.715932	0.715926	0.716024	0.716122	0.71618	0.716238	0.716501	0.716764	0.716962	0.717159	0.718038	0.718917	0.718967	0.719017	0.716931	0.714845	0.713968	0.713091	0.71542	0.717748	0.717583	0.717417	0.716723	0.716028	0.715787	0.715546	0.715571	0.715595	0.715584	0.715573	0.715635	0.715697	0.715699	0.7157	0.715764	0.715829	0.715807	0.715786	0.715845	0.715904	0.715863	0.715823	0.715872	0.715921	0.715873	0.715825	0.715876	0.715926	0.715855	
0.71584	0.71577	0.71582	0.71587	0.715818	0.715765	0.715814	0.715863	0.715815	0.715768	0.715817	0.715866	0.715832	0.715798	0.715852	0.715906	0.715902	0.715897	0.715984	0.716071	0.716143	0.716214	0.71646	0.716707	0.716908	0.717109	0.717948	0.718788	0.71911	0.719433	0.717689	0.715946	0.714913	0.713879	0.71616	0.718442	0.718298	0.718155	0.717212	0.716269	0.715906	0.715543	0.715576	0.715609	0.715573	0.715537	0.71561	0.715682	0.715677	0.715673	0.715743	0.715813	0.715791	0.715768	0.715829	0.71589	0.715849	0.715809	0.715858	0.715907	0.71586	0.715812	0.715861	0.71591	0.71584	
0.715828	0.715762	0.715808	0.715855	0.715804	0.715752	0.715799	0.715845	0.715798	0.71575	0.715796	0.715842	0.715808	0.715774	0.715822	0.71587	0.715865	0.71586	0.715932	0.716003	0.716077	0.716151	0.716367	0.716582	0.716798	0.717015	0.717792	0.718569	0.719168	0.719768	0.718692	0.717616	0.716544	0.715471	0.717345	0.719219	0.718984	0.718748	0.717588	0.716428	0.715966	0.715503	0.715554	0.715605	0.715546	0.715486	0.715575	0.715664	0.715653	0.715642	0.715719	0.715797	0.715774	0.715752	0.715814	0.715876	0.715837	0.715799	0.715847	0.715894	0.715849	0.715803	0.715849	0.715895	0.715828	
0.715816	0.715753	0.715796	0.715839	0.715789	0.715739	0.715783	0.715827	0.71578	0.715733	0.715776	0.715819	0.715784	0.71575	0.715792	0.715834	0.715828	0.715823	0.715879	0.715936	0.716012	0.716088	0.716273	0.716457	0.716689	0.71692	0.717636	0.718351	0.719227	0.720103	0.719695	0.719287	0.718175	0.717063	0.71853	0.719997	0.719669	0.719341	0.717964	0.716587	0.716025	0.715463	0.715533	0.715602	0.715519	0.715435	0.715541	0.715646	0.715628	0.715611	0.715696	0.71578	0.715758	0.715736	0.715798	0.715861	0.715825	0.715789	0.715835	0.715881	0.715838	0.715794	0.715836	0.715879	0.715816	
0.715801	0.715745	0.715782	0.715819	0.715773	0.715726	0.715765	0.715804	0.715759	0.715713	0.715751	0.715789	0.715755	0.71572	0.715754	0.715788	0.715779	0.715771	0.71581	0.715848	0.715912	0.715975	0.716104	0.716232	0.716459	0.716685	0.71738	0.718075	0.719279	0.720483	0.72062	0.720758	0.719614	0.718471	0.719509	0.720548	0.720002	0.719457	0.718005	0.716553	0.715943	0.715333	0.715457	0.71558	0.715473	0.715365	0.715492	0.715619	0.715596	0.715573	0.715665	0.715757	0.715736	0.715715	0.715778	0.715841	0.715809	0.715777	0.715819	0.715861	0.715823	0.715784	0.715821	0.715858	0.715801	
0.715786	0.715736	0.715768	0.715799	0.715756	0.715713	0.715747	0.71578	0.715737	0.715694	0.715727	0.71576	0.715725	0.715691	0.715717	0.715742	0.715731	0.715719	0.71574	0.715761	0.715811	0.715861	0.715935	0.716008	0.716229	0.71645	0.717125	0.717799	0.719331	0.720863	0.721546	0.722229	0.721054	0.719879	0.720489	0.721099	0.720336	0.719572	0.718046	0.71652	0.715861	0.715203	0.715381	0.715559	0.715426	0.715294	0.715443	0.715593	0.715564	0.715535	0.715635	0.715735	0.715715	0.715695	0.715757	0.71582	0.715792	0.715765	0.715804	0.715842	0.715808	0.715774	0.715805	0.715836	0.715786	
0.715765	0.715725	0.715748	0.715772	0.715734	0.715696	0.715723	0.71575	0.71571	0.71567	0.715697	0.715723	0.715689	0.715654	0.715672	0.715689	0.715672	0.715655	0.715658	0.715661	0.71569	0.71572	0.715745	0.71577	0.715929	0.716088	0.716743	0.717397	0.719234	0.721071	0.721912	0.722752	0.72166	0.720567	0.720912	0.721256	0.72024	0.719224	0.71782	0.716416	0.715716	0.715015	0.715262	0.715509	0.71536	0.71521	0.715385	0.715559	0.715525	0.71549	0.715597	0.715704	0.715686	0.715668	0.715729	0.715789	0.715768	0.715746	0.71578	0.715813	0.715786	0.71576	0.715782	0.715805	0.715765	
0.715744	0.715714	0.715729	0.715744	0.715711	0.715679	0.715699	0.71572	0.715683	0.715647	0.715667	0.715687	0.715652	0.715618	0.715627	0.715636	0.715613	0.71559	0.715576	0.715562	0.71557	0.715578	0.715555	0.715532	0.715629	0.715726	0.71636	0.716995	0.719137	0.721279	0.722278	0.723276	0.722266	0.721256	0.721335	0.721414	0.720145	0.718876	0.717594	0.716313	0.71557	0.714828	0.715144	0.71546	0.715293	0.715125	0.715326	0.715526	0.715486	0.715445	0.71556	0.715674	0.715657	0.715641	0.7157	0.715759	0.715743	0.715727	0.715756	0.715784	0.715764	0.715745	0.715759	0.715774	0.715744	
0.71572	0.715701	0.715707	0.715712	0.715686	0.71566	0.715673	0.715687	0.715654	0.715622	0.715635	0.715649	0.715615	0.715581	0.715583	0.715585	0.715556	0.715526	0.715498	0.715469	0.715459	0.715448	0.715379	0.715311	0.715378	0.715445	0.716022	0.716599	0.718836	0.721074	0.722054	0.723034	0.722136	0.721238	0.721076	0.720914	0.719751	0.718589	0.717351	0.716112	0.715384	0.714656	0.715038	0.71542	0.715229	0.715038	0.715268	0.715499	0.715449	0.715399	0.71552	0.71564	0.715625	0.71561	0.715667	0.715724	0.715714	0.715705	0.715727	0.715749	0.715738	0.715726	0.715732	0.715739	0.71572	
0.715695	0.715687	0.715684	0.715681	0.715661	0.715641	0.715648	0.715654	0.715625	0.715597	0.715604	0.715612	0.715578	0.715544	0.715539	0.715534	0.715498	0.715462	0.71542	0.715377	0.715347	0.715318	0.715204	0.715089	0.715126	0.715164	0.715683	0.716203	0.718536	0.720869	0.72183	0.722791	0.722006	0.72122	0.720817	0.720413	0.719358	0.718302	0.717107	0.715912	0.715198	0.714485	0.714932	0.71538	0.715166	0.714952	0.715211	0.715471	0.715412	0.715353	0.71548	0.715607	0.715593	0.71558	0.715634	0.715688	0.715685	0.715682	0.715699	0.715715	0.715711	0.715708	0.715705	0.715703	0.715695	
0.715673	0.715675	0.715664	0.715653	0.715639	0.715625	0.715626	0.715626	0.715601	0.715576	0.715578	0.715581	0.715547	0.715513	0.715503	0.715493	0.715452	0.715411	0.715359	0.715306	0.71527	0.715234	0.715096	0.714959	0.715	0.715041	0.715493	0.715945	0.718099	0.720252	0.720503	0.720754	0.720172	0.719591	0.719374	0.719157	0.718719	0.718281	0.717117	0.715954	0.715177	0.7144	0.714897	0.715393	0.715144	0.714895	0.715172	0.715448	0.715381	0.715313	0.715444	0.715575	0.715563	0.715551	0.715603	0.715656	0.715658	0.715661	0.715672	0.715683	0.715687	0.715691	0.715681	0.715671	0.715673	
0.715651	0.715662	0.715644	0.715626	0.715617	0.715609	0.715604	0.715599	0.715577	0.715555	0.715553	0.715551	0.715516	0.715482	0.715467	0.715452	0.715406	0.71536	0.715298	0.715235	0.715193	0.71515	0.714989	0.714828	0.714873	0.714918	0.715303	0.715688	0.717662	0.719636	0.719177	0.718717	0.718339	0.717961	0.71793	0.7179	0.71808	0.718259	0.717128	0.715996	0.715156	0.714316	0.714861	0.715407	0.715122	0.714838	0.715132	0.715426	0.715349	0.715272	0.715408	0.715543	0.715533	0.715523	0.715573	0.715623	0.715631	0.71564	0.715646	0.715652	0.715663	0.715674	0.715656	0.715639	0.715651	
0.715637	0.715655	0.715631	0.715608	0.715604	0.7156	0.71559	0.715581	0.715561	0.715541	0.715536	0.715531	0.715496	0.715461	0.715444	0.715428	0.715381	0.715335	0.715271	0.715208	0.715169	0.715129	0.714967	0.714805	0.714883	0.714961	0.715304	0.715647	0.717253	0.71886	0.717432	0.716005	0.715787	0.715569	0.71645	0.717332	0.718255	0.719178	0.717724	0.716271	0.715338	0.714405	0.714913	0.715422	0.715111	0.7148	0.715102	0.715405	0.715324	0.715243	0.715381	0.715519	0.71551	0.715502	0.71555	0.715598	0.715611	0.715624	0.715627	0.71563	0.715646	0.715662	0.71564	0.715618	0.715637	
0.715623	0.715647	0.715619	0.715591	0.715591	0.71559	0.715577	0.715563	0.715545	0.715527	0.715519	0.715511	0.715476	0.715441	0.715422	0.715403	0.715357	0.71531	0.715245	0.715181	0.715145	0.715108	0.714945	0.714782	0.714893	0.715004	0.715305	0.715607	0.716845	0.718084	0.715688	0.713293	0.713235	0.713177	0.71497	0.716764	0.71843	0.720097	0.718321	0.716545	0.715519	0.714494	0.714965	0.715437	0.715099	0.714762	0.715073	0.715384	0.715299	0.715214	0.715355	0.715495	0.715488	0.715481	0.715527	0.715573	0.715591	0.715609	0.715608	0.715608	0.71563	0.715651	0.715624	0.715598	0.715623	
0.715618	0.715645	0.715615	0.715585	0.715587	0.715589	0.715574	0.715558	0.715541	0.715524	0.715514	0.715505	0.71547	0.715434	0.715416	0.715397	0.715349	0.715302	0.715239	0.715177	0.715149	0.715121	0.714959	0.714798	0.714954	0.715109	0.71537	0.715632	0.716653	0.717674	0.714327	0.710979	0.711788	0.712598	0.715629	0.718659	0.719852	0.721045	0.718977	0.716908	0.715761	0.714614	0.715016	0.715419	0.715069	0.714719	0.715035	0.715352	0.715273	0.715194	0.715337	0.715479	0.715474	0.715469	0.715515	0.715562	0.715582	0.715602	0.7156	0.715599	0.715623	0.715647	0.715619	0.715591	0.715618	
0.715614	0.715643	0.715611	0.71558	0.715584	0.715588	0.71557	0.715553	0.715536	0.71552	0.71551	0.715499	0.715463	0.715427	0.715409	0.71539	0.715342	0.715294	0.715234	0.715173	0.715153	0.715133	0.714974	0.714814	0.715014	0.715214	0.715436	0.715657	0.716461	0.717264	0.712965	0.708665	0.710342	0.712019	0.716287	0.720555	0.721274	0.721994	0.719632	0.717271	0.716003	0.714735	0.715067	0.7154	0.715038	0.714676	0.714998	0.71532	0.715247	0.715174	0.715319	0.715463	0.71546	0.715457	0.715504	0.715551	0.715573	0.715595	0.715593	0.71559	0.715617	0.715644	0.715614	0.715584	0.715614	
0.715616	0.715641	0.715613	0.715584	0.715586	0.715588	0.715572	0.715556	0.715538	0.715519	0.71551	0.715501	0.715463	0.715425	0.715408	0.715392	0.715342	0.715293	0.715237	0.715182	0.715166	0.71515	0.715024	0.714898	0.715138	0.715379	0.715628	0.715878	0.716855	0.717833	0.713351	0.708868	0.711848	0.714828	0.719815	0.724802	0.72353	0.722257	0.719852	0.717447	0.716092	0.714737	0.714959	0.715181	0.714892	0.714603	0.714933	0.715264	0.71521	0.715156	0.715303	0.715451	0.71545	0.71545	0.715501	0.715551	0.715572	0.715592	0.715593	0.715594	0.715618	0.715643	0.715616	0.71559	0.715616	
0.715618	0.715639	0.715614	0.715589	0.715588	0.715588	0.715573	0.715559	0.715539	0.715518	0.71551	0.715502	0.715463	0.715423	0.715408	0.715393	0.715342	0.715291	0.715241	0.715191	0.715179	0.715167	0.715074	0.714981	0.715262	0.715543	0.715821	0.716098	0.71725	0.718402	0.713736	0.707124	0.701915	0.720094	0.730342	0.72905	0.725785	0.72252	0.720071	0.717623	0.716181	0.714739	0.71485	0.714961	0.714746	0.71453	0.714869	0.715207	0.715172	0.715137	0.715288	0.715438	0.715441	0.715443	0.715497	0.715551	0.71557	0.715589	0.715593	0.715597	0.71562	0.715642	0.715619	0.715596	0.715618	
0.715618	0.715632	0.715613	0.715594	0.715588	0.715582	0.715571	0.715561	0.715536	0.715511	0.715506	0.7155	0.715458	0.715415	0.715402	0.715388	0.715334	0.715279	0.715231	0.715183	0.715159	0.715136	0.715104	0.715073	0.715344	0.715616	0.715967	0.716319	0.718579	0.720839	0.715157	0.706271	0.70225	0.725817	0.737762	0.731481	0.726704	0.721927	0.719458	0.71699	0.715674	0.714358	0.714488	0.714618	0.714516	0.714413	0.714772	0.71513	0.71512	0.715109	0.715266	0.715423	0.715429	0.715434	0.715493	0.715552	0.715567	0.715582	0.715592	0.715603	0.715619	0.715636	0.71562	0.715604	0.715618	
0.715619	0.715625	0.715612	0.715599	0.715588	0.715577	0.715569	0.715562	0.715533	0.715505	0.715501	0.715498	0.715453	0.715408	0.715396	0.715383	0.715325	0.715267	0.715221	0.715175	0.71514	0.715104	0.715134	0.715164	0.715427	0.715689	0.716114	0.716539	0.719907	0.726513	0.726995	0.704376	0.689894	0.735078	0.740693	0.7413	0.731718	0.721333	0.718845	0.716357	0.715167	0.713977	0.714126	0.714275	0.714286	0.714297	0.714675	0.715053	0.715067	0.715082	0.715245	0.715408	0.715416	0.715425	0.715488	0.715552	0.715564	0.715575	0.715591	0.715608	0.715619	0.71563	0.715622	0.715613	0.715619	
0.715608	0.715602	0.715599	0.715595	0.715576	0.715557	0.715556	0.715554	0.71552	0.715486	0.715485	0.715485	0.715436	0.715387	0.715374	0.715361	0.715296	0.715231	0.715177	0.715123	0.71507	0.715016	0.715038	0.715059	0.71516	0.715262	0.716011	0.716761	0.721286	0.730374	0.732198	0.70756	0.678433	0.73115	0.735147	0.73781	0.728916	0.717699	0.716206	0.714713	0.714067	0.713422	0.713703	0.713985	0.714074	0.714164	0.714568	0.714971	0.715007	0.715043	0.715213	0.715383	0.715395	0.715406	0.715475	0.715544	0.715552	0.715559	0.715582	0.715605	0.715608	0.71561	0.715612	0.715613	0.715608	
0.715597	0.71558	0.715586	0.715592	0.715564	0.715537	0.715542	0.715546	0.715507	0.715467	0.715469	0.715471	0.715419	0.715366	0.715352	0.715338	0.715266	0.715194	0.715133	0.715072	0.715	0.714928	0.714941	0.714954	0.714894	0.714834	0.715909	0.716983	0.722664	0.732946	0.738325	0.714152	0.67888	0.72903	0.728744	0.730719	0.723325	0.714066	0.713567	0.713069	0.712968	0.712866	0.713281	0.713695	0.713863	0.714032	0.71446	0.714889	0.714946	0.715004	0.715181	0.715358	0.715373	0.715387	0.715462	0.715536	0.71554	0.715543	0.715573	0.715603	0.715597	0.71559	0.715602	0.715614	0.715597	
0.715534	0.715511	0.71552	0.71553	0.715498	0.715467	0.715473	0.71548	0.715438	0.715397	0.715399	0.715402	0.715348	0.715294	0.715279	0.715263	0.715192	0.715122	0.715044	0.714967	0.714884	0.714801	0.714712	0.714623	0.714367	0.714111	0.715024	0.715937	0.721739	0.733464	0.741396	0.715862	0.693429	0.728932	0.722697	0.722879	0.716875	0.71076	0.711354	0.711948	0.712148	0.712348	0.712935	0.713522	0.713731	0.71394	0.714373	0.714806	0.714874	0.714942	0.715121	0.7153	0.715313	0.715326	0.715404	0.715482	0.715481	0.71548	0.715515	0.715549	0.715537	0.715526	0.715541	0.715557	0.715534	
0.715472	0.715442	0.715455	0.715467	0.715432	0.715397	0.715405	0.715413	0.71537	0.715327	0.715329	0.715332	0.715277	0.715223	0.715205	0.715188	0.715119	0.715049	0.714955	0.714862	0.714768	0.714674	0.714482	0.714291	0.71384	0.713388	0.71414	0.714891	0.720814	0.73058	0.737674	0.726451	0.727651	0.724189	0.715524	0.714921	0.710604	0.707454	0.70914	0.710827	0.711328	0.711829	0.712589	0.71335	0.713599	0.713848	0.714286	0.714724	0.714802	0.714879	0.71506	0.715241	0.715253	0.715265	0.715347	0.715428	0.715423	0.715418	0.715456	0.715494	0.715478	0.715461	0.715481	0.715501	0.715472	
0.715383	0.715349	0.715365	0.715382	0.715343	0.715303	0.715314	0.715324	0.715279	0.715233	0.715236	0.715238	0.715182	0.715126	0.715104	0.715082	0.715005	0.714928	0.714826	0.714725	0.714617	0.714509	0.714196	0.713883	0.713126	0.712369	0.712774	0.713179	0.718199	0.725659	0.727964	0.735311	0.753478	0.72236	0.705585	0.70728	0.705178	0.706008	0.708106	0.710203	0.710751	0.711298	0.712204	0.713109	0.713423	0.713736	0.714171	0.714605	0.714692	0.714778	0.714962	0.715146	0.715161	0.715176	0.71526	0.715343	0.715335	0.715327	0.71537	0.715412	0.71539	0.715368	0.715393	0.715418	0.715383	
0.715295	0.715255	0.715276	0.715297	0.715253	0.715209	0.715222	0.715235	0.715187	0.715139	0.715142	0.715144	0.715087	0.715029	0.715002	0.714975	0.714891	0.714807	0.714698	0.714588	0.714466	0.714345	0.713909	0.713474	0.712412	0.711351	0.711409	0.711467	0.715584	0.721171	0.716987	0.718283	0.751201	0.725508	0.699058	0.701008	0.701409	0.704563	0.707071	0.709579	0.710173	0.710767	0.711818	0.712869	0.713247	0.713625	0.714055	0.714486	0.714582	0.714678	0.714864	0.71505	0.715069	0.715087	0.715173	0.715258	0.715248	0.715237	0.715283	0.715329	0.715303	0.715276	0.715306	0.715335	0.715295	
0.71518	0.715137	0.715161	0.715185	0.715138	0.715092	0.715107	0.715122	0.715072	0.715022	0.715024	0.715027	0.714966	0.714906	0.714876	0.714846	0.714755	0.714663	0.714537	0.71441	0.714251	0.714092	0.713566	0.713041	0.711656	0.710272	0.709784	0.709295	0.712597	0.71653	0.708743	0.700169	0.713382	0.715895	0.694412	0.696705	0.699619	0.704493	0.70676	0.709027	0.709704	0.710381	0.711535	0.71269	0.7131	0.71351	0.713937	0.714364	0.714465	0.714566	0.714748	0.714929	0.714948	0.714968	0.715054	0.715141	0.71513	0.715118	0.715167	0.715215	0.715187	0.715158	0.715191	0.715223	0.71518	
0.715065	0.715019	0.715046	0.715073	0.715024	0.714975	0.714991	0.715008	0.714956	0.714904	0.714907	0.714909	0.714846	0.714783	0.71475	0.714717	0.714618	0.71452	0.714376	0.714232	0.714036	0.713839	0.713223	0.712608	0.710901	0.709193	0.708158	0.707124	0.709611	0.71092	0.703674	0.702006	0.719434	0.728143	0.69609	0.694976	0.699285	0.704422	0.706448	0.708474	0.709234	0.709994	0.711253	0.712511	0.712953	0.713394	0.713819	0.714243	0.714349	0.714454	0.714632	0.714809	0.714828	0.714848	0.714936	0.715024	0.715011	0.714999	0.71505	0.715102	0.715071	0.71504	0.715076	0.715111	0.715065	
0.71495	0.714903	0.714932	0.714961	0.714911	0.714861	0.714879	0.714897	0.714844	0.714791	0.714794	0.714797	0.714731	0.714666	0.714632	0.714599	0.714495	0.714391	0.714243	0.714094	0.713856	0.713617	0.712943	0.712269	0.710471	0.708673	0.70693	0.705186	0.706491	0.704936	0.700336	0.702852	0.725046	0.729424	0.706257	0.697089	0.700165	0.703972	0.705822	0.707672	0.708856	0.710039	0.711257	0.712475	0.71289	0.713304	0.713717	0.714129	0.714235	0.71434	0.714513	0.714685	0.714704	0.714724	0.714814	0.714903	0.71489	0.714877	0.714931	0.714984	0.714953	0.714921	0.71496	0.714998	0.71495	
0.714835	0.714787	0.714818	0.714849	0.714798	0.714747	0.714767	0.714787	0.714732	0.714677	0.714681	0.714685	0.714616	0.714548	0.714515	0.714482	0.714372	0.714263	0.714109	0.713956	0.713676	0.713396	0.712663	0.71193	0.710042	0.708154	0.705701	0.703248	0.703371	0.700857	0.699753	0.70097	0.705311	0.708789	0.702813	0.699737	0.700958	0.703521	0.705195	0.70687	0.708477	0.710084	0.711262	0.712439	0.712827	0.713214	0.713614	0.714015	0.714121	0.714227	0.714394	0.714561	0.714581	0.714601	0.714691	0.714782	0.714768	0.714755	0.714811	0.714867	0.714835	0.714803	0.714844	0.714884	0.714835	
0.714757	0.714708	0.714741	0.714774	0.714723	0.714672	0.714694	0.714716	0.714659	0.714603	0.714609	0.714615	0.714543	0.714471	0.71444	0.71441	0.714296	0.714181	0.714031	0.713882	0.713578	0.713274	0.712648	0.712022	0.710469	0.708916	0.706024	0.703131	0.702743	0.698287	0.698904	0.698824	0.699722	0.701165	0.70146	0.699574	0.700445	0.70256	0.704769	0.706977	0.708646	0.710314	0.71139	0.712465	0.712841	0.713216	0.71358	0.713944	0.714047	0.71415	0.714312	0.714474	0.714493	0.714512	0.714603	0.714695	0.714681	0.714667	0.714725	0.714783	0.714751	0.71472	0.714763	0.714806	0.714757	
0.714678	0.714629	0.714664	0.714699	0.714648	0.714597	0.714621	0.714644	0.714586	0.714529	0.714537	0.714545	0.714469	0.714394	0.714366	0.714339	0.714219	0.714099	0.713954	0.713808	0.71348	0.713152	0.712633	0.712114	0.710896	0.709678	0.706347	0.703015	0.702115	0.696223	0.695948	0.6962	0.697253	0.698514	0.699519	0.698977	0.700156	0.701599	0.704342	0.707084	0.708814	0.710544	0.711518	0.712491	0.712855	0.713219	0.713546	0.713873	0.713973	0.714073	0.71423	0.714387	0.714405	0.714423	0.714515	0.714607	0.714594	0.71458	0.714639	0.714699	0.714668	0.714636	0.714682	0.714727	0.714678	
0.714647	0.714599	0.714635	0.714671	0.71462	0.71457	0.714595	0.714619	0.714561	0.714502	0.714512	0.714521	0.714444	0.714367	0.714342	0.714317	0.714198	0.714078	0.713964	0.71385	0.713563	0.713275	0.71283	0.712385	0.711474	0.710563	0.708261	0.705959	0.704503	0.698338	0.696351	0.695248	0.696118	0.697415	0.698653	0.699642	0.701022	0.70302	0.705427	0.707834	0.709348	0.710862	0.711727	0.712593	0.712926	0.71326	0.713566	0.713872	0.713957	0.714041	0.714196	0.714352	0.714368	0.714385	0.714477	0.71457	0.714557	0.714543	0.714604	0.714664	0.714633	0.714603	0.714649	0.714695	0.714647	
0.714616	0.714569	0.714606	0.714643	0.714593	0.714543	0.714568	0.714594	0.714535	0.714475	0.714487	0.714498	0.714419	0.714341	0.714318	0.714295	0.714176	0.714058	0.713974	0.713891	0.713645	0.713399	0.713027	0.712655	0.712051	0.711447	0.710175	0.708903	0.706891	0.703519	0.700131	0.697265	0.697189	0.697786	0.69875	0.698927	0.701683	0.70444	0.706512	0.708584	0.709882	0.711179	0.711937	0.712694	0.712998	0.713302	0.713587	0.713872	0.713941	0.714009	0.714163	0.714316	0.714331	0.714347	0.71444	0.714533	0.71452	0.714507	0.714568	0.714629	0.714599	0.714569	0.714616	0.714664	0.714616	
0.714718	0.714677	0.714714	0.71475	0.714704	0.714658	0.714685	0.714711	0.714652	0.714593	0.714607	0.714621	0.714539	0.714457	0.714443	0.714428	0.714297	0.714166	0.714089	0.714011	0.713771	0.713531	0.713238	0.712944	0.712392	0.71184	0.710923	0.710005	0.708472	0.706943	0.704293	0.701819	0.700893	0.700346	0.700391	0.700853	0.703649	0.706445	0.708046	0.709647	0.710679	0.71171	0.712323	0.712936	0.713195	0.713454	0.713713	0.713971	0.714038	0.714105	0.714252	0.714399	0.714411	0.714423	0.714514	0.714606	0.714596	0.714587	0.714648	0.71471	0.714687	0.714664	0.714711	0.714759	0.714718	
0.714819	0.714785	0.714821	0.714858	0.714816	0.714774	0.714801	0.714828	0.714769	0.71471	0.714727	0.714745	0.714659	0.714574	0.714568	0.714562	0.714418	0.714275	0.714203	0.714131	0.713897	0.713663	0.713448	0.713233	0.712733	0.712233	0.71167	0.711107	0.710053	0.709	0.707492	0.705985	0.704134	0.702282	0.702531	0.70278	0.705615	0.708449	0.709579	0.71071	0.711475	0.712241	0.712709	0.713177	0.713392	0.713607	0.713839	0.714071	0.714136	0.714201	0.714342	0.714483	0.714491	0.7145	0.714589	0.714678	0.714673	0.714667	0.714729	0.71479	0.714775	0.714759	0.714806	0.714853	0.714819	
0.714984	0.714955	0.714989	0.715023	0.714985	0.714947	0.714972	0.714998	0.714942	0.714886	0.714903	0.71492	0.714837	0.714754	0.714751	0.714748	0.714617	0.714486	0.714429	0.714372	0.714158	0.713945	0.713762	0.713579	0.713163	0.712748	0.712277	0.711806	0.710898	0.70999	0.709083	0.708176	0.70702	0.705864	0.706016	0.706168	0.708101	0.710033	0.710856	0.711678	0.712234	0.71279	0.713172	0.713554	0.713719	0.713883	0.714094	0.714304	0.714353	0.714403	0.714533	0.714663	0.71467	0.714676	0.714761	0.714846	0.714841	0.714836	0.714894	0.714953	0.714939	0.714925	0.714969	0.715013	0.714984	
0.715149	0.715124	0.715156	0.715187	0.715153	0.715119	0.715144	0.715168	0.715115	0.715061	0.715078	0.715094	0.715014	0.714934	0.714934	0.714933	0.714815	0.714697	0.714655	0.714613	0.71442	0.714227	0.714076	0.713924	0.713594	0.713263	0.712884	0.712505	0.711743	0.71098	0.710673	0.710367	0.709906	0.709445	0.7095	0.709556	0.710587	0.711618	0.712132	0.712646	0.712992	0.713339	0.713634	0.71393	0.714045	0.71416	0.714348	0.714537	0.714571	0.714605	0.714724	0.714843	0.714848	0.714853	0.714934	0.715014	0.715009	0.715004	0.71506	0.715115	0.715103	0.715091	0.715132	0.715173	0.715149	
0.715379	0.715362	0.715388	0.715414	0.715386	0.715358	0.715378	0.715398	0.71535	0.715303	0.715316	0.715329	0.715255	0.715182	0.715181	0.71518	0.715069	0.714959	0.714923	0.714888	0.714713	0.714539	0.714424	0.714309	0.714022	0.713736	0.713475	0.713214	0.712674	0.712134	0.711884	0.711635	0.711335	0.711036	0.711065	0.711094	0.711797	0.7125	0.712862	0.713225	0.713503	0.71378	0.714029	0.714277	0.714375	0.714473	0.71464	0.714807	0.714838	0.714869	0.714978	0.715086	0.715092	0.715098	0.715171	0.715244	0.715243	0.715241	0.715291	0.71534	0.715333	0.715326	0.715361	0.715397	0.715379	
0.71561	0.7156	0.71562	0.715641	0.715619	0.715596	0.715612	0.715627	0.715586	0.715545	0.715554	0.715564	0.715497	0.715429	0.715428	0.715426	0.715323	0.71522	0.715191	0.715163	0.715007	0.714851	0.714772	0.714693	0.714451	0.714209	0.714066	0.713923	0.713605	0.713287	0.713095	0.712903	0.712764	0.712626	0.712629	0.712632	0.713007	0.713382	0.713593	0.713804	0.714013	0.714222	0.714423	0.714623	0.714705	0.714787	0.714932	0.715077	0.715106	0.715134	0.715231	0.715329	0.715336	0.715344	0.715409	0.715474	0.715476	0.715478	0.715522	0.715566	0.715563	0.71556	0.71559	0.71562	0.71561	
0.715852	0.71585	0.715862	0.715875	0.71586	0.715845	0.715853	0.715861	0.715829	0.715798	0.7158	0.715802	0.715747	0.715693	0.715685	0.715677	0.715591	0.715506	0.715476	0.715446	0.715318	0.71519	0.71512	0.715049	0.714857	0.714665	0.714546	0.714426	0.714174	0.713921	0.713789	0.713658	0.713557	0.713456	0.713479	0.713501	0.713757	0.714013	0.714191	0.71437	0.714521	0.714671	0.714836	0.715	0.715066	0.715132	0.715254	0.715377	0.715403	0.715429	0.715512	0.715595	0.715606	0.715616	0.71567	0.715724	0.715731	0.715737	0.715772	0.715807	0.71581	0.715812	0.715833	0.715854	0.715852	
0.716094	0.716101	0.716105	0.716108	0.716101	0.716094	0.716094	0.716095	0.716073	0.716051	0.716045	0.71604	0.715998	0.715956	0.715942	0.715928	0.71586	0.715791	0.71576	0.715729	0.715629	0.715529	0.715467	0.715405	0.715263	0.715121	0.715025	0.714929	0.714742	0.714555	0.714484	0.714413	0.714349	0.714286	0.714328	0.714371	0.714507	0.714643	0.71479	0.714937	0.715029	0.71512	0.715249	0.715378	0.715427	0.715476	0.715576	0.715676	0.7157	0.715724	0.715793	0.715861	0.715875	0.715889	0.715932	0.715975	0.715985	0.715996	0.716022	0.716049	0.716056	0.716063	0.716075	0.716087	0.716094	
0.716289	0.716304	0.716299	0.716293	0.716293	0.716294	0.716286	0.716277	0.716266	0.716256	0.716241	0.716227	0.7162	0.716173	0.71615	0.716127	0.716079	0.71603	0.715994	0.715957	0.715882	0.715808	0.715746	0.715684	0.715579	0.715474	0.71539	0.715306	0.715172	0.715038	0.714977	0.714916	0.714874	0.714833	0.714854	0.714876	0.714986	0.715096	0.7152	0.715304	0.715391	0.715477	0.715574	0.71567	0.715719	0.715767	0.715846	0.715924	0.715952	0.715979	0.716032	0.716086	0.716104	0.716122	0.716153	0.716184	0.716199	0.716213	0.71623	0.716247	0.716259	0.716271	0.716273	0.716274	0.716289	
0.716485	0.716508	0.716493	0.716477	0.716486	0.716494	0.716477	0.716459	0.71646	0.716461	0.716437	0.716413	0.716402	0.71639	0.716358	0.716326	0.716298	0.716269	0.716228	0.716186	0.716136	0.716087	0.716025	0.715964	0.715896	0.715827	0.715755	0.715683	0.715602	0.715521	0.71547	0.715419	0.715399	0.715379	0.715381	0.715382	0.715465	0.715549	0.715611	0.715672	0.715753	0.715834	0.715898	0.715963	0.71601	0.716058	0.716115	0.716173	0.716203	0.716233	0.716272	0.71631	0.716333	0.716355	0.716374	0.716394	0.716412	0.716431	0.716438	0.716445	0.716461	0.716478	0.71647	0.716462	0.716485	
0.716595	0.716622	0.716601	0.716579	0.716593	0.716606	0.716583	0.71656	0.716568	0.716577	0.716547	0.716517	0.716517	0.716517	0.716478	0.71644	0.716427	0.716415	0.716368	0.716321	0.716292	0.716263	0.716201	0.71614	0.7161	0.716061	0.715992	0.715922	0.715871	0.71582	0.715769	0.715718	0.715714	0.71571	0.715705	0.715701	0.715773	0.715845	0.715887	0.715929	0.716001	0.716073	0.716116	0.716159	0.716205	0.71625	0.716289	0.716329	0.71636	0.716392	0.716419	0.716446	0.71647	0.716494	0.716506	0.716517	0.716537	0.716558	0.716558	0.716559	0.716577	0.716596	0.716581	0.716567	0.716595	
0.716704	0.716737	0.716709	0.716681	0.716699	0.716718	0.716689	0.71666	0.716676	0.716693	0.716657	0.71662	0.716631	0.716643	0.716598	0.716554	0.716557	0.71656	0.716508	0.716457	0.716448	0.716439	0.716377	0.716315	0.716305	0.716295	0.716228	0.716161	0.71614	0.716118	0.716067	0.716016	0.716028	0.71604	0.71603	0.71602	0.71608	0.716141	0.716164	0.716186	0.71625	0.716313	0.716334	0.716356	0.716399	0.716442	0.716463	0.716484	0.716518	0.716551	0.716566	0.716581	0.716608	0.716634	0.716637	0.71664	0.716662	0.716685	0.716679	0.716672	0.716693	0.716714	0.716693	0.716672	0.716704	
0.716735	0.716769	0.716738	0.716708	0.716729	0.716749	0.716718	0.716686	0.716707	0.716727	0.716688	0.716649	0.716666	0.716683	0.716636	0.716589	0.716601	0.716612	0.716559	0.716505	0.716509	0.716512	0.716453	0.716394	0.716399	0.716405	0.716341	0.716276	0.716272	0.716268	0.716217	0.716167	0.716189	0.716211	0.716192	0.716172	0.716231	0.71629	0.716297	0.716305	0.716366	0.716427	0.716434	0.716442	0.716484	0.716526	0.716535	0.716544	0.716578	0.716612	0.716621	0.71663	0.716657	0.716684	0.716682	0.71668	0.716703	0.716726	0.716717	0.716707	0.716728	0.716749	0.716725	0.716702	0.716735	
0.716766	0.716801	0.716768	0.716735	0.716757	0.71678	0.716746	0.716713	0.716737	0.716761	0.716719	0.716678	0.716701	0.716724	0.716674	0.716625	0.716645	0.716665	0.716609	0.716554	0.716569	0.716585	0.716528	0.716472	0.716493	0.716515	0.716453	0.716391	0.716404	0.716417	0.716367	0.716317	0.716349	0.716382	0.716353	0.716324	0.716381	0.716438	0.716431	0.716424	0.716482	0.716541	0.716534	0.716528	0.71657	0.716611	0.716607	0.716603	0.716638	0.716673	0.716676	0.716678	0.716706	0.716733	0.716727	0.716721	0.716744	0.716767	0.716754	0.716742	0.716763	0.716784	0.716757	0.716731	0.716766	
0.71662	0.716649	0.71662	0.716592	0.716612	0.716631	0.716602	0.716573	0.716595	0.716618	0.716582	0.716547	0.71657	0.716593	0.716552	0.71651	0.716535	0.716559	0.716514	0.71647	0.716497	0.716525	0.716474	0.716423	0.716448	0.716474	0.716418	0.716362	0.71638	0.716397	0.716351	0.716305	0.716338	0.716371	0.716343	0.716315	0.716367	0.716418	0.716407	0.716397	0.716449	0.716501	0.716491	0.716481	0.716519	0.716558	0.716545	0.716532	0.716559	0.716585	0.716576	0.716567	0.716589	0.716611	0.716602	0.716593	0.716612	0.716631	0.716618	0.716605	0.716622	0.716639	0.716615	0.716592	0.71662	
0.716474	0.716497	0.716473	0.716448	0.716465	0.716482	0.716458	0.716433	0.716454	0.716475	0.716445	0.716416	0.716439	0.716463	0.716429	0.716396	0.716424	0.716453	0.716419	0.716386	0.716425	0.716465	0.71642	0.716375	0.716404	0.716432	0.716383	0.716333	0.716355	0.716377	0.716335	0.716294	0.716327	0.71636	0.716333	0.716307	0.716352	0.716397	0.716384	0.71637	0.716416	0.716462	0.716448	0.716434	0.716469	0.716504	0.716482	0.716461	0.716479	0.716497	0.716477	0.716456	0.716473	0.716489	0.716477	0.716466	0.71648	0.716494	0.716481	0.716467	0.71648	0.716493	0.716473	0.716452	0.716474	
0.716319	0.716334	0.716318	0.716303	0.716314	0.716325	0.716309	0.716293	0.716307	0.71632	0.716301	0.716282	0.716298	0.716313	0.716292	0.716271	0.716289	0.716308	0.716286	0.716264	0.716288	0.716311	0.716284	0.716256	0.716275	0.716293	0.716264	0.716234	0.71625	0.716265	0.71624	0.716215	0.716237	0.716258	0.716241	0.716223	0.71625	0.716278	0.716268	0.716257	0.716285	0.716313	0.716303	0.716293	0.716314	0.716335	0.716322	0.716309	0.716321	0.716333	0.716321	0.716309	0.71632	0.71633	0.716322	0.716314	0.716324	0.716333	0.716324	0.716315	0.716323	0.716332	0.716318	0.716305	0.716319	
0.716164	0.71617	0.716164	0.716157	0.716162	0.716167	0.71616	0.716153	0.716159	0.716165	0.716157	0.716149	0.716157	0.716164	0.716155	0.716146	0.716154	0.716162	0.716152	0.716142	0.71615	0.716158	0.716148	0.716138	0.716146	0.716155	0.716145	0.716136	0.716145	0.716154	0.716145	0.716137	0.716146	0.716156	0.716148	0.71614	0.716149	0.716158	0.716151	0.716144	0.716154	0.716163	0.716157	0.716152	0.716159	0.716167	0.716162	0.716158	0.716164	0.71617	0.716166	0.716162	0.716167	0.716172	0.716168	0.716163	0.716167	0.716171	0.716167	0.716162	0.716166	0.71617	0.716164	0.716158	0.716164	
0.716069	0.716069	0.716069	0.716069	0.716069	0.716069	0.716069	0.716069	0.716069	0.716069	0.716069	0.716069	0.716069	0.716069	0.716069	0.716069	0.716069	0.716069	0.716069	0.716069	0.716069	0.716069	0.716069	0.716069	0.716069	0.716069	0.716069	0.716069	0.716069	0.716069	0.716069	0.716069	0.716069	0.716069	0.716069	0.716069	0.716069	0.716069	0.716069	0.716069	0.716069	0.716069	0.716069	0.716069	0.716069	0.716069	0.716069	0.716069	0.716069	0.716069	0.716069	0.716069	0.716069	0.716069	0.716069	0.716069	0.716069	0.716069	0.716069	0.716069	0.716069	0.716069	0.716069	0.716069	0.716069	
