x=200	y=95	z=200	n=65	len=1
b
0.716069	0.716069	0.716069	0.716069	0.716069	0.716069	0.716069	0.716069	0.716069	0.716069	0.716069	0.716069	0.716069	0.716069	0.716069	0.716069	0.716069	0.716069	0.716069	0.716069	0.716069	0.716069	0.716069	0.716069	0.716069	0.716069	0.716069	0.716069	0.716069	0.716069	0.716069	0.716069	0.716069	0.716069	0.716069	0.716069	0.716069	0.716069	0.716069	0.716069	0.716069	0.716069	0.716069	0.716069	0.716069	0.716069	0.716069	0.716069	0.716069	0.716069	0.716069	0.716069	0.716069	0.716069	0.716069	0.716069	0.716069	0.716069	0.716069	0.716069	0.716069	0.716069	0.716069	0.716069	0.716069	
0.714834	0.714968	0.714937	0.714905	0.714996	0.715087	0.715113	0.715139	0.715139	0.715139	0.715201	0.715264	0.715264	0.715264	0.715374	0.715485	0.715489	0.715493	0.715818	0.716144	0.716294	0.716444	0.717301	0.718157	0.718509	0.71886	0.719294	0.719728	0.72014	0.720552	0.724921	0.729291	0.730927	0.732564	0.728206	0.723848	0.721348	0.718848	0.718726	0.718605	0.718437	0.71827	0.717689	0.717107	0.716406	0.715704	0.715444	0.715184	0.715027	0.71487	0.714776	0.714682	0.714607	0.714531	0.714507	0.714483	0.714545	0.714607	0.714583	0.714559	0.71466	0.714761	0.714731	0.7147	0.714834	
0.715065	0.715186	0.715152	0.715118	0.715211	0.715305	0.715322	0.715339	0.715332	0.715325	0.715393	0.71546	0.715463	0.715466	0.715603	0.71574	0.715757	0.715774	0.716179	0.716584	0.716816	0.717048	0.717811	0.718574	0.718798	0.719022	0.719294	0.719567	0.720206	0.720845	0.725383	0.729921	0.731351	0.732781	0.728248	0.723715	0.720963	0.718212	0.718409	0.718605	0.71857	0.718534	0.718	0.717465	0.716804	0.716142	0.715834	0.715526	0.715351	0.715176	0.715051	0.714927	0.714852	0.714776	0.714749	0.714723	0.714787	0.714851	0.714831	0.714811	0.714897	0.714984	0.714964	0.714944	0.715065	
0.715296	0.715404	0.715367	0.71533	0.715426	0.715522	0.71553	0.715538	0.715525	0.715512	0.715584	0.715656	0.715662	0.715669	0.715832	0.715996	0.716026	0.716056	0.71654	0.717025	0.717338	0.717652	0.718321	0.71899	0.719087	0.719184	0.719295	0.719406	0.720271	0.721137	0.725844	0.730551	0.731775	0.732999	0.72829	0.723581	0.720579	0.717577	0.718091	0.718606	0.718702	0.718798	0.718311	0.717823	0.717202	0.71658	0.716224	0.715868	0.715674	0.715481	0.715326	0.715172	0.715096	0.715021	0.714991	0.714962	0.715029	0.715096	0.715079	0.715063	0.715135	0.715207	0.715197	0.715188	0.715296	
0.715383	0.715474	0.71544	0.715406	0.715493	0.71558	0.715582	0.715584	0.715565	0.715547	0.715613	0.715678	0.715685	0.715691	0.715862	0.716033	0.716072	0.716112	0.716645	0.717179	0.717564	0.71795	0.718607	0.719264	0.719073	0.718882	0.718558	0.718233	0.719418	0.720603	0.725492	0.730381	0.731365	0.732348	0.727929	0.723511	0.720397	0.717284	0.717954	0.718625	0.718758	0.71889	0.718408	0.717925	0.717301	0.716676	0.716309	0.715943	0.715753	0.715564	0.715402	0.715239	0.71517	0.7151	0.715075	0.71505	0.715116	0.715181	0.715173	0.715166	0.715226	0.715287	0.715289	0.715292	0.715383	
0.71547	0.715544	0.715513	0.715482	0.715559	0.715637	0.715633	0.715629	0.715605	0.715582	0.715641	0.715701	0.715707	0.715713	0.715892	0.716071	0.716119	0.716167	0.71675	0.717333	0.717791	0.718248	0.718893	0.719538	0.719059	0.71858	0.71782	0.71706	0.718564	0.720068	0.725139	0.730211	0.730954	0.731698	0.727569	0.72344	0.720215	0.71699	0.717817	0.718644	0.718813	0.718983	0.718505	0.718027	0.7174	0.716772	0.716395	0.716018	0.715833	0.715648	0.715477	0.715306	0.715243	0.71518	0.715159	0.715138	0.715202	0.715266	0.715267	0.715268	0.715318	0.715367	0.715381	0.715395	0.71547	
0.715483	0.715532	0.715513	0.715494	0.715537	0.71558	0.715559	0.715538	0.715491	0.715443	0.715472	0.7155	0.715504	0.715507	0.715688	0.715868	0.71596	0.716051	0.716667	0.717282	0.717851	0.718421	0.719106	0.719792	0.719079	0.718367	0.71707	0.715774	0.716839	0.717904	0.722411	0.726919	0.727888	0.728856	0.725582	0.722308	0.719508	0.716707	0.717659	0.718612	0.718767	0.718922	0.71843	0.717939	0.717336	0.716733	0.716353	0.715972	0.715808	0.715644	0.715476	0.715308	0.715257	0.715205	0.715188	0.715172	0.715232	0.715293	0.715302	0.715311	0.715349	0.715387	0.715411	0.715434	0.715483	
0.715497	0.71552	0.715513	0.715506	0.715515	0.715523	0.715485	0.715447	0.715376	0.715304	0.715302	0.7153	0.7153	0.7153	0.715483	0.715666	0.715801	0.715935	0.716583	0.71723	0.717912	0.718594	0.71932	0.720046	0.7191	0.718154	0.716321	0.714487	0.715113	0.715739	0.719683	0.723628	0.724821	0.726014	0.723595	0.721176	0.7188	0.716424	0.717502	0.71858	0.71872	0.71886	0.718356	0.717851	0.717272	0.716693	0.71631	0.715927	0.715784	0.715641	0.715476	0.715311	0.71527	0.715229	0.715218	0.715206	0.715263	0.71532	0.715337	0.715354	0.71538	0.715407	0.715441	0.715474	0.715497	
0.715337	0.715305	0.71531	0.715316	0.71528	0.715244	0.7152	0.715156	0.71509	0.715025	0.715006	0.714987	0.714979	0.71497	0.715118	0.715266	0.715394	0.715522	0.716232	0.716943	0.717719	0.718496	0.719333	0.720171	0.719126	0.71808	0.71584	0.7136	0.713739	0.713879	0.716947	0.720016	0.721477	0.722938	0.721434	0.719929	0.718083	0.716237	0.717234	0.718231	0.71822	0.718209	0.717726	0.717243	0.716751	0.71626	0.71591	0.715561	0.715455	0.715348	0.715215	0.715082	0.715071	0.715059	0.715075	0.715092	0.715132	0.715173	0.715226	0.715278	0.715259	0.715241	0.715305	0.715369	0.715337	
0.715177	0.71509	0.715108	0.715126	0.715046	0.714965	0.714915	0.714865	0.714805	0.714745	0.71471	0.714674	0.714657	0.71464	0.714753	0.714866	0.714987	0.715109	0.715882	0.716656	0.717527	0.718398	0.719347	0.720296	0.719151	0.718007	0.71536	0.712712	0.712366	0.712019	0.714212	0.716404	0.718133	0.719861	0.719272	0.718682	0.717366	0.71605	0.716966	0.717883	0.71772	0.717557	0.717096	0.716634	0.71623	0.715826	0.715511	0.715196	0.715125	0.715055	0.714954	0.714853	0.714871	0.714889	0.714933	0.714977	0.715002	0.715027	0.715115	0.715202	0.715138	0.715075	0.715169	0.715263	0.715177	
0.714975	0.714862	0.714888	0.714915	0.7148	0.714685	0.71463	0.714575	0.714505	0.714435	0.714377	0.714318	0.714286	0.714255	0.714335	0.714415	0.714543	0.714672	0.715428	0.716185	0.717185	0.718184	0.719209	0.720233	0.719171	0.718109	0.715214	0.712318	0.711617	0.710916	0.712279	0.713642	0.715456	0.717269	0.717465	0.71766	0.716789	0.715918	0.716459	0.717	0.716796	0.716591	0.716241	0.715891	0.715602	0.715313	0.715045	0.714777	0.714747	0.714716	0.714653	0.714591	0.714631	0.714671	0.714741	0.714811	0.714824	0.714837	0.71494	0.715042	0.714961	0.714881	0.714985	0.715088	0.714975	
0.714774	0.714634	0.714669	0.714704	0.714554	0.714405	0.714345	0.714285	0.714206	0.714126	0.714044	0.713962	0.713915	0.713869	0.713917	0.713964	0.714099	0.714235	0.714975	0.715715	0.716842	0.71797	0.71907	0.720171	0.719191	0.718212	0.715068	0.711924	0.710868	0.709813	0.710347	0.710881	0.712779	0.714678	0.715658	0.716639	0.716212	0.715785	0.715951	0.716117	0.715872	0.715626	0.715386	0.715147	0.714974	0.714801	0.71458	0.714359	0.714368	0.714377	0.714353	0.714329	0.714391	0.714454	0.714549	0.714644	0.714646	0.714647	0.714765	0.714882	0.714784	0.714687	0.7148	0.714913	0.714774	
0.71454	0.714376	0.714417	0.714458	0.714281	0.714104	0.714043	0.713982	0.713894	0.713806	0.713705	0.713605	0.713542	0.713479	0.713484	0.71349	0.713607	0.713724	0.714401	0.715079	0.716151	0.717223	0.718522	0.719822	0.719136	0.718451	0.715332	0.712214	0.711033	0.709852	0.709713	0.709573	0.71149	0.713408	0.714784	0.71616	0.715919	0.715678	0.715554	0.715431	0.715171	0.71491	0.714667	0.714425	0.714308	0.714191	0.71402	0.713849	0.713899	0.713948	0.71397	0.713993	0.714077	0.714162	0.714289	0.714416	0.71441	0.714404	0.714545	0.714686	0.714569	0.714452	0.714578	0.714704	0.71454	
0.714306	0.714118	0.714165	0.714212	0.714008	0.713804	0.713742	0.71368	0.713583	0.713485	0.713367	0.713249	0.713169	0.713088	0.713052	0.713015	0.713114	0.713213	0.713828	0.714443	0.715459	0.716475	0.717974	0.719473	0.719082	0.718691	0.715597	0.712503	0.711197	0.709892	0.709078	0.708265	0.710202	0.712139	0.71391	0.715681	0.715626	0.715571	0.715158	0.714745	0.71447	0.714194	0.713948	0.713702	0.713641	0.71358	0.71346	0.71334	0.71343	0.713519	0.713588	0.713656	0.713763	0.71387	0.714029	0.714189	0.714175	0.714162	0.714326	0.714491	0.714354	0.714217	0.714356	0.714495	0.714306	
0.714112	0.713918	0.713967	0.714016	0.713799	0.713582	0.713523	0.713464	0.713355	0.713246	0.713116	0.712987	0.712888	0.71279	0.712713	0.712635	0.712692	0.71275	0.713253	0.713757	0.71465	0.715544	0.717052	0.71856	0.718639	0.718718	0.71629	0.713861	0.712779	0.711697	0.710095	0.708493	0.710208	0.711924	0.713731	0.715539	0.715561	0.715584	0.715011	0.714439	0.71411	0.71378	0.713434	0.713088	0.713054	0.71302	0.712943	0.712866	0.712988	0.713109	0.713223	0.713336	0.713461	0.713586	0.713775	0.713964	0.713951	0.713938	0.714119	0.714301	0.71416	0.714018	0.714163	0.714307	0.714112	
0.713918	0.713717	0.713769	0.713821	0.713591	0.713361	0.713305	0.713248	0.713127	0.713006	0.712865	0.712724	0.712608	0.712492	0.712373	0.712255	0.712271	0.712286	0.712678	0.713071	0.713841	0.714612	0.716129	0.717647	0.718196	0.718745	0.716982	0.715219	0.71436	0.713501	0.711111	0.70872	0.710215	0.71171	0.713553	0.715396	0.715496	0.715597	0.714865	0.714134	0.713749	0.713365	0.712919	0.712473	0.712466	0.71246	0.712426	0.712392	0.712546	0.7127	0.712858	0.713016	0.713159	0.713303	0.713521	0.71374	0.713727	0.713714	0.713912	0.714111	0.713966	0.71382	0.713969	0.714118	0.713918	
0.713807	0.713611	0.713663	0.713715	0.713481	0.713248	0.713195	0.713142	0.713011	0.712879	0.712733	0.712588	0.712456	0.712323	0.712178	0.712034	0.711986	0.711938	0.7122	0.712462	0.713103	0.713745	0.715052	0.71636	0.717388	0.718417	0.717323	0.716229	0.715629	0.715029	0.712885	0.710742	0.712018	0.713294	0.714448	0.715603	0.71569	0.715778	0.714933	0.714088	0.713648	0.713209	0.712647	0.712086	0.712066	0.712047	0.712043	0.712039	0.712213	0.712387	0.712581	0.712776	0.712933	0.71309	0.713331	0.713571	0.713568	0.713564	0.713772	0.71398	0.713842	0.713704	0.713854	0.714004	0.713807	
0.713697	0.713505	0.713557	0.713609	0.713372	0.713135	0.713086	0.713036	0.712894	0.712752	0.712602	0.712451	0.712303	0.712155	0.711984	0.711812	0.711701	0.71159	0.711722	0.711853	0.712365	0.712878	0.713975	0.715073	0.716581	0.718089	0.717664	0.717239	0.716898	0.716557	0.71466	0.712764	0.713821	0.714879	0.715344	0.715809	0.715885	0.71596	0.715001	0.714042	0.713548	0.713053	0.712376	0.711699	0.711666	0.711634	0.71166	0.711687	0.71188	0.712074	0.712305	0.712535	0.712706	0.712876	0.713139	0.713402	0.713408	0.713414	0.713632	0.71385	0.713719	0.713589	0.713739	0.713889	0.713697	
0.713668	0.713486	0.713537	0.713587	0.71336	0.713133	0.713093	0.713052	0.712896	0.71274	0.712596	0.712452	0.712282	0.712113	0.711928	0.711742	0.711578	0.711414	0.711436	0.711457	0.711829	0.7122	0.713107	0.714014	0.715662	0.717311	0.717583	0.717856	0.717776	0.717696	0.7159	0.714103	0.714953	0.715803	0.715992	0.716181	0.7164	0.716619	0.715587	0.714555	0.713834	0.713113	0.71231	0.711507	0.711455	0.711403	0.711449	0.711494	0.711699	0.711903	0.712157	0.712411	0.71259	0.712769	0.713044	0.713319	0.713336	0.713353	0.713573	0.713794	0.713674	0.713554	0.713702	0.713851	0.713668	
0.71364	0.713468	0.713517	0.713566	0.713349	0.713131	0.7131	0.713068	0.712898	0.712728	0.71259	0.712453	0.712262	0.712071	0.711872	0.711673	0.711455	0.711238	0.71115	0.711062	0.711292	0.711523	0.712239	0.712956	0.714744	0.716532	0.717502	0.718472	0.718654	0.718835	0.717139	0.715442	0.716084	0.716727	0.71664	0.716554	0.716916	0.717279	0.716173	0.715068	0.714121	0.713174	0.712244	0.711314	0.711243	0.711172	0.711237	0.711302	0.711517	0.711732	0.712009	0.712286	0.712474	0.712661	0.712949	0.713236	0.713263	0.713291	0.713515	0.713739	0.713629	0.71352	0.713666	0.713812	0.71364	
0.713836	0.713718	0.713758	0.713797	0.713613	0.713429	0.713397	0.713364	0.713191	0.713017	0.71288	0.712743	0.712502	0.712261	0.71203	0.7118	0.711541	0.711283	0.711128	0.710973	0.71105	0.711127	0.711667	0.712207	0.713781	0.715356	0.716826	0.718296	0.71859	0.718884	0.717735	0.716587	0.717026	0.717465	0.717758	0.71805	0.718128	0.718206	0.717014	0.715821	0.714692	0.713562	0.712435	0.711307	0.711199	0.711091	0.71117	0.71125	0.71147	0.711691	0.711984	0.712277	0.712468	0.712659	0.712947	0.713234	0.713296	0.713358	0.713572	0.713786	0.713745	0.713705	0.713829	0.713954	0.713836	
0.714033	0.713969	0.713999	0.714028	0.713877	0.713727	0.713693	0.71366	0.713483	0.713306	0.71317	0.713034	0.712742	0.712451	0.712189	0.711927	0.711627	0.711328	0.711106	0.710884	0.710807	0.710731	0.711094	0.711458	0.712819	0.71418	0.716149	0.718119	0.718525	0.718932	0.718332	0.717732	0.717968	0.718204	0.718875	0.719547	0.71934	0.719133	0.717854	0.716575	0.715263	0.71395	0.712625	0.7113	0.711155	0.71101	0.711104	0.711198	0.711424	0.711649	0.711959	0.712268	0.712463	0.712657	0.712945	0.713233	0.713329	0.713425	0.713629	0.713834	0.713862	0.713889	0.713993	0.714096	0.714033	
0.714308	0.714269	0.714289	0.71431	0.714189	0.714068	0.714032	0.713996	0.713825	0.713655	0.713523	0.713392	0.713114	0.712837	0.712582	0.712327	0.711952	0.711577	0.711293	0.711008	0.710856	0.710703	0.710887	0.711072	0.712191	0.71331	0.715028	0.716747	0.717586	0.718424	0.718379	0.718334	0.718435	0.718537	0.720207	0.721878	0.721002	0.720126	0.71856	0.716994	0.715583	0.714172	0.71282	0.711468	0.711304	0.711139	0.71127	0.711401	0.711641	0.71188	0.712194	0.712508	0.712714	0.71292	0.713194	0.713469	0.713587	0.713705	0.713892	0.71408	0.714122	0.714164	0.714256	0.714347	0.714308	
0.714584	0.714569	0.71458	0.714591	0.7145	0.71441	0.714371	0.714332	0.714167	0.714003	0.713876	0.713749	0.713486	0.713222	0.712975	0.712728	0.712278	0.711827	0.711479	0.711132	0.710904	0.710676	0.710681	0.710685	0.711563	0.71244	0.713907	0.715375	0.716646	0.717917	0.718426	0.718935	0.718903	0.71887	0.721539	0.724209	0.722664	0.721119	0.719267	0.717414	0.715904	0.714394	0.713015	0.711637	0.711453	0.711269	0.711436	0.711604	0.711857	0.712111	0.71243	0.712748	0.712965	0.713182	0.713443	0.713704	0.713845	0.713985	0.714155	0.714326	0.714382	0.714439	0.714519	0.714599	0.714584	
0.714921	0.714944	0.714942	0.71494	0.714884	0.714827	0.714781	0.714735	0.714577	0.714419	0.714294	0.714169	0.713897	0.713625	0.713382	0.713139	0.71272	0.712301	0.711938	0.711575	0.711209	0.710843	0.710783	0.710723	0.711317	0.711911	0.713131	0.714352	0.715611	0.71687	0.717952	0.719033	0.718971	0.71891	0.722585	0.72626	0.724221	0.722182	0.719902	0.717623	0.716053	0.714483	0.713148	0.711813	0.711665	0.711517	0.711701	0.711886	0.712146	0.712405	0.712724	0.713042	0.713263	0.713483	0.713727	0.713971	0.714131	0.71429	0.714441	0.714592	0.714683	0.714774	0.714836	0.714897	0.714921	
0.715257	0.715319	0.715304	0.71529	0.715267	0.715244	0.715191	0.715139	0.714986	0.714834	0.714711	0.714589	0.714308	0.714027	0.713789	0.71355	0.713162	0.712774	0.712396	0.712018	0.711514	0.71101	0.710885	0.71076	0.711071	0.711381	0.712355	0.713328	0.714576	0.715824	0.717477	0.71913	0.71904	0.71895	0.72363	0.728311	0.725778	0.723245	0.720538	0.717832	0.716203	0.714573	0.713281	0.711989	0.711877	0.711764	0.711966	0.712168	0.712434	0.7127	0.713018	0.713336	0.71356	0.713785	0.714011	0.714238	0.714417	0.714596	0.714727	0.714858	0.714984	0.715109	0.715153	0.715196	0.715257	
0.715601	0.715685	0.715662	0.715638	0.715638	0.715638	0.715578	0.715519	0.715379	0.715239	0.715117	0.714994	0.714723	0.714451	0.714219	0.713987	0.7136	0.713213	0.712871	0.71253	0.712028	0.711526	0.711293	0.711059	0.711259	0.711459	0.712276	0.713093	0.71438	0.715667	0.718194	0.720721	0.720426	0.720132	0.724853	0.729574	0.726674	0.723773	0.720726	0.71768	0.715995	0.714309	0.713225	0.712141	0.712063	0.711985	0.712244	0.712504	0.712787	0.71307	0.713387	0.713703	0.71393	0.714157	0.714365	0.714572	0.71476	0.714948	0.71506	0.715172	0.715315	0.715458	0.715488	0.715517	0.715601	
0.715945	0.716052	0.716019	0.715986	0.716009	0.716033	0.715966	0.715898	0.715771	0.715644	0.715522	0.7154	0.715137	0.714875	0.714649	0.714424	0.714038	0.713651	0.713346	0.713042	0.712542	0.712042	0.7117	0.711358	0.711447	0.711536	0.712197	0.712859	0.714184	0.71551	0.71891	0.722311	0.721812	0.721313	0.726076	0.730838	0.72757	0.724301	0.720914	0.717528	0.715786	0.714045	0.713169	0.712293	0.712249	0.712206	0.712523	0.71284	0.71314	0.713441	0.713756	0.71407	0.7143	0.714529	0.714718	0.714907	0.715104	0.7153	0.715393	0.715486	0.715647	0.715807	0.715823	0.715839	0.715945	
0.716221	0.716334	0.716296	0.716257	0.716292	0.716326	0.716253	0.71618	0.716067	0.715954	0.71583	0.715707	0.715462	0.715217	0.714998	0.714779	0.714412	0.714045	0.713735	0.713425	0.712976	0.712527	0.712141	0.711754	0.711774	0.711794	0.712511	0.713228	0.714953	0.716678	0.72057	0.724463	0.723141	0.72182	0.726473	0.731126	0.727099	0.723072	0.719374	0.715676	0.714307	0.712939	0.7126	0.71226	0.712328	0.712395	0.712778	0.713161	0.713483	0.713805	0.714115	0.714425	0.714652	0.71488	0.715052	0.715224	0.715417	0.71561	0.715689	0.715767	0.715929	0.716092	0.716099	0.716107	0.716221	
0.716496	0.716617	0.716573	0.716529	0.716574	0.716619	0.716541	0.716462	0.716363	0.716264	0.716139	0.716014	0.715787	0.71556	0.715347	0.715134	0.714787	0.71444	0.714124	0.713808	0.71341	0.713012	0.712581	0.712151	0.712101	0.712052	0.712825	0.713598	0.715722	0.717845	0.72223	0.726554	0.730166	0.726625	0.726148	0.731415	0.726629	0.721843	0.717833	0.713823	0.712828	0.711833	0.71203	0.712228	0.712406	0.712585	0.713034	0.713483	0.713826	0.714169	0.714474	0.71478	0.715005	0.71523	0.715386	0.715542	0.715731	0.71592	0.715984	0.716049	0.716212	0.716376	0.716376	0.716376	0.716496	
0.716655	0.716772	0.716727	0.716681	0.716728	0.716776	0.716695	0.716614	0.716525	0.716437	0.716311	0.716184	0.715977	0.715769	0.71556	0.71535	0.715028	0.714706	0.714381	0.714056	0.713676	0.713295	0.712802	0.712308	0.712324	0.71234	0.713244	0.714147	0.716896	0.719645	0.720767	0.728623	0.728885	0.724404	0.725268	0.72981	0.724396	0.718982	0.715444	0.711906	0.711453	0.711001	0.711589	0.712177	0.712458	0.712739	0.713241	0.713742	0.714103	0.714463	0.714761	0.715058	0.715275	0.715492	0.715635	0.715778	0.715953	0.716129	0.716186	0.716242	0.716392	0.716543	0.716541	0.716538	0.716655	
0.716814	0.716927	0.71688	0.716833	0.716883	0.716932	0.716849	0.716765	0.716688	0.716611	0.716483	0.716355	0.716167	0.715979	0.715773	0.715566	0.715269	0.714972	0.714639	0.714305	0.713942	0.713579	0.713022	0.712466	0.712547	0.712629	0.713663	0.714697	0.718071	0.721214	0.726373	0.723645	0.715363	0.715273	0.724051	0.726603	0.721894	0.716121	0.713055	0.709988	0.710078	0.710169	0.711148	0.712126	0.71251	0.712894	0.713448	0.714002	0.71438	0.714758	0.715047	0.715336	0.715545	0.715753	0.715884	0.716014	0.716176	0.716338	0.716387	0.716435	0.716572	0.716709	0.716705	0.716701	0.716814	
0.716847	0.716936	0.716893	0.71685	0.716885	0.71692	0.716835	0.71675	0.716688	0.716626	0.716492	0.716357	0.716203	0.716049	0.715841	0.715634	0.715364	0.715094	0.714751	0.714408	0.71405	0.713692	0.713078	0.712463	0.71255	0.712636	0.713678	0.71472	0.718095	0.722892	0.727075	0.715207	0.669912	0.707997	0.724786	0.725401	0.719636	0.714205	0.71156	0.708914	0.709437	0.709961	0.711043	0.712126	0.712584	0.713042	0.71361	0.714179	0.714556	0.714933	0.715213	0.715492	0.715691	0.715891	0.716013	0.716136	0.716282	0.716429	0.716475	0.716521	0.716641	0.716762	0.716759	0.716757	0.716847	
0.716879	0.716945	0.716906	0.716867	0.716888	0.716908	0.716822	0.716736	0.716689	0.716642	0.7165	0.716358	0.716239	0.716119	0.71591	0.715701	0.715458	0.715215	0.714863	0.714511	0.714158	0.713805	0.713133	0.712461	0.712552	0.712643	0.713693	0.714742	0.718119	0.722128	0.724762	0.693872	0.660105	0.714784	0.728022	0.725599	0.718527	0.712289	0.710064	0.70784	0.708797	0.709753	0.710939	0.712126	0.712657	0.713189	0.713773	0.714356	0.714733	0.715109	0.715379	0.715648	0.715838	0.716028	0.716143	0.716257	0.716389	0.71652	0.716563	0.716606	0.71671	0.716814	0.716813	0.716812	0.716879	
0.716705	0.716732	0.716707	0.716682	0.716684	0.716685	0.716612	0.716538	0.716503	0.716469	0.716344	0.716219	0.716121	0.716023	0.715818	0.715613	0.715389	0.715166	0.714803	0.71444	0.714096	0.713752	0.712933	0.712114	0.711975	0.711836	0.712461	0.713086	0.716296	0.717926	0.720819	0.689543	0.682875	0.725617	0.731303	0.726247	0.717987	0.711303	0.709573	0.707844	0.708883	0.709921	0.711048	0.712174	0.712738	0.713301	0.713875	0.714448	0.714812	0.715176	0.715431	0.715686	0.715856	0.716026	0.716136	0.716245	0.716352	0.716458	0.716503	0.716548	0.716602	0.716655	0.716666	0.716677	0.716705	
0.716531	0.716519	0.716508	0.716496	0.716479	0.716462	0.716401	0.71634	0.716318	0.716295	0.716187	0.71608	0.716003	0.715927	0.715725	0.715524	0.71532	0.715116	0.714742	0.714368	0.714034	0.713699	0.712733	0.711768	0.711399	0.71103	0.71123	0.71143	0.714473	0.712087	0.716323	0.706133	0.695966	0.731117	0.732822	0.72667	0.717582	0.710318	0.709082	0.707848	0.708968	0.710089	0.711156	0.712223	0.712818	0.713413	0.713977	0.71454	0.714891	0.715242	0.715483	0.715724	0.715874	0.716025	0.716129	0.716233	0.716314	0.716396	0.716443	0.71649	0.716494	0.716497	0.71652	0.716542	0.716531	
0.716237	0.716218	0.716213	0.716209	0.716177	0.716145	0.716094	0.716043	0.716008	0.715973	0.715871	0.715768	0.715689	0.71561	0.715422	0.715234	0.715049	0.714865	0.714496	0.714127	0.713762	0.713398	0.71244	0.711481	0.710729	0.709976	0.709909	0.709843	0.71243	0.707805	0.711581	0.718125	0.736669	0.729637	0.732436	0.726001	0.716856	0.709652	0.709144	0.708636	0.709466	0.710295	0.711239	0.712184	0.712765	0.713345	0.713894	0.714443	0.714753	0.715063	0.715288	0.715512	0.715649	0.715787	0.71589	0.715993	0.71605	0.716108	0.716159	0.71621	0.716206	0.716202	0.71623	0.716257	0.716237	
0.715944	0.715916	0.715919	0.715922	0.715875	0.715828	0.715787	0.715746	0.715699	0.715652	0.715554	0.715456	0.715374	0.715293	0.715118	0.714944	0.714779	0.714613	0.714249	0.713885	0.713491	0.713097	0.712146	0.711194	0.710058	0.708923	0.708589	0.708255	0.710387	0.705304	0.706477	0.711593	0.733751	0.724436	0.725847	0.722049	0.714958	0.708985	0.709205	0.709424	0.709963	0.710501	0.711323	0.712145	0.712711	0.713278	0.713812	0.714347	0.714616	0.714885	0.715092	0.715299	0.715424	0.715549	0.715652	0.715754	0.715787	0.715819	0.715874	0.715929	0.715918	0.715907	0.71594	0.715972	0.715944	
0.715589	0.715548	0.715557	0.715565	0.715509	0.715452	0.715421	0.71539	0.71534	0.715291	0.715205	0.715118	0.715042	0.714965	0.7148	0.714635	0.714471	0.714307	0.713954	0.713601	0.713192	0.712782	0.711835	0.710887	0.709521	0.708155	0.70749	0.706824	0.708253	0.703256	0.704134	0.708367	0.718931	0.716188	0.716212	0.713784	0.710643	0.707835	0.708602	0.70937	0.709821	0.710272	0.711133	0.711994	0.712536	0.713077	0.713567	0.714057	0.714325	0.714593	0.714802	0.71501	0.715129	0.715248	0.71535	0.715452	0.715476	0.715501	0.715557	0.715613	0.715586	0.71556	0.715594	0.715629	0.715589	
0.715233	0.71518	0.715194	0.715208	0.715142	0.715077	0.715055	0.715034	0.714982	0.71493	0.714855	0.714781	0.714709	0.714637	0.714481	0.714326	0.714163	0.714001	0.71366	0.713318	0.712892	0.712467	0.711524	0.710581	0.708984	0.707388	0.70639	0.705393	0.70612	0.701015	0.702828	0.705678	0.706365	0.705559	0.707107	0.703816	0.704515	0.706685	0.708	0.709316	0.709679	0.710043	0.710943	0.711844	0.71236	0.712876	0.713322	0.713768	0.714035	0.714301	0.714511	0.714721	0.714834	0.714948	0.715049	0.71515	0.715166	0.715182	0.71524	0.715297	0.715255	0.715212	0.715249	0.715286	0.715233	
0.714878	0.714828	0.714843	0.714857	0.714792	0.714726	0.714711	0.714696	0.71464	0.714583	0.714518	0.714454	0.714376	0.714298	0.714155	0.714012	0.713845	0.713677	0.713358	0.713038	0.712596	0.712153	0.711251	0.710349	0.708637	0.706925	0.705621	0.704318	0.704732	0.698772	0.701581	0.698776	0.696223	0.698869	0.699722	0.696259	0.699022	0.702666	0.705006	0.707345	0.708313	0.709281	0.710321	0.711361	0.711928	0.712495	0.712957	0.713419	0.713683	0.713947	0.714154	0.714361	0.714476	0.714591	0.714691	0.71479	0.714809	0.714827	0.714883	0.714939	0.714899	0.71486	0.714894	0.714929	0.714878	
0.714524	0.714476	0.714491	0.714507	0.714441	0.714375	0.714367	0.714358	0.714297	0.714236	0.714181	0.714127	0.714043	0.713959	0.713828	0.713698	0.713526	0.713353	0.713056	0.712758	0.712299	0.711839	0.710978	0.710117	0.708289	0.706462	0.704852	0.703242	0.703344	0.696563	0.698926	0.697747	0.696306	0.696462	0.694292	0.692741	0.695562	0.698647	0.702011	0.705375	0.706948	0.70852	0.709699	0.710879	0.711496	0.712113	0.712592	0.713071	0.713331	0.713592	0.713797	0.714002	0.714119	0.714235	0.714333	0.71443	0.714451	0.714471	0.714526	0.714581	0.714544	0.714507	0.714539	0.714571	0.714524	
0.714239	0.714205	0.714216	0.714227	0.71417	0.714112	0.714106	0.7141	0.714037	0.713975	0.713927	0.71388	0.71379	0.7137	0.71358	0.713461	0.713286	0.71311	0.712837	0.712564	0.712131	0.711698	0.710875	0.710053	0.708558	0.707062	0.70523	0.703397	0.702473	0.695255	0.695469	0.69502	0.694411	0.694255	0.692413	0.691351	0.693494	0.696777	0.700482	0.704186	0.706112	0.708038	0.709287	0.710535	0.711185	0.711835	0.712295	0.712755	0.713014	0.713274	0.713473	0.713672	0.713795	0.713918	0.71401	0.714101	0.714135	0.714168	0.714217	0.714266	0.714244	0.714221	0.714247	0.714274	0.714239	
0.713955	0.713934	0.713941	0.713948	0.713899	0.71385	0.713845	0.713841	0.713777	0.713713	0.713673	0.713632	0.713537	0.713441	0.713332	0.713224	0.713046	0.712867	0.712619	0.71237	0.711963	0.711556	0.710773	0.70999	0.708826	0.707663	0.705608	0.703552	0.701602	0.696232	0.693618	0.692683	0.692968	0.692559	0.690759	0.687075	0.690991	0.694908	0.698953	0.702998	0.705277	0.707556	0.708874	0.710192	0.710874	0.711556	0.711998	0.712439	0.712697	0.712955	0.713149	0.713343	0.713472	0.713601	0.713686	0.713772	0.713819	0.713865	0.713908	0.713952	0.713943	0.713935	0.713956	0.713977	0.713955	
0.713782	0.713777	0.71378	0.713782	0.713742	0.713702	0.713697	0.713693	0.713629	0.713565	0.713529	0.713493	0.713391	0.71329	0.713192	0.713094	0.71291	0.712726	0.712506	0.712287	0.71189	0.711493	0.710876	0.710259	0.709196	0.708133	0.706333	0.704532	0.702306	0.698501	0.694588	0.692134	0.691686	0.69122	0.690585	0.690065	0.692524	0.694984	0.698835	0.702687	0.705042	0.707398	0.708716	0.710035	0.710716	0.711396	0.711819	0.712242	0.712496	0.712749	0.712934	0.713118	0.713251	0.713384	0.713461	0.713537	0.7136	0.713662	0.713698	0.713734	0.713747	0.71376	0.713774	0.713788	0.713782	
0.71361	0.71362	0.713619	0.713617	0.713586	0.713554	0.713549	0.713545	0.713481	0.713417	0.713385	0.713353	0.713246	0.713139	0.713052	0.712965	0.712774	0.712584	0.712394	0.712203	0.711817	0.711431	0.71098	0.710529	0.709566	0.708604	0.707058	0.705512	0.70301	0.700508	0.695559	0.69061	0.690381	0.690152	0.691603	0.693055	0.694057	0.69506	0.698718	0.702376	0.704808	0.707239	0.708558	0.709878	0.710557	0.711236	0.711641	0.712046	0.712294	0.712543	0.712718	0.712894	0.71303	0.713167	0.713235	0.713303	0.713381	0.71346	0.713488	0.713516	0.713551	0.713586	0.713592	0.713599	0.71361	
0.713539	0.713565	0.71356	0.713555	0.71353	0.713506	0.7135	0.713494	0.713431	0.713368	0.713337	0.713306	0.713197	0.713087	0.713005	0.712922	0.712732	0.712541	0.712362	0.712182	0.711842	0.711502	0.71111	0.710718	0.70997	0.709223	0.707989	0.706755	0.704778	0.702801	0.69892	0.69504	0.69469	0.694341	0.69523	0.696119	0.697199	0.698279	0.701319	0.704359	0.70619	0.708021	0.709093	0.710165	0.710701	0.711238	0.711607	0.711977	0.712218	0.71246	0.712624	0.712789	0.712925	0.713062	0.713124	0.713185	0.713274	0.713363	0.713386	0.713409	0.713461	0.713513	0.713513	0.713513	0.713539	
0.713468	0.713509	0.713501	0.713492	0.713475	0.713458	0.71345	0.713443	0.713381	0.71332	0.713289	0.713259	0.713147	0.713036	0.712958	0.71288	0.712689	0.712499	0.71233	0.712161	0.711867	0.711574	0.71124	0.710906	0.710374	0.709842	0.70892	0.707998	0.706546	0.705094	0.702282	0.69947	0.699	0.698531	0.698857	0.699183	0.700341	0.701498	0.703921	0.706343	0.707573	0.708802	0.709627	0.710452	0.710846	0.711239	0.711573	0.711908	0.712142	0.712376	0.71253	0.712683	0.71282	0.712957	0.713013	0.713068	0.713167	0.713266	0.713284	0.713303	0.713372	0.713441	0.713434	0.713427	0.713468	
0.713523	0.713585	0.713568	0.713551	0.713556	0.713561	0.713547	0.713532	0.71348	0.713428	0.713398	0.713369	0.713258	0.713147	0.713083	0.713018	0.712834	0.712649	0.712513	0.712377	0.712098	0.711818	0.711551	0.711283	0.710822	0.71036	0.709685	0.709009	0.708024	0.707039	0.705149	0.703259	0.702249	0.701239	0.701259	0.701279	0.702582	0.703885	0.70577	0.707656	0.708565	0.709473	0.710143	0.710813	0.711154	0.711495	0.711775	0.712056	0.712256	0.712456	0.712573	0.712689	0.712829	0.712968	0.713019	0.71307	0.713178	0.713287	0.713303	0.713319	0.7134	0.71348	0.71347	0.713461	0.713523	
0.713578	0.713661	0.713635	0.71361	0.713637	0.713665	0.713643	0.713621	0.713579	0.713536	0.713507	0.713478	0.713368	0.713259	0.713207	0.713156	0.712978	0.7128	0.712697	0.712594	0.712328	0.712062	0.711861	0.71166	0.711269	0.710878	0.710449	0.710021	0.709502	0.708983	0.708016	0.707049	0.705498	0.703947	0.703661	0.703376	0.704823	0.706271	0.70762	0.708969	0.709557	0.710144	0.710659	0.711174	0.711462	0.71175	0.711977	0.712204	0.71237	0.712536	0.712616	0.712695	0.712837	0.712979	0.713026	0.713072	0.71319	0.713308	0.713322	0.713335	0.713427	0.71352	0.713507	0.713494	0.713578	
0.713741	0.713806	0.713789	0.713771	0.71379	0.713809	0.713789	0.713768	0.713728	0.713688	0.713658	0.713628	0.713529	0.713429	0.713378	0.713327	0.713166	0.713005	0.712909	0.712812	0.71258	0.712348	0.712169	0.711989	0.711662	0.711335	0.710993	0.71065	0.710194	0.709737	0.709069	0.708401	0.707303	0.706205	0.70602	0.705835	0.706825	0.707814	0.708788	0.709763	0.710252	0.71074	0.711155	0.71157	0.711818	0.712066	0.712264	0.712463	0.712617	0.712771	0.712857	0.712943	0.713072	0.713201	0.713243	0.713286	0.713392	0.713498	0.713512	0.713525	0.713607	0.713689	0.713683	0.713677	0.713741	
0.713905	0.713952	0.713942	0.713932	0.713943	0.713953	0.713934	0.713915	0.713877	0.71384	0.713809	0.713778	0.713689	0.713599	0.713549	0.713498	0.713354	0.71321	0.713121	0.713031	0.712833	0.712635	0.712476	0.712318	0.712056	0.711793	0.711536	0.711279	0.710885	0.710492	0.710122	0.709753	0.709108	0.708462	0.708379	0.708295	0.708826	0.709357	0.709957	0.710557	0.710946	0.711336	0.711651	0.711967	0.712174	0.712381	0.712552	0.712722	0.712865	0.713007	0.713099	0.713191	0.713307	0.713422	0.713461	0.713501	0.713594	0.713687	0.713701	0.713716	0.713787	0.713857	0.713858	0.713859	0.713905	
0.714091	0.714123	0.71412	0.714116	0.714123	0.71413	0.714112	0.714095	0.714063	0.71403	0.714001	0.713971	0.713895	0.71382	0.713772	0.713724	0.713604	0.713484	0.7134	0.713316	0.713154	0.712992	0.712851	0.71271	0.712501	0.712292	0.712063	0.711833	0.711543	0.711253	0.710946	0.71064	0.710218	0.709797	0.709762	0.709728	0.710117	0.710506	0.710931	0.711356	0.71165	0.711944	0.712195	0.712446	0.712621	0.712796	0.712939	0.713081	0.713203	0.713324	0.713401	0.713479	0.713575	0.713672	0.713709	0.713746	0.713822	0.713899	0.713915	0.713932	0.713988	0.714045	0.714052	0.714059	0.714091	
0.714278	0.714295	0.714298	0.7143	0.714303	0.714306	0.714291	0.714275	0.714248	0.714221	0.714192	0.714164	0.714102	0.71404	0.713995	0.713949	0.713853	0.713757	0.713679	0.713601	0.713476	0.71335	0.713226	0.713102	0.712946	0.71279	0.712589	0.712388	0.712201	0.712013	0.71177	0.711527	0.711329	0.711131	0.711146	0.711161	0.711408	0.711654	0.711905	0.712156	0.712354	0.712552	0.712738	0.712924	0.713068	0.713212	0.713326	0.71344	0.71354	0.71364	0.713703	0.713766	0.713844	0.713922	0.713957	0.713991	0.714051	0.71411	0.714129	0.714148	0.71419	0.714233	0.714246	0.71426	0.714278	
0.714478	0.714474	0.714484	0.714494	0.714489	0.714484	0.714473	0.714461	0.714438	0.714415	0.714389	0.714363	0.714318	0.714274	0.714229	0.714185	0.714118	0.714051	0.713975	0.713899	0.713812	0.713726	0.713607	0.713489	0.713383	0.713278	0.713107	0.712936	0.7128	0.712664	0.712482	0.712301	0.712159	0.712017	0.712004	0.711991	0.71219	0.712389	0.712578	0.712767	0.71294	0.713114	0.713259	0.713403	0.713524	0.713646	0.713739	0.713833	0.713913	0.713993	0.714048	0.714103	0.714159	0.714215	0.714249	0.714283	0.714319	0.714355	0.714377	0.7144	0.714419	0.714439	0.71446	0.714482	0.714478	
0.714678	0.714652	0.71467	0.714688	0.714675	0.714662	0.714655	0.714647	0.714629	0.71461	0.714586	0.714562	0.714535	0.714507	0.714464	0.71442	0.714383	0.714346	0.714271	0.714197	0.714149	0.714101	0.713989	0.713877	0.713821	0.713765	0.713624	0.713483	0.713399	0.713314	0.713194	0.713075	0.712988	0.712902	0.712861	0.71282	0.712972	0.713123	0.713251	0.713378	0.713527	0.713676	0.713779	0.713882	0.713981	0.714079	0.714152	0.714225	0.714285	0.714346	0.714393	0.71444	0.714474	0.714508	0.714541	0.714575	0.714587	0.714599	0.714625	0.714652	0.714649	0.714645	0.714675	0.714704	0.714678	
0.714868	0.714825	0.714849	0.714872	0.714853	0.714833	0.71483	0.714827	0.714812	0.714797	0.714777	0.714757	0.714744	0.71473	0.714689	0.714649	0.714635	0.714622	0.714551	0.71448	0.714463	0.714447	0.714339	0.714231	0.714211	0.714191	0.714056	0.71392	0.713875	0.713829	0.713714	0.713598	0.713566	0.713534	0.713501	0.713469	0.7136	0.713732	0.713818	0.713903	0.714033	0.714164	0.714238	0.714312	0.714393	0.714475	0.714531	0.714588	0.71463	0.714672	0.714713	0.714753	0.714767	0.714782	0.714814	0.714847	0.714839	0.71483	0.714859	0.714887	0.714865	0.714843	0.714877	0.714912	0.714868	
0.715058	0.714997	0.715027	0.715057	0.715031	0.715004	0.715006	0.715008	0.714996	0.714984	0.714968	0.714952	0.714952	0.714953	0.714915	0.714877	0.714888	0.714899	0.714831	0.714763	0.714778	0.714792	0.714688	0.714585	0.714601	0.714617	0.714487	0.714357	0.714351	0.714345	0.714233	0.714121	0.714144	0.714166	0.714142	0.714117	0.714229	0.714341	0.714385	0.714429	0.71454	0.714651	0.714697	0.714742	0.714806	0.71487	0.71491	0.71495	0.714975	0.714999	0.715033	0.715066	0.715061	0.715056	0.715088	0.715119	0.71509	0.715061	0.715092	0.715123	0.715082	0.71504	0.71508	0.715119	0.715058	
0.715235	0.715167	0.715199	0.715231	0.715201	0.715172	0.715177	0.715183	0.715173	0.715164	0.715152	0.71514	0.71515	0.715159	0.715126	0.715093	0.715117	0.715141	0.715081	0.715021	0.715052	0.715083	0.714989	0.714896	0.714931	0.714966	0.714852	0.714738	0.714751	0.714765	0.714668	0.714571	0.714601	0.714631	0.714603	0.714575	0.714675	0.714775	0.714803	0.714831	0.714927	0.715023	0.715052	0.715082	0.715131	0.71518	0.71521	0.71524	0.715252	0.715264	0.715292	0.715319	0.715302	0.715285	0.715314	0.715344	0.715304	0.715264	0.715294	0.715324	0.715274	0.715224	0.715263	0.715303	0.715235	
0.715412	0.715337	0.715371	0.715405	0.715372	0.715339	0.715348	0.715358	0.715351	0.715344	0.715337	0.715329	0.715347	0.715365	0.715337	0.715309	0.715345	0.715382	0.71533	0.715278	0.715325	0.715373	0.71529	0.715208	0.715261	0.715315	0.715217	0.715119	0.715152	0.715185	0.715103	0.715021	0.715059	0.715096	0.715064	0.715032	0.715121	0.715209	0.715222	0.715234	0.715314	0.715395	0.715408	0.715421	0.715456	0.715491	0.71551	0.715529	0.715529	0.715528	0.71555	0.715573	0.715543	0.715514	0.715541	0.715569	0.715518	0.715466	0.715495	0.715525	0.715466	0.715407	0.715447	0.715486	0.715412	
0.715569	0.715504	0.715533	0.715562	0.715533	0.715504	0.715514	0.715523	0.715518	0.715513	0.715509	0.715505	0.715522	0.71554	0.715519	0.715498	0.715533	0.715567	0.715527	0.715486	0.715531	0.715577	0.71551	0.715444	0.715497	0.71555	0.715469	0.715387	0.715424	0.71546	0.715392	0.715323	0.715364	0.715404	0.715375	0.715346	0.71542	0.715494	0.715497	0.715501	0.715564	0.715628	0.715634	0.715639	0.715664	0.715689	0.715701	0.715713	0.715708	0.715702	0.715719	0.715737	0.715705	0.715674	0.715698	0.715721	0.715673	0.715624	0.715649	0.715674	0.71562	0.715567	0.715601	0.715634	0.715569	
0.715726	0.71567	0.715695	0.71572	0.715694	0.715669	0.715679	0.715689	0.715686	0.715682	0.715681	0.71568	0.715698	0.715715	0.715701	0.715687	0.71572	0.715753	0.715723	0.715693	0.715737	0.715781	0.715731	0.71568	0.715732	0.715784	0.71572	0.715656	0.715696	0.715736	0.71568	0.715625	0.715669	0.715713	0.715686	0.715659	0.715718	0.715778	0.715772	0.715767	0.715814	0.715862	0.715859	0.715857	0.715872	0.715886	0.715892	0.715897	0.715887	0.715877	0.715888	0.7159	0.715867	0.715835	0.715854	0.715873	0.715828	0.715782	0.715802	0.715823	0.715775	0.715727	0.715755	0.715782	0.715726	
0.715864	0.715828	0.715844	0.715859	0.715844	0.715828	0.715835	0.715841	0.715839	0.715837	0.715837	0.715837	0.715848	0.715859	0.715851	0.715843	0.715865	0.715886	0.715868	0.71585	0.715878	0.715907	0.715877	0.715848	0.715879	0.715911	0.715875	0.715839	0.715861	0.715884	0.715854	0.715824	0.715848	0.715872	0.715856	0.71584	0.715875	0.71591	0.715906	0.715902	0.71593	0.715958	0.715956	0.715954	0.715962	0.71597	0.715973	0.715976	0.715969	0.715963	0.715969	0.715976	0.715956	0.715936	0.715947	0.715958	0.715929	0.7159	0.715913	0.715926	0.715896	0.715865	0.715882	0.715899	0.715864	
0.716001	0.715987	0.715993	0.715999	0.715993	0.715987	0.71599	0.715993	0.715992	0.715992	0.715993	0.715993	0.715998	0.716004	0.716001	0.715998	0.716009	0.71602	0.716013	0.716006	0.716019	0.716032	0.716024	0.716016	0.716026	0.716037	0.716029	0.716022	0.716027	0.716032	0.716027	0.716022	0.716027	0.716031	0.716026	0.716021	0.716032	0.716042	0.71604	0.716037	0.716046	0.716055	0.716052	0.71605	0.716052	0.716055	0.716055	0.716055	0.716052	0.716048	0.71605	0.716052	0.716045	0.716037	0.71604	0.716044	0.716031	0.716018	0.716024	0.71603	0.716016	0.716002	0.716009	0.716015	0.716001	
0.716069	0.716069	0.716069	0.716069	0.716069	0.716069	0.716069	0.716069	0.716069	0.716069	0.716069	0.716069	0.716069	0.716069	0.716069	0.716069	0.716069	0.716069	0.716069	0.716069	0.716069	0.716069	0.716069	0.716069	0.716069	0.716069	0.716069	0.716069	0.716069	0.716069	0.716069	0.716069	0.716069	0.716069	0.716069	0.716069	0.716069	0.716069	0.716069	0.716069	0.716069	0.716069	0.716069	0.716069	0.716069	0.716069	0.716069	0.716069	0.716069	0.716069	0.716069	0.716069	0.716069	0.716069	0.716069	0.716069	0.716069	0.716069	0.716069	0.716069	0.716069	0.716069	0.716069	0.716069	0.716069	
