x=125	y=200	z=200	n=65	len=1
b
0	0	0	0	0	0	0	0	0	0	0	0	0	0	0	0	0	0	0	0	0	0	0	0	0	0	0	0	0	0	0	0	0	0	0	0	0	0	0	0	0	0	0	0	0	0	0	0	0	0	0	0	0	0	0	0	0	0	0	0	0	0	0	0	0	
0.0202311	0.0201289	0.0203787	0.0209096	0.0208314	0.0202743	0.0205699	0.0219359	0.022921	0.0238957	0.0240508	0.0233422	0.0221377	0.0207022	0.0215653	0.022551	0.0217442	0.0215844	0.0227716	0.0226366	0.0224141	0.0231236	0.0238412	0.0247647	0.0243718	0.0239788	0.0242156	0.0245761	0.0242559	0.0234324	0.0231408	0.0219542	0.0220596	0.0220238	0.023217	0.0235438	0.0243622	0.0246759	0.0258138	0.0269517	0.0250221	0.0230462	0.0230794	0.0231477	0.0239319	0.0243119	0.0248989	0.025486	0.0237383	0.0219863	0.0212035	0.0212411	0.0218883	0.0227206	0.0229565	0.0223106	0.0210541	0.0202002	0.0198311	0.0196798	0.0197389	0.019749	0.0200905	0.0201453	0.0202311	
0.044192	0.0442888	0.0444629	0.0448149	0.0447194	0.0444244	0.0451089	0.046544	0.0473407	0.0480373	0.0478431	0.0467744	0.0463376	0.0453214	0.0462301	0.0471532	0.0463453	0.0460384	0.0469414	0.0470764	0.0472845	0.047975	0.0483686	0.0484546	0.0479923	0.04753	0.0484471	0.0493055	0.0492883	0.0485449	0.0484585	0.0485065	0.0485357	0.0476888	0.0489636	0.0493772	0.0497666	0.0497045	0.0494239	0.0491432	0.0488104	0.0476358	0.047617	0.0475029	0.0482447	0.0489602	0.0488547	0.0487492	0.047483	0.0459726	0.045466	0.0456805	0.046315	0.0468554	0.0469643	0.0464961	0.045336	0.0442686	0.0437399	0.043395	0.0433834	0.0434208	0.0436215	0.0438466	0.044192	
0.0694588	0.0700855	0.070264	0.0704426	0.0702524	0.0700623	0.0707236	0.0713849	0.0721525	0.0729202	0.0715634	0.0702065	0.0705375	0.0708684	0.0717969	0.0727254	0.072195	0.0716645	0.0720825	0.0725004	0.0733229	0.0741453	0.0731449	0.0721445	0.0716129	0.0710813	0.0726787	0.074276	0.0754075	0.076539	0.0757989	0.0750588	0.0750118	0.0749648	0.0758835	0.0768022	0.0757677	0.0747332	0.073034	0.0713347	0.0725987	0.0738627	0.0735946	0.0733264	0.0734674	0.0736085	0.0728105	0.0720124	0.0712278	0.0704431	0.0711322	0.0718214	0.0721088	0.0723961	0.0722209	0.0720457	0.0710083	0.0699708	0.0696423	0.0693139	0.0693947	0.0694755	0.0691538	0.0688321	0.0694587	
0.0941053	0.0944716	0.0950255	0.0955793	0.0950727	0.0945661	0.095256	0.0959459	0.0967028	0.0974596	0.0964983	0.095537	0.0956761	0.0958152	0.0966047	0.0973941	0.0973153	0.0972365	0.0974878	0.0977391	0.0978796	0.0980201	0.0976883	0.0973565	0.0968007	0.0962448	0.0979779	0.099711	0.100262	0.100812	0.099517	0.0982216	0.0988438	0.0994661	0.100655	0.101844	0.100563	0.0992829	0.0986829	0.098083	0.0981428	0.0982026	0.0983425	0.0984823	0.0986475	0.0988126	0.0977478	0.096683	0.0958501	0.0950172	0.0954054	0.0957938	0.0965495	0.0973053	0.0967609	0.0962163	0.0949844	0.0937525	0.093786	0.0938197	0.0943089	0.0947981	0.0942686	0.093739	0.0941053	
0.118752	0.118858	0.119787	0.120716	0.119893	0.11907	0.119788	0.120507	0.121253	0.121999	0.121433	0.120868	0.120815	0.120762	0.121412	0.122063	0.122436	0.122809	0.122893	0.122978	0.122436	0.121895	0.122232	0.122568	0.121988	0.121408	0.123277	0.125146	0.125116	0.125086	0.123235	0.121384	0.122676	0.123967	0.125426	0.126885	0.125359	0.123833	0.124332	0.124831	0.123687	0.122543	0.12309	0.123638	0.123828	0.124017	0.122685	0.121354	0.120472	0.119591	0.119679	0.119766	0.12099	0.122214	0.121301	0.120387	0.118961	0.117534	0.11793	0.118325	0.119223	0.120121	0.119383	0.118646	0.118752	
0.142649	0.142835	0.143708	0.144581	0.143596	0.142612	0.143292	0.143972	0.144661	0.145351	0.144935	0.14452	0.144109	0.143698	0.14452	0.145342	0.145625	0.145909	0.146163	0.146417	0.145321	0.144225	0.144616	0.145008	0.144558	0.144108	0.145542	0.146975	0.146687	0.146398	0.144534	0.14267	0.144189	0.145708	0.146988	0.148268	0.146979	0.14569	0.146356	0.147022	0.145606	0.144191	0.14539	0.146589	0.146384	0.14618	0.145209	0.144238	0.143159	0.14208	0.142315	0.142551	0.143785	0.145019	0.144053	0.143086	0.141999	0.140913	0.141295	0.141678	0.142526	0.143375	0.142919	0.142462	0.142649	
0.166546	0.166813	0.167629	0.168446	0.1673	0.166154	0.166795	0.167437	0.16807	0.168703	0.168438	0.168172	0.167403	0.166634	0.167627	0.168621	0.168815	0.169009	0.169433	0.169857	0.168206	0.166555	0.167001	0.167448	0.167128	0.166808	0.167806	0.168804	0.168257	0.167711	0.165834	0.163956	0.165703	0.167449	0.16855	0.169651	0.168599	0.167547	0.168379	0.169212	0.167526	0.165839	0.167689	0.169539	0.168941	0.168343	0.167732	0.167122	0.165845	0.164569	0.164952	0.165335	0.166579	0.167823	0.166804	0.165786	0.165038	0.164291	0.164661	0.16503	0.16583	0.166629	0.166454	0.166279	0.166546	
0.189741	0.190138	0.190626	0.191114	0.190465	0.189817	0.190182	0.190547	0.19094	0.191332	0.191079	0.190827	0.190189	0.189551	0.190448	0.191345	0.191205	0.191065	0.191514	0.191964	0.190551	0.189137	0.189363	0.189588	0.189094	0.188599	0.189324	0.19005	0.189655	0.18926	0.187941	0.186621	0.187936	0.189252	0.189922	0.190593	0.189781	0.188969	0.189808	0.190647	0.189182	0.187717	0.189469	0.191221	0.190475	0.189728	0.189605	0.189482	0.18856	0.187638	0.187927	0.188216	0.188993	0.18977	0.18917	0.18857	0.188308	0.188046	0.188243	0.18844	0.188963	0.189485	0.189415	0.189344	0.189741	
0.212936	0.213464	0.213622	0.213781	0.21363	0.213479	0.213569	0.213658	0.213809	0.21396	0.213721	0.213481	0.212975	0.212469	0.213269	0.214068	0.213594	0.21312	0.213596	0.214071	0.212896	0.21172	0.211724	0.211728	0.211059	0.21039	0.210843	0.211296	0.211053	0.210809	0.210048	0.209286	0.21017	0.211054	0.211295	0.211535	0.210963	0.21039	0.211237	0.212083	0.210839	0.209595	0.211249	0.212904	0.212008	0.211113	0.211478	0.211843	0.211275	0.210707	0.210902	0.211096	0.211406	0.211716	0.211535	0.211355	0.211578	0.211801	0.211826	0.21185	0.212096	0.212342	0.212375	0.212409	0.212936	
0.235969	0.236369	0.2364	0.236432	0.236595	0.236758	0.236789	0.23682	0.236668	0.236517	0.236437	0.236358	0.23611	0.235861	0.236281	0.236701	0.236144	0.235587	0.235925	0.236262	0.235418	0.234574	0.234548	0.234523	0.233748	0.232972	0.233166	0.23336	0.233157	0.232953	0.232689	0.232424	0.232837	0.23325	0.233282	0.233315	0.232914	0.232513	0.233438	0.234363	0.233327	0.23229	0.233579	0.234869	0.234078	0.233287	0.233905	0.234524	0.234319	0.234114	0.234244	0.234374	0.234351	0.234328	0.234446	0.234564	0.23493	0.235296	0.23523	0.235164	0.235383	0.235602	0.235586	0.235569	0.235969	
0.259002	0.259275	0.259179	0.259082	0.259559	0.260036	0.260009	0.259982	0.259527	0.259073	0.259154	0.259235	0.259244	0.259254	0.259293	0.259333	0.258694	0.258054	0.258253	0.258453	0.25794	0.257427	0.257373	0.257318	0.256436	0.255554	0.25549	0.255425	0.255261	0.255097	0.25533	0.255562	0.255504	0.255445	0.25527	0.255096	0.254866	0.254636	0.25564	0.256644	0.255814	0.254985	0.255909	0.256834	0.256147	0.255461	0.256333	0.257205	0.257363	0.257521	0.257586	0.257651	0.257296	0.25694	0.257356	0.257772	0.258282	0.258791	0.258635	0.258479	0.258671	0.258863	0.258796	0.258729	0.259002	
0.282267	0.282499	0.28236	0.282222	0.282682	0.283142	0.283102	0.283063	0.282626	0.282189	0.282263	0.282338	0.282375	0.282411	0.282314	0.282216	0.281677	0.281137	0.281196	0.281254	0.280875	0.280496	0.280377	0.280258	0.279428	0.278599	0.278502	0.278406	0.27813	0.277854	0.278124	0.278394	0.278167	0.277941	0.277823	0.277706	0.277547	0.277388	0.278291	0.279193	0.278614	0.278035	0.278791	0.279547	0.279089	0.278631	0.279451	0.280272	0.280511	0.280749	0.280901	0.281054	0.280737	0.280421	0.280841	0.281261	0.281714	0.282166	0.282048	0.28193	0.28208	0.28223	0.282133	0.282036	0.282267	
0.305533	0.305723	0.305542	0.305361	0.305804	0.306247	0.306196	0.306145	0.305724	0.305304	0.305373	0.305442	0.305505	0.305569	0.305334	0.3051	0.30466	0.304221	0.304138	0.304056	0.30381	0.303564	0.303381	0.303198	0.302421	0.301643	0.301515	0.301388	0.300999	0.300611	0.300918	0.301225	0.300831	0.300437	0.300377	0.300316	0.300229	0.300141	0.300941	0.301742	0.301414	0.301085	0.301673	0.302261	0.302031	0.301801	0.30257	0.303339	0.303658	0.303977	0.304216	0.304456	0.304179	0.303902	0.304325	0.304749	0.305145	0.305541	0.305461	0.305381	0.305489	0.305597	0.30547	0.305343	0.305533	
0.329019	0.329154	0.329003	0.328851	0.329165	0.32948	0.32945	0.32942	0.329105	0.328789	0.32883	0.32887	0.3289	0.32893	0.328653	0.328377	0.328063	0.327749	0.327581	0.327413	0.327181	0.32695	0.326727	0.326504	0.3258	0.325096	0.324903	0.324711	0.324201	0.323692	0.323877	0.324062	0.323581	0.323101	0.32318	0.323258	0.323268	0.323277	0.323993	0.324708	0.324631	0.324553	0.325071	0.325588	0.325555	0.325522	0.326173	0.326824	0.327151	0.327477	0.327745	0.328014	0.327866	0.327719	0.328066	0.328412	0.328712	0.329011	0.328967	0.328923	0.329005	0.329087	0.328985	0.328884	0.329019	
0.352505	0.352586	0.352463	0.352341	0.352527	0.352712	0.352704	0.352696	0.352485	0.352275	0.352286	0.352298	0.352294	0.352291	0.351973	0.351654	0.351466	0.351278	0.351024	0.350771	0.350553	0.350335	0.350072	0.349809	0.349179	0.348549	0.348291	0.348034	0.347403	0.346772	0.346835	0.346898	0.346332	0.345765	0.345983	0.3462	0.346307	0.346414	0.347044	0.347675	0.347848	0.348022	0.348469	0.348916	0.349079	0.349243	0.349776	0.350309	0.350643	0.350977	0.351274	0.351572	0.351554	0.351536	0.351806	0.352076	0.352278	0.352481	0.352473	0.352464	0.35252	0.352576	0.3525	0.352424	0.352505	
0.376066	0.376115	0.376023	0.375931	0.376047	0.376162	0.376154	0.376146	0.376001	0.375856	0.375846	0.375836	0.375818	0.3758	0.375532	0.375263	0.375126	0.374988	0.374745	0.374502	0.374285	0.374067	0.373783	0.373499	0.372904	0.37231	0.372006	0.371703	0.370933	0.370163	0.369999	0.369834	0.369192	0.36855	0.368835	0.369119	0.369468	0.369817	0.3705	0.371182	0.371521	0.371861	0.372299	0.372737	0.372984	0.373231	0.373677	0.374122	0.374425	0.374727	0.375006	0.375285	0.375336	0.375387	0.375588	0.375789	0.375936	0.376084	0.376085	0.376086	0.376108	0.376131	0.376074	0.376017	0.376066	
0.399628	0.399645	0.399583	0.399521	0.399566	0.399612	0.399604	0.399596	0.399516	0.399437	0.399406	0.399375	0.399342	0.39931	0.399091	0.398872	0.398786	0.398699	0.398467	0.398234	0.398017	0.397799	0.397494	0.397189	0.39663	0.396071	0.395721	0.395372	0.394463	0.393554	0.393162	0.39277	0.392053	0.391335	0.391686	0.392037	0.392629	0.39322	0.393955	0.39469	0.395195	0.395699	0.396129	0.396559	0.396889	0.397219	0.397577	0.397936	0.398206	0.398477	0.398738	0.398999	0.399119	0.399239	0.39937	0.399502	0.399594	0.399687	0.399697	0.399708	0.399697	0.399686	0.399648	0.399611	0.399628	
0.423264	0.423247	0.423212	0.423177	0.423178	0.423179	0.423189	0.423199	0.423149	0.423098	0.423077	0.423057	0.423042	0.423027	0.42286	0.422693	0.422647	0.422602	0.42241	0.422217	0.422023	0.421829	0.421562	0.421295	0.420766	0.420237	0.41987	0.419504	0.418549	0.417595	0.416896	0.416197	0.415268	0.414339	0.414793	0.415247	0.4162	0.417154	0.417951	0.418747	0.419371	0.419995	0.420381	0.420768	0.421127	0.421486	0.421751	0.422016	0.422244	0.422471	0.422668	0.422864	0.422972	0.423079	0.423165	0.423251	0.423313	0.423374	0.423377	0.42338	0.42335	0.42332	0.4233	0.423281	0.423264	
0.4469	0.446848	0.44684	0.446833	0.446789	0.446745	0.446774	0.446803	0.446781	0.446759	0.446749	0.44674	0.446742	0.446743	0.446628	0.446513	0.446509	0.446505	0.446353	0.4462	0.446029	0.445858	0.44563	0.445401	0.444902	0.444403	0.444019	0.443636	0.442636	0.441636	0.44063	0.439624	0.438483	0.437342	0.437899	0.438457	0.439772	0.441088	0.441947	0.442805	0.443548	0.44429	0.444633	0.444976	0.445364	0.445753	0.445925	0.446097	0.446281	0.446466	0.446598	0.446729	0.446824	0.44692	0.44696	0.447001	0.447031	0.447061	0.447057	0.447053	0.447003	0.446953	0.446952	0.446951	0.4469	
0.470514	0.470463	0.470465	0.470468	0.470422	0.470377	0.470412	0.470446	0.470439	0.470432	0.470446	0.47046	0.470475	0.47049	0.470444	0.470399	0.470437	0.470475	0.470412	0.47035	0.470254	0.470158	0.470048	0.469939	0.469572	0.469205	0.46899	0.468774	0.46768	0.466586	0.465215	0.463845	0.462126	0.460407	0.460994	0.46158	0.463724	0.465867	0.466824	0.46778	0.468502	0.469225	0.469414	0.469603	0.4699	0.470198	0.470255	0.470312	0.470422	0.470532	0.470583	0.470634	0.470683	0.470732	0.470732	0.470731	0.470726	0.470721	0.470703	0.470685	0.470633	0.470581	0.470573	0.470566	0.470514	
0.494129	0.494078	0.49409	0.494103	0.494055	0.494008	0.494049	0.49409	0.494098	0.494105	0.494143	0.49418	0.494208	0.494236	0.49426	0.494285	0.494365	0.494445	0.494472	0.4945	0.494478	0.494457	0.494467	0.494476	0.494242	0.494007	0.49396	0.493913	0.492724	0.491535	0.4898	0.488065	0.485768	0.483472	0.484088	0.484704	0.487675	0.490646	0.491701	0.492755	0.493457	0.494159	0.494194	0.494229	0.494436	0.494643	0.494585	0.494528	0.494563	0.494598	0.494569	0.494539	0.494542	0.494545	0.494503	0.494461	0.494421	0.49438	0.494349	0.494317	0.494262	0.494208	0.494194	0.49418	0.494129	
0.517706	0.517648	0.517666	0.517684	0.517645	0.517606	0.517657	0.517708	0.517724	0.517741	0.517809	0.517877	0.517931	0.517985	0.518074	0.518163	0.518286	0.518409	0.518555	0.518701	0.518806	0.518912	0.519168	0.519425	0.519489	0.519553	0.519768	0.519982	0.519252	0.518523	0.51626	0.513998	0.511427	0.508856	0.509221	0.509586	0.513214	0.516842	0.518014	0.519185	0.519522	0.519858	0.519509	0.519159	0.519167	0.519176	0.51896	0.518744	0.518668	0.518591	0.518485	0.518379	0.518326	0.518274	0.518202	0.518131	0.518069	0.518007	0.517964	0.517922	0.517854	0.517786	0.517775	0.517764	0.517706	
0.541283	0.541218	0.541241	0.541265	0.541235	0.541205	0.541265	0.541325	0.541351	0.541376	0.541475	0.541573	0.541654	0.541734	0.541887	0.54204	0.542207	0.542373	0.542637	0.542902	0.543134	0.543367	0.54387	0.544373	0.544736	0.5451	0.545575	0.54605	0.54578	0.54551	0.54272	0.539931	0.537086	0.534241	0.534355	0.534469	0.538753	0.543038	0.544326	0.545615	0.545586	0.545558	0.544823	0.544089	0.543899	0.543709	0.543335	0.542961	0.542772	0.542584	0.542401	0.542219	0.542111	0.542003	0.541902	0.541801	0.541717	0.541633	0.54158	0.541527	0.541445	0.541363	0.541356	0.541348	0.541283	
0.564806	0.564741	0.564768	0.564794	0.564765	0.564735	0.564799	0.564863	0.564892	0.564922	0.56503	0.565139	0.565236	0.565334	0.565518	0.565702	0.565917	0.566132	0.566484	0.566836	0.567223	0.56761	0.56837	0.569129	0.569973	0.570817	0.573935	0.577053	0.581172	0.585291	0.579772	0.574253	0.569543	0.564833	0.565044	0.565255	0.569104	0.572954	0.572998	0.573042	0.57213	0.571218	0.570054	0.568889	0.56837	0.56785	0.567354	0.566859	0.566576	0.566293	0.566074	0.565855	0.565708	0.56556	0.565451	0.565342	0.565244	0.565146	0.565095	0.565044	0.564964	0.564885	0.564878	0.56487	0.564806	
0.588329	0.588265	0.588294	0.588323	0.588294	0.588265	0.588333	0.5884	0.588434	0.588467	0.588586	0.588704	0.588819	0.588934	0.589148	0.589363	0.589627	0.589891	0.59033	0.590769	0.591311	0.591853	0.592869	0.593885	0.59521	0.596535	0.602295	0.607389	0.619721	0.624814	0.615766	0.606087	0.599809	0.596241	0.596184	0.596042	0.599456	0.60287	0.601669	0.600469	0.598674	0.596879	0.595284	0.593689	0.59284	0.591991	0.591374	0.590756	0.590379	0.590002	0.589747	0.589491	0.589304	0.589118	0.589	0.588883	0.588771	0.58866	0.58861	0.58856	0.588483	0.588406	0.588399	0.588392	0.588329	
0.611802	0.611744	0.611774	0.611805	0.611775	0.611745	0.611809	0.611872	0.611896	0.61192	0.61203	0.61214	0.612239	0.612338	0.612544	0.612749	0.613002	0.613254	0.613697	0.61414	0.614745	0.61535	0.61649	0.61763	0.619245	0.62086	0.629793	0.643463	0.652266	0.650188	0.641379	0.635153	0.632017	0.631173	0.631256	0.629723	0.63363	0.637537	0.63191	0.626283	0.623084	0.619884	0.618397	0.61691	0.616024	0.615137	0.614585	0.614032	0.61366	0.613288	0.613066	0.612845	0.612664	0.612484	0.612386	0.612289	0.612184	0.612079	0.612042	0.612005	0.611932	0.61186	0.61186	0.611861	0.611802	
0.635276	0.635224	0.635255	0.635286	0.635256	0.635225	0.635285	0.635344	0.635359	0.635373	0.635475	0.635576	0.635659	0.635743	0.635939	0.636136	0.636377	0.636617	0.637064	0.63751	0.638178	0.638846	0.64011	0.641375	0.64328	0.645185	0.65729	0.670642	0.676536	0.675853	0.676706	0.673692	0.66216	0.656357	0.658184	0.664586	0.66731	0.672205	0.662152	0.652098	0.647493	0.642889	0.641509	0.64013	0.639207	0.638284	0.637796	0.637308	0.636941	0.636574	0.636386	0.636198	0.636024	0.63585	0.635772	0.635695	0.635596	0.635497	0.635474	0.63545	0.635382	0.635313	0.635321	0.635329	0.635276	
0.658721	0.658671	0.658702	0.658733	0.658698	0.658663	0.658711	0.658758	0.658754	0.65875	0.658825	0.658899	0.658943	0.658988	0.659124	0.65926	0.659416	0.659572	0.659871	0.66017	0.66065	0.66113	0.662013	0.662895	0.664042	0.665189	0.671966	0.681368	0.690477	0.702537	0.716826	0.726963	0.712604	0.663658	0.667823	0.674317	0.678608	0.680417	0.674022	0.667627	0.665002	0.662378	0.661868	0.661358	0.660864	0.66037	0.660151	0.659933	0.6597	0.659467	0.659383	0.6593	0.65918	0.659061	0.659032	0.659003	0.658929	0.658855	0.658854	0.658853	0.658795	0.658738	0.658754	0.658771	0.658721	
0.682166	0.682119	0.68215	0.682181	0.682141	0.682101	0.682137	0.682172	0.68215	0.682127	0.682175	0.682222	0.682227	0.682232	0.682309	0.682385	0.682456	0.682527	0.682679	0.68283	0.683122	0.683413	0.683914	0.684416	0.684804	0.685193	0.686642	0.689198	0.696353	0.705943	0.710367	0.714832	0.72762	0.677339	0.673528	0.682818	0.68615	0.688629	0.685892	0.683155	0.682511	0.681866	0.682226	0.682586	0.682521	0.682455	0.682507	0.682558	0.682459	0.68236	0.682381	0.682401	0.682336	0.682272	0.682292	0.682312	0.682262	0.682212	0.682233	0.682255	0.682209	0.682163	0.682188	0.682214	0.682166	
0.705583	0.705536	0.705565	0.705595	0.705548	0.7055	0.705524	0.705547	0.705502	0.705458	0.705474	0.705489	0.705444	0.705398	0.705397	0.705395	0.705341	0.705287	0.705224	0.705161	0.705074	0.704987	0.704649	0.704311	0.703138	0.701964	0.701133	0.700519	0.702716	0.704171	0.701822	0.708085	0.735689	0.716793	0.697093	0.694072	0.696589	0.699588	0.700127	0.700667	0.701328	0.701989	0.702962	0.703935	0.704212	0.70449	0.704799	0.705108	0.705156	0.705203	0.705332	0.70546	0.705456	0.705452	0.705521	0.705591	0.705567	0.705544	0.705588	0.705632	0.705597	0.705561	0.705596	0.70563	0.705583	
0.729	0.728952	0.728981	0.729009	0.728954	0.7289	0.728911	0.728921	0.728855	0.728788	0.728773	0.728757	0.728661	0.728565	0.728485	0.728405	0.728225	0.728046	0.727769	0.727492	0.727027	0.726561	0.725383	0.724205	0.721471	0.718736	0.715623	0.712511	0.710817	0.70784	0.702907	0.703105	0.704662	0.71027	0.705473	0.704378	0.708953	0.710546	0.714362	0.718178	0.720145	0.722113	0.723698	0.725284	0.725904	0.726524	0.727091	0.727659	0.727852	0.728045	0.728282	0.72852	0.728575	0.728631	0.72875	0.728869	0.728872	0.728875	0.728943	0.72901	0.728985	0.72896	0.729004	0.729047	0.729	
0.752558	0.752514	0.752542	0.75257	0.752512	0.752454	0.752457	0.752461	0.752381	0.752301	0.752266	0.752231	0.752105	0.751979	0.75186	0.751741	0.751496	0.751252	0.750892	0.750533	0.74992	0.749307	0.748054	0.746801	0.744573	0.742346	0.739341	0.736337	0.731393	0.72279	0.719042	0.717405	0.718383	0.719544	0.722992	0.726967	0.731328	0.736077	0.739204	0.74233	0.743958	0.745587	0.747016	0.748445	0.749075	0.749705	0.750296	0.750888	0.751121	0.751355	0.751624	0.751894	0.751975	0.752056	0.752198	0.75234	0.752357	0.752374	0.752455	0.752537	0.752519	0.752501	0.752551	0.752601	0.752558	
0.776116	0.776077	0.776104	0.776132	0.77607	0.776008	0.776004	0.776	0.775906	0.775813	0.77576	0.775706	0.77555	0.775394	0.775236	0.775077	0.774767	0.774457	0.774015	0.773573	0.772813	0.772054	0.770725	0.769396	0.767676	0.765956	0.76306	0.760164	0.75197	0.743776	0.746402	0.746988	0.748359	0.749275	0.752788	0.755836	0.758722	0.761608	0.764045	0.766482	0.767772	0.769061	0.770334	0.771607	0.772247	0.772887	0.773502	0.774116	0.774391	0.774665	0.774966	0.775268	0.775374	0.775481	0.775646	0.775811	0.775842	0.775873	0.775968	0.776064	0.776053	0.776042	0.776099	0.776155	0.776116	
0.799645	0.799605	0.799633	0.799661	0.799599	0.799537	0.799533	0.799528	0.799435	0.799342	0.79929	0.799237	0.799087	0.798936	0.798788	0.79864	0.798362	0.798083	0.797706	0.797328	0.796719	0.796109	0.795086	0.794064	0.792852	0.791639	0.790202	0.788764	0.784742	0.780721	0.781854	0.781364	0.782913	0.784156	0.785359	0.786716	0.788281	0.789845	0.791178	0.792511	0.793315	0.79412	0.795016	0.795911	0.796383	0.796856	0.797348	0.79784	0.798068	0.798295	0.798567	0.798838	0.798935	0.799032	0.799189	0.799346	0.799376	0.799405	0.799499	0.799592	0.799582	0.799572	0.799628	0.799685	0.799645	
0.823174	0.823134	0.823161	0.823189	0.823128	0.823066	0.823061	0.823056	0.822964	0.822871	0.82282	0.822768	0.822623	0.822478	0.822341	0.822203	0.821956	0.821708	0.821396	0.821083	0.820624	0.820165	0.819448	0.818731	0.818027	0.817323	0.817343	0.817363	0.817515	0.817666	0.817307	0.816948	0.818553	0.820159	0.818878	0.817597	0.81784	0.818082	0.81831	0.818539	0.818859	0.819179	0.819698	0.820216	0.82052	0.820824	0.821194	0.821564	0.821745	0.821926	0.822167	0.822408	0.822496	0.822583	0.822732	0.822881	0.822909	0.822937	0.823029	0.823121	0.823111	0.823102	0.823158	0.823214	0.823174	
0.846806	0.846769	0.846795	0.846822	0.846766	0.846711	0.846709	0.846708	0.846627	0.846547	0.846509	0.846471	0.846353	0.846234	0.846135	0.846035	0.845854	0.845673	0.845464	0.845255	0.844978	0.8447	0.84431	0.843919	0.843627	0.843334	0.843618	0.843902	0.844701	0.845501	0.845636	0.84577	0.846385	0.847	0.845718	0.844435	0.844422	0.844408	0.844287	0.844166	0.84427	0.844373	0.844603	0.844834	0.845001	0.845169	0.8454	0.84563	0.845748	0.845866	0.846041	0.846216	0.846275	0.846335	0.846455	0.846574	0.846592	0.846609	0.846688	0.846767	0.846755	0.846743	0.846794	0.846844	0.846806	
0.870439	0.870404	0.870429	0.870454	0.870404	0.870355	0.870357	0.87036	0.870291	0.870222	0.870198	0.870174	0.870082	0.86999	0.869928	0.869866	0.869751	0.869637	0.869532	0.869427	0.869331	0.869235	0.869172	0.869108	0.869226	0.869345	0.869893	0.870441	0.871888	0.873335	0.873964	0.874593	0.874217	0.873842	0.872557	0.871273	0.871004	0.870735	0.870264	0.869793	0.86968	0.869567	0.869509	0.869451	0.869483	0.869514	0.869605	0.869696	0.869751	0.869806	0.869914	0.870023	0.870055	0.870087	0.870177	0.870267	0.870274	0.870282	0.870347	0.870413	0.870398	0.870384	0.870429	0.870474	0.870439	
0.894116	0.894082	0.894106	0.894131	0.894089	0.894046	0.894056	0.894065	0.894014	0.893962	0.893955	0.893949	0.893893	0.893837	0.893813	0.89379	0.893744	0.893698	0.893669	0.89364	0.893668	0.893696	0.893762	0.893828	0.894145	0.894463	0.895023	0.895583	0.896865	0.898148	0.898746	0.899343	0.89891	0.898477	0.89752	0.896564	0.896228	0.895892	0.895337	0.894782	0.894562	0.894342	0.894155	0.893968	0.893906	0.893844	0.893837	0.893829	0.893825	0.893821	0.893869	0.893917	0.893918	0.893918	0.893974	0.894031	0.894023	0.894015	0.894064	0.894113	0.894093	0.894074	0.894112	0.89415	0.894116	
0.917793	0.91776	0.917784	0.917808	0.917773	0.917738	0.917754	0.917771	0.917736	0.917701	0.917713	0.917724	0.917704	0.917683	0.917698	0.917713	0.917736	0.91776	0.917806	0.917853	0.918005	0.918157	0.918352	0.918548	0.919065	0.919581	0.920153	0.920725	0.921843	0.92296	0.923527	0.924094	0.923603	0.923112	0.922483	0.921854	0.921451	0.921049	0.92041	0.919771	0.919443	0.919116	0.9188	0.918485	0.91833	0.918175	0.918069	0.917962	0.917899	0.917837	0.917824	0.917811	0.91778	0.917749	0.917772	0.917795	0.917772	0.917749	0.917782	0.917814	0.917788	0.917763	0.917794	0.917826	0.917793	
0.941499	0.941468	0.941491	0.941514	0.941487	0.94146	0.941483	0.941506	0.941488	0.941471	0.941497	0.941522	0.941528	0.941534	0.941574	0.941613	0.94168	0.941746	0.941835	0.941924	0.942132	0.942339	0.942571	0.942804	0.943327	0.943851	0.944372	0.944892	0.9458	0.946708	0.947186	0.947664	0.947305	0.946946	0.946432	0.945917	0.945524	0.94513	0.944566	0.944001	0.943671	0.943341	0.942999	0.942656	0.942474	0.942292	0.942135	0.941978	0.941888	0.941798	0.941744	0.94169	0.941642	0.941594	0.941589	0.941584	0.94155	0.941516	0.941531	0.941545	0.941515	0.941485	0.941507	0.94153	0.941499	
0.965205	0.965176	0.965198	0.965219	0.965201	0.965183	0.965212	0.96524	0.965241	0.965241	0.96528	0.96532	0.965353	0.965385	0.965449	0.965514	0.965623	0.965732	0.965864	0.965996	0.966258	0.966521	0.96679	0.967059	0.96759	0.968121	0.96859	0.969059	0.969757	0.970456	0.970845	0.971235	0.971008	0.970781	0.97038	0.96998	0.969596	0.969211	0.968721	0.968231	0.967899	0.967567	0.967197	0.966827	0.966618	0.966408	0.966201	0.965994	0.965876	0.965758	0.965663	0.965569	0.965504	0.965439	0.965406	0.965373	0.965328	0.965284	0.96528	0.965276	0.965241	0.965207	0.96522	0.965234	0.965205	
0.988917	0.988891	0.988911	0.98893	0.988919	0.988908	0.988938	0.988968	0.988979	0.98899	0.989036	0.989082	0.989133	0.989184	0.98926	0.989335	0.989462	0.989589	0.989729	0.989868	0.990135	0.990401	0.990655	0.99091	0.991383	0.991856	0.992257	0.992657	0.993235	0.993813	0.994142	0.994472	0.994284	0.994096	0.993776	0.993456	0.993134	0.992812	0.99239	0.991969	0.991676	0.991384	0.991038	0.990692	0.990488	0.990284	0.990069	0.989854	0.989729	0.989605	0.989492	0.989379	0.989305	0.989231	0.98918	0.989129	0.98908	0.989031	0.989016	0.989001	0.988966	0.988931	0.988937	0.988943	0.988917	
1.01263	1.01261	1.01262	1.01264	1.01264	1.01263	1.01266	1.0127	1.01272	1.01274	1.01279	1.01284	1.01291	1.01298	1.01307	1.01316	1.0133	1.01345	1.01359	1.01374	1.01401	1.01428	1.01452	1.01476	1.01518	1.01559	1.01592	1.01626	1.01671	1.01717	1.01744	1.01771	1.01756	1.01741	1.01717	1.01693	1.01667	1.01641	1.01606	1.01571	1.01545	1.0152	1.01488	1.01456	1.01436	1.01416	1.01394	1.01371	1.01358	1.01345	1.01332	1.01319	1.01311	1.01302	1.01295	1.01289	1.01283	1.01278	1.01275	1.01273	1.01269	1.01265	1.01265	1.01265	1.01263	
1.03633	1.03631	1.03632	1.03633	1.03633	1.03634	1.03637	1.0364	1.03643	1.03646	1.03651	1.03656	1.03664	1.03671	1.0368	1.03688	1.03703	1.03717	1.03731	1.03744	1.03769	1.03794	1.03815	1.03835	1.03872	1.03908	1.03935	1.03963	1.03997	1.04031	1.0405	1.04069	1.04059	1.04049	1.04033	1.04017	1.03997	1.03976	1.03947	1.03917	1.03896	1.03874	1.03846	1.03818	1.03801	1.03783	1.03763	1.03742	1.0373	1.03718	1.03704	1.03691	1.03683	1.03675	1.03667	1.0366	1.03655	1.03649	1.03646	1.03643	1.03639	1.03636	1.03635	1.03635	1.03633	
1.06002	1.06	1.06002	1.06003	1.06003	1.06004	1.06007	1.0601	1.06014	1.06017	1.06023	1.06028	1.06036	1.06044	1.06052	1.0606	1.06075	1.06089	1.06102	1.06114	1.06137	1.0616	1.06177	1.06194	1.06226	1.06257	1.06278	1.06299	1.06323	1.06346	1.06357	1.06368	1.06362	1.06356	1.06349	1.06342	1.06326	1.06311	1.06288	1.06264	1.06246	1.06227	1.06204	1.0618	1.06166	1.06151	1.06131	1.06112	1.06101	1.0609	1.06076	1.06063	1.06055	1.06048	1.0604	1.06031	1.06026	1.06021	1.06017	1.06013	1.06009	1.06006	1.06005	1.06004	1.06002	
1.08369	1.08368	1.08368	1.08369	1.0837	1.08371	1.08374	1.08376	1.0838	1.08384	1.08389	1.08394	1.08402	1.08409	1.08417	1.08424	1.08437	1.08451	1.08461	1.08472	1.08492	1.08513	1.08527	1.08541	1.08566	1.08591	1.08606	1.08622	1.0864	1.08658	1.08666	1.08674	1.0867	1.08666	1.0866	1.08654	1.08643	1.08631	1.08614	1.08597	1.08583	1.08569	1.0855	1.0853	1.08518	1.08505	1.08488	1.08471	1.08461	1.08452	1.08439	1.08427	1.0842	1.08413	1.08405	1.08397	1.08393	1.08388	1.08384	1.08379	1.08376	1.08373	1.08372	1.0837	1.08369	
1.10736	1.10735	1.10735	1.10736	1.10737	1.10738	1.10741	1.10743	1.10747	1.10751	1.10755	1.1076	1.10767	1.10775	1.10781	1.10788	1.108	1.10812	1.10821	1.1083	1.10848	1.10866	1.10876	1.10887	1.10906	1.10924	1.10934	1.10944	1.10957	1.1097	1.10975	1.1098	1.10978	1.10976	1.10972	1.10967	1.1096	1.10952	1.1094	1.10929	1.1092	1.10911	1.10895	1.1088	1.1087	1.10859	1.10844	1.10829	1.10822	1.10814	1.10802	1.10791	1.10785	1.10779	1.10771	1.10763	1.10759	1.10755	1.1075	1.10746	1.10743	1.10741	1.10739	1.10737	1.10736	
1.131	1.13099	1.13099	1.131	1.13101	1.13102	1.13104	1.13106	1.1311	1.13114	1.13117	1.13121	1.13128	1.13135	1.1314	1.13146	1.13157	1.13168	1.13175	1.13182	1.13196	1.13211	1.13219	1.13227	1.13242	1.13257	1.13263	1.1327	1.13279	1.13289	1.13292	1.13295	1.13293	1.13292	1.13289	1.13287	1.13282	1.13276	1.13268	1.1326	1.13253	1.13247	1.13234	1.13222	1.13214	1.13207	1.13194	1.13182	1.13176	1.1317	1.13159	1.13149	1.13144	1.13139	1.13132	1.13124	1.13121	1.13118	1.13113	1.13109	1.13107	1.13105	1.13103	1.13101	1.131	
1.15464	1.15463	1.15463	1.15463	1.15465	1.15466	1.15468	1.15469	1.15473	1.15477	1.1548	1.15482	1.15489	1.15495	1.155	1.15504	1.15514	1.15523	1.15528	1.15533	1.15545	1.15556	1.15562	1.15567	1.15578	1.15589	1.15593	1.15596	1.15602	1.15608	1.15609	1.1561	1.15609	1.15608	1.15607	1.15607	1.15604	1.15601	1.15596	1.15591	1.15587	1.15582	1.15573	1.15564	1.15559	1.15554	1.15544	1.15534	1.1553	1.15525	1.15516	1.15507	1.15503	1.15499	1.15493	1.15486	1.15483	1.15481	1.15476	1.15472	1.1547	1.15469	1.15467	1.15464	1.15464	
1.17825	1.17824	1.17824	1.17824	1.17825	1.17827	1.17828	1.17829	1.17832	1.17836	1.17838	1.1784	1.17846	1.17852	1.17855	1.17858	1.17866	1.17874	1.17878	1.17881	1.1789	1.17899	1.17902	1.17905	1.17914	1.17922	1.17924	1.17926	1.1793	1.17934	1.17935	1.17935	1.17935	1.17934	1.17934	1.17933	1.17932	1.1793	1.17926	1.17922	1.1792	1.17918	1.17911	1.17904	1.17902	1.17899	1.17891	1.17883	1.1788	1.17877	1.17869	1.17861	1.17858	1.17856	1.1785	1.17843	1.17841	1.1784	1.17835	1.17831	1.1783	1.17829	1.17827	1.17825	1.17825	
1.20186	1.20185	1.20185	1.20184	1.20186	1.20188	1.20188	1.20188	1.20192	1.20196	1.20197	1.20198	1.20203	1.20209	1.2021	1.20212	1.20219	1.20225	1.20227	1.20229	1.20236	1.20242	1.20243	1.20244	1.20249	1.20255	1.20256	1.20256	1.20259	1.20261	1.20261	1.20261	1.20261	1.20261	1.2026	1.2026	1.20259	1.20259	1.20257	1.20254	1.20254	1.20253	1.20249	1.20245	1.20244	1.20243	1.20237	1.20231	1.2023	1.20228	1.20222	1.20215	1.20214	1.20212	1.20207	1.20201	1.202	1.20199	1.20195	1.20191	1.2019	1.2019	1.20188	1.20186	1.20186	
1.22544	1.22544	1.22543	1.22543	1.22544	1.22546	1.22546	1.22546	1.22549	1.22553	1.22553	1.22554	1.22558	1.22563	1.22564	1.22564	1.2257	1.22575	1.22576	1.22576	1.22581	1.22587	1.22587	1.22587	1.22591	1.22595	1.22595	1.22594	1.22596	1.22597	1.22597	1.22596	1.22596	1.22596	1.22596	1.22596	1.22596	1.22596	1.22595	1.22594	1.22594	1.22594	1.22591	1.22588	1.22588	1.22588	1.22583	1.22579	1.22578	1.22578	1.22573	1.22567	1.22567	1.22566	1.22561	1.22556	1.22556	1.22555	1.22552	1.22548	1.22548	1.22548	1.22546	1.22544	1.22544	
1.24902	1.24903	1.24902	1.24901	1.24903	1.24905	1.24904	1.24904	1.24907	1.24909	1.24909	1.24909	1.24913	1.24917	1.24917	1.24917	1.24921	1.24925	1.24924	1.24923	1.24927	1.24931	1.24931	1.2493	1.24933	1.24935	1.24934	1.24933	1.24933	1.24934	1.24933	1.24932	1.24932	1.24931	1.24932	1.24932	1.24933	1.24933	1.24933	1.24933	1.24934	1.24935	1.24933	1.24931	1.24932	1.24932	1.24929	1.24926	1.24927	1.24928	1.24924	1.2492	1.2492	1.2492	1.24916	1.24912	1.24912	1.24912	1.24909	1.24905	1.24906	1.24906	1.24904	1.24902	1.24902	
1.27258	1.27259	1.27258	1.27256	1.27258	1.2726	1.27259	1.27258	1.27261	1.27264	1.27263	1.27263	1.27266	1.27269	1.27268	1.27268	1.27271	1.27274	1.27273	1.27272	1.27275	1.27278	1.27276	1.27275	1.27277	1.27278	1.27277	1.27275	1.27275	1.27275	1.27275	1.27274	1.27273	1.27273	1.27274	1.27274	1.27275	1.27275	1.27276	1.27276	1.27277	1.27279	1.27277	1.27276	1.27278	1.27279	1.27276	1.27274	1.27275	1.27277	1.27273	1.2727	1.27271	1.27272	1.27268	1.27265	1.27265	1.27266	1.27263	1.2726	1.27261	1.27262	1.27259	1.27257	1.27258	
1.29614	1.29615	1.29613	1.29612	1.29614	1.29616	1.29614	1.29613	1.29616	1.29618	1.29617	1.29616	1.29619	1.29621	1.2962	1.29619	1.29621	1.29623	1.29622	1.2962	1.29622	1.29624	1.29622	1.29621	1.29621	1.29622	1.2962	1.29618	1.29618	1.29617	1.29616	1.29615	1.29615	1.29615	1.29615	1.29616	1.29617	1.29617	1.29618	1.29619	1.2962	1.29622	1.29622	1.29622	1.29623	1.29625	1.29623	1.29622	1.29624	1.29625	1.29623	1.29621	1.29622	1.29624	1.29621	1.29618	1.29619	1.2962	1.29617	1.29614	1.29616	1.29617	1.29615	1.29613	1.29614	
1.31967	1.31968	1.31967	1.31965	1.31967	1.31969	1.31967	1.31966	1.31968	1.31971	1.31969	1.31968	1.3197	1.31972	1.31971	1.3197	1.31971	1.31973	1.31971	1.31969	1.31971	1.31972	1.3197	1.31968	1.31969	1.31969	1.31967	1.31965	1.31965	1.31964	1.31963	1.31962	1.31962	1.31962	1.31962	1.31963	1.31963	1.31964	1.31965	1.31966	1.31967	1.31969	1.31969	1.31969	1.31971	1.31973	1.31972	1.31971	1.31973	1.31975	1.31973	1.31971	1.31973	1.31974	1.31972	1.31969	1.31971	1.31972	1.31969	1.31967	1.31968	1.3197	1.31968	1.31966	1.31967	
1.3432	1.34321	1.3432	1.34318	1.3432	1.34322	1.34321	1.34319	1.34321	1.34323	1.34321	1.3432	1.34322	1.34324	1.34322	1.3432	1.34321	1.34322	1.34321	1.34319	1.34319	1.3432	1.34318	1.34316	1.34316	1.34316	1.34314	1.34312	1.34311	1.34311	1.3431	1.34309	1.34309	1.34309	1.34309	1.3431	1.3431	1.34311	1.34312	1.34313	1.34314	1.34316	1.34316	1.34317	1.34319	1.34321	1.3432	1.3432	1.34322	1.34324	1.34322	1.34321	1.34323	1.34325	1.34323	1.3432	1.34322	1.34324	1.34322	1.34319	1.34321	1.34323	1.34321	1.34319	1.3432	
1.36671	1.36672	1.3667	1.36669	1.36671	1.36673	1.36671	1.3667	1.36671	1.36673	1.36672	1.3667	1.36672	1.36673	1.36672	1.3667	1.36671	1.36672	1.3667	1.36668	1.36669	1.36669	1.36667	1.36665	1.36665	1.36664	1.36663	1.36661	1.36661	1.3666	1.36659	1.36659	1.36658	1.36658	1.36658	1.36659	1.36659	1.3666	1.36661	1.36662	1.36663	1.36664	1.36665	1.36666	1.36667	1.36669	1.36669	1.36669	1.3667	1.36672	1.36671	1.3667	1.36672	1.36674	1.36672	1.3667	1.36672	1.36674	1.36672	1.3667	1.36671	1.36673	1.36672	1.3667	1.36671	
1.39022	1.39023	1.39021	1.3902	1.39022	1.39024	1.39022	1.3902	1.39022	1.39024	1.39022	1.39021	1.39022	1.39023	1.39021	1.3902	1.3902	1.39021	1.39019	1.39018	1.39018	1.39018	1.39016	1.39014	1.39014	1.39013	1.39012	1.39011	1.3901	1.39009	1.39009	1.39008	1.39008	1.39007	1.39008	1.39008	1.39009	1.39009	1.3901	1.39011	1.39012	1.39013	1.39014	1.39014	1.39016	1.39017	1.39017	1.39018	1.39019	1.39021	1.3902	1.3902	1.39021	1.39023	1.39022	1.3902	1.39022	1.39023	1.39022	1.3902	1.39022	1.39024	1.39022	1.39021	1.39022	
1.41373	1.41374	1.41372	1.41371	1.41373	1.41375	1.41373	1.41372	1.41373	1.41374	1.41373	1.41372	1.41373	1.41374	1.41372	1.41371	1.41371	1.41372	1.4137	1.41369	1.41369	1.41369	1.41367	1.41366	1.41366	1.41365	1.41364	1.41363	1.41362	1.41362	1.41361	1.41361	1.4136	1.4136	1.4136	1.4136	1.41361	1.41361	1.41362	1.41363	1.41364	1.41364	1.41365	1.41366	1.41367	1.41368	1.41368	1.41368	1.4137	1.41371	1.41371	1.4137	1.41371	1.41373	1.41372	1.41371	1.41372	1.41374	1.41372	1.4137	1.41373	1.41375	1.41373	1.41371	1.41373	
1.43724	1.43726	1.43724	1.43722	1.43724	1.43726	1.43725	1.43723	1.43724	1.43725	1.43724	1.43723	1.43724	1.43724	1.43723	1.43722	1.43722	1.43723	1.43721	1.4372	1.4372	1.4372	1.43719	1.43718	1.43717	1.43717	1.43716	1.43715	1.43714	1.43714	1.43713	1.43713	1.43713	1.43713	1.43713	1.43713	1.43713	1.43713	1.43714	1.43714	1.43715	1.43716	1.43716	1.43717	1.43718	1.43719	1.43719	1.43719	1.4372	1.43721	1.43721	1.43721	1.43722	1.43723	1.43722	1.43721	1.43723	1.43724	1.43723	1.43721	1.43723	1.43726	1.43724	1.43722	1.43724	
1.46079	1.46084	1.46081	1.46078	1.4608	1.46082	1.46081	1.46079	1.4608	1.46081	1.4608	1.4608	1.4608	1.4608	1.46079	1.46079	1.46079	1.46079	1.46078	1.46077	1.46077	1.46077	1.46076	1.46075	1.46075	1.46074	1.46074	1.46073	1.46073	1.46072	1.46072	1.46072	1.46071	1.46071	1.46071	1.46071	1.46071	1.46071	1.46072	1.46072	1.46072	1.46073	1.46073	1.46073	1.46074	1.46075	1.46075	1.46075	1.46075	1.46076	1.46076	1.46076	1.46076	1.46077	1.46077	1.46076	1.46077	1.46078	1.46077	1.46076	1.46078	1.4608	1.46077	1.46074	1.46079	
1.48434	1.48443	1.48439	1.48435	1.48436	1.48437	1.48436	1.48436	1.48436	1.48437	1.48436	1.48436	1.48436	1.48436	1.48436	1.48435	1.48435	1.48435	1.48435	1.48434	1.48434	1.48434	1.48433	1.48433	1.48432	1.48432	1.48432	1.48431	1.48431	1.48431	1.4843	1.4843	1.4843	1.4843	1.4843	1.48429	1.48429	1.48429	1.4843	1.4843	1.4843	1.4843	1.4843	1.4843	1.4843	1.4843	1.4843	1.4843	1.48431	1.48431	1.48431	1.48431	1.48431	1.48431	1.48431	1.48431	1.48432	1.48432	1.48432	1.48432	1.48433	1.48434	1.4843	1.48426	1.48434	
1.50751	1.50751	1.50751	1.50751	1.50751	1.50751	1.50751	1.50751	1.50751	1.50751	1.50751	1.50751	1.50751	1.50751	1.50751	1.50751	1.50751	1.50751	1.50751	1.50751	1.50751	1.50751	1.50751	1.50751	1.50751	1.50751	1.50751	1.50751	1.50751	1.50751	1.50751	1.50751	1.50751	1.50751	1.50751	1.50751	1.50751	1.50751	1.50751	1.50751	1.50751	1.50751	1.50751	1.50751	1.50751	1.50751	1.50751	1.50751	1.50751	1.50751	1.50751	1.50751	1.50751	1.50751	1.50751	1.50751	1.50751	1.50751	1.50751	1.50751	1.50751	1.50751	1.50751	1.50751	1.50751	
