x=105	y=200	z=200	n=65	len=1
b
0	0	0	0	0	0	0	0	0	0	0	0	0	0	0	0	0	0	0	0	0	0	0	0	0	0	0	0	0	0	0	0	0	0	0	0	0	0	0	0	0	0	0	0	0	0	0	0	0	0	0	0	0	0	0	0	0	0	0	0	0	0	0	0	0	
0.0226469	0.0223872	0.0219599	0.0218373	0.0217049	0.0217079	0.021103	0.020136	0.0209452	0.0214666	0.0214335	0.0217045	0.0211714	0.0209314	0.0213609	0.0217007	0.0214023	0.0211665	0.0218197	0.0224382	0.0240197	0.0262081	0.0268261	0.0263716	0.0254396	0.0245076	0.0256387	0.0267698	0.027158	0.027924	0.0268184	0.0253594	0.0255129	0.0266412	0.0274605	0.0279757	0.0275515	0.0269371	0.0267576	0.0268216	0.0266958	0.026609	0.0266184	0.0275053	0.026687	0.0242648	0.0250042	0.025781	0.0265864	0.0263733	0.0242725	0.02361	0.0229319	0.0222312	0.0224538	0.0226944	0.0231813	0.0230061	0.0221576	0.0214115	0.0219215	0.0224708	0.022232	0.0223768	0.022647	
0.0471204	0.0468946	0.0465602	0.0463899	0.0463066	0.0462303	0.0455504	0.0448063	0.0458413	0.0465054	0.0463811	0.0464296	0.0458354	0.045705	0.0463736	0.0468349	0.0467337	0.0468281	0.047785	0.0490036	0.0511444	0.0534387	0.0539405	0.0536083	0.0518691	0.0501298	0.0519514	0.0537731	0.0535613	0.0539233	0.052825	0.0516373	0.0516836	0.0526084	0.0539432	0.0549409	0.0546105	0.0538867	0.0533436	0.0527785	0.0529254	0.053362	0.0535411	0.0540069	0.0531258	0.0514193	0.0518371	0.052211	0.052817	0.0525078	0.0503619	0.0492282	0.0483624	0.0475806	0.0476682	0.0479506	0.0481746	0.0479953	0.0471742	0.0462331	0.0466076	0.0472128	0.0471293	0.0471116	0.0471204	
0.0717495	0.071544	0.071424	0.071304	0.0718923	0.0724806	0.0719872	0.0714938	0.0721786	0.0728633	0.0725489	0.0722345	0.0718697	0.071505	0.0726329	0.0737608	0.0737146	0.0736684	0.0749428	0.0762173	0.0788271	0.0814369	0.0811409	0.0808449	0.0782985	0.075752	0.0782641	0.0807763	0.0799646	0.0791527	0.0782291	0.0773055	0.0783687	0.079432	0.0807589	0.0820858	0.0814933	0.0809007	0.0798181	0.0787355	0.0791551	0.0795747	0.0798145	0.0800543	0.079314	0.0785737	0.0786701	0.0787665	0.0784195	0.0780726	0.0765594	0.0750461	0.0742531	0.0734602	0.073586	0.0737118	0.0731142	0.0725166	0.0721462	0.0717759	0.0724407	0.0731055	0.0725303	0.071955	0.0717495	
0.0958076	0.0954377	0.0955185	0.0955992	0.0960256	0.0964519	0.096021	0.0955901	0.0959364	0.0962828	0.0961868	0.0960908	0.0955511	0.0950114	0.0961906	0.0973698	0.0979803	0.0985907	0.0991054	0.0996201	0.101244	0.102867	0.10277	0.102673	0.100867	0.0990619	0.10059	0.102119	0.101211	0.100303	0.0995696	0.0988359	0.100231	0.101627	0.102756	0.103885	0.103274	0.102664	0.102067	0.101471	0.101585	0.101699	0.102111	0.102522	0.101911	0.101301	0.101116	0.100932	0.100511	0.10009	0.0991283	0.0981664	0.097626	0.0970857	0.0969803	0.096875	0.0963679	0.0958608	0.0957638	0.0956669	0.0962041	0.0967413	0.0964595	0.0961776	0.0958077	
0.119866	0.119331	0.119613	0.119895	0.120159	0.120423	0.120055	0.119686	0.119694	0.119702	0.119825	0.119947	0.119232	0.118518	0.119748	0.120979	0.122246	0.123513	0.123268	0.123023	0.12366	0.124298	0.124399	0.124501	0.123436	0.122372	0.122916	0.123461	0.122457	0.121454	0.12091	0.120366	0.122094	0.123821	0.124752	0.125683	0.125055	0.124426	0.124316	0.124206	0.124015	0.123824	0.124407	0.12499	0.124509	0.124027	0.123563	0.123098	0.122603	0.122108	0.121697	0.121287	0.120999	0.120711	0.120375	0.120038	0.119622	0.119205	0.119381	0.119558	0.119967	0.120377	0.120389	0.1204	0.119866	
0.142811	0.1424	0.142555	0.142709	0.14314	0.14357	0.143056	0.142542	0.142358	0.142175	0.142351	0.142527	0.142035	0.141542	0.142433	0.143324	0.144227	0.145131	0.144887	0.144644	0.145019	0.145395	0.145512	0.145629	0.144931	0.144233	0.144261	0.144288	0.143866	0.143444	0.143162	0.142881	0.144202	0.145523	0.14591	0.146297	0.145818	0.145338	0.145231	0.145124	0.145168	0.145213	0.145536	0.145859	0.145331	0.144804	0.144825	0.144846	0.1446	0.144355	0.143976	0.143597	0.143133	0.142668	0.142624	0.14258	0.14245	0.14232	0.142426	0.142532	0.142779	0.143025	0.143124	0.143222	0.142811	
0.165756	0.165469	0.165496	0.165524	0.16612	0.166716	0.166057	0.165398	0.165022	0.164647	0.164878	0.165108	0.164837	0.164566	0.165118	0.165669	0.166209	0.166749	0.166507	0.166266	0.166379	0.166492	0.166624	0.166757	0.166425	0.166094	0.165605	0.165116	0.165275	0.165434	0.165415	0.165396	0.16631	0.167225	0.167067	0.16691	0.16658	0.16625	0.166146	0.166041	0.166321	0.166601	0.166665	0.166728	0.166154	0.16558	0.166086	0.166593	0.166598	0.166602	0.166255	0.165908	0.165266	0.164625	0.164873	0.165122	0.165279	0.165436	0.165471	0.165507	0.16559	0.165673	0.165858	0.166044	0.165756	
0.188612	0.188449	0.188466	0.188483	0.189106	0.189729	0.189321	0.188913	0.188327	0.18774	0.188016	0.188292	0.188355	0.188418	0.188457	0.188496	0.188629	0.188762	0.188625	0.188489	0.188798	0.189108	0.189254	0.189399	0.189026	0.188653	0.188143	0.187632	0.188076	0.188519	0.188938	0.189357	0.189702	0.190046	0.189546	0.189046	0.188951	0.188856	0.188968	0.18908	0.189078	0.189077	0.188885	0.188693	0.188128	0.187564	0.188365	0.189166	0.189438	0.18971	0.189226	0.188743	0.188101	0.18746	0.187854	0.188248	0.188518	0.188787	0.188738	0.188689	0.18873	0.188772	0.188773	0.188774	0.188612	
0.211467	0.211429	0.211435	0.211441	0.212091	0.212741	0.212585	0.212429	0.211631	0.210833	0.211154	0.211475	0.211873	0.212271	0.211797	0.211323	0.21105	0.210776	0.210744	0.210712	0.211218	0.211725	0.211883	0.212041	0.211627	0.211212	0.21068	0.210148	0.210877	0.211605	0.212462	0.213318	0.213093	0.212867	0.212024	0.211182	0.211322	0.211462	0.21179	0.212118	0.211836	0.211553	0.211106	0.210658	0.210103	0.209548	0.210644	0.211739	0.212279	0.212818	0.212198	0.211577	0.210936	0.210295	0.210835	0.211375	0.211757	0.212139	0.212005	0.211871	0.211871	0.211871	0.211687	0.211504	0.211467	
0.234849	0.234814	0.234833	0.234853	0.235259	0.235666	0.235688	0.23571	0.235045	0.234379	0.234656	0.234933	0.235258	0.235582	0.234988	0.234394	0.234196	0.233998	0.233858	0.233717	0.234163	0.234608	0.234703	0.234797	0.234584	0.234371	0.233964	0.233556	0.234133	0.23471	0.235573	0.236436	0.236069	0.235701	0.235061	0.23442	0.234448	0.234476	0.234661	0.234845	0.234612	0.23438	0.233943	0.233507	0.233139	0.232771	0.233673	0.234576	0.235117	0.235658	0.235272	0.234887	0.234454	0.234021	0.234444	0.234868	0.235191	0.235514	0.235371	0.235227	0.235203	0.23518	0.235032	0.234884	0.234849	
0.258232	0.258199	0.258232	0.258264	0.258427	0.25859	0.258791	0.258992	0.258458	0.257925	0.258158	0.258391	0.258642	0.258893	0.258179	0.257465	0.257342	0.25722	0.256971	0.256723	0.257107	0.257492	0.257523	0.257554	0.257542	0.25753	0.257247	0.256964	0.25739	0.257816	0.258685	0.259554	0.259044	0.258535	0.258097	0.257659	0.257575	0.257491	0.257531	0.257571	0.257389	0.257207	0.256781	0.256356	0.256175	0.255995	0.256703	0.257412	0.257954	0.258497	0.258347	0.258197	0.257972	0.257746	0.258054	0.258361	0.258625	0.258889	0.258736	0.258583	0.258536	0.258489	0.258377	0.258264	0.258232	
0.281789	0.281758	0.281822	0.281886	0.28187	0.281855	0.282086	0.282318	0.281966	0.281615	0.281742	0.281869	0.281978	0.282087	0.281455	0.280824	0.280775	0.280727	0.280434	0.280142	0.280405	0.280669	0.280598	0.280526	0.280583	0.28064	0.280506	0.280372	0.280612	0.280851	0.281567	0.282284	0.281824	0.281364	0.28115	0.280936	0.280731	0.280525	0.280444	0.280363	0.280265	0.280166	0.279881	0.279596	0.279597	0.279597	0.280099	0.280602	0.281042	0.281482	0.281542	0.281602	0.281581	0.281559	0.28174	0.281921	0.282102	0.282283	0.282189	0.282094	0.28202	0.281947	0.281883	0.28182	0.281789	
0.305346	0.305316	0.305412	0.305507	0.305314	0.30512	0.305382	0.305644	0.305474	0.305304	0.305326	0.305347	0.305314	0.305281	0.304732	0.304182	0.304208	0.304234	0.303897	0.303561	0.303703	0.303846	0.303672	0.303499	0.303624	0.30375	0.303765	0.30378	0.303833	0.303885	0.30445	0.305015	0.304604	0.304193	0.304203	0.304214	0.303887	0.30356	0.303358	0.303156	0.30314	0.303125	0.302981	0.302837	0.303018	0.3032	0.303495	0.303791	0.304129	0.304466	0.304737	0.305007	0.305189	0.305371	0.305426	0.305481	0.305579	0.305677	0.305641	0.305605	0.305505	0.305404	0.30539	0.305376	0.305346	
0.328982	0.328923	0.329034	0.329146	0.328902	0.328658	0.328891	0.329123	0.329008	0.328893	0.32888	0.328867	0.328754	0.328642	0.328199	0.327757	0.327762	0.327767	0.327392	0.327018	0.327041	0.327064	0.326791	0.326518	0.326604	0.32669	0.326649	0.326608	0.326563	0.326517	0.32695	0.327383	0.327038	0.326693	0.32678	0.326867	0.326545	0.326223	0.326046	0.325868	0.325967	0.326067	0.326054	0.326041	0.326367	0.326693	0.326939	0.327186	0.32751	0.327834	0.328152	0.32847	0.328752	0.329035	0.329058	0.32908	0.329148	0.329217	0.329206	0.329195	0.329092	0.328989	0.329015	0.329042	0.328982	
0.352619	0.35253	0.352657	0.352784	0.352489	0.352195	0.352399	0.352603	0.352543	0.352482	0.352435	0.352387	0.352195	0.352002	0.351667	0.351331	0.351315	0.3513	0.350887	0.350474	0.350379	0.350283	0.34991	0.349537	0.349583	0.349629	0.349533	0.349436	0.349292	0.349148	0.34945	0.349751	0.349472	0.349193	0.349357	0.349521	0.349204	0.348886	0.348733	0.348581	0.348795	0.349008	0.349127	0.349245	0.349715	0.350186	0.350383	0.35058	0.350891	0.351202	0.351567	0.351932	0.352316	0.352699	0.352689	0.352679	0.352718	0.352757	0.35277	0.352784	0.352679	0.352574	0.352641	0.352708	0.352619	
0.376305	0.376204	0.376317	0.376431	0.376164	0.375897	0.376063	0.376229	0.376178	0.376128	0.376066	0.376003	0.37581	0.375616	0.375336	0.375056	0.374977	0.374897	0.374496	0.374095	0.373888	0.373681	0.373233	0.372784	0.372651	0.372519	0.372243	0.371967	0.371705	0.371442	0.371605	0.371768	0.371534	0.371301	0.371491	0.371682	0.371459	0.371237	0.371234	0.371232	0.371646	0.372061	0.372328	0.372595	0.373172	0.373749	0.373989	0.374229	0.374569	0.374909	0.375246	0.375584	0.375969	0.376354	0.376342	0.376331	0.376382	0.376433	0.37645	0.376468	0.376367	0.376267	0.376336	0.376406	0.376305	
0.399991	0.399878	0.399978	0.400078	0.399839	0.399599	0.399726	0.399854	0.399814	0.399774	0.399697	0.399619	0.399424	0.39923	0.399005	0.398781	0.398638	0.398494	0.398105	0.397717	0.397398	0.39708	0.396555	0.39603	0.395719	0.395408	0.394953	0.394498	0.394117	0.393736	0.39376	0.393784	0.393597	0.393409	0.393626	0.393843	0.393715	0.393588	0.393735	0.393883	0.394498	0.395114	0.39553	0.395946	0.396629	0.397311	0.397594	0.397877	0.398246	0.398615	0.398925	0.399236	0.399622	0.400009	0.399996	0.399983	0.400046	0.40011	0.40013	0.400151	0.400055	0.399959	0.400032	0.400104	0.399991	
0.423661	0.42355	0.423643	0.423736	0.42353	0.423325	0.423429	0.423533	0.423489	0.423445	0.423384	0.423323	0.423143	0.422963	0.422796	0.422628	0.422435	0.422242	0.421878	0.421513	0.421105	0.420697	0.420083	0.419469	0.418947	0.418425	0.417687	0.416948	0.416346	0.415743	0.415383	0.415023	0.41487	0.414718	0.415085	0.415453	0.415628	0.415804	0.41615	0.416497	0.417422	0.418347	0.418939	0.41953	0.42032	0.421111	0.421427	0.421744	0.422137	0.422529	0.422779	0.423029	0.423376	0.423723	0.423701	0.423679	0.423751	0.423822	0.423817	0.423811	0.423738	0.423665	0.423718	0.423772	0.423661	
0.447331	0.447221	0.447308	0.447394	0.447222	0.44705	0.447131	0.447212	0.447164	0.447116	0.447071	0.447026	0.446862	0.446697	0.446586	0.446475	0.446233	0.445991	0.44565	0.44531	0.444812	0.444315	0.443611	0.442907	0.442174	0.441442	0.44042	0.439398	0.438574	0.43775	0.437006	0.436261	0.436144	0.436027	0.436545	0.437063	0.437541	0.438019	0.438565	0.439112	0.440346	0.44158	0.442347	0.443114	0.444012	0.44491	0.445261	0.445611	0.446028	0.446444	0.446633	0.446823	0.44713	0.447438	0.447407	0.447375	0.447455	0.447535	0.447503	0.447472	0.447421	0.44737	0.447405	0.44744	0.447331	
0.471	0.470912	0.470971	0.47103	0.470904	0.470778	0.470845	0.470913	0.470872	0.47083	0.470816	0.470801	0.470667	0.470533	0.470474	0.470416	0.470187	0.469958	0.469682	0.469406	0.468877	0.468347	0.467644	0.466942	0.465956	0.464971	0.4636	0.462229	0.460975	0.459721	0.458275	0.456828	0.4566	0.456373	0.457244	0.458115	0.459143	0.460171	0.461219	0.462267	0.46393	0.465593	0.466481	0.467369	0.468281	0.469194	0.469508	0.469821	0.470188	0.470554	0.470666	0.470778	0.47102	0.471262	0.471205	0.471148	0.471207	0.471266	0.471213	0.471159	0.471118	0.471077	0.471083	0.471088	0.471	
0.49467	0.494603	0.494635	0.494667	0.494586	0.494505	0.49456	0.494614	0.494579	0.494544	0.49456	0.494576	0.494473	0.494369	0.494363	0.494356	0.49414	0.493925	0.493713	0.493502	0.492941	0.49238	0.491678	0.490976	0.489738	0.4885	0.48678	0.48506	0.483376	0.481692	0.479543	0.477395	0.477057	0.476718	0.477942	0.479167	0.480745	0.482323	0.483873	0.485423	0.487515	0.489607	0.490615	0.491623	0.492551	0.493478	0.493754	0.494031	0.494348	0.494665	0.4947	0.494734	0.49491	0.495085	0.495003	0.494921	0.494959	0.494996	0.494922	0.494847	0.494815	0.494783	0.49476	0.494737	0.49467	
0.518272	0.518218	0.518238	0.518258	0.518203	0.518149	0.518199	0.518249	0.518232	0.518214	0.518261	0.518307	0.518247	0.518186	0.51824	0.518294	0.518139	0.517985	0.517885	0.517786	0.517294	0.516802	0.516206	0.51561	0.514248	0.512887	0.510955	0.509024	0.506289	0.503555	0.499796	0.496037	0.495465	0.494894	0.49691	0.498927	0.502127	0.505328	0.507621	0.509914	0.512331	0.514748	0.515651	0.516555	0.517348	0.518141	0.518263	0.518385	0.51859	0.518796	0.518734	0.518672	0.518771	0.518871	0.518751	0.518631	0.518639	0.518648	0.518556	0.518464	0.51843	0.518396	0.518361	0.518326	0.518272	
0.541875	0.541834	0.541842	0.541849	0.541821	0.541793	0.541838	0.541883	0.541884	0.541884	0.541961	0.542038	0.542021	0.542004	0.542118	0.542232	0.542139	0.542045	0.542057	0.542069	0.541647	0.541225	0.540734	0.540243	0.538758	0.537273	0.53513	0.532987	0.529203	0.525419	0.520049	0.514679	0.513874	0.51307	0.515878	0.518687	0.52351	0.528334	0.53137	0.534405	0.537147	0.539889	0.540688	0.541486	0.542145	0.542803	0.542771	0.542738	0.542833	0.542927	0.542768	0.542609	0.542633	0.542656	0.542499	0.542341	0.54232	0.542299	0.54219	0.542082	0.542046	0.54201	0.541963	0.541916	0.541875	
0.565423	0.565389	0.565393	0.565397	0.565379	0.565361	0.56541	0.565458	0.56547	0.565482	0.565577	0.565671	0.565689	0.565706	0.565864	0.566022	0.566007	0.565991	0.566128	0.566266	0.566014	0.565763	0.565529	0.565296	0.56398	0.562663	0.560545	0.558428	0.553865	0.549303	0.542927	0.536551	0.534095	0.531638	0.536576	0.541514	0.548323	0.555133	0.558371	0.56161	0.563995	0.566379	0.566666	0.566953	0.567203	0.567454	0.567212	0.566971	0.566907	0.566843	0.566619	0.566395	0.566343	0.56629	0.566118	0.565945	0.565901	0.565857	0.565746	0.565636	0.565596	0.565557	0.565508	0.565458	0.565423	
0.588972	0.588943	0.588944	0.588946	0.588938	0.58893	0.588982	0.589033	0.589057	0.58908	0.589193	0.589305	0.589357	0.589408	0.58961	0.589813	0.589875	0.589937	0.590199	0.590462	0.590381	0.5903	0.590325	0.59035	0.589201	0.588052	0.58596	0.583868	0.578527	0.573186	0.565805	0.558423	0.554315	0.550207	0.557274	0.564341	0.573136	0.581932	0.585373	0.588815	0.590842	0.592869	0.592644	0.59242	0.592262	0.592104	0.591654	0.591203	0.590981	0.59076	0.59047	0.59018	0.590052	0.589924	0.589737	0.589549	0.589483	0.589416	0.589303	0.589189	0.589147	0.589105	0.589052	0.589	0.588972	
0.612435	0.61241	0.612412	0.612415	0.612408	0.612402	0.612449	0.612496	0.612518	0.61254	0.612647	0.612754	0.612813	0.612872	0.613076	0.61328	0.613387	0.613495	0.613821	0.614146	0.614278	0.614409	0.61482	0.61523	0.614642	0.614053	0.612469	0.610885	0.605705	0.600524	0.591198	0.581872	0.578053	0.574233	0.582658	0.591083	0.60158	0.612078	0.614694	0.61731	0.618105	0.618901	0.618008	0.617116	0.616493	0.615871	0.615324	0.614777	0.614467	0.614156	0.613872	0.613589	0.613439	0.613289	0.613124	0.612958	0.612889	0.61282	0.612723	0.612627	0.612589	0.61255	0.612505	0.612461	0.612435	
0.635899	0.635876	0.63588	0.635884	0.635879	0.635873	0.635916	0.635958	0.635979	0.636	0.636102	0.636204	0.63627	0.636337	0.636542	0.636747	0.6369	0.637053	0.637442	0.63783	0.638174	0.638518	0.639314	0.640111	0.640083	0.640054	0.638978	0.637902	0.632882	0.627862	0.616591	0.605591	0.597501	0.597856	0.606321	0.617264	0.62843	0.642224	0.644014	0.645804	0.645369	0.644933	0.643372	0.641812	0.640725	0.639638	0.638994	0.638351	0.637952	0.637553	0.637275	0.636997	0.636826	0.636655	0.636511	0.636367	0.636295	0.636223	0.636144	0.636065	0.63603	0.635995	0.635958	0.635921	0.635899	
0.659337	0.659315	0.659322	0.659328	0.659316	0.659303	0.659336	0.659369	0.659374	0.659378	0.659453	0.659528	0.659567	0.659605	0.65975	0.659895	0.660012	0.660129	0.660408	0.660687	0.661029	0.661371	0.66218	0.66299	0.663359	0.663729	0.662305	0.660881	0.65762	0.654359	0.641472	0.624355	0.61708	0.629652	0.641409	0.644962	0.651298	0.659053	0.662435	0.665817	0.665869	0.665921	0.664807	0.663694	0.662713	0.661731	0.661352	0.660972	0.660673	0.660374	0.660222	0.66007	0.659944	0.659818	0.659738	0.659659	0.659605	0.659551	0.659506	0.65946	0.659431	0.659401	0.65938	0.659359	0.659337	
0.682776	0.682754	0.682763	0.682772	0.682753	0.682733	0.682757	0.68278	0.682769	0.682757	0.682804	0.682852	0.682863	0.682874	0.682959	0.683044	0.683125	0.683206	0.683375	0.683545	0.683884	0.684224	0.685046	0.685869	0.686636	0.687403	0.685631	0.68386	0.682358	0.68104	0.675959	0.6497	0.647841	0.674719	0.686658	0.683468	0.679067	0.675882	0.680855	0.68583	0.686369	0.686908	0.686242	0.685576	0.6847	0.683824	0.683709	0.683594	0.683394	0.683195	0.683169	0.683144	0.683062	0.682981	0.682965	0.68295	0.682914	0.682879	0.682867	0.682855	0.682831	0.682807	0.682802	0.682797	0.682776	
0.706192	0.706171	0.706179	0.706188	0.706161	0.706134	0.706145	0.706155	0.706123	0.706091	0.706106	0.706121	0.706086	0.706051	0.706065	0.706078	0.706051	0.706023	0.706021	0.706019	0.70606	0.7061	0.706301	0.706501	0.706594	0.706686	0.706878	0.70707	0.710751	0.718084	0.722208	0.691652	0.677752	0.726419	0.720928	0.718184	0.709602	0.701738	0.703272	0.704806	0.705016	0.705227	0.705407	0.705587	0.705474	0.705361	0.705636	0.705912	0.7059	0.705888	0.706008	0.706129	0.706115	0.706102	0.706152	0.706202	0.706193	0.706183	0.706203	0.706223	0.706209	0.706195	0.706204	0.706213	0.706192	
0.729608	0.729588	0.729595	0.729603	0.729569	0.729535	0.729533	0.729531	0.729478	0.729425	0.729408	0.729391	0.729309	0.729228	0.729171	0.729113	0.728977	0.728841	0.728667	0.728493	0.728235	0.727977	0.727555	0.727134	0.726552	0.72597	0.728126	0.730281	0.739144	0.74977	0.756796	0.747048	0.748015	0.731558	0.734644	0.735329	0.732465	0.727595	0.725688	0.723782	0.723664	0.723546	0.724571	0.725597	0.726247	0.726898	0.727564	0.728229	0.728406	0.728582	0.728848	0.729114	0.729168	0.729222	0.729338	0.729454	0.729471	0.729487	0.729539	0.729591	0.729587	0.729584	0.729606	0.729628	0.729608	
0.753162	0.753143	0.753153	0.753163	0.753125	0.753088	0.753082	0.753076	0.753015	0.752953	0.752925	0.752897	0.752801	0.752705	0.752627	0.75255	0.752388	0.752226	0.752034	0.751842	0.751547	0.751253	0.750832	0.750412	0.750252	0.750092	0.753193	0.756294	0.764051	0.7733	0.779463	0.775231	0.776506	0.766381	0.761401	0.757631	0.756751	0.754514	0.752081	0.749649	0.748761	0.747873	0.748576	0.749279	0.749829	0.75038	0.750992	0.751604	0.751786	0.751969	0.752252	0.752535	0.752603	0.752671	0.752806	0.752941	0.752964	0.752988	0.753054	0.75312	0.75312	0.75312	0.75315	0.75318	0.753162	
0.776715	0.776699	0.776711	0.776722	0.776682	0.776641	0.776632	0.776622	0.776552	0.776482	0.776443	0.776404	0.776293	0.776181	0.776084	0.775987	0.7758	0.775612	0.775402	0.775192	0.77486	0.774529	0.774109	0.773689	0.773952	0.774214	0.778261	0.782307	0.788957	0.797134	0.804462	0.80775	0.802754	0.797995	0.791737	0.786865	0.784244	0.781432	0.778474	0.775516	0.773858	0.7722	0.772581	0.772961	0.773411	0.773861	0.77442	0.774979	0.775167	0.775355	0.775656	0.775957	0.776038	0.776119	0.776273	0.776427	0.776458	0.776489	0.776569	0.776649	0.776653	0.776657	0.776694	0.776732	0.776715	
0.80026	0.800241	0.800256	0.80027	0.800231	0.800192	0.800187	0.800181	0.800119	0.800056	0.800028	0.8	0.799911	0.799822	0.799756	0.79969	0.799577	0.799463	0.799348	0.799233	0.799152	0.799071	0.798966	0.798862	0.799612	0.800362	0.803977	0.807592	0.813678	0.820478	0.827484	0.832204	0.83146	0.826531	0.820471	0.81537	0.811914	0.808481	0.805299	0.802117	0.800369	0.798622	0.798469	0.798317	0.798381	0.798445	0.798753	0.799061	0.799142	0.799223	0.799443	0.799663	0.799711	0.799758	0.799889	0.80002	0.800039	0.800058	0.800132	0.800205	0.800205	0.800204	0.800241	0.800278	0.80026	
0.823804	0.823784	0.823801	0.823817	0.82378	0.823742	0.823741	0.823741	0.823686	0.823631	0.823613	0.823595	0.82353	0.823464	0.823429	0.823394	0.823354	0.823314	0.823294	0.823275	0.823444	0.823613	0.823823	0.824034	0.825272	0.82651	0.829694	0.832877	0.838399	0.843921	0.847658	0.852362	0.852448	0.849681	0.845849	0.843994	0.839761	0.835529	0.832123	0.828717	0.82688	0.825044	0.824358	0.823672	0.82335	0.823028	0.823085	0.823143	0.823117	0.823091	0.82323	0.823369	0.823383	0.823397	0.823505	0.823613	0.82362	0.823627	0.823695	0.823762	0.823757	0.823752	0.823788	0.823824	0.823804	
0.847457	0.847435	0.847453	0.847472	0.84744	0.847408	0.847417	0.847426	0.847388	0.847349	0.847354	0.84736	0.84733	0.847301	0.847317	0.847334	0.847371	0.847408	0.847501	0.847594	0.847911	0.848227	0.848672	0.849117	0.850519	0.851921	0.85444	0.856959	0.861007	0.865056	0.867815	0.870869	0.87104	0.869464	0.867253	0.865169	0.862254	0.85934	0.85664	0.85394	0.852173	0.850406	0.849505	0.848604	0.848151	0.847698	0.847566	0.847433	0.847324	0.847216	0.847257	0.847299	0.847272	0.847244	0.847308	0.847371	0.847359	0.847346	0.847395	0.847445	0.847431	0.847416	0.847448	0.84748	0.847457	
0.87111	0.871085	0.871106	0.871127	0.8711	0.871074	0.871093	0.871112	0.87109	0.871067	0.871096	0.871124	0.871131	0.871138	0.871206	0.871274	0.871388	0.871502	0.871708	0.871914	0.872377	0.872841	0.873521	0.8742	0.875766	0.877331	0.879186	0.881041	0.883615	0.88619	0.887972	0.889754	0.888857	0.887959	0.887151	0.886344	0.884747	0.88315	0.881156	0.879162	0.877465	0.875768	0.874651	0.873535	0.872952	0.872369	0.872046	0.871723	0.871532	0.87134	0.871285	0.871229	0.87116	0.871091	0.87111	0.871129	0.871097	0.871065	0.871096	0.871128	0.871104	0.871081	0.871108	0.871136	0.87111	
0.894793	0.894768	0.894789	0.89481	0.894791	0.894772	0.894799	0.894826	0.894822	0.894817	0.894863	0.894909	0.894949	0.894989	0.895088	0.895187	0.895352	0.895517	0.895765	0.896013	0.896508	0.897003	0.897693	0.898383	0.899724	0.901065	0.902585	0.904106	0.905867	0.907629	0.908665	0.909702	0.909138	0.908574	0.908257	0.907941	0.906738	0.905536	0.904055	0.902575	0.901231	0.899886	0.898827	0.897769	0.897192	0.896615	0.896232	0.895849	0.895617	0.895386	0.895269	0.895153	0.895054	0.894956	0.894937	0.894917	0.894869	0.89482	0.894831	0.894842	0.894811	0.89478	0.894799	0.894817	0.894793	
0.918475	0.918452	0.918472	0.918493	0.918482	0.918471	0.918505	0.91854	0.918554	0.918568	0.918631	0.918695	0.918767	0.91884	0.918971	0.919101	0.919317	0.919533	0.919823	0.920113	0.920639	0.921165	0.921865	0.922565	0.923681	0.924798	0.925985	0.927172	0.92812	0.929067	0.929358	0.929649	0.929418	0.929188	0.929363	0.929538	0.92873	0.927921	0.926955	0.925988	0.924996	0.924004	0.923003	0.922002	0.921432	0.920861	0.920418	0.919974	0.919703	0.919432	0.919254	0.919076	0.918949	0.918822	0.918763	0.918705	0.91864	0.918575	0.918566	0.918556	0.918518	0.91848	0.91849	0.918499	0.918475	
0.942174	0.942152	0.942171	0.94219	0.942185	0.94218	0.942219	0.942258	0.942283	0.942309	0.942381	0.942454	0.942544	0.942634	0.942773	0.942913	0.94314	0.943367	0.943643	0.943919	0.944424	0.944928	0.945482	0.946035	0.94696	0.947885	0.948674	0.949463	0.950155	0.950847	0.951061	0.951275	0.951022	0.95077	0.950933	0.951096	0.950583	0.950069	0.949424	0.948779	0.948014	0.947249	0.946468	0.945688	0.945177	0.944667	0.944241	0.943815	0.943556	0.943296	0.943098	0.942899	0.942765	0.942631	0.94255	0.942469	0.942397	0.942325	0.9423	0.942275	0.942234	0.942193	0.942195	0.942196	0.942174	
0.965873	0.965852	0.965869	0.965887	0.965888	0.96589	0.965933	0.965975	0.966013	0.96605	0.966131	0.966212	0.96632	0.966427	0.966576	0.966725	0.966963	0.967201	0.967463	0.967725	0.968208	0.968691	0.969098	0.969504	0.970238	0.970972	0.971363	0.971755	0.972191	0.972627	0.972764	0.972901	0.972626	0.972352	0.972503	0.972654	0.972436	0.972218	0.971893	0.971569	0.971031	0.970493	0.969933	0.969373	0.968922	0.968472	0.968064	0.967656	0.967409	0.967161	0.966942	0.966723	0.966582	0.966441	0.966337	0.966232	0.966154	0.966075	0.966035	0.965994	0.96595	0.965906	0.9659	0.965894	0.965873	
0.989551	0.989532	0.989547	0.989562	0.989567	0.989573	0.989615	0.989657	0.9897	0.989743	0.989822	0.9899	0.99001	0.99012	0.990256	0.990392	0.990614	0.990836	0.991056	0.991275	0.991672	0.99207	0.992384	0.992698	0.993235	0.993772	0.994051	0.994331	0.994582	0.994833	0.994819	0.994804	0.994613	0.994422	0.994613	0.994803	0.994693	0.994583	0.994379	0.994176	0.993827	0.993478	0.993055	0.992632	0.992289	0.991945	0.991603	0.991262	0.991041	0.99082	0.990616	0.990411	0.990279	0.990147	0.990038	0.989928	0.989852	0.989775	0.989727	0.989679	0.989636	0.989592	0.989581	0.98957	0.989551	
1.01323	1.01321	1.01322	1.01324	1.01325	1.01326	1.0133	1.01334	1.01339	1.01344	1.01351	1.01359	1.0137	1.01381	1.01394	1.01406	1.01427	1.01447	1.01465	1.01482	1.01514	1.01545	1.01567	1.01589	1.01623	1.01657	1.01674	1.01691	1.01697	1.01704	1.01687	1.01671	1.0166	1.01649	1.01672	1.01695	1.01695	1.01695	1.01687	1.01678	1.01662	1.01646	1.01618	1.01589	1.01565	1.01542	1.01514	1.01487	1.01467	1.01448	1.01429	1.0141	1.01398	1.01385	1.01374	1.01362	1.01355	1.01348	1.01342	1.01336	1.01332	1.01328	1.01326	1.01325	1.01323	
1.03688	1.03687	1.03688	1.03689	1.0369	1.03691	1.03694	1.03698	1.03703	1.03708	1.03714	1.03721	1.03731	1.03741	1.03751	1.03761	1.03778	1.03795	1.03809	1.03822	1.03846	1.03871	1.03886	1.03901	1.03925	1.03949	1.03954	1.0396	1.03961	1.03961	1.03948	1.03935	1.03924	1.03914	1.03934	1.03953	1.03956	1.03959	1.0396	1.03961	1.03952	1.03944	1.03924	1.03904	1.03888	1.03873	1.03851	1.03829	1.03815	1.038	1.03784	1.03767	1.03757	1.03747	1.03736	1.03725	1.03719	1.03712	1.03707	1.03701	1.03697	1.03693	1.03691	1.0369	1.03688	
1.06053	1.06052	1.06053	1.06053	1.06055	1.06056	1.06059	1.06062	1.06067	1.06072	1.06077	1.06083	1.06093	1.06102	1.06109	1.06117	1.0613	1.06143	1.06153	1.06162	1.06179	1.06196	1.06204	1.06212	1.06226	1.06241	1.06235	1.0623	1.06224	1.06219	1.06209	1.06199	1.06189	1.06178	1.06195	1.06212	1.06217	1.06222	1.06233	1.06244	1.06242	1.06241	1.0623	1.06218	1.06211	1.06204	1.06187	1.06171	1.06162	1.06153	1.06139	1.06124	1.06117	1.06109	1.06099	1.06088	1.06083	1.06077	1.06071	1.06066	1.06062	1.06059	1.06057	1.06055	1.06053	
1.08414	1.08413	1.08414	1.08414	1.08415	1.08417	1.08419	1.08422	1.08426	1.0843	1.08434	1.08439	1.08446	1.08454	1.08459	1.08464	1.08475	1.08485	1.08491	1.08497	1.0851	1.08522	1.08525	1.08528	1.08536	1.08544	1.08536	1.08529	1.08521	1.08513	1.08502	1.08492	1.08483	1.08475	1.0849	1.08505	1.08512	1.08519	1.0853	1.08542	1.08544	1.08547	1.08542	1.08537	1.08534	1.08531	1.08519	1.08507	1.08501	1.08496	1.08484	1.08472	1.08467	1.08462	1.08453	1.08445	1.0844	1.08436	1.0843	1.08425	1.08422	1.0842	1.08417	1.08415	1.08414	
1.10775	1.10775	1.10775	1.10775	1.10776	1.10777	1.10779	1.10781	1.10785	1.10788	1.10791	1.10794	1.108	1.10806	1.10808	1.10811	1.10819	1.10828	1.1083	1.10832	1.1084	1.10848	1.10846	1.10843	1.10845	1.10847	1.10838	1.10829	1.10818	1.10807	1.10795	1.10784	1.10778	1.10771	1.10785	1.10798	1.10807	1.10816	1.10828	1.1084	1.10846	1.10853	1.10854	1.10855	1.10856	1.10857	1.1085	1.10842	1.1084	1.10838	1.10829	1.10821	1.10818	1.10815	1.10808	1.10801	1.10798	1.10794	1.1079	1.10785	1.10783	1.1078	1.10778	1.10776	1.10775	
1.13133	1.13133	1.13133	1.13132	1.13133	1.13134	1.13135	1.13137	1.1314	1.13143	1.13144	1.13145	1.1315	1.13155	1.13156	1.13157	1.13163	1.13169	1.13169	1.13169	1.13174	1.13178	1.13174	1.13169	1.13168	1.13166	1.13156	1.13147	1.13136	1.13125	1.13116	1.13108	1.13101	1.13095	1.13106	1.13118	1.13125	1.13133	1.13145	1.13158	1.13166	1.13174	1.13178	1.13181	1.13185	1.13188	1.13184	1.1318	1.1318	1.1318	1.13173	1.13167	1.13165	1.13164	1.13158	1.13153	1.13151	1.13149	1.13145	1.13141	1.13139	1.13138	1.13136	1.13134	1.13133	
1.15491	1.15491	1.15491	1.1549	1.15491	1.15492	1.15492	1.15492	1.15494	1.15497	1.15497	1.15497	1.155	1.15504	1.15504	1.15503	1.15507	1.15511	1.15508	1.15505	1.15507	1.15509	1.15502	1.15495	1.1549	1.15485	1.15475	1.15465	1.15454	1.15443	1.15437	1.15431	1.15425	1.15419	1.15428	1.15438	1.15444	1.1545	1.15463	1.15476	1.15485	1.15494	1.15501	1.15508	1.15513	1.15518	1.15517	1.15517	1.15519	1.15521	1.15517	1.15513	1.15513	1.15513	1.15509	1.15505	1.15504	1.15504	1.155	1.15497	1.15496	1.15495	1.15493	1.15491	1.15491	
1.17846	1.17846	1.17845	1.17845	1.17845	1.17846	1.17845	1.17845	1.17847	1.17849	1.17848	1.17847	1.1785	1.17852	1.17851	1.17849	1.17851	1.17853	1.17849	1.17846	1.17845	1.17845	1.17838	1.1783	1.17825	1.17819	1.17809	1.178	1.17789	1.17779	1.17774	1.17769	1.17764	1.17758	1.17766	1.17774	1.1778	1.17785	1.17797	1.17809	1.17818	1.17827	1.17834	1.17841	1.17848	1.17854	1.17855	1.17856	1.1786	1.17863	1.17861	1.17858	1.1786	1.17861	1.17858	1.17855	1.17855	1.17855	1.17853	1.1785	1.1785	1.17849	1.17848	1.17846	1.17846	
1.20201	1.20201	1.202	1.20199	1.20199	1.20199	1.20199	1.20198	1.20199	1.20201	1.20199	1.20197	1.20199	1.20201	1.20198	1.20195	1.20195	1.20196	1.20191	1.20186	1.20184	1.20181	1.20174	1.20166	1.20159	1.20153	1.20144	1.20135	1.20125	1.20115	1.20111	1.20107	1.20102	1.20098	1.20105	1.20111	1.20116	1.20121	1.20132	1.20143	1.20151	1.2016	1.20168	1.20175	1.20183	1.2019	1.20193	1.20196	1.20201	1.20205	1.20205	1.20204	1.20207	1.20209	1.20207	1.20205	1.20206	1.20207	1.20205	1.20203	1.20203	1.20203	1.20202	1.20201	1.20201	
1.22554	1.22554	1.22553	1.22553	1.22553	1.22553	1.22552	1.2255	1.22551	1.22553	1.2255	1.22548	1.22549	1.2255	1.22547	1.22543	1.22543	1.22543	1.22537	1.22532	1.22529	1.22526	1.22518	1.22511	1.22504	1.22497	1.22489	1.22482	1.22473	1.22464	1.22461	1.22458	1.22454	1.22449	1.22455	1.22461	1.22465	1.22468	1.22478	1.22488	1.22496	1.22503	1.22511	1.22519	1.22526	1.22533	1.22537	1.22541	1.22546	1.22551	1.22551	1.22551	1.22555	1.22558	1.22557	1.22555	1.22557	1.22559	1.22557	1.22555	1.22556	1.22556	1.22555	1.22554	1.22554	
1.24908	1.24907	1.24907	1.24906	1.24906	1.24906	1.24905	1.24903	1.24904	1.24905	1.24902	1.24899	1.249	1.249	1.24896	1.24891	1.2489	1.24889	1.24883	1.24877	1.24874	1.2487	1.24862	1.24855	1.24848	1.24842	1.24835	1.24829	1.24821	1.24813	1.24811	1.24809	1.24805	1.24801	1.24806	1.24811	1.24814	1.24816	1.24825	1.24834	1.2484	1.24847	1.24854	1.24862	1.24869	1.24877	1.24881	1.24885	1.24891	1.24897	1.24898	1.24899	1.24903	1.24907	1.24906	1.24905	1.24908	1.2491	1.24909	1.24908	1.24909	1.2491	1.24909	1.24908	1.24908	
1.27261	1.2726	1.2726	1.27259	1.2726	1.2726	1.27258	1.27256	1.27257	1.27258	1.27254	1.27251	1.27251	1.27251	1.27247	1.27242	1.27241	1.27239	1.27234	1.27228	1.27224	1.2722	1.27213	1.27207	1.27201	1.27194	1.27189	1.27183	1.27176	1.27169	1.27168	1.27166	1.27163	1.27159	1.27163	1.27168	1.2717	1.27172	1.27179	1.27187	1.27193	1.27198	1.27205	1.27213	1.27219	1.27226	1.2723	1.27234	1.2724	1.27246	1.27247	1.27249	1.27253	1.27258	1.27257	1.27257	1.2726	1.27263	1.27261	1.2726	1.27261	1.27263	1.27262	1.27262	1.27261	
1.29615	1.29613	1.29613	1.29612	1.29613	1.29613	1.29611	1.29608	1.29609	1.2961	1.29607	1.29603	1.29603	1.29603	1.29598	1.29593	1.29591	1.29589	1.29584	1.29578	1.29574	1.2957	1.29564	1.29559	1.29553	1.29547	1.29542	1.29537	1.29531	1.29525	1.29524	1.29523	1.2952	1.29517	1.29521	1.29524	1.29526	1.29527	1.29534	1.2954	1.29545	1.2955	1.29556	1.29563	1.29569	1.29575	1.29579	1.29584	1.29589	1.29595	1.29597	1.29599	1.29603	1.29608	1.29608	1.29608	1.29611	1.29615	1.29614	1.29613	1.29614	1.29616	1.29616	1.29616	1.29615	
1.31968	1.31967	1.31966	1.31965	1.31967	1.31968	1.31965	1.31962	1.31963	1.31964	1.3196	1.31956	1.31956	1.31956	1.31952	1.31947	1.31945	1.31943	1.31938	1.31933	1.31929	1.31926	1.3192	1.31915	1.3191	1.31905	1.31901	1.31897	1.31892	1.31887	1.31886	1.31885	1.31882	1.3188	1.31883	1.31886	1.31887	1.31888	1.31893	1.31899	1.31903	1.31907	1.31913	1.31918	1.31924	1.31929	1.31933	1.31937	1.31942	1.31947	1.31949	1.31951	1.31956	1.3196	1.3196	1.3196	1.31964	1.31967	1.31966	1.31965	1.31967	1.3197	1.3197	1.3197	1.31968	
1.34322	1.3432	1.34319	1.34319	1.3432	1.34322	1.34319	1.34316	1.34317	1.34318	1.34314	1.3431	1.3431	1.3431	1.34305	1.34301	1.34299	1.34297	1.34293	1.34288	1.34284	1.34281	1.34276	1.34272	1.34267	1.34263	1.3426	1.34257	1.34252	1.34248	1.34248	1.34247	1.34245	1.34242	1.34245	1.34248	1.34248	1.34248	1.34253	1.34258	1.34261	1.34264	1.34269	1.34274	1.34278	1.34283	1.34287	1.34291	1.34295	1.343	1.34302	1.34304	1.34308	1.34313	1.34313	1.34313	1.34317	1.3432	1.34319	1.34318	1.34321	1.34324	1.34324	1.34324	1.34322	
1.36675	1.36673	1.36672	1.36671	1.36673	1.36675	1.36672	1.36669	1.3667	1.36671	1.36668	1.36664	1.36664	1.36663	1.3666	1.36656	1.36654	1.36652	1.36648	1.36644	1.36641	1.36638	1.36634	1.36631	1.36627	1.36623	1.3662	1.36618	1.36614	1.3661	1.3661	1.3661	1.36608	1.36605	1.36608	1.3661	1.3661	1.3661	1.36614	1.36618	1.36621	1.36623	1.36627	1.36632	1.36635	1.36639	1.36643	1.36646	1.3665	1.36654	1.36656	1.36658	1.36661	1.36665	1.36665	1.36665	1.36669	1.36673	1.36671	1.3667	1.36673	1.36676	1.36676	1.36676	1.36675	
1.39027	1.39026	1.39025	1.39024	1.39026	1.39029	1.39026	1.39022	1.39023	1.39025	1.39021	1.39018	1.39018	1.39017	1.39014	1.39011	1.39009	1.39007	1.39004	1.39001	1.38998	1.38995	1.38992	1.38989	1.38986	1.38982	1.38981	1.38979	1.38975	1.38972	1.38972	1.38972	1.3897	1.38969	1.3897	1.38972	1.38972	1.38972	1.38975	1.38978	1.3898	1.38982	1.38986	1.38989	1.38992	1.38995	1.38998	1.39001	1.39004	1.39008	1.39009	1.39011	1.39014	1.39018	1.39018	1.39018	1.39022	1.39025	1.39023	1.39022	1.39026	1.39029	1.39029	1.39028	1.39027	
1.41379	1.41379	1.41377	1.41375	1.41378	1.41381	1.41378	1.41375	1.41376	1.41377	1.41374	1.41371	1.41371	1.4137	1.41368	1.41365	1.41364	1.41362	1.4136	1.41357	1.41355	1.41352	1.4135	1.41347	1.41345	1.41342	1.4134	1.41339	1.41336	1.41334	1.41334	1.41334	1.41332	1.41331	1.41332	1.41333	1.41333	1.41333	1.41336	1.41338	1.4134	1.41341	1.41344	1.41347	1.41349	1.41351	1.41354	1.41356	1.41359	1.41361	1.41363	1.41364	1.41367	1.41369	1.4137	1.4137	1.41373	1.41376	1.41374	1.41373	1.41377	1.4138	1.41379	1.41378	1.41379	
1.4373	1.43732	1.4373	1.43727	1.4373	1.43732	1.4373	1.43727	1.43728	1.43729	1.43727	1.43725	1.43724	1.43724	1.43722	1.4372	1.43718	1.43717	1.43715	1.43713	1.43711	1.43709	1.43707	1.43705	1.43703	1.43701	1.437	1.43699	1.43697	1.43695	1.43695	1.43695	1.43694	1.43693	1.43694	1.43695	1.43695	1.43695	1.43696	1.43698	1.43699	1.437	1.43702	1.43704	1.43706	1.43707	1.43709	1.43711	1.43713	1.43715	1.43716	1.43717	1.43719	1.43721	1.43722	1.43722	1.43724	1.43727	1.43725	1.43724	1.43728	1.43731	1.43729	1.43727	1.4373	
1.46081	1.46086	1.46083	1.46079	1.46081	1.46083	1.46081	1.4608	1.4608	1.46081	1.46079	1.46078	1.46078	1.46077	1.46076	1.46074	1.46074	1.46073	1.46071	1.4607	1.46069	1.46067	1.46066	1.46065	1.46063	1.46062	1.46061	1.4606	1.46059	1.46058	1.46058	1.46058	1.46057	1.46056	1.46057	1.46057	1.46057	1.46057	1.46058	1.46059	1.4606	1.4606	1.46062	1.46063	1.46064	1.46065	1.46066	1.46067	1.46069	1.4607	1.46071	1.46071	1.46073	1.46074	1.46074	1.46074	1.46076	1.46078	1.46077	1.46076	1.46079	1.46081	1.46078	1.46075	1.46081	
1.48431	1.4844	1.48436	1.48431	1.48433	1.48434	1.48433	1.48432	1.48432	1.48433	1.48432	1.48431	1.48431	1.48431	1.4843	1.48429	1.48429	1.48428	1.48428	1.48427	1.48426	1.48425	1.48425	1.48424	1.48423	1.48422	1.48422	1.48422	1.48421	1.4842	1.4842	1.4842	1.48419	1.48419	1.48419	1.48419	1.48419	1.48419	1.4842	1.4842	1.4842	1.4842	1.48421	1.48422	1.48422	1.48423	1.48423	1.48424	1.48424	1.48425	1.48425	1.48425	1.48426	1.48427	1.48427	1.48427	1.48428	1.48429	1.48428	1.48428	1.4843	1.48431	1.48427	1.48423	1.48431	
1.50751	1.50751	1.50751	1.50751	1.50751	1.50751	1.50751	1.50751	1.50751	1.50751	1.50751	1.50751	1.50751	1.50751	1.50751	1.50751	1.50751	1.50751	1.50751	1.50751	1.50751	1.50751	1.50751	1.50751	1.50751	1.50751	1.50751	1.50751	1.50751	1.50751	1.50751	1.50751	1.50751	1.50751	1.50751	1.50751	1.50751	1.50751	1.50751	1.50751	1.50751	1.50751	1.50751	1.50751	1.50751	1.50751	1.50751	1.50751	1.50751	1.50751	1.50751	1.50751	1.50751	1.50751	1.50751	1.50751	1.50751	1.50751	1.50751	1.50751	1.50751	1.50751	1.50751	1.50751	1.50751	
