x=200	y=100	z=200	n=65	len=1
b
0.753757	0.753757	0.753757	0.753757	0.753757	0.753757	0.753757	0.753757	0.753757	0.753757	0.753757	0.753757	0.753757	0.753757	0.753757	0.753757	0.753757	0.753757	0.753757	0.753757	0.753757	0.753757	0.753757	0.753757	0.753757	0.753757	0.753757	0.753757	0.753757	0.753757	0.753757	0.753757	0.753757	0.753757	0.753757	0.753757	0.753757	0.753757	0.753757	0.753757	0.753757	0.753757	0.753757	0.753757	0.753757	0.753757	0.753757	0.753757	0.753757	0.753757	0.753757	0.753757	0.753757	0.753757	0.753757	0.753757	0.753757	0.753757	0.753757	0.753757	0.753757	0.753757	0.753757	0.753757	0.753757	
0.751667	0.751767	0.751724	0.75168	0.751767	0.751852	0.751886	0.75192	0.751971	0.752023	0.752116	0.75221	0.752274	0.752339	0.752514	0.752689	0.752812	0.752936	0.753393	0.75385	0.753952	0.754053	0.754558	0.755063	0.755212	0.755361	0.756157	0.756952	0.75836	0.759769	0.763402	0.767036	0.767174	0.767312	0.76416	0.761009	0.758794	0.756579	0.756071	0.755563	0.755891	0.756219	0.756028	0.755836	0.755371	0.754907	0.754493	0.75408	0.75371	0.75334	0.752998	0.752656	0.75245	0.752244	0.752094	0.751944	0.751894	0.751843	0.751748	0.751653	0.751682	0.75171	0.751639	0.751568	0.751667	
0.751969	0.752071	0.752022	0.751973	0.752069	0.752166	0.752193	0.752221	0.752275	0.75233	0.752439	0.752548	0.75263	0.752713	0.752925	0.753137	0.753284	0.753431	0.753895	0.75436	0.754489	0.754619	0.754941	0.755263	0.755123	0.754982	0.755695	0.756407	0.758204	0.760001	0.763708	0.767414	0.767483	0.767553	0.764199	0.760845	0.758319	0.755794	0.755622	0.755451	0.755959	0.756467	0.756372	0.756276	0.755851	0.755426	0.754963	0.754501	0.754103	0.753706	0.753369	0.753032	0.752806	0.75258	0.752418	0.752255	0.752202	0.752149	0.75205	0.751952	0.751981	0.75201	0.751939	0.751867	0.751969	
0.752271	0.752376	0.752321	0.752265	0.752372	0.752479	0.7525	0.752521	0.752579	0.752637	0.752761	0.752885	0.752986	0.753087	0.753336	0.753584	0.753755	0.753926	0.754397	0.754869	0.755027	0.755184	0.755323	0.755463	0.755033	0.754604	0.755233	0.755862	0.758048	0.760234	0.764013	0.767792	0.767793	0.767794	0.764237	0.760681	0.757845	0.755009	0.755174	0.755339	0.756027	0.756715	0.756716	0.756717	0.756331	0.755945	0.755433	0.754922	0.754497	0.754072	0.753739	0.753407	0.753162	0.752916	0.752741	0.752566	0.75251	0.752454	0.752352	0.75225	0.75228	0.75231	0.752238	0.752166	0.752271	
0.752381	0.752476	0.752422	0.752368	0.75247	0.752573	0.752589	0.752606	0.752662	0.752718	0.752841	0.752964	0.753074	0.753185	0.753446	0.753708	0.753903	0.754098	0.754613	0.755127	0.755312	0.755498	0.755446	0.755395	0.75466	0.753926	0.75428	0.754634	0.75717	0.759706	0.763656	0.767605	0.7675	0.767395	0.763948	0.760501	0.757592	0.754683	0.755017	0.755352	0.756142	0.756931	0.75695	0.75697	0.756567	0.756164	0.755624	0.755084	0.754649	0.754215	0.753867	0.753519	0.753272	0.753024	0.752849	0.752674	0.752617	0.75256	0.752463	0.752367	0.752391	0.752414	0.75235	0.752286	0.752381	
0.752491	0.752576	0.752523	0.75247	0.752569	0.752667	0.752679	0.75269	0.752744	0.752799	0.752921	0.753043	0.753163	0.753282	0.753557	0.753831	0.754051	0.754271	0.754828	0.755384	0.755598	0.755811	0.755569	0.755326	0.754287	0.753249	0.753327	0.753406	0.756292	0.759179	0.763299	0.767418	0.767207	0.766996	0.763658	0.760321	0.757339	0.754357	0.754861	0.755366	0.756256	0.757147	0.757185	0.757223	0.756803	0.756382	0.755814	0.755246	0.754802	0.754358	0.753995	0.753631	0.753382	0.753132	0.752956	0.752781	0.752723	0.752665	0.752574	0.752483	0.752501	0.752519	0.752462	0.752405	0.752491	
0.752532	0.752606	0.752556	0.752507	0.752596	0.752686	0.752687	0.752688	0.752728	0.752768	0.752874	0.75298	0.753107	0.753234	0.753521	0.753808	0.75409	0.754372	0.754976	0.755579	0.755853	0.756127	0.755767	0.755408	0.754085	0.752762	0.752404	0.752046	0.754398	0.756751	0.760573	0.764395	0.7645	0.764605	0.761882	0.759159	0.756641	0.754123	0.75482	0.755517	0.756436	0.757356	0.757359	0.757361	0.756918	0.756475	0.75589	0.755304	0.754859	0.754414	0.754043	0.753672	0.753423	0.753175	0.753	0.752826	0.752767	0.752707	0.752622	0.752537	0.752547	0.752557	0.752508	0.752459	0.752532	
0.752574	0.752635	0.752589	0.752543	0.752624	0.752705	0.752696	0.752686	0.752711	0.752737	0.752826	0.752916	0.753051	0.753186	0.753486	0.753785	0.754129	0.754473	0.755123	0.755774	0.756108	0.756442	0.755965	0.755489	0.753883	0.752276	0.75148	0.750685	0.752504	0.754323	0.757848	0.761372	0.761793	0.762214	0.760106	0.757998	0.755944	0.753889	0.754778	0.755667	0.756617	0.757566	0.757533	0.7575	0.757034	0.756568	0.755965	0.755362	0.754916	0.75447	0.754091	0.753712	0.753465	0.753217	0.753045	0.752872	0.75281	0.752748	0.752669	0.75259	0.752593	0.752596	0.752554	0.752512	0.752574	
0.752451	0.752451	0.752421	0.752391	0.752427	0.752463	0.752447	0.752431	0.752457	0.752482	0.752556	0.752629	0.752775	0.752922	0.753217	0.753513	0.753909	0.754306	0.755032	0.755757	0.756202	0.756648	0.756104	0.75556	0.753801	0.752042	0.75079	0.749538	0.75085	0.752162	0.755228	0.758294	0.758842	0.75939	0.758115	0.756839	0.755347	0.753855	0.754872	0.75589	0.756671	0.757452	0.757329	0.757207	0.756766	0.756324	0.755721	0.755118	0.75469	0.754261	0.753887	0.753513	0.753285	0.753057	0.752909	0.752761	0.75269	0.752619	0.752579	0.752539	0.752498	0.752456	0.752453	0.75245	0.752451	
0.752327	0.752268	0.752254	0.75224	0.752231	0.752221	0.752199	0.752176	0.752202	0.752228	0.752285	0.752342	0.7525	0.752658	0.752949	0.753241	0.75369	0.754139	0.75494	0.755741	0.756297	0.756853	0.756243	0.755632	0.75372	0.751809	0.7501	0.74839	0.749196	0.750001	0.752608	0.755216	0.755891	0.756566	0.756123	0.755681	0.75475	0.75382	0.754966	0.756112	0.756725	0.757337	0.757126	0.756915	0.756497	0.75608	0.755477	0.754874	0.754463	0.754052	0.753683	0.753314	0.753106	0.752898	0.752774	0.752651	0.75257	0.75249	0.752489	0.752488	0.752403	0.752317	0.752352	0.752387	0.752327	
0.752127	0.752051	0.752045	0.752039	0.752001	0.751963	0.751933	0.751904	0.751921	0.751938	0.751974	0.75201	0.752166	0.752322	0.752597	0.752873	0.753362	0.753851	0.7547	0.75555	0.756261	0.756972	0.756433	0.755894	0.753888	0.751882	0.749843	0.747804	0.748133	0.748462	0.75047	0.752478	0.75327	0.754062	0.754445	0.754828	0.754452	0.754076	0.755033	0.75599	0.756432	0.756874	0.756656	0.756438	0.756001	0.755564	0.754979	0.754394	0.754026	0.753658	0.753335	0.753012	0.752829	0.752646	0.75255	0.752454	0.752372	0.75229	0.7523	0.75231	0.752217	0.752125	0.752164	0.752204	0.752127	
0.751927	0.751834	0.751836	0.751839	0.751772	0.751705	0.751668	0.751632	0.75164	0.751648	0.751663	0.751679	0.751832	0.751985	0.752245	0.752505	0.753034	0.753563	0.754461	0.75536	0.756226	0.757091	0.756624	0.756157	0.754057	0.751956	0.749586	0.747217	0.74707	0.746923	0.748332	0.749741	0.75065	0.751559	0.752767	0.753975	0.754153	0.754332	0.7551	0.755868	0.756139	0.75641	0.756186	0.755962	0.755505	0.755049	0.754481	0.753914	0.753589	0.753263	0.752987	0.752711	0.752553	0.752395	0.752327	0.752258	0.752174	0.75209	0.752111	0.752132	0.752032	0.751932	0.751977	0.752021	0.751927	
0.751685	0.751562	0.751573	0.751584	0.751488	0.751392	0.75135	0.751309	0.751305	0.751301	0.751295	0.75129	0.751432	0.751575	0.751805	0.752036	0.752571	0.753106	0.754012	0.754919	0.755859	0.7568	0.756684	0.756567	0.754718	0.752869	0.750019	0.747168	0.746757	0.746346	0.747272	0.748197	0.749247	0.750297	0.751962	0.753627	0.754104	0.754581	0.755114	0.755647	0.755824	0.756001	0.75562	0.755239	0.754829	0.754419	0.75389	0.753362	0.753077	0.752792	0.752557	0.752322	0.75219	0.752058	0.752026	0.751994	0.751908	0.751822	0.751871	0.75192	0.7518	0.75168	0.751744	0.751808	0.751685	
0.751442	0.75129	0.751309	0.751328	0.751203	0.751078	0.751032	0.750985	0.75097	0.750954	0.750927	0.750901	0.751033	0.751164	0.751366	0.751568	0.752108	0.752648	0.753563	0.754478	0.755493	0.756509	0.756743	0.756977	0.75538	0.753783	0.750451	0.747119	0.746444	0.74577	0.746211	0.746653	0.747845	0.749036	0.751157	0.753279	0.754055	0.754831	0.755129	0.755427	0.75551	0.755593	0.755054	0.754516	0.754152	0.753789	0.753299	0.75281	0.752565	0.752321	0.752127	0.751932	0.751827	0.751721	0.751725	0.751729	0.751642	0.751554	0.75163	0.751707	0.751567	0.751427	0.751511	0.751594	0.751442	
0.751214	0.751049	0.751074	0.751098	0.750955	0.750811	0.750762	0.750713	0.750681	0.750649	0.750604	0.75056	0.750671	0.750783	0.750944	0.751105	0.751617	0.752129	0.752967	0.753805	0.754912	0.75602	0.756463	0.756906	0.755831	0.754755	0.751842	0.748928	0.747763	0.746597	0.746387	0.746176	0.747508	0.748839	0.75108	0.753321	0.754175	0.755029	0.755154	0.75528	0.755198	0.755116	0.754507	0.753897	0.753525	0.753154	0.752691	0.752228	0.75202	0.751813	0.751668	0.751523	0.751444	0.751365	0.751408	0.751451	0.751367	0.751283	0.751382	0.751482	0.751336	0.751189	0.751285	0.75138	0.751215	
0.750987	0.750807	0.750838	0.750868	0.750706	0.750543	0.750492	0.750441	0.750393	0.750344	0.750281	0.750218	0.75031	0.750402	0.750522	0.750643	0.751126	0.751609	0.75237	0.753131	0.754331	0.755531	0.756183	0.756835	0.756281	0.755727	0.753233	0.750738	0.749081	0.747425	0.746562	0.745699	0.747171	0.748642	0.751003	0.753364	0.754295	0.755227	0.755179	0.755132	0.754886	0.754639	0.753959	0.753278	0.752898	0.752518	0.752082	0.751646	0.751475	0.751305	0.75121	0.751114	0.751062	0.75101	0.751091	0.751172	0.751092	0.751012	0.751135	0.751258	0.751104	0.75095	0.751058	0.751166	0.750987	
0.750829	0.750647	0.750681	0.750714	0.750542	0.75037	0.750319	0.750268	0.750203	0.750137	0.75006	0.749982	0.750048	0.750114	0.750194	0.750275	0.750692	0.751108	0.751772	0.752435	0.753632	0.754829	0.755591	0.756352	0.756473	0.756595	0.754607	0.75262	0.75127	0.749919	0.748407	0.746894	0.748763	0.750632	0.7521	0.753568	0.754506	0.755443	0.75524	0.755038	0.754711	0.754384	0.753579	0.752775	0.752368	0.751961	0.751553	0.751145	0.751001	0.750857	0.750808	0.75076	0.750731	0.750702	0.750817	0.750931	0.750863	0.750794	0.750935	0.751076	0.750928	0.750779	0.750895	0.751011	0.750829	
0.75067	0.750486	0.750523	0.75056	0.750379	0.750197	0.750147	0.750096	0.750013	0.74993	0.749838	0.749747	0.749786	0.749826	0.749867	0.749907	0.750257	0.750608	0.751174	0.75174	0.752934	0.754127	0.754998	0.755869	0.756666	0.757462	0.755982	0.754502	0.753458	0.752414	0.750251	0.748088	0.750355	0.752622	0.753198	0.753773	0.754716	0.755659	0.755301	0.754943	0.754536	0.754128	0.7532	0.752272	0.751838	0.751405	0.751025	0.750645	0.750527	0.750409	0.750407	0.750405	0.750399	0.750394	0.750543	0.750691	0.750634	0.750577	0.750736	0.750895	0.750751	0.750607	0.750731	0.750855	0.75067	
0.7506	0.75042	0.750459	0.750497	0.750314	0.75013	0.75008	0.750031	0.749935	0.749839	0.749739	0.749639	0.749655	0.749671	0.749674	0.749678	0.749957	0.750237	0.750693	0.751149	0.752224	0.753298	0.754302	0.755306	0.756532	0.757759	0.756942	0.756126	0.755431	0.754736	0.752265	0.749794	0.751913	0.754033	0.754079	0.754125	0.755198	0.75627	0.755759	0.755248	0.754643	0.754038	0.75298	0.751922	0.751463	0.751005	0.750647	0.75029	0.750188	0.750086	0.750124	0.750163	0.750177	0.750192	0.750365	0.750538	0.750496	0.750455	0.750625	0.750795	0.75066	0.750526	0.750653	0.75078	0.7506	
0.75053	0.750354	0.750394	0.750434	0.750249	0.750063	0.750014	0.749966	0.749857	0.749748	0.74964	0.749531	0.749523	0.749516	0.749483	0.749449	0.749657	0.749865	0.750212	0.750559	0.751514	0.752469	0.753605	0.754742	0.756398	0.758055	0.757903	0.75775	0.757404	0.757059	0.754279	0.751499	0.753471	0.755444	0.75496	0.754477	0.755679	0.756881	0.756218	0.755554	0.75475	0.753947	0.75276	0.751572	0.751088	0.750604	0.75027	0.749936	0.74985	0.749763	0.749842	0.749921	0.749955	0.749989	0.750187	0.750385	0.750359	0.750332	0.750514	0.750695	0.750569	0.750444	0.750574	0.750705	0.75053	
0.750605	0.750459	0.750496	0.750533	0.750362	0.75019	0.750144	0.750098	0.74998	0.749862	0.74975	0.749638	0.749583	0.749527	0.749448	0.749368	0.749511	0.749654	0.749906	0.750157	0.751007	0.751857	0.752888	0.753918	0.755751	0.757583	0.75809	0.758597	0.75868	0.758763	0.756269	0.753775	0.755165	0.756555	0.756023	0.75549	0.756786	0.758083	0.757258	0.756433	0.755295	0.754157	0.752763	0.751369	0.750859	0.750348	0.750041	0.749734	0.749659	0.749584	0.749693	0.749802	0.74985	0.749898	0.75011	0.750322	0.750315	0.750307	0.750491	0.750676	0.750592	0.750508	0.750629	0.750751	0.750605	
0.750681	0.750565	0.750598	0.750632	0.750475	0.750318	0.750274	0.75023	0.750102	0.749975	0.74986	0.749745	0.749642	0.749539	0.749413	0.749288	0.749366	0.749443	0.749599	0.749756	0.7505	0.751245	0.75217	0.753095	0.755103	0.757111	0.758278	0.759444	0.759956	0.760468	0.75826	0.756051	0.756858	0.757666	0.757085	0.756504	0.757894	0.759284	0.758298	0.757312	0.755839	0.754367	0.752766	0.751166	0.750629	0.750092	0.749812	0.749532	0.749469	0.749405	0.749543	0.749682	0.749744	0.749807	0.750033	0.75026	0.75027	0.750281	0.750469	0.750656	0.750614	0.750572	0.750685	0.750798	0.750681	
0.750926	0.750837	0.750862	0.750887	0.750754	0.75062	0.750572	0.750525	0.750394	0.750264	0.750142	0.750021	0.749882	0.749744	0.749607	0.749471	0.749468	0.749466	0.749517	0.749569	0.750202	0.750835	0.751622	0.752409	0.754393	0.756377	0.757753	0.759129	0.760106	0.761083	0.759811	0.758538	0.758461	0.758384	0.75838	0.758376	0.75949	0.760604	0.759406	0.758207	0.75636	0.754512	0.752802	0.751092	0.750519	0.749945	0.749726	0.749507	0.749464	0.749421	0.749585	0.74975	0.749828	0.749906	0.750135	0.750363	0.750409	0.750454	0.750642	0.750829	0.750818	0.750807	0.750911	0.751016	0.750926	
0.751172	0.751109	0.751126	0.751143	0.751033	0.750922	0.750871	0.75082	0.750686	0.750553	0.750425	0.750297	0.750123	0.749949	0.749801	0.749654	0.749571	0.749488	0.749435	0.749381	0.749903	0.750424	0.751074	0.751723	0.753682	0.755642	0.757227	0.758813	0.760255	0.761698	0.761361	0.761025	0.760064	0.759102	0.759676	0.760249	0.761087	0.761925	0.760514	0.759102	0.75688	0.754657	0.752838	0.751019	0.750408	0.749797	0.74964	0.749482	0.749459	0.749436	0.749627	0.749819	0.749912	0.750005	0.750236	0.750466	0.750547	0.750627	0.750815	0.751002	0.751022	0.751042	0.751138	0.751234	0.751172	
0.751467	0.751436	0.751442	0.751449	0.751364	0.751278	0.751221	0.751164	0.751033	0.750902	0.750771	0.750641	0.750467	0.750292	0.750117	0.749942	0.749831	0.74972	0.749623	0.749527	0.749869	0.750211	0.750766	0.751322	0.753019	0.754717	0.756353	0.757989	0.759621	0.761254	0.76232	0.763385	0.761683	0.75998	0.761243	0.762505	0.762871	0.763236	0.761464	0.759692	0.757203	0.754714	0.752828	0.750942	0.750346	0.749751	0.749655	0.74956	0.749554	0.749548	0.749771	0.749994	0.750116	0.750238	0.750469	0.7507	0.750802	0.750904	0.751074	0.751244	0.751288	0.751333	0.751415	0.751497	0.751467	
0.751762	0.751763	0.751759	0.751754	0.751695	0.751635	0.751571	0.751508	0.751379	0.751251	0.751118	0.750986	0.750811	0.750636	0.750433	0.75023	0.750091	0.749951	0.749812	0.749672	0.749835	0.749997	0.750459	0.750921	0.752356	0.753791	0.755478	0.757165	0.758987	0.76081	0.763278	0.765746	0.763302	0.760857	0.762809	0.764762	0.764654	0.764547	0.762415	0.760282	0.757526	0.75477	0.752817	0.750865	0.750284	0.749704	0.749671	0.749638	0.749649	0.74966	0.749915	0.75017	0.75032	0.75047	0.750702	0.750933	0.751057	0.751181	0.751333	0.751485	0.751555	0.751625	0.751693	0.751761	0.751762	
0.752102	0.752128	0.752114	0.752099	0.75206	0.752022	0.751951	0.75188	0.751758	0.751636	0.7515	0.751363	0.75118	0.750997	0.750795	0.750593	0.750424	0.750256	0.750096	0.749937	0.750037	0.750137	0.750426	0.750715	0.752026	0.753337	0.754983	0.756629	0.758696	0.760763	0.764559	0.768354	0.765681	0.763007	0.764781	0.766554	0.76596	0.765365	0.762846	0.760328	0.757375	0.754421	0.752577	0.750733	0.750183	0.749634	0.749708	0.749782	0.749844	0.749907	0.750176	0.750446	0.750606	0.750766	0.75099	0.751214	0.751355	0.751496	0.751636	0.751776	0.75187	0.751965	0.75202	0.752075	0.752102	
0.752441	0.752492	0.752468	0.752444	0.752426	0.752409	0.75233	0.752252	0.752137	0.752022	0.751881	0.751741	0.751549	0.751358	0.751157	0.750955	0.750758	0.75056	0.750381	0.750201	0.750239	0.750277	0.750393	0.750508	0.751695	0.752883	0.754488	0.756093	0.758405	0.760717	0.765839	0.770962	0.76806	0.765157	0.766752	0.768347	0.767265	0.766182	0.763278	0.760373	0.757223	0.754073	0.752337	0.7506	0.750082	0.749564	0.749745	0.749925	0.750039	0.750154	0.750438	0.750722	0.750891	0.751061	0.751278	0.751495	0.751653	0.751811	0.751939	0.752067	0.752186	0.752305	0.752348	0.75239	0.752441	
0.752745	0.752809	0.752778	0.752748	0.752743	0.752738	0.752653	0.752568	0.752462	0.752356	0.752212	0.752067	0.75188	0.751694	0.751484	0.751274	0.751076	0.750878	0.750664	0.750451	0.750464	0.750476	0.750485	0.750494	0.751553	0.752612	0.754299	0.755987	0.758717	0.761448	0.767348	0.773249	0.770107	0.766964	0.768007	0.769051	0.767251	0.765452	0.76207	0.758687	0.755673	0.75266	0.751461	0.750262	0.749882	0.749502	0.749791	0.75008	0.750244	0.750409	0.750709	0.75101	0.751193	0.751376	0.751585	0.751795	0.75196	0.752125	0.752241	0.752357	0.752485	0.752614	0.752648	0.752681	0.752745	
0.753049	0.753126	0.753089	0.753052	0.753059	0.753066	0.752975	0.752884	0.752787	0.75269	0.752542	0.752393	0.752211	0.752029	0.751811	0.751594	0.751394	0.751195	0.750948	0.750701	0.750688	0.750675	0.750577	0.750479	0.75141	0.752341	0.75411	0.75588	0.759029	0.762179	0.768857	0.779456	0.776968	0.766158	0.766266	0.769754	0.767238	0.764722	0.760861	0.757001	0.754124	0.751247	0.750585	0.749923	0.749682	0.74944	0.749837	0.750234	0.750449	0.750664	0.750981	0.751298	0.751494	0.751691	0.751893	0.752094	0.752266	0.752438	0.752543	0.752647	0.752785	0.752923	0.752948	0.752973	0.753049	
0.753258	0.753336	0.753297	0.753257	0.753269	0.75328	0.753186	0.753092	0.753003	0.752914	0.752761	0.752609	0.752437	0.752265	0.752042	0.751818	0.751619	0.751421	0.751148	0.750875	0.750835	0.750794	0.750573	0.750351	0.751278	0.752205	0.754057	0.755909	0.759506	0.763104	0.767791	0.778461	0.775135	0.765421	0.766133	0.76895	0.765604	0.762258	0.758278	0.754298	0.752171	0.750045	0.749821	0.749597	0.749515	0.749433	0.749906	0.750379	0.750644	0.750908	0.751231	0.751554	0.751756	0.751957	0.75215	0.752344	0.752511	0.752679	0.752776	0.752873	0.753005	0.753138	0.753159	0.75318	0.753258	
0.753467	0.753546	0.753504	0.753463	0.753478	0.753493	0.753396	0.753299	0.753218	0.753137	0.752981	0.752824	0.752663	0.752502	0.752272	0.752042	0.751844	0.751647	0.751348	0.751049	0.750982	0.750914	0.750569	0.750223	0.751146	0.752069	0.754003	0.755938	0.759983	0.765172	0.768157	0.770028	0.772995	0.754137	0.76567	0.768123	0.764874	0.759793	0.755694	0.751595	0.750219	0.748842	0.749056	0.74927	0.749347	0.749425	0.749975	0.750524	0.750838	0.751152	0.751482	0.751811	0.752017	0.752223	0.752408	0.752593	0.752756	0.75292	0.753009	0.753099	0.753226	0.753353	0.75337	0.753388	0.753467	
0.753563	0.753637	0.753596	0.753555	0.753569	0.753582	0.753485	0.753388	0.753312	0.753236	0.753078	0.752921	0.752768	0.752616	0.752382	0.752148	0.751953	0.751758	0.75144	0.751122	0.751001	0.75088	0.750436	0.749993	0.75084	0.751687	0.753479	0.75527	0.758641	0.762694	0.762104	0.754954	0.762412	0.753112	0.765943	0.767355	0.763114	0.757639	0.753738	0.749838	0.748981	0.748125	0.748589	0.749052	0.749266	0.74948	0.750063	0.750646	0.75098	0.751315	0.751644	0.751973	0.752178	0.752382	0.752562	0.752742	0.752896	0.753051	0.753137	0.753223	0.753339	0.753456	0.753473	0.753489	0.753563	
0.75366	0.753729	0.753688	0.753648	0.75366	0.753672	0.753574	0.753477	0.753406	0.753336	0.753176	0.753017	0.752873	0.75273	0.752492	0.752254	0.752062	0.751869	0.751532	0.751194	0.75102	0.750845	0.750304	0.749762	0.750534	0.751306	0.752955	0.754603	0.757298	0.759079	0.757346	0.750813	0.75998	0.756407	0.766464	0.767007	0.761847	0.755485	0.751782	0.74808	0.747744	0.747408	0.748121	0.748835	0.749185	0.749536	0.750151	0.750767	0.751122	0.751478	0.751806	0.752135	0.752338	0.752542	0.752716	0.75289	0.753036	0.753182	0.753264	0.753347	0.753453	0.753559	0.753575	0.753591	0.75366	
0.753624	0.753664	0.753631	0.753599	0.753598	0.753597	0.753506	0.753415	0.753358	0.753302	0.753149	0.752996	0.752876	0.752756	0.752516	0.752275	0.752088	0.7519	0.751518	0.751137	0.750934	0.750731	0.750069	0.749406	0.749926	0.750446	0.751461	0.752476	0.754541	0.75588	0.754344	0.753827	0.755808	0.762671	0.767364	0.766622	0.760738	0.753953	0.750678	0.747404	0.747312	0.747221	0.748003	0.748786	0.749213	0.74964	0.750246	0.750851	0.751203	0.751556	0.751881	0.752206	0.752407	0.752607	0.752778	0.752948	0.753085	0.753222	0.753303	0.753385	0.753463	0.75354	0.753562	0.753583	0.753624	
0.753587	0.753599	0.753574	0.753549	0.753536	0.753523	0.753438	0.753353	0.75331	0.753268	0.753122	0.752976	0.752879	0.752782	0.752539	0.752297	0.752113	0.75193	0.751504	0.751079	0.750848	0.750617	0.749834	0.74905	0.749318	0.749587	0.749967	0.750348	0.751784	0.753243	0.751623	0.750316	0.754444	0.765519	0.767531	0.765497	0.759293	0.752421	0.749574	0.746727	0.746881	0.747034	0.747886	0.748737	0.749241	0.749745	0.75034	0.750935	0.751284	0.751634	0.751956	0.752278	0.752475	0.752672	0.752839	0.753006	0.753134	0.753262	0.753342	0.753423	0.753472	0.753522	0.753549	0.753576	0.753587	
0.753367	0.753369	0.753352	0.753334	0.753308	0.753282	0.753208	0.753133	0.753081	0.753029	0.752891	0.752752	0.752649	0.752547	0.752313	0.75208	0.751895	0.75171	0.751299	0.750888	0.750606	0.750323	0.749532	0.74874	0.74863	0.74852	0.7485	0.74848	0.749627	0.751058	0.750008	0.750251	0.757783	0.765521	0.765525	0.762192	0.756775	0.750847	0.748863	0.746879	0.746948	0.747017	0.747863	0.74871	0.749214	0.749719	0.750311	0.750903	0.751227	0.751552	0.751862	0.752173	0.752356	0.752538	0.752701	0.752864	0.752962	0.753061	0.753143	0.753226	0.753263	0.7533	0.753332	0.753364	0.753367	
0.753146	0.753139	0.753129	0.75312	0.75308	0.753041	0.752977	0.752914	0.752852	0.75279	0.752659	0.752528	0.75242	0.752312	0.752087	0.751862	0.751676	0.75149	0.751094	0.750698	0.750364	0.75003	0.74923	0.748429	0.747941	0.747453	0.747032	0.746611	0.747469	0.748774	0.748649	0.748704	0.754439	0.76116	0.75998	0.756004	0.752651	0.749272	0.748151	0.74703	0.747015	0.747	0.747841	0.748682	0.749187	0.749692	0.750282	0.750871	0.75117	0.751469	0.751769	0.752068	0.752237	0.752405	0.752563	0.752721	0.752791	0.75286	0.752945	0.753029	0.753054	0.753079	0.753116	0.753153	0.753146	
0.752874	0.752856	0.752852	0.752848	0.7528	0.752753	0.752698	0.752643	0.752579	0.752515	0.752394	0.752274	0.752168	0.752061	0.751846	0.751631	0.751439	0.751247	0.750853	0.75046	0.750092	0.749725	0.748909	0.748093	0.747341	0.746588	0.745796	0.745003	0.745576	0.74631	0.746696	0.74578	0.749001	0.75361	0.751607	0.747692	0.746959	0.746497	0.746531	0.746564	0.746574	0.746585	0.747494	0.748404	0.748932	0.749461	0.750039	0.750618	0.750931	0.751245	0.751544	0.751843	0.752008	0.752172	0.75233	0.752488	0.752554	0.75262	0.752705	0.75279	0.752802	0.752814	0.752853	0.752892	0.752874	
0.752602	0.752574	0.752575	0.752576	0.75252	0.752464	0.752418	0.752373	0.752306	0.752239	0.752129	0.752019	0.751915	0.751811	0.751606	0.751401	0.751202	0.751004	0.750613	0.750222	0.749821	0.749419	0.748588	0.747757	0.74674	0.745723	0.744559	0.743396	0.743682	0.744072	0.744967	0.743295	0.74365	0.745372	0.741968	0.738596	0.740378	0.743723	0.74491	0.746097	0.746133	0.746169	0.747147	0.748125	0.748677	0.74923	0.749797	0.750364	0.750693	0.751021	0.751319	0.751618	0.751779	0.75194	0.752097	0.752254	0.752317	0.752379	0.752465	0.752552	0.75255	0.752549	0.75259	0.752631	0.752602	
0.752294	0.752265	0.752268	0.752271	0.752213	0.752154	0.752116	0.752078	0.752006	0.751935	0.751836	0.751737	0.751626	0.751516	0.751325	0.751134	0.750925	0.750717	0.750343	0.74997	0.749538	0.749105	0.748286	0.747467	0.746306	0.745144	0.743724	0.742304	0.742059	0.74194	0.742574	0.741188	0.739007	0.736725	0.732986	0.73101	0.734045	0.738493	0.741148	0.743803	0.744477	0.745152	0.74635	0.747548	0.7482	0.748852	0.749452	0.750053	0.750389	0.750726	0.751023	0.751321	0.751484	0.751646	0.751801	0.751956	0.752017	0.752078	0.752163	0.752248	0.752245	0.752242	0.752282	0.752322	0.752294	
0.751985	0.751956	0.751961	0.751967	0.751905	0.751844	0.751813	0.751783	0.751707	0.751631	0.751542	0.751454	0.751338	0.751221	0.751044	0.750867	0.750648	0.75043	0.750074	0.749718	0.749255	0.748792	0.747984	0.747177	0.745871	0.744566	0.742889	0.741212	0.740435	0.739658	0.74008	0.740502	0.735652	0.730802	0.727814	0.724826	0.729044	0.733262	0.737385	0.741508	0.742821	0.744134	0.745553	0.746971	0.747722	0.748474	0.749108	0.749742	0.750086	0.75043	0.750727	0.751024	0.751188	0.751352	0.751505	0.751658	0.751718	0.751778	0.751861	0.751945	0.75194	0.751936	0.751975	0.752014	0.751985	
0.751709	0.751688	0.751691	0.751694	0.751637	0.75158	0.751553	0.751525	0.751448	0.75137	0.751289	0.751208	0.751088	0.750968	0.750802	0.750636	0.750416	0.750197	0.749859	0.74952	0.74907	0.748619	0.747833	0.747047	0.745897	0.744747	0.743029	0.741311	0.740122	0.738932	0.738153	0.737374	0.731698	0.726022	0.723452	0.720882	0.725547	0.730212	0.73507	0.739929	0.741739	0.743549	0.745075	0.746601	0.747403	0.748204	0.748828	0.749452	0.749799	0.750147	0.750438	0.750729	0.750898	0.751067	0.751213	0.75136	0.751428	0.751496	0.751574	0.751653	0.751657	0.75166	0.751695	0.751731	0.751709	
0.751434	0.75142	0.751421	0.751422	0.751369	0.751316	0.751292	0.751268	0.751189	0.75111	0.751036	0.750963	0.750838	0.750714	0.750559	0.750405	0.750184	0.749963	0.749643	0.749323	0.748884	0.748446	0.747682	0.746918	0.745923	0.744928	0.743168	0.741409	0.739808	0.738207	0.736226	0.734246	0.727744	0.721243	0.719091	0.716938	0.72205	0.727162	0.732756	0.73835	0.740657	0.742964	0.744598	0.746232	0.747083	0.747935	0.748548	0.749161	0.749513	0.749864	0.750149	0.750434	0.750607	0.750781	0.750922	0.751063	0.751138	0.751214	0.751288	0.751361	0.751373	0.751385	0.751416	0.751447	0.751434	
0.751235	0.751234	0.751232	0.751229	0.751183	0.751136	0.751113	0.751089	0.75101	0.750931	0.750862	0.750794	0.750665	0.750537	0.750393	0.75025	0.750026	0.749803	0.749513	0.749223	0.748787	0.748351	0.747706	0.74706	0.746082	0.745105	0.743573	0.742042	0.740192	0.738342	0.734887	0.731432	0.725028	0.718625	0.718281	0.717938	0.72229	0.726641	0.732275	0.737909	0.740368	0.742826	0.744465	0.746105	0.746953	0.7478	0.748389	0.748979	0.749321	0.749663	0.749936	0.750208	0.750384	0.750561	0.750692	0.750823	0.750911	0.750999	0.751065	0.751132	0.751159	0.751187	0.751211	0.751236	0.751235	
0.751037	0.751048	0.751042	0.751036	0.750996	0.750957	0.750933	0.75091	0.750831	0.750753	0.750688	0.750624	0.750492	0.75036	0.750228	0.750096	0.749869	0.749642	0.749382	0.749122	0.74869	0.748257	0.74773	0.747203	0.746242	0.745281	0.743978	0.742675	0.740576	0.738477	0.733547	0.728617	0.722312	0.716007	0.717472	0.718937	0.722529	0.726121	0.731795	0.737468	0.740078	0.742687	0.744333	0.745978	0.746822	0.747665	0.748231	0.748796	0.749129	0.749463	0.749722	0.749982	0.750161	0.75034	0.750462	0.750583	0.750683	0.750784	0.750843	0.750902	0.750945	0.750989	0.751007	0.751026	0.751037	
0.75093	0.750953	0.750944	0.750935	0.750901	0.750868	0.750843	0.750818	0.750741	0.750665	0.750602	0.750539	0.750406	0.750273	0.750146	0.750019	0.749795	0.749571	0.749326	0.749081	0.748686	0.748291	0.747807	0.747322	0.74655	0.745778	0.744665	0.743551	0.741984	0.740416	0.736622	0.732829	0.727954	0.72308	0.723792	0.724504	0.727708	0.730912	0.735235	0.739558	0.741588	0.743619	0.744937	0.746255	0.746964	0.747674	0.748201	0.748728	0.749048	0.749369	0.749614	0.749858	0.750037	0.750216	0.75033	0.750444	0.750552	0.750661	0.750715	0.750769	0.750826	0.750882	0.750895	0.750908	0.75093	
0.750824	0.750858	0.750846	0.750834	0.750806	0.750779	0.750753	0.750727	0.750652	0.750577	0.750515	0.750453	0.75032	0.750187	0.750065	0.749943	0.749722	0.749501	0.74927	0.74904	0.748682	0.748325	0.747883	0.747441	0.746858	0.746274	0.745351	0.744428	0.743392	0.742355	0.739698	0.737041	0.733597	0.730153	0.730112	0.730072	0.732887	0.735703	0.738675	0.741647	0.743099	0.74455	0.745541	0.746531	0.747107	0.747682	0.748171	0.74866	0.748967	0.749274	0.749505	0.749735	0.749914	0.750092	0.750198	0.750305	0.750421	0.750538	0.750587	0.750636	0.750706	0.750775	0.750782	0.750789	0.750824	
0.7508	0.750848	0.75083	0.750811	0.750799	0.750786	0.750756	0.750726	0.750657	0.750589	0.750529	0.750468	0.750337	0.750206	0.750094	0.749982	0.749768	0.749553	0.749358	0.749163	0.748836	0.748508	0.74814	0.747773	0.74725	0.746727	0.746013	0.7453	0.744465	0.74363	0.741839	0.740048	0.737602	0.735156	0.734954	0.734752	0.736829	0.738905	0.741017	0.74313	0.744226	0.745322	0.746149	0.746975	0.747467	0.747958	0.748357	0.748757	0.749029	0.749302	0.749501	0.7497	0.749877	0.750054	0.750156	0.750258	0.750378	0.750499	0.750545	0.750591	0.750667	0.750744	0.750748	0.750752	0.7508	
0.750776	0.750837	0.750813	0.750789	0.750791	0.750793	0.750759	0.750724	0.750663	0.750601	0.750542	0.750483	0.750354	0.750225	0.750123	0.750021	0.749813	0.749606	0.749446	0.749287	0.748989	0.748691	0.748397	0.748104	0.747642	0.74718	0.746676	0.746171	0.745538	0.744905	0.74398	0.743055	0.741607	0.740158	0.739796	0.739433	0.74077	0.742106	0.74336	0.744614	0.745353	0.746093	0.746756	0.74742	0.747826	0.748233	0.748544	0.748854	0.749091	0.749329	0.749497	0.749664	0.74984	0.750016	0.750113	0.750211	0.750335	0.750459	0.750502	0.750546	0.750629	0.750712	0.750713	0.750714	0.750776	
0.750887	0.750937	0.750917	0.750897	0.750898	0.750899	0.750863	0.750828	0.750773	0.750717	0.750657	0.750597	0.75048	0.750364	0.750263	0.750163	0.749977	0.749792	0.749633	0.749474	0.749206	0.748939	0.748668	0.748398	0.748002	0.747607	0.747176	0.746745	0.746196	0.745648	0.74498	0.744313	0.743214	0.742114	0.741842	0.74157	0.742528	0.743485	0.744463	0.745441	0.746071	0.746701	0.74725	0.7478	0.748161	0.748522	0.748808	0.749094	0.749319	0.749543	0.749701	0.749859	0.750023	0.750187	0.750273	0.75036	0.750477	0.750594	0.750632	0.75067	0.750749	0.750829	0.750832	0.750836	0.750887	
0.750998	0.751037	0.751021	0.751005	0.751004	0.751004	0.750968	0.750932	0.750883	0.750834	0.750772	0.75071	0.750607	0.750503	0.750404	0.750305	0.750142	0.749978	0.749819	0.749661	0.749424	0.749187	0.74894	0.748692	0.748363	0.748034	0.747676	0.747319	0.746855	0.746391	0.745981	0.745571	0.744821	0.74407	0.743888	0.743707	0.744285	0.744864	0.745566	0.746268	0.746788	0.747308	0.747744	0.748179	0.748495	0.748811	0.749072	0.749333	0.749546	0.749758	0.749906	0.750053	0.750205	0.750357	0.750433	0.750508	0.750618	0.750729	0.750762	0.750795	0.75087	0.750946	0.750952	0.750958	0.750998	
0.751151	0.751179	0.751167	0.751156	0.751154	0.751152	0.751117	0.751083	0.751039	0.750996	0.750935	0.750875	0.750785	0.750694	0.750599	0.750504	0.750363	0.750222	0.750075	0.749928	0.749727	0.749526	0.749302	0.749078	0.748805	0.748532	0.748217	0.747903	0.74754	0.747178	0.746835	0.746491	0.745986	0.74548	0.745388	0.745296	0.745727	0.746158	0.746664	0.747169	0.747578	0.747986	0.748336	0.748687	0.748959	0.749231	0.749451	0.749671	0.749857	0.750044	0.750174	0.750304	0.750439	0.750574	0.750645	0.750716	0.750812	0.750907	0.750941	0.750975	0.751038	0.751102	0.751113	0.751124	0.751151	
0.751305	0.751321	0.751314	0.751307	0.751304	0.7513	0.751267	0.751233	0.751196	0.751158	0.751099	0.75104	0.750963	0.750886	0.750794	0.750703	0.750585	0.750466	0.75033	0.750194	0.750029	0.749864	0.749664	0.749465	0.749247	0.74903	0.748758	0.748486	0.748226	0.747966	0.747689	0.747412	0.747151	0.74689	0.746888	0.746886	0.747169	0.747452	0.747761	0.748071	0.748367	0.748663	0.748929	0.749194	0.749422	0.74965	0.749829	0.750008	0.750169	0.75033	0.750442	0.750554	0.750672	0.75079	0.750857	0.750924	0.751005	0.751086	0.751121	0.751155	0.751207	0.751258	0.751274	0.751289	0.751305	
0.751512	0.75151	0.75151	0.75151	0.751502	0.751494	0.751464	0.751434	0.751402	0.75137	0.751314	0.751259	0.751198	0.751138	0.75105	0.750962	0.750871	0.75078	0.75065	0.750519	0.750392	0.750265	0.750076	0.749888	0.749722	0.749555	0.749315	0.749075	0.748873	0.748671	0.748453	0.748235	0.748045	0.747854	0.747827	0.747799	0.748033	0.748267	0.748509	0.748752	0.749013	0.749274	0.749493	0.749711	0.749911	0.750111	0.750263	0.750416	0.750556	0.750695	0.750794	0.750893	0.75099	0.751087	0.751149	0.751212	0.751273	0.751334	0.751369	0.751404	0.751438	0.751472	0.751493	0.751514	0.751512	
0.75172	0.7517	0.751707	0.751713	0.751701	0.751688	0.751662	0.751635	0.751609	0.751583	0.75153	0.751477	0.751433	0.751389	0.751305	0.751221	0.751157	0.751094	0.750969	0.750844	0.750754	0.750665	0.750488	0.750312	0.750196	0.75008	0.749872	0.749664	0.74952	0.749375	0.749217	0.749058	0.748938	0.748818	0.748765	0.748712	0.748897	0.749081	0.749257	0.749433	0.74966	0.749886	0.750057	0.750227	0.750399	0.750571	0.750698	0.750825	0.750942	0.75106	0.751145	0.751231	0.751308	0.751384	0.751442	0.7515	0.751541	0.751582	0.751617	0.751653	0.751669	0.751686	0.751713	0.751739	0.75172	
0.751954	0.75192	0.751932	0.751944	0.751927	0.75191	0.751889	0.751867	0.751846	0.751824	0.751777	0.75173	0.751701	0.751671	0.751593	0.751515	0.751476	0.751436	0.75132	0.751204	0.751146	0.751088	0.750925	0.750761	0.750685	0.750608	0.750417	0.750225	0.750126	0.750027	0.749883	0.749738	0.749676	0.749613	0.749573	0.749533	0.749692	0.749852	0.749979	0.750107	0.750302	0.750497	0.750629	0.750761	0.750906	0.751051	0.751154	0.751258	0.751353	0.751447	0.751521	0.751595	0.75165	0.751706	0.751759	0.751813	0.751834	0.751856	0.751892	0.751927	0.751927	0.751927	0.751958	0.751989	0.751954	
0.752189	0.752139	0.752157	0.752176	0.752154	0.752132	0.752116	0.752099	0.752082	0.752066	0.752024	0.751983	0.751968	0.751953	0.751881	0.75181	0.751794	0.751778	0.751672	0.751565	0.751538	0.751512	0.751361	0.751211	0.751173	0.751136	0.750961	0.750787	0.750732	0.750678	0.750548	0.750419	0.750413	0.750407	0.75038	0.750353	0.750488	0.750622	0.750701	0.75078	0.750944	0.751108	0.751201	0.751295	0.751413	0.751531	0.751611	0.751691	0.751763	0.751835	0.751897	0.751958	0.751993	0.752028	0.752077	0.752126	0.752128	0.75213	0.752166	0.752201	0.752185	0.752168	0.752203	0.752238	0.752189	
0.752444	0.752388	0.752409	0.75243	0.752406	0.752382	0.752371	0.75236	0.752347	0.752333	0.752299	0.752265	0.75226	0.752255	0.752193	0.752132	0.752132	0.752131	0.752038	0.751945	0.751938	0.751932	0.751801	0.75167	0.751656	0.751642	0.751492	0.751342	0.751313	0.751284	0.751173	0.751063	0.751069	0.751074	0.751046	0.751018	0.751134	0.75125	0.751309	0.751368	0.751506	0.751644	0.751715	0.751786	0.751881	0.751976	0.75204	0.752103	0.752156	0.75221	0.752261	0.752312	0.752331	0.75235	0.752393	0.752437	0.752426	0.752416	0.752449	0.752483	0.752456	0.752429	0.752464	0.7525	0.752444	
0.752699	0.752636	0.75266	0.752684	0.752658	0.752632	0.752627	0.752621	0.752611	0.752601	0.752575	0.752548	0.752552	0.752557	0.752505	0.752454	0.752469	0.752483	0.752404	0.752325	0.752339	0.752352	0.75224	0.752129	0.752139	0.752149	0.752024	0.751898	0.751894	0.751889	0.751799	0.751708	0.751724	0.751741	0.751712	0.751683	0.75178	0.751877	0.751917	0.751956	0.752068	0.75218	0.752229	0.752277	0.752349	0.752421	0.752468	0.752515	0.75255	0.752584	0.752626	0.752667	0.752669	0.752672	0.75271	0.752749	0.752725	0.752701	0.752733	0.752764	0.752727	0.75269	0.752725	0.752761	0.752699	
0.752949	0.752894	0.752916	0.752937	0.752914	0.752891	0.752889	0.752887	0.752879	0.752871	0.752852	0.752833	0.75284	0.752846	0.752807	0.752768	0.752785	0.752802	0.752741	0.752679	0.752697	0.752715	0.752627	0.752539	0.752555	0.752572	0.752473	0.752374	0.752379	0.752384	0.752312	0.752241	0.752263	0.752286	0.752261	0.752236	0.752312	0.752389	0.752415	0.75244	0.752525	0.75261	0.752644	0.752677	0.752729	0.752782	0.752816	0.75285	0.752873	0.752895	0.752926	0.752957	0.752954	0.752951	0.752981	0.753012	0.752987	0.752962	0.752988	0.753014	0.752978	0.752943	0.752974	0.753004	0.752949	
0.753199	0.753152	0.753171	0.75319	0.75317	0.75315	0.753151	0.753152	0.753147	0.753141	0.75313	0.753118	0.753127	0.753135	0.753109	0.753082	0.753101	0.75312	0.753077	0.753033	0.753055	0.753077	0.753013	0.75295	0.752972	0.752994	0.752922	0.75285	0.752864	0.752878	0.752826	0.752775	0.752802	0.75283	0.752809	0.752788	0.752845	0.752902	0.752912	0.752923	0.752982	0.753041	0.753058	0.753076	0.75311	0.753143	0.753164	0.753184	0.753195	0.753206	0.753227	0.753248	0.753239	0.753229	0.753252	0.753275	0.753248	0.753222	0.753243	0.753263	0.75323	0.753197	0.753222	0.753247	0.753199	
0.753424	0.753394	0.753406	0.753418	0.753405	0.753393	0.753394	0.753395	0.753392	0.753389	0.753382	0.753376	0.753381	0.753387	0.753371	0.753356	0.753368	0.753381	0.753355	0.753329	0.753343	0.753358	0.753319	0.753281	0.753296	0.753311	0.753268	0.753224	0.753234	0.753243	0.753212	0.753181	0.753198	0.753216	0.753203	0.753189	0.753224	0.753259	0.753264	0.75327	0.753305	0.753341	0.753351	0.753361	0.75338	0.7534	0.753412	0.753424	0.753429	0.753435	0.753447	0.75346	0.753453	0.753446	0.75346	0.753474	0.753457	0.75344	0.753452	0.753465	0.753444	0.753422	0.753438	0.753453	0.753424	
0.753648	0.753636	0.753641	0.753645	0.753641	0.753636	0.753637	0.753638	0.753637	0.753636	0.753635	0.753633	0.753636	0.753639	0.753634	0.753629	0.753635	0.753641	0.753633	0.753624	0.753631	0.753638	0.753626	0.753613	0.75362	0.753627	0.753613	0.753598	0.753603	0.753608	0.753598	0.753587	0.753594	0.753601	0.753596	0.753591	0.753603	0.753615	0.753616	0.753617	0.753629	0.753641	0.753643	0.753645	0.753651	0.753657	0.75366	0.753663	0.753664	0.753664	0.753668	0.753672	0.753668	0.753663	0.753668	0.753673	0.753665	0.753657	0.753662	0.753666	0.753657	0.753648	0.753654	0.75366	0.753648	
0.753757	0.753757	0.753757	0.753757	0.753757	0.753757	0.753757	0.753757	0.753757	0.753757	0.753757	0.753757	0.753757	0.753757	0.753757	0.753757	0.753757	0.753757	0.753757	0.753757	0.753757	0.753757	0.753757	0.753757	0.753757	0.753757	0.753757	0.753757	0.753757	0.753757	0.753757	0.753757	0.753757	0.753757	0.753757	0.753757	0.753757	0.753757	0.753757	0.753757	0.753757	0.753757	0.753757	0.753757	0.753757	0.753757	0.753757	0.753757	0.753757	0.753757	0.753757	0.753757	0.753757	0.753757	0.753757	0.753757	0.753757	0.753757	0.753757	0.753757	0.753757	0.753757	0.753757	0.753757	0.753757	
