x=200	y=105	z=200	n=65	len=1
b
0.791445	0.791445	0.791445	0.791445	0.791445	0.791445	0.791445	0.791445	0.791445	0.791445	0.791445	0.791445	0.791445	0.791445	0.791445	0.791445	0.791445	0.791445	0.791445	0.791445	0.791445	0.791445	0.791445	0.791445	0.791445	0.791445	0.791445	0.791445	0.791445	0.791445	0.791445	0.791445	0.791445	0.791445	0.791445	0.791445	0.791445	0.791445	0.791445	0.791445	0.791445	0.791445	0.791445	0.791445	0.791445	0.791445	0.791445	0.791445	0.791445	0.791445	0.791445	0.791445	0.791445	0.791445	0.791445	0.791445	0.791445	0.791445	0.791445	0.791445	0.791445	0.791445	0.791445	0.791445	0.791445	
0.79175	0.791702	0.791728	0.791753	0.791722	0.791691	0.791712	0.791733	0.791715	0.791696	0.791706	0.791715	0.791705	0.791695	0.791674	0.791654	0.791633	0.791612	0.791536	0.791459	0.791394	0.791329	0.791158	0.790987	0.790911	0.790835	0.790727	0.79062	0.791039	0.791458	0.791607	0.791755	0.791976	0.792197	0.79226	0.792324	0.792236	0.792148	0.79226	0.792371	0.792504	0.792637	0.792542	0.792447	0.792484	0.792521	0.792421	0.792322	0.792289	0.792257	0.792198	0.792139	0.792084	0.792028	0.792005	0.791982	0.791923	0.791863	0.791865	0.791866	0.791814	0.791762	0.79178	0.791798	0.79175	
0.791755	0.791705	0.791732	0.79176	0.791727	0.791695	0.791718	0.791741	0.791721	0.791701	0.791712	0.791723	0.791712	0.7917	0.791681	0.791661	0.791639	0.791618	0.791538	0.791458	0.7914	0.791342	0.791157	0.790971	0.79092	0.790868	0.790706	0.790544	0.791048	0.791551	0.791633	0.791714	0.791797	0.79188	0.792036	0.792191	0.792193	0.792195	0.792289	0.792383	0.792519	0.792656	0.792559	0.792462	0.792499	0.792537	0.792437	0.792336	0.792302	0.792269	0.79221	0.792151	0.792093	0.792036	0.792014	0.791991	0.79193	0.791869	0.791871	0.791874	0.79182	0.791766	0.791786	0.791805	0.791755	
0.79176	0.791709	0.791737	0.791766	0.791732	0.791698	0.791723	0.791748	0.791726	0.791705	0.791718	0.791731	0.791718	0.791706	0.791687	0.791668	0.791645	0.791623	0.79154	0.791457	0.791406	0.791355	0.791155	0.790955	0.790928	0.790902	0.790685	0.790468	0.791056	0.791643	0.791658	0.791673	0.791619	0.791564	0.791811	0.792057	0.79215	0.792243	0.792319	0.792396	0.792535	0.792675	0.792576	0.792477	0.792515	0.792553	0.792452	0.792351	0.792315	0.79228	0.792221	0.792162	0.792103	0.792044	0.792022	0.792001	0.791937	0.791874	0.791878	0.791882	0.791826	0.79177	0.791791	0.791812	0.79176	
0.791742	0.791685	0.79172	0.791755	0.791716	0.791677	0.791707	0.791738	0.791713	0.791688	0.791706	0.791724	0.791712	0.7917	0.791685	0.79167	0.791655	0.79164	0.791555	0.79147	0.79143	0.791391	0.791172	0.790954	0.790939	0.790925	0.790622	0.790318	0.790929	0.791541	0.791217	0.790894	0.790777	0.79066	0.791309	0.791959	0.792235	0.79251	0.792511	0.792512	0.792668	0.792825	0.79269	0.792556	0.792581	0.792606	0.792491	0.792375	0.792332	0.792288	0.792224	0.79216	0.792095	0.79203	0.79201	0.79199	0.791922	0.791855	0.791862	0.791869	0.791808	0.791748	0.791774	0.7918	0.791742	
0.791724	0.79166	0.791702	0.791743	0.791699	0.791656	0.791692	0.791728	0.7917	0.791672	0.791694	0.791717	0.791706	0.791694	0.791683	0.791673	0.791665	0.791658	0.79157	0.791483	0.791455	0.791427	0.791189	0.790952	0.79095	0.790948	0.790558	0.790168	0.790803	0.791438	0.790777	0.790115	0.789935	0.789755	0.790808	0.79186	0.792319	0.792778	0.792704	0.792629	0.792802	0.792975	0.792804	0.792634	0.792647	0.79266	0.792529	0.792399	0.792348	0.792297	0.792228	0.792159	0.792087	0.792016	0.791998	0.79198	0.791908	0.791835	0.791846	0.791856	0.791791	0.791726	0.791756	0.791787	0.791724	
0.791703	0.791638	0.791681	0.791724	0.791681	0.791637	0.791675	0.791713	0.791686	0.791659	0.791685	0.791712	0.791704	0.791696	0.791692	0.791687	0.79169	0.791693	0.791609	0.791526	0.791518	0.79151	0.791249	0.790988	0.791002	0.791017	0.790536	0.790054	0.790664	0.791273	0.790299	0.789324	0.78905	0.788775	0.790253	0.791731	0.792357	0.792982	0.792869	0.792755	0.792938	0.793121	0.792917	0.792714	0.792711	0.792709	0.792565	0.79242	0.792357	0.792293	0.792224	0.792154	0.792077	0.792	0.791983	0.791966	0.79189	0.791814	0.791826	0.791837	0.79177	0.791704	0.791736	0.791769	0.791703	
0.791683	0.791616	0.791661	0.791706	0.791662	0.791618	0.791658	0.791699	0.791672	0.791646	0.791677	0.791707	0.791703	0.791698	0.7917	0.791702	0.791715	0.791728	0.791648	0.791568	0.791581	0.791594	0.791309	0.791024	0.791055	0.791086	0.790513	0.78994	0.790524	0.791107	0.78982	0.788534	0.788164	0.787795	0.789699	0.791602	0.792394	0.793186	0.793034	0.792881	0.793075	0.793268	0.793031	0.792794	0.792776	0.792758	0.7926	0.792441	0.792366	0.79229	0.79222	0.792149	0.792067	0.791984	0.791968	0.791952	0.791872	0.791793	0.791806	0.791819	0.79175	0.791682	0.791716	0.79175	0.791683	
0.79166	0.791591	0.791638	0.791686	0.791641	0.791596	0.791639	0.791682	0.791656	0.79163	0.791665	0.791701	0.791701	0.791701	0.79171	0.791719	0.791747	0.791775	0.791707	0.791638	0.791682	0.791726	0.791432	0.791139	0.791202	0.791266	0.790566	0.789866	0.790383	0.7909	0.789262	0.787623	0.787304	0.786985	0.789309	0.791633	0.792553	0.793473	0.793284	0.793095	0.793278	0.793462	0.793185	0.792908	0.79286	0.792813	0.792642	0.79247	0.79238	0.792289	0.792216	0.792144	0.792053	0.791963	0.791949	0.791934	0.791851	0.791768	0.791783	0.791797	0.791727	0.791657	0.791693	0.79173	0.79166	
0.791637	0.791565	0.791616	0.791666	0.79162	0.791575	0.79162	0.791666	0.791641	0.791615	0.791654	0.791694	0.791698	0.791703	0.79172	0.791737	0.791779	0.791821	0.791765	0.791708	0.791783	0.791857	0.791556	0.791255	0.79135	0.791445	0.790619	0.789792	0.790243	0.790693	0.788703	0.786712	0.786444	0.786175	0.788919	0.791663	0.792711	0.793759	0.793534	0.793308	0.793482	0.793657	0.79334	0.793023	0.792945	0.792867	0.792683	0.792499	0.792394	0.792288	0.792213	0.792138	0.79204	0.791943	0.791929	0.791915	0.791829	0.791744	0.79176	0.791776	0.791704	0.791632	0.791671	0.791709	0.791637	
0.791615	0.791542	0.791593	0.791645	0.7916	0.791554	0.791602	0.791649	0.791625	0.791601	0.791644	0.791687	0.791697	0.791708	0.791733	0.791758	0.791816	0.791874	0.791839	0.791804	0.79191	0.792016	0.791755	0.791494	0.791617	0.791741	0.790797	0.789853	0.790187	0.790522	0.788332	0.786143	0.785954	0.785766	0.788761	0.791755	0.792891	0.794026	0.7938	0.793574	0.793723	0.793873	0.793517	0.793162	0.793041	0.79292	0.792726	0.792531	0.792407	0.792282	0.792206	0.79213	0.792025	0.791921	0.791908	0.791895	0.791807	0.791719	0.791736	0.791753	0.79168	0.791608	0.791647	0.791687	0.791615	
0.791592	0.791519	0.791571	0.791623	0.791579	0.791534	0.791583	0.791631	0.791609	0.791587	0.791634	0.79168	0.791696	0.791713	0.791746	0.791779	0.791853	0.791927	0.791913	0.791899	0.792037	0.792174	0.791953	0.791732	0.791884	0.792036	0.790975	0.789914	0.790132	0.79035	0.787962	0.785573	0.785465	0.785357	0.788602	0.791847	0.79307	0.794294	0.794067	0.79384	0.793965	0.794089	0.793695	0.793301	0.793137	0.792972	0.792768	0.792564	0.79242	0.792276	0.792199	0.792122	0.79201	0.791898	0.791887	0.791875	0.791784	0.791694	0.791712	0.79173	0.791657	0.791583	0.791624	0.791666	0.791592	
0.791569	0.791497	0.791549	0.7916	0.791557	0.791514	0.791563	0.791611	0.791592	0.791572	0.79162	0.791669	0.791691	0.791713	0.791754	0.791796	0.791883	0.791971	0.791982	0.791993	0.792161	0.792328	0.792177	0.792025	0.792201	0.792376	0.791417	0.790458	0.79046	0.790462	0.787999	0.785535	0.785618	0.785701	0.788859	0.792017	0.793311	0.794604	0.794397	0.794191	0.794251	0.79431	0.79388	0.79345	0.793234	0.793018	0.792804	0.79259	0.792426	0.792261	0.792184	0.792107	0.791989	0.791871	0.79186	0.79185	0.791758	0.791667	0.791685	0.791704	0.791631	0.791559	0.7916	0.79164	0.791569	
0.791545	0.791476	0.791526	0.791577	0.791535	0.791494	0.791542	0.791591	0.791574	0.791556	0.791607	0.791657	0.791685	0.791714	0.791763	0.791813	0.791914	0.792015	0.792051	0.792088	0.792285	0.792482	0.792401	0.792319	0.792517	0.792716	0.791859	0.791003	0.790788	0.790574	0.788036	0.785498	0.785772	0.786046	0.789116	0.792187	0.793551	0.794914	0.794728	0.794542	0.794536	0.794531	0.794064	0.793598	0.793331	0.793064	0.792841	0.792617	0.792432	0.792246	0.792169	0.792093	0.791968	0.791843	0.791834	0.791825	0.791732	0.79164	0.791659	0.791678	0.791606	0.791535	0.791575	0.791615	0.791545	
0.79152	0.791456	0.791503	0.791551	0.791511	0.791472	0.791519	0.791567	0.791552	0.791537	0.791588	0.791639	0.791672	0.791705	0.791761	0.791818	0.79193	0.792043	0.792101	0.792159	0.792386	0.792614	0.79261	0.792605	0.792841	0.793078	0.792486	0.791895	0.79157	0.791245	0.788786	0.786327	0.786518	0.786709	0.789686	0.792663	0.794017	0.795372	0.79515	0.794928	0.794827	0.794726	0.794216	0.793707	0.793398	0.79309	0.792857	0.792625	0.79242	0.792216	0.792141	0.792067	0.791937	0.791808	0.7918	0.791792	0.791701	0.791609	0.791628	0.791647	0.791578	0.791509	0.791546	0.791584	0.79152	
0.791495	0.791436	0.79148	0.791524	0.791488	0.791451	0.791496	0.791542	0.79153	0.791518	0.79157	0.791621	0.791659	0.791696	0.79176	0.791823	0.791947	0.792071	0.792151	0.79223	0.792488	0.792745	0.792819	0.792892	0.793166	0.793439	0.793113	0.792787	0.792351	0.791915	0.789535	0.787155	0.787264	0.787373	0.790255	0.793138	0.794484	0.79583	0.795572	0.795314	0.795117	0.79492	0.794369	0.793817	0.793466	0.793115	0.792873	0.792632	0.792409	0.792185	0.792113	0.792041	0.791907	0.791773	0.791766	0.79176	0.791669	0.791578	0.791597	0.791616	0.79155	0.791483	0.791518	0.791554	0.791495	
0.791464	0.791413	0.791452	0.791492	0.791458	0.791424	0.791466	0.791509	0.791499	0.79149	0.79154	0.79159	0.791631	0.791672	0.791738	0.791803	0.791943	0.792082	0.792177	0.792272	0.792558	0.792844	0.792982	0.79312	0.79348	0.793839	0.793805	0.79377	0.793223	0.792675	0.790152	0.787628	0.78774	0.787852	0.790714	0.793576	0.795027	0.796478	0.796041	0.795605	0.795337	0.79507	0.794468	0.793866	0.793482	0.793097	0.792851	0.792605	0.79237	0.792135	0.792065	0.791995	0.791859	0.791723	0.791718	0.791714	0.791627	0.791539	0.791558	0.791577	0.791514	0.791452	0.791483	0.791515	0.791464	
0.791433	0.79139	0.791425	0.791459	0.791428	0.791397	0.791436	0.791476	0.791469	0.791462	0.791511	0.79156	0.791604	0.791648	0.791716	0.791784	0.791938	0.792092	0.792203	0.792314	0.792629	0.792943	0.793146	0.793349	0.793794	0.794239	0.794496	0.794753	0.794094	0.793435	0.790768	0.7881	0.788216	0.788331	0.791172	0.794014	0.79557	0.797125	0.79651	0.795895	0.795557	0.795219	0.794567	0.793915	0.793498	0.79308	0.792829	0.792578	0.792332	0.792085	0.792017	0.791948	0.791811	0.791673	0.79167	0.791668	0.791584	0.7915	0.791519	0.791537	0.791479	0.791421	0.791448	0.791476	0.791433	
0.791395	0.791361	0.79139	0.791418	0.79139	0.791363	0.791398	0.791433	0.791428	0.791423	0.791468	0.791514	0.79156	0.791607	0.791674	0.791741	0.791898	0.792056	0.792188	0.792319	0.792663	0.793006	0.793252	0.793498	0.794066	0.794635	0.795103	0.795572	0.794951	0.79433	0.791398	0.788466	0.78856	0.788654	0.791461	0.794267	0.796012	0.797758	0.7969	0.796043	0.795682	0.79532	0.794617	0.793913	0.793463	0.793013	0.792762	0.792511	0.792257	0.792004	0.79194	0.791876	0.791742	0.791607	0.791608	0.791608	0.79153	0.791452	0.79147	0.791488	0.791435	0.791383	0.791406	0.791429	0.791395	
0.791358	0.791333	0.791355	0.791377	0.791353	0.791329	0.791359	0.79139	0.791387	0.791384	0.791426	0.791468	0.791517	0.791566	0.791632	0.791698	0.791859	0.792019	0.792172	0.792325	0.792697	0.793068	0.793357	0.793647	0.794339	0.795032	0.795711	0.79639	0.795807	0.795225	0.792028	0.788832	0.788905	0.788978	0.791749	0.794521	0.796455	0.79839	0.79729	0.796191	0.795806	0.795422	0.794666	0.79391	0.793429	0.792947	0.792695	0.792443	0.792183	0.791922	0.791863	0.791804	0.791673	0.791541	0.791545	0.791549	0.791476	0.791403	0.791421	0.791439	0.791392	0.791345	0.791364	0.791383	0.791358	
0.791314	0.791297	0.791313	0.79133	0.791309	0.791288	0.791313	0.791339	0.791337	0.791334	0.791371	0.791408	0.791455	0.791502	0.791567	0.791631	0.791794	0.791956	0.792104	0.792252	0.792666	0.79308	0.7934	0.793719	0.794517	0.795314	0.796104	0.796893	0.796466	0.796039	0.792786	0.789532	0.789524	0.789515	0.792045	0.794575	0.796706	0.798837	0.797547	0.796258	0.79585	0.795443	0.794616	0.79379	0.793313	0.792836	0.792578	0.79232	0.792064	0.791809	0.791758	0.791708	0.791584	0.79146	0.791468	0.791476	0.791411	0.791345	0.791363	0.791381	0.791341	0.791301	0.791315	0.79133	0.791314	
0.791269	0.791261	0.791272	0.791282	0.791264	0.791247	0.791267	0.791288	0.791286	0.791285	0.791316	0.791348	0.791393	0.791437	0.791501	0.791565	0.791729	0.791893	0.792036	0.79218	0.792636	0.793092	0.793442	0.793792	0.794694	0.795596	0.796497	0.797397	0.797125	0.796854	0.793543	0.790232	0.790142	0.790053	0.792341	0.794629	0.796956	0.799284	0.797804	0.796325	0.795894	0.795464	0.794567	0.793669	0.793197	0.792725	0.792461	0.792197	0.791946	0.791696	0.791654	0.791612	0.791496	0.791379	0.791392	0.791404	0.791346	0.791287	0.791305	0.791324	0.79129	0.791256	0.791267	0.791278	0.791269	
0.791224	0.791222	0.791228	0.791234	0.791219	0.791204	0.79122	0.791235	0.791233	0.791231	0.791257	0.791283	0.791323	0.791364	0.79142	0.791476	0.791635	0.791793	0.791939	0.792085	0.792537	0.792989	0.793358	0.793727	0.794725	0.795723	0.796682	0.797641	0.797574	0.797507	0.794631	0.791756	0.791605	0.791455	0.793069	0.794684	0.797166	0.799648	0.797969	0.796289	0.79581	0.795331	0.794393	0.793455	0.792995	0.792535	0.792284	0.792032	0.791796	0.791561	0.791531	0.791502	0.791396	0.791289	0.791308	0.791326	0.791276	0.791225	0.791245	0.791264	0.791237	0.79121	0.791217	0.791225	0.791224	
0.791178	0.791183	0.791184	0.791185	0.791173	0.791161	0.791172	0.791183	0.79118	0.791177	0.791197	0.791218	0.791254	0.79129	0.791338	0.791387	0.79154	0.791694	0.791842	0.79199	0.792438	0.792886	0.793274	0.793662	0.794756	0.795851	0.796868	0.797886	0.798023	0.79816	0.79572	0.793279	0.793068	0.792857	0.793798	0.794739	0.797376	0.800013	0.798133	0.796252	0.795725	0.795198	0.794219	0.79324	0.792793	0.792345	0.792106	0.791868	0.791647	0.791426	0.791409	0.791392	0.791295	0.791199	0.791224	0.791248	0.791206	0.791163	0.791184	0.791205	0.791184	0.791164	0.791168	0.791173	0.791178	
0.791137	0.791147	0.791144	0.791142	0.791131	0.791121	0.791127	0.791134	0.791129	0.791124	0.791139	0.791154	0.791183	0.791211	0.791253	0.791294	0.791432	0.79157	0.791709	0.791848	0.79229	0.792732	0.793123	0.793515	0.794644	0.795774	0.796817	0.797859	0.798269	0.798678	0.797145	0.795612	0.795896	0.796179	0.796053	0.795928	0.798254	0.80058	0.798448	0.796317	0.79564	0.794964	0.793961	0.792958	0.792527	0.792097	0.791888	0.791678	0.791475	0.791272	0.791273	0.791274	0.79119	0.791106	0.791139	0.791171	0.791138	0.791104	0.791127	0.79115	0.791135	0.791121	0.791124	0.791127	0.791137	
0.791096	0.79111	0.791105	0.791099	0.79109	0.791081	0.791083	0.791085	0.791078	0.791071	0.79108	0.79109	0.791111	0.791133	0.791167	0.791202	0.791324	0.791446	0.791576	0.791705	0.792141	0.792576	0.792972	0.793367	0.794532	0.795697	0.796765	0.797833	0.798515	0.799197	0.798571	0.797945	0.798723	0.799501	0.798309	0.797116	0.799131	0.801147	0.798764	0.796381	0.795555	0.79473	0.793702	0.792675	0.792262	0.791849	0.791669	0.791489	0.791304	0.791119	0.791138	0.791156	0.791085	0.791014	0.791054	0.791095	0.79107	0.791045	0.79107	0.791095	0.791087	0.791079	0.79108	0.791081	0.791096	
0.791064	0.79108	0.791073	0.791066	0.791057	0.791048	0.791047	0.791045	0.791034	0.791023	0.791027	0.791032	0.791042	0.791053	0.79108	0.791106	0.791206	0.791307	0.791423	0.791539	0.791927	0.792316	0.792723	0.79313	0.794233	0.795335	0.79657	0.797804	0.798805	0.799805	0.800487	0.801169	0.802592	0.804014	0.802492	0.800971	0.801489	0.802007	0.799275	0.796543	0.795415	0.794287	0.793299	0.792311	0.791923	0.791534	0.791404	0.791273	0.791113	0.790953	0.790996	0.791039	0.790982	0.790925	0.790976	0.791027	0.79101	0.790993	0.791022	0.791051	0.791048	0.791045	0.791046	0.791048	0.791064	
0.791033	0.79105	0.791041	0.791033	0.791024	0.791015	0.79101	0.791006	0.790991	0.790976	0.790975	0.790973	0.790974	0.790974	0.790992	0.79101	0.791089	0.791168	0.791271	0.791374	0.791714	0.792055	0.792474	0.792894	0.793934	0.794974	0.796375	0.797776	0.799094	0.800412	0.802403	0.804393	0.80646	0.808527	0.806676	0.804825	0.803847	0.802868	0.799787	0.796706	0.795275	0.793845	0.792896	0.791947	0.791583	0.79122	0.791138	0.791057	0.790922	0.790788	0.790855	0.790922	0.790879	0.790837	0.790898	0.790959	0.79095	0.790942	0.790974	0.791007	0.791008	0.79101	0.791013	0.791016	0.791033	
0.791009	0.791024	0.791017	0.79101	0.790998	0.790987	0.79098	0.790974	0.790953	0.790932	0.790926	0.79092	0.790907	0.790893	0.7909	0.790907	0.790956	0.791005	0.791087	0.791169	0.791444	0.79172	0.792109	0.792499	0.793444	0.794389	0.796172	0.797956	0.800043	0.80213	0.806025	0.809921	0.811941	0.81396	0.811202	0.808444	0.806026	0.803609	0.800202	0.796795	0.794964	0.793132	0.792289	0.791446	0.791142	0.790838	0.790826	0.790815	0.790715	0.790615	0.790711	0.790807	0.790781	0.790754	0.790828	0.790901	0.7909	0.790898	0.790936	0.790974	0.790978	0.790983	0.790988	0.790994	0.791009	
0.790985	0.790998	0.790992	0.790986	0.790972	0.790958	0.790951	0.790943	0.790915	0.790888	0.790878	0.790867	0.79084	0.790812	0.790809	0.790805	0.790824	0.790843	0.790903	0.790963	0.791174	0.791385	0.791744	0.792103	0.792954	0.793804	0.79597	0.798135	0.800991	0.803847	0.809648	0.816969	0.822556	0.823	0.817694	0.812063	0.808206	0.804349	0.800617	0.796885	0.794653	0.79242	0.791683	0.790945	0.790701	0.790456	0.790514	0.790573	0.790507	0.790442	0.790568	0.790693	0.790683	0.790672	0.790758	0.790844	0.790849	0.790854	0.790898	0.790941	0.790948	0.790955	0.790964	0.790973	0.790985	
0.790963	0.79097	0.790968	0.790966	0.790947	0.790928	0.79092	0.790912	0.790877	0.790842	0.790827	0.790812	0.790769	0.790726	0.790708	0.79069	0.790674	0.790658	0.790681	0.790704	0.790836	0.790967	0.791238	0.791509	0.792297	0.793086	0.795689	0.798292	0.802287	0.806283	0.813223	0.822671	0.827107	0.826591	0.82133	0.813592	0.809097	0.804602	0.800525	0.796448	0.794	0.791552	0.79094	0.790329	0.790184	0.79004	0.790179	0.790318	0.790294	0.790271	0.790427	0.790583	0.790589	0.790595	0.790694	0.790793	0.790803	0.790814	0.790864	0.790914	0.79092	0.790927	0.790942	0.790957	0.790963	
0.790941	0.790942	0.790944	0.790945	0.790922	0.790898	0.79089	0.790882	0.790839	0.790796	0.790777	0.790757	0.790698	0.790639	0.790607	0.790575	0.790524	0.790473	0.790459	0.790444	0.790497	0.790549	0.790732	0.790915	0.791641	0.792367	0.795407	0.798448	0.803583	0.809747	0.817484	0.826459	0.829484	0.827846	0.82285	0.8158	0.809806	0.804854	0.800433	0.796011	0.793347	0.790683	0.790197	0.789712	0.789668	0.789624	0.789843	0.790063	0.790081	0.7901	0.790286	0.790473	0.790495	0.790518	0.79063	0.790742	0.790757	0.790773	0.79083	0.790887	0.790893	0.7909	0.79092	0.790941	0.790941	
0.790913	0.790906	0.790912	0.790919	0.790889	0.790859	0.790851	0.790843	0.790791	0.790738	0.790714	0.79069	0.790615	0.790541	0.790491	0.790442	0.790354	0.790267	0.790201	0.790135	0.790098	0.790061	0.790095	0.790128	0.790806	0.791485	0.794962	0.798438	0.804199	0.811191	0.819483	0.827179	0.829438	0.824127	0.819518	0.812895	0.807603	0.802481	0.79841	0.794339	0.792003	0.789667	0.789377	0.789088	0.789154	0.789219	0.789517	0.789814	0.789875	0.789936	0.79015	0.790363	0.790401	0.79044	0.790563	0.790687	0.790706	0.790725	0.79079	0.790855	0.79086	0.790865	0.790892	0.79092	0.790913	
0.790884	0.790869	0.790881	0.790892	0.790856	0.790819	0.790812	0.790805	0.790743	0.790681	0.790652	0.790622	0.790532	0.790442	0.790375	0.790308	0.790184	0.790061	0.789944	0.789827	0.7897	0.789573	0.789457	0.789341	0.789972	0.790602	0.794516	0.798429	0.804815	0.811841	0.820051	0.825513	0.824707	0.819002	0.813188	0.807441	0.803544	0.800107	0.796387	0.792667	0.790659	0.788651	0.788557	0.788464	0.788639	0.788815	0.78919	0.789564	0.789668	0.789772	0.790013	0.790254	0.790308	0.790361	0.790497	0.790632	0.790655	0.790678	0.790751	0.790824	0.790827	0.790829	0.790864	0.790899	0.790884	
0.790815	0.790796	0.79081	0.790824	0.790783	0.790741	0.790734	0.790727	0.79066	0.790592	0.790557	0.790522	0.790419	0.790316	0.79023	0.790145	0.789988	0.789832	0.789655	0.789478	0.78926	0.789042	0.788735	0.788428	0.788933	0.789438	0.793142	0.796846	0.803108	0.810856	0.817916	0.822916	0.820873	0.814574	0.807098	0.801574	0.798656	0.796032	0.793358	0.790685	0.78917	0.787656	0.78782	0.787983	0.78823	0.788477	0.788908	0.789338	0.789476	0.789613	0.789873	0.790133	0.790199	0.790264	0.790408	0.790551	0.790576	0.790601	0.790679	0.790756	0.790757	0.790757	0.790796	0.790835	0.790815	
0.790746	0.790723	0.79074	0.790756	0.79071	0.790664	0.790657	0.79065	0.790576	0.790502	0.790462	0.790423	0.790306	0.79019	0.790086	0.789981	0.789792	0.789603	0.789366	0.789129	0.788821	0.788512	0.788014	0.787515	0.787894	0.788274	0.791768	0.795263	0.801401	0.807174	0.812741	0.816683	0.815366	0.809084	0.800986	0.795629	0.793509	0.791957	0.79033	0.788703	0.787681	0.78666	0.787082	0.787503	0.787821	0.788139	0.788626	0.789112	0.789284	0.789455	0.789734	0.790012	0.79009	0.790168	0.790319	0.79047	0.790497	0.790524	0.790607	0.790689	0.790687	0.790685	0.790727	0.79077	0.790746	
0.790657	0.790629	0.790649	0.790668	0.790618	0.790567	0.79056	0.790554	0.790474	0.790395	0.790351	0.790307	0.790181	0.790054	0.789934	0.789814	0.789597	0.78938	0.78909	0.788801	0.788398	0.787995	0.787312	0.786629	0.786669	0.786709	0.789083	0.791457	0.79616	0.801324	0.805784	0.80797	0.805656	0.80058	0.794252	0.789988	0.788674	0.788107	0.787493	0.786879	0.786393	0.785908	0.786533	0.787157	0.787529	0.787901	0.788414	0.788928	0.789122	0.789316	0.789603	0.78989	0.789975	0.790061	0.790216	0.790372	0.7904	0.790429	0.790515	0.7906	0.790596	0.790592	0.790638	0.790684	0.790657	
0.790567	0.790536	0.790558	0.790579	0.790525	0.790471	0.790464	0.790457	0.790373	0.790288	0.79024	0.790191	0.790055	0.789918	0.789782	0.789646	0.789401	0.789157	0.788815	0.788473	0.787975	0.787477	0.78661	0.785743	0.785444	0.785145	0.786398	0.787651	0.790919	0.793664	0.796354	0.797667	0.795694	0.791021	0.786691	0.784692	0.78437	0.784256	0.784656	0.785055	0.785105	0.785155	0.785983	0.786812	0.787237	0.787662	0.788203	0.788744	0.78896	0.789177	0.789472	0.789768	0.789861	0.789954	0.790114	0.790273	0.790303	0.790333	0.790422	0.790512	0.790506	0.7905	0.790549	0.790599	0.790567	
0.790457	0.790422	0.790446	0.79047	0.790412	0.790355	0.790349	0.790343	0.790255	0.790167	0.790116	0.790065	0.789922	0.789779	0.789635	0.78949	0.789225	0.78896	0.78859	0.788219	0.78765	0.78708	0.786098	0.785116	0.784374	0.783633	0.783639	0.783644	0.784406	0.784133	0.784538	0.784544	0.783495	0.780703	0.77938	0.780008	0.780826	0.781877	0.782866	0.783855	0.784284	0.784713	0.785641	0.786568	0.787038	0.787508	0.788053	0.788599	0.788828	0.789057	0.789351	0.789645	0.789741	0.789838	0.789999	0.790159	0.790189	0.790219	0.790311	0.790403	0.790395	0.790387	0.790439	0.790491	0.790457	
0.790346	0.790309	0.790334	0.79036	0.7903	0.79024	0.790234	0.790229	0.790137	0.790046	0.789993	0.78994	0.78979	0.78964	0.789487	0.789334	0.789049	0.788764	0.788365	0.787966	0.787324	0.786683	0.785586	0.784488	0.783304	0.78212	0.780879	0.779637	0.777892	0.774286	0.77339	0.773228	0.773647	0.77317	0.77421	0.776476	0.778135	0.779497	0.781076	0.782655	0.783463	0.784271	0.785298	0.786325	0.78684	0.787354	0.787904	0.788454	0.788695	0.788937	0.789229	0.789522	0.789622	0.789722	0.789884	0.790045	0.790076	0.790106	0.7902	0.790293	0.790284	0.790274	0.790329	0.790384	0.790346	
0.790234	0.790194	0.790222	0.79025	0.790188	0.790126	0.790122	0.790118	0.790024	0.789931	0.789878	0.789825	0.789673	0.78952	0.789368	0.789216	0.788925	0.788633	0.78823	0.787827	0.787157	0.786488	0.785343	0.784197	0.782782	0.781367	0.779346	0.777325	0.771635	0.766556	0.765602	0.766263	0.768082	0.769507	0.771609	0.77425	0.776285	0.778551	0.780326	0.7821	0.783099	0.784097	0.785144	0.78619	0.78673	0.787269	0.78781	0.788351	0.788598	0.788844	0.789127	0.789411	0.789511	0.789612	0.789773	0.789933	0.789963	0.789993	0.790087	0.790182	0.790171	0.79016	0.790217	0.790274	0.790234	
0.790122	0.79008	0.79011	0.79014	0.790076	0.790013	0.79001	0.790007	0.789912	0.789816	0.789764	0.789711	0.789556	0.789401	0.78925	0.789098	0.788801	0.788503	0.788096	0.787688	0.78699	0.786293	0.7851	0.783906	0.78226	0.780613	0.777813	0.775013	0.765377	0.75574	0.760197	0.762952	0.765792	0.768904	0.771203	0.771742	0.774674	0.777605	0.779575	0.781545	0.782734	0.783923	0.784989	0.786055	0.78662	0.787184	0.787716	0.788249	0.7885	0.788751	0.789025	0.7893	0.789401	0.789502	0.789662	0.789821	0.78985	0.78988	0.789975	0.79007	0.790059	0.790047	0.790106	0.790164	0.790122	
0.79004	0.789998	0.790028	0.790059	0.789995	0.789932	0.78993	0.789929	0.789833	0.789737	0.789687	0.789637	0.789482	0.789327	0.789181	0.789035	0.788739	0.788443	0.788048	0.787654	0.786974	0.786295	0.78519	0.784085	0.782432	0.78078	0.777948	0.775117	0.768703	0.76229	0.762364	0.762603	0.765893	0.769983	0.772225	0.773326	0.775839	0.778352	0.780105	0.781857	0.783051	0.784244	0.785192	0.786141	0.786681	0.787222	0.787712	0.788203	0.788451	0.7887	0.788964	0.789229	0.789328	0.789427	0.789584	0.78974	0.789769	0.789798	0.789892	0.789987	0.789975	0.789964	0.790023	0.790082	0.79004	
0.789958	0.789915	0.789947	0.789979	0.789915	0.789851	0.789851	0.789851	0.789754	0.789658	0.789611	0.789563	0.789408	0.789253	0.789112	0.788972	0.788677	0.788383	0.788001	0.787619	0.786958	0.786297	0.78528	0.784264	0.782605	0.780946	0.778084	0.775221	0.772031	0.76884	0.764531	0.760221	0.766197	0.772173	0.773542	0.774911	0.777005	0.779099	0.780634	0.78217	0.783367	0.784564	0.785395	0.786226	0.786743	0.78726	0.787709	0.788157	0.788403	0.788649	0.788904	0.789159	0.789255	0.789352	0.789506	0.789659	0.789687	0.789715	0.78981	0.789904	0.789892	0.78988	0.78994	0.79	0.789958	
0.78992	0.789878	0.78991	0.789943	0.789879	0.789815	0.789816	0.789817	0.789721	0.789625	0.789579	0.789534	0.78938	0.789226	0.789091	0.788955	0.788678	0.7884	0.788069	0.787739	0.787165	0.786592	0.78576	0.784929	0.783588	0.782247	0.780092	0.777937	0.7754	0.772862	0.770329	0.767795	0.77125	0.774704	0.774993	0.775282	0.777564	0.779846	0.781217	0.782588	0.783715	0.784842	0.785599	0.786356	0.786849	0.787341	0.787767	0.788194	0.788413	0.788632	0.788881	0.78913	0.789225	0.789319	0.789471	0.789623	0.78965	0.789677	0.789771	0.789864	0.789853	0.789842	0.789902	0.789962	0.78992	
0.789882	0.789841	0.789874	0.789907	0.789843	0.78978	0.789782	0.789784	0.789688	0.789591	0.789548	0.789504	0.789351	0.789199	0.789069	0.788939	0.788678	0.788417	0.788138	0.787859	0.787373	0.786887	0.78624	0.785594	0.78457	0.783547	0.7821	0.780653	0.778769	0.776884	0.776127	0.77537	0.776303	0.777236	0.776444	0.775653	0.778123	0.780593	0.7818	0.783007	0.784063	0.785119	0.785803	0.786487	0.786955	0.787423	0.787826	0.78823	0.788422	0.788615	0.788858	0.789102	0.789194	0.789286	0.789436	0.789586	0.789613	0.789639	0.789732	0.789825	0.789814	0.789804	0.789864	0.789923	0.789882	
0.789911	0.789876	0.789909	0.789941	0.789882	0.789823	0.789828	0.789832	0.789739	0.789647	0.789611	0.789576	0.789429	0.789281	0.78917	0.789058	0.78881	0.788562	0.78831	0.788057	0.78761	0.787163	0.786613	0.786063	0.785208	0.784354	0.783241	0.782128	0.780681	0.779235	0.778481	0.777728	0.77819	0.778653	0.778156	0.77766	0.779766	0.781872	0.78283	0.783788	0.7847	0.785612	0.786208	0.786804	0.78722	0.787636	0.787999	0.788363	0.788546	0.78873	0.788954	0.789179	0.789261	0.789342	0.78948	0.789617	0.789642	0.789667	0.789755	0.789844	0.789837	0.789829	0.789887	0.789945	0.789911	
0.789939	0.789912	0.789943	0.789975	0.789921	0.789866	0.789873	0.78988	0.789791	0.789702	0.789674	0.789647	0.789506	0.789364	0.789271	0.789178	0.788942	0.788706	0.788481	0.788256	0.787847	0.787439	0.786986	0.786533	0.785847	0.78516	0.784381	0.783602	0.782594	0.781585	0.780836	0.780086	0.780078	0.78007	0.779869	0.779668	0.78141	0.783152	0.783861	0.78457	0.785337	0.786105	0.786613	0.787121	0.787485	0.787849	0.788172	0.788496	0.78867	0.788845	0.789051	0.789257	0.789327	0.789398	0.789524	0.789649	0.789672	0.789694	0.789778	0.789863	0.789859	0.789855	0.789911	0.789967	0.789939	
0.790073	0.790045	0.790076	0.790108	0.790054	0.79	0.790007	0.790014	0.789927	0.789839	0.789814	0.789788	0.789651	0.789514	0.789428	0.789342	0.78912	0.788898	0.788702	0.788506	0.788142	0.787777	0.787392	0.787007	0.786423	0.785839	0.785204	0.784569	0.783752	0.782936	0.782288	0.78164	0.781787	0.781934	0.781816	0.781698	0.782951	0.784204	0.784783	0.785363	0.785981	0.786599	0.787041	0.787483	0.787796	0.788109	0.788405	0.788701	0.788855	0.789008	0.789205	0.789401	0.789468	0.789536	0.789662	0.789788	0.78981	0.789832	0.789916	0.79	0.789995	0.78999	0.790046	0.790101	0.790073	
0.790207	0.790177	0.790209	0.790241	0.790187	0.790133	0.790141	0.790148	0.790063	0.789977	0.789953	0.789928	0.789796	0.789664	0.789585	0.789507	0.789298	0.78909	0.788923	0.788756	0.788436	0.788116	0.787798	0.787481	0.786999	0.786518	0.786027	0.785535	0.784911	0.784287	0.78374	0.783194	0.783496	0.783798	0.783763	0.783729	0.784492	0.785255	0.785706	0.786156	0.786625	0.787093	0.787469	0.787845	0.788108	0.78837	0.788639	0.788907	0.789039	0.789172	0.789358	0.789545	0.789609	0.789674	0.7898	0.789927	0.789948	0.789969	0.790053	0.790137	0.790131	0.790124	0.79018	0.790236	0.790207	
0.79038	0.790356	0.790384	0.790412	0.790363	0.790314	0.79032	0.790325	0.790245	0.790165	0.790142	0.790118	0.789993	0.789869	0.789796	0.789724	0.789533	0.789341	0.789195	0.789049	0.788763	0.788478	0.78821	0.787942	0.787526	0.787111	0.786714	0.786317	0.785837	0.785356	0.784973	0.78459	0.784756	0.784922	0.784909	0.784897	0.785483	0.786068	0.786418	0.786767	0.78717	0.787573	0.787898	0.788223	0.788455	0.788686	0.788926	0.789166	0.789286	0.789406	0.789577	0.789748	0.789809	0.789869	0.789988	0.790106	0.790128	0.79015	0.790229	0.790308	0.790304	0.790301	0.790352	0.790403	0.79038	
0.790552	0.790535	0.79056	0.790584	0.790539	0.790494	0.790498	0.790502	0.790428	0.790353	0.79033	0.790307	0.79019	0.790073	0.790008	0.789942	0.789767	0.789593	0.789468	0.789343	0.789091	0.78884	0.788621	0.788403	0.788053	0.787704	0.787401	0.787098	0.786762	0.786425	0.786206	0.785986	0.786016	0.786046	0.786056	0.786065	0.786473	0.786882	0.78713	0.787378	0.787716	0.788053	0.788327	0.788601	0.788801	0.789002	0.789213	0.789424	0.789532	0.789639	0.789795	0.789951	0.790008	0.790064	0.790175	0.790286	0.790308	0.790331	0.790405	0.790478	0.790477	0.790477	0.790523	0.790569	0.790552	
0.790748	0.790738	0.790756	0.790774	0.790736	0.790697	0.790697	0.790697	0.790631	0.790565	0.790539	0.790514	0.790408	0.790302	0.790239	0.790176	0.790022	0.789869	0.789756	0.789643	0.789426	0.789209	0.789019	0.78883	0.788536	0.788242	0.787996	0.78775	0.787471	0.787192	0.787017	0.786841	0.78686	0.786879	0.7869	0.786922	0.787232	0.787542	0.787759	0.787976	0.788247	0.788519	0.788757	0.788995	0.789168	0.78934	0.789526	0.789712	0.789809	0.789905	0.790044	0.790183	0.790237	0.790291	0.790392	0.790493	0.790517	0.790542	0.790608	0.790675	0.790677	0.79068	0.790719	0.790759	0.790748	
0.790944	0.79094	0.790953	0.790965	0.790932	0.790899	0.790896	0.790892	0.790834	0.790776	0.790748	0.79072	0.790626	0.790531	0.790471	0.79041	0.790277	0.790145	0.790044	0.789943	0.78976	0.789578	0.789417	0.789257	0.789018	0.788779	0.78859	0.788401	0.78818	0.787959	0.787827	0.787696	0.787704	0.787711	0.787745	0.787778	0.78799	0.788202	0.788388	0.788573	0.788779	0.788985	0.789188	0.78939	0.789534	0.789679	0.78984	0.790001	0.790086	0.790171	0.790294	0.790416	0.790467	0.790517	0.790609	0.7907	0.790726	0.790753	0.790812	0.790872	0.790877	0.790883	0.790915	0.790948	0.790944	
0.79112	0.791123	0.791128	0.791133	0.791107	0.791082	0.791073	0.791064	0.791016	0.790968	0.790936	0.790904	0.790823	0.790742	0.790683	0.790624	0.790513	0.790402	0.790308	0.790214	0.790061	0.789908	0.789765	0.789621	0.789424	0.789226	0.789059	0.788893	0.78872	0.788546	0.788433	0.788319	0.788329	0.788339	0.788361	0.788383	0.78856	0.788736	0.788884	0.789031	0.789213	0.789394	0.789563	0.789732	0.789863	0.789994	0.790131	0.790268	0.790348	0.790428	0.790532	0.790637	0.790685	0.790734	0.790813	0.790891	0.790919	0.790948	0.790999	0.79105	0.791059	0.791067	0.791092	0.791116	0.79112	
0.791295	0.791305	0.791303	0.791301	0.791283	0.791264	0.79125	0.791236	0.791198	0.791159	0.791123	0.791087	0.791021	0.790954	0.790896	0.790838	0.790749	0.79066	0.790573	0.790486	0.790362	0.790239	0.790112	0.789985	0.789829	0.789673	0.789529	0.789385	0.789259	0.789134	0.789038	0.788941	0.788954	0.788967	0.788978	0.788988	0.789129	0.78927	0.789379	0.789488	0.789646	0.789804	0.789939	0.790074	0.790192	0.79031	0.790423	0.790536	0.79061	0.790684	0.790771	0.790858	0.790904	0.79095	0.791016	0.791082	0.791112	0.791142	0.791185	0.791228	0.79124	0.791252	0.791268	0.791285	0.791295	
0.791412	0.791427	0.79142	0.791413	0.7914	0.791387	0.79137	0.791352	0.791322	0.791293	0.791254	0.791216	0.791165	0.791114	0.791058	0.791002	0.790934	0.790865	0.790783	0.790701	0.790605	0.790509	0.790394	0.79028	0.790158	0.790037	0.789912	0.789787	0.789692	0.789597	0.789518	0.789438	0.789451	0.789463	0.789469	0.789476	0.789591	0.789706	0.789793	0.78988	0.790014	0.790148	0.790257	0.790365	0.790468	0.790572	0.790664	0.790757	0.790824	0.790891	0.790961	0.791032	0.791075	0.791118	0.791171	0.791223	0.791252	0.791281	0.791316	0.791351	0.791365	0.791378	0.791388	0.791397	0.791412	
0.79153	0.79155	0.791537	0.791524	0.791517	0.791511	0.791489	0.791468	0.791447	0.791426	0.791385	0.791344	0.79131	0.791275	0.79122	0.791166	0.791118	0.791071	0.790994	0.790917	0.790848	0.790778	0.790676	0.790574	0.790488	0.790402	0.790296	0.79019	0.790125	0.79006	0.789997	0.789935	0.789947	0.789958	0.789961	0.789964	0.790054	0.790143	0.790207	0.790271	0.790382	0.790492	0.790574	0.790656	0.790745	0.790834	0.790905	0.790977	0.791038	0.791098	0.791152	0.791206	0.791246	0.791286	0.791325	0.791364	0.791391	0.791419	0.791446	0.791474	0.791489	0.791505	0.791507	0.79151	0.79153	
0.791586	0.791608	0.791592	0.791577	0.791574	0.79157	0.791547	0.791524	0.791509	0.791493	0.791455	0.791416	0.791394	0.791371	0.79132	0.791269	0.791236	0.791204	0.791133	0.791062	0.791013	0.790963	0.790874	0.790784	0.790724	0.790664	0.790571	0.790477	0.790436	0.790394	0.790336	0.790277	0.790297	0.790317	0.79031	0.790304	0.790383	0.790461	0.790504	0.790548	0.790644	0.79074	0.790799	0.790859	0.790936	0.791013	0.791068	0.791122	0.791177	0.791231	0.791272	0.791314	0.79135	0.791387	0.791415	0.791443	0.791468	0.791492	0.791513	0.791534	0.79155	0.791566	0.791565	0.791564	0.791586	
0.791642	0.791666	0.791648	0.79163	0.79163	0.791629	0.791605	0.791581	0.79157	0.79156	0.791524	0.791488	0.791478	0.791468	0.79142	0.791372	0.791354	0.791337	0.791272	0.791207	0.791178	0.791149	0.791071	0.790994	0.79096	0.790926	0.790846	0.790765	0.790747	0.790729	0.790675	0.79062	0.790648	0.790675	0.79066	0.790644	0.790711	0.790779	0.790802	0.790825	0.790906	0.790987	0.791025	0.791062	0.791127	0.791192	0.79123	0.791268	0.791316	0.791364	0.791393	0.791422	0.791454	0.791487	0.791505	0.791523	0.791544	0.791566	0.79158	0.791595	0.791611	0.791627	0.791623	0.791618	0.791642	
0.791625	0.791646	0.791628	0.791611	0.791614	0.791618	0.791596	0.791574	0.791574	0.791573	0.791543	0.791513	0.791509	0.791505	0.791462	0.791419	0.791409	0.7914	0.791344	0.791289	0.791273	0.791256	0.791193	0.79113	0.791111	0.791092	0.791028	0.790964	0.790956	0.790948	0.790904	0.79086	0.790885	0.790909	0.790894	0.79088	0.790932	0.790985	0.790999	0.791013	0.791076	0.79114	0.791165	0.79119	0.791241	0.791293	0.791317	0.791342	0.791384	0.791425	0.791446	0.791467	0.791496	0.791525	0.791537	0.79155	0.791568	0.791585	0.791591	0.791596	0.791609	0.791621	0.791613	0.791604	0.791625	
0.791608	0.791626	0.791609	0.791592	0.791599	0.791606	0.791587	0.791568	0.791577	0.791586	0.791562	0.791539	0.791541	0.791543	0.791505	0.791467	0.791465	0.791462	0.791417	0.791372	0.791368	0.791364	0.791316	0.791267	0.791262	0.791258	0.79121	0.791163	0.791164	0.791166	0.791133	0.791101	0.791122	0.791143	0.791129	0.791115	0.791153	0.791192	0.791196	0.7912	0.791247	0.791293	0.791305	0.791317	0.791355	0.791393	0.791405	0.791416	0.791451	0.791486	0.7915	0.791513	0.791538	0.791563	0.79157	0.791577	0.791591	0.791605	0.791601	0.791597	0.791606	0.791615	0.791603	0.791591	0.791608	
0.791548	0.791559	0.791548	0.791537	0.791542	0.791547	0.791535	0.791523	0.791529	0.791535	0.791519	0.791503	0.791506	0.791508	0.791485	0.791462	0.791462	0.791463	0.791437	0.791411	0.791412	0.791412	0.791379	0.791345	0.791344	0.791343	0.791314	0.791284	0.791286	0.791289	0.791268	0.791248	0.791262	0.791276	0.791266	0.791256	0.791281	0.791305	0.791306	0.791307	0.791338	0.791369	0.791374	0.79138	0.791407	0.791434	0.791438	0.791441	0.79146	0.791479	0.791485	0.79149	0.791506	0.791521	0.791525	0.791528	0.791538	0.791547	0.791543	0.79154	0.791546	0.791553	0.791544	0.791536	0.791548	
0.791487	0.791493	0.791487	0.791482	0.791485	0.791488	0.791483	0.791478	0.791481	0.791484	0.791476	0.791468	0.79147	0.791472	0.791464	0.791456	0.79146	0.791464	0.791457	0.791451	0.791456	0.791461	0.791442	0.791423	0.791426	0.791429	0.791417	0.791405	0.791408	0.791412	0.791403	0.791395	0.791402	0.791409	0.791403	0.791398	0.791408	0.791418	0.791416	0.791414	0.791429	0.791444	0.791443	0.791442	0.791458	0.791474	0.79147	0.791467	0.791469	0.791471	0.79147	0.791468	0.791474	0.79148	0.79148	0.79148	0.791484	0.791489	0.791486	0.791483	0.791487	0.79149	0.791486	0.791482	0.791487	
0.791445	0.791445	0.791445	0.791445	0.791445	0.791445	0.791445	0.791445	0.791445	0.791445	0.791445	0.791445	0.791445	0.791445	0.791445	0.791445	0.791445	0.791445	0.791445	0.791445	0.791445	0.791445	0.791445	0.791445	0.791445	0.791445	0.791445	0.791445	0.791445	0.791445	0.791445	0.791445	0.791445	0.791445	0.791445	0.791445	0.791445	0.791445	0.791445	0.791445	0.791445	0.791445	0.791445	0.791445	0.791445	0.791445	0.791445	0.791445	0.791445	0.791445	0.791445	0.791445	0.791445	0.791445	0.791445	0.791445	0.791445	0.791445	0.791445	0.791445	0.791445	0.791445	0.791445	0.791445	0.791445	
