y	b	u.x	u.y	u.z	
0.390625	0.00302701	-0.182476	-0.000843161	-0.000850432
2.40294	0.0185729	-0.885202	-0.00130361	-0.000696331
4.41525	0.0341699	-1.17425	5.62717e-05	-0.000247332
6.42756	0.0495057	-1.02803	-0.00251038	0.000296594
8.43987	0.0649694	-1.03376	-0.00432883	0.000820931
10.4522	0.0802053	-1.02735	-0.00385205	0.000906653
12.4645	0.0952436	-1.01042	-0.00138271	0.000611599
14.4768	0.110282	-0.993478	0.00108663	0.000316545
16.4891	0.125349	-0.985323	0.00182541	0.000125336
18.5014	0.140454	-0.988837	0.000264679	7.21138e-05
20.5137	0.155559	-0.99235	-0.00129605	1.88913e-05
22.526	0.170666	-0.994106	-0.00180934	-1.56538e-05
24.5383	0.185775	-0.992184	-0.000132523	-1.1146e-05
26.5507	0.200884	-0.990263	0.0015443	-6.63824e-06
28.563	0.215996	-0.989455	0.00254234	-2.18885e-06
30.5753	0.231118	-0.992648	0.00110043	2.05066e-06
32.5876	0.246239	-0.995841	-0.00034148	6.29016e-06
34.5999	0.261363	-0.998481	-0.00145651	9.68672e-06
36.6122	0.276497	-0.996723	2.6344e-05	6.3839e-06
38.6245	0.291632	-0.994965	0.0015092	3.08109e-06
40.6368	0.306767	-0.993232	0.00297501	-1.94388e-07
42.6491	0.32191	-0.995748	0.00156002	1.15179e-06
44.6615	0.337052	-0.998263	0.000145036	2.49797e-06
46.6738	0.352194	-1.00078	-0.00126995	3.84414e-06
48.6861	0.367343	-0.999621	-0.000134803	2.82075e-06
50.6984	0.382492	-0.998055	0.0012837	1.53406e-06
52.7107	0.397641	-0.996489	0.0027022	2.47376e-07
54.723	0.412794	-0.997827	0.00187998	8.34578e-07
56.7353	0.427949	-0.999918	0.000476813	1.90761e-06
58.7476	0.443104	-1.00201	-0.000926351	2.98064e-06
60.7599	0.458263	-1.0017	-0.000412995	3.85914e-06
62.7722	0.473425	-1.0003	0.000968538	4.64952e-06
64.7846	0.488586	-0.998898	0.00235007	5.43989e-06
66.7969	0.50375	-0.999309	0.00211882	-4.15446e-06
68.8092	0.518915	-1.00102	0.000730918	-2.11965e-05
70.8215	0.534081	-1.00273	-0.000656988	-3.82386e-05
72.8338	0.549272	-1.00315	-0.000751753	-1.88107e-05
74.8461	0.56449	-1.00215	0.00057436	4.06899e-05
76.8584	0.579679	-1.00177	0.00197492	0.000225367
78.8707	0.59494	-1.0005	0.00220929	0.000413902
80.883	0.61016	-0.996316	0.000998448	7.58175e-05
82.8954	0.625357	-0.991776	-0.000331691	0.000937305
84.9077	0.640474	-0.987096	-0.000937553	0.00247833
86.92	0.655575	-0.981179	0.000406848	0.0021083
88.9323	0.670645	-0.975627	0.0015731	0.000624163
90.9446	0.685726	-0.973199	0.00209183	0.000631516
92.9569	0.700718	-0.978483	0.000955576	-0.00225668
94.9692	0.715614	-0.987616	0.00023727	-0.00061475
96.9815	0.730635	-0.994898	-0.000717301	-0.00148059
98.9938	0.745809	-0.999688	0.000100707	-0.00180047
101.006	0.761103	-1.00319	0.000970081	-0.00129319
103.018	0.776381	-1.00302	0.00192683	-0.000728676
105.031	0.791621	-1.00325	0.00113117	-0.00045273
107.043	0.806826	-1.00377	0.000154854	-0.000198327
109.055	0.822046	-1.00426	-0.00085482	6.1413e-05
111.068	0.837224	-1.00354	-0.000178472	9.31142e-05
113.08	0.852394	-1.00265	0.000729991	5.46553e-05
115.092	0.867563	-1.00174	0.00167791	2.91554e-05
117.105	0.882729	-1.00201	0.00123451	1.58593e-05
119.117	0.897895	-1.00272	0.000290232	6.95664e-06
121.129	0.91306	-1.00342	-0.000654052	-1.94597e-06
123.142	0.928225	-1.00317	-0.000439873	-3.74493e-06
125.154	0.94339	-1.00235	0.000456408	-1.36126e-06
127.166	0.958555	-1.00154	0.00135269	1.02241e-06
129.178	0.973719	-1.00143	0.00130333	1.67852e-06
131.191	0.988884	-1.00197	0.000393314	7.62332e-07
133.203	1.00405	-1.00251	-0.000516703	-1.53859e-07
135.215	1.01921	-1.00255	-0.000684704	-5.48746e-07
137.228	1.03438	-1.00189	0.000181965	-2.16726e-07
139.24	1.04954	-1.00122	0.00104863	1.15295e-07
141.252	1.06471	-1.0009	0.0013709	2.981e-07
143.265	1.07987	-1.00131	0.000491321	1.51492e-07
145.277	1.09504	-1.00173	-0.000388257	4.88365e-09
147.289	1.1102	-1.00196	-0.000913213	-1.0073e-07
149.302	1.12537	-1.00145	-7.02818e-05	-4.82169e-08
151.314	1.14053	-1.00094	0.000772649	4.29637e-09
153.326	1.1557	-1.00051	0.00144585	5.00041e-08
155.339	1.17086	-1.00082	0.000591383	3.44571e-08
157.351	1.18603	-1.00113	-0.000263087	1.89102e-08
159.363	1.20119	-1.00145	-0.00111756	3.36316e-09
161.375	1.21636	-1.00108	-0.000303141	2.13457e-09
163.388	1.23152	-1.00071	0.000521162	9.90826e-10
165.4	1.24669	-1.00034	0.00134547	-1.52921e-10
167.412	1.26185	-1.00048	0.000695677	3.15206e-09
169.425	1.27702	-1.0007	-0.000139608	7.01686e-09
171.437	1.29218	-1.00091	-0.000974893	1.08817e-08
173.449	1.30735	-1.00077	-0.00052222	7.48855e-09
175.462	1.32251	-1.00052	0.000288775	2.07621e-09
177.474	1.33767	-1.00028	0.00109977	-3.33613e-09
179.486	1.35284	-1.00028	0.000805919	-3.43792e-09
181.499	1.368	-1.0004	-1.63566e-05	-9.99787e-10
183.511	1.38317	-1.00052	-0.000838633	1.43835e-09
185.523	1.39833	-1.0005	-0.000733539	-8.82967e-11
187.535	1.4135	-1.00038	6.94975e-05	-4.59885e-09
189.548	1.42866	-1.00026	0.000872534	-9.10941e-09
191.56	1.44383	-1.00022	0.000922635	-8.75478e-09
193.572	1.45899	-1.00026	0.000105398	-2.79573e-09
195.585	1.47416	-1.0003	-0.000711839	3.16332e-09
197.597	1.48934	-1.00033	-0.000950294	6.98419e-09
199.609	1.50456	-1.00033	-0.000154488	6.98419e-09
