dT	 Prob
-2	 0
-1.92157	 0
-1.84314	 0
-1.76471	 0
-1.68627	 0
-1.60784	 0
-1.52941	 0
-1.45098	 0
-1.37255	 0
-1.29412	 0
-1.21569	 0
-1.13725	 0
-1.05882	 0
-0.980392	 0
-0.901961	 0
-0.823529	 0
-0.745098	 0
-0.666667	 0
-0.588235	 0
-0.509804	 0
-0.431373	 0
-0.352941	 0
-0.27451	 0
-0.196078	 0
-0.117647	 0
-0.0392157	 0.25
0.0392157	 0.75
0.117647	 0
0.196078	 0
0.27451	 0
0.352941	 0
0.431373	 0
0.509804	 0
0.588235	 0
0.666667	 0
0.745098	 0
0.823529	 0
0.901961	 0
0.980392	 0
1.05882	 0
1.13725	 0
1.21569	 0
1.29412	 0
1.37255	 0
1.45098	 0
1.52941	 0
1.60784	 0
1.68627	 0
1.76471	 0
1.84314	 0
1.92157	 0
