dT	 Prob
-2	 0
-1.92157	 0
-1.84314	 0
-1.76471	 0
-1.68627	 0
-1.60784	 0
-1.52941	 0
-1.45098	 0
-1.37255	 0
-1.29412	 0
-1.21569	 0
-1.13725	 0
-1.05882	 0
-0.980392	 0
-0.901961	 0
-0.823529	 0
-0.745098	 0
-0.666667	 0
-0.588235	 0
-0.509804	 5.96046e-08
-0.431373	 1.78814e-07
-0.352941	 6.55651e-07
-0.27451	 3.33786e-06
-0.196078	 6.25849e-06
-0.117647	 1.65701e-05
-0.0392157	 0.668989
0.0392157	 0.330942
0.117647	 1.9908e-05
0.196078	 9.47714e-06
0.27451	 4.29153e-06
0.352941	 3.99351e-06
0.431373	 1.19209e-06
0.509804	 1.07288e-06
0.588235	 7.7486e-07
0.666667	 5.36442e-07
0.745098	 5.96046e-08
0.823529	 0
0.901961	 0
0.980392	 0
1.05882	 0
1.13725	 0
1.21569	 0
1.29412	 0
1.37255	 0
1.45098	 0
1.52941	 0
1.60784	 0
1.68627	 0
1.76471	 0
1.84314	 0
1.92157	 0
