dT	 Prob
-2	 0
-1.92157	 0
-1.84314	 0
-1.76471	 0
-1.68627	 0
-1.60784	 0
-1.52941	 0
-1.45098	 0
-1.37255	 0
-1.29412	 0
-1.21569	 0
-1.13725	 0
-1.05882	 0
-0.980392	 0
-0.901961	 0
-0.823529	 0
-0.745098	 0
-0.666667	 0
-0.588235	 0
-0.509804	 0
-0.431373	 7.15256e-07
-0.352941	 2.26498e-06
-0.27451	 5.66244e-06
-0.196078	 1.09673e-05
-0.117647	 3.79086e-05
-0.0392157	 0.658304
0.0392157	 0.341529
0.117647	 5.14984e-05
0.196078	 1.8537e-05
0.27451	 7.39098e-06
0.352941	 6.55651e-06
0.431373	 6.49691e-06
0.509804	 5.30481e-06
0.588235	 4.23193e-06
0.666667	 4.52995e-06
0.745098	 3.09944e-06
0.823529	 1.07288e-06
0.901961	 4.17233e-07
0.980392	 5.96046e-08
1.05882	 0
1.13725	 0
1.21569	 0
1.29412	 0
1.37255	 0
1.45098	 0
1.52941	 0
1.60784	 0
1.68627	 0
1.76471	 0
1.84314	 0
1.92157	 0
