y	b	u.x	u.y	u.z	
0.390625	0.00294463	0.999868	-1.88057e-05	-4.28347e-09
2.40294	0.0181139	0.999868	-0.000115683	-4.28347e-09
4.41525	0.0332827	0.999721	-8.85458e-05	4.84521e-10
6.42756	0.0484511	0.999493	7.99514e-06	7.92084e-09
8.43987	0.0636195	0.999265	0.000104536	1.53572e-08
10.4522	0.0787872	0.999223	9.75655e-05	1.78107e-08
12.4645	0.0939542	0.999343	7.33195e-07	1.59385e-08
14.4768	0.109121	0.999464	-9.60991e-05	1.40662e-08
16.4891	0.124288	0.999472	-0.000109875	1.17194e-08
18.5014	0.139455	0.99933	-1.32884e-05	8.74193e-09
20.5137	0.154621	0.999189	8.32983e-05	5.76445e-09
22.526	0.169788	0.999122	0.000117294	5.0606e-09
24.5383	0.184954	0.999212	2.04162e-05	9.11073e-09
26.5507	0.20012	0.999301	-7.64613e-05	1.31609e-08
28.563	0.215286	0.999339	-0.000131268	1.52636e-08
30.5753	0.230452	0.999191	-3.48444e-05	1.03662e-08
32.5876	0.245618	0.999044	6.15789e-05	5.46883e-09
34.5999	0.260783	0.998919	0.000136453	1.24603e-09
36.6122	0.275948	0.998974	4.0063e-05	2.3845e-09
38.6245	0.291113	0.999029	-5.6327e-05	3.52297e-09
40.6368	0.306278	0.999082	-0.00015159	4.67282e-09
42.6491	0.321442	0.998938	-5.63863e-05	7.74564e-09
44.6615	0.336606	0.998793	3.88177e-05	1.08185e-08
46.6738	0.35177	0.998648	0.000134022	1.38913e-08
48.6861	0.366933	0.998646	5.84911e-05	-2.07588e-08
50.6984	0.382095	0.998659	-3.60105e-05	-5.96004e-08
52.7107	0.397257	0.998672	-0.000130512	-9.8442e-08
54.723	0.412418	0.998564	-7.66392e-05	-5.29284e-08
56.7353	0.427578	0.998424	1.57017e-05	1.44554e-08
58.7476	0.442738	0.998284	0.000108043	8.18393e-08
60.7599	0.457896	0.998211	7.39597e-05	-7.83503e-08
62.7722	0.473053	0.998169	-1.73929e-05	-3.4163e-07
64.7846	0.48821	0.998126	-0.000108746	-6.0491e-07
66.7969	0.503364	0.998019	-9.51948e-05	-1.6458e-07
68.8092	0.518516	0.997865	-6.40945e-06	7.80365e-07
70.8215	0.533668	0.997712	8.23759e-05	1.72531e-06
72.8338	0.548817	0.997536	8.12052e-05	-2.38286e-06
74.8461	0.563961	0.997336	-1.88076e-05	-1.20433e-05
76.8584	0.579102	0.997171	-8.38601e-05	-1.68107e-05
78.8707	0.594246	0.996903	-0.000136396	-4.34725e-05
80.883	0.609387	0.996581	-3.68555e-05	-0.000104269
82.8954	0.624529	0.996305	5.3536e-05	-0.000176659
84.9077	0.639675	0.996145	1.80688e-05	-0.000229739
86.92	0.654823	0.996145	4.82445e-05	-0.00027087
88.9323	0.669961	0.994629	0.000109243	0.000139534
90.9446	0.685125	0.996246	1.95063e-05	-0.00041995
92.9569	0.7003	1.0004	5.61684e-05	7.22134e-05
94.9692	0.715455	1.00576	3.72731e-05	0.00120236
96.9815	0.730671	1.01471	0.000110701	-0.0015396
98.9938	0.745997	1.05153	-8.69958e-06	-0.00243595
101.006	0.761408	1.04428	0.000127873	0.00203576
103.018	0.776776	1.0184	-0.000116901	0.000354643
105.031	0.791995	1.01093	-4.44669e-05	0.000433963
107.043	0.807132	1.00122	-7.68999e-05	-0.000171608
109.055	0.822329	0.99507	-2.28045e-05	-0.000370385
111.068	0.837494	0.992904	9.16762e-05	-0.000284564
113.08	0.852652	0.995091	-0.000169035	-0.00020628
115.092	0.867811	0.995343	-0.000166719	-4.46478e-05
117.105	0.882956	0.995806	-9.76798e-05	-4.78145e-05
119.117	0.898089	0.996221	5.69154e-05	4.04831e-06
121.129	0.913226	0.996683	0.000176842	9.84959e-06
123.142	0.92837	0.996991	0.000127042	9.36819e-06
125.154	0.943517	0.997209	-2.26932e-05	5.18754e-06
127.166	0.958665	0.997427	-0.000172428	1.00688e-06
129.178	0.973816	0.997613	-0.000162864	-6.86911e-07
131.191	0.988971	0.997772	-8.31658e-06	-1.1733e-07
133.203	1.00413	0.997931	0.000146231	4.52251e-07
135.215	1.01928	0.998062	0.00017134	6.74532e-07
137.228	1.03444	0.998155	1.59591e-05	4.12536e-07
139.24	1.0496	0.998248	-0.000139422	1.5054e-07
141.252	1.06476	0.998342	-0.00019803	-1.59759e-08
143.265	1.07992	0.998441	-4.30033e-05	2.82902e-08
145.277	1.09508	0.998539	0.000112024	7.25564e-08
147.289	1.11024	0.99863	0.000203666	1.03742e-07
149.302	1.12541	0.998689	5.08117e-05	8.4472e-08
151.314	1.14057	0.998749	-0.000102042	6.5202e-08
153.326	1.15573	0.99881	-0.000224495	4.66311e-08
155.339	1.1709	0.998879	-7.33084e-05	3.43532e-08
157.351	1.18606	0.998948	7.7878e-05	2.20753e-08
159.363	1.20123	0.999017	0.000229064	9.79745e-09
161.375	1.21639	0.999058	8.20356e-05	1.71343e-08
163.388	1.23156	0.9991	-6.67602e-05	2.45874e-08
165.4	1.24672	0.999141	-0.000215556	3.20405e-08
167.412	1.26189	0.999188	-0.000101372	2.33924e-08
169.425	1.27706	0.999236	4.5904e-05	1.27182e-08
171.437	1.29222	0.999284	0.00019318	2.04393e-09
173.449	1.30739	0.999316	0.000111481	3.81627e-09
175.462	1.32256	0.999344	-3.39222e-05	9.05137e-09
177.474	1.33772	0.999372	-0.000179325	1.42865e-08
179.486	1.35289	0.999401	-0.000128663	1.33377e-08
181.499	1.36806	0.999432	1.5774e-05	9.43135e-09
183.511	1.38322	0.999463	0.000160211	5.52499e-09
185.523	1.39839	0.999487	0.000140487	4.41179e-09
187.535	1.41356	0.999507	-2.7838e-06	5.40075e-09
189.548	1.42873	0.999528	-0.000146055	6.38972e-09
191.56	1.4439	0.999549	-0.000156287	6.90946e-09
193.572	1.45906	0.999571	-1.32648e-05	6.88869e-09
195.585	1.47423	0.999593	0.000129757	6.86792e-09
197.597	1.4894	0.999607	0.000170291	6.85461e-09
199.609	1.50457	0.999607	2.7684e-05	6.85461e-09
