y	b	u.x	u.y	u.z	
0.390625	0.00294554	1.00044	-3.07614e-05	-2.52188e-08
2.40294	0.0181195	1.00044	-0.00018923	-2.52188e-08
4.41525	0.0332919	1.0003	-0.000145126	-1.51213e-08
6.42756	0.0484635	1.00008	1.23425e-05	6.27087e-10
8.43987	0.0636351	0.999858	0.000169811	1.63755e-08
10.4522	0.0788051	0.999797	0.000158714	1.70811e-08
12.4645	0.0939737	0.999875	1.27906e-06	4.72769e-09
14.4768	0.109142	0.999953	-0.000156156	-7.62575e-09
16.4891	0.124311	0.999916	-0.000179108	-1.22286e-08
18.5014	0.139479	0.999726	-2.33626e-05	-6.53255e-09
20.5137	0.154646	0.999536	0.000132383	-8.36541e-10
22.526	0.169814	0.99941	0.00018761	-1.77074e-09
24.5383	0.184981	0.999418	3.26638e-05	-1.65682e-08
26.5507	0.200148	0.999425	-0.000122283	-3.13656e-08
28.563	0.215314	0.999382	-0.000210312	-4.14449e-08
30.5753	0.23048	0.999156	-5.77992e-05	-3.45645e-08
32.5876	0.245645	0.998931	9.47137e-05	-2.76841e-08
34.5999	0.26081	0.998724	0.000213295	-2.48333e-08
36.6122	0.275973	0.99867	6.22063e-05	-5.40073e-08
38.6245	0.291137	0.998615	-8.88827e-05	-8.31813e-08
40.6368	0.3063	0.998559	-0.000238213	-1.12225e-07
42.6491	0.321459	0.998324	-9.02892e-05	-1.1927e-07
44.6615	0.336619	0.998089	5.7635e-05	-1.26315e-07
46.6738	0.351779	0.997854	0.000205559	-1.3336e-07
48.6861	0.366935	0.99774	8.89913e-05	-1.38261e-07
50.6984	0.38209	0.997641	-5.69653e-05	-1.42924e-07
52.7107	0.397245	0.997541	-0.000202922	-1.47586e-07
54.723	0.412395	0.997361	-0.000120175	-2.7772e-07
56.7353	0.427544	0.99716	2.18654e-05	-4.40383e-07
58.7476	0.442693	0.99696	0.000163906	-6.03047e-07
60.7599	0.457836	0.996841	0.00011198	-4.90815e-07
62.7722	0.472977	0.996759	-2.78135e-05	-2.54057e-07
64.7846	0.488117	0.996678	-0.000167607	-1.72986e-08
66.7969	0.503252	0.996614	-0.000146926	-8.14087e-07
68.8092	0.518382	0.996562	-1.11553e-05	-2.35211e-06
70.8215	0.533513	0.996511	0.000124615	-3.89014e-06
72.8338	0.548638	0.99653	0.000131432	-2.52275e-06
74.8461	0.563758	0.996626	-3.44213e-06	2.03706e-06
76.8584	0.578877	0.996723	-0.000138316	6.59687e-06
78.8707	0.593993	0.996875	-0.000176818	1.46319e-05
80.883	0.609103	0.997121	-5.16359e-05	2.85694e-05
82.8954	0.624211	0.997421	0.000112264	5.84839e-05
84.9077	0.639326	0.99751	0.000142008	3.02295e-05
86.92	0.654443	0.997368	7.51826e-05	-6.44579e-05
88.9323	0.669575	0.996149	-0.000158051	-0.000173207
90.9446	0.68469	0.997308	-0.000241305	-0.000533269
92.9569	0.699905	0.999915	-9.2214e-05	-0.000996202
94.9692	0.715107	1.00905	0.000200628	0.000467538
96.9815	0.730473	1.01982	0.000433853	0.00287598
98.9938	0.745977	1.04242	0.000120574	0.000926825
101.006	0.761544	1.0523	-0.000131277	-0.00110816
103.018	0.777028	1.02528	-0.000511696	-0.000648713
105.031	0.792316	1.00884	-2.73498e-05	-0.000132428
107.043	0.807561	1.0002	-9.93247e-05	-0.000530153
109.055	0.822808	0.996427	-6.65053e-05	-0.000384507
111.068	0.837933	0.996283	0.000146552	-0.000336412
113.08	0.853048	0.997243	-0.00016131	-0.000169294
115.092	0.86816	0.997666	-0.000192735	-5.54357e-05
117.105	0.883274	0.997562	-0.000126163	1.23779e-07
119.117	0.898388	0.997294	5.04198e-05	-5.78248e-06
121.129	0.913503	0.997026	0.000190811	3.34302e-06
123.142	0.928621	0.996862	0.000134705	5.20913e-06
125.154	0.943741	0.996759	-3.70988e-05	2.80091e-06
127.166	0.958861	0.996657	-0.000208903	3.92695e-07
129.178	0.973987	0.996629	-0.000193069	-6.79624e-07
131.191	0.989118	0.99667	-6.46108e-06	-5.36096e-07
133.203	1.00425	0.996711	0.000180147	-3.92568e-07
135.215	1.01938	0.996767	0.0002066	-2.8429e-07
137.228	1.03452	0.996845	9.73094e-06	-2.25163e-07
139.24	1.04967	0.996923	-0.000187138	-1.66036e-07
141.252	1.06481	0.997031	-0.000257924	-1.41291e-07
143.265	1.07996	0.997204	-5.03652e-05	-1.92449e-07
145.277	1.09511	0.997377	0.000157193	-2.43606e-07
147.289	1.11026	0.997541	0.000277611	-2.72867e-07
149.302	1.12541	0.997671	6.1903e-05	-2.17666e-07
151.314	1.14057	0.997802	-0.000153805	-1.62465e-07
153.326	1.15573	0.997938	-0.000325573	-1.12329e-07
155.339	1.17089	0.998119	-0.000101838	-1.07786e-07
157.351	1.18605	0.9983	0.000121897	-1.03244e-07
159.363	1.20121	0.998482	0.000345632	-9.87019e-08
161.375	1.21637	0.998605	0.000119102	-8.07227e-08
163.388	1.23153	0.998728	-0.000110096	-6.2664e-08
165.4	1.2467	0.998851	-0.000339294	-4.46052e-08
167.412	1.26186	0.998997	-0.000156587	-3.83944e-08
169.425	1.27703	0.999147	7.79532e-05	-3.36745e-08
171.437	1.2922	0.999296	0.000312493	-2.89547e-08
173.449	1.30736	0.999403	0.000177603	-2.18023e-08
175.462	1.32253	0.999499	-6.00663e-05	-1.39731e-08
177.474	1.3377	0.999594	-0.000297736	-6.14393e-09
179.486	1.35287	0.99969	-0.000211699	-3.74521e-09
181.499	1.36804	0.999785	2.916e-05	-3.94378e-09
183.511	1.38321	0.999881	0.000270019	-4.14234e-09
185.523	1.39837	0.999944	0.000235262	-3.04409e-09
187.535	1.41354	0.999983	-6.92457e-06	-9.69847e-10
189.548	1.42871	1.00002	-0.000249111	1.10439e-09
191.56	1.44389	1.00004	-0.000265476	1.736e-09
193.572	1.45906	1.00005	-2.17054e-05	7.05781e-10
195.585	1.47423	1.00005	0.000222065	-3.24441e-10
197.597	1.4894	1.00005	0.000290944	-9.85005e-10
199.609	1.50457	1.00005	4.72983e-05	-9.85005e-10
