y	b	
0	0.878906
0.0202429	0.00300411
0.0404858	0.00272055
0.0721314	0.00262515
0.103777	0.00252464
0.155323	0.00284057
0.207955	0.00337332
0.297241	0.0061156
0.375366	0.0102625
0.466275	0.0134134
0.5444	0.0159127
0.616864	0.0175717
0.688292	0.019138
0.767657	0.0196649
0.849624	0.0194804
0.940533	0.0187362
1.05164	0.0190047
1.1945	0.0213338
1.35075	0.0241241
1.48589	0.0270963
1.57517	0.030753
1.6533	0.0321832
1.72473	0.0317053
1.79417	0.0351161
1.86266	0.0345659
1.92933	0.038452
1.98885	0.0366781
2.04768	0.0397729
2.1065	0.0396159
2.16532	0.0402458
2.22943	0.0399196
2.30755	0.0393289
2.38568	0.0415123
2.47042	0.0416438
2.55517	0.042223
2.64776	0.0441218
2.74776	0.0458714
2.8498	0.0475502
2.96344	0.0487392
3.07708	0.0502488
3.19071	0.0529963
3.30435	0.0543005
3.41304	0.0567382
3.52174	0.0588698
3.64369	0.0613567
3.75997	0.0634208
3.87361	0.0655057
4.02066	0.0688018
4.21297	0.0750787
4.46297	0.0798799
4.77547	0.0857479
