y	b	
0	0.945312
0.019685	0.00871732
0.0393701	0.00752779
0.0679415	0.00848679
0.0965129	0.0094769
0.134974	0.00969103
0.174974	0.00959862
0.22002	0.011182
0.267639	0.0124054
0.315258	0.0143856
0.356924	0.0160443
0.395386	0.0190916
0.430597	0.0214051
0.463492	0.0236404
0.496387	0.024572
0.527637	0.0246826
0.55794	0.0252939
0.58919	0.026735
0.622084	0.0273353
0.654979	0.0267222
0.688092	0.0283641
0.720771	0.0274482
0.752823	0.0269093
0.784874	0.0259121
0.819121	0.0243552
0.853367	0.0212798
0.887381	0.0200998
0.923877	0.0206991
0.961756	0.0226873
1.00377	0.0216534
1.04544	0.0231923
1.08711	0.023239
1.13097	0.0226465
1.17444	0.0264386
1.21949	0.026669
1.26536	0.0279908
1.31487	0.0285121
1.36294	0.0292148
1.41245	0.0291237
1.46927	0.0299934
1.52879	0.0277694
1.59208	0.0271633
1.65787	0.0272064
1.72037	0.0300544
1.773	0.0327751
1.82455	0.0319923
1.87505	0.0317469
1.92505	0.0336336
1.97456	0.0342929
2.02664	0.0364429
2.07872	0.0352174
2.12923	0.0346433
2.17825	0.0387302
2.22633	0.0374079
2.27633	0.0368501
2.32633	0.0383175
2.37735	0.0369197
2.43054	0.0370805
2.49633	0.0362766
2.56482	0.0385647
2.63524	0.0400879
2.69774	0.0407973
2.75269	0.0422032
2.80371	0.0438228
2.85273	0.0451824
2.90175	0.0462121
2.94412	0.0469715
2.9851	0.0472253
3.02543	0.0473487
3.06543	0.0477882
3.10608	0.0472206
3.14774	0.0454903
3.1916	0.0480643
3.23546	0.0487832
3.28176	0.0477735
3.33384	0.050341
3.38761	0.049864
3.44195	0.047728
3.5022	0.049527
3.56392	0.0521062
3.63435	0.0507257
3.71631	0.0564246
3.80252	0.0576478
3.90252	0.0633933
4.02447	0.0673661
4.18072	0.0718259
4.40799	0.0774063
4.63527	0.0824601
4.86254	0.0976042
