y	b	
0	0
0.375	0.0269564
0.75	0.0539131
1.125	0.0808539
1.45833	0.105089
1.69833	0.121757
1.82078	0.134847
1.94078	0.142682
2.04793	0.151692
2.13488	0.167065
2.21707	0.169345
2.29602	0.177805
2.37294	0.186422
2.44702	0.189242
2.51761	0.194433
2.58579	0.192765
2.65475	0.197468
2.72975	0.185628
2.81426	0.200975
2.90517	0.206323
3.00041	0.217082
3.08041	0.22421
3.15733	0.226867
3.23328	0.235759
3.30828	0.23774
3.38423	0.244176
3.46215	0.246278
3.5411	0.249378
3.62443	0.2535
3.71015	0.257669
3.80245	0.260242
3.9059	0.25628
4.00935	0.261495
4.11844	0.276617
4.22955	0.288606
4.34955	0.297014
4.48289	0.306989
4.62574	0.324312
4.77959	0.338981
5.00181	0.357568
5.27454	0.378169
5.60787	0.407629
5.94121	0.557118
