y	b	
0	0
0.375	0.0269596
0.75	0.0539259
1.125	0.080882
1.48864	0.107153
1.84158	0.133822
2.04158	0.160318
2.16403	0.168906
2.27723	0.177536
2.38835	0.182935
2.49946	0.175397
2.61266	0.188313
2.74032	0.195841
2.87366	0.207656
2.98686	0.21702
3.09031	0.208968
3.18709	0.230471
3.28084	0.22409
3.37761	0.236614
3.47597	0.245734
3.57433	0.251263
3.6796	0.241316
3.78674	0.247001
3.89995	0.265554
4.02761	0.270903
4.16094	0.288551
4.29427	0.297982
4.43713	0.301796
4.57999	0.302782
4.71952	0.314966
4.95029	0.35443
5.25029	0.376809
5.62529	0.407915
