y	b	
0	0
0.0368098	0.00267046
0.0736196	0.00533704
0.11362	0.00823073
0.181035	0.0130952
0.248451	0.017939
0.3709	0.026767
0.493349	0.0356567
0.700246	0.0511264
0.907142	0.067368
1.12936	0.0869432
1.29153	0.102979
1.44153	0.119287
1.54679	0.12986
1.6391	0.137195
1.70806	0.14162
1.77189	0.14742
1.83572	0.155862
1.9039	0.162341
1.9639	0.167475
2.01845	0.167571
2.06723	0.177649
2.11374	0.180736
2.1592	0.19247
2.20205	0.190796
2.24491	0.189933
2.28716	0.194986
2.32912	0.202501
2.36939	0.19726
2.40993	0.205183
2.4502	0.206118
2.49158	0.214938
2.53325	0.215247
2.57351	0.217763
2.61378	0.219037
2.65352	0.224158
2.6901	0.217237
2.72669	0.22731
2.76097	0.227057
2.79526	0.232647
2.83014	0.22712
2.86695	0.233434
2.9031	0.240951
2.93924	0.239918
2.97583	0.243714
3.01429	0.243459
3.05376	0.238313
3.09198	0.240682
3.1302	0.237162
3.1639	0.235294
3.20027	0.232769
3.2362	0.229205
3.27212	0.230529
3.30805	0.232829
3.34377	0.230961
3.38058	0.229698
3.41879	0.237309
3.45701	0.237188
3.49572	0.239686
3.53369	0.240316
3.57216	0.240256
3.61163	0.241622
3.6511	0.242067
3.69058	0.238876
3.73058	0.237874
3.77196	0.244169
3.81512	0.24725
3.85798	0.242166
3.90485	0.24703
3.95285	0.245469
4.00285	0.235771
4.05047	0.245696
4.09925	0.233988
4.15143	0.252049
4.20406	0.250045
4.25811	0.256369
4.31472	0.25905
4.37354	0.248616
4.43415	0.266431
4.49866	0.271178
4.56608	0.27518
4.64015	0.288101
4.71707	0.29479
4.81707	0.312109
4.93472	0.333075
5.06238	0.351212
5.18238	0.360604
5.31571	0.379329
5.44337	0.391631
5.63692	0.416055
5.82442	0.431253
5.96396	0.525035
