y	b	
0	0
0.0759494	0.00671884
0.139107	0.0124537
0.207289	0.0182326
0.322674	0.0271186
0.438058	0.0349816
0.614529	0.0461078
0.776691	0.05597
0.934586	0.0662629
1.08843	0.077682
1.23843	0.0897969
1.36343	0.100512
1.46343	0.109017
1.54562	0.116928
1.62157	0.12544
1.69565	0.136842
1.76231	0.149488
1.82547	0.16115
1.88488	0.17049
1.9353	0.179146
1.98075	0.184752
2.02271	0.190866
2.06438	0.194981
2.10723	0.197693
2.15009	0.198022
2.19326	0.200492
2.23941	0.202714
2.28419	0.204043
2.32863	0.20449
2.37443	0.203809
2.42059	0.20431
2.47059	0.206737
2.52276	0.210747
2.57276	0.21521
2.62038	0.220535
2.66762	0.226192
2.7111	0.230903
2.7569	0.235812
2.80306	0.240263
2.84622	0.243301
2.88789	0.244794
2.92789	0.24537
2.96586	0.246244
3.00201	0.240482
3.0373	0.237448
3.0726	0.236635
3.10918	0.24555
3.14347	0.244318
3.17699	0.23719
3.21051	0.249997
3.24441	0.248673
3.28012	0.248658
3.31583	0.246904
3.35176	0.245354
3.38857	0.245836
3.42584	0.246381
3.46311	0.246131
3.50037	0.250293
3.53959	0.248077
3.57932	0.250382
3.62042	0.252763
3.66042	0.249192
3.70297	0.249395
3.74553	0.250353
3.78932	0.251946
3.83478	0.254405
3.88165	0.256458
3.92745	0.254707
3.97223	0.252412
4.01571	0.252806
4.05796	0.24528
4.10113	0.251891
4.14557	0.246901
4.19002	0.245915
4.23446	0.245687
4.27671	0.250038
4.31988	0.251518
4.364	0.247459
4.40685	0.252442
4.44971	0.257389
4.49257	0.240624
4.53423	0.254013
4.57561	0.239346
4.61457	0.247753
4.65837	0.239441
4.70348	0.267062
4.75307	0.269483
4.80664	0.280694
4.86546	0.285264
4.92546	0.303211
4.99605	0.306358
5.08696	0.346528
5.18696	0.35436
5.29223	0.365176
5.42859	0.360367
5.56495	0.358319
5.73162	0.408703
5.89829	0.47454
