y	b	
0	0.875
0.0198413	0.00879969
0.0396825	0.00822368
0.0664205	0.00687405
0.0931585	0.00609221
0.126716	0.00535776
0.167038	0.00615265
0.221386	0.00641539
0.274018	0.00796678
0.323037	0.0101549
0.377982	0.0116018
0.431174	0.0115632
0.479251	0.012455
0.52687	0.0141232
0.574489	0.0156757
0.619534	0.0153935
0.66583	0.0161669
0.721386	0.01485
0.782361	0.0154976
0.84409	0.0193057
0.905818	0.022692
0.956838	0.0246694
1.00634	0.0252062
1.05536	0.0258745
1.10253	0.025003
1.15061	0.0262705
1.20111	0.0244938
1.25111	0.028455
1.30266	0.0295753
1.35474	0.0298893
1.40629	0.0305546
1.45892	0.0303352
1.51387	0.0308023
1.56763	0.0314052
1.61971	0.0320091
1.67291	0.0317859
1.72909	0.0335824
1.78228	0.0351481
1.83382	0.0370105
1.88333	0.0380133
1.925	0.0390727
1.96231	0.0413459
1.9999	0.0420619
2.03667	0.0425335
2.07115	0.0403194
2.1054	0.0426228
2.13964	0.0422731
2.17232	0.0427666
2.20397	0.0416317
2.23644	0.0422201
2.26869	0.0423724
2.30116	0.0421678
2.33363	0.0428151
2.36835	0.0432837
2.40485	0.0434315
2.44244	0.0422464
2.48376	0.0395925
2.52801	0.0414127
2.57801	0.0407658
2.62903	0.0405727
2.68856	0.0405311
2.75349	0.0400303
2.82812	0.0411939
2.9174	0.0427184
3.00831	0.0447486
3.10831	0.0467349
3.21035	0.0489038
3.31905	0.0513308
3.43016	0.0536645
3.54127	0.05607
3.66032	0.0589582
3.77937	0.062492
3.893	0.0660112
4.04006	0.0699128
4.23237	0.0744791
4.48237	0.079769
4.79487	0.0859989
