y	b	
0	0.910156
0.0199203	0.00903094
0.0398406	0.00792998
0.0664364	0.00664631
0.0930321	0.00607671
0.126145	0.00591095
0.164023	0.00696688
0.213528	0.00741482
0.263033	0.00911362
0.313033	0.0104758
0.365665	0.0105315
0.417211	0.0115834
0.468232	0.0121984
0.518232	0.0133345
0.565402	0.0140779
0.612131	0.0143688
0.661636	0.0153594
0.714267	0.0156118
0.772407	0.0173578
0.828586	0.0208231
0.88067	0.0230081
0.930175	0.0239303
0.976471	0.0264966
1.02193	0.026827
1.0678	0.0270547
1.11587	0.026875
1.16133	0.0275204
1.21133	0.0273221
1.26235	0.0278689
1.31498	0.027936
1.36653	0.0289498
1.41653	0.0295319
1.46916	0.0313041
1.52534	0.0310179
1.58416	0.0316967
1.64299	0.0324038
1.69675	0.0333847
1.7483	0.0325294
1.79591	0.034638
1.84308	0.0357981
1.88938	0.0372094
1.93443	0.0380955
1.97947	0.0401273
2.02149	0.0392179
2.06055	0.0396528
2.09759	0.041407
2.1333	0.0410907
2.16778	0.0397084
2.20203	0.0412848
2.23651	0.0423806
2.26898	0.0412868
2.30083	0.0409208
2.33267	0.0415482
2.36535	0.0413175
2.39869	0.0421833
2.43545	0.04154
2.47712	0.0426947
2.52022	0.0432241
2.56527	0.0425289
2.61072	0.0416067
2.66123	0.0413271
2.71937	0.0414249
2.77889	0.040991
2.84834	0.0411956
2.93308	0.0423801
3.02567	0.0444662
3.12771	0.0468634
3.2341	0.0491555
3.33826	0.0513416
3.44243	0.0536489
3.55871	0.0562702
3.67776	0.0591869
3.79404	0.0627983
3.91032	0.0663484
4.0955	0.0711843
4.3455	0.0768051
4.5955	0.082045
4.908	0.151209
