y	b	
0	0.925781
0.0196078	0.00783308
0.0392157	0.00788063
0.0647259	0.00808529
0.0902361	0.00866143
0.12402	0.00891461
0.16402	0.0106432
0.208663	0.0143857
0.252141	0.0178151
0.296784	0.0206967
0.337434	0.022036
0.379101	0.0243621
0.422579	0.0249464
0.463902	0.0248982
0.504552	0.0247753
0.541589	0.0259932
0.57705	0.0257362
0.611772	0.0257938
0.646737	0.0251824
0.680751	0.0261796
0.712396	0.0268053
0.745953	0.0270257
0.778848	0.02677
0.811743	0.027074
0.844001	0.028016
0.875848	0.0271107
0.905088	0.0271666
0.93256	0.0278074
0.960033	0.0291365
0.986211	0.0314088
1.01324	0.0328883
1.04026	0.0333393
1.067	0.0333138
1.0936	0.0338538
1.12019	0.0346554
1.1486	0.034043
1.17837	0.0337407
1.21042	0.0347941
1.24247	0.0358925
1.27432	0.0343935
1.30699	0.0335073
1.33786	0.0340614
1.36872	0.0340295
1.39959	0.0330161
1.43045	0.0328913
1.4617	0.0319759
1.49503	0.031791
1.52837	0.0329583
1.56215	0.0343385
1.59594	0.03655
1.63243	0.0365798
1.66893	0.0357026
1.70542	0.0357458
1.74114	0.0346154
1.77818	0.0343189
1.81364	0.0332174
1.84987	0.0326865
1.88804	0.0319757
1.92535	0.0318843
1.96081	0.0315932
1.99678	0.0308164
2.03328	0.0307474
2.07116	0.0313245
2.10792	0.030176
2.14469	0.0311208
2.18286	0.0313289
2.22318	0.0299968
2.26416	0.031691
2.3069	0.0337644
2.35235	0.0350938
2.40043	0.0365937
2.44993	0.0365889
2.49895	0.0372269
2.54703	0.0383329
2.60079	0.0387471
2.65697	0.0386394
2.71379	0.0386397
2.77552	0.0402009
2.84309	0.0389386
2.90888	0.0426207
2.98824	0.044144
3.07157	0.0455741
3.15632	0.0470593
3.23965	0.0479034
3.31428	0.0489723
3.3847	0.0511696
3.44799	0.0529315
3.50682	0.0543867
3.56496	0.054525
3.62178	0.0564808
3.67925	0.0567642
3.73301	0.0580121
3.78736	0.0582255
3.8423	0.0589194
3.90183	0.0600706
3.96356	0.0587535
4.02685	0.0628006
4.09178	0.0648532
4.16123	0.0662629
4.22789	0.0690306
4.292	0.0708823
4.3561	0.0721211
4.41783	0.0730372
4.48033	0.0710172
4.54526	0.0716714
4.61772	0.0752145
4.70106	0.0765487
4.77918	0.076348
4.87178	0.0845998
4.99678	0.148016
