y	b	
0	0.917969
0.0197628	0.00955276
0.0395257	0.00793132
0.0662637	0.00596928
0.0930016	0.0060474
0.127015	0.00720804
0.162986	0.00897099
0.207629	0.0100623
0.253501	0.0102938
0.300671	0.0103553
0.34784	0.0111712
0.39784	0.0128431
0.448346	0.0141317
0.498851	0.0135722
0.546928	0.0133164
0.595004	0.0128428
0.646025	0.0141455
0.700373	0.0172457
0.754136	0.0192575
0.802213	0.0207142
0.848509	0.0224796
0.894381	0.0239227
0.94111	0.0252541
0.986155	0.0264818
1.0312	0.0250747
1.07625	0.0257918
1.12129	0.0265235
1.16891	0.0268817
1.21993	0.0270654
1.27487	0.0276273
1.32982	0.028733
1.38796	0.0288911
1.44478	0.0300278
1.49913	0.0304911
1.55121	0.0317423
1.60275	0.0321632
1.65275	0.0336086
1.70378	0.0335867
1.75378	0.0340941
1.80095	0.0351554
1.84949	0.0359503
1.89851	0.0367746
1.94659	0.0364758
1.99513	0.037853
2.04275	0.0378518
2.087	0.0383015
2.1301	0.0379013
2.16978	0.0392238
2.20854	0.0410327
2.24585	0.0427441
2.28209	0.0430803
2.3173	0.043029
2.35019	0.0430537
2.38398	0.0427838
2.4187	0.0437697
2.45342	0.0431217
2.48863	0.042703
2.52567	0.0425175
2.56384	0.0419243
2.60482	0.04217
2.65112	0.0425694
2.69785	0.04162
2.75219	0.0412899
2.81172	0.041561
2.87269	0.0421448
2.95206	0.0427417
3.03539	0.0443513
3.12311	0.0461929
3.21083	0.0481601
3.315	0.0504732
3.41916	0.0526869
3.52555	0.0551699
3.6475	0.058133
3.76655	0.0616106
3.88018	0.065272
4.02724	0.0693145
4.21955	0.0740319
4.46955	0.0794079
4.78205	0.0857245
