y	b	
0	1
0.3125	0.00561967
0.625	0.0112302
0.9375	0.016859
1.25	0.0224852
1.55303	0.027949
1.84715	0.0333373
2.04715	0.0375523
2.15353	0.0415278
2.24125	0.0426805
2.32458	0.0434969
2.40655	0.044503
2.48852	0.0455667
2.57472	0.0426119
2.66906	0.0476542
2.79102	0.0497653
2.89971	0.0483394
3.00388	0.0517496
3.10804	0.0535718
3.21674	0.0562925
3.33038	0.0583418
3.44666	0.0603723
3.56029	0.062285
3.67657	0.0643756
3.79285	0.0669539
3.9119	0.069678
4.09047	0.0732283
4.34047	0.0778713
4.59047	0.0824345
4.90297	0.146256
