y	b	
0	0
0.285714	0.0205703
0.571429	0.0411579
0.946429	0.0681806
1.32143	0.095255
1.60714	0.115948
1.81404	0.131281
1.94737	0.142366
2.02845	0.156629
2.1074	0.168429
2.17717	0.173546
2.23542	0.177001
2.29424	0.180299
2.35139	0.192071
2.40448	0.193811
2.45712	0.181508
2.51117	0.194107
2.56334	0.201079
2.61839	0.201544
2.67344	0.207238
2.72653	0.205278
2.78594	0.208325
2.84476	0.21104
2.90662	0.211966
2.96722	0.218829
3.02663	0.210918
3.08786	0.221973
3.14908	0.214422
3.2103	0.236751
3.27153	0.239549
3.33213	0.243969
3.39399	0.243572
3.46066	0.245153
3.52587	0.247487
3.59254	0.248691
3.66151	0.247453
3.74151	0.250234
3.82259	0.25405
3.90478	0.265488
3.99569	0.253527
4.09246	0.258299
4.18201	0.281838
4.28916	0.2887
4.40454	0.279072
4.52699	0.271201
4.65199	0.324556
4.80584	0.339793
4.99939	0.356746
5.26026	0.376711
5.49102	0.395805
5.72179	0.418229
5.89826	0.461661
