y	b	
0	0.949219
0.0201613	0.00964168
0.0403226	0.00912461
0.0673496	0.0103507
0.0943766	0.0115302
0.130091	0.0123641
0.169773	0.0126321
0.212877	0.0132527
0.257922	0.0134978
0.301782	0.0148365
0.345641	0.0163952
0.386625	0.0184895
0.426947	0.0217411
0.463444	0.023673
0.496777	0.0242483
0.530334	0.0253644
0.560637	0.0248322
0.590223	0.0256342
0.620163	0.0255154
0.650103	0.0244447
0.680591	0.0246388
0.711455	0.0251677
0.743923	0.0245442
0.780155	0.025091
0.816387	0.0235293
0.851848	0.0245601
0.888344	0.0245836
0.927406	0.0246835
0.966166	0.0246856
1.00617	0.0248639
1.04749	0.0249471
1.08508	0.0267982
1.1224	0.0292171
1.16146	0.0289622
1.19992	0.0303969
1.23723	0.0287062
1.27483	0.0296174
1.31359	0.0279725
1.35525	0.0270012
1.39727	0.0263979
1.43727	0.0267115
1.47964	0.0261485
1.5235	0.0279283
1.56937	0.0281702
1.61745	0.0282561
1.66209	0.0306153
1.70797	0.0305829
1.75261	0.0319467
1.79806	0.0308361
1.84479	0.0324745
1.89152	0.0340534
1.93698	0.0342834
1.98505	0.0342352
2.03456	0.0353625
2.08775	0.0348815
2.14038	0.0354798
2.1894	0.0350531
2.23794	0.0368076
2.28649	0.0365082
2.33912	0.036984
2.3912	0.0378811
2.44222	0.0381432
2.4984	0.0371708
2.55793	0.0384601
2.62549	0.0392845
2.69494	0.0406885
2.76438	0.0398034
2.83383	0.0426598
2.8948	0.0429864
2.95098	0.0454434
3.00361	0.0435029
3.05412	0.0470729
3.10174	0.0463666
3.15028	0.0471291
3.19745	0.04781
3.24647	0.0454765
3.29111	0.0477533
3.33657	0.0495888
3.38121	0.0500151
3.42751	0.0515962
3.4738	0.0511433
3.52235	0.0536389
3.57043	0.0537781
3.6185	0.0541097
3.66901	0.0543168
3.72164	0.0563353
3.77978	0.0578636
3.84151	0.0591657
3.91963	0.0614471
4.03868	0.0655369
4.16368	0.07002
4.33609	0.0750814
4.5284	0.0799034
4.71359	0.0833295
4.85644	0.090207
