y	b	
0	0.863281
0.0200803	0.00293231
0.0401606	0.0027439
0.0722119	0.00286542
0.104263	0.00302056
0.15234	0.00484447
0.20234	0.00732592
0.269908	0.00902065
0.331636	0.0122054
0.407394	0.0135165
0.479857	0.0148729
0.551286	0.0162749
0.622715	0.0164727
0.696244	0.0167791
0.790584	0.016244
0.915584	0.0164535
1.07183	0.0188921
1.21469	0.0217133
1.35358	0.0244831
1.46722	0.0282062
1.54534	0.0305254
1.61576	0.0320877
1.6807	0.0342545
1.73884	0.0359282
1.79566	0.0360511
1.85184	0.0378429
1.90678	0.0375003
1.95997	0.0369391
2.01553	0.0384491
2.07235	0.0392142
2.12982	0.038833
2.18796	0.0365544
2.24678	0.0404457
2.31257	0.040276
2.3872	0.0373093
2.47053	0.0385621
2.56144	0.0414905
2.66782	0.0433152
2.7841	0.0457205
2.89774	0.0479044
3.00885	0.0494507
3.11523	0.0514302
3.22393	0.050897
3.33262	0.0550392
3.44132	0.0570237
3.55496	0.0589995
3.674	0.0588941
3.78764	0.0619839
3.90128	0.0681275
4.04833	0.0691129
4.24064	0.075553
4.49064	0.0803822
4.80314	0.0808588
