y	b	
0	0.957031
0.0196078	0.0103102
0.0392157	0.0100255
0.0666882	0.0105014
0.0941607	0.011249
0.133531	0.0119087
0.176266	0.0128372
0.221311	0.0137443
0.264414	0.0154432
0.305398	0.0174091
0.347065	0.0198369
0.388387	0.0195791
0.428387	0.0192839
0.465152	0.0183515
0.500363	0.0188862
0.534147	0.0207773
0.566614	0.0224176
0.597864	0.024031
0.628352	0.0260285
0.659027	0.0273689
0.689702	0.0259827
0.720377	0.0282149
0.752224	0.0278986
0.782899	0.0282543
0.815578	0.0280314
0.848258	0.0274947
0.881815	0.0272837
0.91678	0.0260533
0.951991	0.025969
0.988488	0.0254575
1.02786	0.0264192
1.06574	0.0279111
1.10305	0.0273001
1.14151	0.0276633
1.17883	0.0296729
1.21429	0.030466
1.24901	0.030536
1.28373	0.0305588
1.3187	0.0304632
1.35573	0.0291059
1.39449	0.0300083
1.43181	0.0271817
1.46968	0.0275267
1.50672	0.0293333
1.54403	0.0298036
1.58053	0.0291369
1.61813	0.0298927
1.656	0.0298117
1.69388	0.0296999
1.73325	0.0306893
1.77424	0.0298458
1.81734	0.0319498
1.86159	0.0325152
1.90507	0.0339838
1.95052	0.0329752
1.99557	0.0330476
2.03981	0.0340911
2.08255	0.0342771
2.12759	0.0348741
2.1781	0.0345325
2.22912	0.0360919
2.27766	0.0337231
2.32439	0.0378162
2.37201	0.0386513
2.42464	0.0368031
2.48146	0.0385265
2.5417	0.037153
2.60837	0.0381076
2.6819	0.0395555
2.76002	0.0404398
2.83578	0.0417904
2.91041	0.0438142
2.97797	0.0414521
3.0375	0.046345
3.09432	0.0472952
3.14926	0.0478502
3.19926	0.0484554
3.24977	0.049704
3.30079	0.049903
3.35029	0.0500801
3.40292	0.0503453
3.45292	0.0471116
3.50447	0.0500464
3.55397	0.0525558
3.60205	0.0539127
3.65107	0.0548485
3.69962	0.0558492
3.74769	0.0578494
3.79577	0.0586609
3.84577	0.0609631
3.90012	0.0617766
3.95826	0.0625215
4.03179	0.0636391
4.12107	0.0660503
4.24302	0.070532
4.42159	0.0765513
4.57784	0.0807007
4.73409	0.0831401
4.86923	0.090531
