y	b	
0	0.914062
0.0198413	0.00830358
0.0396825	0.00721339
0.0696227	0.00618146
0.0995628	0.00747759
0.135534	0.00843864
0.170745	0.00845279
0.210428	0.00865939
0.25075	0.00924502
0.292767	0.0106406
0.335502	0.0121141
0.378237	0.0155034
0.41856	0.0178796
0.45732	0.0209826
0.492285	0.0217094
0.525397	0.0236383
0.557655	0.0241215
0.589301	0.0256774
0.621148	0.0249112
0.652995	0.0246611
0.685046	0.0239086
0.717726	0.0237951
0.752209	0.0232268
0.787174	0.0245143
0.822888	0.0243726
0.860482	0.0235819
0.901804	0.0231398
0.945283	0.0219583
0.992453	0.0208148
1.04454	0.0218618
1.10268	0.0235117
1.15886	0.0247601
1.21149	0.0255676
1.26199	0.0266519
1.31354	0.0270189
1.36508	0.0279632
1.41459	0.0281032
1.46267	0.0296559
1.51121	0.0295737
1.56023	0.0315063
1.61023	0.0321765
1.66073	0.029386
1.70835	0.0309036
1.75886	0.0290316
1.8191	0.0285428
1.88008	0.0318673
1.94032	0.032137
2.00129	0.0344473
2.06708	0.0356839
2.12881	0.0370555
2.18375	0.0389596
2.2387	0.0377214
2.29552	0.0378305
2.3517	0.0373446
2.40433	0.0377756
2.45696	0.0399889
2.50696	0.0409718
2.54828	0.0415318
2.58704	0.0431631
2.62464	0.0411242
2.66281	0.0434704
2.70218	0.0439554
2.74124	0.0445196
2.7797	0.0444485
2.81846	0.0454567
2.85752	0.0455218
2.89784	0.0460406
2.94058	0.0452443
2.98368	0.0465787
3.03085	0.0464718
3.08036	0.0469143
3.13036	0.046897
3.1885	0.0473704
3.24874	0.0460747
3.31631	0.0474639
3.38673	0.0464241
3.4687	0.0515766
3.56485	0.0540558
3.66485	0.0569365
3.76902	0.0593204
3.88529	0.0595789
4.03681	0.0686742
4.23681	0.0738649
4.48681	0.0795112
4.78093	0.0856332
