y	b	
0	0
0.272727	0.0202187
0.545455	0.0403198
0.845455	0.0614851
1.10632	0.0796535
1.36719	0.0972747
1.51719	0.109659
1.69366	0.127573
1.81866	0.142939
1.93187	0.158211
2.02278	0.168184
2.09685	0.1712
2.16744	0.173891
2.22994	0.179796
2.29446	0.182712
2.35898	0.184295
2.42956	0.189336
2.49272	0.19593
2.54272	0.20212
2.58684	0.20839
2.62684	0.213985
2.66851	0.216393
2.71017	0.221173
2.74965	0.223407
2.78861	0.225694
2.82888	0.224747
2.86784	0.22681
2.90605	0.227293
2.94427	0.225952
2.98177	0.234797
3.02177	0.234166
3.06231	0.236
3.10231	0.237999
3.14029	0.23195
3.17826	0.23412
3.21419	0.237066
3.25077	0.23642
3.28467	0.242507
3.31676	0.2482
3.34884	0.245352
3.38009	0.248109
3.41009	0.247021
3.44009	0.25473
3.47151	0.238224
3.50309	0.244573
3.53466	0.24531
3.56559	0.239612
3.59701	0.251357
3.62842	0.2444
3.66068	0.237619
3.69364	0.243951
3.72661	0.240243
3.7617	0.243459
3.79897	0.22678
3.83718	0.240623
3.8754	0.238408
3.91765	0.241681
3.96177	0.237223
4.01055	0.242632
4.06014	0.235316
4.11621	0.244401
4.1739	0.243926
4.23842	0.252094
4.30901	0.261321
4.3796	0.276472
4.4596	0.265773
4.54655	0.298115
4.64333	0.309694
4.76098	0.323877
4.90383	0.3409
5.11812	0.363533
5.34034	0.383037
5.52216	0.399787
5.72216	0.423471
5.85852	0.454732
5.97852	0.529291
