y	b	
0	0.828125
0.0201613	0.00282069
0.0403226	0.0025961
0.0730023	0.00240251
0.105682	0.00253176
0.158874	0.00279871
0.251466	0.00341619
0.344059	0.00610854
0.482948	0.0118908
0.584988	0.0161934
0.672708	0.0179015
0.757453	0.0199694
0.839421	0.020636
0.918786	0.0207217
1.00075	0.0220241
1.09004	0.0210861
1.19421	0.0219633
1.34572	0.0240781
1.48086	0.0265164
1.59449	0.0288411
1.69065	0.0324589
1.77261	0.0339363
1.85595	0.0340519
1.94069	0.0345445
2.01422	0.0370482
2.08179	0.0384103
2.14429	0.038993
2.21008	0.0394034
2.27675	0.0391099
2.34817	0.0376588
2.43014	0.0396915
2.51635	0.0434465
2.60407	0.0445924
2.69498	0.0459638
2.79302	0.047081
2.89302	0.0483246
3.00171	0.0501573
3.11535	0.0516209
3.22173	0.0532373
3.33537	0.0550853
3.449	0.0577563
3.56805	0.0600085
3.6871	0.0625104
3.80615	0.0659525
3.92519	0.0690009
4.11038	0.0730597
4.36038	0.0779486
4.61038	0.0826844
4.92288	0.166154
