y	b	
0	0.957031
0.0198413	0.0096547
0.0396825	0.00976404
0.0676155	0.0104665
0.0955485	0.0112452
0.136199	0.0126819
0.180842	0.0135245
0.226296	0.0153038
0.270939	0.0179258
0.313674	0.0198286
0.352737	0.0201684
0.391198	0.0199812
0.42966	0.0196742
0.468121	0.0209452
0.507491	0.0222434
0.546251	0.0229671
0.580035	0.0242299
0.613368	0.0247048
0.646048	0.0264305
0.678728	0.027066
0.711622	0.0264053
0.742872	0.0259918
0.772112	0.0267938
0.801352	0.0270161
0.832027	0.0269967
0.862891	0.0269315
0.894338	0.0267862
0.925784	0.0277419
0.957231	0.0291293
0.989489	0.0292583
1.02327	0.0282344
1.05873	0.0282481
1.09275	0.0295603
1.12676	0.0312717
1.16173	0.0313699
1.19904	0.0320758
1.23635	0.032379
1.27207	0.0327737
1.3054	0.0318289
1.33918	0.0324866
1.37297	0.0328951
1.4063	0.0331883
1.44055	0.0327913
1.47479	0.0316421
1.50685	0.0312556
1.5389	0.0314755
1.57362	0.031224
1.60933	0.0312454
1.64637	0.0320873
1.68543	0.0313507
1.72089	0.0331527
1.75739	0.0333025
1.79389	0.03435
1.8296	0.033168
1.86532	0.033542
1.90181	0.0321764
1.94027	0.0327222
1.9806	0.0315405
2.0237	0.0320975
2.06795	0.0327654
2.11219	0.0337272
2.16074	0.0348102
2.20703	0.0347825
2.2542	0.0355512
2.30275	0.0362452
2.35325	0.0352969
2.40325	0.0376201
2.45588	0.0357658
2.51541	0.0385659
2.57096	0.0382229
2.63426	0.0394991
2.70275	0.0407758
2.77967	0.0399175
2.86164	0.0412519
2.94228	0.0435362
3.01371	0.0452292
3.07865	0.0467056
3.14194	0.046524
3.20076	0.0471228
3.25959	0.0493943
3.31335	0.0506425
3.36385	0.0479543
3.41487	0.0504983
3.47043	0.0521516
3.52538	0.0522304
3.57914	0.0493898
3.63177	0.0524383
3.68553	0.0541196
3.73455	0.0554812
3.78128	0.057218
3.82936	0.0582698
3.88199	0.0603573
3.93575	0.0624799
3.99257	0.0629021
4.0521	0.0583436
4.11382	0.0657997
4.19579	0.0646192
4.29783	0.0700984
4.42941	0.0751958
4.57647	0.0775774
4.73272	0.0828671
4.85772	0.0827683
