y	b	
0	0.871094
0.0217391	0.00277169
0.0434783	0.00275096
0.0751238	0.00234957
0.106769	0.00246807
0.156769	0.00262462
0.246055	0.00272317
0.335341	0.00542181
0.502007	0.00902924
0.668674	0.0113692
0.895947	0.0157415
1.08825	0.0241005
1.19695	0.0253387
1.28028	0.0255748
1.35841	0.0290073
1.43417	0.0261018
1.51109	0.0257596
1.59306	0.0284361
1.6874	0.0274671
1.78355	0.0305334
1.8797	0.0340314
1.98174	0.0347352
2.08591	0.0368383
2.19461	0.0390878
2.28233	0.0391791
2.36045	0.0397353
2.4411	0.0435043
2.53544	0.0430497
2.62803	0.0434762
2.72418	0.0463014
2.82222	0.0490723
2.93092	0.0507609
3.03296	0.0525711
3.135	0.0488388
3.235	0.0551436
3.33704	0.0562275
3.44815	0.058966
3.55926	0.0609203
3.67831	0.0632812
3.79736	0.0662853
3.91364	0.0691628
4.09882	0.0730887
4.34882	0.0778758
4.59882	0.0825283
4.91132	0.154605
