y	b	
0	0.882812
0.0199203	0.0107724
0.0398406	0.0106375
0.0680892	0.00931334
0.0963378	0.0073023
0.132309	0.00583449
0.175787	0.00576789
0.233259	0.00589834
0.292082	0.00707151
0.350222	0.0080519
0.413513	0.0107472
0.474488	0.0131062
0.526572	0.0156934
0.578118	0.0172833
0.629664	0.0149611
0.68461	0.0167858
0.741428	0.0175646
0.800251	0.0175028
0.859775	0.0175538
0.923878	0.0169642
0.9943	0.0188847
1.06472	0.0195383
1.13515	0.022397
1.20557	0.0216145
1.27314	0.0250534
1.33486	0.0280366
1.39104	0.0305005
1.44368	0.0325999
1.49269	0.03329
1.53857	0.0334734
1.58402	0.0339262
1.62907	0.0359594
1.67494	0.0355001
1.72081	0.0380313
1.76283	0.0390541
1.80449	0.0384493
1.84355	0.040493
1.88115	0.0394372
1.91471	0.0396506
1.94919	0.0400344
1.98367	0.0388493
2.01939	0.0386516
2.05363	0.0405101
2.0896	0.0390696
2.1272	0.0399009
2.16596	0.0397412
2.20661	0.0374882
2.24693	0.0394141
2.28693	0.0372203
2.32693	0.0389635
2.36895	0.0357447
2.41359	0.0377487
2.45863	0.0361507
2.50718	0.0399547
2.5667	0.0397158
2.62694	0.0400732
2.69023	0.0410343
2.76166	0.0419203
2.83979	0.0427898
2.93594	0.0446804
3.03028	0.0464735
3.13028	0.0483647
3.24392	0.0506047
3.36297	0.0532393
3.47924	0.0555043
3.59552	0.0581068
3.72052	0.0612163
3.83416	0.0648311
3.9693	0.0685689
4.15448	0.073033
4.40448	0.0782845
4.71698	0.0845142
