y	b	
0	0.917969
0.0200803	0.010721
0.0401606	0.0101926
0.0684092	0.00877284
0.0966578	0.00730667
0.132372	0.00577539
0.174389	0.00575015
0.233913	0.00603242
0.293437	0.00673623
0.356728	0.00806328
0.414867	0.0098349
0.469812	0.0136667
0.520317	0.0155623
0.568861	0.0155313
0.618366	0.015282
0.668366	0.0157135
0.726505	0.0166953
0.787481	0.0175474
0.842426	0.017961
0.899244	0.0186997
0.960973	0.019217
1.02195	0.0188525
1.08368	0.021301
1.14392	0.0243948
1.20139	0.0267733
1.25515	0.0282057
1.3101	0.0290617
1.36273	0.031543
1.41536	0.0318639
1.46253	0.0329464
1.5097	0.0326333
1.55778	0.0318919
1.60728	0.0328792
1.65679	0.0344146
1.70679	0.0353331
1.75998	0.03688
1.80384	0.0376283
1.84482	0.0409943
1.88186	0.0394125
1.91611	0.0397913
1.95059	0.0407617
1.98507	0.0421986
2.02053	0.0401118
2.05525	0.0386739
2.08974	0.0402926
2.12422	0.0400906
2.15968	0.039532
2.19645	0.040981
2.23461	0.039527
2.27307	0.0408118
2.31124	0.040672
2.3497	0.0407154
2.38877	0.0407387
2.43043	0.0386738
2.47716	0.0400973
2.52571	0.0402195
2.58126	0.0394286
2.64705	0.0395563
2.71747	0.0405755
2.7944	0.0418416
2.87636	0.0428639
2.96896	0.044623
3.071	0.0467855
3.17516	0.0492491
3.2888	0.051304
3.40244	0.053644
3.52148	0.0562741
3.63776	0.0588846
3.75971	0.0622651
3.87335	0.0658276
4.02041	0.0697186
4.21272	0.0742424
4.46272	0.07945
4.77522	0.0856364
