y	b	
0	0.78125
0.0205761	0.00247147
0.0411523	0.0024192
0.0727978	0.00230771
0.104443	0.00253616
0.153948	0.00227226
0.203453	0.00246447
0.292739	0.00366706
0.382025	0.00635707
0.548691	0.0100186
0.709982	0.0131076
0.861497	0.0198817
0.952406	0.0222859
1.03715	0.023279
1.11652	0.0258665
1.19464	0.0260971
1.27401	0.0254784
1.35337	0.0242843
1.45141	0.0251371
1.57336	0.0287687
1.68206	0.0313198
1.77821	0.0310077
1.87625	0.0327221
1.9953	0.0373448
2.07342	0.0396236
2.14099	0.0372584
2.20766	0.0407712
2.27523	0.0408625
2.34985	0.0400031
2.44244	0.0417174
2.54661	0.0443528
2.64661	0.0462779
2.74277	0.0480864
2.83711	0.0478643
2.9297	0.0471741
3.02229	0.0514599
3.11488	0.0522841
3.21104	0.0541679
3.32215	0.0510998
3.43578	0.0574719
3.54942	0.0603224
3.66306	0.0547623
3.7821	0.0656133
3.89574	0.0685652
4.0428	0.0718117
4.23511	0.0756795
4.48511	0.0803872
4.79761	0.0861782
