y	b	
0	0.929688
0.0201613	0.00875931
0.0403226	0.00881677
0.0673496	0.00998068
0.0943766	0.0103505
0.132255	0.0104895
0.17499	0.0120245
0.224495	0.0146927
0.274	0.0188272
0.314651	0.0193686
0.35253	0.0198713
0.395265	0.0206116
0.437281	0.0216244
0.476964	0.023442
0.512425	0.0240072
0.546672	0.0246231
0.580918	0.0256351
0.615165	0.0245468
0.647844	0.0258101
0.6789	0.026348
0.709575	0.0270267
0.739337	0.0260201
0.769099	0.0247462
0.798511	0.0245037
0.828097	0.0238351
0.858771	0.0243932
0.889446	0.0237551
0.920696	0.0245647
0.951946	0.0253685
0.983196	0.0263518
1.01425	0.0276515
1.04531	0.0284168
1.07675	0.0287585
1.10901	0.0302105
1.1428	0.0330196
1.17826	0.0342931
1.21227	0.0359371
1.24605	0.0358269
1.27984	0.0340713
1.31089	0.0327647
1.34195	0.0332503
1.3732	0.0323373
1.40525	0.0329107
1.4373	0.0326912
1.47086	0.0329211
1.50251	0.0321166
1.53497	0.0312021
1.56723	0.0317592
1.60079	0.0300652
1.63435	0.0323472
1.66724	0.031615
1.69971	0.0315072
1.73197	0.0311288
1.7653	0.0312202
1.79908	0.0322707
1.8331	0.0300947
1.86711	0.0316583
1.90159	0.0301631
1.93756	0.0290708
1.97328	0.0291697
2.01059	0.029924
2.05158	0.0301603
2.09324	0.0310294
2.1371	0.03277
2.18256	0.0317328
2.22929	0.0318049
2.28363	0.0352027
2.33798	0.0353611
2.39174	0.0365563
2.44988	0.0361418
2.50802	0.0386386
2.56179	0.0379019
2.62061	0.0391677
2.67437	0.0403862
2.73535	0.0406598
2.81347	0.0407659
2.89412	0.042944
2.97887	0.0443622
3.05823	0.045651
3.12865	0.046723
3.19276	0.0476954
3.25448	0.0495127
3.31331	0.050204
3.36707	0.0515686
3.42026	0.0524362
3.47128	0.0531999
3.52337	0.0534316
3.57955	0.0541684
3.63769	0.0550442
3.69582	0.0554513
3.75138	0.0559973
3.80514	0.0565416
3.85891	0.0597064
3.91705	0.0612859
3.97386	0.0640005
4.02881	0.0649698
4.08499	0.0668191
4.14672	0.0667633
4.20845	0.0685676
4.27174	0.0680264
4.34636	0.0702015
4.43896	0.0699337
4.54765	0.0766948
4.69471	0.0762242
4.81971	0.0799873
4.94471	0.116196
