y	b	
0	0
0.333333	0.024161
0.666667	0.0484177
1.04167	0.0758708
1.41667	0.103588
1.73246	0.124382
1.90388	0.141321
2.00388	0.149554
2.08839	0.158839
2.16734	0.164779
2.23963	0.170646
2.3094	0.181262
2.38347	0.177951
2.4494	0.189701
2.51001	0.194429
2.57123	0.203115
2.63064	0.209495
2.68327	0.213408
2.73205	0.217483
2.7793	0.221074
2.82475	0.227552
2.8692	0.225144
2.91299	0.22493
2.95777	0.229812
3.00288	0.23265
3.04833	0.23447
3.09414	0.23366
3.13959	0.231587
3.18505	0.232688
3.23423	0.233835
3.28686	0.234289
3.33858	0.230092
3.38986	0.217505
3.44441	0.236488
3.49996	0.229335
3.55657	0.243196
3.61482	0.243044
3.67482	0.246745
3.73423	0.244754
3.79806	0.258724
3.86257	0.245282
3.93316	0.248573
4.00911	0.259184
4.09019	0.271597
4.1811	0.275631
4.2828	0.264826
4.39189	0.28295
4.50953	0.304155
4.62718	0.308417
4.75761	0.311848
4.93409	0.327651
5.18409	0.347711
5.44496	0.391573
5.64496	0.403828
5.78449	0.415101
5.92402	0.452418
