y	b	
0	0.882812
0.0200803	0.0102326
0.0401606	0.00983536
0.0679384	0.00853224
0.0957162	0.00735329
0.131177	0.00576463
0.174655	0.00580561
0.235631	0.00621418
0.294455	0.00694092
0.353978	0.00812043
0.414954	0.00992027
0.469302	0.0129231
0.516921	0.0150051
0.562792	0.0153556
0.609962	0.0153946
0.658982	0.0154765
0.711613	0.0164427
0.771137	0.0173018
0.829961	0.0176655
0.886779	0.0190527
0.943597	0.0199164
1.00042	0.0201459
1.05924	0.0221786
1.11479	0.0255447
1.17161	0.0258984
1.22656	0.0275439
1.27975	0.0286082
1.33351	0.0302089
1.38402	0.0309685
1.43452	0.0317751
1.48214	0.0323544
1.53022	0.032401
1.58124	0.0327426
1.63332	0.0323158
1.68767	0.0324782
1.74449	0.0347142
1.79884	0.0376917
1.84157	0.0396798
1.87974	0.0393473
1.9152	0.0407849
1.95041	0.0420663
1.98562	0.0429182
2.02239	0.0401342
2.05836	0.0410533
2.09284	0.0401217
2.12531	0.0416994
2.15887	0.0406803
2.19383	0.0402663
2.23006	0.0410866
2.26683	0.0410697
2.30529	0.041419
2.34317	0.0386032
2.38105	0.0413111
2.42011	0.0384514
2.45948	0.0385165
2.50334	0.0410571
2.55284	0.0397625
2.60604	0.0390266
2.66628	0.0396215
2.73981	0.0406129
2.82045	0.041765
2.91479	0.0431931
3.01896	0.0456785
3.12765	0.0479407
3.24129	0.0501988
3.35493	0.0525951
3.47397	0.0550992
3.59025	0.0576611
3.7122	0.060719
3.82584	0.0643429
3.94489	0.0677546
4.13007	0.0723395
4.38007	0.0777065
4.69257	0.0840154
