y	b	
0	0
0.176471	0.01203
0.352941	0.0259389
0.602941	0.0380378
0.902941	0.0653091
1.16381	0.0767309
1.33524	0.0871967
1.4974	0.100834
1.65956	0.12175
1.79	0.13458
1.89526	0.140707
1.98222	0.15125
2.06117	0.158915
2.13013	0.17876
2.1991	0.187908
2.27053	0.194492
2.33719	0.200517
2.40313	0.19372
2.45191	0.194308
2.49602	0.209168
2.5374	0.206709
2.57996	0.212627
2.62162	0.213332
2.66329	0.222408
2.70554	0.219851
2.74608	0.214316
2.78864	0.223324
2.83149	0.21245
2.87561	0.220836
2.91941	0.221691
2.96556	0.224906
3.01515	0.227967
3.06239	0.218418
3.10819	0.22357
3.15297	0.222499
3.19984	0.221048
3.24496	0.224266
3.28751	0.229912
3.32861	0.228716
3.36587	0.235086
3.40314	0.243926
3.43995	0.246278
3.47866	0.250662
3.51664	0.242578
3.55322	0.237529
3.58981	0.237984
3.62662	0.237987
3.66435	0.232259
3.70139	0.240987
3.73843	0.244158
3.78009	0.246232
3.82421	0.246659
3.87108	0.242281
3.92108	0.254823
3.97193	0.256665
4.02648	0.256007
4.08308	0.261246
4.14022	0.25907
4.19963	0.24556
4.25904	0.267015
4.32219	0.269098
4.38671	0.27523
4.45123	0.281496
4.51644	0.291739
4.58961	0.301274
4.65858	0.311778
4.74077	0.324042
4.85188	0.338167
4.97688	0.352476
5.13073	0.367347
5.31255	0.381392
5.47044	0.394784
5.66399	0.414813
5.79732	0.437763
5.93066	0.487453
