y	b	
0	0.914062
0.0203252	0.010694
0.0406504	0.0107287
0.0698902	0.00852879
0.0991299	0.00798881
0.13789	0.00754582
0.181749	0.00774919
0.233833	0.00872916
0.285916	0.00992098
0.333993	0.0108993
0.387756	0.0124136
0.440388	0.0143259
0.492471	0.0150959
0.546819	0.0151058
0.600582	0.0146551
0.654346	0.013131
0.714587	0.0135205
0.788116	0.0143753
0.874323	0.0144317
0.974323	0.0166029
1.07636	0.0205588
1.16257	0.0235832
1.2361	0.0253345
1.31073	0.0265166
1.37922	0.0277483
1.44416	0.0305863
1.50229	0.0337952
1.55332	0.0361716
1.60093	0.0376979
1.64558	0.0390786
1.6859	0.0379894
1.72496	0.0382612
1.76284	0.0387893
1.8016	0.0395921
1.84066	0.0401161
1.87612	0.0386246
1.91372	0.0392968
1.95131	0.0389435
1.98919	0.0408848
2.02765	0.0410264
2.06553	0.0402846
2.10399	0.0404181
2.14245	0.0396164
2.18152	0.0384839
2.22389	0.0382016
2.27106	0.0368288
2.32425	0.0365503
2.3792	0.0360347
2.44017	0.0346887
2.51264	0.0377954
2.59738	0.0398709
2.68071	0.0416198
2.76405	0.0438927
2.84217	0.0451571
2.92692	0.0451649
3.0162	0.0469261
3.12259	0.0491165
3.2337	0.0511627
3.34998	0.0534067
3.46903	0.0559213
3.59403	0.0585547
3.71598	0.0615112
3.82961	0.0650515
3.96119	0.0686534
4.14638	0.0730523
4.39638	0.0782255
4.70888	0.0843908
