y	b	
0	0.894531
0.0198413	0.0114546
0.0396825	0.0103452
0.0685843	0.00809239
0.097486	0.0084107
0.135654	0.0094832
0.176638	0.0101976
0.226143	0.0103633
0.274219	0.0111323
0.320091	0.0120856
0.373282	0.0137659
0.424829	0.0143214
0.475334	0.0139772
0.529682	0.0118475
0.5865	0.0115075
0.650602	0.0121397
0.72636	0.0106035
0.812567	0.0132013
0.928846	0.0155834
1.05705	0.0185056
1.16816	0.0229933
1.2515	0.0249479
1.32094	0.0271149
1.39237	0.0289584
1.45334	0.0316082
1.50598	0.0321797
1.55405	0.0362508
1.59951	0.0378492
1.64415	0.036817
1.6884	0.03742
1.73344	0.0366779
1.77618	0.0385566
1.8165	0.0384686
1.86075	0.0384695
1.90423	0.039419
1.94624	0.040179
1.98531	0.0407643
2.02437	0.0401647
2.06283	0.0401637
2.10189	0.0393405
2.14095	0.0391369
2.18002	0.0391067
2.22203	0.038041
2.27011	0.0384683
2.3233	0.0355834
2.38077	0.0366309
2.45324	0.0363879
2.529	0.0388857
2.62333	0.0408775
2.71262	0.0425624
2.79737	0.0438452
2.88211	0.0453066
2.97302	0.046177
3.07302	0.048604
3.18666	0.0499804
3.29535	0.0527607
3.40646	0.0546154
3.5201	0.0566499
3.63638	0.0597359
3.75543	0.0628934
3.86906	0.0663521
4.01612	0.0701127
4.20843	0.07447
4.45843	0.0795286
4.77093	0.085597
