y	b	
0	1
0.3125	0.00562323
0.625	0.010891
0.9375	0.0158505
1.22321	0.0220627
1.48637	0.026365
1.64262	0.0296358
1.73521	0.0346801
1.82142	0.0341275
1.90339	0.0369133
1.98536	0.0379554
2.06732	0.0385133
2.15066	0.0390514
2.24681	0.0413338
2.34296	0.0425645
2.44296	0.0441021
2.54501	0.0425363
2.6537	0.0454445
2.7624	0.0483826
2.8874	0.0482467
3.00368	0.0504492
3.11237	0.0524696
3.21654	0.0549761
3.3207	0.0575218
3.4294	0.059536
3.54304	0.0611707
3.65667	0.063323
3.77572	0.0657001
3.88936	0.0689963
4.03642	0.0720662
4.22872	0.07577
4.47872	0.0803689
4.79122	0.0860785
