y	b	
0	0.960938
0.0201613	0.008461
0.0403226	0.00919481
0.0672043	0.00893029
0.094086	0.0103977
0.13168	0.0100863
0.173347	0.0120877
0.223347	0.0146454
0.272366	0.0189208
0.319985	0.0191914
0.357022	0.0200927
0.397022	0.0208916
0.436392	0.0234163
0.474854	0.0233475
0.513022	0.0245488
0.549254	0.0244094
0.584219	0.0237769
0.619184	0.0254953
0.652079	0.0250865
0.683329	0.0252235
0.71274	0.0264115
0.74198	0.0270347
0.77122	0.026611
0.800806	0.024401
0.829377	0.025011
0.860052	0.0244195
0.891108	0.0252975
0.922164	0.0244667
0.953414	0.0241298
0.986094	0.0265862
1.01814	0.0260026
1.0504	0.0276036
1.08266	0.0292307
1.11577	0.0307101
1.14889	0.0335772
1.18385	0.0344171
1.22008	0.0357311
1.25255	0.0359656
1.28304	0.034662
1.31353	0.0331403
1.3442	0.0326241
1.37469	0.0326991
1.40594	0.0331463
1.43719	0.0322587
1.46945	0.0328721
1.50191	0.0336162
1.53459	0.0324188
1.56815	0.0332653
1.60263	0.0327447
1.63642	0.0293485
1.6702	0.0316765
1.70353	0.031305
1.736	0.0319387
1.76911	0.0275419
1.80245	0.0327413
1.83578	0.0301417
1.86911	0.0319669
1.90245	0.0310499
1.93693	0.0304407
1.97141	0.0303985
2.00663	0.0290597
2.046	0.0302147
2.08568	0.0320667
2.12841	0.031993
2.17189	0.0326062
2.21653	0.0333373
2.26078	0.0346327
2.30751	0.0354232
2.36246	0.035639
2.41993	0.0366239
2.47675	0.036485
2.53699	0.0388901
2.59317	0.0391619
2.65269	0.0384452
2.70645	0.0402273
2.7759	0.0407255
2.85786	0.0422239
2.93983	0.0437555
3.0192	0.044739
3.09984	0.0463657
3.17231	0.0474559
3.23724	0.048614
3.29748	0.0500975
3.35304	0.0510687
3.40798	0.0521029
3.46117	0.0531819
3.51272	0.0537384
3.56591	0.0505667
3.62338	0.0551894
3.6802	0.0556826
3.73702	0.0545377
3.79258	0.0572889
3.84752	0.0589976
3.90499	0.0602332
3.96055	0.0616502
4.0161	0.0650716
4.07105	0.063921
4.13202	0.0673638
4.19375	0.068799
4.25625	0.0695109
4.32119	0.0687971
4.39581	0.0688917
4.49197	0.0736914
4.6056	0.0783741
4.74846	0.081108
4.86751	0.0854924
