y	b	
0	0.90625
0.0199203	0.0112893
0.0398406	0.0111429
0.0684121	0.00916537
0.0969835	0.0103584
0.134021	0.0113897
0.173391	0.011984
0.219687	0.0124005
0.265983	0.0132408
0.311438	0.0136336
0.356081	0.0147057
0.406586	0.013049
0.458669	0.0108597
0.513017	0.0106722
0.577119	0.0113075
0.649583	0.00918485
0.740492	0.0111771
0.854129	0.014192
0.982334	0.0166601
1.10733	0.0195949
1.20537	0.0223115
1.29309	0.0262733
1.35559	0.0292099
1.40994	0.0309403
1.46096	0.0335019
1.5056	0.0332593
1.54834	0.0340107
1.59144	0.034585
1.63381	0.0359302
1.67767	0.0372518
1.72153	0.0372398
1.76391	0.0362864
1.80815	0.0377988
1.85623	0.0361033
1.89623	0.0383995
1.93655	0.0394405
1.97562	0.0386546
2.01468	0.0396951
2.05344	0.0389779
2.09312	0.0379434
2.13344	0.0381592
2.17546	0.0390131
2.22092	0.0377138
2.27092	0.0395728
2.32468	0.0386603
2.38282	0.0381556
2.44948	0.038119
2.52091	0.0384148
2.61182	0.0401227
2.70442	0.042842
2.79532	0.0442971
2.88461	0.0456278
2.98265	0.0469881
3.08069	0.0472492
3.18938	0.0506075
3.30566	0.0533703
3.41677	0.0545462
3.52789	0.0565975
3.64984	0.0597021
3.76888	0.0634667
3.88252	0.066843
4.02958	0.0705212
4.22189	0.0748123
4.47189	0.07983
4.78439	0.0858625
