y	b	
0	0.894531
0.0199203	0.0106175
0.0398406	0.0105313
0.0680892	0.00907806
0.0963378	0.00762068
0.133103	0.00620917
0.176962	0.00607917
0.237938	0.00637406
0.296077	0.00731657
0.352257	0.00966591
0.413233	0.0115313
0.469412	0.0139172
0.522044	0.0166461
0.574127	0.0168948
0.626759	0.0152212
0.682939	0.0165737
0.739757	0.0169119
0.799281	0.0165768
0.862572	0.0160544
0.935036	0.016788
1.01079	0.0186545
1.08655	0.0214824
1.15901	0.0235224
1.23364	0.0247596
1.31177	0.0267214
1.38639	0.0304429
1.44386	0.0325215
1.49541	0.0332959
1.54214	0.0351909
1.58801	0.0370202
1.63187	0.0370246
1.67424	0.0385709
1.71424	0.0382732
1.75457	0.0410678
1.79394	0.0413398
1.833	0.0420546
1.87268	0.0418849
1.90789	0.0398059
1.94214	0.0409895
1.97837	0.0394297
2.01654	0.0400771
2.0553	0.0410774
2.09467	0.038344
2.13313	0.0361919
2.17281	0.0369236
2.21314	0.038603
2.25314	0.0368998
2.29661	0.0348095
2.34378	0.0378625
2.39642	0.0390506
2.44744	0.0387675
2.49952	0.0376665
2.5557	0.0394032
2.62237	0.0404425
2.68903	0.0416378
2.76366	0.0428704
2.8443	0.0435414
2.94234	0.0446516
3.04438	0.0469798
3.15308	0.0493196
3.26419	0.0512587
3.37783	0.0535395
3.49688	0.0561417
3.61883	0.0587767
3.74078	0.0619448
3.85441	0.0655426
3.98599	0.0690765
4.1783	0.0736145
4.4283	0.0788074
4.7408	0.0849864
