y	b	
0	1
0.3125	0.00509477
0.625	0.0108747
0.9375	0.0163234
1.25	0.0221486
1.52027	0.0256454
1.75837	0.0307162
1.89725	0.0364072
1.99159	0.0390998
2.07634	0.0406084
2.16109	0.0418365
2.24442	0.0425264
2.32775	0.0434925
2.41704	0.0440565
2.51138	0.0446673
2.62501	0.0467984
2.72918	0.0488588
2.83335	0.0502511
2.93973	0.0513002
3.05601	0.0531659
3.17506	0.0557952
3.29134	0.0534116
3.40245	0.0467457
3.51356	0.051412
3.62467	0.0548469
3.73831	0.0610796
3.85194	0.0679988
3.98708	0.0711644
4.17938	0.0748891
4.42938	0.0794818
4.74188	0.0851828
