y	b	
0	0
0.206897	0.0153539
0.456897	0.0337845
0.756897	0.0551629
1.02962	0.0744905
1.30235	0.092814
1.46451	0.10523
1.61085	0.117385
1.7572	0.134522
1.88486	0.154502
1.96486	0.162273
2.04081	0.170049
2.10747	0.173257
2.1663	0.177305
2.23081	0.175489
2.30058	0.185958
2.37117	0.190352
2.43783	0.197832
2.49969	0.203365
2.55279	0.207957
2.60407	0.213681
2.65246	0.216205
2.69657	0.221409
2.73767	0.223608
2.77638	0.224736
2.81863	0.228339
2.85837	0.229841
2.8981	0.229213
2.93892	0.230615
2.98088	0.226576
3.01814	0.224059
3.05283	0.223914
3.09283	0.225967
3.13283	0.226112
3.17256	0.230767
3.20627	0.227151
3.2387	0.241567
3.26979	0.243976
3.30088	0.24577
3.33165	0.250112
3.36242	0.244369
3.39319	0.246929
3.42427	0.246161
3.45427	0.257003
3.48427	0.25294
3.51369	0.248048
3.5431	0.255188
3.5731	0.248617
3.60355	0.237509
3.63401	0.255545
3.66416	0.245894
3.69677	0.248457
3.72938	0.243118
3.76328	0.244489
3.79796	0.247806
3.83454	0.243997
3.87113	0.239448
3.91113	0.241601
3.95658	0.241297
4.00617	0.239287
4.05617	0.243229
4.10974	0.2363
4.16479	0.244405
4.22304	0.25698
4.30096	0.262303
4.37889	0.275432
4.46339	0.274869
4.54911	0.296018
4.64434	0.307578
4.76199	0.322108
4.90833	0.340009
5.10833	0.361648
5.31523	0.380424
5.48666	0.396386
5.68666	0.418988
5.833	0.449718
5.953	0.506257
