y	b	
0	0
0.1875	0.0136509
0.375	0.0263808
0.625	0.045978
0.910714	0.0626673
1.15071	0.075631
1.30071	0.0945657
1.43405	0.0964224
1.54119	0.112867
1.63494	0.122101
1.71494	0.133234
1.78637	0.136667
1.84822	0.147298
1.91138	0.156178
1.97079	0.167625
2.0353	0.178016
2.09138	0.179111
2.14448	0.196844
2.19366	0.2018
2.24053	0.203775
2.28669	0.200271
2.32924	0.213779
2.37034	0.210251
2.4106	0.217296
2.45198	0.213857
2.49146	0.219781
2.53067	0.210584
2.56989	0.217651
2.61043	0.210319
2.65043	0.227458
2.69152	0.227762
2.7329	0.230954
2.7704	0.231004
2.80655	0.231888
2.84269	0.236407
2.87799	0.237557
2.9137	0.233046
2.95029	0.234173
2.98687	0.238426
3.02368	0.236858
3.05898	0.235558
3.09769	0.233008
3.13795	0.230238
3.17822	0.229376
3.22018	0.22838
3.25914	0.227354
3.29664	0.225964
3.33438	0.220358
3.36753	0.218109
3.40068	0.229306
3.43704	0.230389
3.47526	0.226864
3.51607	0.230911
3.55581	0.230874
3.59554	0.235507
3.6378	0.234922
3.67918	0.237635
3.71788	0.250209
3.75788	0.250633
3.79815	0.24806
3.83613	0.250306
3.8741	0.252619
3.91306	0.249929
3.95306	0.251842
3.99416	0.252633
4.03612	0.25144
4.0796	0.248841
4.12838	0.25105
4.17838	0.252105
4.2288	0.252145
4.28237	0.251903
4.33454	0.250735
4.39168	0.2527
4.44883	0.257813
4.51133	0.269701
4.57874	0.276447
4.65191	0.286246
4.72984	0.298971
4.82661	0.317282
4.92661	0.33764
5.05994	0.356781
5.19948	0.371253
5.35332	0.38459
5.49286	0.397652
5.68641	0.420881
5.87391	0.470157
5.98929	0.552459
