y	b	
0	0.871094
0.0201613	0.00297116
0.0403226	0.00273564
0.0723739	0.00258929
0.104425	0.00290991
0.155446	0.00397735
0.208637	0.00632197
0.27906	0.00933897
0.340788	0.0116643
0.416546	0.0142123
0.489009	0.0158604
0.559432	0.017063
0.63086	0.0170737
0.715606	0.0161738
0.809946	0.0159092
0.926225	0.016451
1.06908	0.018866
1.21194	0.0216179
1.35083	0.0244523
1.46711	0.0281842
1.54647	0.0311063
1.61894	0.032933
1.68473	0.0339663
1.74497	0.035464
1.80311	0.0353853
1.85866	0.0389093
1.91484	0.0328557
1.9686	0.0363141
2.02416	0.0347375
2.08368	0.036529
2.14321	0.0372547
2.20203	0.0399742
2.26453	0.0383535
2.33302	0.0402116
2.40765	0.0411124
2.49098	0.0413926
2.58189	0.0421182
2.68393	0.0433969
2.79757	0.0457499
2.91121	0.048049
3.02749	0.0501223
3.13618	0.0513763
3.24257	0.0538642
3.35126	0.0552829
3.46237	0.0573206
3.57601	0.0598629
3.69506	0.0617502
3.8141	0.0658405
3.93315	0.0689488
4.11834	0.0730806
4.36834	0.0780193
4.61834	0.0828004
4.93084	0.174106
