y	b	
0	0.910156
0.0197628	0.00832023
0.0395257	0.0070856
0.0692876	0.00637167
0.0990495	0.00778186
0.13451	0.00860226
0.169476	0.00826723
0.209798	0.00879691
0.251815	0.00941563
0.294188	0.0108733
0.338047	0.013333
0.38269	0.0153878
0.42206	0.0188365
0.459654	0.0208136
0.494619	0.0233849
0.527514	0.0237221
0.559361	0.0251946
0.590611	0.0257724
0.622058	0.0250747
0.653504	0.0252114
0.684754	0.0245223
0.716806	0.0249868
0.750139	0.0243091
0.785853	0.0236694
0.82235	0.024107
0.860518	0.0243502
0.902534	0.0226902
0.946013	0.0229683
0.990655	0.0215326
1.04066	0.0220211
1.1009	0.0228316
1.15466	0.0251638
1.20729	0.026096
1.2568	0.0271737
1.30834	0.0284005
1.35885	0.0289438
1.40835	0.0301703
1.45597	0.0298145
1.50359	0.0311661
1.55359	0.0310238
1.60567	0.0317166
1.65518	0.0313918
1.70235	0.0291929
1.75337	0.0291655
1.80892	0.0296963
1.8699	0.0314124
1.93163	0.0315577
1.9926	0.0331841
2.0559	0.0352147
2.11614	0.0378166
2.1699	0.0389231
2.22309	0.0392373
2.27744	0.035869
2.33426	0.0369789
2.39044	0.037728
2.44307	0.0397425
2.49257	0.0401204
2.53845	0.0401689
2.58082	0.0426648
2.61988	0.0422961
2.65894	0.0432147
2.69831	0.0438879
2.73768	0.0444988
2.77675	0.0440665
2.81378	0.0460001
2.8511	0.0449168
2.88841	0.045381
2.92717	0.0465516
2.96815	0.0466812
3.00948	0.0465667
3.0585	0.0468713
3.10952	0.0453755
3.16106	0.0472645
3.21788	0.0444202
3.28117	0.047531
3.34611	0.0486676
3.42073	0.0486709
3.5027	0.0505458
3.59885	0.054921
3.70524	0.05805
3.8094	0.0616473
3.92845	0.0655414
4.12076	0.0709246
4.37076	0.0768671
4.62076	0.0823383
4.91488	0.158046
