y	b	
0	0.890625
0.0198413	0.00901706
0.0396825	0.0085391
0.0661376	0.0069992
0.0925926	0.0066006
0.126606	0.00555778
0.167257	0.0062145
0.224075	0.00595216
0.277838	0.00760998
0.328859	0.0100685
0.38633	0.0112931
0.441275	0.0120935
0.488894	0.0119174
0.535623	0.014264
0.582793	0.0156273
0.627436	0.0159677
0.676941	0.0160345
0.730132	0.0139789
0.787603	0.01588
0.851706	0.0192007
0.914997	0.0223466
0.968189	0.0246168
1.01721	0.0257554
1.06438	0.0245516
1.11155	0.0258072
1.15872	0.024643
1.20922	0.0262144
1.25873	0.0288835
1.30975	0.028915
1.35975	0.0303896
1.41183	0.0304821
1.46559	0.0307492
1.52241	0.0311356
1.57923	0.0315538
1.63186	0.031454
1.68505	0.0329688
1.74	0.0340085
1.79435	0.0354986
1.84754	0.0374542
1.89608	0.0389403
1.93775	0.0384883
1.97592	0.0403649
2.01295	0.0435162
2.04893	0.040493
2.08294	0.040082
2.11672	0.0412601
2.14898	0.0415632
2.18063	0.0421733
2.21227	0.0430169
2.24474	0.0420129
2.27721	0.0409197
2.31032	0.0432297
2.34553	0.0432763
2.38312	0.0425267
2.42219	0.0415198
2.46351	0.0417224
2.50815	0.0419896
2.55766	0.0409918
2.61085	0.040291
2.66461	0.040148
2.73128	0.0399485
2.80481	0.0407644
2.88293	0.042163
2.97384	0.0440646
3.07188	0.0462461
3.17188	0.0481676
3.28299	0.0504926
3.3941	0.0530374
3.50774	0.0553739
3.62679	0.0581723
3.74874	0.0615011
3.86238	0.0651685
3.99751	0.0688807
4.18982	0.0735556
4.43982	0.0788795
4.75232	0.0851631
