y	b	
0	0.878906
0.02	0.0103358
0.04	0.0100713
0.0687356	0.00890864
0.0974713	0.00811675
0.13535	0.00928951
0.176	0.01
0.22502	0.0100978
0.273564	0.0105628
0.319435	0.0115807
0.372067	0.0131
0.423087	0.0137352
0.474108	0.0143891
0.526739	0.0133383
0.582295	0.0117145
0.640434	0.0124778
0.712898	0.0118651
0.794865	0.0128137
0.899032	0.0149529
1.02724	0.0178041
1.13593	0.0218763
1.2179	0.0250234
1.29603	0.0267061
1.36645	0.0278681
1.42818	0.0304694
1.48252	0.0334122
1.53461	0.0345102
1.57965	0.0370566
1.62313	0.0372521
1.66738	0.0359276
1.71011	0.0374232
1.75359	0.0381313
1.79526	0.0365906
1.83402	0.0382494
1.87827	0.0389224
1.91733	0.0396504
1.95639	0.040839
1.99515	0.0409749
2.03361	0.0404053
2.07329	0.0399955
2.11298	0.0399329
2.15235	0.0395535
2.19333	0.0388538
2.24006	0.0372961
2.28814	0.0369595
2.34248	0.0365731
2.40131	0.0366775
2.46797	0.0366754
2.5426	0.0390554
2.63519	0.0406161
2.71994	0.0427262
2.80469	0.0442229
2.88533	0.045624
2.97792	0.0465584
3.08209	0.0487245
3.18847	0.0501862
3.29486	0.0523519
3.40597	0.0543058
3.52501	0.0572057
3.64406	0.059893
3.76311	0.0630999
3.87675	0.0665309
4.02381	0.0702701
4.21611	0.0746187
4.46611	0.0796758
4.77861	0.0857424
