x,v,vx,vy,vz
0,0.365909,-0.365909,-4.54512e-06,4.85555e-09
2,0.36591,-0.36591,-5.81375e-06,-4.03256e-10
4,0.36591,-0.36591,-7.66841e-06,-2.05623e-09
6,0.365908,-0.365908,-9.61246e-06,-5.36144e-09
8,0.365906,-0.365906,-1.13021e-05,-8.7884e-09
10,0.365903,-0.365903,-1.35489e-05,-1.19611e-08
12,0.365899,-0.365899,-1.83702e-05,-1.41432e-08
14,0.365893,-0.365893,-2.84718e-05,-1.42946e-08
16,0.365882,-0.365882,-4.39288e-05,-7.50434e-09
18,0.365869,-0.365869,-6.23486e-05,3.85989e-09
20,0.365852,-0.365852,-9.19371e-05,1.34593e-08
22,0.365835,-0.365835,-0.000144007,1.79656e-08
24,0.365843,-0.365843,-0.000239214,1.68291e-08
26,0.365785,-0.365785,-0.000234418,2.47308e-08
28,0.365763,-0.365763,-0.000163766,3.04943e-08
30,0.365747,-0.365747,-9.72256e-05,3.56231e-08
32,0.365713,-0.365713,-7.92384e-05,4.15758e-08
34,0.365702,-0.365702,-5.16782e-05,4.598e-08
36,0.365686,-0.365686,-4.1547e-05,4.83762e-08
38,0.365674,-0.365674,-3.37061e-05,5.01012e-08
40,0.365666,-0.365666,-2.7295e-05,5.14451e-08
42,0.365657,-0.365657,-2.45956e-05,5.24877e-08
44,0.365651,-0.365651,-2.11206e-05,5.34422e-08
46,0.365646,-0.365646,-1.89367e-05,5.41971e-08
48,0.365642,-0.365642,-1.73886e-05,5.48087e-08
50,0.365638,-0.365638,-1.62992e-05,5.5319e-08
52,0.365635,-0.365635,-1.58138e-05,5.57739e-08
54,0.365633,-0.365633,-1.49988e-05,5.61905e-08
56,0.36563,-0.36563,-1.43305e-05,5.65626e-08
58,0.365629,-0.365629,-1.38238e-05,5.69018e-08
60,0.365627,-0.365627,-1.34801e-05,5.72228e-08
62,0.365626,-0.365626,-1.33259e-05,5.75479e-08
64,0.365624,-0.365624,-1.30298e-05,5.78905e-08
66,0.365623,-0.365623,-1.27618e-05,5.82311e-08
68,0.365622,-0.365622,-1.25515e-05,5.85677e-08
70,0.365621,-0.365621,-1.24043e-05,5.89022e-08
72,0.365621,-0.365621,-1.23345e-05,5.92415e-08
74,0.36562,-0.36562,-1.2212e-05,5.95969e-08
76,0.365619,-0.365619,-1.20897e-05,5.99572e-08
78,0.365619,-0.365619,-1.19881e-05,6.03204e-08
80,0.365618,-0.365618,-1.19149e-05,6.06888e-08
82,0.365617,-0.365617,-1.18777e-05,6.10588e-08
84,0.365617,-0.365617,-1.18172e-05,6.14348e-08
86,0.365617,-0.365617,-1.17535e-05,6.18092e-08
88,0.365616,-0.365616,-1.16989e-05,6.21794e-08
90,0.365616,-0.365616,-1.16571e-05,6.25488e-08
92,0.365616,-0.365616,-1.16306e-05,6.29085e-08
94,0.365615,-0.365615,-1.15955e-05,6.32686e-08
96,0.365615,-0.365615,-1.15577e-05,6.36239e-08
98,0.365615,-0.365615,-1.15247e-05,6.39703e-08
100,0.365614,-0.365614,-1.15008e-05,6.43144e-08
102,0.365614,-0.365614,-1.14846e-05,6.46457e-08
104,0.365614,-0.365614,-1.14647e-05,6.49758e-08
106,0.365614,-0.365614,-1.1442e-05,6.53015e-08
108,0.365614,-0.365614,-1.14211e-05,6.56164e-08
110,0.365613,-0.365613,-1.14045e-05,6.59281e-08
112,0.365613,-0.365613,-1.1392e-05,6.62271e-08
114,0.365613,-0.365613,-1.1378e-05,6.65225e-08
116,0.365613,-0.365613,-1.13621e-05,6.68148e-08
118,0.365613,-0.365613,-1.13482e-05,6.7096e-08
120,0.365613,-0.365613,-1.13384e-05,6.73758e-08
122,0.365613,-0.365613,-1.1331e-05,6.76475e-08
124,0.365612,-0.365612,-1.13231e-05,6.79178e-08
126,0.365612,-0.365612,-1.13132e-05,6.81898e-08
128,0.365612,-0.365612,-1.13039e-05,6.84548e-08
130,0.365612,-0.365612,-1.12958e-05,6.87184e-08
132,0.365612,-0.365612,-1.12892e-05,6.89743e-08
134,0.365612,-0.365612,-1.12825e-05,6.92268e-08
136,0.365612,-0.365612,-1.12744e-05,6.94808e-08
138,0.365612,-0.365612,-1.12674e-05,6.97277e-08
140,0.365612,-0.365612,-1.12619e-05,6.99761e-08
142,0.365612,-0.365612,-1.12576e-05,7.02218e-08
144,0.365611,-0.365611,-1.12535e-05,7.04682e-08
146,0.365611,-0.365611,-1.12481e-05,7.07233e-08
148,0.365611,-0.365611,-1.12431e-05,7.09855e-08
150,0.365611,-0.365611,-1.12386e-05,7.12625e-08
152,0.365611,-0.365611,-1.12348e-05,7.15491e-08
154,0.365611,-0.365611,-1.12314e-05,7.18372e-08
156,0.365611,-0.365611,-1.1227e-05,7.21116e-08
158,0.365611,-0.365611,-1.12233e-05,7.23716e-08
160,0.365611,-0.365611,-1.12202e-05,7.26213e-08
162,0.365611,-0.365611,-1.12178e-05,7.28543e-08
164,0.365611,-0.365611,-1.12158e-05,7.30602e-08
166,0.365611,-0.365611,-1.12128e-05,7.32036e-08
168,0.365611,-0.365611,-1.121e-05,7.32961e-08
170,0.365611,-0.365611,-1.12072e-05,7.33632e-08
172,0.365611,-0.365611,-1.12047e-05,7.34068e-08
174,0.365611,-0.365611,-1.12026e-05,7.3423e-08
176,0.365611,-0.365611,-1.11997e-05,7.34136e-08
178,0.365611,-0.365611,-1.11971e-05,7.33772e-08
180,0.365611,-0.365611,-1.11948e-05,7.33193e-08
182,0.365611,-0.365611,-1.11929e-05,7.32408e-08
184,0.365611,-0.365611,-1.11914e-05,7.3138e-08
186,0.36561,-0.36561,-1.11892e-05,7.30101e-08
188,0.36561,-0.36561,-1.1187e-05,7.28611e-08
190,0.36561,-0.36561,-1.1185e-05,7.26916e-08
192,0.36561,-0.36561,-1.11831e-05,7.25019e-08
194,0.36561,-0.36561,-1.11817e-05,7.2287e-08
196,0.36561,-0.36561,-1.11796e-05,7.20481e-08
198,0.36561,-0.36561,-1.11778e-05,7.17887e-08
200,0.36561,-0.36561,-1.11761e-05,7.15096e-08
202,0.36561,-0.36561,-1.11747e-05,7.12119e-08
204,0.36561,-0.36561,-1.11737e-05,7.08894e-08
206,0.36561,-0.36561,-1.11721e-05,7.05463e-08
208,0.36561,-0.36561,-1.11706e-05,7.01846e-08
210,0.36561,-0.36561,-1.11692e-05,6.98053e-08
212,0.36561,-0.36561,-1.11677e-05,6.94097e-08
214,0.36561,-0.36561,-1.11667e-05,6.89922e-08
216,0.36561,-0.36561,-1.11653e-05,6.85577e-08
218,0.36561,-0.36561,-1.11639e-05,6.81069e-08
220,0.36561,-0.36561,-1.11627e-05,6.76409e-08
222,0.36561,-0.36561,-1.11615e-05,6.71603e-08
224,0.36561,-0.36561,-1.11607e-05,6.66639e-08
226,0.36561,-0.36561,-1.11597e-05,6.61528e-08
228,0.36561,-0.36561,-1.11587e-05,6.56273e-08
230,0.36561,-0.36561,-1.11578e-05,6.50884e-08
232,0.36561,-0.36561,-1.11567e-05,6.45367e-08
234,0.36561,-0.36561,-1.11561e-05,6.39755e-08
236,0.36561,-0.36561,-1.11552e-05,6.34061e-08
238,0.36561,-0.36561,-1.11543e-05,6.28298e-08
240,0.36561,-0.36561,-1.11536e-05,6.22488e-08
242,0.36561,-0.36561,-1.1153e-05,6.16681e-08
244,0.36561,-0.36561,-1.11526e-05,6.10896e-08
246,0.36561,-0.36561,-1.1152e-05,6.05117e-08
248,0.36561,-0.36561,-1.11512e-05,5.99345e-08
250,0.36561,-0.36561,-1.11505e-05,5.93609e-08
252,0.36561,-0.36561,-1.11495e-05,5.87977e-08
254,0.36561,-0.36561,-1.11486e-05,5.82461e-08
256,0.36561,-0.36561,-1.11476e-05,5.77041e-08
258,0.36561,-0.36561,-1.11464e-05,5.71711e-08
260,0.36561,-0.36561,-1.11453e-05,5.66535e-08
262,0.36561,-0.36561,-1.11443e-05,5.61512e-08
264,0.36561,-0.36561,-1.11434e-05,5.5664e-08
266,0.36561,-0.36561,-1.11426e-05,5.51925e-08
268,0.36561,-0.36561,-1.11418e-05,5.47385e-08
270,0.36561,-0.36561,-1.1141e-05,5.43311e-08
272,0.36561,-0.36561,-1.11401e-05,5.3984e-08
274,0.36561,-0.36561,-1.11393e-05,5.36959e-08
276,0.36561,-0.36561,-1.11384e-05,5.34625e-08
278,0.36561,-0.36561,-1.1137e-05,5.32735e-08
280,0.36561,-0.36561,-1.11361e-05,5.31534e-08
282,0.36561,-0.36561,-1.1136e-05,5.30652e-08
284,0.36561,-0.36561,-1.11361e-05,5.3012e-08
286,0.36561,-0.36561,-1.11362e-05,5.29925e-08
288,0.36561,-0.36561,-1.1137e-05,5.29976e-08
290,0.36561,-0.36561,-1.11366e-05,5.30559e-08
292,0.36561,-0.36561,-1.1135e-05,5.31521e-08
294,0.36561,-0.36561,-1.11328e-05,5.32964e-08
296,0.36561,-0.36561,-1.11305e-05,5.34967e-08
298,0.36561,-0.36561,-1.11265e-05,5.37434e-08
300,0.36561,-0.36561,-1.11248e-05,5.40412e-08
302,0.36561,-0.36561,-1.11264e-05,5.43345e-08
304,0.36561,-0.36561,-1.11296e-05,5.46202e-08
306,0.36561,-0.36561,-1.11316e-05,5.49157e-08
308,0.36561,-0.36561,-1.11333e-05,5.51935e-08
310,0.36561,-0.36561,-1.11299e-05,5.55753e-08
312,0.36561,-0.36561,-1.11225e-05,5.59671e-08
314,0.36561,-0.36561,-1.11128e-05,5.63437e-08
316,0.36561,-0.36561,-1.11028e-05,5.67604e-08
318,0.36561,-0.36561,-1.1078e-05,5.71633e-08
320,0.36561,-0.36561,-1.10858e-05,5.68742e-08
322,0.36561,-0.36561,-1.10898e-05,5.49716e-08
324,0.36561,-0.36561,-1.10794e-05,5.06082e-08
326,0.36561,-0.36561,-1.11637e-05,4.25419e-08
328,0.36561,-0.36561,-1.11604e-05,4.40376e-08
330,0.36561,-0.36561,-1.11594e-05,4.49422e-08
332,0.36561,-0.36561,-1.11583e-05,4.5011e-08
334,0.36561,-0.36561,-1.11365e-05,4.62006e-08
336,0.36561,-0.36561,-1.11388e-05,4.62395e-08
338,0.36561,-0.36561,-1.11288e-05,4.67704e-08
340,0.36561,-0.36561,-1.11214e-05,4.73302e-08
342,0.36561,-0.36561,-1.11199e-05,4.78002e-08
344,0.36561,-0.36561,-1.11192e-05,4.8292e-08
346,0.36561,-0.36561,-1.11202e-05,4.86676e-08
348,0.36561,-0.36561,-1.11213e-05,4.89896e-08
350,0.36561,-0.36561,-1.11216e-05,4.92838e-08
352,0.36561,-0.36561,-1.11211e-05,4.95716e-08
354,0.36561,-0.36561,-1.11206e-05,4.98726e-08
356,0.36561,-0.36561,-1.11198e-05,5.01787e-08
358,0.36561,-0.36561,-1.1118e-05,5.04373e-08
360,0.36561,-0.36561,-1.11162e-05,5.0647e-08
362,0.36561,-0.36561,-1.11152e-05,5.08105e-08
364,0.36561,-0.36561,-1.1115e-05,5.08841e-08
366,0.36561,-0.36561,-1.11147e-05,5.08956e-08
368,0.36561,-0.36561,-1.11146e-05,5.08468e-08
370,0.36561,-0.36561,-1.11144e-05,5.07493e-08
372,0.36561,-0.36561,-1.11137e-05,5.06238e-08
374,0.36561,-0.36561,-1.11128e-05,5.04634e-08
376,0.36561,-0.36561,-1.11121e-05,5.02887e-08
378,0.36561,-0.36561,-1.11112e-05,5.00965e-08
380,0.36561,-0.36561,-1.11102e-05,4.98885e-08
382,0.36561,-0.36561,-1.11095e-05,4.96734e-08
384,0.36561,-0.36561,-1.11091e-05,4.94441e-08
386,0.36561,-0.36561,-1.11087e-05,4.92025e-08
388,0.36561,-0.36561,-1.11084e-05,4.89462e-08
390,0.36561,-0.36561,-1.11079e-05,4.86743e-08
392,0.36561,-0.36561,-1.11074e-05,4.83909e-08
394,0.36561,-0.36561,-1.11066e-05,4.80919e-08
396,0.36561,-0.36561,-1.11061e-05,4.77847e-08
398,0.36561,-0.36561,-1.11056e-05,4.74708e-08
400,0.36561,-0.36561,-1.11048e-05,4.7151e-08
402,0.36561,-0.36561,-1.11044e-05,4.68308e-08
404,0.36561,-0.36561,-1.1104e-05,4.65115e-08
406,0.36561,-0.36561,-1.11037e-05,4.61942e-08
408,0.36561,-0.36561,-1.11034e-05,4.58783e-08
410,0.36561,-0.36561,-1.11028e-05,4.55617e-08
412,0.36561,-0.36561,-1.11023e-05,4.5248e-08
414,0.36561,-0.36561,-1.11016e-05,4.49404e-08
416,0.36561,-0.36561,-1.11009e-05,4.46399e-08
418,0.36561,-0.36561,-1.11002e-05,4.43469e-08
420,0.36561,-0.36561,-1.10992e-05,4.40616e-08
422,0.36561,-0.36561,-1.10983e-05,4.3785e-08
424,0.36561,-0.36561,-1.10975e-05,4.35191e-08
426,0.36561,-0.36561,-1.10966e-05,4.32647e-08
428,0.36561,-0.36561,-1.10959e-05,4.30217e-08
430,0.36561,-0.36561,-1.10948e-05,4.27927e-08
432,0.36561,-0.36561,-1.10938e-05,4.25738e-08
434,0.36561,-0.36561,-1.10928e-05,4.23674e-08
436,0.36561,-0.36561,-1.10918e-05,4.21744e-08
438,0.36561,-0.36561,-1.10909e-05,4.19939e-08
440,0.36561,-0.36561,-1.10896e-05,4.18324e-08
442,0.36561,-0.36561,-1.10884e-05,4.16822e-08
444,0.36561,-0.36561,-1.10873e-05,4.15464e-08
446,0.36561,-0.36561,-1.10863e-05,4.14268e-08
448,0.36561,-0.36561,-1.10854e-05,4.13231e-08
450,0.36561,-0.36561,-1.10841e-05,4.12418e-08
452,0.36561,-0.36561,-1.10828e-05,4.11739e-08
454,0.36561,-0.36561,-1.10815e-05,4.11217e-08
456,0.36561,-0.36561,-1.10802e-05,4.10874e-08
458,0.36561,-0.36561,-1.1079e-05,4.10709e-08
460,0.36561,-0.36561,-1.10774e-05,4.10754e-08
462,0.36561,-0.36561,-1.10758e-05,4.10931e-08
464,0.36561,-0.36561,-1.10743e-05,4.11248e-08
466,0.36561,-0.36561,-1.1073e-05,4.11734e-08
468,0.36561,-0.36561,-1.10718e-05,4.12403e-08
470,0.36561,-0.36561,-1.10702e-05,4.13306e-08
472,0.36561,-0.36561,-1.10684e-05,4.144e-08
474,0.36561,-0.36561,-1.10667e-05,4.15695e-08
476,0.36561,-0.36561,-1.1065e-05,4.17249e-08
478,0.365611,-0.365611,-1.10634e-05,4.18972e-08
480,0.365611,-0.365611,-1.10614e-05,4.20833e-08
482,0.365611,-0.365611,-1.10592e-05,4.22845e-08
484,0.365611,-0.365611,-1.10573e-05,4.25045e-08
486,0.365611,-0.365611,-1.10555e-05,4.27575e-08
488,0.365611,-0.365611,-1.10539e-05,4.30257e-08
490,0.365611,-0.365611,-1.10517e-05,4.32999e-08
492,0.365611,-0.365611,-1.10491e-05,4.35748e-08
494,0.365611,-0.365611,-1.10464e-05,4.38464e-08
496,0.365611,-0.365611,-1.10436e-05,4.41264e-08
498,0.365611,-0.365611,-1.10408e-05,4.44061e-08
500,0.365611,-0.365611,-1.10373e-05,4.46926e-08
502,0.365611,-0.365611,-1.10334e-05,4.49849e-08
504,0.365611,-0.365611,-1.10296e-05,4.52766e-08
506,0.365611,-0.365611,-1.10262e-05,4.55826e-08
508,0.365611,-0.365611,-1.10228e-05,4.58913e-08
510,0.365611,-0.365611,-1.10188e-05,4.62097e-08
512,0.365611,-0.365611,-1.10139e-05,4.65392e-08
514,0.365611,-0.365611,-1.10088e-05,4.68717e-08
516,0.365612,-0.365612,-1.10037e-05,4.72202e-08
518,0.365612,-0.365612,-1.09987e-05,4.75744e-08
520,0.365612,-0.365612,-1.09929e-05,4.79384e-08
522,0.365612,-0.365612,-1.09858e-05,4.83148e-08
524,0.365612,-0.365612,-1.09789e-05,4.8692e-08
526,0.365612,-0.365612,-1.09728e-05,4.90793e-08
528,0.365612,-0.365612,-1.09669e-05,4.94676e-08
530,0.365612,-0.365612,-1.096e-05,4.98603e-08
532,0.365612,-0.365612,-1.09508e-05,5.02639e-08
534,0.365612,-0.365612,-1.09412e-05,5.06658e-08
536,0.365613,-0.365613,-1.09314e-05,5.10786e-08
538,0.365613,-0.365613,-1.09217e-05,5.14969e-08
540,0.365613,-0.365613,-1.09108e-05,5.1923e-08
542,0.365613,-0.365613,-1.08961e-05,5.23685e-08
544,0.365613,-0.365613,-1.0882e-05,5.28205e-08
546,0.365613,-0.365613,-1.08688e-05,5.32894e-08
548,0.365613,-0.365613,-1.08559e-05,5.3771e-08
550,0.365614,-0.365614,-1.08419e-05,5.42643e-08
552,0.365614,-0.365614,-1.08216e-05,5.47825e-08
554,0.365614,-0.365614,-1.0801e-05,5.53109e-08
556,0.365614,-0.365614,-1.07801e-05,5.58514e-08
558,0.365615,-0.365615,-1.07591e-05,5.64039e-08
560,0.365615,-0.365615,-1.07372e-05,5.69681e-08
562,0.365615,-0.365615,-1.0703e-05,5.75547e-08
564,0.365615,-0.365615,-1.06702e-05,5.81432e-08
566,0.365616,-0.365616,-1.06388e-05,5.87314e-08
568,0.365616,-0.365616,-1.06081e-05,5.93116e-08
570,0.365616,-0.365616,-1.05769e-05,5.98717e-08
572,0.365617,-0.365617,-1.05195e-05,6.03812e-08
574,0.365617,-0.365617,-1.04604e-05,6.0824e-08
576,0.365618,-0.365618,-1.04025e-05,6.1202e-08
578,0.365618,-0.365618,-1.03454e-05,6.15113e-08
580,0.365619,-0.365619,-1.02816e-05,6.17259e-08
582,0.36562,-0.36562,-1.01668e-05,6.19315e-08
584,0.36562,-0.36562,-1.00423e-05,6.21007e-08
586,0.365621,-0.365621,-9.91698e-06,6.2241e-08
588,0.365622,-0.365622,-9.79338e-06,6.23495e-08
590,0.365623,-0.365623,-9.65841e-06,6.23159e-08
592,0.365624,-0.365624,-9.39194e-06,6.20469e-08
594,0.365625,-0.365625,-9.08336e-06,6.18238e-08
596,0.365627,-0.365627,-8.78877e-06,6.17634e-08
598,0.365629,-0.365629,-8.55416e-06,6.19306e-08
600,0.365631,-0.365631,-8.20909e-06,6.24622e-08
602,0.365633,-0.365633,-7.42438e-06,6.36573e-08
604,0.365635,-0.365635,-6.47212e-06,6.58102e-08
606,0.365639,-0.365639,-5.70177e-06,6.91036e-08
608,0.365643,-0.365643,-5.68606e-06,7.368e-08
610,0.365648,-0.365648,-4.80299e-06,7.71715e-08
612,0.365653,-0.365653,1.46128e-06,7.64608e-08
614,0.365662,-0.365662,1.15911e-05,6.99464e-08
616,0.365676,-0.365676,2.39133e-05,5.79136e-08
618,0.365691,-0.365691,3.78796e-05,4.61299e-08
620,0.365719,-0.365719,8.01155e-05,4.93133e-08
622,0.365721,-0.365721,0.000175034,5.86493e-08
624,0.365734,-0.365734,0.000250884,6.35834e-08
626,0.365802,-0.365802,0.000217782,5.44984e-08
628,0.365796,-0.365796,0.000113031,4.8503e-08
630,0.365825,-0.365825,7.7915e-05,4.11727e-08
632,0.365848,-0.365848,5.42404e-05,3.44235e-08
634,0.36586,-0.36586,2.95998e-05,2.93677e-08
636,0.365876,-0.365876,2.10418e-05,2.6796e-08
638,0.365883,-0.365883,1.18737e-05,2.34546e-08
640,0.365891,-0.365891,7.15101e-06,2.04073e-08
642,0.365897,-0.365897,3.90164e-06,1.75683e-08
644,0.365902,-0.365902,5.03713e-07,1.48893e-08
646,0.365906,-0.365906,-1.6819e-06,1.24682e-08
648,0.365907,-0.365907,-3.35795e-06,1.03403e-08
