x,v,vx,vy,vz
220.096,425,2.06496e-08,1.05124e-09,-2.06169e-08,4.96413e-10
220.962,424.5,2.07582e-08,1.02772e-09,-2.07265e-08,5.08394e-10
221.828,424,2.08669e-08,1.00417e-09,-2.08362e-08,5.2052e-10
222.694,423.5,2.09755e-08,9.80609e-10,-2.09458e-08,5.32792e-10
223.56,423,2.10842e-08,9.5702e-10,-2.10554e-08,5.45208e-10
224.426,422.5,2.11719e-08,9.27608e-10,-2.11442e-08,5.57432e-10
225.292,422,2.11931e-08,8.79772e-10,-2.11672e-08,5.68696e-10
226.158,421.5,2.12144e-08,8.3192e-10,-2.11902e-08,5.8005e-10
227.024,421,2.12255e-08,7.83553e-10,-2.12027e-08,5.92862e-10
227.89,420.5,2.11919e-08,7.33064e-10,-2.11704e-08,6.11601e-10
228.756,420,2.11585e-08,6.82659e-10,-2.11381e-08,6.30282e-10
229.622,419.5,2.11253e-08,6.32338e-10,-2.11059e-08,6.48906e-10
230.488,419,2.10923e-08,5.82102e-10,-2.10737e-08,6.67473e-10
231.355,418.5,2.10595e-08,5.31949e-10,-2.10416e-08,6.85983e-10
232.221,418,2.10268e-08,4.8188e-10,-2.10095e-08,7.04436e-10
233.087,417.5,2.09943e-08,4.31895e-10,-2.09774e-08,7.22832e-10
233.953,417,2.0962e-08,3.81993e-10,-2.09454e-08,7.4117e-10
234.819,416.5,2.09299e-08,3.32176e-10,-2.09134e-08,7.59452e-10
235.685,416,2.09146e-08,3.09062e-10,-2.08978e-08,7.78025e-10
236.551,415.5,2.091e-08,3.03102e-10,-2.08926e-08,7.96739e-10
237.417,415,2.09054e-08,2.973e-10,-2.08874e-08,8.15362e-10
238.283,414.5,2.09009e-08,2.91659e-10,-2.08822e-08,8.33896e-10
239.149,414,2.08964e-08,2.86176e-10,-2.08771e-08,8.5234e-10
240.015,413.5,2.0892e-08,2.80853e-10,-2.08719e-08,8.70695e-10
240.881,413,2.08876e-08,2.75689e-10,-2.08668e-08,8.88959e-10
241.747,412.5,2.08832e-08,2.70685e-10,-2.08617e-08,9.07134e-10
242.613,412,2.08788e-08,2.65839e-10,-2.08566e-08,9.25218e-10
243.479,411.5,2.08745e-08,2.61154e-10,-2.08516e-08,9.43214e-10
244.345,411,2.08702e-08,2.56627e-10,-2.08465e-08,9.61119e-10
245.211,410.5,2.0866e-08,2.5226e-10,-2.08415e-08,9.78934e-10
246.077,410,2.08818e-08,2.48679e-10,-2.08568e-08,9.91382e-10
246.943,409.5,2.0872e-08,1.34201e-10,-2.08481e-08,9.90336e-10
247.809,409,2.08616e-08,1.7427e-11,-2.08381e-08,9.8931e-10
248.675,408.5,2.08517e-08,-9.9423e-11,-2.0828e-08,9.8834e-10
249.541,408,2.08425e-08,-2.16349e-10,-2.0818e-08,9.87427e-10
250.407,407.5,2.08339e-08,-3.3335e-10,-2.08079e-08,9.8657e-10
251.273,407,2.0826e-08,-4.50426e-10,-2.07978e-08,9.8577e-10
252.139,406.5,2.08188e-08,-5.67578e-10,-2.07877e-08,9.85026e-10
253.005,406,2.08121e-08,-6.84805e-10,-2.07776e-08,9.84339e-10
253.871,405.5,2.08062e-08,-8.02108e-10,-2.07674e-08,9.83708e-10
254.737,405,2.08009e-08,-9.19487e-10,-2.07573e-08,9.83134e-10
255.603,404.5,2.07962e-08,-1.03694e-09,-2.07471e-08,9.82617e-10
256.469,404,2.07922e-08,-1.15447e-09,-2.07369e-08,9.82156e-10
257.335,403.5,2.07658e-08,-1.23277e-09,-2.07059e-08,9.82307e-10
258.201,403,2.0697e-08,-1.2385e-09,-2.06365e-08,9.83583e-10
259.067,402.5,2.06282e-08,-1.24429e-09,-2.0567e-08,9.84976e-10
259.933,402,2.05593e-08,-1.25016e-09,-2.04975e-08,9.86485e-10
260.799,401.5,2.04903e-08,-1.25609e-09,-2.04279e-08,9.8811e-10
261.665,401,2.04213e-08,-1.26209e-09,-2.03582e-08,9.89851e-10
262.531,400.5,2.03522e-08,-1.26816e-09,-2.02885e-08,9.91709e-10
263.397,400,2.02831e-08,-1.2743e-09,-2.02186e-08,9.93684e-10
264.263,399.5,2.02139e-08,-1.2805e-09,-2.01488e-08,9.95775e-10
265.13,399,2.01395e-08,-1.28716e-09,-2.00739e-08,9.90026e-10
265.996,398.5,2.00583e-08,-1.29425e-09,-1.99928e-08,9.74023e-10
266.862,398,1.99769e-08,-1.30124e-09,-1.99115e-08,9.57942e-10
267.728,397.5,1.98954e-08,-1.30811e-09,-1.983e-08,9.4178e-10
268.594,397,1.98654e-08,-1.32347e-09,-1.97997e-08,9.24134e-10
269.46,396.5,1.98552e-08,-1.34199e-09,-1.97891e-08,9.06001e-10
270.326,396,1.9845e-08,-1.36038e-09,-1.97784e-08,8.87945e-10
271.192,395.5,1.98346e-08,-1.37861e-09,-1.97675e-08,8.69966e-10
272.058,395,1.98242e-08,-1.3967e-09,-1.97566e-08,8.52064e-10
272.924,394.5,1.98137e-08,-1.41465e-09,-1.97456e-08,8.34239e-10
273.79,394,1.98032e-08,-1.43245e-09,-1.97344e-08,8.16491e-10
274.656,393.5,1.97925e-08,-1.4501e-09,-1.97232e-08,7.9882e-10
275.522,393,1.97818e-08,-1.46761e-09,-1.97118e-08,7.81226e-10
276.388,392.5,1.9771e-08,-1.48497e-09,-1.97003e-08,7.63709e-10
277.254,392,1.97601e-08,-1.50219e-09,-1.96888e-08,7.46269e-10
278.12,391.5,1.97491e-08,-1.51926e-09,-1.96771e-08,7.28906e-10
278.986,391,1.97516e-08,-1.53147e-09,-1.96792e-08,7.11718e-10
279.852,390.5,1.98872e-08,-1.49702e-09,-1.98186e-08,6.95434e-10
280.718,390,2.0023e-08,-1.46247e-09,-1.9958e-08,6.78965e-10
281.584,389.5,2.01591e-08,-1.42785e-09,-2.00976e-08,6.62309e-10
282.45,389,2.02954e-08,-1.39313e-09,-2.02373e-08,6.45466e-10
283.316,388.5,2.0432e-08,-1.35833e-09,-2.03771e-08,6.28438e-10
284.182,388,2.05731e-08,-1.32455e-09,-2.05224e-08,5.73608e-10
285.048,387.5,2.07182e-08,-1.29176e-09,-2.06721e-08,4.897e-10
285.914,387,2.08639e-08,-1.25916e-09,-2.0822e-08,4.0607e-10
286.78,386.5,2.10103e-08,-1.22676e-09,-2.09719e-08,3.22721e-10
287.646,386,2.11572e-08,-1.19456e-09,-2.11221e-08,2.39651e-10
288.512,385.5,2.13046e-08,-1.16255e-09,-2.12723e-08,1.56861e-10
289.378,385,2.14527e-08,-1.13073e-09,-2.14227e-08,7.43505e-11
290.244,384.5,2.1522e-08,-1.11184e-09,-2.14932e-08,-7.61379e-12
291.11,384,2.14996e-08,-1.10801e-09,-2.14708e-08,-8.90392e-11
291.976,383.5,2.14777e-08,-1.10447e-09,-2.14486e-08,-1.70254e-10
292.842,383,2.14564e-08,-1.10122e-09,-2.14266e-08,-2.51258e-10
293.708,382.5,2.14356e-08,-1.09827e-09,-2.14049e-08,-3.32052e-10
294.574,382,2.14154e-08,-1.09561e-09,-2.13834e-08,-4.12635e-10
295.44,381.5,2.13957e-08,-1.09324e-09,-2.13621e-08,-4.93008e-10
296.306,381,2.13765e-08,-1.09116e-09,-2.1341e-08,-5.73169e-10
297.172,380.5,2.13579e-08,-1.08938e-09,-2.13201e-08,-6.53121e-10
298.038,380,2.13398e-08,-1.08788e-09,-2.12995e-08,-7.32862e-10
298.905,379.5,2.13223e-08,-1.08668e-09,-2.12791e-08,-8.12392e-10
299.771,379,2.13052e-08,-1.08577e-09,-2.12589e-08,-8.91712e-10
300.637,378.5,2.12887e-08,-1.08516e-09,-2.12389e-08,-9.70821e-10
301.503,378,2.12677e-08,-1.12262e-09,-2.1212e-08,-1.05185e-09
302.369,377.5,2.12462e-08,-1.16801e-09,-2.11838e-08,-1.13378e-09
303.235,377,2.11444e-08,-1.2093e-09,-2.10761e-08,-1.19188e-09
304.101,376.5,2.10058e-08,-1.24811e-09,-2.0932e-08,-1.23979e-09
304.967,376,2.08673e-08,-1.28636e-09,-2.07877e-08,-1.28861e-09
305.833,375.5,2.07288e-08,-1.32403e-09,-2.06432e-08,-1.33836e-09
306.699,375,2.05904e-08,-1.36113e-09,-2.04984e-08,-1.38903e-09
307.565,374.5,2.0452e-08,-1.39765e-09,-2.03533e-08,-1.44061e-09
308.431,374,2.03137e-08,-1.4336e-09,-2.0208e-08,-1.49312e-09
309.297,373.5,2.01754e-08,-1.46897e-09,-2.00624e-08,-1.54655e-09
310.163,373,2.00373e-08,-1.50377e-09,-1.99165e-08,-1.60091e-09
311.029,372.5,1.98992e-08,-1.538e-09,-1.97705e-08,-1.65618e-09
311.895,372,1.97735e-08,-1.63993e-09,-1.9631e-08,-1.71026e-09
312.761,371.5,1.96999e-08,-2.00847e-09,-1.95184e-08,-1.75587e-09
313.627,371,1.96332e-08,-2.37605e-09,-1.94055e-08,-1.80059e-09
314.493,370.5,1.95735e-08,-2.74267e-09,-1.92924e-08,-1.84444e-09
315.359,370,1.95208e-08,-3.10833e-09,-1.91791e-08,-1.88739e-09
316.225,369.5,1.94751e-08,-3.47302e-09,-1.90655e-08,-1.92946e-09
317.091,369,1.94363e-08,-3.83675e-09,-1.89517e-08,-1.97065e-09
317.957,368.5,1.94045e-08,-4.19951e-09,-1.88376e-08,-2.01095e-09
318.823,368,1.93796e-08,-4.56131e-09,-1.87233e-08,-2.05037e-09
319.689,367.5,1.93617e-08,-4.92215e-09,-1.86087e-08,-2.0889e-09
320.555,367,1.93506e-08,-5.28203e-09,-1.84939e-08,-2.12655e-09
321.421,366.5,1.93464e-08,-5.64094e-09,-1.83789e-08,-2.16331e-09
322.287,366,1.94276e-08,-6.02444e-09,-1.83455e-08,-2.14067e-09
323.153,365.5,1.96111e-08,-6.20101e-09,-1.84851e-08,-2.10837e-09
324.019,365,1.98562e-08,-6.22205e-09,-1.87408e-08,-2.08197e-09
324.885,364.5,2.01048e-08,-6.24765e-09,-1.89982e-08,-2.05873e-09
325.751,364,2.03571e-08,-6.27778e-09,-1.92573e-08,-2.03863e-09
326.617,363.5,2.06128e-08,-6.31246e-09,-1.9518e-08,-2.02167e-09
327.483,363,2.08719e-08,-6.35168e-09,-1.97804e-08,-2.00786e-09
328.349,362.5,2.11345e-08,-6.39545e-09,-2.00444e-08,-1.9972e-09
329.215,362,2.14005e-08,-6.44376e-09,-2.03101e-08,-1.98968e-09
330.081,361.5,2.16697e-08,-6.49661e-09,-2.05774e-08,-1.98531e-09
330.947,361,2.19423e-08,-6.55401e-09,-2.08464e-08,-1.98408e-09
331.813,360.5,2.22181e-08,-6.61594e-09,-2.1117e-08,-1.986e-09
332.679,360,2.24972e-08,-6.68242e-09,-2.13893e-08,-1.99106e-09
333.546,359.5,2.27795e-08,-6.75345e-09,-2.16633e-08,-1.99927e-09
334.412,359,2.27393e-08,-6.70965e-09,-2.16385e-08,-1.95743e-09
335.278,358.5,2.26818e-08,-6.65699e-09,-2.15983e-08,-1.91302e-09
336.144,358,2.26262e-08,-6.60233e-09,-2.15606e-08,-1.86913e-09
337.01,357.5,2.25725e-08,-6.54565e-09,-2.15253e-08,-1.82573e-09
337.876,357,2.25207e-08,-6.48697e-09,-2.14924e-08,-1.78284e-09
338.742,356.5,2.24709e-08,-6.42628e-09,-2.14619e-08,-1.74046e-09
339.608,356,2.2423e-08,-6.36358e-09,-2.14339e-08,-1.69858e-09
340.474,355.5,2.23771e-08,-6.29888e-09,-2.14082e-08,-1.6572e-09
341.34,355,2.23471e-08,-6.14408e-09,-2.14246e-08,-1.62165e-09
342.206,354.5,2.23165e-08,-5.98143e-09,-2.14414e-08,-1.58612e-09
343.072,354,2.22845e-08,-5.8168e-09,-2.1456e-08,-1.55022e-09
343.938,353.5,2.2251e-08,-5.6502e-09,-2.14683e-08,-1.51396e-09
344.804,353,2.21679e-08,-5.51591e-09,-2.14174e-08,-1.51238e-09
345.67,352.5,2.19777e-08,-5.45591e-09,-2.12305e-08,-1.58736e-09
346.536,352,2.17846e-08,-5.39643e-09,-2.104e-08,-1.66284e-09
347.402,351.5,2.15885e-08,-5.33746e-09,-2.08459e-08,-1.73883e-09
348.268,351,2.13895e-08,-5.27901e-09,-2.06482e-08,-1.81533e-09
349.134,350.5,2.11876e-08,-5.22107e-09,-2.04468e-08,-1.89234e-09
350,350,2.09828e-08,-5.16365e-09,-2.02418e-08,-1.96986e-09
350.866,349.5,2.07751e-08,-5.10674e-09,-2.00332e-08,-2.04789e-09
351.732,349,2.05645e-08,-5.05034e-09,-1.9821e-08,-2.12643e-09
352.598,348.5,2.03512e-08,-4.99446e-09,-1.96052e-08,-2.20548e-09
353.464,348,2.01351e-08,-4.9391e-09,-1.93857e-08,-2.28504e-09
354.33,347.5,1.99162e-08,-4.88424e-09,-1.91626e-08,-2.36511e-09
355.196,347,1.96946e-08,-4.82991e-09,-1.89359e-08,-2.44569e-09
356.062,346.5,1.96012e-08,-4.81936e-09,-1.88414e-08,-2.44609e-09
356.928,346,1.95672e-08,-4.83234e-09,-1.88074e-08,-2.40925e-09
357.794,345.5,1.95327e-08,-4.84956e-09,-1.87718e-08,-2.37207e-09
358.66,345,1.94978e-08,-4.87101e-09,-1.87347e-08,-2.33457e-09
359.526,344.5,1.94628e-08,-4.90157e-09,-1.86948e-08,-2.29741e-09
360.392,344,1.94322e-08,-5.00759e-09,-1.86383e-08,-2.26904e-09
361.258,343.5,1.94045e-08,-5.11411e-09,-1.85841e-08,-2.23874e-09
362.124,343,1.93798e-08,-5.22113e-09,-1.85324e-08,-2.2065e-09
362.99,342.5,1.93581e-08,-5.32866e-09,-1.8483e-08,-2.17232e-09
363.856,342,1.93394e-08,-5.43668e-09,-1.84361e-08,-2.1362e-09
364.722,341.5,1.93236e-08,-5.5452e-09,-1.83916e-08,-2.09815e-09
365.588,341,1.93109e-08,-5.65423e-09,-1.83495e-08,-2.05815e-09
366.454,340.5,1.93155e-08,-5.75832e-09,-1.83261e-08,-2.02026e-09
367.321,340,1.95624e-08,-5.76809e-09,-1.858e-08,-2.04946e-09
368.187,339.5,1.98084e-08,-5.77344e-09,-1.8834e-08,-2.07793e-09
369.053,339,2.00533e-08,-5.77436e-09,-1.90882e-08,-2.10565e-09
369.919,338.5,2.02973e-08,-5.77087e-09,-1.93425e-08,-2.13264e-09
370.785,338,2.05404e-08,-5.76295e-09,-1.95969e-08,-2.15888e-09
371.651,337.5,2.07827e-08,-5.75061e-09,-1.98514e-08,-2.18439e-09
372.517,337,2.10241e-08,-5.73385e-09,-2.01061e-08,-2.20916e-09
373.383,336.5,2.12647e-08,-5.71266e-09,-2.03609e-08,-2.23319e-09
374.249,336,2.15045e-08,-5.68706e-09,-2.06158e-08,-2.25649e-09
375.115,335.5,2.17437e-08,-5.65703e-09,-2.08708e-08,-2.27904e-09
375.981,335,2.19822e-08,-5.62257e-09,-2.1126e-08,-2.30085e-09
376.847,334.5,2.22201e-08,-5.5837e-09,-2.13813e-08,-2.32193e-09
377.713,334,2.23263e-08,-5.43729e-09,-2.15286e-08,-2.32774e-09
378.579,333.5,2.22311e-08,-5.14728e-09,-2.1503e-08,-2.31285e-09
379.445,333,2.20224e-08,-4.84433e-09,-2.13601e-08,-2.29382e-09
380.311,332.5,2.18167e-08,-4.54252e-09,-2.12169e-08,-2.27572e-09
381.177,332,2.16142e-08,-4.24183e-09,-2.10732e-08,-2.25855e-09
382.043,331.5,2.14149e-08,-3.94226e-09,-2.09291e-08,-2.2423e-09
382.909,331,2.12188e-08,-3.64383e-09,-2.07847e-08,-2.22699e-09
383.775,330.5,2.10261e-08,-3.34652e-09,-2.06398e-08,-2.2126e-09
384.641,330,2.08366e-08,-3.05033e-09,-2.04945e-08,-2.19914e-09
385.507,329.5,2.06506e-08,-2.75528e-09,-2.03488e-08,-2.1866e-09
386.373,329,2.04679e-08,-2.46135e-09,-2.02027e-08,-2.175e-09
387.239,328.5,2.02888e-08,-2.16854e-09,-2.00562e-08,-2.16432e-09
388.105,328,2.01132e-08,-1.87686e-09,-1.99092e-08,-2.15458e-09
388.971,327.5,1.99557e-08,-1.78721e-09,-1.97579e-08,-2.15868e-09
389.837,327,1.9802e-08,-1.74937e-09,-1.96054e-08,-2.16532e-09
390.703,326.5,1.96481e-08,-1.71199e-09,-1.94526e-08,-2.17103e-09
391.569,326,1.94939e-08,-1.67506e-09,-1.92995e-08,-2.17579e-09
392.435,325.5,1.93394e-08,-1.63858e-09,-1.91462e-08,-2.17961e-09
393.301,325,1.91848e-08,-1.60256e-09,-1.89927e-08,-2.18249e-09
394.167,324.5,1.90298e-08,-1.567e-09,-1.8839e-08,-2.18442e-09
395.033,324,1.88746e-08,-1.53188e-09,-1.8685e-08,-2.18541e-09
395.899,323.5,1.87191e-08,-1.49722e-09,-1.85307e-08,-2.18545e-09
396.765,323,1.85634e-08,-1.46302e-09,-1.83763e-08,-2.18456e-09
397.631,322.5,1.84437e-08,-1.42986e-09,-1.82637e-08,-2.13666e-09
398.497,322,1.84048e-08,-1.39782e-09,-1.82438e-08,-1.9868e-09
399.363,321.5,1.83667e-08,-1.37746e-09,-1.82227e-08,-1.83551e-09
400.229,321,1.83277e-08,-1.41744e-09,-1.81954e-08,-1.67941e-09
401.095,320.5,1.82902e-08,-1.45725e-09,-1.81683e-08,-1.52363e-09
401.962,320,1.82543e-08,-1.49689e-09,-1.81413e-08,-1.36817e-09
402.828,319.5,1.822e-08,-1.53635e-09,-1.81145e-08,-1.21303e-09
403.694,319,1.81871e-08,-1.57564e-09,-1.80878e-08,-1.05821e-09
404.56,318.5,1.81559e-08,-1.61476e-09,-1.80613e-08,-9.03715e-10
405.426,318,1.81262e-08,-1.65371e-09,-1.8035e-08,-7.49539e-10
406.292,317.5,1.8098e-08,-1.69248e-09,-1.80088e-08,-5.95683e-10
407.158,317,1.80714e-08,-1.73108e-09,-1.79828e-08,-4.42148e-10
408.024,316.5,1.80463e-08,-1.76951e-09,-1.7957e-08,-2.88934e-10
408.89,316,1.80227e-08,-1.80776e-09,-1.79313e-08,-1.36041e-10
409.756,315.5,1.80007e-08,-1.84584e-09,-1.79058e-08,1.65313e-11
410.622,315,1.80759e-08,-1.88254e-09,-1.79768e-08,1.67768e-10
411.488,314.5,1.82349e-08,-1.91803e-09,-1.8131e-08,3.17804e-10
412.354,314,1.83952e-08,-1.95335e-09,-1.82852e-08,4.67512e-10
413.22,313.5,1.85567e-08,-1.9885e-09,-1.84395e-08,6.16891e-10
414.086,313,1.87194e-08,-2.02349e-09,-1.8594e-08,7.65941e-10
414.952,312.5,1.88833e-08,-2.05832e-09,-1.87485e-08,9.14663e-10
415.818,312,1.90484e-08,-2.09298e-09,-1.89032e-08,1.06306e-09
416.684,311.5,1.92115e-08,-2.12781e-09,-1.90585e-08,1.15197e-09
417.55,311,1.93709e-08,-2.16309e-09,-1.92145e-08,1.16487e-09
418.416,310.5,1.95305e-08,-2.19844e-09,-1.93706e-08,1.17796e-09
419.282,310,1.96902e-08,-2.23386e-09,-1.95267e-08,1.19124e-09
420.148,309.5,1.98499e-08,-2.26936e-09,-1.96829e-08,1.20472e-09
421.014,309,2.00098e-08,-2.30494e-09,-1.98392e-08,1.21839e-09
421.88,308.5,2.00238e-08,-2.316e-09,-1.98512e-08,1.23258e-09
422.746,308,2.0023e-08,-2.3247e-09,-1.98485e-08,1.24682e-09
423.612,307.5,2.00221e-08,-2.33354e-09,-1.98457e-08,1.26108e-09
424.478,307,2.00212e-08,-2.34251e-09,-1.98428e-08,1.27536e-09
425.344,306.5,2.00202e-08,-2.35161e-09,-1.98398e-08,1.28965e-09
426.21,306,2.00192e-08,-2.36084e-09,-1.98367e-08,1.30396e-09
427.076,305.5,2.00181e-08,-2.37021e-09,-1.98335e-08,1.31828e-09
427.942,305,2.00169e-08,-2.37971e-09,-1.98302e-08,1.33262e-09
428.808,304.5,2.00157e-08,-2.38935e-09,-1.98269e-08,1.34697e-09
429.674,304,2.00144e-08,-2.39912e-09,-1.98234e-08,1.36134e-09
430.54,303.5,2.00131e-08,-2.40902e-09,-1.98199e-08,1.37573e-09
431.406,303,2.00117e-08,-2.41905e-09,-1.98163e-08,1.39013e-09
432.272,302.5,1.99886e-08,-2.42883e-09,-1.97907e-08,1.40468e-09
433.138,302,1.99095e-08,-2.43772e-09,-1.97086e-08,1.41964e-09
434.004,301.5,1.98304e-08,-2.44671e-09,-1.96265e-08,1.43468e-09
434.87,301,1.97513e-08,-2.45578e-09,-1.95443e-08,1.44982e-09
435.737,300.5,1.96788e-08,-2.46364e-09,-1.94683e-08,1.47371e-09
436.603,300,1.96116e-08,-2.47044e-09,-1.93972e-08,1.50428e-09
437.469,299.5,1.95443e-08,-2.47717e-09,-1.93259e-08,1.53477e-09
438.335,299,1.94771e-08,-2.48382e-09,-1.92545e-08,1.56517e-09
439.201,298.5,1.94097e-08,-2.49041e-09,-1.91831e-08,1.5955e-09
440.067,298,1.93424e-08,-2.49692e-09,-1.91115e-08,1.62574e-09
440.933,297.5,1.9275e-08,-2.50335e-09,-1.90399e-08,1.6559e-09
441.799,297,1.92076e-08,-2.50972e-09,-1.89681e-08,1.68598e-09
442.665,296.5,1.91402e-08,-2.51601e-09,-1.88963e-08,1.71598e-09
443.531,296,1.91052e-08,-2.4534e-09,-1.88664e-08,1.74565e-09
444.397,295.5,1.90881e-08,-2.35352e-09,-1.88591e-08,1.77511e-09
445.263,295,1.90717e-08,-2.25359e-09,-1.88519e-08,1.80448e-09
446.129,294.5,1.90557e-08,-2.15364e-09,-1.88446e-08,1.83377e-09
446.995,294,1.90403e-08,-2.05364e-09,-1.88373e-08,1.86298e-09
447.861,293.5,1.90254e-08,-1.95362e-09,-1.883e-08,1.89211e-09
448.727,293,1.9011e-08,-1.85355e-09,-1.88227e-08,1.92116e-09
449.593,292.5,1.89972e-08,-1.75346e-09,-1.88153e-08,1.95012e-09
450.459,292,1.89839e-08,-1.65333e-09,-1.8808e-08,1.979e-09
451.325,291.5,1.89712e-08,-1.55316e-09,-1.88006e-08,2.00781e-09
452.191,291,1.8959e-08,-1.45296e-09,-1.87932e-08,2.03653e-09
453.057,290.5,1.89473e-08,-1.35272e-09,-1.87858e-08,2.06516e-09
453.923,290,1.89378e-08,-1.25486e-09,-1.87798e-08,2.09374e-09
454.789,289.5,1.89508e-08,-1.28095e-09,-1.87916e-08,2.09038e-09
455.655,289,1.89374e-08,-1.30804e-09,-1.87782e-08,2.07218e-09
456.521,288.5,1.89241e-08,-1.33527e-09,-1.87649e-08,2.05408e-09
457.387,288,1.8911e-08,-1.36264e-09,-1.87516e-08,2.03606e-09
458.253,287.5,1.88981e-08,-1.39016e-09,-1.87385e-08,2.01814e-09
459.119,287,1.88854e-08,-1.41781e-09,-1.87255e-08,2.00029e-09
459.985,286.5,1.88728e-08,-1.4456e-09,-1.87126e-08,1.98254e-09
460.851,286,1.88604e-08,-1.47354e-09,-1.86998e-08,1.96487e-09
461.717,285.5,1.88482e-08,-1.50161e-09,-1.86871e-08,1.9473e-09
462.583,285,1.88362e-08,-1.52983e-09,-1.86746e-08,1.92981e-09
463.449,284.5,1.88244e-08,-1.55819e-09,-1.86621e-08,1.9124e-09
464.315,284,1.88127e-08,-1.58669e-09,-1.86497e-08,1.89509e-09
465.181,283.5,1.87904e-08,-1.60464e-09,-1.86274e-08,1.87802e-09
466.047,283,1.87513e-08,-1.60601e-09,-1.85895e-08,1.86126e-09
466.913,282.5,1.87123e-08,-1.60751e-09,-1.85516e-08,1.84458e-09
467.779,282,1.86733e-08,-1.60915e-09,-1.85139e-08,1.82797e-09
468.645,281.5,1.86345e-08,-1.61092e-09,-1.84762e-08,1.81142e-09
469.512,281,1.85958e-08,-1.61283e-09,-1.84385e-08,1.79495e-09
470.378,280.5,1.85571e-08,-1.61487e-09,-1.8401e-08,1.77856e-09
471.244,280,1.85186e-08,-1.61705e-09,-1.83635e-08,1.76223e-09
472.11,279.5,1.84801e-08,-1.61937e-09,-1.8326e-08,1.74597e-09
472.976,279,1.84417e-08,-1.62182e-09,-1.82887e-08,1.72979e-09
473.842,278.5,1.84587e-08,-1.62172e-09,-1.83056e-08,1.73161e-09
474.708,278,1.84885e-08,-1.62104e-09,-1.83351e-08,1.73746e-09
475.574,277.5,1.85181e-08,-1.62038e-09,-1.83646e-08,1.74319e-09
476.44,277,1.86064e-08,-1.61405e-09,-1.84535e-08,1.74974e-09
477.306,276.5,1.87132e-08,-1.6059e-09,-1.85613e-08,1.7564e-09
478.172,276,1.88199e-08,-1.59773e-09,-1.86689e-08,1.76287e-09
479.038,275.5,1.89266e-08,-1.58955e-09,-1.87766e-08,1.76914e-09
