x,v,vx,vy,vz
220.096,425,1.01837e-07,-9.87258e-09,-1.01355e-07,6.83176e-10
220.962,424.5,1.00763e-07,-9.97851e-09,-1.00265e-07,7.30917e-10
221.828,424,9.98428e-08,-9.97362e-09,-9.93403e-08,7.80072e-10
222.694,423.5,9.91948e-08,-9.79924e-09,-9.87029e-08,1.14744e-09
223.56,423,9.85671e-08,-9.62527e-09,-9.80816e-08,1.67957e-09
224.426,422.5,9.79411e-08,-9.4524e-09,-9.74588e-08,2.21119e-09
225.292,422,9.73169e-08,-9.28061e-09,-9.68346e-08,2.7423e-09
226.158,421.5,9.66945e-08,-9.10992e-09,-9.62088e-08,3.27289e-09
227.024,421,9.61122e-08,-8.96211e-09,-9.56178e-08,3.80321e-09
227.89,420.5,9.59591e-08,-9.05789e-09,-9.54322e-08,4.3355e-09
228.756,420,9.58099e-08,-9.1536e-09,-9.52474e-08,4.86687e-09
229.622,419.5,9.56645e-08,-9.24924e-09,-9.50633e-08,5.39732e-09
230.488,419,9.5523e-08,-9.34483e-09,-9.48799e-08,5.92685e-09
231.355,418.5,9.53854e-08,-9.44035e-09,-9.46973e-08,6.45546e-09
232.221,418,9.49517e-08,-9.53516e-09,-9.42568e-08,6.36962e-09
233.087,417.5,9.44562e-08,-9.31149e-09,-9.38014e-08,6.04617e-09
233.953,417,9.39796e-08,-8.99158e-09,-9.33732e-08,5.72379e-09
234.819,416.5,9.35058e-08,-8.672e-09,-9.29459e-08,5.40172e-09
235.685,416,9.30347e-08,-8.35274e-09,-9.25196e-08,5.07996e-09
236.551,415.5,9.25664e-08,-8.03382e-09,-9.20943e-08,4.7585e-09
237.417,415,9.2101e-08,-7.71522e-09,-9.16699e-08,4.43735e-09
238.283,414.5,9.18441e-08,-7.48456e-09,-9.14461e-08,4.11597e-09
239.149,414,9.18374e-08,-7.36061e-09,-9.14633e-08,3.7935e-09
240.015,413.5,9.18315e-08,-7.23763e-09,-9.148e-08,3.47032e-09
240.881,413,9.18264e-08,-7.11562e-09,-9.14962e-08,3.14642e-09
241.747,412.5,9.20585e-08,-6.99334e-09,-9.17661e-08,2.20228e-09
242.613,412,9.2371e-08,-6.87072e-09,-9.21087e-08,1.08402e-09
243.479,411.5,9.26791e-08,-6.7366e-09,-9.24339e-08,-3.39405e-11
244.345,411,9.28767e-08,-6.53172e-09,-9.26397e-08,-1.1469e-09
245.211,410.5,9.30879e-08,-6.32756e-09,-9.2845e-08,-2.26099e-09
246.077,410,9.33124e-08,-6.12414e-09,-9.305e-08,-3.37622e-09
246.943,409.5,9.35504e-08,-5.92145e-09,-9.32546e-08,-4.49259e-09
247.809,409,9.38016e-08,-5.7195e-09,-9.34588e-08,-5.6101e-09
248.675,408.5,9.4066e-08,-5.51828e-09,-9.36626e-08,-6.72874e-09
249.541,408,9.45233e-08,-5.25292e-09,-9.40504e-08,-7.84764e-09
250.407,407.5,9.50334e-08,-4.97306e-09,-9.44788e-08,-8.96605e-09
251.273,407,9.55327e-08,-4.69131e-09,-9.49413e-08,-9.52055e-09
252.139,406.5,9.60311e-08,-4.41014e-09,-9.54102e-08,-9.9717e-09
253.005,406,9.65326e-08,-4.1299e-09,-9.58792e-08,-1.0424e-08
253.871,405.5,9.70369e-08,-3.85059e-09,-9.63484e-08,-1.08773e-08
254.737,405,9.75102e-08,-3.52903e-09,-9.67853e-08,-1.13304e-08
255.603,404.5,9.79539e-08,-3.16651e-09,-9.71911e-08,-1.1782e-08
256.469,404,9.84008e-08,-2.80471e-09,-9.75971e-08,-1.22333e-08
257.335,403.5,9.88509e-08,-2.44363e-09,-9.80032e-08,-1.26842e-08
258.201,403,9.93041e-08,-2.08328e-09,-9.84095e-08,-1.31348e-08
259.067,402.5,9.97604e-08,-1.72364e-09,-9.8816e-08,-1.35851e-08
259.933,402,1.00255e-07,-1.36598e-09,-9.92578e-08,-1.40351e-08
260.799,401.5,1.00501e-07,-1.00902e-09,-9.95673e-08,-1.36291e-08
261.665,401,1.0071e-07,-6.50168e-10,-9.98474e-08,-1.31372e-08
262.531,400.5,1.00923e-07,-2.89868e-10,-1.00127e-07,-1.26482e-08
263.397,400,1.0114e-07,7.18849e-11,-1.00406e-07,-1.2162e-08
264.263,399.5,1.0136e-07,4.3509e-10,-1.00684e-07,-1.16788e-08
265.13,399,1.01585e-07,7.99749e-10,-1.00962e-07,-1.11984e-08
265.996,398.5,1.01713e-07,1.00636e-09,-1.01142e-07,-1.07215e-08
266.862,398,1.01832e-07,1.19004e-09,-1.01308e-07,-1.02465e-08
267.728,397.5,1.01952e-07,1.37263e-09,-1.01474e-07,-9.77305e-09
268.594,397,1.02076e-07,1.55411e-09,-1.0164e-07,-9.30122e-09
269.46,396.5,1.02203e-07,1.73449e-09,-1.01806e-07,-8.831e-09
270.326,396,1.01615e-07,1.91258e-09,-1.01273e-07,-8.09797e-09
271.192,395.5,1.01044e-07,2.28513e-09,-1.00751e-07,-7.34468e-09
272.058,395,1.00507e-07,2.8093e-09,-1.00252e-07,-6.58159e-09
272.924,394.5,9.99782e-08,3.33325e-09,-9.97532e-08,-5.81744e-09
273.79,394,9.94564e-08,3.85698e-09,-9.92531e-08,-5.05224e-09
274.656,393.5,9.8942e-08,4.38048e-09,-9.8752e-08,-4.28598e-09
275.522,393,9.84352e-08,4.90376e-09,-9.825e-08,-3.51866e-09
276.388,392.5,9.79114e-08,5.52098e-09,-9.77168e-08,-2.75731e-09
277.254,392,9.73233e-08,6.42412e-09,-9.70901e-08,-2.01627e-09
278.12,391.5,9.67474e-08,7.33136e-09,-9.64608e-08,-1.27456e-09
278.986,391,9.62198e-08,8.24257e-09,-9.58645e-08,-5.63499e-10
279.852,390.5,9.68121e-08,9.15187e-09,-9.6375e-08,-8.2171e-10
280.718,390,9.7414e-08,1.00617e-08,-9.6887e-08,-1.07669e-09
281.584,389.5,9.80254e-08,1.09719e-08,-9.74004e-08,-1.32842e-09
282.45,389,9.88051e-08,1.08454e-08,-9.81954e-08,-1.5746e-09
283.316,388.5,9.9595e-08,1.06472e-08,-9.90075e-08,-1.81792e-09
284.182,388,1.00384e-07,1.04498e-08,-9.98169e-08,-2.05856e-09
285.048,387.5,1.01171e-07,1.02533e-08,-1.00624e-07,-2.29652e-09
285.914,387,1.01956e-07,1.00577e-08,-1.01427e-07,-2.53179e-09
286.78,386.5,1.02741e-07,9.86299e-09,-1.02229e-07,-2.76438e-09
287.646,386,1.032e-07,8.89322e-09,-1.02772e-07,-2.99608e-09
288.512,385.5,1.03578e-07,7.44554e-09,-1.03263e-07,-3.10867e-09
289.378,385,1.04946e-07,5.99096e-09,-1.04754e-07,-2.08692e-09
290.244,384.5,1.06346e-07,4.53999e-09,-1.06244e-07,-1.06223e-09
291.11,384,1.07776e-07,3.09262e-09,-1.07731e-07,-3.46154e-11
291.976,383.5,1.09234e-07,1.64887e-09,-1.09217e-07,9.95938e-10
292.842,383,1.10603e-07,4.12126e-10,-1.10584e-07,2.0271e-09
293.708,382.5,1.11728e-07,-3.60662e-10,-1.11685e-07,3.05599e-09
294.574,382,1.1287e-07,-1.13442e-09,-1.1279e-07,4.08794e-09
295.44,381.5,1.1403e-07,-1.90915e-09,-1.13899e-07,5.12295e-09
296.306,381,1.15207e-07,-2.68485e-09,-1.15011e-07,6.16103e-09
297.172,380.5,1.164e-07,-3.46153e-09,-1.16126e-07,7.20218e-09
298.038,380,1.17588e-07,-4.24201e-09,-1.1726e-07,7.68858e-09
298.905,379.5,1.19393e-07,-4.0444e-09,-1.19212e-07,5.1759e-09
299.771,379,1.21269e-07,-3.83773e-09,-1.21179e-07,2.66563e-09
300.637,378.5,1.23205e-07,-3.63175e-09,-1.23152e-07,1.57656e-10
301.503,378,1.25201e-07,-3.42646e-09,-1.25132e-07,-2.34802e-09
302.369,377.5,1.27252e-07,-3.22185e-09,-1.27118e-07,-4.85141e-09
303.235,377,1.29356e-07,-3.01793e-09,-1.29112e-07,-7.35249e-09
304.101,376.5,1.3208e-07,-2.14512e-09,-1.31692e-07,-9.87881e-09
304.967,376,1.35132e-07,-9.4784e-10,-1.34557e-07,-1.24224e-08
305.833,375.5,1.3824e-07,2.52977e-10,-1.37426e-07,-1.49712e-08
306.699,375,1.41399e-07,1.45733e-09,-1.40301e-07,-1.75253e-08
307.565,374.5,1.44579e-07,2.66803e-09,-1.43274e-07,-1.91982e-08
308.431,374,1.47709e-07,3.88679e-09,-1.46592e-07,-1.77131e-08
309.297,373.5,1.50158e-07,4.80493e-09,-1.49203e-07,-1.62173e-08
310.163,373,1.51346e-07,5.18752e-09,-1.50541e-07,-1.47015e-08
311.029,372.5,1.52549e-07,5.55437e-09,-1.51875e-07,-1.32037e-08
311.895,372,1.53768e-07,5.90548e-09,-1.53206e-07,-1.17241e-08
312.761,371.5,1.55e-07,6.24084e-09,-1.54534e-07,-1.02627e-08
313.627,371,1.56244e-07,6.56045e-09,-1.55857e-07,-8.8194e-09
314.493,370.5,1.5742e-07,6.95119e-09,-1.57093e-07,-7.39963e-09
315.359,370,1.56958e-07,9.13452e-09,-1.56572e-07,-6.12187e-09
316.225,369.5,1.56539e-07,1.13147e-08,-1.56053e-07,-4.88552e-09
317.091,369,1.55874e-07,1.35797e-08,-1.55268e-07,-1.99076e-09
317.957,368.5,1.54739e-07,1.60904e-08,-1.53809e-07,5.30449e-09
318.823,368,1.54025e-07,1.86348e-08,-1.52364e-07,1.27112e-08
319.689,367.5,1.53752e-07,2.12131e-08,-1.50932e-07,2.02295e-08
320.555,367,1.52688e-07,1.56228e-08,-1.49316e-07,2.78257e-08
321.421,366.5,1.52005e-07,7.01492e-09,-1.47632e-07,3.55103e-08
322.287,366,1.52247e-07,-1.60119e-09,-1.45953e-07,4.32939e-08
323.153,365.5,1.53427e-07,-1.02256e-08,-1.44279e-07,5.11764e-08
324.019,365,1.5554e-07,-1.88582e-08,-1.42609e-07,5.91579e-08
324.885,364.5,1.58564e-07,-2.74992e-08,-1.40944e-07,6.72383e-08
325.751,364,1.60352e-07,-2.91909e-08,-1.38455e-07,7.54366e-08
326.617,363.5,1.56712e-07,-2.14669e-08,-1.32803e-07,8.0381e-08
327.483,363,1.47095e-07,-1.43623e-08,-1.23346e-07,7.88443e-08
328.349,362.5,1.37756e-07,-7.25489e-09,-1.13907e-07,7.71316e-08
329.215,362,1.28759e-07,-1.44501e-10,-1.04486e-07,7.52427e-08
330.081,361.5,1.20185e-07,6.96882e-09,-9.50841e-08,7.31777e-08
330.947,361,1.12584e-07,1.40991e-08,-8.62095e-08,7.10233e-08
331.813,360.5,1.09552e-07,2.15905e-08,-8.17739e-08,6.96317e-08
332.679,360,1.07282e-07,2.951e-08,-7.72189e-08,6.83802e-08
333.546,359.5,1.05929e-07,3.78575e-08,-7.25445e-08,6.72687e-08
334.412,359,1.05641e-07,4.6633e-08,-6.77505e-08,6.62972e-08
335.278,358.5,1.06546e-07,5.58365e-08,-6.28371e-08,6.54656e-08
336.144,358,1.07247e-07,6.48735e-08,-6.01591e-08,6.06152e-08
337.01,357.5,1.08051e-07,6.87213e-08,-6.82524e-08,4.78954e-08
337.876,357,1.10788e-07,7.0436e-08,-7.83916e-08,3.41681e-08
338.742,356.5,1.15311e-07,7.10747e-08,-8.85998e-08,1.98785e-08
339.608,356,1.21621e-07,7.06375e-08,-9.8877e-08,5.0266e-09
340.474,355.5,1.29676e-07,6.91243e-08,-1.09223e-07,-1.03876e-08
341.34,355,1.39411e-07,6.65352e-08,-1.19638e-07,-2.6364e-08
342.206,354.5,1.40546e-07,5.06825e-08,-1.24955e-07,-3.96321e-08
343.072,354,1.35605e-07,2.11518e-08,-1.24461e-07,-4.95072e-08
343.938,353.5,1.37696e-07,-8.06497e-09,-1.23896e-07,-5.95386e-08
344.804,353,1.46362e-07,-3.69678e-08,-1.23262e-07,-6.97263e-08
345.67,352.5,1.55583e-07,-6.17174e-08,-1.22743e-07,-7.30157e-08
346.536,352,1.62497e-07,-8.19396e-08,-1.22566e-07,-6.83283e-08
347.402,351.5,1.70374e-07,-9.84429e-08,-1.22826e-07,-6.51926e-08
348.268,351,1.71858e-07,-9.56538e-08,-1.24155e-07,-7.05046e-08
349.134,350.5,1.73198e-07,-9.28552e-08,-1.25025e-07,-7.57909e-08
350,350,1.74389e-07,-9.00471e-08,-1.25435e-07,-8.10516e-08
350.866,349.5,1.7543e-07,-8.72294e-08,-1.25385e-07,-8.62868e-08
351.732,349,1.76321e-07,-8.44023e-08,-1.24875e-07,-9.14963e-08
352.598,348.5,1.77067e-07,-8.15657e-08,-1.23906e-07,-9.66803e-08
353.464,348,1.63867e-07,-5.45351e-08,-1.23016e-07,-9.35167e-08
354.33,347.5,1.53093e-07,-2.3544e-08,-1.22481e-07,-8.8778e-08
355.196,347,1.44855e-07,3.04644e-09,-1.22767e-07,-7.68247e-08
356.062,346.5,1.39001e-07,2.62165e-08,-1.23515e-07,-5.81221e-08
356.928,346,1.39224e-07,4.9479e-08,-1.24185e-07,-3.89013e-08
357.794,345.5,1.45744e-07,7.28337e-08,-1.24778e-07,-1.91625e-08
358.66,345,1.54869e-07,8.22963e-08,-1.31155e-07,-3.15911e-09
359.526,344.5,1.63987e-07,7.99947e-08,-1.42855e-07,9.22414e-09
360.392,344,1.74872e-07,7.86396e-08,-1.54679e-07,2.16888e-08
361.258,343.5,1.87236e-07,7.82309e-08,-1.66629e-07,3.4235e-08
362.124,343,2.00838e-07,7.87686e-08,-1.78704e-07,4.68626e-08
362.99,342.5,2.15485e-07,8.02527e-08,-1.90904e-07,5.95717e-08
363.856,342,2.27944e-07,7.93249e-08,-2.00684e-07,7.34298e-08
364.722,341.5,2.23051e-07,6.66056e-08,-1.96934e-07,8.08234e-08
365.588,341,2.13602e-07,5.3731e-08,-1.90267e-07,8.08546e-08
366.454,340.5,2.04495e-07,4.04624e-08,-1.83519e-07,8.06317e-08
367.321,340,1.95864e-07,2.67997e-08,-1.76691e-07,8.01546e-08
368.187,339.5,1.87874e-07,1.2743e-08,-1.69783e-07,7.94234e-08
369.053,339,1.80713e-07,-1.70788e-09,-1.62794e-07,7.8438e-08
369.919,338.5,1.71648e-07,-6.04424e-09,-1.53849e-07,7.58745e-08
370.785,338,1.62469e-07,-9.1997e-09,-1.44682e-07,7.33398e-08
371.651,337.5,1.53481e-07,-1.23432e-08,-1.35507e-07,7.1007e-08
372.517,337,1.44711e-07,-1.54747e-08,-1.26325e-07,6.88759e-08
373.383,336.5,1.36192e-07,-1.85942e-08,-1.17135e-07,6.69468e-08
374.249,336,1.30134e-07,-2.10859e-08,-1.11794e-07,6.31863e-08
375.115,335.5,1.25004e-07,-1.84732e-08,-1.08952e-07,5.84311e-08
375.981,335,1.19856e-07,-1.24613e-08,-1.06477e-07,5.35993e-08
376.847,334.5,1.15013e-07,-6.44399e-09,-1.04026e-07,4.86309e-08
377.713,334,1.10532e-07,-4.21371e-10,-1.01601e-07,4.35258e-08
378.579,333.5,1.06478e-07,5.6066e-09,-9.91994e-08,3.8284e-08
379.445,333,1.02922e-07,1.16399e-08,-9.68231e-08,3.29055e-08
380.311,332.5,9.95506e-08,1.56764e-08,-9.44007e-08,2.74422e-08
381.177,332,9.54681e-08,1.42398e-08,-9.17972e-08,2.20151e-08
382.043,331.5,9.16042e-08,1.27588e-08,-8.91979e-08,1.65008e-08
382.909,331,8.80058e-08,1.12336e-08,-8.66028e-08,1.08993e-08
383.775,330.5,8.64993e-08,9.45439e-09,-8.57833e-08,5.82931e-09
384.641,330,8.59897e-08,7.58432e-09,-8.56485e-08,1.01562e-09
385.507,329.5,8.57766e-08,5.71133e-09,-8.55033e-08,-3.76738e-09
386.373,329,8.82267e-08,5.57679e-09,-8.76339e-08,-8.5535e-09
387.239,328.5,9.10178e-08,5.54027e-09,-8.98672e-08,-1.33204e-08
388.105,328,9.40107e-08,5.51823e-09,-9.20932e-08,-1.80668e-08
388.971,327.5,9.71833e-08,5.51065e-09,-9.43118e-08,-2.27926e-08
389.837,327,1.00515e-07,5.51755e-09,-9.65232e-08,-2.74978e-08
390.703,326.5,1.03988e-07,5.53891e-09,-9.87271e-08,-3.21824e-08
391.569,326,1.08581e-07,4.57401e-09,-1.02037e-07,-3.68405e-08
392.435,325.5,1.13846e-07,3.04952e-09,-1.05975e-07,-4.14824e-08
393.301,325,1.15957e-07,1.54767e-09,-1.09292e-07,-3.8717e-08
394.167,324.5,1.1743e-07,4.70604e-11,-1.12436e-07,-3.38821e-08
395.033,324,1.19185e-07,-1.45865e-09,-1.15581e-07,-2.90502e-08
395.899,323.5,1.21211e-07,-2.96948e-09,-1.18729e-07,-2.42211e-08
396.765,323,1.23189e-07,-4.08614e-09,-1.21584e-07,-1.93941e-08
397.631,322.5,1.24761e-07,-4.37243e-09,-1.23831e-07,-1.45693e-08
398.497,322,1.26543e-07,-4.65747e-09,-1.26081e-07,-9.74913e-09
399.363,321.5,1.28525e-07,-4.94127e-09,-1.28335e-07,-4.93364e-09
400.229,321,1.30698e-07,-5.22383e-09,-1.30594e-07,-1.22827e-10
401.095,320.5,1.33052e-07,-5.50513e-09,-1.32856e-07,4.68332e-09
401.962,320,1.35571e-07,-5.77512e-09,-1.35115e-07,9.48475e-09
402.828,319.5,1.36779e-07,-5.00684e-09,-1.3639e-07,9.00511e-09
403.694,319,1.37885e-07,-4.23608e-09,-1.37613e-07,7.54775e-09
404.56,318.5,1.39016e-07,-3.46447e-09,-1.38839e-07,6.08926e-09
405.426,318,1.40169e-07,-2.69202e-09,-1.40067e-07,4.62963e-09
406.292,317.5,1.41346e-07,-1.91871e-09,-1.41297e-07,3.16888e-09
407.158,317,1.42544e-07,-1.14455e-09,-1.42529e-07,1.70699e-09
408.024,316.5,1.4398e-07,2.14135e-10,-1.4398e-07,2.47026e-10
408.89,316,1.45543e-07,1.8281e-09,-1.45526e-07,-1.2132e-09
409.756,315.5,1.47137e-07,3.44079e-09,-1.47072e-07,-2.67511e-09
410.622,315,1.48763e-07,5.05222e-09,-1.48619e-07,-4.1387e-09
411.488,314.5,1.50419e-07,6.66237e-09,-1.50167e-07,-5.60398e-09
412.354,314,1.51103e-07,8.26901e-09,-1.50767e-07,-5.75026e-09
413.22,313.5,1.51885e-07,9.3654e-09,-1.51486e-07,-5.75922e-09
414.086,313,1.5297e-07,9.62887e-09,-1.52557e-07,-5.76734e-09
414.952,312.5,1.54054e-07,9.89145e-09,-1.53628e-07,-5.77464e-09
415.818,312,1.55139e-07,1.01532e-08,-1.54698e-07,-5.78112e-09
416.684,311.5,1.56224e-07,1.0414e-08,-1.55769e-07,-5.78678e-09
417.55,311,1.57308e-07,1.06739e-08,-1.56839e-07,-5.79163e-09
418.416,310.5,1.58361e-07,1.08536e-08,-1.57882e-07,-5.7953e-09
419.282,310,1.58956e-07,9.8988e-09,-1.58542e-07,-5.7929e-09
420.148,309.5,1.59559e-07,8.94336e-09,-1.59202e-07,-5.78935e-09
421.014,309,1.60168e-07,7.98733e-09,-1.59864e-07,-5.78465e-09
421.88,308.5,1.59266e-07,7.02756e-09,-1.58977e-07,-6.5236e-09
422.746,308,1.58324e-07,6.06609e-09,-1.5804e-07,-7.28719e-09
423.612,307.5,1.5739e-07,5.10301e-09,-1.57102e-07,-8.05143e-09
424.478,307,1.56647e-07,4.48031e-09,-1.56335e-07,-8.81058e-09
425.344,306.5,1.5597e-07,3.97063e-09,-1.55626e-07,-9.56783e-09
426.21,306,1.55299e-07,3.46049e-09,-1.54917e-07,-1.0325e-08
427.076,305.5,1.54634e-07,2.94989e-09,-1.54208e-07,-1.1082e-08
427.942,305,1.53975e-07,2.43882e-09,-1.535e-07,-1.1839e-08
428.808,304.5,1.53322e-07,1.9273e-09,-1.52791e-07,-1.25958e-08
429.674,304,1.52608e-07,1.57615e-09,-1.52014e-07,-1.33533e-08
430.54,303.5,1.51839e-07,1.4335e-09,-1.51176e-07,-1.41048e-08
431.406,303,1.51897e-07,1.29445e-09,-1.51184e-07,-1.4636e-08
432.272,302.5,1.51956e-07,1.15508e-09,-1.51193e-07,-1.51678e-08
433.138,302,1.52019e-07,1.0154e-09,-1.51203e-07,-1.57002e-08
434.004,301.5,1.52084e-07,8.75417e-10,-1.51213e-07,-1.62332e-08
434.87,301,1.52176e-07,7.09477e-10,-1.51248e-07,-1.67664e-08
435.737,300.5,1.52445e-07,3.56864e-10,-1.5146e-07,-1.72971e-08
436.603,300,1.52717e-07,3.50648e-12,-1.51673e-07,-1.78275e-08
437.469,299.5,1.52991e-07,-3.50597e-10,-1.51885e-07,-1.83576e-08
438.335,299,1.53267e-07,-7.05446e-10,-1.52097e-07,-1.88874e-08
439.201,298.5,1.53545e-07,-1.06104e-09,-1.52309e-07,-1.9417e-08
440.067,298,1.53852e-07,-1.41723e-09,-1.52561e-07,-1.98389e-08
440.933,297.5,1.54208e-07,-1.82531e-09,-1.52994e-07,-1.92239e-08
441.799,297,1.5452e-07,-2.24588e-09,-1.53378e-07,-1.86095e-08
442.665,296.5,1.54835e-07,-2.66616e-09,-1.53763e-07,-1.79955e-08
443.531,296,1.55154e-07,-3.08618e-09,-1.54147e-07,-1.73818e-08
444.397,295.5,1.55477e-07,-3.50591e-09,-1.54531e-07,-1.67686e-08
445.263,295,1.55804e-07,-3.92537e-09,-1.54914e-07,-1.61556e-08
446.129,294.5,1.5619e-07,-4.26894e-09,-1.55356e-07,-1.55438e-08
446.995,294,1.56638e-07,-4.53393e-09,-1.55858e-07,-1.4933e-08
447.861,293.5,1.57089e-07,-4.79855e-09,-1.56361e-07,-1.43225e-08
448.727,293,1.57543e-07,-5.06278e-09,-1.56864e-07,-1.37123e-08
449.593,292.5,1.57978e-07,-5.32683e-09,-1.57352e-07,-1.29935e-08
450.459,292,1.58298e-07,-5.59199e-09,-1.57767e-07,-1.16853e-08
451.325,291.5,1.58582e-07,-5.83929e-09,-1.58134e-07,-1.03763e-08
452.191,291,1.5866e-07,-6.00146e-09,-1.58287e-07,-9.06669e-09
453.057,290.5,1.5875e-07,-6.1631e-09,-1.5844e-07,-7.75721e-09
453.923,290,1.5885e-07,-6.32419e-09,-1.58593e-07,-6.44784e-09
454.789,289.5,1.58961e-07,-6.48476e-09,-1.58745e-07,-5.13858e-09
455.655,289,1.59083e-07,-6.64478e-09,-1.58898e-07,-3.82944e-09
456.521,288.5,1.59216e-07,-6.80427e-09,-1.5905e-07,-2.5204e-09
457.387,288,1.59534e-07,-6.90221e-09,-1.5938e-07,-1.21275e-09
458.253,287.5,1.59891e-07,-6.99053e-09,-1.59738e-07,9.44089e-11
459.119,287,1.60187e-07,-7.07886e-09,-1.60026e-07,1.1995e-09
459.985,286.5,1.60228e-07,-7.16603e-09,-1.6006e-07,1.58387e-09
460.851,286,1.60271e-07,-7.25236e-09,-1.60095e-07,1.96813e-09
461.717,285.5,1.60314e-07,-7.33784e-09,-1.60129e-07,2.3523e-09
462.583,285,1.60089e-07,-7.54617e-09,-1.59888e-07,2.73524e-09
463.449,284.5,1.59643e-07,-7.85707e-09,-1.59419e-07,3.11711e-09
464.315,284,1.59198e-07,-8.16849e-09,-1.5895e-07,3.4988e-09
465.181,283.5,1.58755e-07,-8.48044e-09,-1.58481e-07,3.88032e-09
466.047,283,1.58314e-07,-8.79292e-09,-1.58013e-07,4.26166e-09
466.913,282.5,1.57875e-07,-9.10593e-09,-1.57544e-07,4.64284e-09
467.779,282,1.57414e-07,-9.31566e-09,-1.57058e-07,5.02414e-09
468.645,281.5,1.56966e-07,-9.18202e-09,-1.56614e-07,5.13288e-09
469.512,281,1.56757e-07,-9.04711e-09,-1.5643e-07,4.54275e-09
470.378,280.5,1.56551e-07,-8.91231e-09,-1.56247e-07,3.95237e-09
471.244,280,1.56347e-07,-8.77763e-09,-1.56064e-07,3.36174e-09
472.11,279.5,1.56146e-07,-8.64307e-09,-1.55882e-07,2.77087e-09
472.976,279,1.55947e-07,-8.50862e-09,-1.55699e-07,2.17976e-09
473.842,278.5,1.55302e-07,-8.63144e-09,-1.55054e-07,1.5861e-09
474.708,278,1.54619e-07,-8.77674e-09,-1.54367e-07,9.92541e-10
475.574,277.5,1.53937e-07,-8.92141e-09,-1.53678e-07,3.99327e-10
476.44,277,1.53257e-07,-9.06546e-09,-1.52989e-07,-1.93545e-10
477.306,276.5,1.52578e-07,-9.20888e-09,-1.52298e-07,-7.86077e-10
478.172,276,1.51891e-07,-9.35275e-09,-1.51597e-07,-1.20651e-09
479.038,275.5,1.50938e-07,-9.34848e-09,-1.50642e-07,-1.29849e-09
