x,v,vx,vy,vz
0,0.361601,-0.361601,0.000286121,0.000341442
2,0.361807,-0.361807,0.000234841,0.000330701
4,0.362008,-0.362007,0.000180368,0.000320188
6,0.362197,-0.362197,0.00014447,0.000310189
8,0.362376,-0.362375,0.000118539,0.00030148
10,0.362543,-0.362543,7.53427e-05,0.000294337
12,0.362698,-0.362697,-2.31162e-05,0.00028936
14,0.362834,-0.362833,-0.000222452,0.000287328
16,0.362888,-0.362888,-0.000531104,0.000292444
18,0.362913,-0.362912,-0.000920034,0.000306246
20,0.362881,-0.362878,-0.00142507,0.000331733
22,0.362783,-0.362777,-0.00204733,0.000371521
24,0.362628,-0.362617,-0.00274582,0.000429312
26,0.362314,-0.362301,-0.00296645,0.00049639
28,0.361847,-0.361837,-0.00261279,0.000503711
30,0.361305,-0.361299,-0.00207885,0.000488431
32,0.360763,-0.360759,-0.00169305,0.000483499
34,0.360258,-0.360255,-0.0014211,0.000476299
36,0.359811,-0.359809,-0.0011927,0.000469683
38,0.359411,-0.359409,-0.000995914,0.000463415
40,0.359057,-0.359055,-0.000830813,0.000457192
42,0.358747,-0.358746,-0.000697325,0.000450724
44,0.358481,-0.35848,-0.000576308,0.000444762
46,0.358249,-0.358249,-0.000488295,0.000439373
48,0.358037,-0.358037,-0.000420011,0.000434213
50,0.357842,-0.357841,-0.000366594,0.000429228
52,0.357665,-0.357664,-0.000328157,0.000424571
54,0.357501,-0.3575,-0.000290308,0.000420072
56,0.357357,-0.357357,-0.000256532,0.000415802
58,0.357231,-0.357231,-0.000227267,0.000411757
60,0.357118,-0.357118,-0.000202489,0.000407927
62,0.357017,-0.357016,-0.000181931,0.000404336
64,0.356925,-0.356925,-0.000156003,0.000400978
66,0.356842,-0.356842,-0.000135453,0.00039783
68,0.356765,-0.356765,-0.000121203,0.000394898
70,0.356691,-0.35669,-0.000112167,0.000392182
72,0.35662,-0.35662,-0.0001063,0.000389718
74,0.356551,-0.356551,-9.84754e-05,0.000387461
76,0.356487,-0.356487,-9.0309e-05,0.000385401
78,0.356428,-0.356428,-8.297e-05,0.00038354
80,0.356373,-0.356373,-7.75772e-05,0.000381877
82,0.356321,-0.356321,-7.28728e-05,0.000380468
84,0.356271,-0.356271,-6.60354e-05,0.000379247
86,0.356223,-0.356222,-5.98125e-05,0.000378218
88,0.356176,-0.356175,-5.56657e-05,0.000377387
90,0.356129,-0.356128,-5.3676e-05,0.000376773
92,0.356082,-0.356081,-5.2486e-05,0.000376387
94,0.356034,-0.356034,-5.10119e-05,0.000376164
96,0.355988,-0.355987,-4.91599e-05,0.000376101
98,0.355942,-0.355942,-4.70811e-05,0.000376201
100,0.355898,-0.355898,-4.56254e-05,0.000376505
102,0.355854,-0.355854,-4.4168e-05,0.000377023
104,0.35581,-0.35581,-4.23094e-05,0.000377728
106,0.355766,-0.355765,-4.04266e-05,0.000378622
108,0.355721,-0.355721,-3.91582e-05,0.000379706
110,0.355676,-0.355676,-3.88285e-05,0.00038104
112,0.355629,-0.355629,-3.86201e-05,0.000382568
114,0.355582,-0.355582,-3.87559e-05,0.00038428
116,0.355534,-0.355534,-3.8987e-05,0.000386177
118,0.355485,-0.355485,-3.8551e-05,0.000388276
120,0.355436,-0.355436,-3.81255e-05,0.000390616
122,0.355387,-0.355386,-3.74976e-05,0.000393134
124,0.355336,-0.355336,-3.69335e-05,0.000395834
126,0.355284,-0.355284,-3.66063e-05,0.000398717
128,0.355231,-0.35523,-3.64584e-05,0.000401819
130,0.355174,-0.355174,-3.6847e-05,0.00040515
132,0.355117,-0.355116,-3.70945e-05,0.000408672
134,0.355057,-0.355057,-3.78228e-05,0.000412397
136,0.354996,-0.354995,-3.9528e-05,0.000416336
138,0.354933,-0.354933,-3.94405e-05,0.000420554
140,0.354869,-0.354869,-3.91193e-05,0.000425001
142,0.354803,-0.354803,-3.81386e-05,0.000429645
144,0.354736,-0.354736,-3.69545e-05,0.000434491
146,0.354666,-0.354666,-3.66027e-05,0.000439561
148,0.35459,-0.35459,-3.65305e-05,0.000444928
150,0.354509,-0.354509,-3.74471e-05,0.000450579
152,0.354426,-0.354425,-3.85844e-05,0.000456498
154,0.354339,-0.354339,-3.99741e-05,0.000462688
156,0.354249,-0.354249,-4.30961e-05,0.000469219
158,0.354158,-0.354158,-4.1192e-05,0.000476129
160,0.354065,-0.354064,-3.8481e-05,0.00048319
162,0.353967,-0.353967,-3.33456e-05,0.000490441
164,0.353863,-0.353863,-2.56272e-05,0.000497954
166,0.353751,-0.353751,-2.52967e-05,0.000505889
168,0.353628,-0.353628,-2.4049e-05,0.000514032
170,0.353496,-0.353495,-2.40659e-05,0.000522924
172,0.35336,-0.353359,-2.43682e-05,0.000532454
174,0.35323,-0.35323,-2.36585e-05,0.000542264
176,0.353095,-0.353094,-4.17481e-05,0.000552524
178,0.352935,-0.352935,-5.7224e-05,0.000562927
180,0.352756,-0.352756,-4.21841e-05,0.000572194
182,0.35256,-0.35256,-9.67086e-07,0.000580321
184,0.352348,-0.352347,2.7487e-05,0.000588616
186,0.352078,-0.352078,-3.03413e-05,0.000599355
188,0.351792,-0.351791,-7.87997e-05,0.000611341
190,0.351456,-0.351455,-0.000213369,0.000627478
192,0.351035,-0.351034,-0.000467933,0.000648337
194,0.350474,-0.350473,-0.000682469,0.000667493
196,0.349722,-0.34972,-0.00079338,0.00067914
198,0.348778,-0.348776,-0.000857615,0.000681252
200,0.347633,-0.347631,-0.000918048,0.000670214
202,0.346266,-0.346264,-0.0010207,0.000643206
204,0.34441,-0.344407,-0.00124602,0.000602348
206,0.342177,-0.342175,-0.000989829,0.000548649
208,0.33993,-0.339929,-0.000533896,0.000487056
210,0.337694,-0.337694,-0.000509337,0.000425537
212,0.335299,-0.335294,-0.00188848,0.000375808
214,0.331494,-0.331477,-0.00332467,0.00032071
216,0.327314,-0.327302,-0.00276636,0.000240752
218,0.323767,-0.323765,-0.00125957,0.000147147
220,0.321305,-0.321305,-3.46831e-05,5.50622e-05
222,0.319525,-0.319524,-0.00104751,-8.21795e-06
224,0.317081,-0.317078,-0.00142431,-5.1235e-05
226,0.314886,-0.314886,0.000273853,-9.89443e-05
228,0.313592,-0.313581,0.00264605,-0.00014748
230,0.313519,-0.313494,0.00394844,-0.000190048
232,0.313747,-0.313738,0.0022495,-0.000220873
234,0.313178,-0.313175,0.00148964,-0.000244601
236,0.312737,-0.312727,0.00245995,-0.000271962
238,0.312942,-0.312913,0.00423896,-0.000299658
240,0.314136,-0.314095,0.00508645,-0.000319742
242,0.315242,-0.315221,0.00362655,-0.000357305
244,0.315578,-0.315562,0.00315318,-0.00043485
246,0.315848,-0.315824,0.00386063,-0.000484589
248,0.316493,-0.31645,0.00520164,-0.000477923
250,0.317794,-0.317744,0.00558951,-0.000420602
252,0.319066,-0.319032,0.00465976,-0.000522036
254,0.320025,-0.319998,0.00411715,-0.000673241
256,0.320984,-0.320955,0.00424628,-0.000792874
258,0.322253,-0.322214,0.00496438,-0.000851231
260,0.324122,-0.324078,0.00528381,-0.000978717
262,0.326142,-0.326096,0.00523338,-0.00149652
264,0.327853,-0.327805,0.00507982,-0.00226239
266,0.32949,-0.32945,0.0040528,-0.00313827
268,0.331319,-0.331293,0.00118732,-0.00398398
270,0.331654,-0.331595,-0.00401938,-0.00484539
272,0.332698,-0.332549,-0.00861174,-0.00499842
274,0.330134,-0.329825,-0.0128892,-0.0061534
276,0.325089,-0.324567,-0.0168314,-0.00746827
278,0.322745,-0.322053,-0.02021,-0.00613562
280,0.30947,-0.308717,-0.0206124,-0.00634707
282,0.297613,-0.296999,-0.019085,0.000665975
284,0.281591,-0.280819,-0.0111043,0.0176306
286,0.264023,-0.260765,0.00306641,0.0412359
288,0.258573,-0.252301,0.0132448,0.0550354
290,0.265416,-0.257998,0.0201987,0.0589459
292,0.273961,-0.266963,0.0308076,0.0532546
294,0.29644,-0.290645,0.039366,0.043037
296,0.336097,-0.332375,0.040077,0.0297034
298,0.328409,-0.325949,0.0363187,-0.0170554
300,0.355767,-0.34325,0.0494142,-0.079421
302,0.366973,-0.344605,0.0539801,-0.11403
304,0.341333,-0.321359,0.0454576,-0.10569
306,0.283314,-0.277244,0.0274529,-0.0514641
308,0.203984,-0.202675,-0.012257,0.0195513
310,0.158877,-0.12149,-0.0601559,0.0828457
312,0.168022,-0.0104066,-0.0950658,0.138151
314,0.236779,0.129107,-0.104408,0.168804
316,0.305113,0.263787,-0.0814588,0.129904
318,0.382601,0.376781,0.0202968,0.0633088
320,0.445318,0.433939,0.0980981,0.0195271
322,0.482203,0.45632,0.155194,-0.0143544
324,0.467739,0.410342,0.200304,-0.101379
326,0.561783,0.00474453,0.23298,-0.511173
328,0.520886,-0.29586,0.1141,-0.413244
330,0.42827,-0.346858,0.0592265,-0.244126
332,0.349982,-0.306917,0.0489093,-0.160927
334,0.46423,-0.399228,0.00911707,-0.236735
336,0.405915,-0.355129,-0.000248467,-0.196597
338,0.424857,-0.377348,-0.0140884,-0.194713
340,0.408996,-0.371477,-0.00807261,-0.17093
342,0.462422,-0.436823,-0.00761523,-0.151529
344,0.437847,-0.417535,-0.0141475,-0.131051
346,0.419675,-0.403792,-0.0264704,-0.111256
348,0.39026,-0.376856,-0.0334842,-0.0957132
350,0.365398,-0.353579,-0.0326791,-0.0861943
352,0.353655,-0.342677,-0.0252436,-0.0837091
354,0.347533,-0.335364,-0.0202348,-0.0888831
356,0.362202,-0.344079,-0.0155754,-0.11206
358,0.370926,-0.346514,-0.0106376,-0.131913
360,0.374309,-0.346851,-0.00670014,-0.140558
362,0.375902,-0.351166,-0.00426208,-0.134039
364,0.368935,-0.349161,0.00407735,-0.119091
366,0.383631,-0.363186,0.00456675,-0.123483
368,0.397769,-0.379041,0.00630131,-0.120453
370,0.413792,-0.399962,0.00723201,-0.105839
372,0.444759,-0.436391,0.000259036,-0.0858704
374,0.432385,-0.424804,0.00455915,-0.0804851
376,0.441124,-0.435806,0.00341716,-0.0682037
378,0.45886,-0.455624,0.00100333,-0.0543874
380,0.474536,-0.473011,0.000327783,-0.0380192
382,0.476555,-0.47647,0.00381848,-0.0081707
384,0.471088,-0.471086,-0.000105203,0.00133634
386,0.468206,-0.467895,0.00181359,0.0169853
388,0.464838,-0.463684,0.00556024,0.0322531
390,0.458211,-0.456268,0.0071268,0.0415417
392,0.455378,-0.452179,0.00791747,0.0532974
394,0.449523,-0.445465,0.0057161,0.0599909
396,0.443502,-0.43832,0.00517143,0.067398
398,0.436593,-0.430171,0.00613877,0.0743562
400,0.427255,-0.42002,0.00712269,0.0779712
402,0.420815,-0.41293,0.00835155,0.0806503
404,0.413757,-0.405489,0.00790543,0.0819237
406,0.406977,-0.398529,0.00724882,0.0821715
408,0.400621,-0.392161,0.00703556,0.0815951
410,0.394234,-0.385893,0.00742196,0.0803203
412,0.389062,-0.381077,0.00768712,0.0780397
414,0.384422,-0.376821,0.00735321,0.0757137
416,0.380201,-0.373024,0.0067886,0.0732109
418,0.376337,-0.369626,0.00634275,0.0704673
420,0.372902,-0.366661,0.00635388,0.0676389
422,0.37002,-0.364294,0.00636799,0.0645279
424,0.367547,-0.362312,0.00607013,0.0615129
426,0.365396,-0.360619,0.00558501,0.0586262
428,0.363487,-0.359135,0.00513186,0.0558417
430,0.361938,-0.357975,0.00499374,0.0531804
432,0.360675,-0.357089,0.00493793,0.0504862
434,0.359611,-0.356381,0.00472703,0.0478614
436,0.358692,-0.355786,0.00437316,0.0453566
438,0.357855,-0.35524,0.00402618,0.043
440,0.357246,-0.354881,0.00387448,0.0408575
442,0.356805,-0.354672,0.00376087,0.0387767
444,0.356451,-0.354533,0.00357929,0.0367526
446,0.356128,-0.354409,0.00334689,0.0347894
448,0.355803,-0.354262,0.00328714,0.0329142
450,0.35569,-0.354301,0.0032939,0.0312363
452,0.355713,-0.354457,0.00307115,0.0297033
454,0.355738,-0.354603,0.00265936,0.0282736
456,0.355654,-0.354628,0.00222816,0.0269029
458,0.355445,-0.354517,0.0024345,0.0255492
460,0.355515,-0.354676,0.00288475,0.0242447
462,0.355766,-0.355008,0.00281591,0.0230395
464,0.355997,-0.355313,0.00217036,0.0219466
466,0.35596,-0.35534,0.00119795,0.0209589
468,0.355584,-0.355018,0.00139104,0.0200034
470,0.355541,-0.355026,0.00228379,0.0189909
472,0.355844,-0.355379,0.0027514,0.0179652
474,0.356322,-0.355909,0.00227469,0.0169971
476,0.356576,-0.356207,0.000751648,0.0162071
478,0.355986,-0.355643,0.000154309,0.015624
480,0.355418,-0.355103,0.000956944,0.0149314
482,0.35539,-0.355104,0.00215193,0.0140932
484,0.356111,-0.355857,0.00270116,0.0131619
486,0.357119,-0.356901,0.00128333,0.0124185
488,0.356797,-0.356596,-0.000221595,0.0119587
490,0.35585,-0.35566,-0.00037689,0.0116259
492,0.355049,-0.354869,0.000514465,0.011296
494,0.35512,-0.354951,0.00163929,0.0108248
496,0.355846,-0.355708,0.00110805,0.00986457
498,0.355791,-0.355683,-2.03043e-05,0.00874815
500,0.355192,-0.355106,-0.000574206,0.0077796
502,0.354415,-0.354344,-0.000384926,0.00708536
504,0.353996,-0.353933,0.000145835,0.00670481
506,0.353909,-0.353849,0.000209855,0.00647198
508,0.353841,-0.353786,5.93446e-05,0.00626941
510,0.353811,-0.353758,-4.02151e-06,0.00612099
512,0.353844,-0.353793,0.00012421,0.00600198
514,0.354005,-0.353957,0.000231246,0.0057921
516,0.35417,-0.354127,0.000208377,0.00554352
518,0.354283,-0.354244,0.000164144,0.00526993
520,0.354329,-0.354294,0.000116453,0.0049874
522,0.354313,-0.354282,8.09056e-05,0.00471741
524,0.354302,-0.354273,0.000117051,0.00451232
526,0.354323,-0.354297,0.000129987,0.00432672
528,0.354359,-0.354335,0.000124952,0.00415854
530,0.354409,-0.354386,0.000118144,0.00400619
532,0.354478,-0.354457,0.00013011,0.00386651
534,0.354557,-0.354537,0.000125436,0.00372373
536,0.354631,-0.354613,0.000119261,0.00358681
538,0.354703,-0.354686,0.000113583,0.00345416
540,0.35477,-0.354755,0.000107523,0.0033252
542,0.354832,-0.354817,9.67371e-05,0.00320031
544,0.354892,-0.354878,9.50064e-05,0.00308566
546,0.354954,-0.354941,9.45197e-05,0.00297671
548,0.355018,-0.355007,9.4006e-05,0.00287293
550,0.355084,-0.355073,9.31158e-05,0.00277393
552,0.355152,-0.355142,9.33199e-05,0.00268024
554,0.35522,-0.35521,8.95897e-05,0.00259119
556,0.355286,-0.355277,8.46773e-05,0.00250626
558,0.35535,-0.355342,7.94023e-05,0.00242509
560,0.355414,-0.355406,7.42816e-05,0.00234717
562,0.355477,-0.35547,7.00644e-05,0.00227295
564,0.355542,-0.355535,7.08531e-05,0.00220221
566,0.35561,-0.355604,7.52704e-05,0.00213469
568,0.35568,-0.355674,8.31838e-05,0.00207014
570,0.355751,-0.355745,9.50589e-05,0.00200814
572,0.355826,-0.355821,0.000110616,0.00194892
574,0.355903,-0.355898,0.000117711,0.00189235
576,0.35598,-0.355976,0.000117761,0.00183846
578,0.356055,-0.356051,0.000113827,0.00178707
580,0.356128,-0.356124,0.000112511,0.00173784
582,0.3562,-0.356196,0.000115572,0.0016909
584,0.356273,-0.356269,0.000111597,0.00164594
586,0.356344,-0.35634,9.19042e-05,0.00160298
588,0.356405,-0.356402,5.20208e-05,0.00156191
590,0.356431,-0.356427,5.67058e-06,0.00152275
592,0.356425,-0.356422,-2.28722e-05,0.00148513
594,0.356386,-0.356383,-6.68652e-05,0.00144907
596,0.356298,-0.356296,-0.000150193,0.0014148
598,0.356143,-0.35614,-0.00029401,0.00138254
600,0.355849,-0.355846,-0.000495097,0.00135229
602,0.355502,-0.355499,-0.000741855,0.00132224
604,0.355139,-0.355135,-0.00108707,0.00129146
606,0.354772,-0.354767,-0.00152834,0.00125907
608,0.354379,-0.354371,-0.00199716,0.00122403
610,0.354024,-0.354016,-0.00215059,0.00118268
612,0.353686,-0.35368,-0.00173048,0.0011337
614,0.353545,-0.353542,-0.000813998,0.00107474
616,0.353671,-0.353669,0.00048368,0.00100365
618,0.353746,-0.353739,0.00205996,0.00091596
620,0.354034,-0.35401,0.00398572,0.000811758
622,0.354325,-0.354278,0.00571082,0.000697522
624,0.354953,-0.354897,0.0062978,0.000582158
626,0.35626,-0.356226,0.0049052,0.000481264
628,0.356884,-0.356868,0.00331233,0.000481702
630,0.357788,-0.357779,0.00255927,0.000468784
632,0.358492,-0.358486,0.0020096,0.000453651
634,0.358987,-0.358983,0.00153164,0.000439786
636,0.359603,-0.3596,0.00131693,0.000426108
638,0.359998,-0.359996,0.000981862,0.000412836
640,0.360369,-0.360368,0.000762624,0.000399994
642,0.360681,-0.36068,0.000606933,0.000387497
644,0.360929,-0.360928,0.000483967,0.000375317
646,0.361175,-0.361175,0.000420867,0.000363598
648,0.361391,-0.361391,0.000344994,0.000352395
