x,v,vx,vy,vz
220.096,425,9.01925e-09,-1.74872e-09,-8.82018e-09,7.02329e-10
220.962,424.5,9.17619e-09,-1.74898e-09,-8.97965e-09,7.13783e-10
221.828,424,9.33316e-09,-1.74925e-09,-9.13903e-09,7.25355e-10
222.694,423.5,9.49015e-09,-1.74953e-09,-9.29832e-09,7.37045e-10
223.56,423,9.64715e-09,-1.74982e-09,-9.45752e-09,7.48853e-10
224.426,422.5,9.77852e-09,-1.7364e-09,-9.59303e-09,7.60353e-10
225.292,422,9.82885e-09,-1.67945e-09,-9.65359e-09,7.70596e-10
226.158,421.5,9.87956e-09,-1.62253e-09,-9.71407e-09,7.80925e-10
227.024,421,9.91707e-09,-1.56637e-09,-9.76066e-09,7.90174e-10
227.89,420.5,9.89613e-09,-1.51328e-09,-9.74743e-09,7.94364e-10
228.756,420,9.87552e-09,-1.46009e-09,-9.7343e-09,7.98475e-10
229.622,419.5,9.85525e-09,-1.40679e-09,-9.72126e-09,8.02509e-10
230.488,419,9.83533e-09,-1.35339e-09,-9.70833e-09,8.06464e-10
231.355,418.5,9.81575e-09,-1.29989e-09,-9.69549e-09,8.10341e-10
232.221,418,9.79651e-09,-1.24628e-09,-9.68275e-09,8.1414e-10
233.087,417.5,9.77763e-09,-1.19257e-09,-9.67011e-09,8.17861e-10
233.953,417,9.75911e-09,-1.13875e-09,-9.65756e-09,8.21504e-10
234.819,416.5,9.74094e-09,-1.08483e-09,-9.64512e-09,8.25068e-10
235.685,416,9.72163e-09,-9.95757e-10,-9.63489e-09,8.29185e-10
236.551,415.5,9.70253e-09,-8.8415e-10,-9.62614e-09,8.3361e-10
237.417,415,9.6848e-09,-7.72407e-10,-9.61751e-09,8.37938e-10
238.283,414.5,9.66844e-09,-6.60526e-10,-9.60901e-09,8.42168e-10
239.149,414,9.65347e-09,-5.48508e-10,-9.60064e-09,8.46301e-10
240.015,413.5,9.6399e-09,-4.36353e-10,-9.5924e-09,8.50337e-10
240.881,413,9.62773e-09,-3.2406e-10,-9.58428e-09,8.54275e-10
241.747,412.5,9.61699e-09,-2.11631e-10,-9.57629e-09,8.58116e-10
242.613,412,9.60768e-09,-9.90635e-11,-9.56843e-09,8.6186e-10
243.479,411.5,9.5998e-09,1.3641e-11,-9.56069e-09,8.65506e-10
244.345,411,9.59336e-09,1.26483e-10,-9.55308e-09,8.69054e-10
245.211,410.5,9.58838e-09,2.39462e-10,-9.5456e-09,8.72506e-10
246.077,410,9.60777e-09,3.53535e-10,-9.56293e-09,8.57146e-10
246.943,409.5,9.57587e-09,2.94754e-10,-9.53793e-09,7.98859e-10
247.809,409,9.54258e-09,2.32316e-10,-9.51096e-09,7.40656e-10
248.675,408.5,9.50995e-09,1.69679e-10,-9.48391e-09,6.82571e-10
249.541,408,9.47799e-09,1.06843e-10,-9.45678e-09,6.24605e-10
250.407,407.5,9.4467e-09,4.38083e-11,-9.42958e-09,5.66757e-10
251.273,407,9.4161e-09,-1.9425e-11,-9.40231e-09,5.09028e-10
252.139,406.5,9.38619e-09,-8.28571e-11,-9.37496e-09,4.51417e-10
253.005,406,9.35698e-09,-1.46488e-10,-9.34754e-09,3.93924e-10
253.871,405.5,9.32849e-09,-2.10317e-10,-9.32004e-09,3.3655e-10
254.737,405,9.30072e-09,-2.74346e-10,-9.29247e-09,2.79294e-10
255.603,404.5,9.27367e-09,-3.38573e-10,-9.26483e-09,2.22156e-10
256.469,404,9.24737e-09,-4.02998e-10,-9.23711e-09,1.65137e-10
257.335,403.5,9.20641e-09,-4.32233e-10,-9.19561e-09,1.09076e-10
258.201,403,9.13749e-09,-3.9619e-10,-9.12873e-09,5.46677e-11
259.067,402.5,9.06895e-09,-3.60258e-10,-9.06179e-09,3.54384e-13
259.933,402,9.0008e-09,-3.24438e-10,-8.99479e-09,-5.38645e-11
260.799,401.5,8.93306e-09,-2.88728e-10,-8.92773e-09,-1.07989e-10
261.665,401,8.86571e-09,-2.53129e-10,-8.86062e-09,-1.62019e-10
262.531,400.5,8.79879e-09,-2.1764e-10,-8.79344e-09,-2.15954e-10
263.397,400,8.73228e-09,-1.82263e-10,-8.72621e-09,-2.69795e-10
264.263,399.5,8.66621e-09,-1.46997e-10,-8.65892e-09,-3.23541e-10
265.13,399,8.57193e-09,-1.12152e-10,-8.56393e-09,-3.52771e-10
265.996,398.5,8.44112e-09,-7.75717e-11,-8.43347e-09,-3.50637e-10
266.862,398,8.31054e-09,-4.27601e-11,-8.30312e-09,-3.48595e-10
267.728,397.5,8.18022e-09,-7.71754e-12,-8.17286e-09,-3.46643e-10
268.594,397,8.07066e-09,-9.42808e-12,-8.06319e-09,-3.47026e-10
269.46,396.5,7.969e-09,-2.51308e-11,-7.96135e-09,-3.48174e-10
270.326,396,7.86726e-09,-4.05437e-11,-7.85941e-09,-3.49191e-10
271.192,395.5,7.76546e-09,-5.56667e-11,-7.75736e-09,-3.50077e-10
272.058,395,7.66358e-09,-7.04998e-11,-7.65522e-09,-3.50833e-10
272.924,394.5,7.56163e-09,-8.5043e-11,-7.55298e-09,-3.51457e-10
273.79,394,7.4596e-09,-9.92963e-11,-7.45063e-09,-3.51951e-10
274.656,393.5,7.3575e-09,-1.1326e-10,-7.34819e-09,-3.52313e-10
275.522,393,7.25533e-09,-1.26933e-10,-7.24565e-09,-3.52545e-10
276.388,392.5,7.15308e-09,-1.40317e-10,-7.14301e-09,-3.52645e-10
277.254,392,7.05076e-09,-1.53411e-10,-7.04026e-09,-3.52615e-10
278.12,391.5,6.94835e-09,-1.66215e-10,-6.93742e-09,-3.52454e-10
278.986,391,6.86639e-09,-1.79361e-10,-6.855e-09,-3.52163e-10
279.852,390.5,6.9869e-09,-1.98463e-10,-6.97521e-09,-3.51915e-10
280.718,390,7.1075e-09,-2.17284e-10,-7.09546e-09,-3.51828e-10
281.584,389.5,7.22819e-09,-2.35827e-10,-7.21576e-09,-3.51902e-10
282.45,389,7.34895e-09,-2.54089e-10,-7.33611e-09,-3.52137e-10
283.316,388.5,7.4698e-09,-2.72072e-10,-7.45651e-09,-3.52534e-10
284.182,388,7.63308e-09,-2.92274e-10,-7.61883e-09,-3.63172e-10
285.048,387.5,7.82948e-09,-3.14606e-10,-7.81385e-09,-3.81536e-10
285.914,387,8.02606e-09,-3.37256e-10,-8.009e-09,-3.99708e-10
286.78,386.5,8.22282e-09,-3.60225e-10,-8.2043e-09,-4.17689e-10
287.646,386,8.41975e-09,-3.83512e-10,-8.39973e-09,-4.35479e-10
288.512,385.5,8.61686e-09,-4.07118e-10,-8.5953e-09,-4.53078e-10
289.378,385,8.81414e-09,-4.31042e-10,-8.79102e-09,-4.70485e-10
290.244,384.5,8.91564e-09,-5.07463e-10,-8.88784e-09,-4.87225e-10
291.11,384,8.9075e-09,-6.44846e-10,-8.86986e-09,-5.0326e-10
291.976,383.5,8.9019e-09,-7.82537e-10,-8.85223e-09,-5.19157e-10
292.842,383,8.89886e-09,-9.20537e-10,-8.83494e-09,-5.34917e-10
293.708,382.5,8.8984e-09,-1.05884e-09,-8.81801e-09,-5.5054e-10
294.574,382,8.90054e-09,-1.19746e-09,-8.80143e-09,-5.66026e-10
295.44,381.5,8.90526e-09,-1.33639e-09,-8.7852e-09,-5.81375e-10
296.306,381,8.9126e-09,-1.47562e-09,-8.76933e-09,-5.96587e-10
297.172,380.5,8.92255e-09,-1.61516e-09,-8.7538e-09,-6.11662e-10
298.038,380,8.93511e-09,-1.75501e-09,-8.73862e-09,-6.266e-10
298.905,379.5,8.95029e-09,-1.89516e-09,-8.7238e-09,-6.414e-10
299.771,379,8.96808e-09,-2.03563e-09,-8.70932e-09,-6.56064e-10
300.637,378.5,8.98849e-09,-2.1764e-09,-8.6952e-09,-6.7059e-10
301.503,378,9.10568e-09,-2.17159e-09,-8.8162e-09,-6.87276e-10
302.369,377.5,9.24282e-09,-2.13796e-09,-8.96448e-09,-7.04933e-10
303.235,377,9.27889e-09,-2.0971e-09,-9.01029e-09,-7.17436e-10
304.101,376.5,9.26836e-09,-2.05232e-09,-9.00892e-09,-7.27946e-10
304.967,376,9.25738e-09,-2.00697e-09,-9.00694e-09,-7.39071e-10
305.833,375.5,9.24596e-09,-1.96103e-09,-9.00435e-09,-7.50811e-10
306.699,375,9.2341e-09,-1.91451e-09,-9.00115e-09,-7.63167e-10
307.565,374.5,9.22181e-09,-1.8674e-09,-8.99734e-09,-7.76138e-10
308.431,374,9.20911e-09,-1.81972e-09,-8.99292e-09,-7.89724e-10
309.297,373.5,9.19601e-09,-1.77145e-09,-8.98789e-09,-8.03925e-10
310.163,373,9.18251e-09,-1.72259e-09,-8.98225e-09,-8.18741e-10
311.029,372.5,9.16864e-09,-1.67316e-09,-8.976e-09,-8.34173e-10
311.895,372,9.12151e-09,-1.6476e-09,-8.93127e-09,-8.484e-10
312.761,371.5,8.94575e-09,-1.71726e-09,-8.73761e-09,-8.55315e-10
313.627,371,8.77053e-09,-1.78631e-09,-8.54336e-09,-8.61515e-10
314.493,370.5,8.5959e-09,-1.85476e-09,-8.34851e-09,-8.67e-10
315.359,370,8.42194e-09,-1.92261e-09,-8.15308e-09,-8.71771e-10
316.225,369.5,8.24871e-09,-1.98984e-09,-7.95705e-09,-8.75828e-10
317.091,369,8.07628e-09,-2.05648e-09,-7.76043e-09,-8.79169e-10
317.957,368.5,7.90473e-09,-2.1225e-09,-7.56321e-09,-8.81796e-10
318.823,368,7.73416e-09,-2.18793e-09,-7.36541e-09,-8.83708e-10
319.689,367.5,7.56465e-09,-2.25274e-09,-7.16701e-09,-8.84906e-10
320.555,367,7.39631e-09,-2.31695e-09,-6.96802e-09,-8.85389e-10
321.421,366.5,7.22927e-09,-2.38056e-09,-6.76844e-09,-8.85157e-10
322.287,366,7.19951e-09,-2.46793e-09,-6.70362e-09,-8.96502e-10
323.153,365.5,7.34865e-09,-2.4449e-09,-6.86934e-09,-9.15052e-10
324.019,365,7.61294e-09,-2.33741e-09,-7.18412e-09,-9.39016e-10
324.885,364.5,7.88494e-09,-2.23295e-09,-7.5003e-09,-9.65262e-10
325.751,364,8.16396e-09,-2.1315e-09,-7.81788e-09,-9.9379e-10
326.617,363.5,8.44937e-09,-2.03308e-09,-8.13687e-09,-1.0246e-09
327.483,363,8.74062e-09,-1.93768e-09,-8.45725e-09,-1.05769e-09
328.349,362.5,9.03723e-09,-1.84531e-09,-8.77904e-09,-1.09307e-09
329.215,362,9.33876e-09,-1.75596e-09,-9.10223e-09,-1.13073e-09
330.081,361.5,9.64485e-09,-1.66963e-09,-9.42682e-09,-1.17066e-09
330.947,361,9.95514e-09,-1.58632e-09,-9.75281e-09,-1.21289e-09
331.813,360.5,1.02694e-08,-1.50604e-09,-1.00802e-08,-1.25739e-09
332.679,360,1.05872e-08,-1.42878e-09,-1.0409e-08,-1.30418e-09
333.546,359.5,1.09085e-08,-1.35454e-09,-1.07392e-08,-1.35324e-09
334.412,359,1.0822e-08,-1.37673e-09,-1.06468e-08,-1.3661e-09
335.278,358.5,1.07141e-08,-1.40335e-09,-1.05321e-08,-1.37716e-09
336.144,358,1.06088e-08,-1.42876e-09,-1.04201e-08,-1.38864e-09
337.01,357.5,1.05063e-08,-1.45297e-09,-1.03107e-08,-1.40054e-09
337.876,357,1.04065e-08,-1.47598e-09,-1.0204e-08,-1.41287e-09
338.742,356.5,1.03095e-08,-1.49778e-09,-1.01e-08,-1.42561e-09
339.608,356,1.02151e-08,-1.51839e-09,-9.99863e-09,-1.43877e-09
340.474,355.5,1.01234e-08,-1.53779e-09,-9.89997e-09,-1.45235e-09
341.34,355,9.94141e-09,-1.48735e-09,-9.72452e-09,-1.4329e-09
342.206,354.5,9.75119e-09,-1.43124e-09,-9.54182e-09,-1.41102e-09
343.072,354,9.5588e-09,-1.37402e-09,-9.35701e-09,-1.38892e-09
343.938,353.5,9.36426e-09,-1.31571e-09,-9.1701e-09,-1.36659e-09
344.804,353,9.18752e-09,-1.26057e-09,-8.99733e-09,-1.36728e-09
345.67,352.5,9.05188e-09,-1.21455e-09,-8.85712e-09,-1.4187e-09
346.536,352,8.91384e-09,-1.16887e-09,-8.71368e-09,-1.47044e-09
347.402,351.5,8.77347e-09,-1.12351e-09,-8.567e-09,-1.52251e-09
348.268,351,8.63081e-09,-1.07847e-09,-8.41709e-09,-1.57489e-09
349.134,350.5,8.48591e-09,-1.03376e-09,-8.26395e-09,-1.62759e-09
350,350,8.33883e-09,-9.89376e-10,-8.10758e-09,-1.68062e-09
350.866,349.5,8.18966e-09,-9.45317e-10,-7.94797e-09,-1.73396e-09
351.732,349,8.03846e-09,-9.01583e-10,-7.78514e-09,-1.78762e-09
352.598,348.5,7.88531e-09,-8.58176e-10,-7.61907e-09,-1.84161e-09
353.464,348,7.73032e-09,-8.15094e-10,-7.44977e-09,-1.89591e-09
354.33,347.5,7.57359e-09,-7.72337e-10,-7.27724e-09,-1.95054e-09
355.196,347,7.41523e-09,-7.29907e-10,-7.10147e-09,-2.00548e-09
356.062,346.5,7.20973e-09,-6.73827e-10,-6.89178e-09,-2.00735e-09
356.928,346,6.98226e-09,-6.13607e-10,-6.66611e-09,-1.98456e-09
357.794,345.5,6.7539e-09,-5.5603e-10,-6.4388e-09,-1.96157e-09
358.66,345,6.52464e-09,-5.01095e-10,-6.20986e-09,-1.93839e-09
359.526,344.5,6.30106e-09,-4.52728e-10,-5.98654e-09,-1.91305e-09
360.392,344,6.17685e-09,-4.64542e-10,-5.87257e-09,-1.8576e-09
361.258,343.5,6.0549e-09,-4.76515e-10,-5.76127e-09,-1.80073e-09
362.124,343,5.93524e-09,-4.88648e-10,-5.65263e-09,-1.74244e-09
362.99,342.5,5.8179e-09,-5.0094e-10,-5.54665e-09,-1.68273e-09
363.856,342,5.70291e-09,-5.13392e-10,-5.44335e-09,-1.62161e-09
364.722,341.5,5.59034e-09,-5.26003e-10,-5.34271e-09,-1.55907e-09
365.588,341,5.48022e-09,-5.38774e-10,-5.24473e-09,-1.49511e-09
366.454,340.5,5.39646e-09,-5.58803e-10,-5.17273e-09,-1.43259e-09
367.321,340,5.71988e-09,-6.97726e-10,-5.4973e-09,-1.41769e-09
368.187,339.5,6.04633e-09,-8.33698e-10,-5.82211e-09,-1.40217e-09
369.053,339,6.37521e-09,-9.6672e-10,-6.14717e-09,-1.38601e-09
369.919,338.5,6.70602e-09,-1.09679e-09,-6.47248e-09,-1.36922e-09
370.785,338,7.03837e-09,-1.22391e-09,-6.79803e-09,-1.3518e-09
371.651,337.5,7.37192e-09,-1.34808e-09,-7.12383e-09,-1.33375e-09
372.517,337,7.70642e-09,-1.4693e-09,-7.44988e-09,-1.31507e-09
373.383,336.5,8.04166e-09,-1.58757e-09,-7.77617e-09,-1.29577e-09
374.249,336,8.37744e-09,-1.70288e-09,-8.10271e-09,-1.27583e-09
375.115,335.5,8.71363e-09,-1.81525e-09,-8.4295e-09,-1.25526e-09
375.981,335,9.05009e-09,-1.92466e-09,-8.75653e-09,-1.23406e-09
376.847,334.5,9.38673e-09,-2.03113e-09,-9.08381e-09,-1.21224e-09
377.713,334,9.58204e-09,-2.0851e-09,-9.2779e-09,-1.17833e-09
378.579,333.5,9.54498e-09,-2.06757e-09,-9.24834e-09,-1.14012e-09
379.445,333,9.32457e-09,-2.03459e-09,-9.02679e-09,-1.15115e-09
380.311,332.5,9.10407e-09,-2.0024e-09,-8.80467e-09,-1.16292e-09
381.177,332,8.88352e-09,-1.97099e-09,-8.58199e-09,-1.17543e-09
382.043,331.5,8.66295e-09,-1.94037e-09,-8.35875e-09,-1.18868e-09
382.909,331,8.44239e-09,-1.91052e-09,-8.13495e-09,-1.20266e-09
383.775,330.5,8.22188e-09,-1.88146e-09,-7.91059e-09,-1.21739e-09
384.641,330,8.00148e-09,-1.85319e-09,-7.68567e-09,-1.23286e-09
385.507,329.5,7.78124e-09,-1.8257e-09,-7.46018e-09,-1.24906e-09
386.373,329,7.56121e-09,-1.79899e-09,-7.23414e-09,-1.26601e-09
387.239,328.5,7.34147e-09,-1.77306e-09,-7.00754e-09,-1.28369e-09
388.105,328,7.12209e-09,-1.74792e-09,-6.78037e-09,-1.30211e-09
388.971,327.5,7.05512e-09,-1.77164e-09,-6.69777e-09,-1.33262e-09
389.837,327,7.02704e-09,-1.80819e-09,-6.6517e-09,-1.36552e-09
390.703,326.5,6.99901e-09,-1.84524e-09,-6.60511e-09,-1.39778e-09
391.569,326,6.97103e-09,-1.8828e-09,-6.55798e-09,-1.4294e-09
392.435,325.5,6.94312e-09,-1.92087e-09,-6.51033e-09,-1.46038e-09
393.301,325,6.91529e-09,-1.95946e-09,-6.46216e-09,-1.49071e-09
394.167,324.5,6.88755e-09,-1.99855e-09,-6.41346e-09,-1.52041e-09
395.033,324,6.85992e-09,-2.03816e-09,-6.36424e-09,-1.54946e-09
395.899,323.5,6.8324e-09,-2.07827e-09,-6.31449e-09,-1.57788e-09
396.765,323,6.80501e-09,-2.1189e-09,-6.26421e-09,-1.60565e-09
397.631,322.5,6.83445e-09,-2.16197e-09,-6.28118e-09,-1.60697e-09
398.497,322,6.98938e-09,-2.20912e-09,-6.44714e-09,-1.551e-09
399.363,321.5,7.11341e-09,-2.22748e-09,-6.5885e-09,-1.49352e-09
400.229,321,7.07996e-09,-2.10476e-09,-6.60673e-09,-1.43072e-09
401.095,320.5,7.04933e-09,-1.98182e-09,-6.62525e-09,-1.36807e-09
401.962,320,7.02157e-09,-1.85866e-09,-6.64404e-09,-1.30559e-09
402.828,319.5,6.99671e-09,-1.73529e-09,-6.66311e-09,-1.24326e-09
403.694,319,6.9748e-09,-1.6117e-09,-6.68246e-09,-1.1811e-09
404.56,318.5,6.95587e-09,-1.4879e-09,-6.70209e-09,-1.11909e-09
405.426,318,6.93997e-09,-1.36388e-09,-6.722e-09,-1.05725e-09
406.292,317.5,6.92711e-09,-1.23964e-09,-6.74218e-09,-9.95562e-10
407.158,317,6.91733e-09,-1.11518e-09,-6.76265e-09,-9.34036e-10
408.024,316.5,6.91065e-09,-9.9051e-10,-6.7834e-09,-8.7267e-10
408.89,316,6.9071e-09,-8.65622e-10,-6.80442e-09,-8.11464e-10
409.756,315.5,6.90667e-09,-7.40517e-10,-6.82573e-09,-7.50418e-10
410.622,315,7.01969e-09,-6.70251e-10,-6.95331e-09,-6.91601e-10
411.488,314.5,7.2292e-09,-6.47047e-10,-7.17215e-09,-6.34783e-10
412.354,314,7.43975e-09,-6.23513e-10,-7.391e-09,-5.78197e-10
413.22,313.5,7.65127e-09,-5.99651e-10,-7.60986e-09,-5.21845e-10
414.086,313,7.86366e-09,-5.7546e-10,-7.82873e-09,-4.65726e-10
414.952,312.5,8.07686e-09,-5.5094e-10,-8.04762e-09,-4.09841e-10
415.818,312,8.29081e-09,-5.26092e-10,-8.26652e-09,-3.54189e-10
416.684,311.5,8.45398e-09,-5.0065e-10,-8.43274e-09,-3.28761e-10
417.55,311,8.55129e-09,-4.74962e-10,-8.53124e-09,-3.4182e-10
418.416,310.5,8.64875e-09,-4.49536e-10,-8.62977e-09,-3.54686e-10
419.282,310,8.74635e-09,-4.24371e-10,-8.72832e-09,-3.6736e-10
420.148,309.5,8.8441e-09,-3.99468e-10,-8.8269e-09,-3.79841e-10
421.014,309,8.94198e-09,-3.74825e-10,-8.92551e-09,-3.9213e-10
421.88,308.5,8.85124e-09,-3.83533e-10,-8.83379e-09,-4.01887e-10
422.746,308,8.74146e-09,-3.95831e-10,-8.72279e-09,-4.11445e-10
423.612,307.5,8.63177e-09,-4.08366e-10,-8.61181e-09,-4.21052e-10
424.478,307,8.52217e-09,-4.21139e-10,-8.50085e-09,-4.30707e-10
425.344,306.5,8.41266e-09,-4.34149e-10,-8.3899e-09,-4.40411e-10
426.21,306,8.30326e-09,-4.47396e-10,-8.27897e-09,-4.50164e-10
427.076,305.5,8.19396e-09,-4.60881e-10,-8.16805e-09,-4.59966e-10
427.942,305,8.08478e-09,-4.74603e-10,-8.05715e-09,-4.69817e-10
428.808,304.5,7.97571e-09,-4.88563e-10,-7.94626e-09,-4.79717e-10
429.674,304,7.86676e-09,-5.0276e-10,-7.83539e-09,-4.89665e-10
430.54,303.5,7.75794e-09,-5.17194e-10,-7.72454e-09,-4.99663e-10
431.406,303,7.64925e-09,-5.31866e-10,-7.6137e-09,-5.09709e-10
432.272,302.5,7.53094e-09,-5.53065e-10,-7.49261e-09,-5.19657e-10
433.138,302,7.38773e-09,-5.90769e-10,-7.34504e-09,-5.29171e-10
434.004,301.5,7.24508e-09,-6.28665e-10,-7.19763e-09,-5.38572e-10
434.87,301,7.103e-09,-6.66753e-10,-7.05038e-09,-5.4786e-10
435.737,300.5,7.01674e-09,-7.03468e-10,-6.96314e-09,-5.04432e-10
436.603,300,6.97436e-09,-7.3891e-10,-6.92237e-09,-4.20102e-10
437.469,299.5,6.93303e-09,-7.7423e-10,-6.88147e-09,-3.35819e-10
438.335,299,6.89277e-09,-8.09428e-10,-6.84046e-09,-2.51583e-10
439.201,298.5,6.85361e-09,-8.44504e-10,-6.79932e-09,-1.67394e-10
440.067,298,6.81555e-09,-8.79457e-10,-6.75806e-09,-8.32509e-11
440.933,297.5,6.77861e-09,-9.14287e-10,-6.71667e-09,8.45124e-13
441.799,297,6.74282e-09,-9.48995e-10,-6.67517e-09,8.48944e-11
442.665,296.5,6.70819e-09,-9.83581e-10,-6.63354e-09,1.68897e-10
443.531,296,6.69184e-09,-9.49073e-10,-6.61938e-09,2.52452e-10
444.397,295.5,6.68634e-09,-8.77109e-10,-6.62006e-09,3.35647e-10
445.263,295,6.68252e-09,-8.04995e-10,-6.62063e-09,4.18675e-10
446.129,294.5,6.68037e-09,-7.32732e-10,-6.6211e-09,5.01537e-10
446.995,294,6.67991e-09,-6.60319e-10,-6.62147e-09,5.84233e-10
447.861,293.5,6.68113e-09,-5.87757e-10,-6.62174e-09,6.66764e-10
448.727,293,6.68402e-09,-5.15045e-10,-6.62191e-09,7.49128e-10
449.593,292.5,6.68859e-09,-4.42184e-10,-6.62198e-09,8.31327e-10
450.459,292,6.69483e-09,-3.69173e-10,-6.62195e-09,9.13359e-10
451.325,291.5,6.70273e-09,-2.96012e-10,-6.62182e-09,9.95226e-10
452.191,291,6.71229e-09,-2.22702e-10,-6.62159e-09,1.07693e-09
453.057,290.5,6.72349e-09,-1.49243e-10,-6.62125e-09,1.15846e-09
453.923,290,6.73815e-09,-7.92622e-11,-6.62263e-09,1.23984e-09
454.789,289.5,6.75327e-09,-1.95523e-10,-6.6326e-09,1.25578e-09
455.655,289,6.72815e-09,-3.13171e-10,-6.60512e-09,1.24189e-09
456.521,288.5,6.70533e-09,-4.30912e-10,-6.57781e-09,1.2281e-09
457.387,288,6.68484e-09,-5.48745e-10,-6.55067e-09,1.21441e-09
458.253,287.5,6.66671e-09,-6.66672e-10,-6.5237e-09,1.20081e-09
459.119,287,6.65095e-09,-7.84691e-10,-6.4969e-09,1.18731e-09
459.985,286.5,6.63758e-09,-9.02802e-10,-6.47027e-09,1.1739e-09
460.851,286,6.62662e-09,-1.02101e-09,-6.44381e-09,1.16059e-09
461.717,285.5,6.61809e-09,-1.1393e-09,-6.41752e-09,1.14737e-09
462.583,285,6.61199e-09,-1.25769e-09,-6.39141e-09,1.13425e-09
463.449,284.5,6.60834e-09,-1.37618e-09,-6.36546e-09,1.12123e-09
464.315,284,6.60713e-09,-1.49475e-09,-6.33968e-09,1.10831e-09
465.181,283.5,6.60427e-09,-1.60246e-09,-6.31256e-09,1.09548e-09
466.047,283,6.59679e-09,-1.69315e-09,-6.2832e-09,1.08277e-09
466.913,282.5,6.59091e-09,-1.78401e-09,-6.25397e-09,1.07015e-09
467.779,282,6.58661e-09,-1.87503e-09,-6.22488e-09,1.05763e-09
468.645,281.5,6.58391e-09,-1.96623e-09,-6.19592e-09,1.04521e-09
469.512,281,6.58282e-09,-2.05759e-09,-6.16709e-09,1.03288e-09
470.378,280.5,6.58335e-09,-2.14912e-09,-6.1384e-09,1.02065e-09
471.244,280,6.58549e-09,-2.24081e-09,-6.10985e-09,1.00852e-09
472.11,279.5,6.58924e-09,-2.33268e-09,-6.08143e-09,9.96487e-10
472.976,279,6.59463e-09,-2.42471e-09,-6.05314e-09,9.8455e-10
473.842,278.5,6.67591e-09,-2.51305e-09,-6.1061e-09,9.8377e-10
474.708,278,6.77478e-09,-2.6005e-09,-6.1777e-09,9.85437e-10
475.574,277.5,6.87398e-09,-2.68794e-09,-6.2492e-09,9.86978e-10
476.44,277,7.00967e-09,-2.71137e-09,-6.38785e-09,9.89564e-10
477.306,276.5,7.15717e-09,-2.71462e-09,-6.54761e-09,9.9234e-10
478.172,276,7.30508e-09,-2.71786e-09,-6.70728e-09,9.9493e-10
479.038,275.5,7.45336e-09,-2.72109e-09,-6.86685e-09,9.97333e-10
