x,v,vx,vy,vz
220.096,425,7.19521e-05,4.30872e-05,-4.1337e-06,-5.74762e-05
220.962,424.5,7.32423e-05,4.37855e-05,-4.21639e-06,-5.85618e-05
221.828,424,7.45522e-05,4.44987e-05,-4.29951e-06,-5.96608e-05
222.694,423.5,7.58819e-05,4.52267e-05,-4.38307e-06,-6.07733e-05
223.56,423,7.72312e-05,4.59695e-05,-4.46706e-06,-6.18992e-05
224.426,422.5,7.86337e-05,4.67154e-05,-4.5625e-06,-6.30881e-05
225.292,422,8.01675e-05,4.7441e-05,-4.69542e-06,-6.44526e-05
226.158,421.5,8.17305e-05,4.81855e-05,-4.83218e-06,-6.58383e-05
227.024,421,8.33288e-05,4.89744e-05,-4.97397e-06,-6.72343e-05
227.89,420.5,8.49846e-05,4.98974e-05,-5.1236e-06,-6.8603e-05
228.756,420,8.66719e-05,5.08469e-05,-5.27516e-06,-6.99912e-05
229.622,419.5,8.83906e-05,5.1823e-05,-5.42865e-06,-7.1399e-05
230.488,419,9.01408e-05,5.28255e-05,-5.58408e-06,-7.28262e-05
231.355,418.5,9.19225e-05,5.38547e-05,-5.74144e-06,-7.42729e-05
232.221,418,9.37356e-05,5.49103e-05,-5.90073e-06,-7.5739e-05
233.087,417.5,9.55801e-05,5.59925e-05,-6.06196e-06,-7.72247e-05
233.953,417,9.74561e-05,5.71012e-05,-6.22511e-06,-7.87299e-05
234.819,416.5,9.93635e-05,5.82364e-05,-6.3902e-06,-8.02545e-05
235.685,416,0.000101446,5.93456e-05,-6.57819e-06,-8.20135e-05
236.551,415.5,0.000103667,6.04545e-05,-6.78532e-06,-8.39408e-05
237.417,415,0.000105936,6.15986e-05,-6.99912e-06,-8.59019e-05
238.283,414.5,0.000108254,6.27778e-05,-7.2196e-06,-8.78969e-05
239.149,414,0.000110621,6.3992e-05,-7.44676e-06,-8.99257e-05
240.015,413.5,0.000113037,6.52414e-05,-7.68059e-06,-9.19884e-05
240.881,413,0.000115501,6.6526e-05,-7.9211e-06,-9.40849e-05
241.747,412.5,0.000118013,6.78456e-05,-8.16828e-06,-9.62152e-05
242.613,412,0.000120574,6.92003e-05,-8.42215e-06,-9.83794e-05
243.479,411.5,0.000123184,7.05902e-05,-8.68268e-06,-0.000100577
244.345,411,0.000125841,7.20152e-05,-8.9499e-06,-0.000102809
245.211,410.5,0.000128547,7.34753e-05,-9.22379e-06,-0.000105075
246.077,410,0.000131312,7.50466e-05,-9.50253e-06,-0.000107334
246.943,409.5,0.000134485,7.67255e-05,-9.81347e-06,-0.000110014
247.809,409,0.000137752,7.8472e-05,-1.0137e-05,-0.000112761
248.675,408.5,0.000141107,8.02883e-05,-1.04726e-05,-0.000115566
249.541,408,0.00014455,8.21744e-05,-1.08203e-05,-0.000118428
250.407,407.5,0.000148081,8.41303e-05,-1.118e-05,-0.000121347
251.273,407,0.0001517,8.6156e-05,-1.15518e-05,-0.000124325
252.139,406.5,0.000155407,8.82516e-05,-1.19356e-05,-0.00012736
253.005,406,0.000159201,9.0417e-05,-1.23315e-05,-0.000130452
253.871,405.5,0.000163084,9.26522e-05,-1.27395e-05,-0.000133602
254.737,405,0.000167054,9.49572e-05,-1.31595e-05,-0.00013681
255.603,404.5,0.000171112,9.73321e-05,-1.35916e-05,-0.000140076
256.469,404,0.000175259,9.97768e-05,-1.40358e-05,-0.000143399
257.335,403.5,0.000179692,0.000102163,-1.44898e-05,-0.000147112
258.201,403,0.000184603,0.00010439,-1.49504e-05,-0.000151517
259.067,402.5,0.000189636,0.000106695,-1.54206e-05,-0.000156013
259.933,402,0.00019479,0.00010908,-1.59005e-05,-0.000160598
260.799,401.5,0.000200065,0.000111544,-1.63902e-05,-0.000165273
261.665,401,0.00020546,0.000114087,-1.68895e-05,-0.000170037
262.531,400.5,0.000210976,0.00011671,-1.73986e-05,-0.000174891
263.397,400,0.000216612,0.000119412,-1.79174e-05,-0.000179835
264.263,399.5,0.000222368,0.000122193,-1.84458e-05,-0.000184868
265.13,399,0.000228303,0.000125407,-1.89924e-05,-0.000189828
265.996,398.5,0.000234463,0.0001292,-1.9566e-05,-0.000194672
266.862,398,0.000240786,0.00013314,-2.01583e-05,-0.000199613
267.728,397.5,0.000247272,0.000137224,-2.07692e-05,-0.00020465
268.594,397,0.00025466,0.00014111,-2.14915e-05,-0.000210897
269.46,396.5,0.000262569,0.000145043,-2.22679e-05,-0.000217736
270.326,396,0.000270726,0.000149159,-2.30625e-05,-0.000224749
271.192,395.5,0.000279131,0.000153461,-2.38753e-05,-0.000231935
272.058,395,0.000287783,0.000157946,-2.47064e-05,-0.000239294
272.924,394.5,0.000296682,0.000162616,-2.55557e-05,-0.000246826
273.79,394,0.000305828,0.000167471,-2.64232e-05,-0.000254531
274.656,393.5,0.000315221,0.00017251,-2.7309e-05,-0.00026241
275.522,393,0.000324861,0.000177733,-2.8213e-05,-0.000270461
276.388,392.5,0.000334747,0.000183141,-2.91353e-05,-0.000278686
277.254,392,0.00034488,0.000188733,-3.00758e-05,-0.000287084
278.12,391.5,0.00035526,0.00019451,-3.10345e-05,-0.000295656
278.986,391,0.00036608,0.000200366,-3.2007e-05,-0.000304702
279.852,390.5,0.000379162,0.000205391,-3.29604e-05,-0.000317005
280.718,390,0.000392689,0.000210643,-3.39464e-05,-0.000329669
281.584,389.5,0.000406659,0.000216121,-3.49649e-05,-0.000342696
282.45,389,0.00042107,0.000221825,-3.60159e-05,-0.000356085
283.316,388.5,0.000435922,0.000227756,-3.70994e-05,-0.000369837
284.182,388,0.000451644,0.000235458,-3.83214e-05,-0.000383501
285.048,387.5,0.000468253,0.0002448,-3.96588e-05,-0.000397191
285.914,387,0.000485447,0.000254638,-4.10296e-05,-0.000411261
286.78,386.5,0.000503228,0.000264971,-4.24338e-05,-0.000425709
287.646,386,0.000521597,0.000275801,-4.38712e-05,-0.000440536
288.512,385.5,0.000540554,0.000287126,-4.53421e-05,-0.000455742
289.378,385,0.000560102,0.000298948,-4.68462e-05,-0.000471328
290.244,384.5,0.000581921,0.000310697,-4.81778e-05,-0.000489672
291.11,384,0.000606641,0.000322625,-4.9323e-05,-0.000511364
291.976,383.5,0.000632434,0.000335519,-5.05284e-05,-0.000533711
292.842,383,0.0006593,0.000349378,-5.17938e-05,-0.000556713
293.708,382.5,0.000687236,0.000364202,-5.31193e-05,-0.000580369
294.574,382,0.000716242,0.000379992,-5.4505e-05,-0.000604681
295.44,381.5,0.00074632,0.000396746,-5.59507e-05,-0.000629647
296.306,381,0.00077747,0.000414467,-5.74566e-05,-0.000655268
297.172,380.5,0.000809695,0.000433152,-5.90226e-05,-0.000681544
298.038,380,0.000842998,0.000452803,-6.06487e-05,-0.000708475
298.905,379.5,0.00087738,0.000473419,-6.2335e-05,-0.000736061
299.771,379,0.000912846,0.000495001,-6.40813e-05,-0.000764301
300.637,378.5,0.000949398,0.000517547,-6.58878e-05,-0.000793197
301.503,378,0.000989099,0.000519754,-6.69379e-05,-0.000838864
302.369,377.5,0.00103131,0.000517735,-6.78628e-05,-0.000889353
303.235,377,0.00108075,0.000519486,-6.8608e-05,-0.000945225
304.101,376.5,0.00113685,0.000522432,-6.93468e-05,-0.00100732
304.967,376,0.00119783,0.000524749,-7.01876e-05,-0.00107448
305.833,375.5,0.00126378,0.000526436,-7.11306e-05,-0.00114671
306.699,375,0.00133478,0.000527494,-7.21758e-05,-0.001224
307.565,374.5,0.0014109,0.000527922,-7.3323e-05,-0.00130636
308.431,374,0.00149221,0.000527721,-7.45724e-05,-0.00139378
309.297,373.5,0.00157873,0.000526891,-7.59239e-05,-0.00148628
310.163,373,0.00167051,0.000525431,-7.73776e-05,-0.00158383
311.029,372.5,0.00176756,0.000523342,-7.89334e-05,-0.00168646
311.895,372,0.00186654,0.000530693,-7.67662e-05,-0.00178786
312.761,371.5,0.0019581,0.000580093,-5.89072e-05,-0.00186928
313.627,371,0.00205577,0.000634245,-3.98021e-05,-0.00195508
314.493,370.5,0.00215962,0.00069315,-1.94509e-05,-0.00204527
315.359,370,0.00226974,0.000756808,2.14646e-06,-0.00213985
316.225,369.5,0.00238619,0.000825219,2.499e-05,-0.00223881
317.091,369,0.00250903,0.000898382,4.90796e-05,-0.00234216
317.957,368.5,0.00263832,0.000976298,7.44155e-05,-0.0024499
318.823,368,0.00277409,0.00105897,0.000100997,-0.00256203
319.689,367.5,0.0029164,0.00114639,0.000128826,-0.00267854
320.555,367,0.00306526,0.00123856,0.0001579,-0.00279944
321.421,366.5,0.00322072,0.00133549,0.00018822,-0.00292473
322.287,366,0.00349106,0.00177409,0.00024209,-0.00299691
323.153,365.5,0.00400851,0.00193135,0.000282648,-0.00350116
324.019,365,0.00466498,0.00171232,0.000305592,-0.00432858
324.885,364.5,0.00534372,0.00139145,0.000326921,-0.00514902
325.751,364,0.0060506,0.000968738,0.000346635,-0.00596248
326.617,363.5,0.00679332,0.000444186,0.000364734,-0.00676896
327.483,363,0.00758025,-0.000182206,0.000381219,-0.00756846
328.349,362.5,0.00841973,-0.000910438,0.000396088,-0.00836099
329.215,362,0.00931966,-0.00174051,0.000409343,-0.00914653
330.081,361.5,0.0102872,-0.00267242,0.000420983,-0.0099251
330.947,361,0.0113287,-0.00370617,0.000431008,-0.0106967
331.813,360.5,0.0124498,-0.00484177,0.000439419,-0.0114613
332.679,360,0.013655,-0.0060792,0.000446214,-0.0122189
333.546,359.5,0.0149482,-0.00741847,0.000451395,-0.0129696
334.412,359,0.0109806,-0.00164171,-0.00214948,-0.0106423
335.278,358.5,0.0110425,0.00546342,-0.00532044,-0.00798624
336.144,358,0.0169891,0.0135,-0.00891978,-0.00517855
337.01,357.5,0.0260264,0.022468,-0.0129475,-0.0022192
337.876,357,0.0367605,0.0323675,-0.0174036,0.000891811
338.742,356.5,0.0487865,0.0431984,-0.022288,0.00415448
339.608,356,0.061966,0.0549607,-0.0276009,0.0075688
340.474,355.5,0.0762418,0.0676545,-0.0333421,0.0111348
341.34,355,0.0873983,0.0776873,-0.0374344,0.0142057
342.206,354.5,0.0981601,0.087425,-0.0412631,0.0170185
343.072,354,0.108758,0.0970753,-0.0449489,0.0196043
343.938,353.5,0.119187,0.106638,-0.0484916,0.0219633
344.804,353,0.123991,0.111334,-0.0494929,0.0230005
345.67,352.5,0.117301,0.106033,-0.0453534,0.0214413
346.536,352,0.111282,0.101399,-0.0414107,0.0196767
347.402,351.5,0.105949,0.0974322,-0.0376646,0.0177067
348.268,351,0.101322,0.0941327,-0.0341153,0.0155313
349.134,350.5,0.097425,0.0915005,-0.0307627,0.0131505
350,350,0.0942886,0.0895355,-0.0276068,0.0105643
350.866,349.5,0.0919447,0.0882378,-0.0246476,0.00777268
351.732,349,0.0904256,0.0876072,-0.0218851,0.00477568
352.598,348.5,0.0897617,0.0876439,-0.0193193,0.00157328
353.464,348,0.0899778,0.0883478,-0.0169502,-0.00183452
354.33,347.5,0.0910908,0.0897189,-0.0147779,-0.00544772
355.196,347,0.0931083,0.0917572,-0.0128023,-0.00926632
356.062,346.5,0.0927311,0.0912707,-0.0118564,-0.01132
356.928,346,0.0904132,0.0888535,-0.0112027,-0.0124131
357.794,345.5,0.0874229,0.0857607,-0.0104046,-0.013402
358.66,345,0.0837637,0.0819921,-0.00946232,-0.0142866
359.526,344.5,0.0790284,0.0771455,-0.00832117,-0.0149937
360.392,344,0.0682243,0.0663467,-0.0063807,-0.0145589
361.258,343.5,0.0582312,0.0563014,-0.00460378,-0.0141362
362.124,343,0.0490637,0.0470097,-0.00299043,-0.0137255
362.99,342.5,0.0407436,0.0384715,-0.00154064,-0.0133268
363.856,342,0.0333047,0.030687,-0.000254404,-0.0129403
364.722,341.5,0.0268003,0.0236559,0.000868268,-0.0125657
365.588,341,0.0213136,0.0173784,0.00182738,-0.0122033
366.454,340.5,0.0171265,0.0120888,0.00257427,-0.0118554
367.321,340,0.0162253,0.0111485,0.00242187,-0.0115371
368.187,339.5,0.0153381,0.0102493,0.00227507,-0.0111817
369.053,339,0.0144623,0.00939127,0.00213386,-0.0107893
369.919,338.5,0.0135954,0.00857429,0.00199824,-0.0103597
370.785,338,0.0127349,0.0077984,0.00186821,-0.00989311
371.651,337.5,0.0118784,0.0070636,0.00174378,-0.00938939
372.517,337,0.0110233,0.00636989,0.00162494,-0.00884859
373.383,336.5,0.0101675,0.00571728,0.00151169,-0.00827071
374.249,336,0.00930862,0.00510575,0.00140404,-0.00765574
375.115,335.5,0.00844487,0.00453532,0.00130198,-0.00700368
375.981,335,0.0075746,0.00400598,0.00120551,-0.00631454
376.847,334.5,0.00669673,0.00351773,0.00111463,-0.00558832
377.713,334,0.00600401,0.00298757,0.00102331,-0.00510641
378.579,333.5,0.00562204,0.00248722,0.000936872,-0.00495413
379.445,333,0.00529976,0.00237913,0.000883245,-0.00465265
380.311,332.5,0.00499014,0.00227442,0.000831261,-0.0043632
381.177,332,0.00469316,0.0021731,0.000780919,-0.00408577
382.043,331.5,0.00440882,0.00207516,0.000732218,-0.00382037
382.909,331,0.00413712,0.00198061,0.00068516,-0.003567
383.775,330.5,0.00387804,0.00188944,0.000639744,-0.00332565
384.641,330,0.00363159,0.00180166,0.000595971,-0.00309633
385.507,329.5,0.00339773,0.00171726,0.000553839,-0.00287903
386.373,329,0.00317645,0.00163625,0.000513349,-0.00267376
387.239,328.5,0.00296773,0.00155862,0.000474502,-0.00248052
388.105,328,0.00277153,0.00148438,0.000437297,-0.0022993
388.971,327.5,0.00261716,0.00142748,0.000413546,-0.00215425
389.837,327,0.00247699,0.00137563,0.000393437,-0.00202196
390.703,326.5,0.00234287,0.00132506,0.000373841,-0.00189565
391.569,326,0.00221478,0.00127576,0.000354758,-0.00177534
392.435,325.5,0.00209267,0.00122773,0.000336186,-0.001661
393.301,325,0.00197653,0.00118098,0.000318127,-0.00155266
394.167,324.5,0.0018663,0.0011355,0.000300581,-0.0014503
395.033,324,0.00176194,0.0010913,0.000283546,-0.00135392
395.899,323.5,0.0016634,0.00104837,0.000267024,-0.00126353
396.765,323,0.00157061,0.00100671,0.000251014,-0.00117913
397.631,322.5,0.00148672,0.000968601,0.000235621,-0.00110301
398.497,322,0.0014137,0.000936895,0.000220983,-0.00103534
399.363,321.5,0.00134558,0.000904548,0.000207489,-0.00097433
400.229,321,0.00128962,0.000863071,0.000197434,-0.000937685
401.095,320.5,0.00123528,0.00082309,0.000187679,-0.000901783
401.962,320,0.00118254,0.000784606,0.000178224,-0.000866625
402.828,319.5,0.00113141,0.000747619,0.000169069,-0.00083221
403.694,319,0.00108188,0.000712128,0.000160214,-0.000798538
404.56,318.5,0.00103394,0.000678134,0.000151659,-0.00076561
405.426,318,0.000987585,0.000645637,0.000143404,-0.000733425
406.292,317.5,0.000942817,0.000614636,0.000135449,-0.000701983
407.158,317,0.00089963,0.000585132,0.000127795,-0.000671284
408.024,316.5,0.000858019,0.000557125,0.00012044,-0.000641329
408.89,316,0.000817982,0.000530614,0.000113385,-0.000612117
409.756,315.5,0.000779517,0.0005056,0.000106631,-0.000583648
410.622,315,0.000747048,0.000483381,0.000100946,-0.000560565
411.488,314.5,0.00071938,0.000463224,9.61083e-05,-0.000541935
412.354,314,0.00069253,0.000443843,9.14226e-05,-0.000523681
413.22,313.5,0.000666494,0.000425239,8.68888e-05,-0.000505803
414.086,313,0.000641271,0.000407411,8.25068e-05,-0.000488301
414.952,312.5,0.000616857,0.000390359,7.82766e-05,-0.000471174
415.818,312,0.000593248,0.000374084,7.41982e-05,-0.000454422
416.684,311.5,0.000570767,0.000359802,7.05075e-05,-0.000437431
417.55,311,0.00054935,0.000347597,6.72286e-05,-0.000420049
418.416,310.5,0.000528523,0.0003358,6.40413e-05,-0.00040308
419.282,310,0.000508288,0.00032441,6.09456e-05,-0.000386523
420.148,309.5,0.000488645,0.000313428,5.79415e-05,-0.000370378
421.014,309,0.000469597,0.000302854,5.5029e-05,-0.000354644
421.88,308.5,0.000454484,0.000292638,5.28153e-05,-0.0003437
422.746,308,0.000440069,0.000282722,5.07138e-05,-0.000333402
423.612,307.5,0.000426,0.000273105,4.8661e-05,-0.000323299
424.478,307,0.000412278,0.000263787,4.66568e-05,-0.000313389
425.344,306.5,0.000398902,0.000254769,4.47012e-05,-0.000303674
426.21,306,0.000385873,0.00024605,4.27944e-05,-0.000294153
427.076,305.5,0.000373188,0.00023763,4.09362e-05,-0.000284825
427.942,305,0.000360849,0.00022951,3.91267e-05,-0.000275692
428.808,304.5,0.000348854,0.000221689,3.73658e-05,-0.000266753
429.674,304,0.000337205,0.000214168,3.56537e-05,-0.000258008
430.54,303.5,0.000325899,0.000206946,3.39901e-05,-0.000249457
431.406,303,0.000314939,0.000200023,3.23753e-05,-0.000241099
432.272,302.5,0.000304821,0.000193462,3.09447e-05,-0.000233518
433.138,302,0.000296253,0.000187298,2.99015e-05,-0.000227577
434.004,301.5,0.000287894,0.000181334,2.88873e-05,-0.000221735
434.87,301,0.000279742,0.00017557,2.79022e-05,-0.00021599
435.737,300.5,0.000271883,0.00017054,2.69619e-05,-0.000210023
436.603,300,0.000264262,0.000166059,2.60545e-05,-0.000203911
437.469,299.5,0.000256801,0.000161695,2.51655e-05,-0.000197909
438.335,299,0.0002495,0.000157449,2.42948e-05,-0.000192015
439.201,298.5,0.00024236,0.000153319,2.34425e-05,-0.00018623
440.067,298,0.00023538,0.000149307,2.26085e-05,-0.000180554
440.933,297.5,0.000228561,0.000145412,2.17929e-05,-0.000174987
441.799,297,0.000221903,0.000141634,2.09956e-05,-0.000169529
442.665,296.5,0.000215406,0.000137973,2.02167e-05,-0.000164179
443.531,296,0.000209669,0.000134327,1.95109e-05,-0.000159802
444.397,295.5,0.000204377,0.000130726,1.88517e-05,-0.000155966
445.263,295,0.000199196,0.00012722,1.82093e-05,-0.000152193
446.129,294.5,0.000194128,0.00012381,1.75836e-05,-0.000148484
446.995,294,0.000189171,0.000120496,1.69747e-05,-0.000144839
447.861,293.5,0.000184327,0.000117278,1.63825e-05,-0.000141258
448.727,293,0.000179594,0.000114155,1.58071e-05,-0.000137742
449.593,292.5,0.000174973,0.000111128,1.52484e-05,-0.000134289
450.459,292,0.000170464,0.000108197,1.47065e-05,-0.000130901
451.325,291.5,0.000166066,0.000105361,1.41813e-05,-0.000127576
452.191,291,0.000161779,0.000102622,1.36729e-05,-0.000124316
453.057,290.5,0.000157604,9.99775e-05,1.31812e-05,-0.000121119
453.923,290,0.000153552,9.7431e-05,1.27076e-05,-0.000118
454.789,289.5,0.000150172,9.52287e-05,1.23147e-05,-0.000115462
455.655,289,0.000146869,9.31545e-05,1.19311e-05,-0.000112917
456.521,288.5,0.000143624,9.11271e-05,1.15561e-05,-0.000110408
457.387,288,0.000140437,8.91465e-05,1.11899e-05,-0.000107936
458.253,287.5,0.000137309,8.72127e-05,1.08324e-05,-0.0001055
459.119,287,0.000134239,8.53257e-05,1.04837e-05,-0.000103101
459.985,286.5,0.000131228,8.34855e-05,1.01436e-05,-0.000100738
460.851,286,0.000128275,8.16921e-05,9.81221e-06,-9.84107e-05
461.717,285.5,0.000125381,7.99455e-05,9.48955e-06,-9.61203e-05
462.583,285,0.000122546,7.82457e-05,9.1756e-06,-9.38663e-05
463.449,284.5,0.000119769,7.65927e-05,8.87036e-06,-9.16487e-05
464.315,284,0.000117051,7.49866e-05,8.57383e-06,-8.94675e-05
465.181,283.5,0.000114528,7.34307e-05,8.30478e-06,-8.74958e-05
466.047,283,0.000112261,7.19179e-05,8.07011e-06,-8.58203e-05
466.913,282.5,0.000110031,7.04386e-05,7.83881e-06,-8.41651e-05
467.779,282,0.000107839,6.89928e-05,7.61087e-06,-8.25301e-05
468.645,281.5,0.000105683,6.75805e-05,7.3863e-06,-8.09153e-05
469.512,281,0.000103565,6.62017e-05,7.16509e-06,-7.93208e-05
470.378,280.5,0.000101485,6.48564e-05,6.94725e-06,-7.77465e-05
471.244,280,9.94411e-05,6.35445e-05,6.73277e-06,-7.61924e-05
472.11,279.5,9.74347e-05,6.22662e-05,6.52166e-06,-7.46586e-05
472.976,279,9.54656e-05,6.10214e-05,6.31392e-06,-7.31451e-05
473.842,278.5,9.35651e-05,5.9926e-05,6.11876e-06,-7.15951e-05
474.708,278,9.17057e-05,5.88826e-05,5.93039e-06,-7.00542e-05
475.574,277.5,8.98798e-05,5.78637e-05,5.74682e-06,-6.85357e-05
476.44,277,8.82337e-05,5.68694e-05,5.61122e-06,-6.72277e-05
477.306,276.5,8.66574e-05,5.5894e-05,5.49074e-06,-6.5994e-05
478.172,276,8.51035e-05,5.49367e-05,5.37133e-06,-6.47743e-05
479.038,275.5,8.35721e-05,5.39974e-05,5.25299e-06,-6.35687e-05
