x,v,vx,vy,vz
0,0.362096,-0.362095,0.000202135,0.000278721
2,0.362246,-0.362246,0.000158582,0.000270616
4,0.362394,-0.362394,0.000109973,0.000262613
6,0.362526,-0.362526,8.43899e-05,0.000254817
8,0.362651,-0.362651,6.3542e-05,0.000247471
10,0.362767,-0.362766,2.31144e-05,0.000240662
12,0.362871,-0.362871,-6.74969e-05,0.000234661
14,0.36296,-0.36296,-0.000243728,0.000229848
16,0.362976,-0.362976,-0.000515363,0.000228251
18,0.362969,-0.362968,-0.000854305,0.000231241
20,0.362914,-0.362912,-0.00129352,0.000241015
22,0.362809,-0.362805,-0.00183772,0.000259767
24,0.362676,-0.362667,-0.00245924,0.000290893
26,0.362371,-0.362362,-0.00259717,0.000331389
28,0.361968,-0.361961,-0.00222363,0.000335805
30,0.361514,-0.36151,-0.00171382,0.00032603
32,0.361058,-0.361055,-0.00136892,0.000321911
34,0.360656,-0.360655,-0.00112085,0.000316736
36,0.360297,-0.360296,-0.000927842,0.000311912
38,0.359981,-0.35998,-0.000762464,0.000307361
40,0.359706,-0.359706,-0.000624397,0.000302982
42,0.359469,-0.359469,-0.000517215,0.000298663
44,0.35927,-0.35927,-0.000422238,0.000294542
46,0.359099,-0.359098,-0.000354378,0.000290677
48,0.358944,-0.358944,-0.000301846,0.000286986
50,0.358802,-0.358802,-0.000260666,0.000283453
52,0.358675,-0.358675,-0.000231697,0.000280102
54,0.358557,-0.358557,-0.000203736,0.000276896
56,0.358455,-0.358455,-0.000179071,0.000273843
58,0.358366,-0.358366,-0.000158009,0.000270951
60,0.358287,-0.358287,-0.000140552,0.000268221
62,0.358217,-0.358217,-0.000126651,0.000265654
64,0.358155,-0.358155,-0.000108697,0.000263234
66,0.358099,-0.358098,-9.44048e-05,0.00026095
68,0.358047,-0.358047,-8.44884e-05,0.000258815
70,0.357997,-0.357997,-7.82424e-05,0.000256838
72,0.357949,-0.357949,-7.43018e-05,0.000255034
74,0.357903,-0.357903,-6.90101e-05,0.000253362
76,0.35786,-0.35786,-6.34969e-05,0.000251823
78,0.357821,-0.357821,-5.85977e-05,0.000250423
80,0.357784,-0.357784,-5.51241e-05,0.000249168
82,0.35775,-0.35775,-5.23483e-05,0.000248085
84,0.357717,-0.357716,-4.80634e-05,0.000247112
86,0.357685,-0.357685,-4.41111e-05,0.00024626
88,0.357654,-0.357654,-4.14732e-05,0.000245539
90,0.357623,-0.357623,-4.02052e-05,0.000244977
92,0.357592,-0.357592,-3.94901e-05,0.00024459
94,0.357561,-0.357561,-3.85732e-05,0.000244323
96,0.35753,-0.35753,-3.74395e-05,0.000244172
98,0.3575,-0.3575,-3.62301e-05,0.000244131
100,0.357471,-0.35747,-3.55092e-05,0.000244211
102,0.357441,-0.357441,-3.48757e-05,0.000244404
104,0.357412,-0.357411,-3.40003e-05,0.000244709
106,0.357382,-0.357382,-3.31041e-05,0.000245137
108,0.357352,-0.357352,-3.25887e-05,0.000245699
110,0.357322,-0.357322,-3.26449e-05,0.000246442
112,0.35729,-0.35729,-3.28293e-05,0.000247324
114,0.357259,-0.357258,-3.32144e-05,0.000248322
116,0.357226,-0.357226,-3.36722e-05,0.000249434
118,0.357193,-0.357193,-3.38487e-05,0.000250673
120,0.357159,-0.357159,-3.40617e-05,0.000252088
122,0.357125,-0.357125,-3.42325e-05,0.000253626
124,0.35709,-0.35709,-3.45412e-05,0.000255275
126,0.357054,-0.357054,-3.50797e-05,0.000257034
128,0.357017,-0.357017,-3.57249e-05,0.000258931
130,0.356978,-0.356978,-3.66721e-05,0.000260997
132,0.356938,-0.356938,-3.75964e-05,0.000263196
134,0.356896,-0.356896,-3.87915e-05,0.000265521
136,0.356854,-0.356854,-4.05039e-05,0.000267965
138,0.356809,-0.356809,-4.1576e-05,0.000270568
140,0.356763,-0.356763,-4.24585e-05,0.000273334
142,0.356716,-0.356716,-4.31684e-05,0.000276236
144,0.356668,-0.356668,-4.39981e-05,0.000279263
146,0.356618,-0.356618,-4.54413e-05,0.000282403
148,0.356565,-0.356565,-4.68897e-05,0.000285701
150,0.35651,-0.35651,-4.87029e-05,0.000289147
152,0.356452,-0.356452,-5.03878e-05,0.000292738
154,0.356391,-0.356391,-5.21464e-05,0.000296473
156,0.356328,-0.356328,-5.54781e-05,0.000300371
158,0.356262,-0.356262,-5.71531e-05,0.000304463
160,0.356194,-0.356193,-5.82202e-05,0.000308728
162,0.356123,-0.356123,-5.88739e-05,0.000313149
164,0.356051,-0.356051,-5.94137e-05,0.000317704
166,0.355975,-0.355975,-6.10983e-05,0.000322401
168,0.355894,-0.355893,-6.3323e-05,0.000327219
170,0.355806,-0.355806,-6.66148e-05,0.000332163
172,0.355714,-0.355713,-7.02788e-05,0.000337236
174,0.355616,-0.355616,-7.33321e-05,0.000342436
176,0.355512,-0.355511,-8.05047e-05,0.000347825
178,0.355405,-0.355405,-8.33865e-05,0.000353365
180,0.355296,-0.355296,-8.47299e-05,0.000359066
182,0.355184,-0.355184,-8.50469e-05,0.00036491
184,0.355068,-0.355068,-8.27121e-05,0.00037084
186,0.354944,-0.354944,-8.29828e-05,0.000376866
188,0.354806,-0.354806,-8.5811e-05,0.000382931
190,0.354653,-0.354653,-8.81938e-05,0.000389116
192,0.354489,-0.354489,-8.88186e-05,0.000395496
194,0.354325,-0.354325,-9.15871e-05,0.000402155
196,0.354151,-0.354151,-0.000110217,0.000409349
198,0.353979,-0.353978,-0.000120249,0.000416941
200,0.353803,-0.353803,-0.000123093,0.000424761
202,0.353616,-0.353616,-0.00012341,0.000432595
204,0.353383,-0.353383,-0.000100132,0.000440107
206,0.353109,-0.353109,-0.000136659,0.000446848
208,0.352763,-0.352762,-0.000202718,0.000452613
210,0.352346,-0.352346,-0.000265332,0.000457665
212,0.351891,-0.35189,-0.000282057,0.000462652
214,0.351548,-0.351547,-0.000407675,0.000468205
216,0.351186,-0.351185,-0.000472459,0.000475726
218,0.350838,-0.350837,-0.000494614,0.000484927
220,0.350459,-0.350459,-0.000569002,0.000494681
222,0.349838,-0.349837,-0.000973934,0.00050196
224,0.34843,-0.348428,-0.00115649,0.000499911
226,0.346496,-0.346493,-0.00134334,0.000485132
228,0.344085,-0.344082,-0.00149574,0.000455489
230,0.341276,-0.341272,-0.00157766,0.000410428
232,0.338294,-0.33829,-0.00173223,0.000352219
234,0.335464,-0.335457,-0.00209031,0.000281362
236,0.332816,-0.332811,-0.00178143,0.000199834
238,0.33048,-0.330479,-0.000960487,0.000111462
240,0.328597,-0.328597,-0.00025822,2.10392e-05
242,0.326569,-0.326566,-0.00159348,-9.06547e-05
244,0.3237,-0.32369,-0.00246799,-0.000225029
246,0.320547,-0.320542,-0.00184037,-0.000374468
248,0.317876,-0.317875,0.000240691,-0.000534282
250,0.31694,-0.316929,0.00247351,-0.000701751
252,0.317129,-0.317123,0.00168988,-0.00085395
254,0.316718,-0.316715,0.000754645,-0.000990671
256,0.315991,-0.315988,0.000932534,-0.00111725
258,0.315468,-0.315455,0.00260452,-0.00123681
260,0.316208,-0.316184,0.00372533,-0.00134229
262,0.317024,-0.317009,0.00275061,-0.00151378
264,0.317285,-0.317273,0.00213029,-0.00172823
266,0.317256,-0.31724,0.00250382,-0.00196243
268,0.317458,-0.317426,0.00393502,-0.00219398
270,0.318508,-0.318467,0.00448431,-0.0024494
272,0.319822,-0.319784,0.00400155,-0.00282996
274,0.321148,-0.321116,0.00307897,-0.00335586
276,0.322572,-0.322542,0.00173149,-0.0040058
278,0.32443,-0.324396,-0.000395788,-0.00471945
280,0.325676,-0.325604,-0.00300865,-0.00615673
282,0.32772,-0.327512,-0.00786421,-0.00860362
284,0.32794,-0.327268,-0.0168216,-0.0125506
286,0.325388,-0.323549,-0.0296388,-0.0177448
288,0.321206,-0.317672,-0.0419115,-0.0223912
290,0.30996,-0.306735,-0.0368974,-0.0250558
292,0.30604,-0.303358,-0.031454,-0.0254016
294,0.303347,-0.301196,-0.0283119,-0.022334
296,0.296963,-0.295239,-0.0274185,-0.016395
298,0.308168,-0.306752,-0.0228204,-0.0187155
300,0.341847,-0.339773,-0.0169159,-0.0335763
302,0.376096,-0.371929,-0.0162761,-0.0533996
304,0.415881,-0.406831,-0.0277777,-0.0816926
306,0.477525,-0.456811,-0.0587655,-0.126097
308,0.47727,-0.430715,-0.111281,-0.17288
310,0.463191,-0.378246,-0.15488,-0.217917
312,0.408415,-0.275405,-0.180371,-0.241705
314,0.32648,-0.126566,-0.168401,-0.249422
316,0.291679,0.0270419,-0.0780904,-0.279727
318,0.214628,0.179202,0.0310222,-0.113972
320,0.365354,0.35914,0.0644615,0.0186299
322,0.482777,0.480233,0.049481,0.00117782
324,0.499407,0.453229,0.0494907,-0.203818
326,0.498342,0.159655,0.2521,-0.399124
328,0.429145,-0.052898,0.288559,-0.313211
330,0.38196,-0.212687,0.216828,-0.231611
332,0.394647,-0.321788,0.104206,-0.203322
334,0.436416,-0.378902,0.0258529,-0.214997
336,0.418242,-0.376751,0.00310367,-0.181591
338,0.419762,-0.39538,-0.0128944,-0.140389
340,0.404184,-0.38571,-0.0216587,-0.118841
342,0.369138,-0.350335,0.00640901,-0.116134
344,0.364481,-0.348374,0.00892252,-0.106781
346,0.364286,-0.349318,0.00780208,-0.103052
348,0.362968,-0.349146,0.00658734,-0.0989941
350,0.347157,-0.335038,0.00419651,-0.0908287
352,0.374676,-0.366434,-0.0151814,-0.0766677
354,0.336659,-0.330074,-0.00927927,-0.0656116
356,0.348549,-0.336629,-0.00316681,-0.0903166
358,0.358396,-0.339355,-0.000794878,-0.115263
360,0.374955,-0.346661,-0.00267682,-0.142866
362,0.408557,-0.368026,-0.00688733,-0.177278
364,0.40977,-0.360609,0.00174027,-0.194603
366,0.424263,-0.383269,0.0109453,-0.181617
368,0.43922,-0.406966,0.016693,-0.164358
370,0.459395,-0.436028,0.0166493,-0.143688
372,0.501406,-0.489095,0.00914341,-0.110049
374,0.497573,-0.487168,-0.00851573,-0.100862
376,0.504287,-0.498154,-0.0142866,-0.0770957
378,0.511554,-0.50835,-0.0137153,-0.055495
380,0.515067,-0.513513,-0.00951931,-0.0388359
382,0.521715,-0.521608,-0.000947637,-0.0105265
384,0.516876,-0.516644,0.00102972,0.0154331
386,0.506825,-0.505105,0.00311052,0.0416024
388,0.493666,-0.489707,0.00432638,0.0622485
390,0.479022,-0.47323,0.00421877,0.0741479
392,0.467892,-0.45993,0.00699154,0.0856621
394,0.45588,-0.446335,0.00782382,0.0924673
396,0.444558,-0.433769,0.00801058,0.0970176
398,0.433752,-0.422063,0.00795457,0.0996989
400,0.422864,-0.410676,0.00787504,0.100484
402,0.413301,-0.401127,0.00802376,0.0992495
404,0.40453,-0.392576,0.00820295,0.0972707
406,0.396474,-0.384994,0.00819307,0.0943597
408,0.389225,-0.378412,0.00802419,0.0907501
410,0.383033,-0.372908,0.00795372,0.0871261
412,0.377807,-0.368508,0.00749153,0.0829703
414,0.373297,-0.36481,0.00685782,0.0788519
416,0.369282,-0.361593,0.00636378,0.0746931
418,0.365682,-0.358772,0.00621155,0.070482
420,0.362851,-0.356661,0.00641211,0.06643
422,0.360691,-0.355187,0.00598,0.0624824
424,0.358802,-0.353924,0.00500733,0.0587498
426,0.357007,-0.352688,0.00406354,0.0552129
428,0.355216,-0.351396,0.00378248,0.0518188
430,0.353903,-0.350532,0.00454905,0.0485156
432,0.353314,-0.350372,0.00470032,0.0452503
434,0.353034,-0.350471,0.00392095,0.0422774
436,0.352642,-0.350393,0.00260903,0.0396813
438,0.351635,-0.349631,0.00164315,0.0374529
440,0.350513,-0.348733,0.0024242,0.0352004
442,0.350237,-0.348683,0.0031979,0.0327996
444,0.350522,-0.349192,0.00313861,0.0303423
446,0.35091,-0.34979,0.00204069,0.0279304
448,0.350503,-0.349558,0.000576007,0.025719
450,0.349651,-0.348821,0.000702636,0.0240701
452,0.349394,-0.348654,0.00136881,0.0226901
454,0.349707,-0.34905,0.00177716,0.0213503
456,0.35033,-0.349762,0.00137767,0.0198795
458,0.350411,-0.349931,0.000513218,0.0183329
460,0.350067,-0.349652,0.000279272,0.0170321
462,0.349797,-0.349434,0.000409171,0.015916
464,0.349719,-0.3494,0.000651589,0.0149392
466,0.349829,-0.349546,0.000728845,0.0140462
468,0.349968,-0.349719,0.000582,0.0131941
470,0.350154,-0.349932,0.000597496,0.0124504
472,0.350402,-0.350203,0.000627771,0.0117636
474,0.350696,-0.350519,0.000613293,0.0111127
476,0.350982,-0.350824,0.000560156,0.0104992
478,0.351239,-0.351098,0.000502021,0.00992562
480,0.351458,-0.351333,0.000433494,0.00937733
482,0.351651,-0.35154,0.000388344,0.00886105
484,0.351834,-0.351734,0.00038055,0.00838053
486,0.352027,-0.351937,0.000369705,0.0079354
488,0.35222,-0.35214,0.000359027,0.00752102
490,0.352416,-0.352343,0.000346635,0.00713099
492,0.35261,-0.352545,0.000330723,0.00676465
494,0.3528,-0.352741,0.000310687,0.00642146
496,0.352981,-0.352928,0.000296567,0.00610732
498,0.35316,-0.353112,0.000281312,0.00581322
500,0.353335,-0.353292,0.000262407,0.00553432
502,0.353505,-0.353466,0.000242112,0.00526943
504,0.353667,-0.353631,0.000225983,0.00501837
506,0.353821,-0.353788,0.000215877,0.00478768
508,0.353972,-0.353943,0.000208311,0.0045688
510,0.35412,-0.354093,0.000199098,0.00436046
512,0.354262,-0.354238,0.000187106,0.00416218
514,0.354397,-0.354374,0.000176283,0.00397579
516,0.354524,-0.354504,0.000168466,0.00380328
518,0.354649,-0.35463,0.000161398,0.00363981
520,0.35477,-0.354753,0.000153107,0.00348419
522,0.354888,-0.354873,0.00014266,0.00333562
524,0.355,-0.354986,0.000134295,0.00319596
526,0.355109,-0.355095,0.00012901,0.00306516
528,0.355215,-0.355202,0.000125079,0.00294081
530,0.355319,-0.355307,0.000120984,0.00282204
532,0.35542,-0.35541,0.000115188,0.00270814
534,0.355516,-0.355506,0.000109511,0.00260126
536,0.355607,-0.355598,0.000104791,0.00250042
538,0.355696,-0.355688,0.000100601,0.00240457
540,0.355782,-0.355775,9.61524e-05,0.00231301
542,0.355866,-0.355859,8.99868e-05,0.0022253
544,0.355947,-0.35594,8.56128e-05,0.00214286
546,0.356026,-0.35602,8.27997e-05,0.00206459
548,0.356103,-0.356098,8.08256e-05,0.00199002
550,0.35618,-0.356175,7.89807e-05,0.00191863
552,0.356256,-0.356251,7.65657e-05,0.00185026
554,0.356328,-0.356324,7.27811e-05,0.00178536
556,0.356398,-0.356394,6.8568e-05,0.00172368
558,0.356465,-0.356462,6.42954e-05,0.00166493
560,0.356532,-0.356528,6.01815e-05,0.00160867
562,0.356597,-0.356593,5.57424e-05,0.00155489
564,0.356662,-0.356659,5.47225e-05,0.00150358
566,0.356728,-0.356725,5.6241e-05,0.00145477
568,0.356796,-0.356793,5.97635e-05,0.00140835
570,0.356863,-0.35686,6.47453e-05,0.00136396
572,0.356932,-0.35693,7.28045e-05,0.00132132
574,0.357,-0.356998,7.60022e-05,0.0012803
576,0.357067,-0.357064,7.50284e-05,0.00124121
578,0.357131,-0.357129,7.19598e-05,0.00120409
580,0.357193,-0.357191,7.19254e-05,0.00116871
582,0.357256,-0.357254,7.81222e-05,0.00113469
584,0.357322,-0.35732,8.56862e-05,0.00110204
586,0.357392,-0.35739,8.80167e-05,0.00107085
588,0.357462,-0.35746,8.0183e-05,0.00104113
590,0.357518,-0.357517,6.67022e-05,0.00101293
592,0.357559,-0.357558,6.75088e-05,0.000985725
594,0.357585,-0.357584,4.66562e-05,0.000959437
596,0.357581,-0.35758,-1.57e-05,0.000934185
598,0.357531,-0.35753,-0.000132561,0.000910138
600,0.357386,-0.357385,-0.000267961,0.000887776
602,0.357195,-0.357193,-0.000427985,0.000866391
604,0.356981,-0.35698,-0.000665651,0.000845855
606,0.356757,-0.356755,-0.000994424,0.000826015
608,0.356518,-0.356515,-0.00138642,0.000806659
610,0.35629,-0.356286,-0.00158758,0.000786265
612,0.356076,-0.356073,-0.00136361,0.000763186
614,0.355994,-0.355993,-0.000732202,0.00073581
616,0.356092,-0.356091,0.000246464,0.000702427
618,0.35617,-0.356166,0.00148799,0.000659183
620,0.356358,-0.356344,0.00304613,0.000602938
622,0.356533,-0.356504,0.00451942,0.000535016
624,0.356983,-0.356946,0.00508744,0.000459715
626,0.357993,-0.357971,0.00398405,0.000387174
628,0.358464,-0.358454,0.00266815,0.000385401
630,0.359172,-0.359166,0.00205286,0.000375476
632,0.359722,-0.359719,0.00159863,0.000364106
634,0.360104,-0.360102,0.00119816,0.000353453
636,0.360582,-0.36058,0.00102276,0.000342998
638,0.360885,-0.360884,0.000757949,0.000332922
640,0.361171,-0.36117,0.00058399,0.000323204
642,0.361411,-0.361411,0.000458627,0.000313735
644,0.3616,-0.3616,0.000357864,0.000304472
646,0.361783,-0.361783,0.000306243,0.000295532
648,0.361942,-0.361942,0.000248408,0.000286998
