x,v,vx,vy,vz
220.096,425,1.95001e-08,8.03762e-10,-1.94761e-08,5.36866e-10
220.962,424.5,1.9616e-08,7.81438e-10,-1.95927e-08,5.48803e-10
221.828,424,1.97319e-08,7.59092e-10,-1.97093e-08,5.60884e-10
222.694,423.5,1.98478e-08,7.36724e-10,-1.98258e-08,5.73108e-10
223.56,423,1.99637e-08,7.14333e-10,-1.99424e-08,5.85477e-10
224.426,422.5,2.0058e-08,6.87907e-10,-2.00373e-08,5.97643e-10
225.292,422,2.00835e-08,6.48732e-10,-2.00638e-08,6.08817e-10
226.158,421.5,2.01091e-08,6.09541e-10,-2.00903e-08,6.2008e-10
227.024,421,2.01242e-08,5.69827e-10,-2.01062e-08,6.32445e-10
227.89,420.5,2.00936e-08,5.27961e-10,-2.00762e-08,6.49199e-10
228.756,420,2.00632e-08,4.8618e-10,-2.00462e-08,6.65896e-10
229.622,419.5,2.00329e-08,4.44485e-10,-2.00163e-08,6.82536e-10
230.488,419,2.00027e-08,4.02875e-10,-1.99864e-08,6.99121e-10
231.355,418.5,1.99727e-08,3.61351e-10,-1.99566e-08,7.15648e-10
232.221,418,1.99429e-08,3.19912e-10,-1.99269e-08,7.32119e-10
233.087,417.5,1.99132e-08,2.78559e-10,-1.98971e-08,7.48534e-10
233.953,417,1.98836e-08,2.37292e-10,-1.98675e-08,7.64892e-10
234.819,416.5,1.98542e-08,1.96109e-10,-1.98378e-08,7.81194e-10
235.685,416,1.984e-08,1.8287e-10,-1.98231e-08,7.97806e-10
236.551,415.5,1.98354e-08,1.87575e-10,-1.98178e-08,8.1457e-10
237.417,415,1.9831e-08,1.92439e-10,-1.98126e-08,8.31245e-10
238.283,414.5,1.98265e-08,1.97462e-10,-1.98074e-08,8.47832e-10
239.149,414,1.98221e-08,2.02643e-10,-1.98022e-08,8.64329e-10
240.015,413.5,1.98177e-08,2.07983e-10,-1.9797e-08,8.80737e-10
240.881,413,1.98134e-08,2.13481e-10,-1.97919e-08,8.97056e-10
241.747,412.5,1.98091e-08,2.19138e-10,-1.97868e-08,9.13286e-10
242.613,412,1.98048e-08,2.24953e-10,-1.97817e-08,9.29427e-10
243.479,411.5,1.98006e-08,2.30927e-10,-1.97766e-08,9.4548e-10
244.345,411,1.97964e-08,2.3706e-10,-1.97716e-08,9.61443e-10
245.211,410.5,1.97922e-08,2.43352e-10,-1.97666e-08,9.77317e-10
246.077,410,1.98081e-08,2.5043e-10,-1.97819e-08,9.87273e-10
246.943,409.5,1.97954e-08,1.41724e-10,-1.97705e-08,9.82535e-10
247.809,409,1.97817e-08,3.0618e-11,-1.97575e-08,9.77819e-10
248.675,408.5,1.97687e-08,-8.05698e-11,-1.97446e-08,9.73162e-10
249.541,408,1.97563e-08,-1.91839e-10,-1.97317e-08,9.68565e-10
250.407,407.5,1.97446e-08,-3.03191e-10,-1.97187e-08,9.64028e-10
251.273,407,1.97334e-08,-4.14624e-10,-1.97057e-08,9.59549e-10
252.139,406.5,1.97229e-08,-5.2614e-10,-1.96927e-08,9.55131e-10
253.005,406,1.97129e-08,-6.37737e-10,-1.96797e-08,9.50771e-10
253.871,405.5,1.97036e-08,-7.49416e-10,-1.96666e-08,9.46471e-10
254.737,405,1.9695e-08,-8.61177e-10,-1.96536e-08,9.4223e-10
255.603,404.5,1.96869e-08,-9.73019e-10,-1.96405e-08,9.38049e-10
256.469,404,1.96795e-08,-1.08494e-09,-1.96274e-08,9.33927e-10
257.335,403.5,1.96501e-08,-1.15896e-09,-1.95938e-08,9.30429e-10
258.201,403,1.9579e-08,-1.16281e-09,-1.95224e-08,9.28075e-10
259.067,402.5,1.95079e-08,-1.16674e-09,-1.94509e-08,9.2584e-10
259.933,402,1.94367e-08,-1.17073e-09,-1.93794e-08,9.23723e-10
260.799,401.5,1.93654e-08,-1.1748e-09,-1.93078e-08,9.21725e-10
261.665,401,1.92941e-08,-1.17894e-09,-1.92361e-08,9.19847e-10
262.531,400.5,1.92228e-08,-1.18315e-09,-1.91643e-08,9.18087e-10
263.397,400,1.91514e-08,-1.18743e-09,-1.90925e-08,9.16446e-10
264.263,399.5,1.90799e-08,-1.19179e-09,-1.90207e-08,9.14924e-10
265.13,399,1.90014e-08,-1.19657e-09,-1.8942e-08,9.07561e-10
265.996,398.5,1.89138e-08,-1.20175e-09,-1.88544e-08,8.92515e-10
266.862,398,1.8826e-08,-1.20681e-09,-1.87668e-08,8.77391e-10
267.728,397.5,1.87381e-08,-1.21176e-09,-1.8679e-08,8.6219e-10
268.594,397,1.87004e-08,-1.22755e-09,-1.86409e-08,8.45458e-10
269.46,396.5,1.86818e-08,-1.24742e-09,-1.86217e-08,8.28223e-10
270.326,396,1.86633e-08,-1.26713e-09,-1.86025e-08,8.11065e-10
271.192,395.5,1.86446e-08,-1.28669e-09,-1.85832e-08,7.93985e-10
272.058,395,1.86259e-08,-1.30609e-09,-1.85638e-08,7.76984e-10
272.924,394.5,1.86071e-08,-1.32533e-09,-1.85442e-08,7.60062e-10
273.79,394,1.85882e-08,-1.34442e-09,-1.85246e-08,7.43217e-10
274.656,393.5,1.85692e-08,-1.36334e-09,-1.85048e-08,7.26451e-10
275.522,393,1.85502e-08,-1.38211e-09,-1.8485e-08,7.09763e-10
276.388,392.5,1.8531e-08,-1.40072e-09,-1.8465e-08,6.93154e-10
277.254,392,1.85118e-08,-1.41917e-09,-1.8445e-08,6.76622e-10
278.12,391.5,1.84926e-08,-1.43747e-09,-1.84248e-08,6.6017e-10
278.986,391,1.84871e-08,-1.45145e-09,-1.84188e-08,6.43882e-10
279.852,390.5,1.86196e-08,-1.42424e-09,-1.85544e-08,6.28395e-10
280.718,390,1.87522e-08,-1.39694e-09,-1.86901e-08,6.12726e-10
281.584,389.5,1.88851e-08,-1.36954e-09,-1.88259e-08,5.96876e-10
282.45,389,1.90181e-08,-1.34205e-09,-1.89618e-08,5.80844e-10
283.316,388.5,1.91513e-08,-1.31447e-09,-1.90978e-08,5.64631e-10
284.182,388,1.92921e-08,-1.288e-09,-1.92422e-08,5.12909e-10
285.048,387.5,1.94391e-08,-1.26259e-09,-1.93932e-08,4.33894e-10
285.914,387,1.95867e-08,-1.23738e-09,-1.95444e-08,3.55162e-10
286.78,386.5,1.97349e-08,-1.21236e-09,-1.96957e-08,2.76714e-10
287.646,386,1.98836e-08,-1.18754e-09,-1.98471e-08,1.9855e-10
288.512,385.5,2.00328e-08,-1.16292e-09,-1.99987e-08,1.20669e-10
289.378,385,2.01826e-08,-1.13849e-09,-2.01504e-08,4.30722e-11
290.244,384.5,2.02537e-08,-1.12726e-09,-2.02223e-08,-3.39706e-11
291.11,384,2.02333e-08,-1.13141e-09,-2.02014e-08,-1.10475e-10
291.976,383.5,2.02135e-08,-1.13584e-09,-2.01807e-08,-1.86776e-10
292.842,383,2.01942e-08,-1.14056e-09,-2.01602e-08,-2.62875e-10
293.708,382.5,2.01754e-08,-1.14556e-09,-2.014e-08,-3.38772e-10
294.574,382,2.01571e-08,-1.15085e-09,-2.012e-08,-4.14465e-10
295.44,381.5,2.01394e-08,-1.15642e-09,-2.01002e-08,-4.89956e-10
296.306,381,2.01222e-08,-1.16228e-09,-2.00807e-08,-5.65244e-10
297.172,380.5,2.01055e-08,-1.16842e-09,-2.00613e-08,-6.4033e-10
298.038,380,2.00894e-08,-1.17485e-09,-2.00423e-08,-7.15213e-10
298.905,379.5,2.00738e-08,-1.18157e-09,-2.00234e-08,-7.89894e-10
299.771,379,2.00587e-08,-1.18857e-09,-2.00048e-08,-8.64371e-10
300.637,378.5,2.00441e-08,-1.19585e-09,-1.99864e-08,-9.38646e-10
301.503,378,2.00362e-08,-1.23026e-09,-1.99726e-08,-1.01484e-09
302.369,377.5,2.003e-08,-1.2704e-09,-1.99598e-08,-1.09193e-09
303.235,377,1.9943e-08,-1.30633e-09,-1.98671e-08,-1.1464e-09
304.101,376.5,1.98191e-08,-1.33976e-09,-1.97378e-08,-1.19117e-09
304.967,376,1.96951e-08,-1.37262e-09,-1.96083e-08,-1.23685e-09
305.833,375.5,1.95712e-08,-1.40493e-09,-1.94784e-08,-1.28342e-09
306.699,375,1.94472e-08,-1.43667e-09,-1.93484e-08,-1.33088e-09
307.565,374.5,1.93233e-08,-1.46784e-09,-1.9218e-08,-1.37924e-09
308.431,374,1.91993e-08,-1.49846e-09,-1.90874e-08,-1.4285e-09
309.297,373.5,1.90754e-08,-1.52851e-09,-1.89565e-08,-1.47865e-09
310.163,373,1.89515e-08,-1.558e-09,-1.88253e-08,-1.5297e-09
311.029,372.5,1.88277e-08,-1.58693e-09,-1.86939e-08,-1.58165e-09
311.895,372,1.87129e-08,-1.68026e-09,-1.85657e-08,-1.63242e-09
312.761,371.5,1.86373e-08,-2.02725e-09,-1.84508e-08,-1.6749e-09
313.627,371,1.85682e-08,-2.37333e-09,-1.83357e-08,-1.71652e-09
314.493,370.5,1.85057e-08,-2.71849e-09,-1.82203e-08,-1.75728e-09
315.359,370,1.84497e-08,-3.06274e-09,-1.81047e-08,-1.79719e-09
316.225,369.5,1.84003e-08,-3.40607e-09,-1.79888e-08,-1.83623e-09
317.091,369,1.83575e-08,-3.74849e-09,-1.78727e-08,-1.87441e-09
317.957,368.5,1.83212e-08,-4.08999e-09,-1.77563e-08,-1.91173e-09
318.823,368,1.82915e-08,-4.43058e-09,-1.76396e-08,-1.94819e-09
319.689,367.5,1.82684e-08,-4.77025e-09,-1.75226e-08,-1.9838e-09
320.555,367,1.82517e-08,-5.10901e-09,-1.74055e-08,-2.01854e-09
321.421,366.5,1.82416e-08,-5.44685e-09,-1.7288e-08,-2.05242e-09
322.287,366,1.83191e-08,-5.80882e-09,-1.72546e-08,-2.03138e-09
323.153,365.5,1.84987e-08,-5.96929e-09,-1.73943e-08,-2.00151e-09
324.019,365,1.87396e-08,-5.97831e-09,-1.765e-08,-1.97733e-09
324.885,364.5,1.89841e-08,-5.99175e-09,-1.79072e-08,-1.95625e-09
325.751,364,1.92322e-08,-6.00961e-09,-1.81661e-08,-1.93826e-09
326.617,363.5,1.94839e-08,-6.03189e-09,-1.84266e-08,-1.92336e-09
327.483,363,1.9739e-08,-6.05858e-09,-1.86887e-08,-1.91155e-09
328.349,362.5,1.99976e-08,-6.0897e-09,-1.89525e-08,-1.90282e-09
329.215,362,2.02594e-08,-6.12524e-09,-1.92179e-08,-1.89719e-09
330.081,361.5,2.05246e-08,-6.1652e-09,-1.94849e-08,-1.89465e-09
330.947,361,2.07931e-08,-6.20957e-09,-1.97536e-08,-1.8952e-09
331.813,360.5,2.10648e-08,-6.25837e-09,-2.00238e-08,-1.89883e-09
332.679,360,2.13397e-08,-6.31158e-09,-2.02957e-08,-1.90556e-09
333.546,359.5,2.16178e-08,-6.36922e-09,-2.05693e-08,-1.91538e-09
334.412,359,2.15733e-08,-6.3255e-09,-2.05396e-08,-1.87658e-09
335.278,358.5,2.15115e-08,-6.27377e-09,-2.04943e-08,-1.8353e-09
336.144,358,2.14516e-08,-6.22008e-09,-2.04515e-08,-1.79453e-09
337.01,357.5,2.13936e-08,-6.16444e-09,-2.0411e-08,-1.75426e-09
337.876,357,2.13375e-08,-6.10685e-09,-2.03729e-08,-1.71449e-09
338.742,356.5,2.12834e-08,-6.04731e-09,-2.03373e-08,-1.67523e-09
339.608,356,2.12312e-08,-5.98581e-09,-2.0304e-08,-1.63647e-09
340.474,355.5,2.11809e-08,-5.92236e-09,-2.02732e-08,-1.59821e-09
341.34,355,2.11406e-08,-5.7709e-09,-2.02775e-08,-1.56407e-09
342.206,354.5,2.10994e-08,-5.61179e-09,-2.02818e-08,-1.52984e-09
343.072,354,2.10566e-08,-5.45078e-09,-2.02838e-08,-1.49525e-09
343.938,353.5,2.10124e-08,-5.28787e-09,-2.02836e-08,-1.4603e-09
344.804,353,2.09225e-08,-5.15652e-09,-2.02245e-08,-1.45904e-09
345.67,352.5,2.07339e-08,-5.09768e-09,-2.0039e-08,-1.53212e-09
346.536,352,2.05425e-08,-5.03935e-09,-1.98499e-08,-1.6057e-09
347.402,351.5,2.03481e-08,-4.98153e-09,-1.96573e-08,-1.67977e-09
348.268,351,2.01508e-08,-4.9242e-09,-1.9461e-08,-1.75434e-09
349.134,350.5,1.99507e-08,-4.86738e-09,-1.92612e-08,-1.82941e-09
350,350,1.97478e-08,-4.81106e-09,-1.90578e-08,-1.90498e-09
350.866,349.5,1.95421e-08,-4.75524e-09,-1.88509e-08,-1.98105e-09
351.732,349,1.93336e-08,-4.69992e-09,-1.86404e-08,-2.05761e-09
352.598,348.5,1.91223e-08,-4.64511e-09,-1.84263e-08,-2.13467e-09
353.464,348,1.89083e-08,-4.5908e-09,-1.82086e-08,-2.21224e-09
354.33,347.5,1.86916e-08,-4.53699e-09,-1.79874e-08,-2.29029e-09
355.196,347,1.84723e-08,-4.48369e-09,-1.77626e-08,-2.36885e-09
356.062,346.5,1.83717e-08,-4.47309e-09,-1.76606e-08,-2.36952e-09
356.928,346,1.83261e-08,-4.48542e-09,-1.76148e-08,-2.334e-09
357.794,345.5,1.82801e-08,-4.50186e-09,-1.75674e-08,-2.29815e-09
358.66,345,1.82336e-08,-4.52241e-09,-1.75185e-08,-2.26199e-09
359.526,344.5,1.81874e-08,-4.55183e-09,-1.74673e-08,-2.22605e-09
360.392,344,1.81516e-08,-4.65499e-09,-1.74064e-08,-2.1971e-09
361.258,343.5,1.81187e-08,-4.75864e-09,-1.73479e-08,-2.16626e-09
362.124,343,1.80888e-08,-4.86277e-09,-1.72918e-08,-2.13351e-09
362.99,342.5,1.8062e-08,-4.96739e-09,-1.72382e-08,-2.09887e-09
363.856,342,1.80381e-08,-5.0725e-09,-1.71869e-08,-2.06233e-09
364.722,341.5,1.80172e-08,-5.17809e-09,-1.7138e-08,-2.02389e-09
365.588,341,1.79994e-08,-5.28417e-09,-1.70915e-08,-1.98356e-09
366.454,340.5,1.79993e-08,-5.3861e-09,-1.7064e-08,-1.94525e-09
367.321,340,1.82497e-08,-5.40735e-09,-1.73183e-08,-1.97217e-09
368.187,339.5,1.8499e-08,-5.42429e-09,-1.75726e-08,-1.99834e-09
369.053,339,1.87473e-08,-5.43693e-09,-1.78271e-08,-2.02377e-09
369.919,338.5,1.89947e-08,-5.44527e-09,-1.80818e-08,-2.04846e-09
370.785,338,1.92411e-08,-5.44931e-09,-1.83366e-08,-2.07241e-09
371.651,337.5,1.94866e-08,-5.44905e-09,-1.85915e-08,-2.09561e-09
372.517,337,1.97312e-08,-5.44448e-09,-1.88465e-08,-2.11808e-09
373.383,336.5,1.9975e-08,-5.43561e-09,-1.91017e-08,-2.1398e-09
374.249,336,2.0218e-08,-5.42243e-09,-1.9357e-08,-2.16077e-09
375.115,335.5,2.04602e-08,-5.40496e-09,-1.96125e-08,-2.18101e-09
375.981,335,2.07017e-08,-5.38318e-09,-1.9868e-08,-2.2005e-09
376.847,334.5,2.09425e-08,-5.3571e-09,-2.01238e-08,-2.21925e-09
377.713,334,2.10526e-08,-5.22654e-09,-2.0272e-08,-2.22318e-09
378.579,333.5,2.09619e-08,-4.95642e-09,-2.02475e-08,-2.20775e-09
379.445,333,2.07549e-08,-4.67353e-09,-2.01028e-08,-2.19139e-09
380.311,332.5,2.05507e-08,-4.39173e-09,-1.99576e-08,-2.17593e-09
381.177,332,2.03493e-08,-4.111e-09,-1.98121e-08,-2.16138e-09
382.043,331.5,2.01507e-08,-3.83135e-09,-1.96662e-08,-2.14772e-09
382.909,331,1.9955e-08,-3.55277e-09,-1.95198e-08,-2.13497e-09
383.775,330.5,1.97623e-08,-3.27527e-09,-1.93731e-08,-2.12311e-09
384.641,330,1.95726e-08,-2.99885e-09,-1.92259e-08,-2.11216e-09
385.507,329.5,1.9386e-08,-2.7235e-09,-1.90783e-08,-2.10212e-09
386.373,329,1.92024e-08,-2.44923e-09,-1.89302e-08,-2.09297e-09
387.239,328.5,1.9022e-08,-2.17604e-09,-1.87818e-08,-2.08472e-09
388.105,328,1.88448e-08,-1.90392e-09,-1.8633e-08,-2.07738e-09
388.971,327.5,1.8698e-08,-1.82219e-09,-1.8492e-08,-2.08357e-09
389.837,327,1.85582e-08,-1.7893e-09,-1.83528e-08,-2.09225e-09
390.703,326.5,1.84181e-08,-1.75685e-09,-1.82135e-08,-2.10002e-09
391.569,326,1.82778e-08,-1.72485e-09,-1.80738e-08,-2.10687e-09
392.435,325.5,1.81372e-08,-1.6933e-09,-1.7934e-08,-2.11281e-09
393.301,325,1.79964e-08,-1.6622e-09,-1.77939e-08,-2.11783e-09
394.167,324.5,1.78553e-08,-1.63154e-09,-1.76535e-08,-2.12194e-09
395.033,324,1.77139e-08,-1.60132e-09,-1.75129e-08,-2.12513e-09
395.899,323.5,1.75722e-08,-1.57156e-09,-1.7372e-08,-2.1274e-09
396.765,323,1.74303e-08,-1.54223e-09,-1.72309e-08,-2.12876e-09
397.631,322.5,1.73252e-08,-1.51402e-09,-1.71325e-08,-2.08464e-09
398.497,322,1.73023e-08,-1.48709e-09,-1.71286e-08,-1.94185e-09
399.363,321.5,1.72781e-08,-1.4693e-09,-1.71214e-08,-1.79765e-09
400.229,321,1.72422e-08,-1.49921e-09,-1.70976e-08,-1.64869e-09
401.095,320.5,1.72078e-08,-1.52896e-09,-1.7074e-08,-1.50004e-09
401.962,320,1.71748e-08,-1.55853e-09,-1.70505e-08,-1.35169e-09
402.828,319.5,1.71434e-08,-1.58793e-09,-1.70272e-08,-1.20365e-09
403.694,319,1.71134e-08,-1.61716e-09,-1.7004e-08,-1.05592e-09
404.56,318.5,1.70848e-08,-1.64622e-09,-1.69811e-08,-9.08492e-10
405.426,318,1.70578e-08,-1.67512e-09,-1.69583e-08,-7.61371e-10
406.292,317.5,1.70322e-08,-1.70383e-09,-1.69356e-08,-6.14557e-10
407.158,317,1.70081e-08,-1.73238e-09,-1.69132e-08,-4.68049e-10
408.024,316.5,1.69855e-08,-1.76076e-09,-1.68909e-08,-3.21847e-10
408.89,316,1.69643e-08,-1.78897e-09,-1.68688e-08,-1.75952e-10
409.756,315.5,1.69446e-08,-1.81701e-09,-1.68468e-08,-3.03622e-11
410.622,315,1.70214e-08,-1.84509e-09,-1.69208e-08,1.13881e-10
411.488,314.5,1.71815e-08,-1.87318e-09,-1.70771e-08,2.56904e-10
412.354,314,1.73428e-08,-1.9011e-09,-1.72336e-08,3.99598e-10
413.22,313.5,1.75053e-08,-1.92886e-09,-1.73903e-08,5.41961e-10
414.086,313,1.76689e-08,-1.95645e-09,-1.7547e-08,6.83995e-10
414.952,312.5,1.78337e-08,-1.98387e-09,-1.77038e-08,8.25699e-10
415.818,312,1.79996e-08,-2.01113e-09,-1.78607e-08,9.67074e-10
416.684,311.5,1.81602e-08,-2.03848e-09,-1.80147e-08,1.0516e-09
417.55,311,1.8313e-08,-2.06619e-09,-1.81649e-08,1.0635e-09
418.416,310.5,1.84658e-08,-2.09398e-09,-1.83151e-08,1.07559e-09
419.282,310,1.86188e-08,-2.12186e-09,-1.84654e-08,1.08787e-09
420.148,309.5,1.87718e-08,-2.14981e-09,-1.86158e-08,1.10033e-09
421.014,309,1.89249e-08,-2.17785e-09,-1.87662e-08,1.11299e-09
421.88,308.5,1.89296e-08,-2.18701e-09,-1.87691e-08,1.12629e-09
422.746,308,1.89192e-08,-2.19439e-09,-1.8757e-08,1.13966e-09
423.612,307.5,1.89088e-08,-2.20191e-09,-1.87447e-08,1.15304e-09
424.478,307,1.88983e-08,-2.20957e-09,-1.87324e-08,1.16644e-09
425.344,306.5,1.88878e-08,-2.21737e-09,-1.87201e-08,1.17984e-09
426.21,306,1.88772e-08,-2.22531e-09,-1.87076e-08,1.19326e-09
427.076,305.5,1.88666e-08,-2.23339e-09,-1.8695e-08,1.20669e-09
427.942,305,1.88559e-08,-2.24162e-09,-1.86824e-08,1.22013e-09
428.808,304.5,1.88451e-08,-2.24998e-09,-1.86696e-08,1.23359e-09
429.674,304,1.88343e-08,-2.25849e-09,-1.86568e-08,1.24705e-09
430.54,303.5,1.88235e-08,-2.26713e-09,-1.86439e-08,1.26053e-09
431.406,303,1.88125e-08,-2.27592e-09,-1.86309e-08,1.27402e-09
432.272,302.5,1.87807e-08,-2.28509e-09,-1.85966e-08,1.28766e-09
433.138,302,1.86948e-08,-2.29503e-09,-1.85077e-08,1.3017e-09
434.004,301.5,1.86089e-08,-2.30506e-09,-1.84186e-08,1.31584e-09
434.87,301,1.8523e-08,-2.31519e-09,-1.83296e-08,1.33007e-09
435.737,300.5,1.84478e-08,-2.32415e-09,-1.82506e-08,1.35532e-09
436.603,300,1.83809e-08,-2.33208e-09,-1.81794e-08,1.38905e-09
437.469,299.5,1.8314e-08,-2.33993e-09,-1.81081e-08,1.42269e-09
438.335,299,1.82471e-08,-2.3477e-09,-1.80368e-08,1.45625e-09
439.201,298.5,1.81802e-08,-2.3554e-09,-1.79653e-08,1.48973e-09
440.067,298,1.81133e-08,-2.36303e-09,-1.78937e-08,1.52313e-09
440.933,297.5,1.80463e-08,-2.37058e-09,-1.78221e-08,1.55644e-09
441.799,297,1.79794e-08,-2.37805e-09,-1.77504e-08,1.58968e-09
442.665,296.5,1.79124e-08,-2.38545e-09,-1.76785e-08,1.62283e-09
443.531,296,1.78772e-08,-2.32541e-09,-1.76478e-08,1.65566e-09
444.397,295.5,1.78595e-08,-2.22889e-09,-1.76393e-08,1.68827e-09
445.263,295,1.78424e-08,-2.13232e-09,-1.76308e-08,1.7208e-09
446.129,294.5,1.78258e-08,-2.03571e-09,-1.76222e-08,1.75325e-09
446.995,294,1.78098e-08,-1.93906e-09,-1.76137e-08,1.78561e-09
447.861,293.5,1.77943e-08,-1.84237e-09,-1.76051e-08,1.81788e-09
448.727,293,1.77794e-08,-1.74563e-09,-1.75965e-08,1.85007e-09
449.593,292.5,1.7765e-08,-1.64886e-09,-1.75878e-08,1.88218e-09
450.459,292,1.77511e-08,-1.55204e-09,-1.75792e-08,1.9142e-09
451.325,291.5,1.77378e-08,-1.45518e-09,-1.75705e-08,1.94613e-09
452.191,291,1.7725e-08,-1.35828e-09,-1.75618e-08,1.97798e-09
453.057,290.5,1.77128e-08,-1.26134e-09,-1.75531e-08,2.00975e-09
453.923,290,1.77028e-08,-1.16687e-09,-1.75459e-08,2.04144e-09
454.789,289.5,1.77165e-08,-1.20165e-09,-1.75575e-08,2.04019e-09
455.655,289,1.77031e-08,-1.23743e-09,-1.75435e-08,2.02367e-09
456.521,288.5,1.769e-08,-1.27334e-09,-1.75295e-08,2.00724e-09
457.387,288,1.7677e-08,-1.3094e-09,-1.75157e-08,1.99089e-09
458.253,287.5,1.76643e-08,-1.3456e-09,-1.75019e-08,1.97462e-09
459.119,287,1.76518e-08,-1.38193e-09,-1.74883e-08,1.95844e-09
459.985,286.5,1.76395e-08,-1.41841e-09,-1.74748e-08,1.94235e-09
460.851,286,1.76275e-08,-1.45502e-09,-1.74614e-08,1.92634e-09
461.717,285.5,1.76156e-08,-1.49177e-09,-1.7448e-08,1.91042e-09
462.583,285,1.7604e-08,-1.52866e-09,-1.74348e-08,1.89459e-09
463.449,284.5,1.75926e-08,-1.56569e-09,-1.74217e-08,1.87884e-09
464.315,284,1.75814e-08,-1.60286e-09,-1.74087e-08,1.86317e-09
465.181,283.5,1.75604e-08,-1.62917e-09,-1.73867e-08,1.84775e-09
466.047,283,1.75239e-08,-1.63839e-09,-1.73506e-08,1.83264e-09
466.913,282.5,1.74875e-08,-1.64776e-09,-1.73145e-08,1.8176e-09
467.779,282,1.74512e-08,-1.65726e-09,-1.72785e-08,1.80262e-09
468.645,281.5,1.7415e-08,-1.6669e-09,-1.72426e-08,1.78772e-09
469.512,281,1.73789e-08,-1.67669e-09,-1.72067e-08,1.7729e-09
470.378,280.5,1.73429e-08,-1.68661e-09,-1.7171e-08,1.75814e-09
471.244,280,1.73071e-08,-1.69667e-09,-1.71352e-08,1.74345e-09
472.11,279.5,1.72713e-08,-1.70687e-09,-1.70996e-08,1.72883e-09
472.976,279,1.72357e-08,-1.71721e-09,-1.7064e-08,1.71428e-09
473.842,278.5,1.72569e-08,-1.72496e-09,-1.70845e-08,1.71606e-09
474.708,278,1.72912e-08,-1.73212e-09,-1.71179e-08,1.72148e-09
475.574,277.5,1.73255e-08,-1.73929e-09,-1.71513e-08,1.72678e-09
476.44,277,1.74201e-08,-1.73529e-09,-1.72466e-08,1.73292e-09
477.306,276.5,1.75336e-08,-1.72775e-09,-1.73614e-08,1.73918e-09
478.172,276,1.76472e-08,-1.72019e-09,-1.74762e-08,1.74524e-09
479.038,275.5,1.77607e-08,-1.71262e-09,-1.7591e-08,1.75111e-09
