x,v,vx,vy,vz
220.096,425,1.40663e-08,-4.33069e-10,-1.4043e-08,6.84138e-10
220.962,424.5,1.42132e-08,-4.47302e-10,-1.41892e-08,6.95383e-10
221.828,424,1.43602e-08,-4.61557e-10,-1.43353e-08,7.06763e-10
222.694,423.5,1.45071e-08,-4.75832e-10,-1.44814e-08,7.18279e-10
223.56,423,1.46539e-08,-4.90127e-10,-1.46275e-08,7.2993e-10
224.426,422.5,1.47761e-08,-4.99718e-10,-1.4749e-08,7.41323e-10
225.292,422,1.48202e-08,-4.94342e-10,-1.47929e-08,7.51572e-10
226.158,421.5,1.48642e-08,-4.88988e-10,-1.48367e-08,7.61907e-10
227.024,421,1.48964e-08,-4.84228e-10,-1.48685e-08,7.71882e-10
227.89,420.5,1.48768e-08,-4.819e-10,-1.48486e-08,7.79927e-10
228.756,420,1.48574e-08,-4.79477e-10,-1.48288e-08,7.87915e-10
229.622,419.5,1.4838e-08,-4.7696e-10,-1.4809e-08,7.95846e-10
230.488,419,1.48187e-08,-4.74349e-10,-1.47893e-08,8.03718e-10
231.355,418.5,1.47995e-08,-4.71644e-10,-1.47697e-08,8.11534e-10
232.221,418,1.47803e-08,-4.68845e-10,-1.47501e-08,8.19291e-10
233.087,417.5,1.47612e-08,-4.65952e-10,-1.47306e-08,8.26991e-10
233.953,417,1.47421e-08,-4.62965e-10,-1.47112e-08,8.34633e-10
234.819,416.5,1.47231e-08,-4.59884e-10,-1.46918e-08,8.42218e-10
235.685,416,1.47115e-08,-4.23471e-10,-1.46808e-08,8.50216e-10
236.551,415.5,1.47047e-08,-3.65678e-10,-1.46751e-08,8.58432e-10
237.417,415,1.46982e-08,-3.07731e-10,-1.46694e-08,8.66559e-10
238.283,414.5,1.46921e-08,-2.4963e-10,-1.46639e-08,8.74598e-10
239.149,414,1.46862e-08,-1.91375e-10,-1.46584e-08,8.82549e-10
240.015,413.5,1.46806e-08,-1.32966e-10,-1.4653e-08,8.90412e-10
240.881,413,1.46753e-08,-7.44025e-11,-1.46476e-08,8.98185e-10
241.747,412.5,1.46703e-08,-1.56852e-11,-1.46423e-08,9.05871e-10
242.613,412,1.46656e-08,4.31862e-11,-1.46371e-08,9.13468e-10
243.479,411.5,1.46612e-08,1.02212e-10,-1.46319e-08,9.20977e-10
244.345,411,1.46571e-08,1.61391e-10,-1.46268e-08,9.28397e-10
245.211,410.5,1.46533e-08,2.20725e-10,-1.46217e-08,9.35728e-10
246.077,410,1.46705e-08,2.80905e-10,-1.46381e-08,9.33266e-10
246.943,409.5,1.46446e-08,1.99439e-10,-1.46151e-08,9.07637e-10
247.809,409,1.46175e-08,1.15017e-10,-1.45904e-08,8.82051e-10
248.675,408.5,1.45909e-08,3.04723e-11,-1.45657e-08,8.56542e-10
249.541,408,1.45647e-08,-5.41962e-11,-1.45409e-08,8.31111e-10
250.407,407.5,1.45391e-08,-1.38988e-10,-1.45161e-08,8.05757e-10
251.273,407,1.45139e-08,-2.23903e-10,-1.44912e-08,7.80481e-10
252.139,406.5,1.44893e-08,-3.08942e-10,-1.44663e-08,7.55282e-10
253.005,406,1.44652e-08,-3.94104e-10,-1.44414e-08,7.30161e-10
253.871,405.5,1.44416e-08,-4.7939e-10,-1.44165e-08,7.05117e-10
254.737,405,1.44186e-08,-5.64798e-10,-1.43915e-08,6.80151e-10
255.603,404.5,1.43961e-08,-6.50331e-10,-1.43664e-08,6.55263e-10
256.469,404,1.43741e-08,-7.35987e-10,-1.43414e-08,6.30451e-10
257.335,403.5,1.43326e-08,-7.88291e-10,-1.42981e-08,6.06359e-10
258.201,403,1.42542e-08,-7.7882e-10,-1.4221e-08,5.83557e-10
259.067,402.5,1.41759e-08,-7.69437e-10,-1.41439e-08,5.60874e-10
259.933,402,1.40975e-08,-7.60143e-10,-1.40667e-08,5.38311e-10
260.799,401.5,1.40191e-08,-7.50938e-10,-1.39895e-08,5.15868e-10
261.665,401,1.39407e-08,-7.41822e-10,-1.39122e-08,4.93544e-10
262.531,400.5,1.38622e-08,-7.32795e-10,-1.38348e-08,4.7134e-10
263.397,400,1.37838e-08,-7.23856e-10,-1.37574e-08,4.49256e-10
264.263,399.5,1.37053e-08,-7.15007e-10,-1.368e-08,4.27291e-10
265.13,399,1.36105e-08,-7.06491e-10,-1.35859e-08,4.11005e-10
265.996,398.5,1.34945e-08,-6.98202e-10,-1.34704e-08,4.01846e-10
266.862,398,1.33785e-08,-6.89755e-10,-1.33549e-08,3.92616e-10
267.728,397.5,1.32624e-08,-6.81149e-10,-1.32393e-08,3.83314e-10
268.594,397,1.31867e-08,-6.95976e-10,-1.31631e-08,3.72207e-10
269.46,396.5,1.31266e-08,-7.19699e-10,-1.31019e-08,3.60501e-10
270.326,396,1.30664e-08,-7.43204e-10,-1.30405e-08,3.48887e-10
271.192,395.5,1.30061e-08,-7.66491e-10,-1.29791e-08,3.37366e-10
272.058,395,1.29458e-08,-7.89559e-10,-1.29175e-08,3.25937e-10
272.924,394.5,1.28854e-08,-8.1241e-10,-1.28559e-08,3.14601e-10
273.79,394,1.28249e-08,-8.35042e-10,-1.27941e-08,3.03356e-10
274.656,393.5,1.27644e-08,-8.57456e-10,-1.27322e-08,2.92204e-10
275.522,393,1.27038e-08,-8.79652e-10,-1.26702e-08,2.81145e-10
276.388,392.5,1.26432e-08,-9.0163e-10,-1.26081e-08,2.70177e-10
277.254,392,1.25824e-08,-9.23389e-10,-1.25458e-08,2.59302e-10
278.12,391.5,1.25217e-08,-9.44931e-10,-1.24835e-08,2.48519e-10
278.986,391,1.24775e-08,-9.64649e-10,-1.24379e-08,2.37866e-10
279.852,390.5,1.25981e-08,-9.68349e-10,-1.25588e-08,2.27538e-10
280.718,390,1.27188e-08,-9.71902e-10,-1.26797e-08,2.17047e-10
281.584,389.5,1.28395e-08,-9.75309e-10,-1.28008e-08,2.06394e-10
282.45,389,1.29603e-08,-9.7857e-10,-1.29219e-08,1.95577e-10
283.316,388.5,1.30812e-08,-9.81685e-10,-1.3043e-08,1.84599e-10
284.182,388,1.32254e-08,-9.86412e-10,-1.31877e-08,1.49713e-10
285.048,387.5,1.33879e-08,-9.92649e-10,-1.33507e-08,9.65406e-11
285.914,387,1.35508e-08,-9.99108e-10,-1.35138e-08,4.36467e-11
286.78,386.5,1.37141e-08,-1.00579e-09,-1.36771e-08,-8.96883e-12
287.646,386,1.38777e-08,-1.01269e-09,-1.38406e-08,-6.13061e-11
288.512,385.5,1.40417e-08,-1.01982e-09,-1.40041e-08,-1.13365e-10
289.378,385,1.4206e-08,-1.02717e-09,-1.41679e-08,-1.65146e-10
290.244,384.5,1.42891e-08,-1.05507e-09,-1.42485e-08,-2.1633e-10
291.11,384,1.42781e-08,-1.10685e-09,-1.42326e-08,-2.66948e-10
291.976,383.5,1.42676e-08,-1.15891e-09,-1.42169e-08,-3.17401e-10
292.842,383,1.42579e-08,-1.21123e-09,-1.42016e-08,-3.67689e-10
293.708,382.5,1.42488e-08,-1.26381e-09,-1.41865e-08,-4.17812e-10
294.574,382,1.42404e-08,-1.31666e-09,-1.41717e-08,-4.67769e-10
295.44,381.5,1.42327e-08,-1.36978e-09,-1.41572e-08,-5.17561e-10
296.306,381,1.42257e-08,-1.42316e-09,-1.41429e-08,-5.67188e-10
297.172,380.5,1.42193e-08,-1.47681e-09,-1.4129e-08,-6.16649e-10
298.038,380,1.42137e-08,-1.53072e-09,-1.41153e-08,-6.65946e-10
298.905,379.5,1.42087e-08,-1.5849e-09,-1.41019e-08,-7.15076e-10
299.771,379,1.42044e-08,-1.63935e-09,-1.40888e-08,-7.64042e-10
300.637,378.5,1.42008e-08,-1.69406e-09,-1.40759e-08,-8.12843e-10
301.503,378,1.42572e-08,-1.71214e-09,-1.41276e-08,-8.63578e-10
302.369,377.5,1.43259e-08,-1.72317e-09,-1.41924e-08,-9.15227e-10
303.235,377,1.43087e-08,-1.7291e-09,-1.4172e-08,-9.50801e-10
304.101,376.5,1.42521e-08,-1.73217e-09,-1.41125e-08,-9.79548e-10
304.967,376,1.41952e-08,-1.7347e-09,-1.40526e-08,-1.00906e-09
305.833,375.5,1.4138e-08,-1.73671e-09,-1.39923e-08,-1.03933e-09
306.699,375,1.40805e-08,-1.7382e-09,-1.39317e-08,-1.07037e-09
307.565,374.5,1.40227e-08,-1.73915e-09,-1.38707e-08,-1.10218e-09
308.431,374,1.39647e-08,-1.73958e-09,-1.38094e-08,-1.13474e-09
309.297,373.5,1.39064e-08,-1.73948e-09,-1.37476e-08,-1.16808e-09
310.163,373,1.38478e-08,-1.73886e-09,-1.36855e-08,-1.20217e-09
311.029,372.5,1.3789e-08,-1.7377e-09,-1.3623e-08,-1.23703e-09
311.895,372,1.37214e-08,-1.78352e-09,-1.35455e-08,-1.27078e-09
312.761,371.5,1.36222e-08,-2.01476e-09,-1.34098e-08,-1.29702e-09
313.627,371,1.35271e-08,-2.24528e-09,-1.32738e-08,-1.32251e-09
314.493,370.5,1.34362e-08,-2.4751e-09,-1.31374e-08,-1.34725e-09
315.359,370,1.33494e-08,-2.7042e-09,-1.30006e-08,-1.37124e-09
316.225,369.5,1.32669e-08,-2.9326e-09,-1.28634e-08,-1.39447e-09
317.091,369,1.31887e-08,-3.16029e-09,-1.27259e-08,-1.41696e-09
317.957,368.5,1.31149e-08,-3.38727e-09,-1.25879e-08,-1.43869e-09
318.823,368,1.30454e-08,-3.61354e-09,-1.24496e-08,-1.45967e-09
319.689,367.5,1.29803e-08,-3.83909e-09,-1.2311e-08,-1.47991e-09
320.555,367,1.29197e-08,-4.06394e-09,-1.21719e-08,-1.49938e-09
321.421,366.5,1.28637e-08,-4.28809e-09,-1.20325e-08,-1.51811e-09
322.287,366,1.29105e-08,-4.53481e-09,-1.19935e-08,-1.5073e-09
323.153,365.5,1.30706e-08,-4.61283e-09,-1.21381e-08,-1.49296e-09
324.019,365,1.32991e-08,-4.56366e-09,-1.24031e-08,-1.48358e-09
324.885,364.5,1.35321e-08,-4.51828e-09,-1.26697e-08,-1.47697e-09
325.751,364,1.37694e-08,-4.47666e-09,-1.29378e-08,-1.47312e-09
326.617,363.5,1.40108e-08,-4.43882e-09,-1.32073e-08,-1.47203e-09
327.483,363,1.42562e-08,-4.40475e-09,-1.34784e-08,-1.4737e-09
328.349,362.5,1.45054e-08,-4.37446e-09,-1.37509e-08,-1.47813e-09
329.215,362,1.47584e-08,-4.34794e-09,-1.40249e-08,-1.48531e-09
330.081,361.5,1.50149e-08,-4.32519e-09,-1.43005e-08,-1.49526e-09
330.947,361,1.52748e-08,-4.30622e-09,-1.45775e-08,-1.50797e-09
331.813,360.5,1.55382e-08,-4.29102e-09,-1.4856e-08,-1.52344e-09
332.679,360,1.58048e-08,-4.27959e-09,-1.5136e-08,-1.54166e-09
333.546,359.5,1.60745e-08,-4.27194e-09,-1.54175e-08,-1.56265e-09
334.412,359,1.60101e-08,-4.2385e-09,-1.53617e-08,-1.54186e-09
335.278,358.5,1.59278e-08,-4.20183e-09,-1.52883e-08,-1.51899e-09
336.144,358,1.58474e-08,-4.16351e-09,-1.52173e-08,-1.49661e-09
337.01,357.5,1.5769e-08,-4.12355e-09,-1.51487e-08,-1.4747e-09
337.876,357,1.56926e-08,-4.08195e-09,-1.50825e-08,-1.45328e-09
338.742,356.5,1.56181e-08,-4.0387e-09,-1.50188e-08,-1.43235e-09
339.608,356,1.55457e-08,-3.99381e-09,-1.49574e-08,-1.41189e-09
340.474,355.5,1.54752e-08,-3.94728e-09,-1.48985e-08,-1.39192e-09
341.34,355,1.53785e-08,-3.82269e-09,-1.48332e-08,-1.36487e-09
342.206,354.5,1.52783e-08,-3.69147e-09,-1.47652e-08,-1.33703e-09
343.072,354,1.51764e-08,-3.55872e-09,-1.46951e-08,-1.30889e-09
343.938,353.5,1.5073e-08,-3.42444e-09,-1.46228e-08,-1.28044e-09
344.804,353,1.49468e-08,-3.31484e-09,-1.45182e-08,-1.28056e-09
345.67,352.5,1.47724e-08,-3.26205e-09,-1.43449e-08,-1.34371e-09
346.536,352,1.45954e-08,-3.20969e-09,-1.41683e-08,-1.40729e-09
347.402,351.5,1.44157e-08,-3.15777e-09,-1.39884e-08,-1.4713e-09
348.268,351,1.42334e-08,-3.10628e-09,-1.38052e-08,-1.53573e-09
349.134,350.5,1.40486e-08,-3.05522e-09,-1.36186e-08,-1.6006e-09
350,350,1.38612e-08,-3.0046e-09,-1.34287e-08,-1.6659e-09
350.866,349.5,1.36713e-08,-2.95441e-09,-1.32355e-08,-1.73163e-09
351.732,349,1.3479e-08,-2.90465e-09,-1.30389e-08,-1.79779e-09
352.598,348.5,1.32842e-08,-2.85533e-09,-1.28391e-08,-1.86438e-09
353.464,348,1.30871e-08,-2.80643e-09,-1.26359e-08,-1.9314e-09
354.33,347.5,1.28877e-08,-2.75798e-09,-1.24294e-08,-1.99884e-09
355.196,347,1.26859e-08,-2.70995e-09,-1.22196e-08,-2.06672e-09
356.062,346.5,1.25436e-08,-2.69242e-09,-1.20754e-08,-2.06847e-09
356.928,346,1.24287e-08,-2.69165e-09,-1.19611e-08,-2.03949e-09
357.794,345.5,1.2313e-08,-2.69432e-09,-1.18452e-08,-2.01022e-09
358.66,345,1.21966e-08,-2.70041e-09,-1.17278e-08,-1.98069e-09
359.526,344.5,1.20825e-08,-2.71421e-09,-1.16109e-08,-1.95065e-09
360.392,344,1.20147e-08,-2.79378e-09,-1.15272e-08,-1.91615e-09
361.258,343.5,1.19499e-08,-2.87374e-09,-1.14459e-08,-1.87998e-09
362.124,343,1.18881e-08,-2.95407e-09,-1.13669e-08,-1.84212e-09
362.99,342.5,1.18293e-08,-3.03479e-09,-1.12904e-08,-1.80259e-09
363.856,342,1.17735e-08,-3.1159e-09,-1.12162e-08,-1.76138e-09
364.722,341.5,1.17208e-08,-3.19739e-09,-1.11445e-08,-1.71849e-09
365.588,341,1.16711e-08,-3.27926e-09,-1.10752e-08,-1.67392e-09
366.454,340.5,1.16425e-08,-3.36136e-09,-1.10268e-08,-1.63105e-09
367.321,340,1.19199e-08,-3.43909e-09,-1.12939e-08,-1.64422e-09
368.187,339.5,1.21963e-08,-3.51315e-09,-1.15612e-08,-1.65667e-09
369.053,339,1.24717e-08,-3.58353e-09,-1.18287e-08,-1.66838e-09
369.919,338.5,1.27462e-08,-3.65023e-09,-1.20964e-08,-1.67936e-09
370.785,338,1.30198e-08,-3.71325e-09,-1.23642e-08,-1.68962e-09
371.651,337.5,1.32925e-08,-3.7726e-09,-1.26321e-08,-1.69914e-09
372.517,337,1.35643e-08,-3.82827e-09,-1.29003e-08,-1.70794e-09
373.383,336.5,1.38352e-08,-3.88027e-09,-1.31686e-08,-1.71601e-09
374.249,336,1.41052e-08,-3.92859e-09,-1.3437e-08,-1.72335e-09
375.115,335.5,1.43744e-08,-3.97323e-09,-1.37057e-08,-1.72996e-09
375.981,335,1.46428e-08,-4.01419e-09,-1.39745e-08,-1.73584e-09
376.847,334.5,1.49104e-08,-4.05148e-09,-1.42434e-08,-1.741e-09
377.713,334,1.50483e-08,-4.00263e-09,-1.44023e-08,-1.73327e-09
378.579,333.5,1.49818e-08,-3.83834e-09,-1.438e-08,-1.71299e-09
379.445,333,1.47794e-08,-3.66135e-09,-1.42162e-08,-1.7101e-09
380.311,332.5,1.4578e-08,-3.48523e-09,-1.40518e-08,-1.70799e-09
381.177,332,1.43777e-08,-3.30997e-09,-1.3887e-08,-1.70666e-09
382.043,331.5,1.41785e-08,-3.13558e-09,-1.37217e-08,-1.70612e-09
382.909,331,1.39803e-08,-2.96206e-09,-1.3556e-08,-1.70636e-09
383.775,330.5,1.37834e-08,-2.78941e-09,-1.33897e-08,-1.7074e-09
384.641,330,1.35876e-08,-2.61762e-09,-1.3223e-08,-1.70921e-09
385.507,329.5,1.3393e-08,-2.44671e-09,-1.30558e-08,-1.71181e-09
386.373,329,1.31996e-08,-2.27666e-09,-1.28882e-08,-1.7152e-09
387.239,328.5,1.30076e-08,-2.10748e-09,-1.27201e-08,-1.71937e-09
388.105,328,1.28169e-08,-1.93916e-09,-1.25515e-08,-1.72433e-09
388.971,327.5,1.27181e-08,-1.90032e-09,-1.24542e-08,-1.7415e-09
389.837,327,1.26423e-08,-1.89479e-09,-1.23748e-08,-1.76097e-09
390.703,326.5,1.25662e-08,-1.88969e-09,-1.22952e-08,-1.77966e-09
391.569,326,1.24898e-08,-1.88502e-09,-1.22152e-08,-1.79758e-09
392.435,325.5,1.24131e-08,-1.88077e-09,-1.21349e-08,-1.81471e-09
393.301,325,1.23362e-08,-1.87696e-09,-1.20543e-08,-1.83107e-09
394.167,324.5,1.22589e-08,-1.87358e-09,-1.19733e-08,-1.84665e-09
395.033,324,1.21814e-08,-1.87062e-09,-1.18921e-08,-1.86145e-09
395.899,323.5,1.21035e-08,-1.8681e-09,-1.18105e-08,-1.87547e-09
396.765,323,1.20254e-08,-1.866e-09,-1.17286e-08,-1.88871e-09
397.631,322.5,1.19899e-08,-1.86546e-09,-1.16962e-08,-1.86458e-09
398.497,322,1.20495e-08,-1.86722e-09,-1.17732e-08,-1.75935e-09
399.363,321.5,1.20958e-08,-1.86371e-09,-1.18365e-08,-1.65273e-09
400.229,321,1.2071e-08,-1.8359e-09,-1.18306e-08,-1.54146e-09
401.095,320.5,1.20476e-08,-1.80792e-09,-1.1825e-08,-1.43043e-09
401.962,320,1.20254e-08,-1.77978e-09,-1.18195e-08,-1.31963e-09
402.828,319.5,1.20045e-08,-1.75146e-09,-1.18143e-08,-1.20906e-09
403.694,319,1.19848e-08,-1.72297e-09,-1.18094e-08,-1.09872e-09
404.56,318.5,1.19665e-08,-1.6943e-09,-1.18046e-08,-9.88621e-10
405.426,318,1.19493e-08,-1.66547e-09,-1.18e-08,-8.78753e-10
406.292,317.5,1.19335e-08,-1.63647e-09,-1.17957e-08,-7.69119e-10
407.158,317,1.19189e-08,-1.60729e-09,-1.17916e-08,-6.59718e-10
408.024,316.5,1.19056e-08,-1.57795e-09,-1.17877e-08,-5.5055e-10
408.89,316,1.18935e-08,-1.54843e-09,-1.1784e-08,-4.41616e-10
409.756,315.5,1.18827e-08,-1.51874e-09,-1.17805e-08,-3.32915e-10
410.622,315,1.19697e-08,-1.5028e-09,-1.18729e-08,-2.25755e-10
411.488,314.5,1.21411e-08,-1.49862e-09,-1.20476e-08,-1.20015e-10
412.354,314,1.23134e-08,-1.49425e-09,-1.22224e-08,-1.45911e-11
413.22,313.5,1.24868e-08,-1.48967e-09,-1.23973e-08,9.05176e-11
414.086,313,1.26611e-08,-1.48488e-09,-1.25723e-08,1.95311e-10
414.952,312.5,1.28364e-08,-1.47989e-09,-1.27473e-08,2.99789e-10
415.818,312,1.30126e-08,-1.4747e-09,-1.29224e-08,4.03951e-10
416.684,311.5,1.31651e-08,-1.46922e-09,-1.30746e-08,4.64276e-10
417.55,311,1.32864e-08,-1.46369e-09,-1.31972e-08,4.68684e-10
418.416,310.5,1.34079e-08,-1.4583e-09,-1.33199e-08,4.73271e-10
419.282,310,1.35294e-08,-1.45304e-09,-1.34426e-08,4.78036e-10
420.148,309.5,1.3651e-08,-1.44793e-09,-1.35654e-08,4.8298e-10
421.014,309,1.37726e-08,-1.44295e-09,-1.36881e-08,4.88103e-10
421.88,308.5,1.37303e-08,-1.44549e-09,-1.3645e-08,4.94634e-10
422.746,308,1.36713e-08,-1.44895e-09,-1.35851e-08,5.01286e-10
423.612,307.5,1.36124e-08,-1.45259e-09,-1.35251e-08,5.07926e-10
424.478,307,1.35534e-08,-1.45642e-09,-1.34651e-08,5.14554e-10
425.344,306.5,1.34943e-08,-1.46042e-09,-1.34049e-08,5.21169e-10
426.21,306,1.34353e-08,-1.46461e-09,-1.33448e-08,5.27771e-10
427.076,305.5,1.33762e-08,-1.46898e-09,-1.32845e-08,5.34362e-10
427.942,305,1.33171e-08,-1.47353e-09,-1.32243e-08,5.40939e-10
428.808,304.5,1.3258e-08,-1.47826e-09,-1.31639e-08,5.47505e-10
429.674,304,1.31988e-08,-1.48317e-09,-1.31035e-08,5.54058e-10
430.54,303.5,1.31396e-08,-1.48827e-09,-1.3043e-08,5.60598e-10
431.406,303,1.30804e-08,-1.49354e-09,-1.29825e-08,5.67126e-10
432.272,302.5,1.30048e-08,-1.50255e-09,-1.29049e-08,5.73781e-10
433.138,302,1.28866e-08,-1.52092e-09,-1.27833e-08,5.80849e-10
434.004,301.5,1.27685e-08,-1.53943e-09,-1.26617e-08,5.88003e-10
434.87,301,1.26506e-08,-1.55808e-09,-1.25402e-08,5.95243e-10
435.737,300.5,1.25649e-08,-1.57568e-09,-1.24499e-08,6.27791e-10
436.603,300,1.25043e-08,-1.59231e-09,-1.23839e-08,6.79917e-10
437.469,299.5,1.24439e-08,-1.60883e-09,-1.23177e-08,7.31972e-10
438.335,299,1.23837e-08,-1.62527e-09,-1.22515e-08,7.83956e-10
439.201,298.5,1.23237e-08,-1.64161e-09,-1.21852e-08,8.35869e-10
440.067,298,1.22638e-08,-1.65785e-09,-1.21188e-08,8.87711e-10
440.933,297.5,1.22042e-08,-1.674e-09,-1.20523e-08,9.39482e-10
441.799,297,1.21448e-08,-1.69005e-09,-1.19857e-08,9.91182e-10
442.665,296.5,1.20855e-08,-1.706e-09,-1.1919e-08,1.04281e-09
443.531,296,1.20534e-08,-1.65871e-09,-1.18885e-08,1.09412e-09
444.397,295.5,1.20365e-08,-1.57716e-09,-1.18776e-08,1.1452e-09
445.263,295,1.20202e-08,-1.49552e-09,-1.18667e-08,1.19616e-09
446.129,294.5,1.20046e-08,-1.41381e-09,-1.18557e-08,1.24702e-09
446.995,294,1.19897e-08,-1.33201e-09,-1.18446e-08,1.29777e-09
447.861,293.5,1.19756e-08,-1.25013e-09,-1.18336e-08,1.34841e-09
448.727,293,1.19621e-08,-1.16816e-09,-1.18224e-08,1.39894e-09
449.593,292.5,1.19493e-08,-1.08612e-09,-1.18113e-08,1.44936e-09
450.459,292,1.19373e-08,-1.00399e-09,-1.18001e-08,1.49968e-09
451.325,291.5,1.19259e-08,-9.21775e-10,-1.17888e-08,1.54988e-09
452.191,291,1.19153e-08,-8.39479e-10,-1.17775e-08,1.59998e-09
453.057,290.5,1.19054e-08,-7.57101e-10,-1.17662e-08,1.64997e-09
453.923,290,1.1898e-08,-6.77692e-10,-1.17565e-08,1.69986e-09
454.789,289.5,1.1915e-08,-7.54655e-10,-1.17677e-08,1.70825e-09
455.655,289,1.19007e-08,-8.32694e-10,-1.17495e-08,1.69757e-09
456.521,288.5,1.18871e-08,-9.10859e-10,-1.17315e-08,1.68697e-09
457.387,288,1.18742e-08,-9.8915e-10,-1.17136e-08,1.67646e-09
458.253,287.5,1.1862e-08,-1.06757e-09,-1.16958e-08,1.66603e-09
459.119,287,1.18505e-08,-1.14611e-09,-1.16781e-08,1.65568e-09
459.985,286.5,1.18396e-08,-1.22478e-09,-1.16606e-08,1.64541e-09
460.851,286,1.18295e-08,-1.30357e-09,-1.16432e-08,1.63523e-09
461.717,285.5,1.18201e-08,-1.3825e-09,-1.16259e-08,1.62512e-09
462.583,285,1.18113e-08,-1.46154e-09,-1.16087e-08,1.6151e-09
463.449,284.5,1.18033e-08,-1.54072e-09,-1.15917e-08,1.60516e-09
464.315,284,1.1796e-08,-1.62002e-09,-1.15748e-08,1.59531e-09
465.181,283.5,1.17828e-08,-1.68731e-09,-1.1553e-08,1.58565e-09
466.047,283,1.17595e-08,-1.73576e-09,-1.15234e-08,1.57627e-09
466.913,282.5,1.17366e-08,-1.78436e-09,-1.14939e-08,1.56696e-09
467.779,282,1.17141e-08,-1.83313e-09,-1.14645e-08,1.55772e-09
468.645,281.5,1.1692e-08,-1.88205e-09,-1.14352e-08,1.54855e-09
469.512,281,1.16702e-08,-1.93113e-09,-1.14059e-08,1.53945e-09
470.378,280.5,1.16489e-08,-1.98037e-09,-1.13768e-08,1.53043e-09
471.244,280,1.16279e-08,-2.02976e-09,-1.13478e-08,1.52147e-09
472.11,279.5,1.16072e-08,-2.07932e-09,-1.13189e-08,1.51259e-09
472.976,279,1.1587e-08,-2.12903e-09,-1.129e-08,1.50378e-09
473.842,278.5,1.16325e-08,-2.17578e-09,-1.13276e-08,1.50532e-09
474.708,278,1.16931e-08,-2.22184e-09,-1.13804e-08,1.50911e-09
475.574,277.5,1.17537e-08,-2.2679e-09,-1.14332e-08,1.51278e-09
476.44,277,1.18758e-08,-2.27622e-09,-1.15564e-08,1.5174e-09
477.306,276.5,1.20172e-08,-2.27263e-09,-1.17018e-08,1.52217e-09
478.172,276,1.21587e-08,-2.26902e-09,-1.18471e-08,1.52674e-09
479.038,275.5,1.23002e-08,-2.26539e-09,-1.19924e-08,1.53111e-09
