x,v,vx,vy,vz
0,0.364604,-0.364604,2.30329e-05,1.48798e-06
2,0.36462,-0.36462,1.22035e-05,1.44819e-06
4,0.364632,-0.364632,-8.07007e-07,1.39788e-06
6,0.364637,-0.364637,-1.18552e-05,1.37421e-06
8,0.364636,-0.364636,-2.25091e-05,1.35199e-06
10,0.364633,-0.364633,-3.93221e-05,1.33707e-06
12,0.364626,-0.364626,-7.29067e-05,1.329e-06
14,0.364613,-0.364613,-0.000136215,1.3243e-06
16,0.364575,-0.364575,-0.000223296,1.32923e-06
18,0.364532,-0.364532,-0.000324872,1.33474e-06
20,0.364476,-0.364476,-0.000480241,1.33798e-06
22,0.364418,-0.364417,-0.000709462,1.34417e-06
24,0.364396,-0.364395,-0.00101647,1.37174e-06
26,0.364228,-0.364227,-0.00099662,1.46102e-06
28,0.364094,-0.364093,-0.000753165,1.46835e-06
30,0.363964,-0.363964,-0.000498069,1.44548e-06
32,0.363817,-0.363816,-0.000377131,1.44068e-06
34,0.363725,-0.363725,-0.000270455,1.43515e-06
36,0.363632,-0.363632,-0.00021445,1.43407e-06
38,0.363555,-0.363555,-0.000167812,1.43526e-06
40,0.363493,-0.363493,-0.000129185,1.43823e-06
42,0.363439,-0.363439,-0.00010576,1.44279e-06
44,0.363397,-0.363397,-8.42939e-05,1.4492e-06
46,0.363362,-0.363362,-7.06051e-05,1.45692e-06
48,0.363332,-0.363332,-6.02175e-05,1.46541e-06
50,0.363306,-0.363306,-5.19328e-05,1.47451e-06
52,0.363282,-0.363282,-4.67932e-05,1.48433e-06
54,0.363262,-0.363262,-4.10636e-05,1.49571e-06
56,0.363244,-0.363244,-3.65498e-05,1.50819e-06
58,0.363229,-0.363229,-3.30574e-05,1.52161e-06
60,0.363215,-0.363215,-3.04083e-05,1.53592e-06
62,0.363203,-0.363203,-2.87004e-05,1.5516e-06
64,0.363192,-0.363192,-2.61908e-05,1.56954e-06
66,0.363182,-0.363182,-2.41184e-05,1.58885e-06
68,0.363174,-0.363174,-2.26096e-05,1.609e-06
70,0.363166,-0.363166,-2.15869e-05,1.62965e-06
72,0.363158,-0.363158,-2.09748e-05,1.65178e-06
74,0.363151,-0.363151,-2.00468e-05,1.67633e-06
76,0.363144,-0.363144,-1.91534e-05,1.70274e-06
78,0.363137,-0.363137,-1.8432e-05,1.73062e-06
80,0.363131,-0.363131,-1.79346e-05,1.75948e-06
82,0.363126,-0.363126,-1.76316e-05,1.79007e-06
84,0.36312,-0.36312,-1.71447e-05,1.82317e-06
86,0.363115,-0.363115,-1.66687e-05,1.85856e-06
88,0.36311,-0.36311,-1.63084e-05,1.89586e-06
90,0.363105,-0.363105,-1.60708e-05,1.9344e-06
92,0.3631,-0.3631,-1.5925e-05,1.975e-06
94,0.363095,-0.363095,-1.57296e-05,2.01862e-06
96,0.36309,-0.36309,-1.55236e-05,2.06519e-06
98,0.363085,-0.363085,-1.53545e-05,2.11427e-06
100,0.36308,-0.36308,-1.52472e-05,2.16492e-06
102,0.363076,-0.363076,-1.51885e-05,2.21754e-06
104,0.363071,-0.363071,-1.51067e-05,2.27336e-06
106,0.363066,-0.363066,-1.50166e-05,2.33266e-06
108,0.363061,-0.363061,-1.49583e-05,2.39526e-06
110,0.363056,-0.363056,-1.49361e-05,2.46034e-06
112,0.363051,-0.363051,-1.49366e-05,2.52796e-06
114,0.363046,-0.363046,-1.49425e-05,2.59954e-06
116,0.363041,-0.363041,-1.49509e-05,2.67555e-06
118,0.363036,-0.363036,-1.49703e-05,2.75577e-06
120,0.36303,-0.36303,-1.49953e-05,2.83854e-06
122,0.363025,-0.363025,-1.5039e-05,2.9242e-06
124,0.363019,-0.363019,-1.5098e-05,3.01493e-06
126,0.363013,-0.363013,-1.51709e-05,3.11245e-06
128,0.363007,-0.363007,-1.52672e-05,3.21872e-06
130,0.363001,-0.363001,-1.53723e-05,3.32613e-06
132,0.362994,-0.362994,-1.54919e-05,3.43625e-06
134,0.362988,-0.362988,-1.5636e-05,3.55246e-06
136,0.362981,-0.362981,-1.58108e-05,3.67775e-06
138,0.362973,-0.362973,-1.59948e-05,3.81128e-06
140,0.362966,-0.362966,-1.61553e-05,3.94981e-06
142,0.362958,-0.362958,-1.63267e-05,4.09359e-06
144,0.36295,-0.36295,-1.65277e-05,4.24461e-06
146,0.362941,-0.362941,-1.67709e-05,4.40583e-06
148,0.362933,-0.362933,-1.70422e-05,4.57952e-06
150,0.362923,-0.362923,-1.73069e-05,4.75851e-06
152,0.362914,-0.362914,-1.75772e-05,4.94405e-06
154,0.362904,-0.362904,-1.78794e-05,5.13844e-06
156,0.362893,-0.362893,-1.82759e-05,5.34748e-06
158,0.362882,-0.362882,-1.8672e-05,5.57115e-06
160,0.36287,-0.36287,-1.90121e-05,5.80248e-06
162,0.362858,-0.362858,-1.93393e-05,6.042e-06
164,0.362845,-0.362845,-1.9712e-05,6.29204e-06
166,0.362832,-0.362832,-2.02297e-05,6.56408e-06
168,0.362818,-0.362818,-2.08033e-05,6.85423e-06
170,0.362803,-0.362803,-2.13606e-05,7.15592e-06
172,0.362787,-0.362787,-2.19169e-05,7.46886e-06
174,0.36277,-0.36277,-2.25245e-05,7.79467e-06
176,0.362753,-0.362753,-2.33827e-05,8.15112e-06
178,0.362734,-0.362734,-2.42751e-05,8.52981e-06
180,0.362714,-0.362714,-2.5067e-05,8.92501e-06
182,0.362693,-0.362693,-2.57745e-05,9.33565e-06
184,0.362671,-0.362671,-2.6574e-05,9.76514e-06
186,0.362648,-0.362648,-2.77031e-05,1.02367e-05
188,0.362623,-0.362623,-2.8979e-05,1.07388e-05
190,0.362596,-0.362596,-3.02279e-05,1.12664e-05
192,0.362568,-0.362568,-3.13785e-05,1.18167e-05
194,0.362538,-0.362538,-3.26486e-05,1.2398e-05
196,0.362505,-0.362505,-3.44862e-05,1.30348e-05
198,0.362471,-0.362471,-3.65214e-05,1.37151e-05
200,0.362434,-0.362434,-3.84037e-05,1.44334e-05
202,0.362394,-0.362394,-3.98699e-05,1.51844e-05
204,0.362352,-0.362352,-4.16674e-05,1.59858e-05
206,0.362307,-0.362307,-4.42151e-05,1.68616e-05
208,0.362259,-0.362259,-4.73e-05,1.78045e-05
210,0.362206,-0.362206,-5.0469e-05,1.88099e-05
212,0.36215,-0.36215,-5.30105e-05,1.98703e-05
214,0.362088,-0.362088,-5.6174e-05,2.10205e-05
216,0.362022,-0.362022,-6.05321e-05,2.22748e-05
218,0.361951,-0.361951,-6.57896e-05,2.36319e-05
220,0.361873,-0.361873,-7.11267e-05,2.5087e-05
222,0.361789,-0.361789,-7.44651e-05,2.66377e-05
224,0.361697,-0.361697,-7.91426e-05,2.83199e-05
226,0.361599,-0.361599,-8.55571e-05,3.01619e-05
228,0.361493,-0.361493,-9.3743e-05,3.21701e-05
230,0.361376,-0.361376,-0.000103018,3.4341e-05
232,0.361246,-0.361245,-0.000109139,3.66914e-05
234,0.361103,-0.361103,-0.000117383,3.9239e-05
236,0.360949,-0.360949,-0.000128794,4.20363e-05
238,0.36078,-0.36078,-0.000143516,4.51048e-05
240,0.360593,-0.360593,-0.000160787,4.84429e-05
242,0.360384,-0.360384,-0.000167753,5.21137e-05
244,0.360159,-0.360159,-0.000180366,5.60855e-05
246,0.359917,-0.359917,-0.000196904,6.04657e-05
248,0.359651,-0.359651,-0.00021751,6.53097e-05
250,0.359352,-0.359352,-0.000244627,7.06411e-05
252,0.359008,-0.359008,-0.00026282,7.65573e-05
254,0.358626,-0.358626,-0.000284479,8.29915e-05
256,0.358204,-0.358204,-0.000318254,9.0141e-05
258,0.357741,-0.35774,-0.000368471,9.81486e-05
260,0.357211,-0.357211,-0.000429343,0.000107137
262,0.356634,-0.356634,-0.000445329,0.000117238
264,0.356024,-0.356024,-0.000477502,0.000128372
266,0.355368,-0.355368,-0.000516569,0.000140933
268,0.354645,-0.354644,-0.000542801,0.000155363
270,0.353756,-0.353755,-0.000615073,0.000172226
272,0.352681,-0.352681,-0.000693672,0.000191578
274,0.351414,-0.351413,-0.000786031,0.00021325
276,0.349955,-0.349954,-0.00091846,0.000237843
278,0.348324,-0.348323,-0.00113556,0.000266526
280,0.346661,-0.346658,-0.001276,0.000300724
282,0.344986,-0.344983,-0.00137829,0.000341588
284,0.343294,-0.34329,-0.00146831,0.000391641
286,0.341504,-0.341501,-0.00143264,0.000453929
288,0.339343,-0.339342,-0.000801869,0.000535173
290,0.336291,-0.33629,-0.000536833,0.000633496
292,0.331991,-0.33199,-0.000183363,0.00075182
294,0.32661,-0.326609,0.000275633,0.000890619
296,0.320411,-0.320409,0.000505378,0.00105112
298,0.313418,-0.31341,-0.00187134,0.00125121
300,0.305981,-0.305969,-0.00229869,0.00149796
302,0.299741,-0.299727,0.00229039,0.00178549
304,0.296352,-0.296164,0.010313,0.00214698
306,0.297318,-0.296793,0.0174595,0.00263028
308,0.303276,-0.303211,0.00538741,0.00317264
310,0.295899,-0.295854,0.00317988,0.00403597
312,0.290377,-0.289027,0.0273608,0.00582257
314,0.298914,-0.288885,0.0763693,0.00793642
316,0.37947,-0.353206,0.138263,0.0112529
318,0.427467,-0.396922,0.158097,0.013657
320,0.499813,-0.474263,0.154712,0.0308576
322,0.610346,-0.597574,0.107069,0.0629588
324,0.574808,-0.564047,-0.0724675,0.0836871
326,0.552547,-0.500609,-0.217872,0.0850299
328,0.497704,-0.416826,-0.264251,0.0643166
330,0.444133,-0.364272,-0.250079,0.0449526
332,0.380157,-0.330091,-0.185935,0.0314304
334,0.301338,-0.288134,-0.0850565,0.0234205
336,0.29079,-0.287737,-0.0380058,0.017947
338,0.290656,-0.289236,-0.0252728,0.013602
340,0.2911,-0.289899,-0.0243242,0.0103113
342,0.292047,-0.291115,-0.02194,0.00788241
344,0.297989,-0.297818,-0.00813221,0.00594949
346,0.307387,-0.307338,-0.0024899,0.00484278
348,0.316315,-0.316287,-0.00161946,0.00388929
350,0.323748,-0.323721,-0.00282066,0.00311683
352,0.329199,-0.32917,-0.00361299,0.0025314
354,0.332752,-0.332743,-0.00124583,0.00207704
356,0.33621,-0.336204,0.000761698,0.00176475
358,0.338567,-0.338562,0.00129415,0.00150108
360,0.340311,-0.340308,0.000897233,0.00127543
362,0.342085,-0.342083,0.000401612,0.00108656
364,0.343663,-0.343661,0.000495011,0.000933484
366,0.345565,-0.345564,0.000596989,0.000811334
368,0.347595,-0.347594,0.000663808,0.000705731
370,0.349568,-0.349567,0.000629739,0.000614203
372,0.351272,-0.351272,0.000419245,0.000538305
374,0.352473,-0.352473,0.000434025,0.000476993
376,0.353494,-0.353494,0.000493732,0.000426183
378,0.35431,-0.35431,0.000485154,0.000381952
380,0.354946,-0.354945,0.000393126,0.000342341
382,0.355495,-0.355495,0.000336916,0.00030791
384,0.35602,-0.35602,0.000340413,0.000277866
386,0.356566,-0.356566,0.000322995,0.000251647
388,0.357131,-0.357131,0.000309665,0.000228329
390,0.357702,-0.357701,0.000312661,0.00020715
392,0.358214,-0.358214,0.000253739,0.000188804
394,0.358636,-0.358636,0.000230135,0.000172756
396,0.359007,-0.359007,0.000218677,0.000158692
398,0.35933,-0.35933,0.000202163,0.000146162
400,0.359599,-0.359599,0.000166212,0.000134582
402,0.35983,-0.35983,0.000145948,0.000124298
404,0.360045,-0.360045,0.000139108,0.000115034
406,0.360253,-0.360253,0.000133615,0.000106727
408,0.360455,-0.360455,0.000126737,9.92304e-05
410,0.360655,-0.360655,0.000122945,9.22587e-05
412,0.360834,-0.360834,0.000105578,8.60256e-05
414,0.360994,-0.360994,9.4637e-05,8.03294e-05
416,0.361139,-0.361139,8.75791e-05,7.51577e-05
418,0.361272,-0.361272,8.09132e-05,7.04517e-05
420,0.361389,-0.361389,6.96719e-05,6.60745e-05
422,0.361493,-0.361493,6.10684e-05,6.20543e-05
424,0.36159,-0.36159,5.60498e-05,5.83501e-05
426,0.361681,-0.361681,5.31369e-05,5.49574e-05
428,0.361768,-0.361768,5.03928e-05,5.18513e-05
430,0.36185,-0.36185,4.69179e-05,4.89565e-05
432,0.361926,-0.361926,4.16497e-05,4.62561e-05
434,0.361996,-0.361996,3.7328e-05,4.37449e-05
436,0.362061,-0.362061,3.43156e-05,4.14222e-05
438,0.362121,-0.362121,3.17631e-05,3.92782e-05
440,0.362176,-0.362176,2.78827e-05,3.72804e-05
442,0.362227,-0.362227,2.4467e-05,3.53929e-05
444,0.362274,-0.362274,2.19629e-05,3.36258e-05
446,0.362318,-0.362318,2.03896e-05,3.19819e-05
448,0.362361,-0.362361,1.91391e-05,3.0464e-05
450,0.362401,-0.362401,1.73595e-05,2.90341e-05
452,0.362438,-0.362438,1.53422e-05,2.76745e-05
454,0.362473,-0.362473,1.34912e-05,2.63926e-05
456,0.362506,-0.362506,1.20938e-05,2.51935e-05
458,0.362536,-0.362536,1.09306e-05,2.40856e-05
460,0.362565,-0.362565,9.38988e-06,2.3031e-05
462,0.362592,-0.362592,7.90913e-06,2.20247e-05
464,0.362617,-0.362617,6.69695e-06,2.10729e-05
466,0.362641,-0.362641,5.88482e-06,2.01821e-05
468,0.362663,-0.362663,5.25204e-06,1.93568e-05
470,0.362685,-0.362685,4.41287e-06,1.85624e-05
472,0.362705,-0.362705,3.48894e-06,1.78002e-05
474,0.362725,-0.362725,2.60196e-06,1.70759e-05
476,0.362743,-0.362743,1.91437e-06,1.64006e-05
478,0.36276,-0.36276,1.37631e-06,1.57721e-05
480,0.362776,-0.362776,7.02602e-07,1.5162e-05
482,0.362792,-0.362792,1.18612e-08,1.45749e-05
484,0.362807,-0.362807,-5.80467e-07,1.40156e-05
486,0.36282,-0.36282,-9.72425e-07,1.34925e-05
488,0.362834,-0.362834,-1.28583e-06,1.30025e-05
490,0.362847,-0.362847,-1.67237e-06,1.25304e-05
492,0.362859,-0.362859,-2.11353e-06,1.20749e-05
494,0.36287,-0.36287,-2.55259e-06,1.16367e-05
496,0.362881,-0.362881,-2.90861e-06,1.12268e-05
498,0.362892,-0.362892,-3.21769e-06,1.08374e-05
500,0.362902,-0.362902,-3.56388e-06,1.04625e-05
502,0.362911,-0.362911,-3.93611e-06,1.01005e-05
504,0.362921,-0.362921,-4.26549e-06,9.75124e-06
506,0.362929,-0.362929,-4.48651e-06,9.42034e-06
508,0.362938,-0.362938,-4.67787e-06,9.10864e-06
510,0.362946,-0.362946,-4.8824e-06,8.81134e-06
512,0.362954,-0.362954,-5.11566e-06,8.52413e-06
514,0.362961,-0.362961,-5.35018e-06,8.24354e-06
516,0.362968,-0.362968,-5.53773e-06,7.97975e-06
518,0.362975,-0.362975,-5.69764e-06,7.72871e-06
520,0.362982,-0.362982,-5.8608e-06,7.48684e-06
522,0.362988,-0.362988,-6.04584e-06,7.25114e-06
524,0.362994,-0.362994,-6.19879e-06,7.02435e-06
526,0.363,-0.363,-6.2984e-06,6.80957e-06
528,0.363006,-0.363006,-6.3751e-06,6.60424e-06
530,0.363011,-0.363011,-6.45008e-06,6.40635e-06
532,0.363017,-0.363017,-6.54344e-06,6.21349e-06
534,0.363022,-0.363022,-6.63989e-06,6.02777e-06
536,0.363027,-0.363027,-6.71966e-06,5.85048e-06
538,0.363032,-0.363032,-6.78719e-06,5.6807e-06
540,0.363037,-0.363037,-6.85062e-06,5.51723e-06
542,0.363042,-0.363042,-6.92495e-06,5.35812e-06
544,0.363046,-0.363046,-6.98263e-06,5.2052e-06
546,0.363051,-0.363051,-7.01066e-06,5.05893e-06
548,0.363055,-0.363055,-7.0251e-06,4.919e-06
550,0.363059,-0.363059,-7.03564e-06,4.78449e-06
552,0.363064,-0.363064,-7.02641e-06,4.65357e-06
554,0.363068,-0.363068,-7.03569e-06,4.52641e-06
556,0.363072,-0.363072,-7.0516e-06,4.4037e-06
558,0.363076,-0.363076,-7.06458e-06,4.28542e-06
560,0.36308,-0.36308,-7.06692e-06,4.17111e-06
562,0.363084,-0.363084,-7.07138e-06,4.05966e-06
564,0.363088,-0.363088,-7.05573e-06,3.95184e-06
566,0.363092,-0.363092,-6.99232e-06,3.84836e-06
568,0.363096,-0.363096,-6.89702e-06,3.74926e-06
570,0.363101,-0.363101,-6.81911e-06,3.65397e-06
572,0.363105,-0.363105,-6.5346e-06,3.56127e-06
574,0.363109,-0.363109,-6.33694e-06,3.47114e-06
576,0.363113,-0.363113,-6.25915e-06,3.38534e-06
578,0.363118,-0.363118,-6.26325e-06,3.30537e-06
580,0.363122,-0.363122,-6.16816e-06,3.23341e-06
582,0.363126,-0.363126,-5.98913e-06,3.1676e-06
584,0.363131,-0.363131,-5.71127e-06,3.093e-06
586,0.363137,-0.363137,-5.33926e-06,3.01843e-06
588,0.363143,-0.363143,-4.88389e-06,2.95435e-06
590,0.36315,-0.36315,-4.34219e-06,2.90472e-06
592,0.363158,-0.363158,-2.23705e-06,2.84741e-06
594,0.363166,-0.363166,-6.49648e-07,2.78922e-06
596,0.363174,-0.363174,-8.1785e-07,2.72851e-06
598,0.363181,-0.363181,-3.63536e-06,2.66048e-06
600,0.363186,-0.363186,-5.73737e-06,2.59123e-06
602,0.36319,-0.36319,-5.88092e-06,2.56122e-06
604,0.363196,-0.363196,-8.51721e-06,2.53875e-06
606,0.363203,-0.363203,-1.84966e-05,2.50225e-06
608,0.363209,-0.363209,-4.30783e-05,2.43469e-06
610,0.363208,-0.363208,-7.4829e-05,2.38743e-06
612,0.363212,-0.363212,-7.26137e-05,2.34613e-06
614,0.363241,-0.363241,-3.81027e-05,2.3347e-06
616,0.363305,-0.363305,2.99104e-05,2.34867e-06
618,0.363373,-0.363373,0.000162341,2.27197e-06
620,0.363446,-0.363445,0.000554058,2.15718e-06
622,0.363449,-0.363447,0.00107894,2.08025e-06
624,0.363515,-0.363513,0.00139295,1.9943e-06
626,0.363791,-0.363789,0.00113969,1.83945e-06
628,0.363853,-0.363852,0.000704307,1.81625e-06
630,0.364019,-0.364018,0.00051988,1.7815e-06
632,0.36415,-0.36415,0.000386847,1.74636e-06
634,0.364232,-0.364232,0.000264311,1.71376e-06
636,0.364334,-0.364334,0.000213554,1.68144e-06
638,0.364395,-0.364395,0.000152881,1.64864e-06
640,0.364452,-0.364452,0.000114456,1.61563e-06
642,0.364499,-0.364499,8.61452e-05,1.58346e-06
644,0.364535,-0.364535,6.13695e-05,1.55339e-06
646,0.364564,-0.364564,4.69408e-05,1.52784e-06
648,0.364586,-0.364586,3.37889e-05,1.51326e-06
