x,v,vx,vy,vz
220.096,425,1.30828e-08,-6.72885e-10,-1.30467e-08,7.0061e-10
220.962,424.5,1.32342e-08,-6.8509e-10,-1.31973e-08,7.11708e-10
221.828,424,1.33855e-08,-6.97316e-10,-1.33478e-08,7.22939e-10
222.694,423.5,1.35368e-08,-7.09561e-10,-1.34983e-08,7.34303e-10
223.56,423,1.36881e-08,-7.21826e-10,-1.36486e-08,7.45801e-10
224.426,422.5,1.38142e-08,-7.27719e-10,-1.37743e-08,7.57029e-10
225.292,422,1.3861e-08,-7.13355e-10,-1.38213e-08,7.67085e-10
226.158,421.5,1.39077e-08,-6.99016e-10,-1.38684e-08,7.77227e-10
227.024,421,1.39422e-08,-6.85292e-10,-1.39031e-08,7.86799e-10
227.89,420.5,1.39239e-08,-6.74084e-10,-1.38849e-08,7.93528e-10
228.756,420,1.39056e-08,-6.6278e-10,-1.38667e-08,8.00199e-10
229.622,419.5,1.38873e-08,-6.5138e-10,-1.38486e-08,8.0681e-10
230.488,419,1.38692e-08,-6.39884e-10,-1.38305e-08,8.13363e-10
231.355,418.5,1.38511e-08,-6.28292e-10,-1.38125e-08,8.19856e-10
232.221,418,1.38331e-08,-6.16605e-10,-1.37946e-08,8.26291e-10
233.087,417.5,1.38151e-08,-6.04821e-10,-1.37767e-08,8.32666e-10
233.953,417,1.37973e-08,-5.92942e-10,-1.3759e-08,8.38982e-10
234.819,416.5,1.37795e-08,-5.80966e-10,-1.37413e-08,8.45239e-10
235.685,416,1.37675e-08,-5.34883e-10,-1.37307e-08,8.51932e-10
236.551,415.5,1.37596e-08,-4.66925e-10,-1.37248e-08,8.58858e-10
237.417,415,1.37521e-08,-3.98815e-10,-1.3719e-08,8.65694e-10
238.283,414.5,1.3745e-08,-3.30552e-10,-1.37133e-08,8.72442e-10
239.149,414,1.37382e-08,-2.62137e-10,-1.37076e-08,8.791e-10
240.015,413.5,1.37319e-08,-1.93568e-10,-1.3702e-08,8.85669e-10
240.881,413,1.37261e-08,-1.24848e-10,-1.36965e-08,8.92149e-10
241.747,412.5,1.37206e-08,-5.59743e-11,-1.3691e-08,8.9854e-10
242.613,412,1.37155e-08,1.30518e-11,-1.36856e-08,9.04842e-10
243.479,411.5,1.37109e-08,8.22305e-11,-1.36803e-08,9.11055e-10
244.345,411,1.37067e-08,1.51562e-10,-1.36751e-08,9.17178e-10
245.211,410.5,1.37029e-08,2.21046e-10,-1.367e-08,9.23212e-10
246.077,410,1.37204e-08,2.91403e-10,-1.36866e-08,9.18366e-10
246.943,409.5,1.36926e-08,2.14754e-10,-1.36621e-08,8.87978e-10
247.809,409,1.36635e-08,1.35032e-10,-1.36358e-08,8.57637e-10
248.675,408.5,1.36348e-08,5.51768e-11,-1.36096e-08,8.27378e-10
249.541,408,1.36066e-08,-2.48128e-11,-1.35832e-08,7.97202e-10
250.407,407.5,1.35789e-08,-1.04937e-10,-1.35568e-08,7.67108e-10
251.273,407,1.35517e-08,-1.85194e-10,-1.35304e-08,7.37096e-10
252.139,406.5,1.35251e-08,-2.65586e-10,-1.3504e-08,7.07167e-10
253.005,406,1.34989e-08,-3.46112e-10,-1.34775e-08,6.77321e-10
253.871,405.5,1.34733e-08,-4.26771e-10,-1.34509e-08,6.47556e-10
254.737,405,1.34481e-08,-5.07565e-10,-1.34243e-08,6.17874e-10
255.603,404.5,1.34235e-08,-5.88493e-10,-1.33977e-08,5.88275e-10
256.469,404,1.33995e-08,-6.69555e-10,-1.33711e-08,5.58757e-10
257.335,403.5,1.33566e-08,-7.17639e-10,-1.33267e-08,5.29987e-10
258.201,403,1.3278e-08,-7.04624e-10,-1.32498e-08,5.0255e-10
259.067,402.5,1.31995e-08,-6.91701e-10,-1.31728e-08,4.75231e-10
259.933,402,1.3121e-08,-6.78871e-10,-1.30957e-08,4.48029e-10
260.799,401.5,1.30425e-08,-6.66135e-10,-1.30186e-08,4.20944e-10
261.665,401,1.2964e-08,-6.53491e-10,-1.29415e-08,3.93976e-10
262.531,400.5,1.28854e-08,-6.4094e-10,-1.28643e-08,3.67125e-10
263.397,400,1.2807e-08,-6.28482e-10,-1.2787e-08,3.40392e-10
264.263,399.5,1.27285e-08,-6.16117e-10,-1.27097e-08,3.13775e-10
265.13,399,1.26317e-08,-6.04078e-10,-1.26137e-08,2.95516e-10
265.996,398.5,1.25113e-08,-5.92244e-10,-1.24939e-08,2.87831e-10
266.862,398,1.23909e-08,-5.80241e-10,-1.23741e-08,2.80074e-10
267.728,397.5,1.22705e-08,-5.6807e-10,-1.22543e-08,2.72243e-10
268.594,397,1.21878e-08,-5.81861e-10,-1.21711e-08,2.62541e-10
269.46,396.5,1.21197e-08,-6.05515e-10,-1.21019e-08,2.52219e-10
270.326,396,1.20515e-08,-6.28938e-10,-1.20326e-08,2.41993e-10
271.192,395.5,1.19833e-08,-6.52132e-10,-1.19633e-08,2.31864e-10
272.058,395,1.1915e-08,-6.75095e-10,-1.18938e-08,2.21832e-10
272.924,394.5,1.18466e-08,-6.97828e-10,-1.18241e-08,2.11897e-10
273.79,394,1.17782e-08,-7.2033e-10,-1.17544e-08,2.02059e-10
274.656,393.5,1.17097e-08,-7.42603e-10,-1.16846e-08,1.92318e-10
275.522,393,1.16412e-08,-7.64645e-10,-1.16146e-08,1.82673e-10
276.388,392.5,1.15726e-08,-7.86456e-10,-1.15445e-08,1.73125e-10
277.254,392,1.15039e-08,-8.08038e-10,-1.14744e-08,1.63675e-10
278.12,391.5,1.14352e-08,-8.29389e-10,-1.14041e-08,1.54321e-10
278.986,391,1.13837e-08,-8.49355e-10,-1.13511e-08,1.45093e-10
279.852,390.5,1.15031e-08,-8.57729e-10,-1.14703e-08,1.36107e-10
280.718,390,1.16225e-08,-8.65942e-10,-1.15895e-08,1.26962e-10
281.584,389.5,1.17419e-08,-8.73992e-10,-1.17088e-08,1.17656e-10
282.45,389,1.18615e-08,-8.81879e-10,-1.18281e-08,1.0819e-10
283.316,388.5,1.1981e-08,-8.89605e-10,-1.19476e-08,9.85635e-11
284.182,388,1.21271e-08,-8.99053e-10,-1.20936e-08,6.73503e-11
285.048,387.5,1.22941e-08,-9.10114e-10,-1.22603e-08,1.96484e-11
285.914,387,1.24614e-08,-9.21406e-10,-1.24273e-08,-2.77827e-11
286.78,386.5,1.26291e-08,-9.32931e-10,-1.25943e-08,-7.49429e-11
287.646,386,1.27971e-08,-9.44688e-10,-1.27616e-08,-1.21832e-10
288.512,385.5,1.29654e-08,-9.56677e-10,-1.29289e-08,-1.68451e-10
289.378,385,1.3134e-08,-9.68899e-10,-1.30964e-08,-2.14798e-10
290.244,384.5,1.32201e-08,-1.00478e-09,-1.31792e-08,-2.60538e-10
291.11,384,1.32105e-08,-1.06814e-09,-1.31637e-08,-3.05699e-10
291.976,383.5,1.32017e-08,-1.13178e-09,-1.31484e-08,-3.507e-10
292.842,383,1.31937e-08,-1.19567e-09,-1.31335e-08,-3.95543e-10
293.708,382.5,1.31865e-08,-1.25984e-09,-1.31188e-08,-4.40228e-10
294.574,382,1.31801e-08,-1.32427e-09,-1.31044e-08,-4.84753e-10
295.44,381.5,1.31744e-08,-1.38896e-09,-1.30903e-08,-5.2912e-10
296.306,381,1.31696e-08,-1.45393e-09,-1.30765e-08,-5.73329e-10
297.172,380.5,1.31655e-08,-1.51915e-09,-1.3063e-08,-6.17378e-10
298.038,380,1.31623e-08,-1.58465e-09,-1.30498e-08,-6.61269e-10
298.905,379.5,1.31598e-08,-1.65041e-09,-1.30369e-08,-7.05002e-10
299.771,379,1.31582e-08,-1.71643e-09,-1.30242e-08,-7.48575e-10
300.637,378.5,1.31573e-08,-1.78273e-09,-1.30119e-08,-7.9199e-10
301.503,378,1.32258e-08,-1.79731e-09,-1.30763e-08,-8.37356e-10
302.369,377.5,1.33085e-08,-1.80182e-09,-1.31563e-08,-8.8364e-10
303.235,377,1.33034e-08,-1.80097e-09,-1.31491e-08,-9.15354e-10
304.101,376.5,1.32581e-08,-1.79714e-09,-1.3102e-08,-9.40901e-10
304.967,376,1.32125e-08,-1.79277e-09,-1.30545e-08,-9.67187e-10
305.833,375.5,1.31665e-08,-1.78788e-09,-1.30066e-08,-9.9421e-10
306.699,375,1.31201e-08,-1.78247e-09,-1.29582e-08,-1.02197e-09
307.565,374.5,1.30735e-08,-1.77652e-09,-1.29095e-08,-1.05047e-09
308.431,374,1.30265e-08,-1.77005e-09,-1.28604e-08,-1.0797e-09
309.297,373.5,1.29792e-08,-1.76305e-09,-1.28109e-08,-1.10967e-09
310.163,373,1.29316e-08,-1.75553e-09,-1.2761e-08,-1.14038e-09
311.029,372.5,1.28837e-08,-1.74748e-09,-1.27107e-08,-1.17183e-09
311.895,372,1.2823e-08,-1.78273e-09,-1.26414e-08,-1.20217e-09
312.761,371.5,1.27156e-08,-1.98904e-09,-1.24991e-08,-1.22511e-09
313.627,371,1.26117e-08,-2.19467e-09,-1.23564e-08,-1.24733e-09
314.493,370.5,1.25113e-08,-2.39961e-09,-1.22133e-08,-1.2688e-09
315.359,370,1.24146e-08,-2.60389e-09,-1.20698e-08,-1.28954e-09
316.225,369.5,1.23217e-08,-2.80748e-09,-1.19259e-08,-1.30955e-09
317.091,369,1.22325e-08,-3.01039e-09,-1.17816e-08,-1.32882e-09
317.957,368.5,1.21471e-08,-3.21263e-09,-1.16368e-08,-1.34735e-09
318.823,368,1.20656e-08,-3.41419e-09,-1.14917e-08,-1.36515e-09
319.689,367.5,1.19881e-08,-3.61507e-09,-1.13461e-08,-1.38222e-09
320.555,367,1.19146e-08,-3.81528e-09,-1.12002e-08,-1.39854e-09
321.421,366.5,1.18451e-08,-4.0148e-09,-1.10539e-08,-1.41414e-09
322.287,366,1.18827e-08,-4.23682e-09,-1.10123e-08,-1.40601e-09
323.153,365.5,1.20392e-08,-4.29807e-09,-1.11589e-08,-1.39572e-09
324.019,365,1.22681e-08,-4.23801e-09,-1.14286e-08,-1.39034e-09
324.885,364.5,1.25018e-08,-4.18158e-09,-1.16997e-08,-1.38765e-09
325.751,364,1.27401e-08,-4.1288e-09,-1.19723e-08,-1.38764e-09
326.617,363.5,1.29827e-08,-4.07965e-09,-1.22464e-08,-1.39031e-09
327.483,363,1.32296e-08,-4.03415e-09,-1.2522e-08,-1.39567e-09
328.349,362.5,1.34805e-08,-3.99229e-09,-1.2799e-08,-1.40371e-09
329.215,362,1.37352e-08,-3.95408e-09,-1.30775e-08,-1.41444e-09
330.081,361.5,1.39937e-08,-3.9195e-09,-1.33575e-08,-1.42785e-09
330.947,361,1.42557e-08,-3.88857e-09,-1.36389e-08,-1.44395e-09
331.813,360.5,1.45212e-08,-3.86128e-09,-1.39218e-08,-1.46273e-09
332.679,360,1.47901e-08,-3.83763e-09,-1.42062e-08,-1.4842e-09
333.546,359.5,1.50622e-08,-3.81762e-09,-1.4492e-08,-1.50835e-09
334.412,359,1.49942e-08,-3.7891e-09,-1.44306e-08,-1.49195e-09
335.278,358.5,1.4908e-08,-3.75843e-09,-1.4351e-08,-1.47355e-09
336.144,358,1.48238e-08,-3.72619e-09,-1.42738e-08,-1.45561e-09
337.01,357.5,1.47416e-08,-3.69237e-09,-1.4199e-08,-1.43816e-09
337.876,357,1.46614e-08,-3.65698e-09,-1.41267e-08,-1.42118e-09
338.742,356.5,1.45832e-08,-3.62002e-09,-1.40568e-08,-1.40467e-09
339.608,356,1.45071e-08,-3.58148e-09,-1.39893e-08,-1.38864e-09
340.474,355.5,1.4433e-08,-3.54136e-09,-1.39242e-08,-1.37309e-09
341.34,355,1.43238e-08,-3.42498e-09,-1.38429e-08,-1.34743e-09
342.206,354.5,1.42105e-08,-3.30216e-09,-1.37582e-08,-1.32079e-09
343.072,354,1.40954e-08,-3.17788e-09,-1.36714e-08,-1.29386e-09
343.938,353.5,1.39787e-08,-3.05215e-09,-1.35825e-08,-1.26663e-09
344.804,353,1.38447e-08,-2.94883e-09,-1.34676e-08,-1.26696e-09
345.67,352.5,1.36748e-08,-2.89726e-09,-1.32982e-08,-1.32807e-09
346.536,352,1.35022e-08,-2.8461e-09,-1.31255e-08,-1.38961e-09
347.402,351.5,1.3327e-08,-2.79536e-09,-1.29495e-08,-1.45155e-09
348.268,351,1.31493e-08,-2.74503e-09,-1.27702e-08,-1.51391e-09
349.134,350.5,1.29691e-08,-2.69513e-09,-1.25876e-08,-1.57669e-09
350,350,1.27864e-08,-2.64564e-09,-1.24018e-08,-1.63988e-09
350.866,349.5,1.26013e-08,-2.59657e-09,-1.22126e-08,-1.70348e-09
351.732,349,1.24138e-08,-2.54791e-09,-1.20202e-08,-1.7675e-09
352.598,348.5,1.22239e-08,-2.49968e-09,-1.18245e-08,-1.83193e-09
353.464,348,1.20317e-08,-2.45186e-09,-1.16255e-08,-1.89677e-09
354.33,347.5,1.18373e-08,-2.40446e-09,-1.14233e-08,-1.96203e-09
355.196,347,1.16407e-08,-2.35747e-09,-1.12177e-08,-2.0277e-09
356.062,346.5,1.14887e-08,-2.33658e-09,-1.1064e-08,-2.0296e-09
356.928,346,1.1357e-08,-2.33032e-09,-1.09336e-08,-2.00184e-09
357.794,345.5,1.12245e-08,-2.32737e-09,-1.08018e-08,-1.97382e-09
358.66,345,1.10913e-08,-2.3277e-09,-1.06683e-08,-1.94554e-09
359.526,344.5,1.09608e-08,-2.33552e-09,-1.05362e-08,-1.91657e-09
360.392,344,1.0885e-08,-2.40774e-09,-1.04476e-08,-1.88009e-09
361.258,343.5,1.08122e-08,-2.48032e-09,-1.03614e-08,-1.84199e-09
362.124,343,1.07424e-08,-2.55326e-09,-1.02777e-08,-1.80225e-09
362.99,342.5,1.06755e-08,-2.62655e-09,-1.01964e-08,-1.76088e-09
363.856,342,1.06116e-08,-2.70019e-09,-1.01175e-08,-1.71788e-09
364.722,341.5,1.05507e-08,-2.7742e-09,-1.0041e-08,-1.67324e-09
365.588,341,1.04929e-08,-2.84855e-09,-9.9669e-09,-1.62697e-09
366.454,340.5,1.0457e-08,-2.92414e-09,-9.91436e-09,-1.58234e-09
367.321,340,1.07419e-08,-3.01277e-09,-1.01871e-08,-1.59204e-09
368.187,339.5,1.10259e-08,-3.09785e-09,-1.046e-08,-1.60102e-09
369.053,339,1.13091e-08,-3.17938e-09,-1.0733e-08,-1.60928e-09
369.919,338.5,1.15915e-08,-3.25737e-09,-1.10063e-08,-1.61682e-09
370.785,338,1.1873e-08,-3.3318e-09,-1.12797e-08,-1.62365e-09
371.651,337.5,1.21537e-08,-3.40269e-09,-1.15533e-08,-1.62975e-09
372.517,337,1.24335e-08,-3.47002e-09,-1.1827e-08,-1.63513e-09
373.383,336.5,1.27126e-08,-3.53381e-09,-1.21009e-08,-1.63979e-09
374.249,336,1.29908e-08,-3.59404e-09,-1.2375e-08,-1.64374e-09
375.115,335.5,1.32682e-08,-3.65073e-09,-1.26493e-08,-1.64696e-09
375.981,335,1.35449e-08,-3.70387e-09,-1.29238e-08,-1.64947e-09
376.847,334.5,1.38207e-08,-3.75345e-09,-1.31984e-08,-1.65126e-09
377.713,334,1.39662e-08,-3.72139e-09,-1.3361e-08,-1.64046e-09
378.579,333.5,1.39049e-08,-3.57975e-09,-1.33384e-08,-1.61848e-09
379.445,333,1.37022e-08,-3.42522e-09,-1.31681e-08,-1.61818e-09
380.311,332.5,1.35001e-08,-3.27153e-09,-1.29973e-08,-1.61865e-09
381.177,332,1.32988e-08,-3.11867e-09,-1.28261e-08,-1.61989e-09
382.043,331.5,1.30982e-08,-2.96665e-09,-1.26543e-08,-1.62189e-09
382.909,331,1.28984e-08,-2.81547e-09,-1.24821e-08,-1.62466e-09
383.775,330.5,1.26994e-08,-2.66512e-09,-1.23093e-08,-1.6282e-09
384.641,330,1.25012e-08,-2.51561e-09,-1.21361e-08,-1.63251e-09
385.507,329.5,1.23038e-08,-2.36694e-09,-1.19625e-08,-1.63758e-09
386.373,329,1.21074e-08,-2.21911e-09,-1.17883e-08,-1.64342e-09
387.239,328.5,1.19119e-08,-2.07211e-09,-1.16136e-08,-1.65003e-09
388.105,328,1.17173e-08,-1.92596e-09,-1.14385e-08,-1.65741e-09
388.971,327.5,1.16263e-08,-1.8965e-09,-1.13474e-08,-1.67682e-09
389.837,327,1.15615e-08,-1.8971e-09,-1.12776e-08,-1.69851e-09
390.703,326.5,1.14963e-08,-1.89813e-09,-1.12074e-08,-1.71945e-09
391.569,326,1.14308e-08,-1.8996e-09,-1.11368e-08,-1.73964e-09
392.435,325.5,1.13651e-08,-1.9015e-09,-1.1066e-08,-1.75908e-09
393.301,325,1.12991e-08,-1.90383e-09,-1.09948e-08,-1.77776e-09
394.167,324.5,1.12328e-08,-1.90659e-09,-1.09232e-08,-1.7957e-09
395.033,324,1.11662e-08,-1.90979e-09,-1.08513e-08,-1.81288e-09
395.899,323.5,1.10993e-08,-1.91341e-09,-1.07791e-08,-1.82931e-09
396.765,323,1.10322e-08,-1.91748e-09,-1.07065e-08,-1.84498e-09
397.631,322.5,1.10094e-08,-1.92321e-09,-1.06854e-08,-1.82501e-09
398.497,322,1.10856e-08,-1.93151e-09,-1.07784e-08,-1.7277e-09
399.363,321.5,1.11457e-08,-1.93119e-09,-1.08556e-08,-1.62898e-09
400.229,321,1.11219e-08,-1.88995e-09,-1.08535e-08,-1.52559e-09
401.095,320.5,1.10994e-08,-1.84854e-09,-1.08516e-08,-1.42241e-09
401.962,320,1.10782e-08,-1.80695e-09,-1.08499e-08,-1.31946e-09
402.828,319.5,1.10583e-08,-1.76519e-09,-1.08485e-08,-1.21672e-09
403.694,319,1.10397e-08,-1.72326e-09,-1.08473e-08,-1.11421e-09
404.56,318.5,1.10224e-08,-1.68115e-09,-1.08463e-08,-1.01191e-09
405.426,318,1.10064e-08,-1.63887e-09,-1.08456e-08,-9.09833e-10
406.292,317.5,1.09917e-08,-1.59641e-09,-1.0845e-08,-8.07975e-10
407.158,317,1.09782e-08,-1.55378e-09,-1.08448e-08,-7.06336e-10
408.024,316.5,1.09662e-08,-1.51097e-09,-1.08447e-08,-6.04916e-10
408.89,316,1.09554e-08,-1.46799e-09,-1.08449e-08,-5.03715e-10
409.756,315.5,1.09459e-08,-1.42484e-09,-1.08453e-08,-4.02733e-10
410.622,315,1.10357e-08,-1.39993e-09,-1.09423e-08,-3.03366e-10
411.488,314.5,1.12109e-08,-1.39067e-09,-1.11224e-08,-2.05487e-10
412.354,314,1.13872e-08,-1.38119e-09,-1.13026e-08,-1.07915e-10
413.22,313.5,1.15645e-08,-1.37149e-09,-1.14829e-08,-1.06507e-11
414.086,313,1.17428e-08,-1.36158e-09,-1.16632e-08,8.63062e-11
414.952,312.5,1.19219e-08,-1.35144e-09,-1.18436e-08,1.82956e-10
415.818,312,1.21019e-08,-1.34109e-09,-1.20241e-08,2.79297e-10
416.684,311.5,1.22542e-08,-1.33039e-09,-1.21772e-08,3.343e-10
417.55,311,1.23701e-08,-1.31956e-09,-1.22949e-08,3.36591e-10
418.416,310.5,1.24861e-08,-1.30888e-09,-1.24127e-08,3.39059e-10
419.282,310,1.26022e-08,-1.29836e-09,-1.25305e-08,3.41706e-10
420.148,309.5,1.27183e-08,-1.28799e-09,-1.26483e-08,3.44532e-10
421.014,309,1.28346e-08,-1.27778e-09,-1.27661e-08,3.47535e-10
421.88,308.5,1.27832e-08,-1.2799e-09,-1.27141e-08,3.52121e-10
422.746,308,1.27147e-08,-1.28343e-09,-1.26448e-08,3.5684e-10
423.612,307.5,1.26463e-08,-1.28716e-09,-1.25754e-08,3.61541e-10
424.478,307,1.25778e-08,-1.29108e-09,-1.2506e-08,3.66224e-10
425.344,306.5,1.25093e-08,-1.29518e-09,-1.24366e-08,3.70889e-10
426.21,306,1.24408e-08,-1.29948e-09,-1.23671e-08,3.75536e-10
427.076,305.5,1.23723e-08,-1.30396e-09,-1.22975e-08,3.80164e-10
427.942,305,1.23037e-08,-1.30864e-09,-1.22279e-08,3.84775e-10
428.808,304.5,1.22352e-08,-1.31351e-09,-1.21582e-08,3.89367e-10
429.674,304,1.21666e-08,-1.31856e-09,-1.20885e-08,3.93941e-10
430.54,303.5,1.2098e-08,-1.32381e-09,-1.20188e-08,3.98497e-10
431.406,303,1.20294e-08,-1.32924e-09,-1.1949e-08,4.03035e-10
432.272,302.5,1.19454e-08,-1.33905e-09,-1.18631e-08,4.07693e-10
433.138,302,1.18215e-08,-1.35986e-09,-1.17358e-08,4.1276e-10
434.004,301.5,1.16978e-08,-1.38081e-09,-1.16085e-08,4.17915e-10
434.87,301,1.15743e-08,-1.40191e-09,-1.14813e-08,4.23159e-10
435.737,300.5,1.14874e-08,-1.42196e-09,-1.13899e-08,4.57301e-10
436.603,300,1.14292e-08,-1.44102e-09,-1.13263e-08,5.13819e-10
437.469,299.5,1.13712e-08,-1.45997e-09,-1.12627e-08,5.70269e-10
438.335,299,1.13135e-08,-1.47883e-09,-1.11989e-08,6.26651e-10
439.201,298.5,1.1256e-08,-1.49759e-09,-1.1135e-08,6.82966e-10
440.067,298,1.11988e-08,-1.51625e-09,-1.10711e-08,7.39214e-10
440.933,297.5,1.11419e-08,-1.53481e-09,-1.1007e-08,7.95393e-10
441.799,297,1.10853e-08,-1.55326e-09,-1.09429e-08,8.51506e-10
442.665,296.5,1.10289e-08,-1.57162e-09,-1.08786e-08,9.0755e-10
443.531,296,1.09985e-08,-1.52674e-09,-1.08494e-08,9.63271e-10
444.397,295.5,1.09826e-08,-1.44761e-09,-1.08391e-08,1.01874e-09
445.263,295,1.09675e-08,-1.36839e-09,-1.08287e-08,1.0741e-09
446.129,294.5,1.09532e-08,-1.28908e-09,-1.08183e-08,1.12935e-09
446.995,294,1.09396e-08,-1.20967e-09,-1.08078e-08,1.18448e-09
447.861,293.5,1.09268e-08,-1.13017e-09,-1.07973e-08,1.23949e-09
448.727,293,1.09148e-08,-1.05058e-09,-1.07867e-08,1.29439e-09
449.593,292.5,1.09036e-08,-9.70891e-10,-1.07761e-08,1.34917e-09
450.459,292,1.08931e-08,-8.91113e-10,-1.07654e-08,1.40384e-09
451.325,291.5,1.08834e-08,-8.11242e-10,-1.07547e-08,1.45839e-09
452.191,291,1.08746e-08,-7.31278e-10,-1.07439e-08,1.51282e-09
453.057,290.5,1.08665e-08,-6.51222e-10,-1.07331e-08,1.56715e-09
453.923,290,1.0861e-08,-5.7423e-10,-1.0724e-08,1.62136e-09
454.789,289.5,1.08784e-08,-6.59019e-10,-1.07352e-08,1.63139e-09
455.655,289,1.08634e-08,-7.44915e-10,-1.07159e-08,1.62116e-09
456.521,288.5,1.08492e-08,-8.30934e-10,-1.06967e-08,1.61102e-09
457.387,288,1.08359e-08,-9.17075e-10,-1.06777e-08,1.60096e-09
458.253,287.5,1.08235e-08,-1.00334e-09,-1.06588e-08,1.59098e-09
459.119,287,1.0812e-08,-1.08972e-09,-1.06401e-08,1.58108e-09
459.985,286.5,1.08013e-08,-1.17623e-09,-1.06215e-08,1.57127e-09
460.851,286,1.07915e-08,-1.26286e-09,-1.0603e-08,1.56154e-09
461.717,285.5,1.07826e-08,-1.34962e-09,-1.05846e-08,1.55189e-09
462.583,285,1.07746e-08,-1.43649e-09,-1.05664e-08,1.54232e-09
463.449,284.5,1.07674e-08,-1.52349e-09,-1.05483e-08,1.53284e-09
464.315,284,1.07612e-08,-1.61061e-09,-1.05304e-08,1.52344e-09
465.181,283.5,1.07497e-08,-1.68566e-09,-1.05082e-08,1.51423e-09
466.047,283,1.07292e-08,-1.74178e-09,-1.04793e-08,1.50528e-09
466.913,282.5,1.07091e-08,-1.79806e-09,-1.04505e-08,1.49639e-09
467.779,282,1.06896e-08,-1.8545e-09,-1.04218e-08,1.48759e-09
468.645,281.5,1.06705e-08,-1.9111e-09,-1.03933e-08,1.47885e-09
469.512,281,1.06519e-08,-1.96786e-09,-1.03648e-08,1.47019e-09
470.378,280.5,1.06338e-08,-2.02479e-09,-1.03364e-08,1.4616e-09
471.244,280,1.06162e-08,-2.08187e-09,-1.03082e-08,1.45309e-09
472.11,279.5,1.05991e-08,-2.13911e-09,-1.028e-08,1.44465e-09
472.976,279,1.05825e-08,-2.19652e-09,-1.02519e-08,1.43629e-09
473.842,278.5,1.06335e-08,-2.25086e-09,-1.02926e-08,1.43769e-09
474.708,278,1.07001e-08,-2.30448e-09,-1.03492e-08,1.44122e-09
475.574,277.5,1.07668e-08,-2.35811e-09,-1.04056e-08,1.44462e-09
476.44,277,1.08931e-08,-2.36899e-09,-1.05332e-08,1.44898e-09
477.306,276.5,1.10382e-08,-2.36637e-09,-1.06831e-08,1.45351e-09
478.172,276,1.11833e-08,-2.36374e-09,-1.0833e-08,1.45784e-09
479.038,275.5,1.13285e-08,-2.36109e-09,-1.09828e-08,1.46197e-09
