x,v,vx,vy,vz
0,0.362856,-0.362856,0.000120338,0.000132081
2,0.362947,-0.362947,8.71115e-05,0.000128893
4,0.363035,-0.363035,4.93511e-05,0.000125765
6,0.363112,-0.363112,2.65891e-05,0.000122721
8,0.363181,-0.363181,1.10814e-05,0.000119754
10,0.363245,-0.363245,-2.01933e-05,0.00011688
12,0.363302,-0.363302,-9.33273e-05,0.000114162
14,0.363345,-0.363344,-0.00023743,0.000111692
16,0.363329,-0.363328,-0.000450484,0.00010996
18,0.363296,-0.363295,-0.000718978,0.000109654
20,0.363227,-0.363226,-0.00108074,0.000111567
22,0.363126,-0.363123,-0.00154123,0.000116797
24,0.363025,-0.36302,-0.00206771,0.000127403
26,0.362743,-0.362737,-0.00213163,0.000143564
28,0.362416,-0.362411,-0.00176095,0.00014574
30,0.362064,-0.362062,-0.00130158,0.000142225
32,0.361709,-0.361707,-0.00101882,0.000140719
34,0.361417,-0.361416,-0.00080751,0.000138877
36,0.361152,-0.361151,-0.000658843,0.000137166
38,0.360923,-0.360922,-0.000532094,0.000135563
40,0.360727,-0.360727,-0.000426641,0.000134055
42,0.36056,-0.360559,-0.000349364,0.000132624
44,0.360422,-0.360422,-0.000282053,0.000131265
46,0.360305,-0.360304,-0.000235158,0.00012998
48,0.3602,-0.3602,-0.0001987,0.000128778
50,0.360105,-0.360105,-0.000169778,0.000127661
52,0.360021,-0.360021,-0.000150161,0.000126622
54,0.359944,-0.359944,-0.000131353,0.000125657
56,0.359877,-0.359877,-0.000115375,0.000124758
58,0.359819,-0.359819,-0.000101942,0.000123935
60,0.359768,-0.359768,-9.08226e-05,0.000123192
62,0.359723,-0.359723,-8.23963e-05,0.00012253
64,0.359683,-0.359683,-7.13754e-05,0.000121935
66,0.359646,-0.359646,-6.2577e-05,0.000121403
68,0.359613,-0.359613,-5.63819e-05,0.000120939
70,0.359581,-0.359581,-5.23207e-05,0.000120551
72,0.359551,-0.359551,-4.98384e-05,0.000120249
74,0.359522,-0.359522,-4.65284e-05,0.000120011
76,0.359494,-0.359494,-4.32137e-05,0.000119834
78,0.359469,-0.359469,-4.03666e-05,0.000119725
80,0.359446,-0.359446,-3.83512e-05,0.000119689
82,0.359424,-0.359424,-3.68576e-05,0.000119745
84,0.359402,-0.359402,-3.44708e-05,0.000119857
86,0.359382,-0.359382,-3.22422e-05,0.000120028
88,0.359362,-0.359362,-3.07278e-05,0.000120261
90,0.359342,-0.359342,-2.99431e-05,0.000120571
92,0.359322,-0.359322,-2.95199e-05,0.000120971
94,0.359302,-0.359302,-2.89803e-05,0.000121439
96,0.359282,-0.359282,-2.83618e-05,0.00012198
98,0.359263,-0.359263,-2.77739e-05,0.000122595
100,0.359244,-0.359244,-2.74702e-05,0.000123276
102,0.359224,-0.359224,-2.72186e-05,0.000123998
104,0.359205,-0.359205,-2.68426e-05,0.000124776
106,0.359186,-0.359186,-2.64671e-05,0.000125622
108,0.359166,-0.359166,-2.63129e-05,0.000126543
110,0.359146,-0.359146,-2.64367e-05,0.000127556
112,0.359126,-0.359126,-2.6663e-05,0.000128651
114,0.359105,-0.359105,-2.70086e-05,0.000129819
116,0.359083,-0.359083,-2.74115e-05,0.000131057
118,0.359062,-0.359061,-2.77164e-05,0.000132366
120,0.359039,-0.359039,-2.80859e-05,0.000133766
122,0.359016,-0.359016,-2.84458e-05,0.000135247
124,0.358993,-0.358993,-2.8881e-05,0.000136807
126,0.358969,-0.358969,-2.94398e-05,0.000138442
128,0.358944,-0.358944,-3.00833e-05,0.000140159
130,0.358918,-0.358918,-3.08753e-05,0.000141959
132,0.358892,-0.358892,-3.17077e-05,0.00014384
134,0.358864,-0.358864,-3.27145e-05,0.000145808
136,0.358836,-0.358836,-3.40026e-05,0.00014786
138,0.358806,-0.358806,-3.50837e-05,0.000150011
140,0.358775,-0.358775,-3.61478e-05,0.000152245
142,0.358743,-0.358743,-3.71815e-05,0.00015457
144,0.35871,-0.35871,-3.83357e-05,0.000156988
146,0.358676,-0.358676,-3.98732e-05,0.000159498
148,0.35864,-0.35864,-4.14328e-05,0.00016212
150,0.358603,-0.358603,-4.31531e-05,0.000164813
152,0.358563,-0.358563,-4.48996e-05,0.000167595
154,0.358523,-0.358523,-4.67641e-05,0.000170477
156,0.35848,-0.35848,-4.9279e-05,0.000173467
158,0.358435,-0.358435,-5.13102e-05,0.000176557
160,0.358389,-0.358389,-5.31348e-05,0.000179714
162,0.35834,-0.35834,-5.47906e-05,0.000182945
164,0.35829,-0.35829,-5.64242e-05,0.000186265
166,0.358237,-0.358237,-5.88777e-05,0.000189736
168,0.358181,-0.358181,-6.14319e-05,0.000193313
170,0.358122,-0.358122,-6.42519e-05,0.000196967
172,0.35806,-0.35806,-6.72271e-05,0.000200707
174,0.357996,-0.357996,-7.0212e-05,0.000204552
176,0.357928,-0.357928,-7.50337e-05,0.000208527
178,0.357856,-0.357856,-7.87987e-05,0.000212588
180,0.357781,-0.357781,-8.20018e-05,0.000216734
182,0.357703,-0.357703,-8.48953e-05,0.000220974
184,0.357623,-0.357623,-8.75669e-05,0.000225332
186,0.357536,-0.357536,-9.17075e-05,0.000229821
188,0.357445,-0.357445,-9.6516e-05,0.000234379
190,0.357347,-0.357347,-0.000102588,0.000239014
192,0.357244,-0.357244,-0.000109921,0.000243739
194,0.357133,-0.357133,-0.000116651,0.000248599
196,0.357015,-0.357015,-0.000126755,0.000253584
198,0.356891,-0.356891,-0.000134602,0.000258633
200,0.356762,-0.356761,-0.000139728,0.000263744
202,0.356627,-0.356627,-0.000142884,0.000268922
204,0.356487,-0.356487,-0.000145345,0.000274153
206,0.356338,-0.356338,-0.000149391,0.000279423
208,0.356177,-0.356177,-0.00015653,0.000284681
210,0.356003,-0.356003,-0.000167868,0.000289957
212,0.355811,-0.355811,-0.000184322,0.000295335
214,0.355601,-0.355601,-0.000199031,0.000300572
216,0.355377,-0.355377,-0.000227361,0.000305626
218,0.355141,-0.355141,-0.000253281,0.000310508
220,0.354898,-0.354897,-0.000267193,0.000315363
222,0.354651,-0.35465,-0.000268296,0.000320637
224,0.354401,-0.3544,-0.000270948,0.000325475
226,0.354135,-0.354135,-0.000282127,0.000330132
228,0.353833,-0.353833,-0.000312961,0.000334265
230,0.353475,-0.353475,-0.000369958,0.000337473
232,0.353033,-0.353033,-0.000437374,0.00033913
234,0.35254,-0.352539,-0.000514159,0.000341702
236,0.351989,-0.351988,-0.000643673,0.000345948
238,0.351399,-0.351398,-0.000781043,0.000351596
240,0.350802,-0.350801,-0.000848482,0.000358141
242,0.350174,-0.350172,-0.000994305,0.000373725
244,0.349412,-0.34941,-0.00108914,0.000382729
246,0.348501,-0.348499,-0.00115704,0.000383192
248,0.34738,-0.347377,-0.00124685,0.000371561
250,0.345912,-0.345909,-0.00145372,0.000340939
252,0.344003,-0.343998,-0.0016715,0.000279316
254,0.341837,-0.341831,-0.00194202,0.000202997
256,0.339422,-0.339415,-0.00217642,0.000109517
258,0.336822,-0.336814,-0.00226567,-1.95019e-06
260,0.334311,-0.334305,-0.00200104,-0.000126863
262,0.331857,-0.331849,-0.00225615,-0.000274974
264,0.329021,-0.329011,-0.00255702,-0.000465165
266,0.325867,-0.325856,-0.00255419,-0.000704162
268,0.322628,-0.32262,-0.00199028,-0.000993456
270,0.319975,-0.319968,-0.00150625,-0.00133614
272,0.317617,-0.317607,-0.00192978,-0.00165745
274,0.315252,-0.315236,-0.00251847,-0.00196599
276,0.312812,-0.312792,-0.00267316,-0.00228411
278,0.31038,-0.310364,-0.00174684,-0.00264911
280,0.308783,-0.308767,-0.000661194,-0.00309095
282,0.307421,-0.307397,-0.00096361,-0.00371339
284,0.305863,-0.305821,-0.00216608,-0.00454294
286,0.303912,-0.303834,-0.00400155,-0.00560006
288,0.301771,-0.301615,-0.00676012,-0.00693132
290,0.299186,-0.298805,-0.0122613,-0.00877538
292,0.295565,-0.294775,-0.0183767,-0.0113554
294,0.290524,-0.289052,-0.0251956,-0.0147746
296,0.283848,-0.281196,-0.0336662,-0.0191072
298,0.275594,-0.270049,-0.0491402,-0.0247142
300,0.261504,-0.251257,-0.064914,-0.032257
302,0.241992,-0.228787,-0.0698032,-0.0366635
304,0.22411,-0.211892,-0.0615734,-0.0391874
306,0.221453,-0.212716,-0.0432952,-0.0438066
308,0.233494,-0.217787,-0.0708772,-0.0454396
310,0.244548,-0.208991,-0.115782,-0.0521635
312,0.231658,-0.166557,-0.149182,-0.0605714
314,0.194812,-0.0927462,-0.154253,-0.0745397
316,0.165304,-0.0182222,-0.122891,-0.109048
318,0.0904557,0.0681381,-0.0490144,-0.0337198
320,0.238235,0.198979,-0.086776,-0.098149
322,0.398059,0.326108,-0.0947941,-0.20765
324,0.452207,0.374617,0.0354479,-0.250792
326,0.313378,0.153894,0.249098,-0.111681
328,0.319846,-0.134102,0.284123,0.0599372
330,0.370226,-0.265808,0.25753,0.00955638
332,0.394837,-0.310623,0.205766,-0.130654
334,0.449548,-0.401599,0.146884,-0.138699
336,0.392473,-0.356692,0.0463698,-0.157021
338,0.352526,-0.311945,0.0189352,-0.163113
340,0.328537,-0.278406,0.0161183,-0.173686
342,0.337055,-0.277425,0.00921608,-0.191196
344,0.338466,-0.273623,0.000235462,-0.199223
346,0.344406,-0.279486,-0.0199134,-0.200267
348,0.351946,-0.285057,-0.0374375,-0.202995
350,0.366425,-0.286991,-0.022223,-0.226737
352,0.476642,-0.416511,0.00190311,-0.231738
354,0.486001,-0.418186,0.00039471,-0.247623
356,0.533432,-0.463137,0.00974772,-0.264498
358,0.57152,-0.500475,0.0091523,-0.27582
360,0.603549,-0.536687,0.00115418,-0.27611
362,0.6385,-0.582685,-0.00639578,-0.260997
364,0.659186,-0.618308,0.00584949,-0.228445
366,0.679087,-0.657496,0.015964,-0.169122
368,0.688913,-0.681798,0.00547747,-0.0986062
370,0.68257,-0.68171,-0.0235294,-0.024905
372,0.655771,-0.65168,-0.0572816,0.045477
374,0.609343,-0.601467,-0.0274526,0.0937165
376,0.577715,-0.562265,0.0104467,0.132301
378,0.556296,-0.531187,0.0302183,0.162456
380,0.536485,-0.503177,0.0237961,0.184562
382,0.508363,-0.468439,0.00553305,0.197401
384,0.474568,-0.43121,0.00532848,0.198101
386,0.445534,-0.40172,0.0107804,0.192369
388,0.421412,-0.379427,0.0156353,0.182699
390,0.401205,-0.362594,0.015866,0.170996
392,0.383453,-0.349501,0.0137097,0.157155
394,0.368641,-0.339339,0.012784,0.143463
396,0.356614,-0.331902,0.0123737,0.129852
398,0.347499,-0.327046,0.0121158,0.116832
400,0.341243,-0.324461,0.0116982,0.105048
402,0.337413,-0.323782,0.0108987,0.094308
404,0.335086,-0.324118,0.00945844,0.0845022
406,0.333404,-0.324665,0.00788045,0.0754271
408,0.332075,-0.325135,0.0065131,0.0672215
410,0.331192,-0.325598,0.00567868,0.0603485
412,0.331054,-0.326493,0.00560007,0.0544752
414,0.331522,-0.327812,0.00523739,0.0491823
416,0.332306,-0.329304,0.00460341,0.0443285
418,0.333209,-0.330794,0.00382188,0.0398605
420,0.334237,-0.332278,0.00323403,0.0359925
422,0.33527,-0.333669,0.00288149,0.0325984
424,0.336343,-0.335031,0.00259597,0.0295695
426,0.337441,-0.336362,0.00237861,0.0268503
428,0.338538,-0.337651,0.00223238,0.0243862
430,0.339605,-0.33887,0.00196878,0.0222471
432,0.340577,-0.339964,0.0017686,0.0203457
434,0.341512,-0.341,0.00162,0.0186402
436,0.342432,-0.342001,0.00150506,0.0171072
438,0.343346,-0.342983,0.0013968,0.0157182
440,0.344254,-0.343947,0.0012469,0.0144897
442,0.345092,-0.344832,0.00110935,0.0133585
444,0.345872,-0.34565,0.000998554,0.012328
446,0.346606,-0.346417,0.00092083,0.0113944
448,0.347308,-0.347147,0.000873906,0.0105485
450,0.347966,-0.347827,0.000784505,0.00978313
452,0.34857,-0.348451,0.00070746,0.00908014
454,0.34913,-0.349028,0.000648014,0.00843847
456,0.349658,-0.34957,0.000604991,0.00785523
458,0.350162,-0.350084,0.000573319,0.00733007
460,0.350643,-0.350575,0.000524161,0.00684667
462,0.351093,-0.351035,0.000475839,0.0063973
464,0.351515,-0.351464,0.000435835,0.00598232
466,0.351912,-0.351867,0.000408361,0.00560253
468,0.352289,-0.35225,0.00038991,0.00526008
470,0.352649,-0.352614,0.0003616,0.00493955
472,0.352987,-0.352957,0.000332631,0.00463993
474,0.353302,-0.353275,0.000307732,0.0043617
476,0.353597,-0.353573,0.000288874,0.00410683
478,0.353875,-0.353853,0.00027457,0.00387569
480,0.354139,-0.35412,0.000254608,0.00365771
482,0.354389,-0.354372,0.000233911,0.0034528
484,0.354624,-0.354609,0.000216775,0.00326131
486,0.354846,-0.354832,0.000205409,0.0030862
488,0.355057,-0.355045,0.000196918,0.00292504
490,0.355261,-0.35525,0.000186016,0.00277247
492,0.355454,-0.355445,0.000173699,0.00262812
494,0.355636,-0.355628,0.00016222,0.0024923
496,0.355806,-0.355798,0.000153363,0.00236837
498,0.355967,-0.35596,0.000145928,0.0022529
500,0.356121,-0.356115,0.00013688,0.00214342
502,0.356268,-0.356262,0.000126746,0.00203947
504,0.356407,-0.356401,0.000118246,0.00194133
506,0.356537,-0.356532,0.000112748,0.00185186
508,0.356663,-0.356658,0.00010828,0.00176755
510,0.356784,-0.35678,0.000103306,0.00168737
512,0.3569,-0.356897,9.73424e-05,0.0016108
514,0.35701,-0.357007,9.16229e-05,0.00153848
516,0.357113,-0.35711,8.70832e-05,0.00147176
518,0.357212,-0.357209,8.31385e-05,0.00140877
520,0.357307,-0.357304,7.87635e-05,0.00134882
522,0.357397,-0.357395,7.33928e-05,0.00129143
524,0.357483,-0.357481,6.90939e-05,0.00123746
526,0.357565,-0.357563,6.60662e-05,0.00118711
528,0.357644,-0.357642,6.36636e-05,0.00113944
530,0.357721,-0.357719,6.12975e-05,0.00109396
532,0.357795,-0.357793,5.83501e-05,0.0010502
534,0.357865,-0.357864,5.53803e-05,0.00100897
536,0.357932,-0.35793,5.27654e-05,0.000970137
538,0.357996,-0.357995,5.04475e-05,0.000933311
540,0.358058,-0.358057,4.81021e-05,0.000898176
542,0.358118,-0.358116,4.49994e-05,0.000864401
544,0.358174,-0.358173,4.27098e-05,0.000832563
546,0.35823,-0.358229,4.11077e-05,0.000802408
548,0.358284,-0.358283,3.99317e-05,0.000773758
550,0.358336,-0.358336,3.89264e-05,0.000746376
552,0.358388,-0.358387,3.78664e-05,0.000720042
554,0.358437,-0.358436,3.62666e-05,0.000694948
556,0.358484,-0.358483,3.44208e-05,0.000671113
558,0.358529,-0.358528,3.24892e-05,0.000648467
560,0.358573,-0.358573,3.0557e-05,0.000626843
562,0.358616,-0.358616,2.79695e-05,0.000606066
564,0.358659,-0.358658,2.67608e-05,0.000586138
566,0.358702,-0.358701,2.67388e-05,0.000567168
568,0.358745,-0.358745,2.76831e-05,0.000549162
570,0.358788,-0.358788,2.92533e-05,0.000532006
572,0.358831,-0.358831,3.27838e-05,0.000515484
574,0.358874,-0.358874,3.38763e-05,0.00049953
576,0.358915,-0.358915,3.28702e-05,0.000484294
578,0.358955,-0.358955,3.06799e-05,0.000469828
580,0.358994,-0.358994,2.94367e-05,0.000456086
582,0.359034,-0.359034,3.08803e-05,0.000442827
584,0.359077,-0.359076,3.50718e-05,0.000430013
586,0.359123,-0.359122,3.98704e-05,0.00041772
588,0.359171,-0.35917,4.3403e-05,0.000406013
590,0.359215,-0.359215,4.72876e-05,0.000395004
592,0.359257,-0.359257,5.93236e-05,0.000384426
594,0.359294,-0.359294,5.97341e-05,0.000374188
596,0.35932,-0.35932,3.76537e-05,0.000364297
598,0.359324,-0.359324,-1.41893e-05,0.000354785
600,0.359278,-0.359278,-8.26299e-05,0.000345753
602,0.359203,-0.359203,-0.000161997,0.000337062
604,0.359112,-0.359112,-0.000289104,0.000328803
606,0.359009,-0.359009,-0.000481356,0.00032101
608,0.358896,-0.358895,-0.000740258,0.000313671
610,0.35878,-0.358779,-0.000933738,0.000306544
612,0.358675,-0.358674,-0.000882416,0.000299329
614,0.358656,-0.358656,-0.0005665,0.000291808
616,0.358751,-0.35875,1.08745e-05,0.000283428
618,0.358812,-0.358811,0.000862217,0.000272046
620,0.358924,-0.358918,0.00208461,0.000255457
622,0.359002,-0.358986,0.00328524,0.000233208
624,0.35929,-0.35927,0.00379049,0.000205862
626,0.360032,-0.36002,0.00297728,0.000176565
628,0.36034,-0.360335,0.00197289,0.000175016
630,0.360842,-0.360839,0.00150744,0.000171021
632,0.361236,-0.361234,0.00116424,0.000166587
634,0.361504,-0.361503,0.000859092,0.000162325
636,0.361836,-0.361835,0.00072173,0.000158008
638,0.362049,-0.362049,0.000531912,0.000153965
640,0.362246,-0.362246,0.000406092,0.000150035
642,0.362411,-0.362411,0.000314329,0.000146188
644,0.36254,-0.36254,0.000239508,0.000142415
646,0.362659,-0.362659,0.000198037,0.000138761
648,0.36276,-0.36276,0.000154981,0.000135356
