x,v,vx,vy,vz
0,0.362056,-0.362056,0.000207212,0.000286435
2,0.362211,-0.36221,0.000163055,0.000278057
4,0.362361,-0.362361,0.000113949,0.000269786
6,0.362497,-0.362497,8.82225e-05,0.000261741
8,0.362625,-0.362625,6.70611e-05,0.000254171
10,0.362744,-0.362744,2.61586e-05,0.000247178
12,0.362851,-0.362851,-6.5268e-05,0.000241055
14,0.362943,-0.362943,-0.000242934,0.000236218
16,0.362962,-0.362961,-0.000517315,0.000234809
18,0.362956,-0.362955,-0.000859787,0.000238226
20,0.362903,-0.3629,-0.00130333,0.000248741
22,0.362798,-0.362793,-0.00185247,0.000268606
24,0.362663,-0.362654,-0.00247899,0.000301296
26,0.362357,-0.362348,-0.0026219,0.000343548
28,0.361949,-0.361942,-0.00224909,0.000348136
30,0.36149,-0.361486,-0.00173724,0.000337943
32,0.361028,-0.361026,-0.00138944,0.00033369
34,0.36062,-0.360618,-0.00113951,0.000328314
36,0.360255,-0.360254,-0.000944071,0.000323298
38,0.359934,-0.359933,-0.000776545,0.000318567
40,0.359655,-0.359654,-0.000636645,0.000314006
42,0.359413,-0.359413,-0.000527771,0.000309485
44,0.35921,-0.35921,-0.000431157,0.000305195
46,0.359035,-0.359035,-0.00036202,0.00030117
48,0.358877,-0.358877,-0.000308478,0.000297324
50,0.358732,-0.358732,-0.000266514,0.000293637
52,0.358602,-0.358602,-0.000236973,0.000290137
54,0.358481,-0.358481,-0.000208417,0.000286788
56,0.358377,-0.358377,-0.000183206,0.000283597
58,0.358286,-0.358286,-0.000161657,0.000280571
60,0.358205,-0.358205,-0.000143768,0.000277709
62,0.358134,-0.358134,-0.000129484,0.000275015
64,0.358069,-0.358069,-0.000111067,0.000272474
66,0.358012,-0.358012,-9.64105e-05,0.000270074
68,0.357958,-0.357958,-8.62388e-05,0.000267828
70,0.357907,-0.357907,-7.98266e-05,0.000265742
72,0.357859,-0.357858,-7.57764e-05,0.000263833
74,0.357811,-0.357811,-7.03401e-05,0.000262061
76,0.357767,-0.357767,-6.46761e-05,0.000260428
78,0.357726,-0.357726,-5.96402e-05,0.000258938
80,0.357689,-0.357689,-5.60627e-05,0.000257595
82,0.357653,-0.357653,-5.31861e-05,0.000256426
84,0.357619,-0.357619,-4.87678e-05,0.000255373
86,0.357587,-0.357587,-4.4694e-05,0.000254445
88,0.357555,-0.357555,-4.19726e-05,0.000253654
90,0.357523,-0.357523,-4.06676e-05,0.000253024
92,0.357492,-0.357492,-3.99284e-05,0.00025257
94,0.35746,-0.35746,-3.8985e-05,0.000252239
96,0.357428,-0.357428,-3.7815e-05,0.000252026
98,0.357397,-0.357397,-3.65598e-05,0.000251926
100,0.357367,-0.357367,-3.58111e-05,0.000251948
102,0.357337,-0.357337,-3.51458e-05,0.000252085
104,0.357307,-0.357306,-3.42317e-05,0.000252339
106,0.357276,-0.357276,-3.32928e-05,0.00025272
108,0.357246,-0.357246,-3.27365e-05,0.000253239
110,0.357214,-0.357214,-3.27776e-05,0.000253936
112,0.357183,-0.357183,-3.29438e-05,0.00025477
114,0.35715,-0.35715,-3.33115e-05,0.000255722
116,0.357117,-0.357117,-3.37468e-05,0.00025679
118,0.357083,-0.357083,-3.38791e-05,0.000257989
120,0.357049,-0.357049,-3.4049e-05,0.00025936
122,0.357014,-0.357013,-3.41814e-05,0.000260848
124,0.356978,-0.356978,-3.44437e-05,0.000262447
126,0.356941,-0.356941,-3.49217e-05,0.000264156
128,0.356903,-0.356903,-3.55035e-05,0.000266007
130,0.356864,-0.356864,-3.63851e-05,0.000268021
132,0.356823,-0.356823,-3.72514e-05,0.00027016
134,0.356781,-0.356781,-3.83854e-05,0.00027242
136,0.356737,-0.356737,-4.00194e-05,0.0002748
138,0.356692,-0.356692,-4.09853e-05,0.000277343
140,0.356646,-0.356645,-4.1734e-05,0.000280038
142,0.356598,-0.356598,-4.23216e-05,0.000282856
144,0.356549,-0.356549,-4.30239e-05,0.00028579
146,0.356498,-0.356498,-4.42857e-05,0.000288832
148,0.356444,-0.356444,-4.55731e-05,0.000292034
150,0.356388,-0.356388,-4.71519e-05,0.000295374
152,0.356329,-0.356329,-4.86248e-05,0.000298847
154,0.356268,-0.356268,-5.01992e-05,0.000302452
156,0.356204,-0.356204,-5.32241e-05,0.000306208
158,0.356137,-0.356137,-5.45696e-05,0.000310148
160,0.356068,-0.356068,-5.52337e-05,0.000314224
162,0.355997,-0.355997,-5.54686e-05,0.000318411
164,0.355924,-0.355923,-5.5584e-05,0.000322685
166,0.355847,-0.355846,-5.65265e-05,0.000327023
168,0.355764,-0.355763,-5.81146e-05,0.000331405
170,0.355675,-0.355675,-6.04505e-05,0.000335812
172,0.355581,-0.355581,-6.31181e-05,0.000340233
174,0.355482,-0.355482,-6.56017e-05,0.000344653
176,0.355377,-0.355377,-7.10518e-05,0.00034905
178,0.355269,-0.355269,-7.22631e-05,0.000353408
180,0.355159,-0.355159,-7.19067e-05,0.000357723
182,0.355045,-0.355045,-7.03982e-05,0.000361964
184,0.354925,-0.354924,-6.59682e-05,0.000366058
186,0.354795,-0.354795,-6.56128e-05,0.000369977
188,0.35465,-0.35465,-6.77535e-05,0.000373716
190,0.354492,-0.354492,-6.86905e-05,0.0003775
192,0.354324,-0.354324,-6.7268e-05,0.000381529
194,0.354162,-0.354162,-7.00702e-05,0.000385985
196,0.353992,-0.353992,-8.80727e-05,0.000391345
198,0.35382,-0.35382,-9.83133e-05,0.000397355
200,0.353639,-0.353639,-0.000102681,0.00040424
202,0.353439,-0.353438,-0.000105922,0.000412279
204,0.353175,-0.353174,-8.55415e-05,0.000421812
206,0.352859,-0.352859,-0.000141571,0.000433539
208,0.352474,-0.352474,-0.00022708,0.000445987
210,0.352029,-0.352029,-0.000310258,0.000460829
212,0.351556,-0.351556,-0.000360763,0.00048191
214,0.351205,-0.351204,-0.000521063,0.000504312
216,0.350837,-0.350836,-0.000560268,0.000529311
218,0.350456,-0.350455,-0.000547309,0.000554708
220,0.350002,-0.350001,-0.000589828,0.000576904
222,0.349263,-0.349262,-0.000906841,0.00058814
224,0.347724,-0.347722,-0.00101529,0.000589379
226,0.345648,-0.345646,-0.0011846,0.000583569
228,0.34313,-0.343127,-0.00135436,0.00056882
230,0.340271,-0.340267,-0.00150213,0.000548454
232,0.33716,-0.337153,-0.0020619,0.000558151
234,0.333866,-0.333854,-0.0027753,0.000551545
236,0.330599,-0.330589,-0.0025448,0.000479578
238,0.327607,-0.327604,-0.00155479,0.000334537
240,0.325157,-0.325156,-0.000573594,0.000127598
242,0.32287,-0.322866,-0.00144702,-0.000121995
244,0.320198,-0.320193,-0.00181535,-0.000349901
246,0.317607,-0.317605,-0.000757069,-0.000551013
248,0.31572,-0.315715,0.00155241,-0.000719211
250,0.315551,-0.315529,0.00362825,-0.000844387
252,0.316266,-0.316255,0.00251061,-0.000958189
254,0.316202,-0.316197,0.00134542,-0.00107524
256,0.315714,-0.315708,0.00136088,-0.0011886
258,0.315376,-0.31536,0.00290326,-0.00129192
260,0.316257,-0.316229,0.00396605,-0.00138205
262,0.317195,-0.317177,0.00303258,-0.00154464
264,0.317591,-0.317577,0.00245978,-0.00176066
266,0.317706,-0.317687,0.00283012,-0.00200143
268,0.318045,-0.318009,0.00417165,-0.00223751
270,0.319223,-0.319179,0.00468917,-0.00250478
272,0.320711,-0.320671,0.004142,-0.0029179
274,0.322198,-0.322165,0.00302062,-0.00349751
276,0.32374,-0.323709,0.00140988,-0.00422524
278,0.325651,-0.325611,-0.000837143,-0.0050452
280,0.326863,-0.326776,-0.00351763,-0.00667758
282,0.328824,-0.328542,-0.00977778,-0.00948171
284,0.328518,-0.327574,-0.0207076,-0.0138104
286,0.324835,-0.322423,-0.034567,-0.0191315
288,0.31873,-0.314933,-0.0433543,-0.0229483
290,0.306638,-0.303996,-0.0327071,-0.0233191
292,0.304213,-0.30222,-0.026613,-0.0223722
294,0.303685,-0.302019,-0.0257292,-0.0186223
296,0.299019,-0.297609,-0.026339,-0.0121538
298,0.314778,-0.313918,-0.0169198,-0.0159426
300,0.351421,-0.349502,-0.00938536,-0.0354469
302,0.385165,-0.380616,-0.010917,-0.058
304,0.423285,-0.413381,-0.0260041,-0.0872342
306,0.486558,-0.46439,-0.0579884,-0.133108
308,0.480217,-0.430908,-0.110553,-0.180844
310,0.455529,-0.370039,-0.154992,-0.215766
312,0.391268,-0.260329,-0.182118,-0.228369
314,0.307043,-0.106471,-0.172803,-0.230388
316,0.283821,0.0527175,-0.0868128,-0.265026
318,0.235348,0.203658,0.0269362,-0.114832
320,0.383876,0.379201,0.0588677,0.0100956
322,0.496589,0.494998,0.0396901,0.00144365
324,0.499653,0.461594,0.0372802,-0.1876
326,0.523058,0.150397,0.243727,-0.437684
328,0.447552,-0.061508,0.287048,-0.337821
330,0.389101,-0.219034,0.216008,-0.238253
332,0.397044,-0.326436,0.101781,-0.201802
334,0.439215,-0.381505,0.026162,-0.216055
336,0.422464,-0.380861,0.00230448,-0.182798
338,0.423817,-0.398503,-0.0140292,-0.143594
340,0.407846,-0.388178,-0.022304,-0.123121
342,0.373286,-0.353585,0.00638934,-0.119496
344,0.368114,-0.351332,0.00866252,-0.109538
346,0.366915,-0.351663,0.00701871,-0.104453
348,0.364664,-0.350905,0.0052726,-0.0990839
350,0.348446,-0.336569,0.00225049,-0.0901705
352,0.374409,-0.366513,-0.0183286,-0.0742568
354,0.336249,-0.329587,-0.0123187,-0.0654511
356,0.347751,-0.335671,-0.00493433,-0.0907292
358,0.356511,-0.33752,-0.00177043,-0.114793
360,0.371808,-0.343612,-0.00307169,-0.141995
362,0.404655,-0.363611,-0.00617078,-0.177466
364,0.402135,-0.354996,0.00628528,-0.188816
366,0.419169,-0.379435,0.0132981,-0.177638
368,0.435085,-0.403899,0.0168329,-0.160875
370,0.454022,-0.431776,0.0151228,-0.139557
372,0.494258,-0.482173,0.00478471,-0.108523
374,0.493,-0.482065,-0.0103346,-0.102741
376,0.500126,-0.493594,-0.0129162,-0.0795244
378,0.507789,-0.504209,-0.0111239,-0.0591538
380,0.512517,-0.510537,-0.00770398,-0.0443437
382,0.521513,-0.521344,0.00175438,-0.0131497
384,0.51488,-0.514729,0.00236056,0.0122577
386,0.504554,-0.503105,0.00358888,0.0380431
388,0.492137,-0.488631,0.00450562,0.0584646
390,0.478356,-0.473157,0.00446479,0.0701946
392,0.46803,-0.46066,0.00756732,0.0823808
394,0.456374,-0.447502,0.00788218,0.0892034
396,0.445488,-0.43536,0.00783233,0.0941277
398,0.435057,-0.423948,0.00780457,0.0973734
400,0.424165,-0.412512,0.00769928,0.098441
402,0.414825,-0.403083,0.0080512,0.0976699
404,0.406099,-0.394506,0.00823337,0.0959861
406,0.398095,-0.386904,0.00819278,0.0933676
408,0.390926,-0.380323,0.0080099,0.090077
410,0.384725,-0.374741,0.00790832,0.0867177
412,0.379482,-0.370267,0.00748222,0.0827831
414,0.374926,-0.366477,0.00691556,0.078844
416,0.370853,-0.363167,0.0064625,0.0748301
418,0.367192,-0.360258,0.00629029,0.0707426
420,0.364281,-0.358043,0.00641716,0.06682
422,0.362016,-0.356445,0.00597111,0.0629848
424,0.360025,-0.355064,0.0050827,0.0593423
426,0.358164,-0.353755,0.00428701,0.0558645
428,0.356375,-0.352463,0.00414653,0.0524977
430,0.355131,-0.351667,0.00479695,0.0492542
432,0.354431,-0.351389,0.00469543,0.0461007
434,0.353896,-0.351231,0.00379363,0.0431886
436,0.353227,-0.35088,0.00255702,0.0405661
438,0.352108,-0.350022,0.00183147,0.0382191
440,0.351113,-0.349272,0.00279163,0.0358029
442,0.351025,-0.349426,0.00360946,0.0332661
444,0.351508,-0.350138,0.00343409,0.030807
446,0.352031,-0.350863,0.0021195,0.0285672
448,0.351568,-0.350556,0.0005487,0.0266567
450,0.350495,-0.34959,0.000774766,0.0251577
452,0.350087,-0.349276,0.0015911,0.0237619
454,0.350338,-0.349623,0.00206423,0.0222751
456,0.350947,-0.35034,0.00155294,0.0205775
458,0.350853,-0.350348,0.000473848,0.0188079
460,0.35031,-0.34988,0.000272962,0.0173421
462,0.349914,-0.349541,0.000482639,0.0161511
464,0.349785,-0.349455,0.000770322,0.0151722
466,0.349883,-0.349589,0.000808986,0.0143116
468,0.350013,-0.349752,0.000562482,0.0135084
470,0.350191,-0.349955,0.000552396,0.0128273
472,0.350442,-0.35023,0.000598312,0.0121723
474,0.350751,-0.350561,0.000608783,0.0115135
476,0.35105,-0.350881,0.000548153,0.0108754
478,0.351293,-0.351142,0.000496507,0.0102577
480,0.351474,-0.351341,0.000428616,0.00966484
482,0.351623,-0.351505,0.000387401,0.00911627
484,0.351769,-0.351663,0.000390916,0.00862076
486,0.35194,-0.351845,0.000386171,0.00816564
488,0.35212,-0.352034,0.000366443,0.00774695
490,0.352313,-0.352236,0.000352985,0.00735567
492,0.352512,-0.352443,0.000339685,0.00698692
494,0.352709,-0.352646,0.000317344,0.00663632
496,0.352893,-0.352837,0.000299746,0.00631372
498,0.353073,-0.353022,0.000284733,0.00600989
500,0.353246,-0.3532,0.00026451,0.00572063
502,0.35341,-0.353368,0.000242138,0.00544581
504,0.353564,-0.353526,0.000227629,0.00518675
506,0.353714,-0.35368,0.000218811,0.00494879
508,0.353862,-0.353831,0.000211511,0.00472322
510,0.354008,-0.35398,0.000202835,0.00450881
512,0.354151,-0.354125,0.000191789,0.00430492
514,0.354286,-0.354262,0.000180391,0.00411294
516,0.354414,-0.354392,0.000172192,0.00393515
518,0.354539,-0.354519,0.000164835,0.00376656
520,0.354661,-0.354642,0.000156141,0.00360598
522,0.354779,-0.354762,0.000145113,0.00345261
524,0.35489,-0.354875,0.00013674,0.00330843
526,0.354999,-0.354984,0.000131474,0.00317332
528,0.355105,-0.355092,0.000127576,0.00304483
530,0.355209,-0.355197,0.000123514,0.0029221
532,0.355311,-0.3553,0.000117723,0.00280445
534,0.355407,-0.355396,0.000111922,0.00269407
536,0.355499,-0.355489,0.000107112,0.00258989
538,0.355588,-0.355579,0.000102834,0.00249084
540,0.355675,-0.355667,9.82817e-05,0.00239624
542,0.355759,-0.355752,9.19804e-05,0.00230563
544,0.35584,-0.355833,8.75057e-05,0.00222042
546,0.35592,-0.355914,8.4647e-05,0.0021395
548,0.355999,-0.355993,8.26525e-05,0.00206238
550,0.356076,-0.356071,8.07826e-05,0.00198854
552,0.356152,-0.356147,7.83125e-05,0.00191784
554,0.356226,-0.356221,7.44293e-05,0.00185075
556,0.356296,-0.356292,7.01146e-05,0.00178697
558,0.356364,-0.35636,6.57489e-05,0.0017262
560,0.356432,-0.356428,6.15564e-05,0.00166801
562,0.356498,-0.356494,5.70681e-05,0.00161239
564,0.356564,-0.35656,5.61004e-05,0.00155933
566,0.356631,-0.356628,5.77482e-05,0.00150885
568,0.356699,-0.356696,6.14676e-05,0.00146083
570,0.356768,-0.356765,6.67091e-05,0.0014149
572,0.356838,-0.356835,7.51481e-05,0.00137078
574,0.356907,-0.356904,7.85522e-05,0.00132835
576,0.356974,-0.356972,7.76431e-05,0.00128792
578,0.35704,-0.357038,7.45852e-05,0.00124952
580,0.357104,-0.357101,7.47253e-05,0.00121292
582,0.357167,-0.357165,8.11617e-05,0.00117774
584,0.357235,-0.357233,8.85645e-05,0.00114396
586,0.357306,-0.357304,9.00833e-05,0.0011117
588,0.357376,-0.357375,8.07139e-05,0.00108096
590,0.357432,-0.35743,6.55999e-05,0.00105178
592,0.357472,-0.357471,6.52889e-05,0.00102364
594,0.357495,-0.357494,4.26374e-05,0.000996444
596,0.357488,-0.357487,-2.23592e-05,0.000970323
598,0.357433,-0.357432,-0.000142431,0.000945477
600,0.35728,-0.357279,-0.00028124,0.000922413
602,0.35708,-0.357079,-0.000446671,0.00090035
604,0.356858,-0.356856,-0.000691632,0.000879133
606,0.356626,-0.356623,-0.00102838,0.000858577
608,0.356379,-0.356375,-0.00142606,0.000838406
610,0.356143,-0.356138,-0.00162372,0.000816933
612,0.355922,-0.355918,-0.0013879,0.000792489
614,0.355836,-0.355834,-0.000738621,0.000763423
616,0.355934,-0.355933,0.000261286,0.000727993
618,0.356013,-0.356009,0.00152438,0.000682239
620,0.356206,-0.356192,0.00310417,0.000623023
622,0.356388,-0.356358,0.00459357,0.000551907
624,0.356848,-0.356811,0.0051637,0.000473473
626,0.357877,-0.357854,0.00404163,0.000398301
628,0.358357,-0.358347,0.00270865,0.000396586
630,0.359077,-0.359071,0.00208497,0.000386335
632,0.359637,-0.359633,0.00162456,0.000374586
634,0.360026,-0.360023,0.00121873,0.000363598
636,0.360512,-0.36051,0.00104062,0.000352812
638,0.360821,-0.36082,0.000771709,0.000342408
640,0.361112,-0.361111,0.000595109,0.000332374
642,0.361357,-0.361356,0.000467877,0.000322598
644,0.36155,-0.361549,0.000365617,0.000313031
646,0.361737,-0.361736,0.000313213,0.000303799
648,0.361899,-0.361899,0.000254299,0.000294986
