x,v,vx,vy,vz
220.096,425,7.46719e-09,-7.09592e-10,-7.42292e-09,3.94652e-10
220.962,424.5,7.62035e-09,-6.84686e-10,-7.57878e-09,4.03832e-10
221.828,424,7.77363e-09,-6.59783e-10,-7.73456e-09,4.13154e-10
222.694,423.5,7.92703e-09,-6.34884e-10,-7.89026e-09,4.22616e-10
223.56,423,8.08054e-09,-6.09988e-10,-8.04588e-09,4.32221e-10
224.426,422.5,8.21097e-09,-5.68721e-10,-8.17934e-09,4.41557e-10
225.292,422,8.26861e-09,-4.75549e-10,-8.24267e-09,4.49696e-10
226.158,421.5,8.32732e-09,-3.82449e-10,-8.30592e-09,4.57916e-10
227.024,421,8.37317e-09,-2.90107e-10,-8.35517e-09,4.65748e-10
227.89,420.5,8.3599e-09,-2.00703e-10,-8.34418e-09,4.71537e-10
228.756,420,8.34767e-09,-1.11183e-10,-8.33327e-09,4.77255e-10
229.622,419.5,8.33649e-09,-2.15469e-11,-8.32246e-09,4.82902e-10
230.488,419,8.32637e-09,6.82057e-11,-8.31175e-09,4.88479e-10
231.355,418.5,8.31731e-09,1.58075e-10,-8.30112e-09,4.93984e-10
232.221,418,8.30932e-09,2.4806e-10,-8.29058e-09,4.99419e-10
233.087,417.5,8.3024e-09,3.38162e-10,-8.28014e-09,5.04783e-10
233.953,417,8.29657e-09,4.2838e-10,-8.26979e-09,5.10076e-10
234.819,416.5,8.29183e-09,5.18714e-10,-8.25953e-09,5.15298e-10
235.685,416,8.29128e-09,6.40902e-10,-8.25003e-09,5.21146e-10
236.551,415.5,8.295e-09,7.83455e-10,-8.24106e-09,5.27344e-10
237.417,415,8.3013e-09,9.26086e-10,-8.23221e-09,5.33441e-10
238.283,414.5,8.31017e-09,1.0688e-09,-8.22348e-09,5.39438e-10
239.149,414,8.32162e-09,1.21158e-09,-8.21487e-09,5.45334e-10
240.015,413.5,8.33564e-09,1.35445e-09,-8.20638e-09,5.51128e-10
240.881,413,8.35221e-09,1.4974e-09,-8.198e-09,5.56822e-10
241.747,412.5,8.37133e-09,1.64042e-09,-8.18975e-09,5.62415e-10
242.613,412,8.39298e-09,1.78352e-09,-8.18161e-09,5.67908e-10
243.479,411.5,8.41715e-09,1.9267e-09,-8.17359e-09,5.73299e-10
244.345,411,8.44381e-09,2.06996e-09,-8.16568e-09,5.7859e-10
245.211,410.5,8.47295e-09,2.2133e-09,-8.1579e-09,5.83779e-10
246.077,410,8.52773e-09,2.35768e-09,-8.17577e-09,5.659e-10
246.943,409.5,8.49134e-09,2.31947e-09,-8.15332e-09,4.96256e-10
247.809,409,8.45263e-09,2.27738e-09,-8.12886e-09,4.26683e-10
248.675,408.5,8.41445e-09,2.23505e-09,-8.10432e-09,3.57205e-10
249.541,408,8.37682e-09,2.19247e-09,-8.07969e-09,2.87821e-10
250.407,407.5,8.33974e-09,2.14966e-09,-8.05497e-09,2.18534e-10
251.273,407,8.30323e-09,2.10661e-09,-8.03016e-09,1.49341e-10
252.139,406.5,8.26728e-09,2.06332e-09,-8.00526e-09,8.02436e-11
253.005,406,8.23192e-09,2.01979e-09,-7.98028e-09,1.12414e-11
253.871,405.5,8.19715e-09,1.97602e-09,-7.9552e-09,-5.76656e-11
254.737,405,8.16298e-09,1.93201e-09,-7.93004e-09,-1.26477e-10
255.603,404.5,8.12942e-09,1.88776e-09,-7.90479e-09,-1.95194e-10
256.469,404,8.09648e-09,1.84328e-09,-7.87945e-09,-2.63815e-10
257.335,403.5,8.06081e-09,1.83637e-09,-7.84185e-09,-3.31327e-10
258.201,403,8.01994e-09,1.89921e-09,-7.78171e-09,-3.9691e-10
259.067,402.5,7.9803e-09,1.96195e-09,-7.72153e-09,-4.6246e-10
259.933,402,7.94188e-09,2.02458e-09,-7.66132e-09,-5.27978e-10
260.799,401.5,7.90472e-09,2.08711e-09,-7.60108e-09,-5.93462e-10
261.665,401,7.86883e-09,2.14953e-09,-7.54081e-09,-6.58914e-10
262.531,400.5,7.83421e-09,2.21184e-09,-7.4805e-09,-7.24333e-10
263.397,400,7.80089e-09,2.27405e-09,-7.42017e-09,-7.89719e-10
264.263,399.5,7.76887e-09,2.33615e-09,-7.3598e-09,-8.55072e-10
265.13,399,7.70401e-09,2.39792e-09,-7.26744e-09,-8.8662e-10
265.996,398.5,7.5967e-09,2.45951e-09,-7.1341e-09,-8.74837e-10
266.862,398,7.49102e-09,2.52132e-09,-7.00095e-09,-8.63192e-10
267.728,397.5,7.38703e-09,2.58334e-09,-6.86798e-09,-8.51687e-10
268.594,397,7.28365e-09,2.60669e-09,-6.74883e-09,-8.42618e-10
269.46,396.5,7.18041e-09,2.61526e-09,-6.63495e-09,-8.34338e-10
270.326,396,7.07755e-09,2.62405e-09,-6.52104e-09,-8.25923e-10
271.192,395.5,6.97511e-09,2.63305e-09,-6.40711e-09,-8.17371e-10
272.058,395,6.87309e-09,2.64228e-09,-6.29315e-09,-8.08684e-10
272.924,394.5,6.77152e-09,2.65173e-09,-6.17917e-09,-7.99862e-10
273.79,394,6.67043e-09,2.6614e-09,-6.06515e-09,-7.90903e-10
274.656,393.5,6.56984e-09,2.67129e-09,-5.95112e-09,-7.81809e-10
275.522,393,6.46977e-09,2.6814e-09,-5.83705e-09,-7.7258e-10
276.388,392.5,6.37026e-09,2.69174e-09,-5.72296e-09,-7.63214e-10
277.254,392,6.27133e-09,2.70229e-09,-5.60885e-09,-7.53713e-10
278.12,391.5,6.17302e-09,2.71307e-09,-5.49471e-09,-7.44076e-10
278.986,391,6.09382e-09,2.72238e-09,-5.40223e-09,-7.34256e-10
279.852,390.5,6.19767e-09,2.71534e-09,-5.52393e-09,-7.24021e-10
280.718,390,6.30242e-09,2.70861e-09,-5.64571e-09,-7.13999e-10
281.584,389.5,6.40801e-09,2.70219e-09,-5.76757e-09,-7.04189e-10
282.45,389,6.51441e-09,2.69607e-09,-5.88951e-09,-6.94591e-10
283.316,388.5,6.62158e-09,2.69026e-09,-6.01152e-09,-6.85206e-10
284.182,388,6.77392e-09,2.68248e-09,-6.18256e-09,-6.82828e-10
285.048,387.5,6.96196e-09,2.67274e-09,-6.3918e-09,-6.85725e-10
285.914,387,7.15118e-09,2.66265e-09,-6.60118e-09,-6.88546e-10
286.78,386.5,7.34152e-09,2.65223e-09,-6.8107e-09,-6.91294e-10
287.646,386,7.53289e-09,2.64146e-09,-7.02036e-09,-6.93967e-10
288.512,385.5,7.72524e-09,2.63036e-09,-7.23017e-09,-6.96566e-10
289.378,385,7.9185e-09,2.61891e-09,-7.44011e-09,-6.99091e-10
290.244,384.5,7.98818e-09,2.53445e-09,-7.54296e-09,-7.01037e-10
291.11,384,7.91576e-09,2.36514e-09,-7.52145e-09,-7.02272e-10
291.976,383.5,7.84662e-09,2.19546e-09,-7.50031e-09,-7.0336e-10
292.842,383,7.78085e-09,2.02541e-09,-7.47952e-09,-7.04301e-10
293.708,382.5,7.71857e-09,1.85497e-09,-7.4591e-09,-7.05095e-10
294.574,382,7.65989e-09,1.68417e-09,-7.43904e-09,-7.05742e-10
295.44,381.5,7.6049e-09,1.51298e-09,-7.41935e-09,-7.06243e-10
296.306,381,7.55373e-09,1.34142e-09,-7.40001e-09,-7.06597e-10
297.172,380.5,7.50646e-09,1.16948e-09,-7.38103e-09,-7.06804e-10
298.038,380,7.46319e-09,9.97165e-10,-7.36242e-09,-7.06864e-10
298.905,379.5,7.42402e-09,8.24474e-10,-7.34417e-09,-7.06777e-10
299.771,379,7.38904e-09,6.51406e-10,-7.32628e-09,-7.06544e-10
300.637,378.5,7.35833e-09,4.77962e-10,-7.30875e-09,-7.06164e-10
301.503,378,7.49641e-09,4.97637e-10,-7.44635e-09,-7.07358e-10
302.369,377.5,7.66845e-09,5.55643e-10,-7.61533e-09,-7.09312e-10
303.235,377,7.73212e-09,6.21131e-10,-7.6747e-09,-7.06228e-10
304.101,376.5,7.74631e-09,6.90699e-10,-7.68352e-09,-7.013e-10
304.967,376,7.76048e-09,7.60898e-10,-7.69156e-09,-6.97065e-10
305.833,375.5,7.77463e-09,8.31729e-10,-7.69884e-09,-6.93521e-10
306.699,375,7.78879e-09,9.03192e-10,-7.70535e-09,-6.90669e-10
307.565,374.5,7.80296e-09,9.75286e-10,-7.71109e-09,-6.8851e-10
308.431,374,7.81717e-09,1.04801e-09,-7.71607e-09,-6.87043e-10
309.297,373.5,7.83142e-09,1.12137e-09,-7.72028e-09,-6.86267e-10
310.163,373,7.84574e-09,1.19536e-09,-7.72372e-09,-6.86184e-10
311.029,372.5,7.86014e-09,1.26998e-09,-7.7264e-09,-6.86793e-10
311.895,372,7.82732e-09,1.32946e-09,-7.68298e-09,-6.86516e-10
312.761,371.5,7.60898e-09,1.32787e-09,-7.46129e-09,-6.79983e-10
313.627,371,7.39021e-09,1.32708e-09,-7.23887e-09,-6.72869e-10
314.493,370.5,7.17105e-09,1.32707e-09,-7.01572e-09,-6.65174e-10
315.359,370,6.95153e-09,1.32785e-09,-6.79184e-09,-6.56896e-10
316.225,369.5,6.73169e-09,1.32942e-09,-6.56722e-09,-6.48037e-10
317.091,369,6.51159e-09,1.33178e-09,-6.34187e-09,-6.38597e-10
317.957,368.5,6.29126e-09,1.33493e-09,-6.11578e-09,-6.28575e-10
318.823,368,6.07078e-09,1.33887e-09,-5.88897e-09,-6.17972e-10
319.689,367.5,5.85022e-09,1.3436e-09,-5.66142e-09,-6.06787e-10
320.555,367,5.62967e-09,1.34912e-09,-5.43314e-09,-5.9502e-10
321.421,366.5,5.40921e-09,1.35543e-09,-5.20412e-09,-5.82672e-10
322.287,366,5.33277e-09,1.33864e-09,-5.1265e-09,-6.04522e-10
323.153,365.5,5.52716e-09,1.40274e-09,-5.30773e-09,-6.40215e-10
324.019,365,5.89876e-09,1.52947e-09,-5.65604e-09,-6.82113e-10
324.885,364.5,6.27136e-09,1.65354e-09,-6.00572e-09,-7.25989e-10
325.751,364,6.64489e-09,1.77494e-09,-6.35676e-09,-7.71843e-10
326.617,363.5,7.01932e-09,1.89367e-09,-6.70917e-09,-8.19676e-10
327.483,363,7.39461e-09,2.00973e-09,-7.06294e-09,-8.69486e-10
328.349,362.5,7.77074e-09,2.12313e-09,-7.41808e-09,-9.21276e-10
329.215,362,8.1477e-09,2.23386e-09,-7.77459e-09,-9.75043e-10
330.081,361.5,8.52549e-09,2.34192e-09,-8.13246e-09,-1.03079e-09
330.947,361,8.9041e-09,2.44731e-09,-8.49169e-09,-1.08851e-09
331.813,360.5,9.28354e-09,2.55004e-09,-8.85229e-09,-1.14822e-09
332.679,360,9.66382e-09,2.6501e-09,-9.21426e-09,-1.2099e-09
333.546,359.5,1.00449e-08,2.74749e-09,-9.57759e-09,-1.27356e-09
334.412,359,9.93246e-09,2.68421e-09,-9.47354e-09,-1.30414e-09
335.278,358.5,9.79405e-09,2.61253e-09,-9.34455e-09,-1.3332e-09
336.144,358,9.65894e-09,2.54186e-09,-9.2183e-09,-1.36275e-09
337.01,357.5,9.52716e-09,2.47221e-09,-9.09478e-09,-1.3928e-09
337.876,357,9.39871e-09,2.40358e-09,-8.974e-09,-1.42335e-09
338.742,356.5,9.27362e-09,2.33596e-09,-8.85596e-09,-1.4544e-09
339.608,356,9.15189e-09,2.26935e-09,-8.74066e-09,-1.48594e-09
340.474,355.5,9.03354e-09,2.20376e-09,-8.62809e-09,-1.51798e-09
341.34,355,8.82088e-09,2.20424e-09,-8.40763e-09,-1.50367e-09
342.206,354.5,8.6006e-09,2.21011e-09,-8.17785e-09,-1.48606e-09
343.072,354,8.37915e-09,2.21705e-09,-7.946e-09,-1.46827e-09
343.938,353.5,8.15661e-09,2.22504e-09,-7.71208e-09,-1.45029e-09
344.804,353,7.97504e-09,2.24479e-09,-7.5134e-09,-1.45295e-09
345.67,352.5,7.8834e-09,2.28804e-09,-7.39323e-09,-1.50105e-09
346.536,352,7.79016e-09,2.33101e-09,-7.26995e-09,-1.54941e-09
347.402,351.5,7.69539e-09,2.37372e-09,-7.14358e-09,-1.59804e-09
348.268,351,7.59921e-09,2.41616e-09,-7.01411e-09,-1.64693e-09
349.134,350.5,7.50171e-09,2.45833e-09,-6.88154e-09,-1.69609e-09
350,350,7.40302e-09,2.50024e-09,-6.74587e-09,-1.74552e-09
350.866,349.5,7.30326e-09,2.54187e-09,-6.60709e-09,-1.79521e-09
351.732,349,7.20256e-09,2.58324e-09,-6.46522e-09,-1.84517e-09
352.598,348.5,7.10107e-09,2.62434e-09,-6.32025e-09,-1.89539e-09
353.464,348,6.99895e-09,2.66517e-09,-6.17218e-09,-1.94588e-09
354.33,347.5,6.89638e-09,2.70573e-09,-6.021e-09,-1.99664e-09
355.196,347,6.79353e-09,2.74603e-09,-5.86673e-09,-2.04766e-09
356.062,346.5,6.62877e-09,2.82972e-09,-5.63247e-09,-2.05146e-09
356.928,346,6.43952e-09,2.9313e-09,-5.361e-09,-2.03335e-09
357.794,345.5,6.25539e-09,3.03035e-09,-5.08786e-09,-2.01508e-09
358.66,345,6.07695e-09,3.12687e-09,-4.81305e-09,-1.99663e-09
359.526,344.5,5.90906e-09,3.21712e-09,-4.54598e-09,-1.97514e-09
360.392,344,5.80978e-09,3.25004e-09,-4.42086e-09,-1.90966e-09
361.258,343.5,5.714e-09,3.28291e-09,-4.29841e-09,-1.84282e-09
362.124,343,5.62179e-09,3.31573e-09,-4.17866e-09,-1.77464e-09
362.99,342.5,5.5332e-09,3.3485e-09,-4.06159e-09,-1.7051e-09
363.856,342,5.44828e-09,3.38123e-09,-3.9472e-09,-1.63421e-09
364.722,341.5,5.36708e-09,3.41391e-09,-3.8355e-09,-1.56196e-09
365.588,341,5.28967e-09,3.44655e-09,-3.72648e-09,-1.48837e-09
366.454,340.5,5.22744e-09,3.46809e-09,-3.64602e-09,-1.41599e-09
367.321,340,5.37412e-09,3.30378e-09,-4.00554e-09,-1.38631e-09
368.187,339.5,5.54692e-09,3.14204e-09,-4.36535e-09,-1.3563e-09
369.053,339,5.74331e-09,2.98287e-09,-4.72546e-09,-1.32596e-09
369.919,338.5,5.96083e-09,2.82627e-09,-5.08586e-09,-1.29529e-09
370.785,338,6.19711e-09,2.67225e-09,-5.44654e-09,-1.26429e-09
371.651,337.5,6.44996e-09,2.5208e-09,-5.80752e-09,-1.23296e-09
372.517,337,6.71737e-09,2.37192e-09,-6.16879e-09,-1.20131e-09
373.383,336.5,6.99758e-09,2.22562e-09,-6.53035e-09,-1.16932e-09
374.249,336,7.28899e-09,2.08188e-09,-6.8922e-09,-1.137e-09
375.115,335.5,7.59022e-09,1.94072e-09,-7.25434e-09,-1.10435e-09
375.981,335,7.90005e-09,1.80214e-09,-7.61677e-09,-1.07137e-09
376.847,334.5,8.21741e-09,1.66612e-09,-7.97949e-09,-1.03806e-09
377.713,334,8.40172e-09,1.56614e-09,-8.19458e-09,-9.92475e-10
378.579,333.5,8.35372e-09,1.51607e-09,-8.16044e-09,-9.45168e-10
379.445,333,8.10203e-09,1.48219e-09,-7.90716e-09,-9.60687e-10
380.311,332.5,7.84982e-09,1.44731e-09,-7.65315e-09,-9.76808e-10
381.177,332,7.5971e-09,1.41141e-09,-7.39843e-09,-9.93532e-10
382.043,331.5,7.34394e-09,1.3745e-09,-7.14299e-09,-1.01086e-09
382.909,331,7.09037e-09,1.33658e-09,-6.88683e-09,-1.02879e-09
383.775,330.5,6.83645e-09,1.29765e-09,-6.62996e-09,-1.04732e-09
384.641,330,6.58226e-09,1.2577e-09,-6.37236e-09,-1.06645e-09
385.507,329.5,6.32786e-09,1.21675e-09,-6.11404e-09,-1.08619e-09
386.373,329,6.07336e-09,1.17479e-09,-5.85501e-09,-1.10652e-09
387.239,328.5,5.81886e-09,1.13182e-09,-5.59526e-09,-1.12746e-09
388.105,328,5.56449e-09,1.08783e-09,-5.33479e-09,-1.14901e-09
388.971,327.5,5.47017e-09,1.02561e-09,-5.24158e-09,-1.18182e-09
389.837,327,5.4166e-09,9.58382e-10,-5.19042e-09,-1.21678e-09
390.703,326.5,5.36298e-09,8.90606e-10,-5.13841e-09,-1.25105e-09
391.569,326,5.30934e-09,8.22279e-10,-5.08554e-09,-1.28462e-09
392.435,325.5,5.25572e-09,7.534e-10,-5.03181e-09,-1.31749e-09
393.301,325,5.20214e-09,6.83969e-10,-4.97723e-09,-1.34967e-09
394.167,324.5,5.14865e-09,6.13987e-10,-4.9218e-09,-1.38115e-09
395.033,324,5.09529e-09,5.43453e-10,-4.8655e-09,-1.41193e-09
395.899,323.5,5.0421e-09,4.72367e-10,-4.80836e-09,-1.44202e-09
396.765,323,4.98913e-09,4.0073e-10,-4.75035e-09,-1.4714e-09
397.631,322.5,5.00431e-09,3.26426e-10,-4.76981e-09,-1.47835e-09
398.497,322,5.1712e-09,2.47686e-10,-4.96134e-09,-1.43701e-09
399.363,321.5,5.31582e-09,2.08366e-10,-5.12545e-09,-1.39439e-09
400.229,321,5.33792e-09,3.62889e-10,-5.15245e-09,-1.34682e-09
401.095,320.5,5.36527e-09,5.17701e-10,-5.17974e-09,-1.29937e-09
401.962,320,5.3978e-09,6.72802e-10,-5.20731e-09,-1.25202e-09
402.828,319.5,5.43546e-09,8.28193e-10,-5.23516e-09,-1.20478e-09
403.694,319,5.47817e-09,9.83873e-10,-5.26329e-09,-1.15765e-09
404.56,318.5,5.52583e-09,1.13984e-09,-5.2917e-09,-1.11063e-09
405.426,318,5.57835e-09,1.2961e-09,-5.32039e-09,-1.06372e-09
406.292,317.5,5.63561e-09,1.45265e-09,-5.34937e-09,-1.01691e-09
407.158,317,5.69749e-09,1.60949e-09,-5.37863e-09,-9.70217e-10
408.024,316.5,5.76388e-09,1.76661e-09,-5.40817e-09,-9.23631e-10
408.89,316,5.83464e-09,1.92403e-09,-5.43799e-09,-8.77153e-10
409.756,315.5,5.90964e-09,2.08173e-09,-5.46809e-09,-8.30785e-10
410.622,315,6.06277e-09,2.15912e-09,-5.61037e-09,-7.86871e-10
411.488,314.5,6.282e-09,2.16751e-09,-5.84897e-09,-7.45015e-10
412.354,314,6.50301e-09,2.17628e-09,-6.08757e-09,-7.03176e-10
413.22,313.5,6.7256e-09,2.18542e-09,-6.32616e-09,-6.61353e-10
414.086,313,6.94964e-09,2.19495e-09,-6.56475e-09,-6.19547e-10
414.952,312.5,7.17499e-09,2.20485e-09,-6.80333e-09,-5.77757e-10
415.818,312,7.40152e-09,2.21513e-09,-7.04191e-09,-5.35984e-10
416.684,311.5,7.57133e-09,2.22561e-09,-7.21806e-09,-5.20863e-10
417.55,311,7.66706e-09,2.23576e-09,-7.31395e-09,-5.39801e-10
418.416,310.5,7.76277e-09,2.24562e-09,-7.40985e-09,-5.58471e-10
419.282,310,7.85843e-09,2.2552e-09,-7.50574e-09,-5.76873e-10
420.148,309.5,7.95405e-09,2.26449e-09,-7.60165e-09,-5.95007e-10
421.014,309,8.04964e-09,2.27349e-09,-7.69755e-09,-6.12872e-10
421.88,308.5,7.94321e-09,2.23616e-09,-7.596e-09,-6.28541e-10
422.746,308,7.81652e-09,2.19401e-09,-7.47459e-09,-6.44028e-10
423.612,307.5,7.69003e-09,2.15172e-09,-7.35335e-09,-6.59542e-10
424.478,307,7.56375e-09,2.10929e-09,-7.23226e-09,-6.75085e-10
425.344,306.5,7.43769e-09,2.06672e-09,-7.11132e-09,-6.90656e-10
426.21,306,7.31185e-09,2.02401e-09,-6.99055e-09,-7.06255e-10
427.076,305.5,7.18624e-09,1.98116e-09,-6.86993e-09,-7.21882e-10
427.942,305,7.06087e-09,1.93817e-09,-6.74947e-09,-7.37537e-10
428.808,304.5,6.93574e-09,1.89504e-09,-6.62917e-09,-7.53219e-10
429.674,304,6.81086e-09,1.85177e-09,-6.50903e-09,-7.6893e-10
430.54,303.5,6.68624e-09,1.80835e-09,-6.38904e-09,-7.84669e-10
431.406,303,6.56188e-09,1.7648e-09,-6.26922e-09,-8.00435e-10
432.272,302.5,6.42875e-09,1.71547e-09,-6.14165e-09,-8.16158e-10
433.138,302,6.27262e-09,1.65139e-09,-5.99393e-09,-8.31576e-10
434.004,301.5,6.11711e-09,1.58713e-09,-5.84662e-09,-8.46794e-10
434.87,301,5.96224e-09,1.5227e-09,-5.69973e-09,-8.61813e-10
435.737,300.5,5.86364e-09,1.45962e-09,-5.62072e-09,-8.11963e-10
436.603,300,5.80996e-09,1.39777e-09,-5.59422e-09,-7.11742e-10
437.469,299.5,5.75827e-09,1.33605e-09,-5.56765e-09,-6.11482e-10
438.335,299,5.70861e-09,1.27444e-09,-5.54101e-09,-5.11184e-10
439.201,298.5,5.66105e-09,1.21296e-09,-5.51429e-09,-4.10847e-10
440.067,298,5.61563e-09,1.15159e-09,-5.48751e-09,-3.10471e-10
440.933,297.5,5.57241e-09,1.09035e-09,-5.46065e-09,-2.10057e-10
441.799,297,5.53143e-09,1.02922e-09,-5.43373e-09,-1.09605e-10
442.665,296.5,5.49275e-09,9.68222e-10,-5.40673e-09,-9.11354e-12
443.531,296,5.49318e-09,9.81715e-10,-5.40398e-09,9.06835e-11
444.397,295.5,5.5157e-09,1.03561e-09,-5.41428e-09,1.89943e-10
445.263,295,5.54036e-09,1.08967e-09,-5.42445e-09,2.89022e-10
446.129,294.5,5.56712e-09,1.14391e-09,-5.4345e-09,3.8792e-10
446.995,294,5.59595e-09,1.19832e-09,-5.44444e-09,4.86639e-10
447.861,293.5,5.62681e-09,1.2529e-09,-5.45425e-09,5.85178e-10
448.727,293,5.65967e-09,1.30766e-09,-5.46394e-09,6.83536e-10
449.593,292.5,5.69448e-09,1.36258e-09,-5.47352e-09,7.81715e-10
450.459,292,5.7312e-09,1.41768e-09,-5.48297e-09,8.79713e-10
451.325,291.5,5.7698e-09,1.47296e-09,-5.4923e-09,9.77531e-10
452.191,291,5.81022e-09,1.5284e-09,-5.50152e-09,1.07517e-09
453.057,290.5,5.85244e-09,1.58402e-09,-5.51061e-09,1.17263e-09
453.923,290,5.897e-09,1.63601e-09,-5.52136e-09,1.2699e-09
454.789,289.5,5.86997e-09,1.49372e-09,-5.52884e-09,1.28734e-09
455.655,289,5.79826e-09,1.35021e-09,-5.4943e-09,1.26865e-09
456.521,288.5,5.72968e-09,1.20666e-09,-5.4599e-09,1.25004e-09
457.387,288,5.66432e-09,1.06307e-09,-5.42565e-09,1.23152e-09
458.253,287.5,5.6023e-09,9.19441e-10,-5.39155e-09,1.21308e-09
459.119,287,5.54374e-09,7.75767e-10,-5.3576e-09,1.19473e-09
459.985,286.5,5.48875e-09,6.3205e-10,-5.32379e-09,1.17647e-09
460.851,286,5.43743e-09,4.88291e-10,-5.29014e-09,1.15829e-09
461.717,285.5,5.38988e-09,3.4449e-10,-5.25663e-09,1.1402e-09
462.583,285,5.34622e-09,2.00647e-10,-5.22326e-09,1.12219e-09
463.449,284.5,5.30652e-09,5.67621e-11,-5.19005e-09,1.10427e-09
464.315,284,5.2709e-09,-8.7165e-11,-5.15698e-09,1.08643e-09
465.181,283.5,5.23859e-09,-2.22571e-10,-5.12359e-09,1.06873e-09
466.047,283,5.20846e-09,-3.44726e-10,-5.08961e-09,1.05123e-09
466.913,282.5,5.18148e-09,-4.67076e-10,-5.05577e-09,1.03383e-09
467.779,282,5.15773e-09,-5.89622e-10,-5.02207e-09,1.01654e-09
468.645,281.5,5.13726e-09,-7.12363e-10,-4.98851e-09,9.99353e-10
469.512,281,5.12011e-09,-8.353e-10,-4.95509e-09,9.82278e-10
470.378,280.5,5.10633e-09,-9.58433e-10,-4.92181e-09,9.65311e-10
471.244,280,5.09597e-09,-1.08176e-09,-4.88867e-09,9.48452e-10
472.11,279.5,5.08904e-09,-1.20529e-09,-4.85567e-09,9.31701e-10
472.976,279,5.08558e-09,-1.329e-09,-4.82282e-09,9.15058e-10
473.842,278.5,5.1701e-09,-1.44953e-09,-4.87831e-09,9.11556e-10
474.708,278,5.27593e-09,-1.56927e-09,-4.95408e-09,9.10964e-10
475.574,277.5,5.38328e-09,-1.689e-09,-5.02975e-09,9.10253e-10
476.44,277,5.52784e-09,-1.73755e-09,-5.16805e-09,9.10627e-10
477.306,276.5,5.68397e-09,-1.76366e-09,-5.32605e-09,9.11192e-10
478.172,276,5.84024e-09,-1.78977e-09,-5.48399e-09,9.11557e-10
479.038,275.5,5.99661e-09,-1.81588e-09,-5.64187e-09,9.11723e-10
