x,v,vx,vy,vz
0,0.362581,-0.362581,0.000146804,0.000182606
2,0.362693,-0.362693,0.000110524,0.000177778
4,0.362801,-0.362801,6.92847e-05,0.000173028
6,0.362897,-0.362897,4.65524e-05,0.000168382
8,0.362985,-0.362985,2.91032e-05,0.000163876
10,0.363067,-0.363067,-7.00439e-06,0.000159586
12,0.36314,-0.36314,-8.80608e-05,0.000155635
14,0.363197,-0.363197,-0.00024303,0.000152176
16,0.363193,-0.363193,-0.000476485,0.000150052
18,0.363168,-0.363167,-0.000772272,0.000150155
20,0.363103,-0.363101,-0.0011645,0.000153859
22,0.363,-0.362996,-0.00165636,0.000162706
24,0.362887,-0.36288,-0.00221416,0.000179249
26,0.362591,-0.362584,-0.00230378,0.000202625
28,0.362235,-0.36223,-0.00192841,0.000205429
30,0.361846,-0.361843,-0.00144791,0.000199987
32,0.361455,-0.361453,-0.00114276,0.000197608
34,0.361125,-0.361124,-0.000916849,0.000194623
36,0.360828,-0.360827,-0.000751976,0.000191895
38,0.360569,-0.360568,-0.000611079,0.000189317
40,0.360346,-0.360346,-0.000493805,0.00018686
42,0.360155,-0.360155,-0.000406272,0.000184509
44,0.359997,-0.359997,-0.000329327,0.000182263
46,0.359861,-0.359861,-0.000275187,0.00018012
48,0.35974,-0.35974,-0.000233153,0.000178094
50,0.35963,-0.35963,-0.000199995,0.000176184
52,0.359532,-0.359532,-0.00017734,0.000174381
54,0.359442,-0.359442,-0.00015546,0.000172679
56,0.359365,-0.359365,-0.000136672,0.000171068
58,0.359297,-0.359297,-0.000120714,0.000169561
60,0.359238,-0.359237,-0.000107371,0.000168161
62,0.359185,-0.359185,-9.71199e-05,0.00016687
64,0.359137,-0.359137,-8.38929e-05,0.000165669
66,0.359095,-0.359095,-7.33691e-05,0.000164552
68,0.359056,-0.359056,-6.59751e-05,0.000163529
70,0.359019,-0.359019,-6.11303e-05,0.000162608
72,0.358984,-0.358984,-5.81707e-05,0.000161803
74,0.35895,-0.358949,-5.42357e-05,0.00016108
76,0.358918,-0.358918,-5.02578e-05,0.00016044
78,0.358889,-0.358889,-4.67826e-05,0.000159891
80,0.358862,-0.358862,-4.42419e-05,0.000159439
82,0.358836,-0.358836,-4.23056e-05,0.000159104
84,0.358811,-0.358811,-3.93265e-05,0.00015884
86,0.358788,-0.358788,-3.6575e-05,0.000158652
88,0.358765,-0.358765,-3.47151e-05,0.000158546
90,0.358742,-0.358742,-3.37458e-05,0.000158542
92,0.358719,-0.358719,-3.32169e-05,0.000158658
94,0.358696,-0.358696,-3.25477e-05,0.000158861
96,0.358674,-0.358674,-3.17668e-05,0.000159153
98,0.358651,-0.358651,-3.09949e-05,0.00015953
100,0.35863,-0.35863,-3.05469e-05,0.000159989
102,0.358608,-0.358608,-3.0165e-05,0.000160504
104,0.358586,-0.358586,-2.96287e-05,0.000161088
106,0.358564,-0.358564,-2.90943e-05,0.000161754
108,0.358542,-0.358542,-2.88373e-05,0.000162515
110,0.358519,-0.358519,-2.89274e-05,0.000163397
112,0.358496,-0.358496,-2.91515e-05,0.000164382
114,0.358472,-0.358472,-2.95205e-05,0.000165454
116,0.358448,-0.358448,-2.9953e-05,0.000166606
118,0.358424,-0.358424,-3.0255e-05,0.00016784
120,0.358399,-0.358398,-3.06034e-05,0.000169197
122,0.358373,-0.358373,-3.0923e-05,0.000170654
124,0.358347,-0.358347,-3.13321e-05,0.000172201
126,0.35832,-0.35832,-3.18993e-05,0.000173829
128,0.358292,-0.358292,-3.25773e-05,0.000175549
130,0.358262,-0.358262,-3.3426e-05,0.000177378
132,0.358232,-0.358232,-3.43136e-05,0.00017931
134,0.358201,-0.358201,-3.54045e-05,0.000181339
136,0.358169,-0.358169,-3.68285e-05,0.000183461
138,0.358136,-0.358136,-3.79687e-05,0.000185692
140,0.358101,-0.358101,-3.90528e-05,0.000188033
142,0.358066,-0.358066,-4.00635e-05,0.000190482
144,0.358029,-0.358029,-4.11908e-05,0.000193036
146,0.357991,-0.357991,-4.27678e-05,0.000195685
148,0.35795,-0.35795,-4.43766e-05,0.000198451
150,0.357908,-0.357908,-4.61772e-05,0.000201314
152,0.357864,-0.357864,-4.7978e-05,0.000204285
154,0.357819,-0.357819,-4.98883e-05,0.000207364
156,0.357771,-0.357771,-5.25929e-05,0.000210544
158,0.357721,-0.357721,-5.45572e-05,0.000213823
160,0.357669,-0.357669,-5.61871e-05,0.0002172
162,0.357615,-0.357615,-5.75448e-05,0.000220694
164,0.357559,-0.357559,-5.88389e-05,0.000224315
166,0.3575,-0.3575,-6.12147e-05,0.000228062
168,0.357437,-0.357437,-6.38256e-05,0.000231891
170,0.357371,-0.357371,-6.68212e-05,0.0002358
172,0.357302,-0.357302,-7.00264e-05,0.000239797
174,0.35723,-0.357229,-7.32183e-05,0.000243889
176,0.357153,-0.357153,-7.85027e-05,0.000248105
178,0.357072,-0.357072,-8.21778e-05,0.000252392
180,0.356989,-0.356988,-8.51678e-05,0.00025677
182,0.356901,-0.356901,-8.7739e-05,0.000261246
184,0.35681,-0.35681,-8.95688e-05,0.000265812
186,0.356713,-0.356713,-9.33705e-05,0.000270476
188,0.35661,-0.35661,-9.8037e-05,0.00027517
190,0.356499,-0.356499,-0.000104136,0.000279947
192,0.356382,-0.356381,-0.000111591,0.000284838
194,0.356258,-0.356258,-0.000118269,0.000289821
196,0.356126,-0.356126,-0.000128619,0.000294912
198,0.355988,-0.355988,-0.000135131,0.000300044
200,0.355844,-0.355844,-0.000137919,0.00030519
202,0.355695,-0.355695,-0.0001386,0.000310333
204,0.355537,-0.355537,-0.000136145,0.000315495
206,0.355368,-0.355368,-0.000142825,0.000320858
208,0.355186,-0.355185,-0.000154062,0.000326311
210,0.354987,-0.354987,-0.000170023,0.00033197
212,0.35477,-0.354769,-0.000193526,0.00033811
214,0.354539,-0.354539,-0.000211617,0.000343612
216,0.354293,-0.354293,-0.000250231,0.000348674
218,0.354022,-0.354022,-0.000292171,0.000353259
220,0.353725,-0.353724,-0.000318149,0.000357048
222,0.353411,-0.35341,-0.000297635,0.000358989
224,0.353095,-0.353095,-0.000300527,0.000360682
226,0.352746,-0.352746,-0.000345636,0.000363471
228,0.35236,-0.352359,-0.000415776,0.000367241
230,0.351924,-0.351924,-0.00051592,0.00037208
232,0.351334,-0.351333,-0.000822536,0.00038075
234,0.350513,-0.350511,-0.00105529,0.000385256
236,0.349485,-0.349483,-0.0012722,0.000381974
238,0.34825,-0.348247,-0.00144165,0.000367948
240,0.346811,-0.346808,-0.00149791,0.0003405
242,0.345241,-0.345238,-0.00140232,0.000291291
244,0.343539,-0.343536,-0.0014387,0.000227219
246,0.341693,-0.34169,-0.00135871,0.000147983
248,0.339744,-0.339742,-0.00110684,5.44388e-05
250,0.337811,-0.33781,-0.000828639,-5.12062e-05
252,0.335611,-0.335606,-0.00176149,-0.000166956
254,0.332699,-0.332688,-0.00279192,-0.000302279
256,0.329285,-0.32927,-0.00314116,-0.000466206
258,0.325797,-0.325788,-0.00237891,-0.000662414
260,0.323403,-0.323401,-0.000918301,-0.000883711
262,0.321881,-0.321878,-0.000855672,-0.00108342
264,0.320246,-0.320242,-0.00108662,-0.001287
266,0.318497,-0.318492,-0.000857973,-0.00149511
268,0.316901,-0.316896,0.000381057,-0.00170108
270,0.316254,-0.316246,0.00126597,-0.00187771
272,0.315822,-0.315815,0.000675002,-0.00209333
274,0.315097,-0.315088,-4.0314e-05,-0.00236554
276,0.314106,-0.314095,-0.000197174,-0.00269777
278,0.313266,-0.31325,0.000596539,-0.0030823
280,0.31329,-0.313269,0.000695656,-0.00357698
282,0.313542,-0.313511,-0.000465923,-0.0043734
284,0.313791,-0.31373,-0.00278001,-0.00551775
286,0.313888,-0.313745,-0.00627908,-0.0070854
288,0.313776,-0.313427,-0.011497,-0.00930032
290,0.311898,-0.311099,-0.0184539,-0.0125288
292,0.309549,-0.307816,-0.0277607,-0.0173031
294,0.304675,-0.301188,-0.0393465,-0.0237638
296,0.295701,-0.289414,-0.0519469,-0.0313091
298,0.284334,-0.27622,-0.0575132,-0.0352197
300,0.271598,-0.265573,-0.0457847,-0.033773
302,0.271869,-0.265706,-0.0424819,-0.0388371
304,0.285929,-0.276286,-0.0541002,-0.0499459
306,0.309089,-0.292504,-0.0790559,-0.0610556
308,0.320547,-0.298977,-0.0967442,-0.0632753
310,0.344982,-0.305958,-0.128769,-0.0939185
312,0.329906,-0.26643,-0.137745,-0.137402
314,0.278271,-0.180519,-0.103181,-0.184935
316,0.258174,-0.108266,-0.0178229,-0.233698
318,0.120435,0.00699894,-0.0220285,-0.118196
320,0.276986,0.217362,-0.146913,-0.0888338
322,0.481863,0.396959,-0.210584,-0.173984
324,0.5359,0.429535,-0.0776902,-0.31089
326,0.342067,0.23288,0.210156,-0.136423
328,0.350836,-0.0650374,0.344076,0.0216165
330,0.388062,-0.240925,0.301444,-0.0409706
332,0.404845,-0.318349,0.174097,-0.179565
334,0.424865,-0.379092,0.0872542,-0.170838
336,0.381252,-0.331981,0.0268322,-0.18553
338,0.372402,-0.336313,0.0108817,-0.159557
340,0.361274,-0.334634,0.0059959,-0.136027
342,0.342616,-0.314928,0.0156422,-0.134021
344,0.342396,-0.31681,0.011943,-0.129321
346,0.350994,-0.326162,3.13083e-05,-0.129672
348,0.358925,-0.3341,-0.0101284,-0.130775
350,0.353815,-0.32439,0.00156665,-0.141258
352,0.422481,-0.386924,0.0150351,-0.168979
354,0.402943,-0.369539,0.0174086,-0.15969
356,0.399312,-0.367894,0.0156948,-0.154459
358,0.411267,-0.374253,0.0123282,-0.170067
360,0.438688,-0.390704,0.00596299,-0.199405
362,0.47629,-0.417839,-0.0041025,-0.228574
364,0.492597,-0.438286,-0.0106238,-0.224598
366,0.526257,-0.48041,-0.0132904,-0.214421
368,0.553167,-0.515304,-0.0191004,-0.200228
370,0.56869,-0.541033,-0.0194419,-0.174109
372,0.581024,-0.56778,0.00213626,-0.123332
374,0.585865,-0.580576,0.0189989,-0.0762155
376,0.586623,-0.585876,0.00990844,-0.02789
378,0.582477,-0.582182,-0.0104626,0.0152764
380,0.571944,-0.568835,-0.027794,0.0526683
382,0.553724,-0.545601,-0.0232303,0.0915981
384,0.527293,-0.514434,-0.00889583,0.115396
386,0.503745,-0.485736,0.00374261,0.133439
388,0.48172,-0.459704,0.00921666,0.143672
390,0.45959,-0.435981,0.00601115,0.145281
392,0.440508,-0.416067,0.00567621,0.144579
394,0.422239,-0.398142,0.00760117,0.140396
396,0.406884,-0.383873,0.00974689,0.13454
398,0.394296,-0.372931,0.0110808,0.12755
400,0.383587,-0.364253,0.0108786,0.119751
402,0.375199,-0.358112,0.010082,0.111483
404,0.368259,-0.353242,0.00907869,0.103693
406,0.362252,-0.349135,0.00808939,0.0962608
408,0.356968,-0.34558,0.00728709,0.0891497
410,0.352379,-0.342547,0.00685541,0.0823728
412,0.348964,-0.340631,0.00663057,0.0755151
414,0.346403,-0.339425,0.0059152,0.0689228
416,0.344353,-0.338561,0.00497138,0.0626931
418,0.342628,-0.337834,0.00417803,0.0569606
420,0.341478,-0.337452,0.00427643,0.052107
422,0.341349,-0.337941,0.0045399,0.0479051
424,0.341751,-0.338896,0.00423314,0.0438765
426,0.34222,-0.33986,0.00341862,0.0399741
428,0.342326,-0.340393,0.00238024,0.0362528
430,0.342035,-0.340421,0.00190728,0.0331334
432,0.341937,-0.340575,0.00190837,0.0304282
434,0.342081,-0.340927,0.001944,0.0280107
436,0.342431,-0.341452,0.00186652,0.025814
438,0.342885,-0.342056,0.00165375,0.0237751
440,0.343499,-0.342788,0.00159798,0.022034
442,0.34416,-0.343551,0.00148809,0.0204105
444,0.344823,-0.344302,0.00136394,0.0189082
446,0.345463,-0.345016,0.00125045,0.0175223
448,0.346076,-0.345692,0.00115654,0.0162433
450,0.346621,-0.346292,0.00100809,0.0150754
452,0.34712,-0.346836,0.00091123,0.0140056
454,0.347594,-0.347349,0.000850232,0.013028
456,0.348065,-0.347853,0.000801058,0.012134
458,0.348534,-0.348349,0.000759523,0.0113243
460,0.349003,-0.348842,0.000702022,0.0105825
462,0.349451,-0.349311,0.00064176,0.00989357
464,0.349876,-0.349753,0.000589012,0.00925665
466,0.350281,-0.350173,0.000553223,0.00867183
468,0.350673,-0.350578,0.00052646,0.00814211
470,0.35105,-0.350967,0.00048608,0.00764635
472,0.351406,-0.351332,0.000446131,0.0071827
474,0.351739,-0.351674,0.000413098,0.00675148
476,0.352053,-0.351996,0.000388274,0.00635515
478,0.352354,-0.352303,0.000369411,0.00599421
480,0.352645,-0.352599,0.000342604,0.00565416
482,0.35292,-0.35288,0.000314614,0.005335
484,0.353181,-0.353144,0.000291407,0.00503706
486,0.353427,-0.353395,0.000276278,0.00476409
488,0.353665,-0.353636,0.000264955,0.0045123
490,0.353895,-0.353869,0.000250061,0.00427424
492,0.354115,-0.354092,0.000233188,0.00404936
494,0.354322,-0.354301,0.000217692,0.00383793
496,0.354515,-0.354497,0.000205935,0.0036447
498,0.354701,-0.354684,0.000195971,0.0034644
500,0.354879,-0.354864,0.000183649,0.00329357
502,0.355049,-0.355036,0.000169743,0.00313161
504,0.35521,-0.355198,0.00015807,0.00297892
506,0.355362,-0.355351,0.000150587,0.00283954
508,0.355509,-0.355499,0.000144567,0.00270806
510,0.355652,-0.355642,0.000137797,0.00258315
512,0.355789,-0.35578,0.000129607,0.00246409
514,0.355918,-0.35591,0.000121862,0.00235187
516,0.356039,-0.356032,0.000115801,0.00224825
518,0.356156,-0.356149,0.000110536,0.00215034
520,0.356268,-0.356262,0.000104643,0.00205722
522,0.356376,-0.35637,9.73491e-05,0.00196822
524,0.356477,-0.356472,9.15419e-05,0.00188466
526,0.356575,-0.35657,8.75574e-05,0.00180665
528,0.356669,-0.356665,8.44608e-05,0.00173273
530,0.356761,-0.356757,8.13933e-05,0.00166224
532,0.35685,-0.356847,7.74522e-05,0.00159456
534,0.356934,-0.356931,7.3476e-05,0.00153095
536,0.357014,-0.357011,7.00148e-05,0.00147101
538,0.357091,-0.357088,6.69433e-05,0.00141416
540,0.357166,-0.357163,6.38065e-05,0.00135993
542,0.357238,-0.357235,5.96306e-05,0.00130791
544,0.357306,-0.357304,5.65874e-05,0.00125897
546,0.357373,-0.357371,5.45141e-05,0.00121258
548,0.357438,-0.357437,5.30401e-05,0.00116849
550,0.357502,-0.357501,5.178e-05,0.00112634
552,0.357565,-0.357563,5.03027e-05,0.0010859
554,0.357624,-0.357623,4.80209e-05,0.00104747
556,0.357682,-0.35768,4.54192e-05,0.00101096
558,0.357737,-0.357736,4.26895e-05,0.000976248
560,0.357791,-0.35779,3.99277e-05,0.000943074
562,0.357844,-0.357843,3.65714e-05,0.00091127
564,0.357896,-0.357895,3.5208e-05,0.000880852
566,0.357949,-0.357948,3.55409e-05,0.000851924
568,0.358002,-0.358001,3.72632e-05,0.000824456
570,0.358055,-0.358054,3.99183e-05,0.000798257
572,0.358108,-0.358108,4.46504e-05,0.000773066
574,0.358161,-0.358161,4.61857e-05,0.00074878
576,0.358213,-0.358212,4.51309e-05,0.000725604
578,0.358262,-0.358262,4.2726e-05,0.000703598
580,0.358311,-0.358311,4.15999e-05,0.000682686
582,0.35836,-0.35836,4.41384e-05,0.000662544
584,0.358413,-0.358412,4.98017e-05,0.00064314
586,0.358468,-0.358467,5.54852e-05,0.000624574
588,0.358525,-0.358524,5.84663e-05,0.00060691
590,0.358576,-0.358576,6.01931e-05,0.000590233
592,0.358622,-0.358622,6.86363e-05,0.000574155
594,0.35866,-0.358659,6.19051e-05,0.00055859
596,0.358679,-0.358679,2.76241e-05,0.000543584
598,0.35867,-0.35867,-4.26504e-05,0.000529211
600,0.358598,-0.358598,-0.000135518,0.000515679
602,0.358491,-0.358491,-0.000243986,0.000502715
604,0.358363,-0.358362,-0.000410172,0.000490356
606,0.358221,-0.35822,-0.000649569,0.000478596
608,0.358067,-0.358066,-0.000952439,0.000467394
610,0.357919,-0.357917,-0.00115466,0.000456452
612,0.357783,-0.357781,-0.00106101,0.000445044
614,0.357743,-0.357742,-0.000650952,0.000432601
616,0.357831,-0.357831,6.55806e-05,0.000418119
618,0.357892,-0.35789,0.00107937,0.000398248
620,0.358028,-0.35802,0.00243377,0.000370319
622,0.358137,-0.358118,0.00372608,0.00033447
624,0.358483,-0.358458,0.00424006,0.000292217
626,0.359331,-0.359316,0.00331638,0.000248744
628,0.359685,-0.359678,0.00221221,0.000246905
630,0.360256,-0.360252,0.00169806,0.000240947
632,0.360705,-0.360703,0.0013165,0.000234225
634,0.361013,-0.361012,0.000975996,0.000227802
636,0.361393,-0.361392,0.000820849,0.000221387
638,0.361637,-0.361637,0.000607244,0.000215321
640,0.361864,-0.361864,0.000465933,0.000209429
642,0.362055,-0.362054,0.00036286,0.000203682
644,0.362206,-0.362205,0.000278711,0.000198073
646,0.362346,-0.362346,0.000232589,0.000192662
648,0.362467,-0.362467,0.000184818,0.000187551
