x,v,vx,vy,vz
220.096,425,0.000365935,0.000194395,-1.04455e-05,-0.000309854
220.962,424.5,0.000372772,0.000197423,-9.73715e-06,-0.000316051
221.828,424,0.000379703,0.000200515,-9.05637e-06,-0.000322313
222.694,423.5,0.000386726,0.000203671,-8.40313e-06,-0.00032864
223.56,423,0.000393842,0.000206891,-7.77741e-06,-0.000335033
224.426,422.5,0.000401515,0.000211266,-7.34527e-06,-0.00034136
225.292,422,0.000410844,0.000219301,-7.42054e-06,-0.00034734
226.158,421.5,0.000420415,0.000227618,-7.44786e-06,-0.000353388
227.024,421,0.000430309,0.000236085,-7.50794e-06,-0.000359685
227.89,420.5,0.000440731,0.000244128,-7.96057e-06,-0.000366855
228.756,420,0.000451313,0.000252239,-8.51795e-06,-0.000374147
229.622,419.5,0.000462052,0.000260419,-9.18008e-06,-0.000381562
230.488,419,0.000472949,0.000268668,-9.94695e-06,-0.000389101
231.355,418.5,0.000484002,0.000276985,-1.08186e-05,-0.000396762
232.221,418,0.00049521,0.000285371,-1.17949e-05,-0.000404546
233.087,417.5,0.000506574,0.000293826,-1.28761e-05,-0.000412453
233.953,417,0.000518092,0.000302349,-1.40619e-05,-0.000420483
234.819,416.5,0.000529763,0.000310941,-1.53525e-05,-0.000428636
235.685,416,0.000541693,0.000314387,-1.71799e-05,-0.000440791
236.551,415.5,0.000554155,0.000314494,-1.93108e-05,-0.00045586
237.417,415,0.000567161,0.000314575,-2.14503e-05,-0.000471438
238.283,414.5,0.000580717,0.000314631,-2.35985e-05,-0.000487527
239.149,414,0.000594827,0.000314662,-2.57553e-05,-0.000504126
240.015,413.5,0.000609492,0.000314667,-2.79208e-05,-0.000521235
240.881,413,0.000624718,0.000314646,-3.0095e-05,-0.000538855
241.747,412.5,0.000640505,0.0003146,-3.22778e-05,-0.000556984
242.613,412,0.000656856,0.000314528,-3.44693e-05,-0.000575624
243.479,411.5,0.000673771,0.000314431,-3.66694e-05,-0.000594774
244.345,411,0.000691253,0.000314308,-3.88782e-05,-0.000614434
245.211,410.5,0.000709301,0.00031416,-4.10957e-05,-0.000634604
246.077,410,0.000727273,0.00031624,-4.26394e-05,-0.000653529
246.943,409.5,0.000739617,0.000325966,-4.37186e-05,-0.000662471
247.809,409,0.00075269,0.00033705,-4.45625e-05,-0.00067153
248.675,408.5,0.000766609,0.000349451,-4.51481e-05,-0.000680835
249.541,408,0.000781402,0.000363168,-4.54753e-05,-0.000690383
250.407,407.5,0.000797094,0.000378203,-4.55441e-05,-0.000700177
251.273,407,0.000813717,0.000394556,-4.53545e-05,-0.000710215
252.139,406.5,0.000831301,0.000412225,-4.49065e-05,-0.000720497
253.005,406,0.000849879,0.000431211,-4.42001e-05,-0.000731025
253.871,405.5,0.000869481,0.000451515,-4.32353e-05,-0.000741796
254.737,405,0.00089014,0.000473135,-4.20122e-05,-0.000752813
255.603,404.5,0.000911888,0.000496073,-4.05307e-05,-0.000764074
256.469,404,0.000934756,0.000520328,-3.87907e-05,-0.00077558
257.335,403.5,0.000960306,0.000540938,-3.55451e-05,-0.000792661
258.201,403,0.000988849,0.000552811,-2.96312e-05,-0.000819357
259.067,402.5,0.00101707,0.000564691,-2.33045e-05,-0.000845583
259.933,402,0.00104496,0.000576578,-1.65651e-05,-0.00087134
260.799,401.5,0.00107253,0.000588472,-9.41303e-06,-0.000896627
261.665,401,0.00109978,0.000600374,-1.84821e-06,-0.000921445
262.531,400.5,0.0011267,0.000612282,6.12933e-06,-0.000945793
263.397,400,0.0011533,0.000624199,1.45196e-05,-0.000969671
264.263,399.5,0.00117958,0.000636122,2.33226e-05,-0.00099308
265.13,399,0.00120871,0.000641924,2.76838e-05,-0.00102379
265.996,398.5,0.00124388,0.000640396,2.56361e-05,-0.00106605
266.862,398,0.00128192,0.000639632,2.31939e-05,-0.0011107
267.728,397.5,0.00132282,0.000639631,2.03573e-05,-0.00115772
268.594,397,0.00137178,0.000663342,1.68301e-05,-0.00120061
269.46,396.5,0.00142245,0.000694528,1.25133e-05,-0.00124131
270.326,396,0.00147231,0.000723986,7.47582e-06,-0.00128198
271.192,395.5,0.00152133,0.000751716,1.71753e-06,-0.00132264
272.058,395,0.00156952,0.000777718,-4.76152e-06,-0.00136328
272.924,394.5,0.00161686,0.000801992,-1.19613e-05,-0.00140389
273.79,394,0.00166337,0.000824539,-1.98819e-05,-0.00144449
274.656,393.5,0.00170905,0.000845357,-2.85233e-05,-0.00148507
275.522,393,0.00175392,0.000864447,-3.78854e-05,-0.00152562
276.388,392.5,0.00179799,0.00088181,-4.79683e-05,-0.00156616
277.254,392,0.00184127,0.000897444,-5.87719e-05,-0.00160668
278.12,391.5,0.0018838,0.00091135,-7.02963e-05,-0.00164718
278.986,391,0.00193147,0.00092059,-8.34794e-05,-0.00169592
279.852,390.5,0.00204354,0.000901203,-0.000107435,-0.00183094
280.718,390,0.00216766,0.000883945,-0.000133568,-0.00197473
281.584,389.5,0.00230355,0.000868815,-0.000161876,-0.00212727
282.45,389,0.00245092,0.000855813,-0.00019236,-0.00228857
283.316,388.5,0.00260949,0.00084494,-0.000225021,-0.00245864
284.182,388,0.00276499,0.000881745,-0.000231765,-0.00261036
285.048,387.5,0.00290837,0.000951826,-0.000214657,-0.00273981
285.914,387,0.00304712,0.00101856,-0.000194374,-0.00286526
286.78,386.5,0.00318124,0.00108194,-0.000170918,-0.00298672
287.646,386,0.00331073,0.00114197,-0.000144287,-0.00310419
288.512,385.5,0.00343559,0.00119865,-0.000114482,-0.00321767
289.378,385,0.00355585,0.00125198,-8.15034e-05,-0.00332715
290.244,384.5,0.003643,0.00131378,-2.11264e-05,-0.00339779
291.11,384,0.00371084,0.0014049,7.15447e-05,-0.00343388
291.976,383.5,0.00380024,0.00151855,0.000168706,-0.00347956
292.842,383,0.00391235,0.00165476,0.000270359,-0.00353485
293.708,382.5,0.0040483,0.0018135,0.000376502,-0.00359975
294.574,382,0.00420911,0.00199478,0.000487135,-0.00367426
295.44,381.5,0.00439567,0.00219861,0.00060226,-0.00375837
296.306,381,0.00460871,0.00242497,0.000721874,-0.00385209
297.172,380.5,0.00484877,0.00267388,0.00084598,-0.00395541
298.038,380,0.00511626,0.00294533,0.000974576,-0.00406834
298.905,379.5,0.00541143,0.00323932,0.00110766,-0.00419088
299.771,379,0.00573439,0.00355585,0.00124524,-0.00432302
300.637,378.5,0.00608516,0.00389492,0.00138731,-0.00446477
301.503,378,0.00629532,0.00393357,0.00146276,-0.00469238
302.369,377.5,0.00646198,0.00389439,0.00152828,-0.00492497
303.235,377,0.00654305,0.00369893,0.00147406,-0.00519198
304.101,376.5,0.0066462,0.00345182,0.00134509,-0.00551793
304.967,376,0.0068197,0.00322194,0.00119354,-0.00589091
305.833,375.5,0.00706559,0.00300929,0.00101943,-0.00631091
306.699,375,0.00738478,0.00281386,0.000822746,-0.00677792
307.565,374.5,0.00777712,0.00263566,0.000603497,-0.00729196
308.431,374,0.00824165,0.00247468,0.00036168,-0.00785302
309.297,373.5,0.00877683,0.00233093,9.72949e-05,-0.00846109
310.163,373,0.00938085,0.0022044,-0.000189658,-0.00911619
311.029,372.5,0.0100518,0.0020951,-0.000499179,-0.00981831
311.895,372,0.0107536,0.0020612,-0.000726854,-0.0105291
312.761,371.5,0.011361,0.00224633,-0.000554027,-0.0111229
313.627,371,0.0119905,0.0024054,-0.000380354,-0.0117406
314.493,370.5,0.0126415,0.00253841,-0.000205836,-0.0123823
315.359,370,0.0133134,0.00264537,-3.04728e-05,-0.0130479
316.225,369.5,0.0140061,0.00272627,0.000145736,-0.0137375
317.091,369,0.0147197,0.00278111,0.00032279,-0.014451
317.957,368.5,0.0154543,0.00280989,0.00050069,-0.0151885
318.823,368,0.0162102,0.00281261,0.000679435,-0.0159499
319.689,367.5,0.0169879,0.00278928,0.000859025,-0.0167353
320.555,367,0.0177877,0.00273989,0.00103946,-0.0175446
321.421,366.5,0.0186101,0.00266443,0.00122074,-0.0183779
322.287,366,0.0196859,0.00420727,0.00188892,-0.0191381
323.153,365.5,0.0235796,0.00572702,0.00201602,-0.0227845
324.019,365,0.0292546,0.007106,0.00161228,-0.0283326
324.885,364.5,0.0347481,0.00881823,0.00115692,-0.0335907
325.751,364,0.0400652,0.0108637,0.00064992,-0.0385587
326.617,363.5,0.0452194,0.0132424,9.12964e-05,-0.0432368
327.483,363,0.0502289,0.0159544,-0.000518956,-0.0476249
328.349,362.5,0.0551149,0.0189996,-0.00118084,-0.051723
329.215,362,0.0599005,0.0223781,-0.00189435,-0.0555311
330.081,361.5,0.0646108,0.0260898,-0.00265949,-0.0590492
330.947,361,0.0692723,0.0301348,-0.00347625,-0.0622772
331.813,360.5,0.107456,0.0430623,0.00506377,-0.0983201
332.679,360,0.117523,0.04795,0.00646934,-0.107101
333.546,359.5,0.128579,0.0527796,0.00771706,-0.116992
334.412,359,0.140614,0.0575509,0.00880693,-0.127995
335.278,358.5,0.153629,0.0622642,0.00973896,-0.140108
336.144,358,0.161436,0.0689438,0.00991216,-0.145637
337.01,357.5,0.155848,0.091533,0.0132231,-0.125441
337.876,357,0.156964,0.118837,0.0183633,-0.100888
338.742,356.5,0.167842,0.147743,0.0243464,-0.0758285
339.608,356,0.187808,0.178252,0.0311724,-0.0502628
340.474,355.5,0.215282,0.210363,0.0388412,-0.0241909
341.34,355,0.248638,0.244076,0.0473528,0.0023871
342.206,354.5,0.274866,0.268393,0.0557204,0.0203004
343.072,354,0.289869,0.281637,0.0649806,0.0219565
343.938,353.5,0.306114,0.295968,0.0766502,0.0152739
344.804,353,0.327798,0.323795,0.051043,-0.00175275
345.67,352.5,0.367402,0.362232,0.0606576,-0.00963505
346.536,352,0.388511,0.372035,0.108214,-0.0286389
347.402,351.5,0.418321,0.37394,0.179736,-0.0534436
348.268,351,0.459296,0.387133,0.239818,-0.0597322
349.134,350.5,0.459753,0.375169,0.258159,-0.0630479
350,350,0.442303,0.34306,0.269534,-0.0727547
350.866,349.5,0.509717,0.332253,0.378935,-0.0763423
351.732,349,0.501579,0.312702,0.378591,-0.102311
352.598,348.5,0.43322,0.290256,0.284609,-0.149761
353.464,348,0.384934,0.265668,0.181325,-0.21146
354.33,347.5,0.39483,0.250987,0.139053,-0.27122
355.196,347,0.407908,0.261188,0.107765,-0.294205
356.062,346.5,0.412432,0.263534,0.0815069,-0.306605
356.928,346,0.410005,0.264571,0.0600734,-0.307404
357.794,345.5,0.417027,0.300646,0.0243997,-0.287973
358.66,345,0.413987,0.315317,-0.00444291,-0.268217
359.526,344.5,0.373445,0.270661,-0.0040004,-0.257269
360.392,344,0.352215,0.260705,-0.00466544,-0.236784
361.258,343.5,0.329183,0.247088,-0.00697734,-0.217394
362.124,343,0.304258,0.229811,-0.0109361,-0.199099
362.99,342.5,0.277468,0.208873,-0.0165417,-0.181898
363.856,342,0.253921,0.188228,-0.0207653,-0.169159
364.722,341.5,0.245538,0.183587,-0.014659,-0.162387
365.588,341,0.233952,0.178356,-0.00912878,-0.151127
366.454,340.5,0.221381,0.171088,-0.00437135,-0.140425
367.321,340,0.207719,0.161782,-0.000386672,-0.130282
368.187,339.5,0.192893,0.150439,0.00282525,-0.120698
369.053,339,0.109836,0.0776313,0.00794962,-0.077292
369.919,338.5,0.100207,0.0673021,0.00824453,-0.0737826
370.785,338,0.0912099,0.0577173,0.00846042,-0.0701169
371.651,337.5,0.0828121,0.048877,0.00859732,-0.0662946
372.517,337,0.0749752,0.0407811,0.0086552,-0.0623159
373.383,336.5,0.0676542,0.0334296,0.00863408,-0.0581808
374.249,336,0.0607974,0.0268225,0.00853395,-0.0538892
375.115,335.5,0.0543465,0.0209599,0.00835482,-0.0494411
375.981,335,0.0482373,0.0158417,0.00809668,-0.0448366
376.847,334.5,0.0424003,0.0114679,0.00775953,-0.0400757
377.713,334,0.0381366,0.00746982,0.0071544,-0.0367072
378.579,333.5,0.0360622,0.00424301,0.00636995,-0.0352406
379.445,333,0.033873,0.00440044,0.00586978,-0.0330691
380.311,332.5,0.031771,0.00455029,0.00536463,-0.0309825
381.177,332,0.0297569,0.00469256,0.0048545,-0.0289808
382.043,331.5,0.0278316,0.00482724,0.00433938,-0.0270641
382.909,331,0.0259962,0.00495435,0.00381929,-0.0252323
383.775,330.5,0.0242521,0.00507387,0.00329421,-0.0234855
384.641,330,0.0226009,0.00518581,0.00276415,-0.0218235
385.507,329.5,0.0210447,0.00529017,0.0022291,-0.0202466
386.373,329,0.0195858,0.00538694,0.00168908,-0.0187545
387.239,328.5,0.0182272,0.00547614,0.00114408,-0.0173474
388.105,328,0.016972,0.00555775,0.000594088,-0.0160252
388.971,327.5,0.0158297,0.00567552,0.00047258,-0.0147698
389.837,327,0.0147809,0.00580287,0.000473912,-0.0135859
390.703,326.5,0.0138232,0.00592931,0.00048936,-0.0124774
391.569,326,0.0129576,0.00605484,0.000518924,-0.0114441
392.435,325.5,0.0121845,0.00617946,0.000562605,-0.0104862
393.301,325,0.011504,0.00630318,0.000620402,-0.00960347
394.167,324.5,0.0109153,0.00642598,0.000692315,-0.00879608
395.033,324,0.0104167,0.00654787,0.000778345,-0.00806398
395.899,323.5,0.0100056,0.00666886,0.000878491,-0.00740716
396.765,323,0.00967804,0.00678893,0.000992753,-0.00682563
397.631,322.5,0.00939469,0.00679852,0.00112793,-0.00638499
398.497,322,0.0090612,0.00657056,0.00127598,-0.00610777
399.363,321.5,0.00870539,0.00630542,0.00136658,-0.00584447
400.229,321,0.0082529,0.00584094,0.00122312,-0.00570068
401.095,320.5,0.00782674,0.00539828,0.00108641,-0.00556203
401.962,320,0.00742687,0.00497745,0.000956441,-0.0054285
402.828,319.5,0.0070532,0.00457845,0.000833221,-0.00530011
403.694,319,0.00670554,0.00420128,0.000716748,-0.00517685
404.56,318.5,0.00638361,0.00384594,0.00060702,-0.00505872
405.426,318,0.00608699,0.00351243,0.000504039,-0.00494573
406.292,317.5,0.00581516,0.00320075,0.000407804,-0.00483786
407.158,317,0.00556742,0.0029109,0.000318316,-0.00473513
408.024,316.5,0.00534294,0.00264287,0.000235573,-0.00463753
408.89,316,0.00514074,0.00239668,0.000159577,-0.00454507
409.756,315.5,0.00495968,0.00217231,9.03266e-05,-0.00445773
410.622,315,0.00479052,0.00200462,8.73569e-05,-0.00435005
411.488,314.5,0.00461888,0.00187551,0.00013454,-0.00421882
412.354,314,0.00444704,0.00175103,0.000178307,-0.0040839
413.22,313.5,0.00427482,0.00163117,0.00021866,-0.00394532
414.086,313,0.00410203,0.00151595,0.000255598,-0.00380305
414.952,312.5,0.0039285,0.00140536,0.000289121,-0.00365711
415.818,312,0.00375405,0.0012994,0.000319229,-0.0035075
416.684,311.5,0.00356936,0.00125606,0.000334732,-0.00332425
417.55,311,0.003381,0.00128804,0.000335521,-0.00310798
418.416,310.5,0.00320449,0.00131927,0.000337193,-0.00290079
419.282,310,0.00304004,0.00134976,0.000339746,-0.0027027
420.148,309.5,0.00288781,0.00137949,0.000343182,-0.00251369
421.014,309,0.00274793,0.00140848,0.000347499,-0.00233378
421.88,308.5,0.00265646,0.00137936,0.000317346,-0.00224798
422.746,308,0.00257087,0.00134388,0.000284715,-0.00217308
423.612,307.5,0.002487,0.00130785,0.000253196,-0.00210013
424.478,307,0.00240483,0.00127129,0.00022279,-0.00202914
425.344,306.5,0.00232435,0.00123418,0.000193498,-0.00196009
426.21,306,0.00224554,0.00119653,0.000165318,-0.001893
427.076,305.5,0.00216839,0.00115834,0.000138252,-0.00182785
427.942,305,0.00209288,0.00111961,0.000112298,-0.00176466
428.808,304.5,0.00201901,0.00108033,8.74577e-05,-0.00170342
429.674,304,0.00194677,0.00104051,6.37303e-05,-0.00164413
430.54,303.5,0.00187614,0.00100016,4.11159e-05,-0.00158679
431.406,303,0.00180714,0.000959257,1.96146e-05,-0.00153141
432.272,302.5,0.0017435,0.000928798,5.10891e-06,-0.00147551
433.138,302,0.00169186,0.000926635,6.21686e-06,-0.00141552
434.004,301.5,0.00164289,0.000924532,7.27783e-06,-0.00135804
434.87,301,0.00159656,0.00092249,8.29182e-06,-0.00130306
435.737,300.5,0.0015537,0.00090749,1.37669e-05,-0.00126106
436.603,300,0.00151226,0.000882957,2.23881e-05,-0.00122753
437.469,299.5,0.00147106,0.000859165,3.05613e-05,-0.0011937
438.335,299,0.00143009,0.000836113,3.82867e-05,-0.00115957
439.201,298.5,0.00138936,0.000813802,4.55641e-05,-0.00112515
440.067,298,0.00134886,0.000792232,5.23935e-05,-0.00109043
440.933,297.5,0.0013086,0.000771402,5.87751e-05,-0.00105542
441.799,297,0.00126857,0.000751312,6.47087e-05,-0.00102011
442.665,296.5,0.00122879,0.000731964,7.01944e-05,-0.000984497
443.531,296,0.00119209,0.000701852,7.03753e-05,-0.000961011
444.397,295.5,0.00115811,0.000666922,6.77876e-05,-0.000944373
445.263,295,0.00112549,0.00063354,6.51241e-05,-0.000927957
446.129,294.5,0.00109419,0.000601707,6.2385e-05,-0.000911763
446.995,294,0.00106419,0.000571421,5.95702e-05,-0.00089579
447.861,293.5,0.00103546,0.000542684,5.66797e-05,-0.000880038
448.727,293,0.00100796,0.000515494,5.37135e-05,-0.000864508
449.593,292.5,0.000981663,0.000489853,5.06716e-05,-0.000849199
450.459,292,0.000956522,0.000465759,4.75541e-05,-0.000834111
451.325,291.5,0.000932506,0.000443214,4.43608e-05,-0.000819245
452.191,291,0.00090958,0.000422216,4.10918e-05,-0.0008046
453.057,290.5,0.000887707,0.000402767,3.77472e-05,-0.000790176
453.923,290,0.000866831,0.000384992,3.44055e-05,-0.000775882
454.789,289.5,0.000845248,0.000381572,3.39472e-05,-0.000753455
455.655,289,0.000824159,0.000381334,3.29738e-05,-0.000729888
456.521,288.5,0.000803699,0.000381029,3.1952e-05,-0.000706915
457.387,288,0.000783865,0.000380659,3.08817e-05,-0.000684536
458.253,287.5,0.000764654,0.000380222,2.9763e-05,-0.000662752
459.119,287,0.000746061,0.00037972,2.85959e-05,-0.000641562
459.985,286.5,0.000728083,0.000379152,2.73804e-05,-0.000620966
460.851,286,0.000710715,0.000378518,2.61165e-05,-0.000600964
461.717,285.5,0.000693952,0.000377817,2.48041e-05,-0.000581556
462.583,285,0.000677788,0.000377051,2.34433e-05,-0.000562743
463.449,284.5,0.000662217,0.000376219,2.20341e-05,-0.000544523
464.315,284,0.000647233,0.000375321,2.05765e-05,-0.000526898
465.181,283.5,0.000633076,0.000371386,1.90791e-05,-0.000512342
466.047,283,0.000619616,0.000362819,1.76539e-05,-0.000501971
466.913,282.5,0.000606347,0.000354305,1.63344e-05,-0.00049179
467.779,282,0.000593269,0.000345845,1.51207e-05,-0.000481799
468.645,281.5,0.000580382,0.000337439,1.40127e-05,-0.000471998
469.512,281,0.000567686,0.000329085,1.30104e-05,-0.000462386
470.378,280.5,0.000555181,0.000320786,1.21139e-05,-0.000452964
471.244,280,0.000542869,0.00031254,1.13231e-05,-0.000443731
472.11,279.5,0.000530749,0.000304348,1.0638e-05,-0.000434688
472.976,279,0.000518821,0.000296209,1.00587e-05,-0.000425834
473.842,278.5,0.000507612,0.000287342,9.81482e-06,-0.00041834
474.708,278,0.000496753,0.000278567,9.59473e-06,-0.000411184
475.574,277.5,0.000486124,0.000270086,9.33149e-06,-0.000404083
476.44,277,0.00047685,0.000264642,9.62172e-06,-0.000396557
477.306,276.5,0.000468067,0.000260182,1.01245e-05,-0.00038896
478.172,276,0.000459409,0.000255816,1.06611e-05,-0.000381445
479.038,275.5,0.000450874,0.000251545,1.12315e-05,-0.000374014
