x,v,vx,vy,vz
0,0.362672,-0.362671,0.000137645,0.000165004
2,0.362776,-0.362776,0.000102419,0.000160725
4,0.362878,-0.362878,6.23363e-05,0.000156518
6,0.362967,-0.362967,3.95976e-05,0.000152414
8,0.363049,-0.363049,2.29644e-05,0.000148423
10,0.363125,-0.363125,-1.14565e-05,0.000144599
12,0.363192,-0.363192,-8.99667e-05,0.000141041
14,0.363245,-0.363245,-0.000241578,0.00013788
16,0.363237,-0.363236,-0.00046845,0.000135847
18,0.363209,-0.363208,-0.000755524,0.000135729
20,0.363143,-0.363141,-0.00113786,0.000138712
22,0.36304,-0.363036,-0.00161927,0.000146194
24,0.362931,-0.362925,-0.00216631,0.000160577
26,0.36264,-0.362633,-0.00224726,0.000181359
28,0.362293,-0.362288,-0.00187309,0.000183893
30,0.361916,-0.361914,-0.00139921,0.000179089
32,0.361537,-0.361536,-0.00110123,0.000176995
34,0.36122,-0.361219,-0.000880147,0.000174422
36,0.360934,-0.360933,-0.000720641,0.000172024
38,0.360685,-0.360684,-0.000584416,0.000169764
40,0.360471,-0.360471,-0.00047104,0.00016762
42,0.360288,-0.360288,-0.000386908,0.000165569
44,0.360137,-0.360137,-0.000313198,0.000163612
46,0.360008,-0.360008,-0.000261493,0.000161749
48,0.359892,-0.359892,-0.00022133,0.00015999
50,0.359787,-0.359787,-0.000189593,0.000158337
52,0.359694,-0.359694,-0.000167965,0.00015678
54,0.359609,-0.359609,-0.000147132,0.000155314
56,0.359535,-0.359535,-0.000129304,0.000153932
58,0.359471,-0.359471,-0.000114206,0.000152644
60,0.359414,-0.359414,-0.000101618,0.000151452
62,0.359364,-0.359364,-9.19911e-05,0.000150358
64,0.359319,-0.359319,-7.95095e-05,0.000149347
66,0.359279,-0.359279,-6.95689e-05,0.000148413
68,0.359242,-0.359242,-6.25785e-05,0.000147564
70,0.359207,-0.359207,-5.79934e-05,0.000146807
72,0.359174,-0.359174,-5.51956e-05,0.000146153
74,0.359141,-0.359141,-5.14698e-05,0.000145576
76,0.359111,-0.359111,-4.77156e-05,0.000145075
78,0.359084,-0.359084,-4.44518e-05,0.000144657
80,0.359058,-0.359058,-4.20823e-05,0.000144326
82,0.359033,-0.359033,-4.02958e-05,0.000144103
84,0.35901,-0.35901,-3.75089e-05,0.000143945
86,0.358988,-0.358987,-3.4926e-05,0.000143856
88,0.358966,-0.358966,-3.31763e-05,0.000143844
90,0.358944,-0.358944,-3.22562e-05,0.000143923
92,0.358922,-0.358922,-3.17576e-05,0.00014411
94,0.358901,-0.358901,-3.11209e-05,0.000144378
96,0.358879,-0.358879,-3.0384e-05,0.00014473
98,0.358858,-0.358858,-2.96675e-05,0.000145165
100,0.358837,-0.358837,-2.92494e-05,0.000145672
102,0.358816,-0.358816,-2.89009e-05,0.000146227
104,0.358796,-0.358796,-2.84023e-05,0.000146846
106,0.358775,-0.358775,-2.79036e-05,0.000147543
108,0.358753,-0.358753,-2.76711e-05,0.000148329
110,0.358732,-0.358732,-2.77482e-05,0.000149223
112,0.35871,-0.35871,-2.79603e-05,0.000150212
114,0.358687,-0.358687,-2.8303e-05,0.000151282
116,0.358664,-0.358664,-2.87013e-05,0.00015243
118,0.358641,-0.358641,-2.89903e-05,0.000153657
120,0.358617,-0.358617,-2.93161e-05,0.000154993
122,0.358592,-0.358592,-2.96324e-05,0.00015642
124,0.358567,-0.358567,-3.00289e-05,0.000157932
126,0.358541,-0.358541,-3.05614e-05,0.000159525
128,0.358514,-0.358514,-3.12126e-05,0.000161206
130,0.358487,-0.358487,-3.20062e-05,0.000162985
132,0.358458,-0.358458,-3.28513e-05,0.000164857
134,0.358428,-0.358428,-3.38882e-05,0.000166822
136,0.358398,-0.358398,-3.52236e-05,0.000168878
138,0.358366,-0.358366,-3.633e-05,0.000171042
140,0.358332,-0.358332,-3.73662e-05,0.000173303
142,0.358298,-0.358298,-3.83566e-05,0.000175664
144,0.358263,-0.358263,-3.94685e-05,0.000178127
146,0.358226,-0.358226,-4.09735e-05,0.000180684
148,0.358188,-0.358188,-4.25512e-05,0.000183358
150,0.358147,-0.358147,-4.42679e-05,0.000186118
152,0.358105,-0.358105,-4.60044e-05,0.000188977
154,0.358062,-0.358062,-4.78682e-05,0.000191941
156,0.358016,-0.358016,-5.04121e-05,0.000195011
158,0.357968,-0.357968,-5.23861e-05,0.000198178
160,0.357918,-0.357918,-5.39917e-05,0.000201433
162,0.357866,-0.357866,-5.53603e-05,0.000204793
164,0.357812,-0.357812,-5.67305e-05,0.000208273
166,0.357755,-0.357755,-5.89386e-05,0.000211875
168,0.357695,-0.357695,-6.14564e-05,0.000215556
170,0.357632,-0.357632,-6.42404e-05,0.000219306
172,0.357565,-0.357565,-6.71965e-05,0.000223132
174,0.357496,-0.357496,-7.02621e-05,0.000227044
176,0.357422,-0.357422,-7.51311e-05,0.000231067
178,0.357345,-0.357344,-7.87549e-05,0.000235148
180,0.357264,-0.357264,-8.15946e-05,0.000239301
182,0.35718,-0.35718,-8.39488e-05,0.000243532
184,0.357092,-0.357092,-8.60494e-05,0.000247839
186,0.356998,-0.356998,-8.94218e-05,0.000252227
188,0.356899,-0.356899,-9.38279e-05,0.000256629
190,0.356792,-0.356792,-9.96267e-05,0.000261081
192,0.356678,-0.356678,-0.000106659,0.000265611
194,0.356558,-0.356558,-0.000113233,0.000270242
196,0.356428,-0.356428,-0.000123579,0.000275015
198,0.356293,-0.356293,-0.000130403,0.000279847
200,0.356153,-0.356152,-0.00013415,0.000284772
202,0.356006,-0.356006,-0.000136661,0.000289825
204,0.355851,-0.355851,-0.000136009,0.000294874
206,0.355686,-0.355686,-0.000141245,0.000300034
208,0.355508,-0.355507,-0.000151351,0.000305235
210,0.355313,-0.355313,-0.000165171,0.000310528
212,0.355103,-0.355102,-0.00018099,0.000316044
214,0.354888,-0.354888,-0.000198005,0.00032157
216,0.354661,-0.354661,-0.000230184,0.000327665
218,0.354426,-0.354425,-0.00025829,0.000334425
220,0.35418,-0.354179,-0.000275059,0.000341744
222,0.353915,-0.353915,-0.000293749,0.000349158
224,0.353607,-0.353606,-0.00029299,0.000356397
226,0.353258,-0.353257,-0.000346429,0.000363854
228,0.352851,-0.352851,-0.00044102,0.000370852
230,0.352374,-0.352373,-0.000553324,0.000377347
232,0.351831,-0.35183,-0.000668066,0.000387726
234,0.351305,-0.351304,-0.000831838,0.00039491
236,0.350737,-0.350735,-0.000956449,0.000398708
238,0.350112,-0.35011,-0.00102427,0.00039743
240,0.349429,-0.349427,-0.00104987,0.000388453
242,0.348495,-0.348493,-0.00121903,0.000355532
244,0.347134,-0.347131,-0.00127296,0.000311752
246,0.345397,-0.345394,-0.00140002,0.000258005
248,0.343329,-0.343325,-0.00162023,0.000195222
250,0.340974,-0.34097,-0.00176707,0.000124532
252,0.338361,-0.338353,-0.00226995,7.9865e-05
254,0.335506,-0.335493,-0.00286827,2.11702e-05
256,0.332495,-0.332481,-0.00305937,-8.84018e-05
258,0.329478,-0.329468,-0.00256458,-0.000273322
260,0.32685,-0.326845,-0.00174761,-0.000536455
262,0.324519,-0.324513,-0.00177413,-0.000831478
264,0.32211,-0.322103,-0.00188684,-0.00113204
266,0.31969,-0.319684,-0.00152402,-0.00141751
268,0.317492,-0.317487,-0.000271154,-0.00166774
270,0.316491,-0.316485,0.000830034,-0.0018608
272,0.315925,-0.315918,0.000295386,-0.00206314
274,0.315005,-0.314996,-0.000589051,-0.00230405
276,0.313635,-0.313623,-0.00098208,-0.00259803
278,0.312174,-0.31216,-0.000135675,-0.00295128
280,0.311668,-0.311649,0.000438122,-0.00342285
282,0.311418,-0.311391,-0.000297232,-0.00413309
284,0.311136,-0.311087,-0.00207631,-0.00512169
286,0.310672,-0.310566,-0.00489227,-0.00645085
288,0.310105,-0.309849,-0.00948668,-0.0082996
290,0.308274,-0.307661,-0.0160747,-0.0109267
292,0.305617,-0.30433,-0.0237414,-0.0148816
294,0.300722,-0.298147,-0.0336871,-0.0201899
296,0.292733,-0.287805,-0.0464898,-0.0264448
298,0.282925,-0.275234,-0.0575793,-0.0312645
300,0.266203,-0.259595,-0.0507811,-0.0299287
302,0.259117,-0.252577,-0.0464685,-0.0344558
304,0.263929,-0.254588,-0.0527704,-0.0453759
306,0.277073,-0.260863,-0.0732298,-0.0579426
308,0.286415,-0.264225,-0.0954602,-0.0557323
310,0.304702,-0.266594,-0.129011,-0.0716036
312,0.287097,-0.227077,-0.145048,-0.0991054
314,0.235156,-0.147119,-0.121884,-0.137107
316,0.211915,-0.0824854,-0.0380763,-0.191453
318,0.0929434,0.0188471,-0.0183467,-0.0891441
320,0.258633,0.20552,-0.128745,-0.0898723
322,0.453989,0.370262,-0.182556,-0.188907
324,0.5074,0.405005,-0.0418084,-0.302783
326,0.318939,0.193283,0.234481,-0.0968612
328,0.329302,-0.0960502,0.309408,0.0589992
330,0.375608,-0.250372,0.279672,-0.0133725
332,0.404101,-0.315377,0.194947,-0.160718
334,0.435144,-0.393683,0.100886,-0.155518
336,0.377481,-0.331599,0.0316663,-0.177572
338,0.359683,-0.320624,0.0174136,-0.162078
340,0.347149,-0.314422,0.0145963,-0.146419
342,0.336992,-0.302683,0.0161117,-0.147265
344,0.336519,-0.303158,0.0105527,-0.145701
346,0.345473,-0.313143,-0.00426804,-0.14586
348,0.354389,-0.321935,-0.0169887,-0.147176
350,0.355415,-0.31586,-0.00351298,-0.16291
352,0.438038,-0.393702,0.0160745,-0.191357
354,0.428716,-0.381447,0.0180512,-0.194859
356,0.424192,-0.380403,0.0137265,-0.1872
358,0.433907,-0.387452,0.00983268,-0.195089
360,0.459773,-0.406083,0.00544175,-0.215541
362,0.498461,-0.437939,-0.000850802,-0.23806
364,0.523012,-0.468191,-0.0057236,-0.233035
366,0.564732,-0.524503,-0.00684187,-0.209218
368,0.592197,-0.563329,-0.0212439,-0.181399
370,0.600956,-0.582187,-0.0358527,-0.144638
372,0.60403,-0.597583,-0.0218419,-0.0852637
374,0.595015,-0.593782,0.0119992,-0.0363556
376,0.590066,-0.589538,0.0213985,0.0128363
378,0.582125,-0.579394,0.00951631,0.0555108
380,0.567743,-0.560429,-0.0133688,0.0898456
382,0.545863,-0.531931,-0.0236459,0.120239
384,0.517494,-0.498041,-0.0112103,0.140107
386,0.492393,-0.467678,0.00306816,0.154009
388,0.469473,-0.441047,0.0114336,0.160471
390,0.447067,-0.417691,0.0103675,0.159046
392,0.426963,-0.39825,0.00779806,0.153733
394,0.409005,-0.381747,0.00880772,0.146547
396,0.393813,-0.368685,0.0105625,0.138017
398,0.381411,-0.358844,0.0117131,0.128715
400,0.371439,-0.351579,0.0113038,0.119296
402,0.363457,-0.346388,0.0100831,0.109609
404,0.356958,-0.342419,0.00887662,0.100444
406,0.351624,-0.339346,0.0078622,0.0917698
408,0.347356,-0.337048,0.00715797,0.0836889
410,0.344197,-0.335531,0.00686281,0.0764451
412,0.342283,-0.335037,0.00654025,0.069751
414,0.341066,-0.335088,0.00575264,0.0633196
416,0.340108,-0.335232,0.00474811,0.0571838
418,0.339151,-0.335199,0.00383747,0.0514844
420,0.338359,-0.335096,0.0035419,0.0467429
422,0.338179,-0.335453,0.00365597,0.0427013
424,0.338452,-0.336173,0.00356169,0.0390509
426,0.338982,-0.337082,0.00318971,0.0357003
428,0.339568,-0.33799,0.00261817,0.0325952
430,0.340199,-0.338876,0.00229914,0.0298871
432,0.340845,-0.339734,0.00209678,0.0274126
434,0.34151,-0.340577,0.00193337,0.0251527
436,0.342191,-0.341407,0.00179753,0.0230873
438,0.342883,-0.342224,0.00170655,0.0211806
440,0.34355,-0.342992,0.00152683,0.0195102
442,0.344184,-0.34371,0.00139191,0.0180047
444,0.34481,-0.344405,0.0012898,0.0166453
446,0.345439,-0.345093,0.00120639,0.015414
448,0.346073,-0.345775,0.00112107,0.0142994
450,0.34671,-0.346454,0.0010194,0.0132936
452,0.347309,-0.347088,0.000921652,0.0123573
454,0.34787,-0.347679,0.000838023,0.0114927
456,0.3484,-0.348235,0.000775137,0.0107011
458,0.348912,-0.348768,0.000732824,0.00998085
460,0.349398,-0.349273,0.000661133,0.00931675
462,0.349853,-0.349744,0.000597369,0.00870258
464,0.35028,-0.350185,0.000549174,0.00813771
466,0.350688,-0.350605,0.000514917,0.00762023
468,0.351081,-0.351008,0.000491621,0.0071534
470,0.351461,-0.351397,0.000456805,0.0067175
472,0.351821,-0.351764,0.000420596,0.00630987
474,0.352158,-0.352108,0.000388691,0.0059306
476,0.352475,-0.35243,0.000364388,0.00558241
478,0.352775,-0.352736,0.000346034,0.00526557
480,0.353064,-0.353029,0.000320072,0.00496683
482,0.353337,-0.353306,0.000293393,0.0046863
484,0.353594,-0.353566,0.000271724,0.00442437
486,0.353837,-0.353812,0.00025702,0.00418458
488,0.35407,-0.354048,0.00024647,0.00396357
490,0.354296,-0.354276,0.000232612,0.0037546
492,0.35451,-0.354492,0.000216914,0.00355718
494,0.354712,-0.354696,0.000202557,0.00337162
496,0.3549,-0.354886,0.000191432,0.00320216
498,0.355081,-0.355068,0.000182132,0.00304414
500,0.355253,-0.355242,0.000170699,0.00289442
502,0.355418,-0.355407,0.000157825,0.00275242
504,0.355574,-0.355564,0.000147067,0.0026185
506,0.355721,-0.355712,0.000139966,0.00249633
508,0.355863,-0.355855,0.000134333,0.00238112
510,0.356,-0.355992,0.000128037,0.00227164
512,0.356132,-0.356125,0.000120439,0.00216725
514,0.356256,-0.35625,0.000113343,0.00206882
516,0.356372,-0.356367,0.000107641,0.00197797
518,0.356484,-0.356479,0.000102714,0.00189215
520,0.356592,-0.356587,9.72448e-05,0.00181052
522,0.356695,-0.356691,9.04979e-05,0.00173248
524,0.356792,-0.356788,8.51445e-05,0.00165919
526,0.356885,-0.356882,8.13498e-05,0.00159078
528,0.356976,-0.356972,7.83851e-05,0.00152598
530,0.357063,-0.35706,7.54758e-05,0.00146418
532,0.357148,-0.357146,7.17704e-05,0.00140481
534,0.357228,-0.357226,6.8095e-05,0.00134897
536,0.357305,-0.357302,6.48437e-05,0.00129637
538,0.357378,-0.357376,6.19685e-05,0.00124648
540,0.357449,-0.357447,5.90622e-05,0.00119889
542,0.357517,-0.357516,5.51845e-05,0.00115321
544,0.357583,-0.357581,5.23692e-05,0.00111021
546,0.357646,-0.357644,5.04056e-05,0.00106948
548,0.357708,-0.357707,4.8989e-05,0.00103075
550,0.357769,-0.357767,4.77944e-05,0.000993742
552,0.357828,-0.357827,4.64289e-05,0.000958208
554,0.357884,-0.357883,4.43748e-05,0.000924409
556,0.357938,-0.357937,4.20122e-05,0.000892307
558,0.357991,-0.35799,3.95315e-05,0.000861792
560,0.358042,-0.358041,3.70394e-05,0.000832633
562,0.358092,-0.358091,3.38937e-05,0.00080466
564,0.358141,-0.35814,3.25423e-05,0.000777884
566,0.358191,-0.35819,3.2704e-05,0.000752412
568,0.358241,-0.35824,3.41076e-05,0.000728227
570,0.358291,-0.35829,3.6361e-05,0.000705166
572,0.358341,-0.358341,4.06756e-05,0.000682983
574,0.358391,-0.35839,4.20519e-05,0.000661587
576,0.358439,-0.358439,4.09975e-05,0.000641163
578,0.358486,-0.358485,3.86315e-05,0.000621767
580,0.358532,-0.358531,3.7395e-05,0.000603336
582,0.358578,-0.358577,3.94889e-05,0.000585577
584,0.358627,-0.358626,4.46787e-05,0.000568452
586,0.358679,-0.358679,5.01672e-05,0.000552054
588,0.358733,-0.358733,5.34957e-05,0.000536447
590,0.358783,-0.358782,5.62372e-05,0.00052173
592,0.358828,-0.358828,6.62325e-05,0.000507553
594,0.358866,-0.358866,6.21705e-05,0.000493825
596,0.358888,-0.358888,3.22356e-05,0.00048058
598,0.358884,-0.358884,-3.15103e-05,0.000467876
600,0.358822,-0.358821,-0.000116432,0.000455883
602,0.358726,-0.358726,-0.000215066,0.00044438
604,0.358611,-0.358611,-0.000367653,0.000433421
606,0.358483,-0.358483,-0.000590679,0.000423015
608,0.358344,-0.358342,-0.000879208,0.000413129
610,0.358208,-0.358206,-0.00108051,0.000403514
612,0.358082,-0.35808,-0.00100256,0.000393652
614,0.35805,-0.358049,-0.000624977,0.00038305
616,0.358142,-0.358141,4.46599e-05,0.000370843
618,0.358199,-0.358197,0.00100505,0.000354229
620,0.358328,-0.35832,0.00231658,0.000330484
622,0.358426,-0.358408,0.0035789,0.000299466
624,0.358752,-0.358729,0.00409003,0.000262427
626,0.359565,-0.359551,0.00320307,0.000223931
628,0.359903,-0.359897,0.00213211,0.000222127
630,0.360451,-0.360447,0.0016342,0.000216829
632,0.360881,-0.360879,0.0012655,0.000210885
634,0.361176,-0.361175,0.000936864,0.000205192
636,0.36154,-0.361539,0.000787672,0.000199486
638,0.361774,-0.361773,0.000581943,0.000194103
640,0.36199,-0.36199,0.000445701,0.000188867
642,0.362172,-0.362172,0.000346328,0.000183753
644,0.362316,-0.362316,0.000265275,0.000178753
646,0.362449,-0.362449,0.000220707,0.000173923
648,0.362563,-0.362563,0.000174501,0.000169388
