x,v,vx,vy,vz
220.096,425,0.000342436,0.000187366,-7.29946e-06,-0.000286536
220.962,424.5,0.000348776,0.000190144,-6.75935e-06,-0.000292309
221.828,424,0.000355207,0.000192975,-6.25471e-06,-0.000298151
222.694,423.5,0.000361729,0.000195858,-5.78555e-06,-0.000304062
223.56,423,0.00036834,0.000198795,-5.35185e-06,-0.000310043
224.426,422.5,0.000375419,0.000202444,-5.04226e-06,-0.000316118
225.292,422,0.000383848,0.000208332,-5.00242e-06,-0.000322354
226.158,421.5,0.00039247,0.00021442,-4.92241e-06,-0.000328683
227.024,421,0.000401352,0.000220735,-4.82744e-06,-0.000335166
227.89,420.5,0.000410707,0.000227315,-4.86698e-06,-0.00034203
228.756,420,0.000420226,0.000234014,-4.97663e-06,-0.000349002
229.622,419.5,0.000429909,0.00024083,-5.15638e-06,-0.000356084
230.488,419,0.000439756,0.000247764,-5.40624e-06,-0.000363276
231.355,418.5,0.000449768,0.000254816,-5.7262e-06,-0.000370577
232.221,418,0.000459944,0.000261986,-6.11627e-06,-0.000377987
233.087,417.5,0.000470285,0.000269275,-6.57644e-06,-0.000385507
233.953,417,0.00048079,0.000276681,-7.10673e-06,-0.000393136
234.819,416.5,0.00049146,0.000284205,-7.70711e-06,-0.000400875
235.685,416,0.000502307,0.000287626,-9.15723e-06,-0.000411703
236.551,415.5,0.000513528,0.000288345,-1.1114e-05,-0.000424788
237.417,415,0.000525167,0.00028903,-1.30645e-05,-0.000438283
238.283,414.5,0.000537228,0.00028968,-1.50085e-05,-0.000452188
239.149,414,0.000549714,0.000290297,-1.69462e-05,-0.000466504
240.015,413.5,0.000562628,0.00029088,-1.88775e-05,-0.000481231
240.881,413,0.000575973,0.000291429,-2.08024e-05,-0.000496368
241.747,412.5,0.00058975,0.000291943,-2.27209e-05,-0.000511916
242.613,412,0.000603961,0.000292424,-2.46331e-05,-0.000527874
243.479,411.5,0.000618609,0.000292871,-2.65389e-05,-0.000544242
244.345,411,0.000633695,0.000293284,-2.84382e-05,-0.000561021
245.211,410.5,0.000649219,0.000293662,-3.03313e-05,-0.000578211
246.077,410,0.000664816,0.000295563,-3.19773e-05,-0.000594643
246.943,409.5,0.000677655,0.000305631,-3.31303e-05,-0.000603911
247.809,409,0.000691015,0.000316837,-3.40989e-05,-0.000613151
248.675,408.5,0.000704964,0.000329098,-3.48806e-05,-0.000622456
249.541,408,0.000719523,0.000342415,-3.54754e-05,-0.000631828
250.407,407.5,0.000734716,0.000356787,-3.58834e-05,-0.000641266
251.273,407,0.000750566,0.000372215,-3.61045e-05,-0.000650771
252.139,406.5,0.0007671,0.000388698,-3.61386e-05,-0.000660341
253.005,406,0.000784342,0.000406236,-3.5986e-05,-0.000669978
253.871,405.5,0.000802319,0.00042483,-3.56464e-05,-0.00067968
254.737,405,0.000821057,0.000444479,-3.51199e-05,-0.000689449
255.603,404.5,0.000840582,0.000465184,-3.44066e-05,-0.000699284
256.469,404,0.000860919,0.000486944,-3.35064e-05,-0.000709185
257.335,403.5,0.000883559,0.000504132,-3.24807e-05,-0.000724895
258.201,403,0.000909243,0.000511334,-3.13985e-05,-0.000751181
259.067,402.5,0.000934997,0.000518644,-3.01543e-05,-0.000777379
259.933,402,0.000960813,0.00052606,-2.87482e-05,-0.00080349
260.799,401.5,0.000986681,0.000533584,-2.718e-05,-0.000829512
261.665,401,0.00101259,0.000541215,-2.54497e-05,-0.000855446
262.531,400.5,0.00103855,0.000548953,-2.35575e-05,-0.000881292
263.397,400,0.00106453,0.000556798,-2.15033e-05,-0.00090705
264.263,399.5,0.00109054,0.000564751,-1.92871e-05,-0.000932719
265.13,399,0.00111948,0.000567842,-1.9392e-05,-0.00096458
265.996,398.5,0.00115379,0.000564632,-2.2785e-05,-0.00100593
266.862,398,0.00119037,0.000561499,-2.63737e-05,-0.00104928
267.728,397.5,0.00122924,0.000558445,-3.01583e-05,-0.00109465
268.594,397,0.00127201,0.000584256,-3.1674e-05,-0.00112945
269.46,396.5,0.00131595,0.000620615,-3.2886e-05,-0.00115995
270.326,396,0.00136011,0.000656307,-3.48187e-05,-0.00119078
271.192,395.5,0.00140443,0.000691332,-3.74719e-05,-0.00122192
272.058,395,0.00144889,0.00072569,-4.08459e-05,-0.00125339
272.924,394.5,0.00149343,0.000759381,-4.49404e-05,-0.00128517
273.79,394,0.00153805,0.000792405,-4.97556e-05,-0.00131727
274.656,393.5,0.00158271,0.000824762,-5.52914e-05,-0.00134969
275.522,393,0.0016274,0.000856452,-6.15478e-05,-0.00138244
276.388,392.5,0.00167211,0.000887476,-6.85248e-05,-0.0014155
277.254,392,0.00171682,0.000917832,-7.62225e-05,-0.00144888
278.12,391.5,0.00176153,0.000947521,-8.46408e-05,-0.00148258
278.986,391,0.00181102,0.000971452,-9.4365e-05,-0.0015255
279.852,390.5,0.00191419,0.000945422,-0.000110979,-0.00166072
280.718,390,0.00202911,0.000920485,-0.000129033,-0.0018037
281.584,389.5,0.00215541,0.000896639,-0.000148524,-0.00195443
282.45,389,0.00229277,0.000873885,-0.000169455,-0.00211292
283.316,388.5,0.00244083,0.000852223,-0.000191824,-0.00227916
284.182,388,0.00258677,0.000871189,-0.00019493,-0.00242784
285.048,387.5,0.00272219,0.000918621,-0.00018057,-0.00255613
285.914,387,0.00285369,0.000962824,-0.000164059,-0.00268135
286.78,386.5,0.00298132,0.0010038,-0.000145399,-0.00280348
287.646,386,0.00310508,0.00104154,-0.000124589,-0.00292254
288.512,385.5,0.00322503,0.00107605,-0.000101628,-0.00303851
289.378,385,0.00334118,0.00110734,-7.65182e-05,-0.00315141
290.244,384.5,0.00341965,0.00116031,-2.90113e-05,-0.00321665
291.11,384,0.0034711,0.00125621,4.67451e-05,-0.00323548
291.976,383.5,0.00354203,0.00137243,0.00012816,-0.00326282
292.842,383,0.00363381,0.00150895,0.000215233,-0.00329869
293.708,382.5,0.00374777,0.00166578,0.000307965,-0.00334307
294.574,382,0.00388512,0.00184292,0.000406355,-0.00339598
295.44,381.5,0.00404688,0.00204037,0.000510404,-0.0034574
296.306,381,0.00423389,0.00225812,0.000620111,-0.00352735
297.172,380.5,0.00444677,0.00249618,0.000735476,-0.00360582
298.038,380,0.00468593,0.00275455,0.0008565,-0.00369281
298.905,379.5,0.00495161,0.00303323,0.000983182,-0.00378831
299.771,379,0.00524389,0.00333222,0.00111552,-0.00389234
300.637,378.5,0.00556273,0.00365151,0.00125352,-0.00400489
301.503,378,0.00575061,0.0036591,0.00133987,-0.00422909
302.369,377.5,0.00590014,0.00358518,0.00141957,-0.00446576
303.235,377,0.00598514,0.00337584,0.00138045,-0.00474552
304.101,376.5,0.00610559,0.00312358,0.00126608,-0.00509103
304.967,376,0.00630268,0.00288699,0.00112821,-0.00548783
305.833,375.5,0.00657858,0.00266608,0.000966855,-0.0059359
306.699,375,0.00693396,0.00246085,0.000782001,-0.00643526
307.565,374.5,0.00736821,0.00227129,0.000573652,-0.00698589
308.431,374,0.00787977,0.00209741,0.000341808,-0.0075878
309.297,373.5,0.00846652,0.00193921,8.64698e-05,-0.00824099
310.163,373,0.00912614,0.00179669,-0.000192363,-0.00894547
311.029,372.5,0.0098563,0.00166984,-0.00049469,-0.00970122
311.895,372,0.010585,0.00162208,-0.000715933,-0.0104354
312.761,371.5,0.0110753,0.00182446,-0.000535377,-0.0109109
313.627,371,0.011579,0.00201938,-0.000352277,-0.0113961
314.493,370.5,0.0120954,0.00220684,-0.000166634,-0.0118912
315.359,370,0.0126239,0.00238685,2.15526e-05,-0.0123962
316.225,369.5,0.0131639,0.0025594,0.000212282,-0.012911
317.091,369,0.0137151,0.00272449,0.000405556,-0.0134356
317.957,368.5,0.014277,0.00288213,0.000601372,-0.0139701
318.823,368,0.0148493,0.00303231,0.000799732,-0.0145144
319.689,367.5,0.0154319,0.00317503,0.00100064,-0.0150686
320.555,367,0.0160245,0.0033103,0.00120408,-0.0156326
321.421,366.5,0.016627,0.00343811,0.00141007,-0.0162064
322.287,366,0.0177032,0.00515774,0.00213487,-0.0168001
323.153,365.5,0.021352,0.00667784,0.00224788,-0.0201559
324.019,365,0.0265848,0.00787672,0.00178466,-0.0253284
324.885,364.5,0.0316937,0.00935236,0.00129266,-0.0302548
325.751,364,0.0366658,0.0111048,0.000771887,-0.0349352
326.617,363.5,0.0415032,0.0131339,0.00022234,-0.0393696
327.483,363,0.0462149,0.0154398,-0.000355979,-0.043558
328.349,362.5,0.0508136,0.0180225,-0.000963073,-0.0475003
329.215,362,0.0553146,0.0208819,-0.00159894,-0.0511966
330.081,361.5,0.0597351,0.0240181,-0.00226358,-0.0546469
330.947,361,0.0640934,0.027431,-0.002957,-0.0578512
331.813,360.5,0.101195,0.03685,0.00464699,-0.094132
332.679,360,0.109725,0.0414553,0.00548604,-0.101444
333.546,359.5,0.118987,0.0461582,0.00606502,-0.109502
334.412,359,0.128971,0.0509586,0.00638395,-0.118304
335.278,358.5,0.139669,0.0558565,0.00644281,-0.127852
336.144,358,0.145431,0.062503,0.00581448,-0.131186
337.01,357.5,0.139488,0.0838866,0.00765125,-0.111182
337.876,357,0.140813,0.109822,0.0109888,-0.0874453
338.742,356.5,0.152034,0.137314,0.0150656,-0.0634994
339.608,356,0.172103,0.166361,0.0198817,-0.0393439
340.474,355.5,0.199165,0.196965,0.0254369,-0.0149789
341.34,355,0.231511,0.229125,0.0317314,0.00959557
342.206,354.5,0.253371,0.24935,0.035093,0.0281063
343.072,354,0.25898,0.254408,0.0357031,0.0327482
343.938,353.5,0.263049,0.258795,0.0378873,0.028001
344.804,353,0.295893,0.295247,0.0145836,0.0129861
345.67,352.5,0.334398,0.333711,0.0213601,0.00162756
346.536,352,0.328943,0.323571,0.0532459,-0.0258887
347.402,351.5,0.322937,0.298192,0.10531,-0.0654192
348.268,351,0.341338,0.293603,0.15316,-0.0827704
349.134,350.5,0.347305,0.299599,0.144273,-0.100232
350,350,0.349477,0.300039,0.117547,-0.135253
350.866,349.5,0.36728,0.299336,0.1185,-0.176778
351.732,349,0.405316,0.317608,0.124176,-0.219059
352.598,348.5,0.442925,0.33576,0.101436,-0.270477
353.464,348,0.462719,0.32913,0.0550107,-0.320556
354.33,347.5,0.480967,0.331493,0.0280718,-0.347352
355.196,347,0.474336,0.354075,0.0118369,-0.315413
356.062,346.5,0.472914,0.371835,-0.00912846,-0.292067
356.928,346,0.477159,0.386666,-0.0326308,-0.277679
357.794,345.5,0.470715,0.391566,-0.0409653,-0.258014
358.66,345,0.451053,0.380409,-0.045191,-0.238108
359.526,344.5,0.397034,0.325394,-0.0263867,-0.225961
360.392,344,0.370186,0.303872,-0.0195252,-0.210518
361.258,343.5,0.342816,0.28147,-0.0149914,-0.195122
362.124,343,0.31487,0.258189,-0.0127852,-0.179773
362.99,342.5,0.286332,0.234027,-0.0129067,-0.164471
363.856,342,0.262338,0.212645,-0.0133016,-0.153056
364.722,341.5,0.250995,0.203572,-0.00779523,-0.146616
365.588,341,0.234799,0.192386,-0.00321262,-0.134566
366.454,340.5,0.218226,0.180028,0.000658993,-0.123338
367.321,340,0.201221,0.166498,0.00381961,-0.112934
368.187,339.5,0.183746,0.151795,0.00626923,-0.103352
369.053,339,0.103049,0.0783841,0.00758821,-0.0664632
369.919,338.5,0.0937662,0.0678508,0.00782611,-0.0642427
370.785,338,0.0851823,0.0580977,0.00799799,-0.0617797
371.651,337.5,0.077257,0.0491246,0.00810384,-0.0590741
372.517,337,0.0699418,0.0409315,0.00814367,-0.0561261
373.383,336.5,0.0631788,0.0335186,0.00811747,-0.0529356
374.249,336,0.0569012,0.0268857,0.00802526,-0.0495025
375.115,335.5,0.0510332,0.0210329,0.00786702,-0.045827
375.981,335,0.0454917,0.0159601,0.00764276,-0.0419089
376.847,334.5,0.0401886,0.0116675,0.00735247,-0.0377484
377.713,334,0.0362591,0.00791618,0.00674477,-0.0347356
378.579,333.5,0.0342352,0.00499277,0.00590477,-0.0333505
379.445,333,0.0320251,0.00507254,0.00541555,-0.0311536
380.311,332.5,0.0299065,0.00515397,0.0049196,-0.0290454
381.177,332,0.0278808,0.00523704,0.00441691,-0.0270259
382.043,331.5,0.0259492,0.00532177,0.0039075,-0.0250953
382.909,331,0.0241136,0.00540814,0.00339135,-0.0232533
383.775,330.5,0.0223761,0.00549617,0.00286846,-0.0215001
384.641,330,0.0207395,0.00558585,0.00233885,-0.0198357
385.507,329.5,0.019207,0.00567719,0.0018025,-0.01826
386.373,329,0.0177825,0.00577017,0.00125942,-0.0167731
387.239,328.5,0.0164708,0.00586481,0.000709605,-0.0153749
388.105,328,0.0152773,0.00596109,0.000153059,-0.0140655
388.971,327.5,0.0142808,0.00603238,8.03888e-05,-0.0129439
389.837,327,0.0133847,0.00609533,0.000141108,-0.0119154
390.703,326.5,0.0125657,0.00615638,0.000211646,-0.0109522
391.569,326,0.0118241,0.00621553,0.000292003,-0.0100544
392.435,325.5,0.0111597,0.00627279,0.000382178,-0.00922204
393.301,325,0.0105719,0.00632815,0.000482172,-0.00845501
394.167,324.5,0.0100593,0.00638162,0.000591985,-0.00775335
395.033,324,0.00962003,0.00643319,0.000711617,-0.00711706
395.899,323.5,0.00925133,0.00648286,0.000841067,-0.00654615
396.765,323,0.00894983,0.00653064,0.000980335,-0.00604062
397.631,322.5,0.00867578,0.00647043,0.00113234,-0.00566749
398.497,322,0.00834693,0.0061828,0.00128728,-0.00545776
399.363,321.5,0.00800621,0.00588018,0.00138365,-0.00525436
400.229,321,0.00759965,0.00546802,0.00123953,-0.00513021
401.095,320.5,0.0072157,0.00507514,0.00110171,-0.00500954
401.962,320,0.00685426,0.00470155,0.00097022,-0.00489234
402.828,319.5,0.00651521,0.00434724,0.000845042,-0.00477863
403.694,319,0.00619832,0.00401222,0.000726181,-0.0046684
404.56,318.5,0.00590332,0.00369649,0.000613637,-0.00456165
405.426,318,0.00562982,0.00340004,0.000507409,-0.00445837
406.292,317.5,0.00537733,0.00312288,0.000407498,-0.00435858
407.158,317,0.00514526,0.002865,0.000313904,-0.00426227
408.024,316.5,0.00493291,0.00262641,0.000226627,-0.00416944
408.89,316,0.00473946,0.00240711,0.000145666,-0.00408008
409.756,315.5,0.00456399,0.00220709,7.10225e-05,-0.00399421
410.622,315,0.00440342,0.00204662,6.05734e-05,-0.00389843
411.488,314.5,0.00424552,0.00191227,9.94042e-05,-0.00378917
412.354,314,0.0040883,0.0017834,0.000135668,-0.00367631
413.22,313.5,0.00393152,0.00166002,0.000169364,-0.00355984
414.086,313,0.00377497,0.00154213,0.000200492,-0.00343977
414.952,312.5,0.00361844,0.00142972,0.000229053,-0.0033161
415.818,312,0.00346171,0.0013228,0.000255047,-0.00318882
416.684,311.5,0.00329587,0.00127312,0.00027179,-0.00302788
417.55,311,0.00312582,0.00129111,0.000279195,-0.00283299
418.416,310.5,0.00296579,0.00130851,0.000286568,-0.00264605
419.282,310,0.00281589,0.00132534,0.00029391,-0.00246705
420.148,309.5,0.00267624,0.00134158,0.000301221,-0.00229601
421.014,309,0.00254689,0.00135724,0.0003085,-0.00213292
421.88,308.5,0.00246028,0.00132705,0.000286051,-0.00205185
422.746,308,0.00237922,0.00129197,0.000261602,-0.00198067
423.612,307.5,0.00230001,0.00125663,0.000238212,-0.00191159
424.478,307,0.00222263,0.001221,0.000215881,-0.00184462
425.344,306.5,0.00214707,0.0011851,0.000194609,-0.00177977
426.21,306,0.00207331,0.00114892,0.000174395,-0.00171703
427.076,305.5,0.00200133,0.00111247,0.000155241,-0.00165639
427.942,305,0.00193112,0.00107574,0.000137145,-0.00159787
428.808,304.5,0.00186266,0.00103874,0.000120107,-0.00154146
429.674,304,0.00179595,0.00100146,0.000104129,-0.00148716
430.54,303.5,0.00173096,0.000963906,8.92093e-05,-0.00143497
431.406,303,0.0016677,0.000926075,7.53485e-05,-0.0013849
432.272,302.5,0.00160939,0.000896835,6.55452e-05,-0.00133474
433.138,302,0.00156139,0.000890423,6.37762e-05,-0.00128102
434.004,301.5,0.00151547,0.00088394,6.18238e-05,-0.00122942
434.87,301,0.00147161,0.000877385,5.96879e-05,-0.00117995
435.737,300.5,0.00143076,0.00086096,5.9214e-05,-0.00114119
436.603,300,0.00139141,0.000837518,6.0021e-05,-0.0011095
437.469,299.5,0.00135246,0.000814872,6.06819e-05,-0.0010777
438.335,299,0.00131391,0.000793021,6.11967e-05,-0.00104581
439.201,298.5,0.00127575,0.000771965,6.15653e-05,-0.00101382
440.067,298,0.001238,0.000751705,6.17878e-05,-0.00098172
440.933,297.5,0.00120066,0.000732241,6.18642e-05,-0.000949522
441.799,297,0.00116374,0.000713572,6.17944e-05,-0.000917222
442.665,296.5,0.00112725,0.000695698,6.15785e-05,-0.00088482
443.531,296,0.00109377,0.00066897,6.018e-05,-0.00086324
444.397,295.5,0.00106264,0.00063821,5.81417e-05,-0.00084765
445.263,295,0.00103257,0.000608721,5.60389e-05,-0.00083218
446.129,294.5,0.00100354,0.000580504,5.38714e-05,-0.000816829
446.995,294,0.000975528,0.000553559,5.16393e-05,-0.000801599
447.861,293.5,0.000948504,0.000527884,4.93427e-05,-0.000786488
448.727,293,0.000922447,0.000503482,4.69814e-05,-0.000771497
449.593,292.5,0.000897332,0.00048035,4.45555e-05,-0.000756626
450.459,292,0.000873134,0.000458491,4.2065e-05,-0.000741875
451.325,291.5,0.000849826,0.000437902,3.951e-05,-0.000727244
452.191,291,0.000827383,0.000418586,3.68903e-05,-0.000712733
453.057,290.5,0.000805781,0.000400541,3.4206e-05,-0.000698341
453.923,290,0.000785019,0.00038389,3.14961e-05,-0.000684026
454.789,289.5,0.000766291,0.000379015,3.05759e-05,-0.000665293
455.655,289,0.000748138,0.00037635,2.95428e-05,-0.000645909
456.521,288.5,0.000730465,0.00037369,2.84594e-05,-0.000626997
457.387,288,0.00071327,0.000371034,2.73259e-05,-0.000608557
458.253,287.5,0.000696551,0.000368383,2.61422e-05,-0.000590588
459.119,287,0.000680307,0.000365735,2.49082e-05,-0.000573092
459.985,286.5,0.000664534,0.000363092,2.36241e-05,-0.000556068
460.851,286,0.00064923,0.000360453,2.22897e-05,-0.000539515
461.717,285.5,0.000634393,0.000357818,2.09052e-05,-0.000523435
462.583,285,0.00062002,0.000355187,1.94704e-05,-0.000507826
463.449,284.5,0.000606107,0.000352561,1.79855e-05,-0.00049269
464.315,284,0.000592651,0.000349938,1.64504e-05,-0.000478025
465.181,283.5,0.000579966,0.000345425,1.51722e-05,-0.00046563
466.047,283,0.000568037,0.000338007,1.44071e-05,-0.0004563
466.913,282.5,0.000556283,0.000330671,1.37108e-05,-0.000447124
467.779,282,0.000544706,0.000323418,1.30832e-05,-0.000438102
468.645,281.5,0.000533304,0.000316249,1.25243e-05,-0.000429235
469.512,281,0.000522078,0.000309162,1.20341e-05,-0.000420522
470.378,280.5,0.000511027,0.000302159,1.16126e-05,-0.000411963
471.244,280,0.000500153,0.000295239,1.12599e-05,-0.000403559
472.11,279.5,0.000489454,0.000288401,1.09759e-05,-0.000395309
472.976,279,0.000478931,0.000281647,1.07606e-05,-0.000387214
473.842,278.5,0.000469017,0.000274984,1.06736e-05,-0.000379799
474.708,278,0.000459385,0.000268517,1.05728e-05,-0.000372588
475.574,277.5,0.000449935,0.000262255,1.04347e-05,-0.000365452
476.44,277,0.00044148,0.000257564,1.05123e-05,-0.000358406
477.306,276.5,0.000433407,0.000253398,1.07026e-05,-0.000351449
478.172,276,0.000425451,0.00024931,1.09354e-05,-0.000344577
479.038,275.5,0.000417612,0.0002453,1.12107e-05,-0.00033779
