x,v,vx,vy,vz
0,0.364646,-0.364646,2.11881e-05,1.26675e-06
2,0.36466,-0.36466,1.10268e-05,1.24023e-06
4,0.364671,-0.364671,-1.24047e-06,1.2006e-06
6,0.364675,-0.364675,-1.17155e-05,1.2001e-06
8,0.364674,-0.364674,-2.18461e-05,1.18374e-06
10,0.364671,-0.364671,-3.79437e-05,1.17469e-06
12,0.364663,-0.364663,-7.02082e-05,1.17586e-06
14,0.36465,-0.36465,-0.00013108,1.18155e-06
16,0.364612,-0.364612,-0.000214809,1.1979e-06
18,0.36457,-0.36457,-0.000312074,1.21514e-06
20,0.364515,-0.364515,-0.000461078,1.22891e-06
22,0.364459,-0.364458,-0.000682154,1.24135e-06
24,0.364439,-0.364438,-0.000981417,1.2643e-06
26,0.364275,-0.364274,-0.000961175,1.32859e-06
28,0.364147,-0.364147,-0.000724129,1.33746e-06
30,0.364024,-0.364023,-0.000476863,1.32784e-06
32,0.363882,-0.363881,-0.000360985,1.33325e-06
34,0.363794,-0.363794,-0.000257839,1.33788e-06
36,0.363706,-0.363705,-0.000204356,1.34665e-06
38,0.363633,-0.363633,-0.000159844,1.35758e-06
40,0.363574,-0.363574,-0.000122958,1.37022e-06
42,0.363522,-0.363522,-0.000100791,1.38438e-06
44,0.363482,-0.363482,-8.03516e-05,1.40014e-06
46,0.363449,-0.363449,-6.73735e-05,1.41718e-06
48,0.363421,-0.363421,-5.75488e-05,1.43498e-06
50,0.363396,-0.363396,-4.97206e-05,1.4534e-06
52,0.363374,-0.363374,-4.48847e-05,1.47253e-06
54,0.363354,-0.363354,-3.94477e-05,1.49296e-06
56,0.363337,-0.363337,-3.51731e-05,1.51452e-06
58,0.363323,-0.363323,-3.18788e-05,1.53705e-06
60,0.36331,-0.36331,-2.93938e-05,1.5605e-06
62,0.363298,-0.363298,-2.78004e-05,1.58529e-06
64,0.363288,-0.363288,-2.5445e-05,1.61209e-06
66,0.363279,-0.363279,-2.34962e-05,1.6403e-06
68,0.36327,-0.36327,-2.20782e-05,1.66943e-06
70,0.363263,-0.363263,-2.11224e-05,1.69907e-06
72,0.363255,-0.363255,-2.05509e-05,1.7302e-06
74,0.363248,-0.363248,-1.96808e-05,1.76347e-06
76,0.363242,-0.363242,-1.88423e-05,1.79856e-06
78,0.363235,-0.363235,-1.81671e-05,1.83515e-06
80,0.36323,-0.36323,-1.77076e-05,1.8728e-06
82,0.363224,-0.363224,-1.74259e-05,1.91232e-06
84,0.363219,-0.363219,-1.69768e-05,1.95397e-06
86,0.363214,-0.363214,-1.65373e-05,1.99777e-06
88,0.363209,-0.363209,-1.62047e-05,2.04346e-06
90,0.363204,-0.363204,-1.5992e-05,2.09049e-06
92,0.363199,-0.363199,-1.58579e-05,2.1397e-06
94,0.363194,-0.363194,-1.5682e-05,2.19151e-06
96,0.36319,-0.36319,-1.54973e-05,2.24604e-06
98,0.363185,-0.363185,-1.53457e-05,2.3031e-06
100,0.36318,-0.36318,-1.52588e-05,2.36188e-06
102,0.363176,-0.363176,-1.52087e-05,2.42276e-06
104,0.363171,-0.363171,-1.51425e-05,2.48635e-06
106,0.363166,-0.363166,-1.50715e-05,2.553e-06
108,0.363161,-0.363161,-1.50263e-05,2.62277e-06
110,0.363156,-0.363156,-1.50243e-05,2.69503e-06
112,0.363151,-0.363151,-1.50333e-05,2.76993e-06
114,0.363146,-0.363146,-1.50507e-05,2.84827e-06
116,0.363141,-0.363141,-1.50747e-05,2.93049e-06
118,0.363136,-0.363136,-1.51037e-05,3.01675e-06
120,0.363131,-0.363131,-1.5148e-05,3.10567e-06
122,0.363125,-0.363125,-1.51987e-05,3.19743e-06
124,0.363119,-0.363119,-1.52656e-05,3.29346e-06
126,0.363114,-0.363114,-1.53535e-05,3.39528e-06
128,0.363108,-0.363108,-1.54566e-05,3.50592e-06
130,0.363101,-0.363101,-1.55799e-05,3.61773e-06
132,0.363095,-0.363095,-1.57062e-05,3.73185e-06
134,0.363088,-0.363088,-1.58538e-05,3.85128e-06
136,0.363082,-0.363082,-1.60407e-05,3.97872e-06
138,0.363074,-0.363074,-1.6228e-05,4.1137e-06
140,0.363067,-0.363067,-1.64032e-05,4.2537e-06
142,0.363059,-0.363059,-1.65793e-05,4.39887e-06
144,0.363051,-0.363051,-1.67791e-05,4.55063e-06
146,0.363043,-0.363043,-1.70341e-05,4.71097e-06
148,0.363034,-0.363034,-1.7306e-05,4.88275e-06
150,0.363025,-0.363025,-1.7585e-05,5.05965e-06
152,0.363015,-0.363015,-1.78623e-05,5.24288e-06
154,0.363005,-0.363005,-1.81592e-05,5.43426e-06
156,0.362995,-0.362995,-1.8559e-05,5.63818e-06
158,0.362984,-0.362984,-1.89503e-05,5.85548e-06
160,0.362972,-0.362972,-1.92975e-05,6.08053e-06
162,0.36296,-0.36296,-1.96252e-05,6.31349e-06
164,0.362948,-0.362948,-1.99793e-05,6.55599e-06
166,0.362934,-0.362934,-2.04937e-05,6.81782e-06
168,0.36292,-0.36292,-2.1056e-05,7.09585e-06
170,0.362906,-0.362906,-2.16172e-05,7.38518e-06
172,0.36289,-0.36289,-2.21762e-05,7.68566e-06
174,0.362874,-0.362874,-2.27566e-05,7.99847e-06
176,0.362857,-0.362857,-2.35984e-05,8.33769e-06
178,0.362838,-0.362838,-2.44645e-05,8.69734e-06
180,0.362819,-0.362819,-2.52509e-05,9.07302e-06
182,0.362798,-0.362798,-2.59613e-05,9.46413e-06
184,0.362777,-0.362777,-2.67119e-05,9.87385e-06
186,0.362753,-0.362753,-2.78184e-05,1.03196e-05
188,0.362729,-0.362729,-2.9048e-05,1.07931e-05
190,0.362703,-0.362703,-3.02798e-05,1.12908e-05
192,0.362675,-0.362675,-3.14516e-05,1.18108e-05
194,0.362646,-0.362646,-3.26464e-05,1.23613e-05
196,0.362614,-0.362614,-3.44241e-05,1.29595e-05
198,0.36258,-0.36258,-3.63626e-05,1.35973e-05
200,0.362544,-0.362544,-3.81804e-05,1.42707e-05
202,0.362505,-0.362505,-3.96762e-05,1.49762e-05
204,0.362464,-0.362464,-4.13172e-05,1.57309e-05
206,0.36242,-0.36242,-4.37586e-05,1.65486e-05
208,0.362373,-0.362373,-4.66913e-05,1.74255e-05
210,0.362322,-0.362322,-4.97283e-05,1.8359e-05
212,0.362267,-0.362267,-5.23368e-05,1.9343e-05
214,0.362208,-0.362208,-5.52367e-05,2.04111e-05
216,0.362143,-0.362143,-5.93338e-05,2.15673e-05
218,0.362074,-0.362074,-6.42647e-05,2.28143e-05
220,0.361999,-0.361999,-6.92944e-05,2.41498e-05
222,0.361917,-0.361917,-7.27634e-05,2.55713e-05
224,0.361828,-0.361828,-7.70041e-05,2.71123e-05
226,0.361733,-0.361733,-8.29702e-05,2.87856e-05
228,0.361629,-0.361629,-9.06628e-05,3.05991e-05
230,0.361516,-0.361516,-9.93852e-05,3.25534e-05
232,0.36139,-0.36139,-0.000105382,3.4664e-05
234,0.361253,-0.361253,-0.000112831,3.69503e-05
236,0.361104,-0.361104,-0.000122985,3.94411e-05
238,0.360941,-0.360941,-0.000136242,4.21558e-05
240,0.36076,-0.36076,-0.000152179,4.51001e-05
242,0.360558,-0.360558,-0.000158811,4.83295e-05
244,0.360341,-0.360341,-0.00016974,5.18174e-05
246,0.360105,-0.360105,-0.0001844,5.56347e-05
248,0.359848,-0.359847,-0.00020338,5.98242e-05
250,0.359559,-0.359559,-0.000228897,6.44191e-05
252,0.359227,-0.359227,-0.000245554,6.94943e-05
254,0.35886,-0.35886,-0.000264465,7.50051e-05
256,0.358456,-0.358456,-0.000292476,8.10829e-05
258,0.35801,-0.35801,-0.000334162,8.78287e-05
260,0.357499,-0.357498,-0.00039088,9.53754e-05
262,0.356938,-0.356937,-0.000399961,0.000103777
264,0.356345,-0.356345,-0.00042498,0.00011303
266,0.355711,-0.355711,-0.000456753,0.000123405
268,0.355016,-0.355016,-0.000475118,0.000135202
270,0.354181,-0.35418,-0.000538211,0.000149013
272,0.353174,-0.353174,-0.000604617,0.0001648
274,0.351978,-0.351977,-0.000669205,0.000182575
276,0.350593,-0.350592,-0.000765423,0.000202654
278,0.349046,-0.349044,-0.000960649,0.000225541
280,0.347383,-0.347381,-0.00111618,0.000252353
282,0.345724,-0.345722,-0.00117453,0.000285183
284,0.344098,-0.344096,-0.00125574,0.000325504
286,0.342453,-0.34245,-0.00126451,0.000375001
288,0.340536,-0.340535,-0.000589228,0.0004376
290,0.337939,-0.337939,-0.000249693,0.000515479
292,0.334209,-0.334209,5.30831e-05,0.000606551
294,0.329329,-0.329328,0.000494005,0.0007139
296,0.32342,-0.323417,0.000916273,0.000842682
298,0.316682,-0.316679,-0.000988813,0.00101554
300,0.309487,-0.309481,-0.00141101,0.0012408
302,0.303427,-0.303411,0.00277556,0.00152445
304,0.300284,-0.30009,0.0106269,0.0018885
306,0.301889,-0.301295,0.0187755,0.00236002
308,0.309763,-0.309637,0.00833331,0.00295112
310,0.304588,-0.304548,0.00308416,0.00388506
312,0.299953,-0.298842,0.0252251,0.00539852
314,0.309067,-0.299652,0.0753895,0.00688364
316,0.395767,-0.369961,0.140293,0.00884085
318,0.44478,-0.414686,0.160492,0.0103658
320,0.512928,-0.48792,0.156346,0.0241963
322,0.613537,-0.602054,0.108419,0.0469427
324,0.561861,-0.554463,-0.0710079,0.0567096
326,0.545119,-0.505132,-0.197403,0.0550279
328,0.50477,-0.439512,-0.244936,0.0403498
330,0.458433,-0.388717,-0.24144,0.0276821
332,0.394433,-0.345761,-0.188809,0.0194437
334,0.311341,-0.297267,-0.0913635,0.014789
336,0.294352,-0.292218,-0.03341,0.0116338
338,0.296852,-0.296194,-0.0175865,0.00899825
340,0.298535,-0.297719,-0.0209456,0.00692459
342,0.297075,-0.295908,-0.025764,0.00534116
344,0.298118,-0.297806,-0.0130019,0.00405318
346,0.30591,-0.305877,-0.00308514,0.0033219
348,0.315392,-0.315381,-3.93414e-05,0.00268708
350,0.323936,-0.323926,-0.00127229,0.00216571
352,0.330077,-0.330053,-0.00358797,0.00176338
354,0.33366,-0.333651,-0.00194538,0.00145114
356,0.337125,-0.337123,0.000410268,0.00123932
358,0.33946,-0.339456,0.00112385,0.0010619
360,0.341058,-0.341056,0.000751971,0.00090916
362,0.342509,-0.342508,0.000303973,0.000778261
364,0.34385,-0.343849,0.000474872,0.000670194
366,0.345571,-0.34557,0.000572361,0.000583275
368,0.347529,-0.347528,0.000701667,0.000507034
370,0.349535,-0.349534,0.000750487,0.000440269
372,0.351338,-0.351337,0.000500937,0.000385134
374,0.352614,-0.352613,0.000468247,0.000340912
376,0.353694,-0.353693,0.000494983,0.000304635
378,0.35454,-0.35454,0.000460334,0.000273198
380,0.355176,-0.355176,0.000352249,0.000245038
382,0.355709,-0.355709,0.000310593,0.000220528
384,0.356218,-0.356218,0.000324156,0.000199177
386,0.356743,-0.356743,0.000313729,0.000180475
388,0.357289,-0.357289,0.000308526,0.000163781
390,0.357846,-0.357846,0.000321806,0.000148582
392,0.358354,-0.358354,0.00026159,0.000135406
394,0.358776,-0.358776,0.000235024,0.000123864
396,0.359149,-0.359149,0.00021979,0.000113768
398,0.359475,-0.359475,0.000200507,0.000104792
400,0.359748,-0.359748,0.000164745,9.64955e-05
402,0.359981,-0.359981,0.000144653,8.91341e-05
404,0.360196,-0.360196,0.000137162,8.24979e-05
406,0.360402,-0.360402,0.000131945,7.65542e-05
408,0.360601,-0.360601,0.00012615,7.11973e-05
410,0.360795,-0.360795,0.000122473,6.62144e-05
412,0.36097,-0.36097,0.000105812,6.17493e-05
414,0.361127,-0.361127,9.48741e-05,5.76643e-05
416,0.36127,-0.36127,8.75103e-05,5.39549e-05
418,0.361401,-0.361401,8.06922e-05,5.05809e-05
420,0.361518,-0.361518,7.011e-05,4.74414e-05
422,0.361622,-0.361622,6.16099e-05,4.45528e-05
424,0.361718,-0.361718,5.62304e-05,4.18891e-05
426,0.361808,-0.361807,5.29667e-05,3.94512e-05
428,0.361893,-0.361893,5.03029e-05,3.72246e-05
430,0.361973,-0.361973,4.66174e-05,3.51474e-05
432,0.362048,-0.362048,4.15283e-05,3.32077e-05
434,0.362116,-0.362116,3.72613e-05,3.14025e-05
436,0.362179,-0.362179,3.41758e-05,2.97326e-05
438,0.362239,-0.362239,3.16827e-05,2.81928e-05
440,0.362293,-0.362293,2.79904e-05,2.67565e-05
442,0.362343,-0.362343,2.4678e-05,2.5399e-05
444,0.362389,-0.362389,2.21357e-05,2.41273e-05
446,0.362433,-0.362433,2.0437e-05,2.2944e-05
448,0.362475,-0.362475,1.92238e-05,2.1853e-05
450,0.362514,-0.362514,1.74072e-05,2.08241e-05
452,0.36255,-0.36255,1.54277e-05,1.98458e-05
454,0.362584,-0.362584,1.36013e-05,1.89233e-05
456,0.362617,-0.362617,1.21541e-05,1.80602e-05
458,0.362647,-0.362647,1.10296e-05,1.72643e-05
460,0.362675,-0.362675,9.52328e-06,1.65054e-05
462,0.362701,-0.362701,8.07533e-06,1.5781e-05
464,0.362726,-0.362726,6.86598e-06,1.50961e-05
466,0.36275,-0.36275,5.99459e-06,1.44561e-05
468,0.362772,-0.362772,5.37527e-06,1.38636e-05
470,0.362793,-0.362793,4.52687e-06,1.32916e-05
472,0.362813,-0.362813,3.60298e-06,1.27425e-05
474,0.362832,-0.362832,2.72097e-06,1.22209e-05
476,0.36285,-0.36285,2.00228e-06,1.17356e-05
478,0.362867,-0.362867,1.47542e-06,1.12851e-05
480,0.362883,-0.362883,8.05033e-07,1.08466e-05
482,0.362898,-0.362898,1.18065e-07,1.04242e-05
484,0.362912,-0.362912,-4.70291e-07,1.0022e-05
486,0.362926,-0.362926,-8.91967e-07,9.6459e-06
488,0.362939,-0.362939,-1.19774e-06,9.29535e-06
490,0.362952,-0.362952,-1.58196e-06,8.95729e-06
492,0.362964,-0.362964,-2.02315e-06,8.6306e-06
494,0.362975,-0.362975,-2.45653e-06,8.31621e-06
496,0.362986,-0.362986,-2.83015e-06,8.02225e-06
498,0.362996,-0.362996,-3.13603e-06,7.74294e-06
500,0.363006,-0.363006,-3.47996e-06,7.47386e-06
502,0.363016,-0.363016,-3.85323e-06,7.21399e-06
504,0.363025,-0.363025,-4.17867e-06,6.9635e-06
506,0.363033,-0.363033,-4.41609e-06,6.72774e-06
508,0.363042,-0.363042,-4.60912e-06,6.50563e-06
510,0.36305,-0.36305,-4.81501e-06,6.29282e-06
512,0.363057,-0.363057,-5.0544e-06,6.0866e-06
514,0.363065,-0.363065,-5.28923e-06,5.88726e-06
516,0.363072,-0.363072,-5.48993e-06,5.69955e-06
518,0.363078,-0.363078,-5.65426e-06,5.5205e-06
520,0.363085,-0.363085,-5.81906e-06,5.3479e-06
522,0.363091,-0.363091,-6.00947e-06,5.1799e-06
524,0.363097,-0.363097,-6.16532e-06,5.01841e-06
526,0.363103,-0.363103,-6.27722e-06,4.86558e-06
528,0.363109,-0.363109,-6.36004e-06,4.71978e-06
530,0.363114,-0.363114,-6.43756e-06,4.57947e-06
532,0.36312,-0.36312,-6.53869e-06,4.44265e-06
534,0.363125,-0.363125,-6.63876e-06,4.31104e-06
536,0.36313,-0.36313,-6.7269e-06,4.18545e-06
538,0.363135,-0.363135,-6.79913e-06,4.0654e-06
540,0.363139,-0.363139,-6.8633e-06,3.95002e-06
542,0.363144,-0.363144,-6.94281e-06,3.83772e-06
544,0.363148,-0.363148,-7.00339e-06,3.73004e-06
546,0.363153,-0.363153,-7.03942e-06,3.62718e-06
548,0.363157,-0.363157,-7.05999e-06,3.52905e-06
550,0.363161,-0.363161,-7.07206e-06,3.43502e-06
552,0.363166,-0.363166,-7.07206e-06,3.34356e-06
554,0.36317,-0.36317,-7.08537e-06,3.25487e-06
556,0.363174,-0.363174,-7.10618e-06,3.16926e-06
558,0.363178,-0.363178,-7.12291e-06,3.08678e-06
560,0.363182,-0.363182,-7.12484e-06,3.00714e-06
562,0.363186,-0.363186,-7.13106e-06,2.92923e-06
564,0.363189,-0.363189,-7.11812e-06,2.85404e-06
566,0.363193,-0.363193,-7.06315e-06,2.78206e-06
568,0.363197,-0.363197,-6.97879e-06,2.71333e-06
570,0.363202,-0.363202,-6.90494e-06,2.64744e-06
572,0.363206,-0.363206,-6.64687e-06,2.58328e-06
574,0.36321,-0.36321,-6.4643e-06,2.52103e-06
576,0.363214,-0.363214,-6.38968e-06,2.46197e-06
578,0.363218,-0.363218,-6.38826e-06,2.40736e-06
580,0.363222,-0.363222,-6.2893e-06,2.35948e-06
582,0.363226,-0.363226,-6.11857e-06,2.31891e-06
584,0.363231,-0.363231,-5.85507e-06,2.2694e-06
586,0.363237,-0.363237,-5.50577e-06,2.21821e-06
588,0.363243,-0.363243,-5.08397e-06,2.17499e-06
590,0.363249,-0.363249,-4.58768e-06,2.14721e-06
592,0.363256,-0.363256,-2.63324e-06,2.11218e-06
594,0.363264,-0.363264,-1.13395e-06,2.07671e-06
596,0.363272,-0.363272,-1.24681e-06,2.03862e-06
598,0.363279,-0.363279,-3.82023e-06,1.99218e-06
600,0.363284,-0.363284,-5.68062e-06,1.93681e-06
602,0.363289,-0.363289,-5.49881e-06,1.92081e-06
604,0.363295,-0.363295,-7.43806e-06,1.91657e-06
606,0.363302,-0.363302,-1.60051e-05,1.90262e-06
608,0.363309,-0.363309,-3.79054e-05,1.85727e-06
610,0.36331,-0.36331,-6.5811e-05,1.82532e-06
612,0.363314,-0.363314,-6.16594e-05,1.79064e-06
614,0.363343,-0.363343,-2.84353e-05,1.78923e-06
616,0.363406,-0.363406,3.40059e-05,1.82484e-06
618,0.363472,-0.363472,0.000154826,1.77612e-06
620,0.363544,-0.363544,0.000523887,1.67673e-06
622,0.363547,-0.363546,0.00102708,1.62356e-06
624,0.36361,-0.363608,0.00133209,1.57614e-06
626,0.363875,-0.363873,0.00109213,1.47324e-06
628,0.363932,-0.363931,0.000672263,1.46017e-06
630,0.36409,-0.36409,0.000495479,1.43831e-06
632,0.364216,-0.364216,0.000368127,1.41653e-06
634,0.364293,-0.364293,0.000250514,1.39708e-06
636,0.36439,-0.36439,0.000202109,1.378e-06
638,0.364448,-0.364448,0.000144423,1.35788e-06
640,0.364502,-0.364502,0.000107959,1.33712e-06
642,0.364547,-0.364547,8.10768e-05,1.31677e-06
644,0.364581,-0.364581,5.74833e-05,1.29808e-06
646,0.364609,-0.364609,4.37476e-05,1.2834e-06
648,0.364629,-0.364629,3.12973e-05,1.27864e-06
