x,v,vx,vy,vz
220.096,425,0.000135689,8.18131e-05,-7.27345e-06,-0.000108006
220.962,424.5,0.000138151,8.31367e-05,-7.42373e-06,-0.000110086
221.828,424,0.00014065,8.44873e-05,-7.57577e-06,-0.000112192
222.694,423.5,0.000143187,8.5865e-05,-7.72956e-06,-0.000114323
223.56,423,0.00014576,8.72698e-05,-7.88512e-06,-0.000116481
224.426,422.5,0.000148432,8.86812e-05,-8.05918e-06,-0.000118755
225.292,422,0.000151351,9.006e-05,-8.29037e-06,-0.000121358
226.158,421.5,0.000154326,9.14743e-05,-8.52702e-06,-0.000124002
227.024,421,0.000157372,9.29745e-05,-8.77149e-06,-0.000126668
227.89,420.5,0.000160541,9.47372e-05,-9.03149e-06,-0.000129293
228.756,420,0.000163769,9.65497e-05,-9.29652e-06,-0.000131955
229.622,419.5,0.000167057,9.8412e-05,-9.56659e-06,-0.000134654
230.488,419,0.000170405,0.000100324,-9.84169e-06,-0.00013739
231.355,418.5,0.000173811,0.000102286,-1.01218e-05,-0.000140163
232.221,418,0.000177278,0.000104298,-1.0407e-05,-0.000142972
233.087,417.5,0.000180804,0.000106359,-1.06972e-05,-0.000145819
233.953,417,0.000184389,0.00010847,-1.09924e-05,-0.000148703
234.819,416.5,0.000188034,0.000110631,-1.12927e-05,-0.000151624
235.685,416,0.000192023,0.000112758,-1.16515e-05,-0.000154993
236.551,415.5,0.000196283,0.000114895,-1.2054e-05,-0.000158685
237.417,415,0.000200638,0.000117099,-1.24671e-05,-0.000162444
238.283,414.5,0.000205087,0.000119372,-1.28909e-05,-0.000166268
239.149,414,0.000209631,0.000121712,-1.33253e-05,-0.000170158
240.015,413.5,0.000214269,0.00012412,-1.37703e-05,-0.000174115
240.881,413,0.000219002,0.000126596,-1.4226e-05,-0.000178137
241.747,412.5,0.000223828,0.000129139,-1.46923e-05,-0.000182226
242.613,412,0.000228749,0.000131751,-1.51693e-05,-0.00018638
243.479,411.5,0.000233763,0.00013443,-1.56569e-05,-0.000190601
244.345,411,0.000238872,0.000137177,-1.61552e-05,-0.000194888
245.211,410.5,0.000244074,0.000139992,-1.66641e-05,-0.00019924
246.077,410,0.000249392,0.000143015,-1.71809e-05,-0.000203587
246.943,409.5,0.000255566,0.000146387,-1.7792e-05,-0.000208731
247.809,409,0.000261926,0.000149894,-1.84247e-05,-0.000214003
248.675,408.5,0.000268458,0.00015354,-1.90773e-05,-0.000219389
249.541,408,0.000275163,0.000157323,-1.97498e-05,-0.000224886
250.407,407.5,0.000282039,0.000161244,-2.04423e-05,-0.000230496
251.273,407,0.000289088,0.000165304,-2.11546e-05,-0.000236218
252.139,406.5,0.000296309,0.000169501,-2.18868e-05,-0.000242053
253.005,406,0.000303703,0.000173835,-2.26389e-05,-0.000248
253.871,405.5,0.000311268,0.000178308,-2.3411e-05,-0.000254059
254.737,405,0.000319007,0.000182918,-2.42029e-05,-0.000260231
255.603,404.5,0.000326917,0.000187667,-2.50148e-05,-0.000266515
256.469,404,0.000335001,0.000192553,-2.58465e-05,-0.000272912
257.335,403.5,0.000343707,0.000197402,-2.67195e-05,-0.000280095
258.201,403,0.000353462,0.000202081,-2.76553e-05,-0.000288676
259.067,402.5,0.000363455,0.000206918,-2.8616e-05,-0.000297431
259.933,402,0.000373683,0.000211913,-2.96015e-05,-0.000306359
260.799,401.5,0.000384148,0.000217066,-3.0612e-05,-0.00031546
261.665,401,0.000394849,0.000222378,-3.16473e-05,-0.000324734
262.531,400.5,0.000405785,0.000227848,-3.27074e-05,-0.000334181
263.397,400,0.000416956,0.000233477,-3.37925e-05,-0.000343801
264.263,399.5,0.000428362,0.000239263,-3.49024e-05,-0.000353595
265.13,399,0.000440183,0.000245901,-3.60602e-05,-0.000363309
265.996,398.5,0.000452539,0.000253678,-3.72775e-05,-0.000372893
266.862,398,0.000465227,0.000261741,-3.85268e-05,-0.00038268
267.728,397.5,0.000478248,0.000270088,-3.9808e-05,-0.000392669
268.594,397,0.000493169,0.00027835,-4.11596e-05,-0.000405022
269.46,396.5,0.000509168,0.00028682,-4.2562e-05,-0.00041854
270.326,396,0.000525664,0.000295651,-4.40008e-05,-0.000432408
271.192,395.5,0.000542654,0.000304844,-4.5476e-05,-0.000446627
272.058,395,0.00056014,0.000314399,-4.69877e-05,-0.000461196
272.924,394.5,0.000578121,0.000324316,-4.85359e-05,-0.000476116
273.79,394,0.000596596,0.000334595,-5.01205e-05,-0.000491387
274.656,393.5,0.000615566,0.000345235,-5.17416e-05,-0.000507008
275.522,393,0.000635031,0.000356237,-5.33991e-05,-0.00052298
276.388,392.5,0.00065499,0.0003676,-5.50931e-05,-0.000539303
277.254,392,0.000675445,0.000379326,-5.68235e-05,-0.000555976
278.12,391.5,0.000696394,0.000391413,-5.85904e-05,-0.000572999
278.986,391,0.000718213,0.000403547,-6.03742e-05,-0.000591045
279.852,390.5,0.00074445,0.000412933,-6.20042e-05,-0.000616317
280.718,390,0.0007716,0.000422676,-6.36758e-05,-0.000642384
281.584,389.5,0.000799662,0.000432775,-6.5389e-05,-0.000669246
282.45,389,0.000828634,0.00044323,-6.71437e-05,-0.000696902
283.316,388.5,0.000858513,0.000454042,-6.89401e-05,-0.000725354
284.182,388,0.00089018,0.000468718,-7.10137e-05,-0.000753446
285.048,387.5,0.000923601,0.00048692,-7.33424e-05,-0.000781389
285.914,387,0.000958137,0.000506041,-7.57512e-05,-0.000810068
286.78,386.5,0.00099379,0.000526082,-7.82402e-05,-0.000839485
287.646,386,0.00103056,0.000547041,-8.08094e-05,-0.000869638
288.512,385.5,0.00106845,0.00056892,-8.34588e-05,-0.000900528
289.378,385,0.00110746,0.000591718,-8.61883e-05,-0.000932155
290.244,384.5,0.00115076,0.00061703,-8.80284e-05,-0.000967358
291.11,384,0.00119961,0.000646273,-8.87636e-05,-0.00100673
291.976,383.5,0.00125059,0.000678015,-8.94999e-05,-0.00104703
292.842,383,0.00130374,0.000712258,-9.02371e-05,-0.00108824
293.708,382.5,0.00135906,0.000749001,-9.09754e-05,-0.00113038
294.574,382,0.00141658,0.000788244,-9.17146e-05,-0.00117344
295.44,381.5,0.00147633,0.000829988,-9.24549e-05,-0.00121742
296.306,381,0.00153832,0.000874231,-9.31961e-05,-0.00126233
297.172,380.5,0.00160258,0.000920976,-9.39384e-05,-0.00130815
298.038,380,0.00166914,0.00097022,-9.46817e-05,-0.0013549
298.905,379.5,0.00173802,0.00102196,-9.54259e-05,-0.00140256
299.771,379,0.00180923,0.00107621,-9.61712e-05,-0.00145115
300.637,378.5,0.00188281,0.00113295,-9.69174e-05,-0.00150066
301.503,378,0.00195736,0.00113196,-9.87437e-05,-0.00159379
302.369,377.5,0.00203614,0.00111835,-0.000100935,-0.00169852
303.235,377,0.00213142,0.00110602,-0.00010432,-0.00181901
304.101,376.5,0.00224295,0.0010923,-0.000108873,-0.00195598
304.967,376,0.00236691,0.00107596,-0.000114225,-0.00210512
305.833,375.5,0.0025037,0.001057,-0.000120377,-0.00226645
306.699,375,0.00265362,0.00103542,-0.000127328,-0.00243995
307.565,374.5,0.00281687,0.00101122,-0.000135077,-0.00262564
308.431,374,0.00299363,0.000984396,-0.000143626,-0.0028235
309.297,373.5,0.00318398,0.000954954,-0.000152974,-0.00303354
310.163,373,0.00338797,0.000922891,-0.000163121,-0.00325576
311.029,372.5,0.00360561,0.000888207,-0.000174067,-0.00349016
311.895,372,0.00381712,0.00088287,-0.000175063,-0.00370949
312.761,371.5,0.00396172,0.00100702,-0.00013283,-0.00382929
313.627,371,0.00411512,0.00113999,-8.81963e-05,-0.00395308
314.493,370.5,0.00427762,0.0012818,-4.11627e-05,-0.00408085
315.359,370,0.00444949,0.00143244,8.27084e-06,-0.0042126
316.225,369.5,0.00463097,0.00159192,6.01045e-05,-0.00434834
317.091,369,0.00482225,0.00176022,0.000114338,-0.00448806
317.957,368.5,0.00502352,0.00193736,0.000170972,-0.00463176
318.823,368,0.00523493,0.00212333,0.000230006,-0.00477945
319.689,367.5,0.0054566,0.00231813,0.00029144,-0.00493111
320.555,367,0.00568864,0.00252176,0.000355273,-0.00508676
321.421,366.5,0.00593113,0.00273422,0.000421507,-0.0052464
322.287,366,0.0065154,0.00367734,0.000561177,-0.00534908
323.153,365.5,0.00767046,0.00410549,0.000632651,-0.00644831
324.019,365,0.0091292,0.00380552,0.000628573,-0.00827437
324.885,364.5,0.0106253,0.00330421,0.000617208,-0.0100796
325.751,364,0.0121606,0.00260155,0.000598555,-0.0118639
326.617,363.5,0.0137447,0.00169755,0.000572613,-0.0136274
327.483,363,0.0153909,0.000592204,0.000539384,-0.0153701
328.349,362.5,0.0171141,-0.000714488,0.000498867,-0.0170919
329.215,362,0.0189291,-0.00222253,0.000451062,-0.0187928
330.081,361.5,0.0208508,-0.00393191,0.000395969,-0.0204729
330.947,361,0.0228927,-0.00584263,0.000333588,-0.0221321
331.813,360.5,0.0250675,-0.00795471,0.00026392,-0.0237705
332.679,360,0.0273865,-0.0102681,0.000186963,-0.025388
333.546,359.5,0.0298594,-0.0127829,0.000102718,-0.0269846
334.412,359,0.0230892,-0.00281084,-0.00296216,-0.0227252
335.278,358.5,0.021328,0.00948045,-0.00674005,-0.0178767
336.144,358,0.0288627,0.0233934,-0.0110708,-0.0127767
337.01,357.5,0.0427208,0.0389281,-0.0159544,-0.0074252
337.876,357,0.0600528,0.0560844,-0.0213908,-0.00182231
338.742,356.5,0.0798141,0.0748624,-0.02738,0.00403202
339.608,356,0.101628,0.0952621,-0.0339221,0.0101378
340.474,355.5,0.125339,0.117283,-0.041017,0.016495
341.34,355,0.144114,0.134759,-0.0460587,0.0220803
342.206,354.5,0.162216,0.151674,-0.0507136,0.0271496
343.072,354,0.18,0.168383,-0.0551308,0.0317487
343.938,353.5,0.197452,0.184885,-0.0593103,0.0358775
344.804,353,0.205389,0.19267,-0.0603203,0.0377432
345.67,352.5,0.194047,0.18269,-0.0550648,0.0353052
346.536,352,0.183944,0.173977,-0.0501111,0.0325022
347.402,351.5,0.175097,0.166529,-0.0454591,0.029334
348.268,351,0.167532,0.160348,-0.0411089,0.0258007
349.134,350.5,0.161283,0.155432,-0.0370605,0.0219024
350,350,0.156393,0.151782,-0.0333139,0.017639
350.866,349.5,0.15291,0.149398,-0.029869,0.0130104
351.732,349,0.150883,0.148281,-0.0267259,0.00801684
352.598,348.5,0.150362,0.148429,-0.0238846,0.00265814
353.464,348,0.151386,0.149843,-0.0213451,-0.00306565
354.33,347.5,0.153987,0.152522,-0.0191073,-0.00915452
355.196,347,0.15818,0.156468,-0.0171713,-0.0156085
356.062,346.5,0.15855,0.156534,-0.0163483,-0.0191827
356.928,346,0.155607,0.153358,-0.0157121,-0.0211719
357.794,345.5,0.151391,0.148903,-0.0147989,-0.0229805
358.66,345,0.145906,0.143171,-0.0136089,-0.0246088
359.526,344.5,0.138414,0.135428,-0.0120596,-0.0259292
360.392,344,0.119847,0.116784,-0.00927781,-0.0252711
361.258,343.5,0.102663,0.0994328,-0.00674473,-0.0246422
362.124,343,0.0868851,0.0833731,-0.00446034,-0.0240425
362.99,342.5,0.0725502,0.0686055,-0.00242464,-0.0234721
363.856,342,0.059712,0.0551297,-0.000637649,-0.0229309
364.722,341.5,0.0484538,0.042946,0.00090065,-0.0224189
365.588,341,0.0389032,0.0320541,0.00219025,-0.0219362
366.454,340.5,0.0315271,0.0228516,0.00317339,-0.021487
367.321,340,0.0299349,0.021035,0.00306058,-0.0210775
368.187,339.5,0.0283594,0.0192916,0.00294948,-0.0205765
369.053,339,0.0267944,0.0176217,0.00284007,-0.0199838
369.919,338.5,0.0252338,0.0160251,0.00273238,-0.0192995
370.785,338,0.0236713,0.014502,0.00262639,-0.0185237
371.651,337.5,0.0221012,0.0130522,0.0025221,-0.0176562
372.517,337,0.0205176,0.0116757,0.00241951,-0.0166972
373.383,336.5,0.0189151,0.0103727,0.00231864,-0.0156465
374.249,336,0.0172886,0.00914298,0.00221946,-0.0145043
375.115,335.5,0.0156332,0.00798668,0.00212199,-0.0132705
375.981,335,0.0139446,0.00690374,0.00202623,-0.0119451
376.847,334.5,0.0122194,0.00589419,0.00193217,-0.0105281
377.713,334,0.0108831,0.00482674,0.00179331,-0.0095879
378.579,333.5,0.0102182,0.00387457,0.00161862,-0.00931557
379.445,333,0.00964764,0.00374933,0.00151958,-0.00875844
380.311,332.5,0.00909957,0.00362614,0.00142355,-0.00822355
381.177,332,0.00857398,0.00350499,0.00133053,-0.00771089
382.043,331.5,0.00807084,0.00338588,0.00124052,-0.00722048
382.909,331,0.00759008,0.00326882,0.00115352,-0.0067523
383.775,330.5,0.00713166,0.0031538,0.00106954,-0.00630636
384.641,330,0.00669549,0.00304083,0.000988564,-0.00588266
385.507,329.5,0.00628148,0.0029299,0.000910601,-0.00548119
386.373,329,0.00588952,0.00282101,0.000835648,-0.00510197
387.239,328.5,0.00551949,0.00271417,0.000763706,-0.00474498
388.105,328,0.00517124,0.00260938,0.000694776,-0.00441023
388.971,327.5,0.00487979,0.00253227,0.000658979,-0.00411895
389.837,327,0.00461138,0.0024627,0.000631515,-0.00384723
390.703,326.5,0.00435609,0.002394,0.000604425,-0.00358873
391.569,326,0.00411382,0.00232617,0.000577711,-0.00334345
392.435,325.5,0.00388444,0.00225922,0.000551371,-0.0031114
393.301,325,0.00366781,0.00219314,0.000525406,-0.00289256
394.167,324.5,0.00346376,0.00212794,0.000499815,-0.00268695
395.033,324,0.00327209,0.00206361,0.000474599,-0.00249456
395.899,323.5,0.00309256,0.00200015,0.000449758,-0.00231538
396.765,323,0.00292491,0.00193757,0.000425292,-0.00214943
397.631,322.5,0.00277427,0.00187582,0.000400793,-0.0020043
398.497,322,0.00264267,0.00181617,0.000376125,-0.00188249
399.363,321.5,0.00251891,0.00175385,0.000353378,-0.00177314
400.229,321,0.00241315,0.00166687,0.000336366,-0.00171222
401.095,320.5,0.00231061,0.00158321,0.000319885,-0.00165228
401.962,320,0.00221126,0.00150287,0.000303936,-0.00159333
402.828,319.5,0.00211509,0.00142586,0.000288517,-0.00153535
403.694,319,0.00202208,0.00135217,0.00027363,-0.00147836
404.56,318.5,0.00193219,0.00128181,0.000259274,-0.00142236
405.426,318,0.0018454,0.00121477,0.000245449,-0.00136734
406.292,317.5,0.0017617,0.00115106,0.000232155,-0.0013133
407.158,317,0.00168104,0.00109067,0.000219392,-0.00126024
408.024,316.5,0.00160341,0.0010336,0.00020716,-0.00120817
408.89,316,0.00152878,0.000979861,0.000195459,-0.00115708
409.756,315.5,0.00145713,0.000929446,0.00018429,-0.00110697
410.622,315,0.00139682,0.000886424,0.000174778,-0.00106528
411.488,314.5,0.00134556,0.000848827,0.00016656,-0.00103067
412.354,314,0.00129578,0.000812734,0.000158607,-0.000996665
413.22,313.5,0.00124746,0.000778145,0.000150919,-0.000963255
414.086,313,0.0012006,0.000745059,0.000143495,-0.000930443
414.952,312.5,0.00115519,0.000713478,0.000136335,-0.00089823
415.818,312,0.00111122,0.0006834,0.000129441,-0.000866615
416.684,311.5,0.00106911,0.000657652,0.000123209,-0.000833855
417.55,311,0.00102876,0.00063644,0.000117668,-0.000799649
418.416,310.5,0.000989528,0.000615892,0.000112269,-0.000766315
419.282,310,0.000951428,0.000596009,0.000107012,-0.000733851
420.148,309.5,0.00091446,0.000576789,0.000101897,-0.000702259
421.014,309,0.000878626,0.000558235,9.69244e-05,-0.000671538
421.88,308.5,0.000850135,0.000539462,9.31312e-05,-0.000650413
422.746,308,0.000822955,0.00052115,8.95305e-05,-0.000630588
423.612,307.5,0.000796433,0.000503383,8.60145e-05,-0.000611157
424.478,307,0.000770571,0.000486161,8.25832e-05,-0.000592121
425.344,306.5,0.000745366,0.000469484,7.92367e-05,-0.000573478
426.21,306,0.000720819,0.000453353,7.59749e-05,-0.000555229
427.076,305.5,0.000696928,0.000437766,7.27978e-05,-0.000537374
427.942,305,0.000673694,0.000422724,6.97055e-05,-0.000519913
428.808,304.5,0.000651116,0.000408227,6.6698e-05,-0.000502846
429.674,304,0.000629194,0.000394276,6.37751e-05,-0.000486173
430.54,303.5,0.000607927,0.000380869,6.09371e-05,-0.000469894
431.406,303,0.000587315,0.000368007,5.81837e-05,-0.000454009
432.272,302.5,0.000568257,0.00035581,5.57007e-05,-0.00043956
433.138,302,0.000552019,0.000344354,5.37608e-05,-0.000428084
434.004,301.5,0.000536181,0.000333267,5.18706e-05,-0.000416813
434.87,301,0.000520742,0.000322549,5.003e-05,-0.000405748
435.737,300.5,0.0005059,0.000313239,4.82804e-05,-0.000394316
436.603,300,0.000491537,0.000304985,4.66031e-05,-0.00038265
437.469,299.5,0.000477477,0.000296946,4.49633e-05,-0.000371194
438.335,299,0.00046372,0.000289123,4.3361e-05,-0.000359949
439.201,298.5,0.000450266,0.000281514,4.17961e-05,-0.000348915
440.067,298,0.000437115,0.000274121,4.02688e-05,-0.000338092
440.933,297.5,0.000424269,0.000266942,3.8779e-05,-0.000327479
441.799,297,0.000411728,0.000259979,3.73267e-05,-0.000317077
442.665,296.5,0.000399492,0.00025323,3.59118e-05,-0.000306885
443.531,296,0.000388697,0.000246452,3.46605e-05,-0.000298572
444.397,295.5,0.000378747,0.000239729,3.35059e-05,-0.000291302
445.263,295,0.000369012,0.000233186,3.23779e-05,-0.000284158
446.129,294.5,0.000359492,0.000226824,3.12765e-05,-0.000277141
446.995,294,0.000350186,0.000220643,3.02017e-05,-0.00027025
447.861,293.5,0.000341095,0.000214642,2.91536e-05,-0.000263485
448.727,293,0.000332217,0.000208823,2.81321e-05,-0.000256846
449.593,292.5,0.000323554,0.000203184,2.71372e-05,-0.000250334
450.459,292,0.000315105,0.000197726,2.6169e-05,-0.000243948
451.325,291.5,0.000306869,0.000192449,2.52273e-05,-0.000237689
452.191,291,0.000298848,0.000187352,2.43123e-05,-0.000231556
453.057,290.5,0.000291039,0.000182436,2.34239e-05,-0.000225549
453.923,290,0.000283465,0.000177706,2.25647e-05,-0.00021969
454.789,289.5,0.000277187,0.000173699,2.18473e-05,-0.000214904
455.655,289,0.00027106,0.000169929,2.11428e-05,-0.00021012
456.521,288.5,0.000265042,0.000166245,2.04529e-05,-0.000205406
457.387,288,0.000259135,0.000162647,1.97777e-05,-0.000200763
458.253,287.5,0.000253338,0.000159135,1.91171e-05,-0.00019619
459.119,287,0.00024765,0.00015571,1.84712e-05,-0.000191687
459.985,286.5,0.000242073,0.000152371,1.78399e-05,-0.000187254
460.851,286,0.000236605,0.000149117,1.72232e-05,-0.000182892
461.717,285.5,0.000231248,0.00014595,1.66212e-05,-0.0001786
462.583,285,0.000226001,0.000142869,1.60338e-05,-0.000174379
463.449,284.5,0.000220865,0.000139875,1.54611e-05,-0.000170227
464.315,284,0.000215839,0.000136966,1.4903e-05,-0.000166146
465.181,283.5,0.000211173,0.000134145,1.44056e-05,-0.000162455
466.047,283,0.000206981,0.000131395,1.39899e-05,-0.000159313
466.913,282.5,0.000202856,0.000128705,1.35821e-05,-0.000156209
467.779,282,0.000198801,0.000126076,1.3182e-05,-0.000153143
468.645,281.5,0.000194813,0.000123507,1.27898e-05,-0.000150115
469.512,281,0.000190894,0.000120999,1.24053e-05,-0.000147126
470.378,280.5,0.000187044,0.000118552,1.20286e-05,-0.000144174
471.244,280,0.000183262,0.000116164,1.16597e-05,-0.000141261
472.11,279.5,0.000179548,0.000113838,1.12986e-05,-0.000138386
472.976,279,0.000175903,0.000111572,1.09453e-05,-0.00013555
473.842,278.5,0.000172399,0.000109591,1.06188e-05,-0.000132658
474.708,278,0.000168974,0.000107709,1.03036e-05,-0.000129788
475.574,277.5,0.000165612,0.00010587,9.99529e-06,-0.000126961
476.44,277,0.000162569,0.000104069,9.75712e-06,-0.000124511
477.306,276.5,0.00015965,0.0001023,9.54228e-06,-0.000122196
478.172,276,0.000156772,0.000100562,9.33031e-06,-0.000119907
479.038,275.5,0.000153935,9.88567e-05,9.12123e-06,-0.000117644
