x,v,vx,vy,vz
0,0.364176,-0.364176,4.5765e-05,-4.80805e-06
2,0.364205,-0.364205,2.79259e-05,-4.93718e-06
4,0.364231,-0.364231,6.70797e-06,-5.05486e-06
6,0.364248,-0.364248,-1.07389e-05,-5.02742e-06
8,0.364259,-0.364259,-2.5817e-05,-5.0303e-06
10,0.364266,-0.364266,-4.81687e-05,-5.05752e-06
12,0.364269,-0.364269,-9.32112e-05,-5.09128e-06
14,0.364264,-0.364264,-0.000179897,-5.10592e-06
16,0.364224,-0.364223,-0.00030414,-5.13026e-06
18,0.364176,-0.364176,-0.000455629,-5.12672e-06
20,0.364108,-0.364107,-0.000676507,-5.04578e-06
22,0.36403,-0.364028,-0.000984409,-4.79665e-06
24,0.363984,-0.363982,-0.00137334,-4.19145e-06
26,0.363788,-0.363785,-0.00136342,-3.01933e-06
28,0.3636,-0.363598,-0.00105766,-2.73609e-06
30,0.363405,-0.363404,-0.000722485,-2.83718e-06
32,0.363196,-0.363195,-0.000547433,-2.83204e-06
34,0.36305,-0.36305,-0.00040465,-2.83373e-06
36,0.36291,-0.36291,-0.000321634,-2.8252e-06
38,0.362793,-0.362793,-0.000252127,-2.81127e-06
40,0.362696,-0.362696,-0.000194521,-2.79257e-06
42,0.362612,-0.362612,-0.000156581,-2.76889e-06
44,0.362546,-0.362546,-0.000123558,-2.73739e-06
46,0.36249,-0.36249,-0.000101748,-2.70011e-06
48,0.362442,-0.362442,-8.49507e-05,-2.65977e-06
50,0.362399,-0.362399,-7.1495e-05,-2.61718e-06
52,0.362361,-0.362361,-6.27885e-05,-2.57181e-06
54,0.362327,-0.362327,-5.37979e-05,-2.51844e-06
56,0.362298,-0.362298,-4.65327e-05,-2.45957e-06
58,0.362273,-0.362273,-4.07332e-05,-2.39738e-06
60,0.36225,-0.36225,-3.61929e-05,-2.33311e-06
62,0.36223,-0.36223,-3.31543e-05,-2.26568e-06
64,0.362213,-0.362213,-2.88721e-05,-2.18934e-06
66,0.362197,-0.362197,-2.53479e-05,-2.10628e-06
68,0.362182,-0.362182,-2.2778e-05,-2.01916e-06
70,0.362169,-0.362169,-2.10273e-05,-1.93051e-06
72,0.362156,-0.362156,-1.99799e-05,-1.83843e-06
74,0.362144,-0.362144,-1.84615e-05,-1.73583e-06
76,0.362133,-0.362133,-1.69864e-05,-1.6249e-06
78,0.362122,-0.362122,-1.57705e-05,-1.50863e-06
80,0.362112,-0.362112,-1.49131e-05,-1.39123e-06
82,0.362103,-0.362103,-1.43917e-05,-1.2695e-06
84,0.362094,-0.362094,-1.3527e-05,-1.13548e-06
86,0.362085,-0.362085,-1.26889e-05,-9.90208e-07
88,0.362077,-0.362077,-1.20683e-05,-8.36651e-07
90,0.362068,-0.362068,-1.16552e-05,-6.81232e-07
92,0.36206,-0.36206,-1.14095e-05,-5.20901e-07
94,0.362052,-0.362052,-1.10742e-05,-3.4692e-07
96,0.362044,-0.362044,-1.07202e-05,-1.59487e-07
98,0.362036,-0.362036,-1.04299e-05,3.8536e-08
100,0.362028,-0.362028,-1.02252e-05,2.38481e-07
102,0.36202,-0.36202,-1.01106e-05,4.44251e-07
104,0.362012,-0.362012,-9.94334e-06,6.66185e-07
106,0.362004,-0.362004,-9.76503e-06,9.06239e-07
108,0.361996,-0.361996,-9.66976e-06,1.16244e-06
110,0.361988,-0.361988,-9.60135e-06,1.42261e-06
112,0.36198,-0.36198,-9.5938e-06,1.68943e-06
114,0.361972,-0.361972,-9.59471e-06,1.97398e-06
116,0.361963,-0.361963,-9.60349e-06,2.28031e-06
118,0.361954,-0.361954,-9.66668e-06,2.60715e-06
120,0.361945,-0.361945,-9.70046e-06,2.93956e-06
122,0.361936,-0.361936,-9.78415e-06,3.28141e-06
124,0.361926,-0.361926,-9.89041e-06,3.64505e-06
126,0.361917,-0.361917,-1.00141e-05,4.03827e-06
128,0.361907,-0.361907,-1.02269e-05,4.4622e-06
130,0.361896,-0.361896,-1.03885e-05,4.89397e-06
132,0.361885,-0.361885,-1.05908e-05,5.33764e-06
134,0.361874,-0.361874,-1.08447e-05,5.80588e-06
136,0.361862,-0.361862,-1.11483e-05,6.31079e-06
138,0.36185,-0.36185,-1.15375e-05,6.85593e-06
140,0.361838,-0.361838,-1.18232e-05,7.41192e-06
142,0.361825,-0.361825,-1.21311e-05,7.9834e-06
144,0.361811,-0.361811,-1.25085e-05,8.58375e-06
146,0.361797,-0.361797,-1.29673e-05,9.23224e-06
148,0.361782,-0.361782,-1.35722e-05,9.94041e-06
150,0.361766,-0.361766,-1.40546e-05,1.06638e-05
152,0.36175,-0.36175,-1.45462e-05,1.14073e-05
154,0.361733,-0.361733,-1.51418e-05,1.21838e-05
156,0.361715,-0.361715,-1.59098e-05,1.30262e-05
158,0.361696,-0.361696,-1.68045e-05,1.39357e-05
160,0.361676,-0.361676,-1.75335e-05,1.48706e-05
162,0.361655,-0.361655,-1.82288e-05,1.5834e-05
164,0.361633,-0.361633,-1.90511e-05,1.68386e-05
166,0.361611,-0.361611,-2.01197e-05,1.79397e-05
168,0.361586,-0.361586,-2.13888e-05,1.91266e-05
170,0.36156,-0.36156,-2.25321e-05,2.03551e-05
172,0.361533,-0.361533,-2.36187e-05,2.16217e-05
174,0.361505,-0.361505,-2.4867e-05,2.29364e-05
176,0.361475,-0.361475,-2.66327e-05,2.43843e-05
178,0.361443,-0.361443,-2.85309e-05,2.59297e-05
180,0.361409,-0.361409,-3.01975e-05,2.75357e-05
182,0.361373,-0.361373,-3.16672e-05,2.91938e-05
184,0.361336,-0.361336,-3.33963e-05,3.09214e-05
186,0.361295,-0.361295,-3.58528e-05,3.28331e-05
188,0.361253,-0.361253,-3.86536e-05,3.48795e-05
190,0.361207,-0.361207,-4.1387e-05,3.70223e-05
192,0.361158,-0.361158,-4.39223e-05,3.92382e-05
194,0.361107,-0.361107,-4.69667e-05,4.15623e-05
196,0.361052,-0.361052,-5.11209e-05,4.41096e-05
198,0.360992,-0.360992,-5.55982e-05,4.6836e-05
200,0.360929,-0.360929,-5.98298e-05,4.97044e-05
202,0.360862,-0.360862,-6.34414e-05,5.26788e-05
204,0.36079,-0.36079,-6.78895e-05,5.58391e-05
206,0.360712,-0.360712,-7.35864e-05,5.92905e-05
208,0.360629,-0.360629,-8.00422e-05,6.30078e-05
210,0.360539,-0.360539,-8.67616e-05,6.69523e-05
212,0.360443,-0.360443,-9.31119e-05,7.10569e-05
214,0.360337,-0.360337,-0.000100665,7.5465e-05
216,0.360224,-0.360224,-0.000110777,8.02352e-05
218,0.360102,-0.360102,-0.000121836,8.53779e-05
220,0.359971,-0.359971,-0.000132455,9.08625e-05
222,0.35983,-0.35983,-0.000141248,9.66094e-05
224,0.359677,-0.359677,-0.00015244,0.00010281
226,0.359513,-0.359513,-0.000166103,0.000109513
228,0.359335,-0.359334,-0.000181788,0.000116763
230,0.359139,-0.359139,-0.000199038,0.000124556
232,0.35892,-0.35892,-0.000218422,0.000132819
234,0.35868,-0.35868,-0.000240515,0.000141708
236,0.358419,-0.358419,-0.000270474,0.000151229
238,0.358136,-0.358136,-0.000305144,0.000161464
240,0.357829,-0.357828,-0.000337529,0.000172484
242,0.357493,-0.357493,-0.000361397,0.000184096
244,0.357133,-0.357132,-0.000391038,0.000196722
246,0.356741,-0.356741,-0.000425094,0.000210362
248,0.356308,-0.356308,-0.000465483,0.000225116
250,0.355816,-0.355815,-0.000518737,0.000241263
252,0.355231,-0.35523,-0.000595288,0.000258261
254,0.354581,-0.35458,-0.000679612,0.000276021
256,0.35386,-0.353859,-0.000794195,0.000294303
258,0.353064,-0.353063,-0.000942228,0.000313045
260,0.352186,-0.352185,-0.00105818,0.000332923
262,0.351245,-0.351243,-0.00114506,0.0003533
264,0.350209,-0.350207,-0.00123789,0.000376222
266,0.349055,-0.349052,-0.00131146,0.000401464
268,0.347757,-0.347754,-0.00134213,0.000428261
270,0.346204,-0.346201,-0.00150122,0.000457462
272,0.3443,-0.344295,-0.00183397,0.000480299
274,0.342138,-0.34213,-0.00217644,0.000495239
276,0.339718,-0.339708,-0.00255537,0.000499802
278,0.336991,-0.336976,-0.0031326,0.000490616
280,0.333898,-0.333881,-0.00334595,0.000465731
282,0.3305,-0.330483,-0.00330821,0.000437437
284,0.326513,-0.326497,-0.00316439,0.000404946
286,0.321705,-0.321691,-0.00301457,0.000355716
288,0.315805,-0.315792,-0.00288776,0.000245824
290,0.308027,-0.308009,-0.00336969,4.08356e-05
292,0.29851,-0.298482,-0.00411182,-0.000333571
294,0.287673,-0.287624,-0.0052207,-0.00093516
296,0.275878,-0.275784,-0.00697142,-0.00183404
298,0.262289,-0.262054,-0.0105947,-0.00330736
300,0.245713,-0.245352,-0.0120632,-0.00564615
302,0.228082,-0.22754,-0.012924,-0.00895209
304,0.20772,-0.206955,-0.0120957,-0.013076
306,0.181605,-0.180602,-0.00740335,-0.0175613
308,0.156384,-0.155515,0.000362616,-0.0164646
310,0.130877,-0.129722,0.0154555,-0.00787312
312,0.106455,-0.104497,0.0185891,-0.00821561
314,0.0959571,-0.0866849,0.0389009,-0.0134245
316,0.0958675,-0.0702048,0.0623,-0.0195081
318,0.119168,-0.0530279,0.100942,-0.0346372
320,0.162624,0.046646,0.123182,-0.0953766
322,0.27871,0.0866638,0.217299,-0.151491
324,0.461959,0.00156525,0.424236,-0.182833
326,0.752991,-0.409798,0.620586,-0.11804
328,0.732828,-0.616819,0.371666,-0.135776
330,0.595906,-0.593085,-0.0339332,-0.0469324
332,0.622407,-0.44341,-0.380354,0.214729
334,0.85687,-0.315886,-0.46617,0.645855
336,0.832672,-0.24518,-0.28694,0.742223
338,0.680546,-0.161395,-0.156033,0.642455
340,0.469815,-0.113568,-0.0721655,0.450133
342,0.285071,-0.112917,-0.0271115,0.260346
344,0.238129,-0.143674,-0.00373937,0.189866
346,0.241798,-0.18394,-0.00273315,0.156923
348,0.245323,-0.212878,0.0014344,0.121919
350,0.252779,-0.235656,0.00638585,0.0912274
352,0.265257,-0.255999,0.00953718,0.0688101
354,0.278445,-0.273308,0.00835182,0.0525759
356,0.289438,-0.286345,0.00664204,0.0416743
358,0.298555,-0.296675,0.00507805,0.0330639
360,0.30625,-0.305093,0.00409968,0.026278
362,0.313086,-0.312351,0.00390046,0.021092
364,0.319196,-0.318713,0.00325429,0.0172362
366,0.324383,-0.324056,0.00269326,0.0143253
368,0.328917,-0.328691,0.00233787,0.0119633
370,0.332875,-0.332718,0.00215071,0.0100189
372,0.336303,-0.336191,0.00200481,0.0084309
374,0.339014,-0.338933,0.00177745,0.00718565
376,0.341415,-0.341355,0.00160459,0.00615688
378,0.34352,-0.343476,0.00136477,0.00528816
380,0.345345,-0.345314,0.00106159,0.00455019
382,0.346899,-0.346876,0.000880616,0.00395165
384,0.348264,-0.348246,0.000774192,0.00346561
386,0.349504,-0.34949,0.000709295,0.00305965
388,0.350639,-0.350628,0.000661785,0.00271165
390,0.351677,-0.351668,0.000610917,0.00240286
392,0.352564,-0.352557,0.000545956,0.00213671
394,0.353322,-0.353317,0.00051017,0.00190777
396,0.354013,-0.354009,0.000480652,0.00170848
398,0.354648,-0.354644,0.000440165,0.00153291
400,0.355225,-0.355222,0.000374772,0.00137416
402,0.35573,-0.355728,0.000323114,0.00124001
404,0.356194,-0.356192,0.000289688,0.00112227
406,0.356624,-0.356622,0.000267603,0.00101923
408,0.357024,-0.357023,0.000250522,0.000928331
410,0.357395,-0.357394,0.000230478,0.000845223
412,0.357718,-0.357717,0.000208222,0.00077179
414,0.35801,-0.358009,0.00019408,0.000705735
416,0.358277,-0.358276,0.000183517,0.000646726
418,0.358526,-0.358526,0.00017165,0.000593842
420,0.358755,-0.358754,0.000152403,0.000545218
422,0.358961,-0.358961,0.000135679,0.000501717
424,0.359154,-0.359153,0.000123847,0.000462358
426,0.359334,-0.359334,0.000115679,0.000426963
428,0.359505,-0.359504,0.000108972,0.000395148
430,0.359663,-0.359663,0.000100564,0.000365861
432,0.359807,-0.359807,9.17253e-05,0.000338911
434,0.35994,-0.35994,8.49979e-05,0.000314249
436,0.360063,-0.360063,8.02371e-05,0.000291858
438,0.360178,-0.360178,7.57781e-05,0.000271591
440,0.360284,-0.360284,6.85396e-05,0.000252875
442,0.360382,-0.360382,6.19264e-05,0.000235424
444,0.360474,-0.360474,5.68305e-05,0.000219352
446,0.360561,-0.360561,5.33442e-05,0.000204688
448,0.360643,-0.360643,5.03971e-05,0.000191446
450,0.36072,-0.36072,4.6788e-05,0.000179053
452,0.360792,-0.360792,4.2933e-05,0.000167373
454,0.360859,-0.360859,3.95876e-05,0.000156515
456,0.360922,-0.360922,3.72423e-05,0.000146553
458,0.360981,-0.360981,3.51918e-05,0.000137572
460,0.361036,-0.361036,3.22775e-05,0.000129072
462,0.361087,-0.361087,2.94042e-05,0.000121025
464,0.361136,-0.361136,2.70507e-05,0.000113504
466,0.361182,-0.361182,2.55498e-05,0.000106587
468,0.361226,-0.361226,2.42874e-05,0.000100368
470,0.361267,-0.361267,2.27603e-05,9.44171e-05
472,0.361307,-0.361307,2.10623e-05,8.87396e-05
474,0.361344,-0.361344,1.9425e-05,8.33853e-05
476,0.361379,-0.361379,1.82918e-05,7.84622e-05
478,0.361411,-0.361411,1.72772e-05,7.40139e-05
480,0.361442,-0.361442,1.59982e-05,6.97468e-05
482,0.361472,-0.361472,1.4647e-05,6.56645e-05
484,0.3615,-0.3615,1.34442e-05,6.17956e-05
486,0.361527,-0.361527,1.27067e-05,5.82577e-05
488,0.361552,-0.361552,1.20417e-05,5.50307e-05
490,0.361576,-0.361576,1.13047e-05,5.19343e-05
492,0.361599,-0.361599,1.04837e-05,4.89494e-05
494,0.361621,-0.361621,9.6224e-06,4.60907e-05
496,0.361642,-0.361642,9.03495e-06,4.34973e-05
498,0.361662,-0.361662,8.50221e-06,4.10991e-05
500,0.361681,-0.361681,7.90311e-06,3.87965e-05
502,0.361699,-0.361699,7.24252e-06,3.65707e-05
504,0.361716,-0.361716,6.60115e-06,3.44395e-05
506,0.361732,-0.361732,6.24563e-06,3.25133e-05
508,0.361748,-0.361748,5.92239e-06,3.07162e-05
510,0.361763,-0.361763,5.58413e-06,2.89964e-05
512,0.361778,-0.361778,5.2031e-06,2.73266e-05
514,0.361792,-0.361792,4.77441e-06,2.57225e-05
516,0.361805,-0.361805,4.49461e-06,2.426e-05
518,0.361818,-0.361818,4.2378e-06,2.28959e-05
520,0.36183,-0.36183,3.96411e-06,2.15946e-05
522,0.361842,-0.361842,3.65467e-06,2.03267e-05
524,0.361853,-0.361853,3.34923e-06,1.91117e-05
526,0.361864,-0.361864,3.17915e-06,1.79964e-05
528,0.361875,-0.361875,3.03569e-06,1.6958e-05
530,0.361885,-0.361885,2.89565e-06,1.5972e-05
532,0.361895,-0.361895,2.75965e-06,1.50075e-05
534,0.361905,-0.361905,2.57285e-06,1.40763e-05
536,0.361914,-0.361914,2.44777e-06,1.32124e-05
538,0.361923,-0.361923,2.34128e-06,1.24074e-05
540,0.361932,-0.361932,2.23225e-06,1.16459e-05
542,0.36194,-0.36194,2.11627e-06,1.09005e-05
544,0.361948,-0.361948,1.99442e-06,1.01843e-05
546,0.361956,-0.361956,1.95638e-06,9.51772e-06
548,0.361964,-0.361964,1.94516e-06,8.89843e-06
550,0.361972,-0.361972,1.93015e-06,8.31574e-06
552,0.36198,-0.36198,1.98933e-06,7.73956e-06
554,0.361987,-0.361987,1.96652e-06,7.1804e-06
556,0.361995,-0.361995,1.92435e-06,6.65947e-06
558,0.362002,-0.362002,1.87678e-06,6.17976e-06
560,0.362009,-0.362009,1.82819e-06,5.7355e-06
562,0.362016,-0.362016,1.77358e-06,5.29235e-06
564,0.362023,-0.362023,1.76054e-06,4.85614e-06
566,0.36203,-0.36203,1.88436e-06,4.44554e-06
568,0.362037,-0.362037,2.09758e-06,4.06553e-06
570,0.362045,-0.362045,2.24532e-06,3.71225e-06
572,0.362052,-0.362052,2.86089e-06,3.37606e-06
574,0.36206,-0.36206,3.22724e-06,3.05238e-06
576,0.362067,-0.362067,3.30978e-06,2.74299e-06
578,0.362075,-0.362075,3.20281e-06,2.4477e-06
580,0.362082,-0.362082,3.25836e-06,2.16387e-06
582,0.36209,-0.36209,3.44542e-06,1.90309e-06
584,0.362098,-0.362098,3.952e-06,1.66647e-06
586,0.362108,-0.362108,4.80968e-06,1.44436e-06
588,0.36212,-0.36212,5.979e-06,1.2276e-06
590,0.362132,-0.362132,7.22122e-06,1.02376e-06
592,0.362145,-0.362145,1.1425e-05,8.20153e-07
594,0.362159,-0.362159,1.42285e-05,6.15153e-07
596,0.362171,-0.362171,1.3298e-05,4.2368e-07
598,0.362181,-0.362181,7.09088e-06,2.68577e-07
600,0.362184,-0.362184,9.21279e-08,1.66868e-07
602,0.362182,-0.362182,-8.10581e-06,3.35943e-08
604,0.362177,-0.362177,-2.50471e-05,-1.33726e-07
606,0.362168,-0.362168,-6.02487e-05,-3.11351e-07
608,0.362158,-0.362158,-0.000129534,-4.35193e-07
610,0.362135,-0.362135,-0.000216896,-4.95278e-07
612,0.36212,-0.36212,-0.000233693,-5.62686e-07
614,0.362144,-0.362144,-0.000166416,-6.45007e-07
616,0.362218,-0.362218,-5.16353e-06,-7.54751e-07
618,0.362298,-0.362298,0.000289207,-9.47077e-07
620,0.362384,-0.362383,0.00091504,-1.26867e-06
622,0.362399,-0.362395,0.00165824,-1.86307e-06
624,0.362502,-0.362496,0.00206279,-2.84917e-06
626,0.362866,-0.362862,0.00167409,-4.1982e-06
628,0.362987,-0.362985,0.00106047,-4.17104e-06
630,0.363244,-0.363243,0.000792356,-4.2318e-06
632,0.363444,-0.363444,0.000597535,-4.31238e-06
634,0.363571,-0.363571,0.000420538,-4.38653e-06
636,0.363731,-0.363731,0.000345478,-4.45094e-06
638,0.36383,-0.36383,0.00025149,-4.50338e-06
640,0.363922,-0.363922,0.000190247,-4.54559e-06
642,0.363997,-0.363997,0.000145132,-4.58448e-06
644,0.364055,-0.364055,0.000106883,-4.62488e-06
646,0.364104,-0.364104,8.4552e-05,-4.66824e-06
648,0.364142,-0.364142,6.33919e-05,-4.71165e-06
