x,v,vx,vy,vz
0,0.361523,-0.361523,0.000301836,0.000346365
2,0.361739,-0.361739,0.000248304,0.000335419
4,0.361952,-0.361952,0.000190472,0.000324772
6,0.362152,-0.362152,0.000156672,0.000314681
8,0.362342,-0.362341,0.000132295,0.000306064
10,0.362519,-0.362519,8.90029e-05,0.000299299
12,0.362683,-0.362682,-1.09788e-05,0.000295066
14,0.362829,-0.362829,-0.000212479,0.000294215
16,0.362891,-0.36289,-0.000530791,0.000301241
18,0.362922,-0.362921,-0.000930352,0.000317657
20,0.362895,-0.362892,-0.00144639,0.000346491
22,0.362798,-0.362792,-0.00208156,0.000390337
24,0.362638,-0.362627,-0.00280008,0.000452832
26,0.362328,-0.362315,-0.00303326,0.000524244
28,0.361853,-0.361843,-0.00268381,0.00053206
30,0.361297,-0.36129,-0.00214632,0.000515966
32,0.360739,-0.360734,-0.00175207,0.000511041
34,0.360215,-0.360212,-0.00147753,0.000503602
36,0.359752,-0.359749,-0.00124216,0.00049674
38,0.359335,-0.359333,-0.0010398,0.000490212
40,0.358965,-0.358964,-0.000870247,0.000483715
42,0.358641,-0.35864,-0.000731701,0.000476965
44,0.358362,-0.358361,-0.000606228,0.000470816
46,0.358118,-0.358118,-0.000514182,0.000465266
48,0.357895,-0.357895,-0.000442899,0.000459941
50,0.357689,-0.357688,-0.000387405,0.000454788
52,0.357502,-0.357501,-0.000347054,0.000449988
54,0.357328,-0.357327,-0.000307588,0.000445344
56,0.357176,-0.357175,-0.000271809,0.000440943
58,0.357041,-0.357041,-0.00024061,0.000436772
60,0.356921,-0.35692,-0.000214271,0.000432822
62,0.356812,-0.356812,-0.000192505,0.000429125
64,0.356714,-0.356714,-0.000165045,0.000425679
66,0.356625,-0.356625,-0.000143091,0.000422453
68,0.356543,-0.356542,-0.000127795,0.000419451
70,0.356463,-0.356463,-0.000118205,0.000416673
72,0.356387,-0.356387,-0.000112004,0.000414157
74,0.356313,-0.356313,-0.000103748,0.000411862
76,0.356244,-0.356244,-9.49671e-05,0.000409775
78,0.356181,-0.35618,-8.69422e-05,0.000407894
80,0.356122,-0.356121,-8.10245e-05,0.000406216
82,0.356065,-0.356065,-7.59615e-05,0.000404805
84,0.356011,-0.356011,-6.85998e-05,0.000403596
86,0.355959,-0.355959,-6.1851e-05,0.000402593
88,0.355908,-0.355908,-5.73013e-05,0.000401795
90,0.355857,-0.355857,-5.51451e-05,0.000401216
92,0.355807,-0.355807,-5.38615e-05,0.000400868
94,0.355756,-0.355756,-5.22839e-05,0.000400694
96,0.355705,-0.355705,-5.02572e-05,0.000400692
98,0.355656,-0.355656,-4.79097e-05,0.000400866
100,0.355609,-0.355608,-4.62137e-05,0.000401254
102,0.355561,-0.355561,-4.45222e-05,0.000401866
104,0.355514,-0.355513,-4.24083e-05,0.000402682
106,0.355466,-0.355466,-4.02725e-05,0.000403702
108,0.355419,-0.355418,-3.87971e-05,0.000404924
110,0.35537,-0.355369,-3.84141e-05,0.000406405
112,0.35532,-0.355319,-3.81203e-05,0.000408089
114,0.355269,-0.355269,-3.82125e-05,0.000409976
116,0.355217,-0.355217,-3.84136e-05,0.000412071
118,0.355165,-0.355165,-3.78295e-05,0.000414388
120,0.355113,-0.355112,-3.71519e-05,0.000416956
122,0.355059,-0.355059,-3.62375e-05,0.000419714
124,0.355006,-0.355005,-3.54037e-05,0.000422681
126,0.354951,-0.35495,-3.48406e-05,0.000425868
128,0.354894,-0.354893,-3.44227e-05,0.000429311
130,0.354834,-0.354833,-3.50516e-05,0.00043302
132,0.354772,-0.354772,-3.5318e-05,0.000436953
134,0.354708,-0.354708,-3.60404e-05,0.000441129
136,0.354642,-0.354642,-3.79967e-05,0.000445572
138,0.354575,-0.354574,-3.78914e-05,0.000450353
140,0.354506,-0.354506,-3.63829e-05,0.000455405
142,0.354437,-0.354437,-3.44217e-05,0.000460704
144,0.354367,-0.354367,-3.23634e-05,0.000466281
146,0.354294,-0.354294,-3.03289e-05,0.000472184
148,0.354217,-0.354217,-2.85422e-05,0.000478524
150,0.354134,-0.354134,-3.12529e-05,0.000485217
152,0.354043,-0.354043,-3.33528e-05,0.00049226
154,0.353946,-0.353946,-3.41995e-05,0.000499657
156,0.353842,-0.353842,-4.07288e-05,0.000507456
158,0.353732,-0.353732,-4.09338e-05,0.000515744
160,0.353623,-0.353623,-3.03076e-05,0.000524373
162,0.353521,-0.353521,-1.64525e-05,0.000533349
164,0.353429,-0.353428,-5.72768e-06,0.000542716
166,0.353337,-0.353336,8.19688e-06,0.000552785
168,0.353239,-0.353239,1.74608e-05,0.000563325
170,0.353117,-0.353116,1.17406e-05,0.00057425
172,0.352958,-0.352958,6.98548e-06,0.000585547
174,0.352755,-0.352755,2.43086e-05,0.000597184
176,0.352505,-0.352505,-5.20996e-05,0.000608723
178,0.3522,-0.352199,-0.000112423,0.000620267
180,0.351892,-0.351892,-0.000106086,0.000631896
182,0.351633,-0.351633,-6.62012e-05,0.000643704
184,0.351489,-0.351488,-0.000123306,0.000655829
186,0.351344,-0.351343,-6.44833e-05,0.000670313
188,0.351197,-0.351196,-3.84073e-05,0.000685547
190,0.350893,-0.350893,-0.000233969,0.000701118
192,0.350255,-0.350254,-0.000678998,0.000715891
194,0.348946,-0.348944,-0.000936237,0.000725825
196,0.347069,-0.347066,-0.00122105,0.000723784
198,0.344886,-0.344883,-0.00131864,0.000711268
200,0.342562,-0.342559,-0.00133972,0.000687837
202,0.340246,-0.340243,-0.00146697,0.000653169
204,0.337884,-0.337879,-0.00184724,0.000604866
206,0.335597,-0.335595,-0.000992752,0.000547608
208,0.333543,-0.333543,-3.61373e-05,0.000489436
210,0.331521,-0.33152,3.22905e-05,0.000432588
212,0.329072,-0.329066,-0.00188746,0.000376285
214,0.325196,-0.32518,-0.00324021,0.000302417
216,0.321105,-0.321098,-0.00210469,0.000231026
218,0.318091,-0.318091,0.000180151,0.000159749
220,0.316675,-0.316668,0.00201698,9.12646e-05
222,0.316173,-0.316172,0.000810292,3.95971e-05
224,0.314531,-0.314531,-8.48798e-05,1.1971e-05
226,0.312898,-0.312896,0.00124755,-2.16229e-05
228,0.312047,-0.312028,0.00341231,-5.76695e-05
230,0.312409,-0.312374,0.00464157,-8.85251e-05
232,0.313101,-0.313085,0.00318159,-0.000103937
234,0.313059,-0.313049,0.00251004,-0.000107759
236,0.313112,-0.313095,0.00322372,-0.000110946
238,0.313657,-0.313624,0.00453314,-0.000108137
240,0.314918,-0.314878,0.00499739,-8.94739e-05
242,0.315993,-0.315969,0.00392392,-0.000106511
244,0.316506,-0.316485,0.00368151,-0.000168145
246,0.317007,-0.316978,0.00429825,-0.000185089
248,0.317832,-0.317788,0.00531468,-0.000130714
250,0.31918,-0.319132,0.00555272,-4.03719e-05
252,0.320529,-0.320494,0.00475447,-0.000173231
254,0.321646,-0.321619,0.0041463,-0.000365661
256,0.322762,-0.322734,0.00426387,-0.000511743
258,0.324156,-0.324112,0.00529899,-0.000574067
260,0.326279,-0.326211,0.00660074,-0.000723093
262,0.328892,-0.328851,0.00490917,-0.00160096
264,0.330056,-0.330042,0.000737633,-0.00291322
266,0.329834,-0.329795,-0.00332405,-0.00382625
268,0.328719,-0.328674,-0.00419756,-0.00344714
270,0.327484,-0.327476,-0.000855626,-0.00211385
272,0.329765,-0.32972,-0.00529316,-0.00128509
274,0.326963,-0.326705,-0.0127772,-0.00236653
276,0.319165,-0.318595,-0.0188282,-0.00292341
278,0.312353,-0.311823,-0.0179799,0.00272198
280,0.294818,-0.294403,-0.0120361,0.00997507
282,0.281576,-0.280692,-0.00677673,0.0212494
284,0.26812,-0.264566,0.00293625,0.0434126
286,0.257523,-0.246585,0.0170398,0.072274
288,0.256193,-0.242528,0.0242869,0.0789019
290,0.257298,-0.246814,0.0303874,0.066044
292,0.263632,-0.255112,0.0391307,0.0537446
294,0.285516,-0.278104,0.0446757,0.0467079
296,0.321804,-0.316575,0.0427281,0.0388883
298,0.301381,-0.295672,0.0465686,-0.0352119
300,0.323215,-0.30477,0.0628648,-0.0873581
302,0.316071,-0.293903,0.0690524,-0.0935602
304,0.270929,-0.257242,0.0626913,-0.0574357
306,0.21311,-0.207278,0.0494303,0.00285115
308,0.160473,-0.14241,0.0131844,0.0727813
310,0.153878,-0.0711431,-0.0331483,0.132357
312,0.203681,0.0303066,-0.0673104,0.189834
314,0.284764,0.156696,-0.075487,0.225475
316,0.320553,0.263944,-0.049065,0.175159
318,0.381813,0.353188,0.0762283,0.123406
320,0.413001,0.37457,0.160515,0.0670956
322,0.433955,0.319563,0.289273,0.0501793
324,0.485756,0.175443,0.451351,0.0382125
326,0.405486,-0.123953,0.191727,-0.335104
328,0.463795,-0.34677,0.0737044,-0.29904
330,0.41397,-0.370042,0.0450067,-0.180039
332,0.354283,-0.329248,0.0414001,-0.124091
334,0.468015,-0.413539,-0.00330463,-0.219117
336,0.456976,-0.404318,-0.0249389,-0.2115
338,0.460255,-0.410139,-0.0291835,-0.206809
340,0.458913,-0.421502,-0.0192785,-0.180461
342,0.449841,-0.427114,-0.00818766,-0.140939
344,0.430156,-0.411127,-0.0201927,-0.124902
346,0.410224,-0.3943,-0.0340072,-0.107959
348,0.383952,-0.369669,-0.0385486,-0.0963253
350,0.363936,-0.351057,-0.032756,-0.0902
352,0.35665,-0.344648,-0.0201914,-0.0894932
354,0.353649,-0.340435,-0.0151196,-0.0945655
356,0.367719,-0.349017,-0.016308,-0.11462
358,0.370774,-0.347752,-0.0135177,-0.127904
360,0.368497,-0.34469,-0.0082737,-0.130039
362,0.369696,-0.349394,-0.00320928,-0.120784
364,0.36341,-0.3471,0.00496729,-0.107532
366,0.377782,-0.360587,0.00381106,-0.112612
368,0.391597,-0.375758,0.00432608,-0.110161
370,0.406551,-0.394799,0.00513141,-0.096907
372,0.434108,-0.426667,-0.000758065,-0.0800287
374,0.428642,-0.421889,0.00236539,-0.0757501
376,0.437981,-0.433959,0.0033245,-0.0591249
378,0.450339,-0.448139,0.00232626,-0.0444033
380,0.4587,-0.457461,0.000690847,-0.0336818
382,0.463914,-0.463753,0.00179132,-0.0120817
384,0.462141,-0.46214,0.000732274,0.000255956
386,0.460882,-0.460581,0.00343929,0.0162815
388,0.458831,-0.457751,0.00642549,0.0308026
390,0.454694,-0.452881,0.00682697,0.0399768
392,0.453357,-0.450442,0.00708119,0.0508379
394,0.447644,-0.443704,0.00552776,0.0590043
396,0.441376,-0.436151,0.00559989,0.0674861
398,0.43427,-0.427735,0.00683108,0.0747413
400,0.425108,-0.417791,0.00765112,0.0781598
402,0.418897,-0.411037,0.00843575,0.0803218
404,0.412067,-0.403867,0.00784787,0.081417
406,0.405488,-0.397131,0.00721651,0.0815784
408,0.399319,-0.390962,0.00709873,0.0809528
410,0.393156,-0.384907,0.00755518,0.0797601
412,0.388164,-0.38027,0.00772559,0.0775017
414,0.38372,-0.376188,0.00735997,0.0752958
416,0.379646,-0.372519,0.00680068,0.072901
418,0.375857,-0.369188,0.00637799,0.0701966
420,0.372496,-0.366286,0.00644962,0.0674243
422,0.369654,-0.363949,0.00644375,0.064369
424,0.367249,-0.362018,0.00611759,0.0614575
426,0.365173,-0.360384,0.00561606,0.05868
428,0.363318,-0.358946,0.00517004,0.0559555
430,0.361795,-0.357814,0.00507498,0.0532839
432,0.360527,-0.356928,0.00504059,0.0505676
434,0.359463,-0.356217,0.00481771,0.0479562
436,0.358559,-0.355632,0.00442305,0.0455042
438,0.357759,-0.355116,0.00402265,0.0432197
440,0.357164,-0.354771,0.00390839,0.04109
442,0.356722,-0.354565,0.00390355,0.0389773
444,0.356388,-0.35445,0.0038177,0.0369234
446,0.35612,-0.354381,0.0035891,0.0349676
448,0.355875,-0.35431,0.00333846,0.0331654
450,0.35577,-0.354352,0.00319942,0.0315692
452,0.355769,-0.354483,0.00307278,0.0300637
454,0.3558,-0.354636,0.00290382,0.0286125
456,0.355794,-0.354743,0.00269696,0.0271927
458,0.355715,-0.354766,0.00272429,0.0258227
460,0.355788,-0.354927,0.00281237,0.024569
462,0.355966,-0.355184,0.00264967,0.0234283
464,0.356131,-0.35542,0.00224198,0.0223754
466,0.356132,-0.355486,0.00174356,0.0213685
468,0.355966,-0.355379,0.00201251,0.0203455
470,0.356065,-0.35553,0.00252935,0.0193435
472,0.356359,-0.355873,0.00258691,0.0184168
474,0.356676,-0.356236,0.00197426,0.017597
476,0.356691,-0.356289,0.000893751,0.0169048
478,0.356329,-0.355957,0.00100032,0.0162571
480,0.356239,-0.355895,0.00185491,0.0155342
482,0.356504,-0.35619,0.00251795,0.0147627
484,0.357042,-0.35676,0.00226769,0.014003
486,0.357376,-0.357124,0.000753115,0.0134164
488,0.356845,-0.356607,-7.72878e-05,0.0130103
490,0.356161,-0.355941,0.000468812,0.0125049
492,0.355901,-0.3557,0.00173725,0.0118311
494,0.356525,-0.356345,0.0026648,0.0109969
496,0.357578,-0.357427,0.00135849,0.0103231
498,0.357402,-0.357265,-0.000223702,0.00988631
500,0.356477,-0.356347,-0.000661196,0.00960561
502,0.355496,-0.355372,0.000147837,0.00938529
504,0.355446,-0.355326,0.00151256,0.00909612
506,0.356169,-0.356071,0.00109632,0.00829074
508,0.356211,-0.356136,6.46137e-05,0.00732366
510,0.355694,-0.355635,-0.000601717,0.00644274
512,0.354901,-0.354853,-0.000472747,0.0058124
514,0.354484,-0.354441,6.61646e-05,0.00551761
516,0.354377,-0.354337,0.000178125,0.00534864
518,0.354307,-0.354269,4.56351e-05,0.00521071
520,0.354263,-0.354226,-5.97349e-05,0.00511706
522,0.35427,-0.354234,5.89477e-05,0.0050648
524,0.354412,-0.354378,0.000168302,0.00490868
526,0.35456,-0.354529,0.000164278,0.0047138
528,0.354665,-0.354636,0.000130019,0.00449083
530,0.354706,-0.35468,8.93898e-05,0.00425336
532,0.354678,-0.354655,5.20215e-05,0.00402065
534,0.354655,-0.354634,8.93733e-05,0.0038557
536,0.354661,-0.354642,0.000104321,0.00370597
538,0.354682,-0.354664,9.94887e-05,0.00357143
540,0.354717,-0.3547,8.81007e-05,0.00345112
542,0.354772,-0.354756,9.94869e-05,0.00334294
544,0.354838,-0.354824,9.74107e-05,0.00322879
546,0.354904,-0.35489,9.45883e-05,0.00311788
548,0.354968,-0.354955,9.26723e-05,0.00300982
550,0.355029,-0.355017,9.1465e-05,0.00290408
552,0.355084,-0.355073,8.65481e-05,0.00280181
554,0.355138,-0.355128,8.51447e-05,0.0027078
556,0.355192,-0.355182,8.25575e-05,0.00261875
558,0.355247,-0.355238,7.83909e-05,0.00253403
560,0.355303,-0.355294,7.35114e-05,0.0024533
562,0.355361,-0.355353,7.21509e-05,0.00237726
564,0.355423,-0.355415,7.42332e-05,0.00230441
566,0.355488,-0.355481,7.97686e-05,0.00223479
568,0.355556,-0.355549,8.8883e-05,0.00216819
570,0.355624,-0.355618,0.000101642,0.00210411
572,0.355699,-0.355693,0.000117578,0.00204295
574,0.355775,-0.35577,0.000125575,0.00198455
576,0.355852,-0.355847,0.000126108,0.00192886
578,0.355927,-0.355922,0.000121637,0.00187567
580,0.356,-0.355995,0.000118603,0.00182474
582,0.35607,-0.356065,0.000118608,0.00177628
584,0.35614,-0.356136,0.000110636,0.0017299
586,0.356206,-0.356202,8.58278e-05,0.00168558
588,0.35626,-0.356256,3.91886e-05,0.00164321
590,0.356274,-0.356271,-1.84201e-05,0.00160277
592,0.356253,-0.35625,-5.32302e-05,0.00156402
594,0.356196,-0.356193,-9.50355e-05,0.00152695
596,0.356088,-0.356085,-0.000172621,0.0014917
598,0.355909,-0.355906,-0.000316438,0.00145838
600,0.355585,-0.355582,-0.00053579,0.00142676
602,0.355203,-0.355199,-0.000803774,0.00139484
604,0.354807,-0.354802,-0.00116665,0.00136156
606,0.354409,-0.354403,-0.00161922,0.00132601
608,0.353985,-0.353976,-0.00209375,0.00128703
610,0.353608,-0.353598,-0.00225879,0.00124064
612,0.353242,-0.353235,-0.00181233,0.00118563
614,0.353084,-0.353082,-0.0008371,0.00111965
616,0.353216,-0.353214,0.000540019,0.00104064
618,0.353301,-0.353292,0.00219629,0.000944384
620,0.353622,-0.353597,0.0041661,0.00083232
622,0.353944,-0.353894,0.00592304,0.000711814
624,0.354596,-0.354536,0.00652033,0.000592129
626,0.355927,-0.35589,0.00510119,0.000489015
628,0.356597,-0.35658,0.00344486,0.000489737
630,0.357546,-0.357536,0.00266229,0.00047654
632,0.358276,-0.35827,0.00208741,0.000461089
634,0.358787,-0.358783,0.00158823,0.000446989
636,0.359436,-0.359433,0.00137688,0.000433027
638,0.359847,-0.359845,0.00102826,0.000419415
640,0.360236,-0.360235,0.000798643,0.000406282
642,0.360562,-0.360561,0.000634852,0.000393509
644,0.360819,-0.360819,0.000505821,0.000381052
646,0.361077,-0.361076,0.000441054,0.000369091
648,0.361303,-0.361303,0.000362528,0.000357586
