x,v,vx,vy,vz
0,0.363007,-0.363007,0.000108117,0.000109809
2,0.363089,-0.363089,7.62897e-05,0.000107318
4,0.363167,-0.363167,4.01891e-05,0.000104875
6,0.363234,-0.363234,1.72876e-05,0.000102505
8,0.363295,-0.363295,2.30182e-06,0.0001002
10,0.36335,-0.36335,-2.67774e-05,9.79559e-05
12,0.363399,-0.363399,-9.5781e-05,9.58113e-05
14,0.363434,-0.363434,-0.000233894,9.38296e-05
16,0.363413,-0.363413,-0.000435894,9.23469e-05
18,0.363377,-0.363376,-0.000689262,9.19375e-05
20,0.363307,-0.363306,-0.00103454,9.32463e-05
22,0.363208,-0.363205,-0.00147906,9.71791e-05
24,0.363113,-0.363108,-0.0019915,0.000105448
26,0.362838,-0.362833,-0.00204318,0.000118461
28,0.362527,-0.362523,-0.00167581,0.000120331
30,0.362194,-0.362192,-0.00122825,0.000117629
32,0.361856,-0.361855,-0.000957938,0.00011649
34,0.361584,-0.361583,-0.000754223,0.000115108
36,0.361335,-0.361334,-0.000613605,0.00011383
38,0.36112,-0.36112,-0.000493915,0.00011264
40,0.360938,-0.360938,-0.000394447,0.000111528
42,0.360781,-0.360781,-0.000322407,0.000110482
44,0.360654,-0.360654,-0.00025981,0.000109497
46,0.360545,-0.360545,-0.00021643,0.000108574
48,0.360448,-0.360448,-0.000182673,0.000107719
50,0.36036,-0.36036,-0.00015581,0.000106935
52,0.360282,-0.360282,-0.000137673,0.000106217
54,0.360211,-0.360211,-0.000120297,0.000105563
56,0.36015,-0.36015,-0.000105623,0.000104964
58,0.360097,-0.360097,-9.33648e-05,0.000104429
60,0.36005,-0.36005,-8.3278e-05,0.000103962
62,0.360008,-0.360008,-7.56894e-05,0.000103564
64,0.359971,-0.359971,-6.56937e-05,0.000103225
66,0.359937,-0.359937,-5.77033e-05,0.00010294
68,0.359907,-0.359907,-5.20696e-05,0.000102713
70,0.359877,-0.359877,-4.83681e-05,0.000102551
72,0.359849,-0.359849,-4.6098e-05,0.000102463
74,0.359822,-0.359822,-4.3055e-05,0.000102431
76,0.359797,-0.359797,-4.00288e-05,0.000102453
78,0.359773,-0.359773,-3.74577e-05,0.000102533
80,0.359752,-0.359752,-3.56664e-05,0.000102676
82,0.359731,-0.359731,-3.43605e-05,0.000102902
84,0.359711,-0.359711,-3.22332e-05,0.000103178
86,0.359692,-0.359692,-3.02374e-05,0.000103507
88,0.359673,-0.359673,-2.88757e-05,0.000103892
90,0.359654,-0.359654,-2.81573e-05,0.000104344
92,0.359636,-0.359636,-2.77716e-05,0.000104875
94,0.359617,-0.359617,-2.72715e-05,0.000105466
96,0.359599,-0.359598,-2.6705e-05,0.000106123
98,0.35958,-0.35958,-2.61819e-05,0.000106848
100,0.359562,-0.359562,-2.59197e-05,0.000107639
102,0.359544,-0.359544,-2.57202e-05,0.000108472
104,0.359526,-0.359526,-2.54018e-05,0.000109356
106,0.359508,-0.359508,-2.50784e-05,0.000110303
108,0.359489,-0.359489,-2.49567e-05,0.000111319
110,0.35947,-0.35947,-2.50694e-05,0.000112418
112,0.359451,-0.359451,-2.52851e-05,0.000113593
114,0.359431,-0.359431,-2.5602e-05,0.000114838
116,0.359411,-0.359411,-2.59657e-05,0.00011615
118,0.35939,-0.35939,-2.62558e-05,0.000117531
120,0.359369,-0.359369,-2.65941e-05,0.000118997
122,0.359347,-0.359347,-2.69481e-05,0.00012054
124,0.359325,-0.359325,-2.73706e-05,0.00012216
126,0.359302,-0.359302,-2.78928e-05,0.000123857
128,0.359278,-0.359278,-2.8501e-05,0.000125636
130,0.359254,-0.359254,-2.9224e-05,0.000127495
132,0.359228,-0.359228,-3.00065e-05,0.000129435
134,0.359202,-0.359202,-3.09531e-05,0.000131459
136,0.359175,-0.359175,-3.21399e-05,0.00013357
138,0.359146,-0.359146,-3.31673e-05,0.000135781
140,0.359117,-0.359117,-3.41634e-05,0.000138074
142,0.359086,-0.359086,-3.51621e-05,0.000140458
144,0.359055,-0.359055,-3.62921e-05,0.000142937
146,0.359022,-0.359022,-3.77517e-05,0.000145513
148,0.358988,-0.358988,-3.92565e-05,0.000148208
150,0.358952,-0.358951,-4.08726e-05,0.000150977
152,0.358914,-0.358914,-4.25388e-05,0.000153836
154,0.358875,-0.358875,-4.43491e-05,0.0001568
156,0.358834,-0.358834,-4.67149e-05,0.000159883
158,0.358791,-0.358791,-4.87152e-05,0.000163085
160,0.358746,-0.358746,-5.05378e-05,0.000166361
162,0.358699,-0.358699,-5.22463e-05,0.000169726
164,0.358651,-0.358651,-5.39868e-05,0.0001732
166,0.3586,-0.3586,-5.64146e-05,0.000176813
168,0.358546,-0.358546,-5.8932e-05,0.000180543
170,0.358489,-0.358489,-6.1615e-05,0.000184358
172,0.358429,-0.358429,-6.44131e-05,0.000188269
174,0.358367,-0.358367,-6.72856e-05,0.000192298
176,0.358301,-0.358301,-7.17931e-05,0.00019648
178,0.358232,-0.358232,-7.54712e-05,0.000200767
180,0.35816,-0.35816,-7.86968e-05,0.00020515
182,0.358085,-0.358085,-8.16892e-05,0.00020964
184,0.358007,-0.358006,-8.45794e-05,0.000214273
186,0.357923,-0.357923,-8.89097e-05,0.000219069
188,0.357834,-0.357834,-9.37987e-05,0.000223963
190,0.35774,-0.35774,-9.96945e-05,0.000228951
192,0.35764,-0.35764,-0.000106632,0.000234043
194,0.357534,-0.357534,-0.000113342,0.0002393
196,0.35742,-0.35742,-0.000122958,0.000244724
198,0.3573,-0.3573,-0.000130904,0.000250259
200,0.357175,-0.357175,-0.000136934,0.000255898
202,0.357044,-0.357044,-0.000141749,0.000261644
204,0.356907,-0.356906,-0.000145893,0.00026754
206,0.35676,-0.356759,-0.000151917,0.000273535
208,0.356602,-0.356602,-0.000160167,0.000279584
210,0.356432,-0.356431,-0.00017161,0.000285719
212,0.356246,-0.356246,-0.000187655,0.000292016
214,0.356044,-0.356044,-0.000202147,0.000298405
216,0.355829,-0.355829,-0.000226374,0.000304686
218,0.355602,-0.355602,-0.00024906,0.000310893
220,0.355365,-0.355365,-0.000262821,0.000317084
222,0.355122,-0.355121,-0.000264968,0.000323377
224,0.354874,-0.354874,-0.000271105,0.000329668
226,0.354612,-0.354612,-0.000282581,0.000335943
228,0.354326,-0.354325,-0.00030526,0.000342009
230,0.354003,-0.354002,-0.000345509,0.000347704
232,0.353611,-0.353611,-0.000415232,0.000353094
234,0.353159,-0.353159,-0.000476534,0.000358005
236,0.352654,-0.352653,-0.000580891,0.000362013
238,0.352099,-0.352098,-0.00070221,0.000364896
240,0.351506,-0.351505,-0.000781379,0.000366556
242,0.350922,-0.350921,-0.000783402,0.000367343
244,0.350366,-0.350364,-0.000824238,0.000367353
246,0.34978,-0.349779,-0.000846605,0.000367195
248,0.349113,-0.349111,-0.000868344,0.000366456
250,0.348294,-0.348293,-0.00100074,0.000363381
252,0.347021,-0.347018,-0.00145366,0.000352613
254,0.345299,-0.345294,-0.00181646,0.000329251
256,0.343157,-0.34315,-0.00218023,0.000285042
258,0.340668,-0.340658,-0.00255393,0.000212905
260,0.337996,-0.337986,-0.00255217,0.000102778
262,0.33546,-0.335451,-0.00237121,-4.43804e-05
264,0.333015,-0.333007,-0.0022554,-0.000228353
266,0.330646,-0.330639,-0.00210371,-0.000442051
268,0.328309,-0.328304,-0.00179735,-0.000674335
270,0.325634,-0.325627,-0.00201839,-0.000913624
272,0.32239,-0.322374,-0.00298566,-0.0011682
274,0.31882,-0.318793,-0.00389409,-0.00144668
276,0.315091,-0.315057,-0.0042308,-0.00175782
278,0.311367,-0.311339,-0.00356508,-0.00211153
280,0.308555,-0.308537,-0.00213046,-0.00254629
282,0.306241,-0.306219,-0.00192538,-0.00314461
284,0.303759,-0.303721,-0.00272852,-0.00394491
286,0.300732,-0.300661,-0.00421902,-0.00496844
288,0.297208,-0.297084,-0.00592675,-0.00623678
290,0.293602,-0.293332,-0.00976282,-0.00795137
292,0.289205,-0.288624,-0.0151877,-0.0102361
294,0.283798,-0.282613,-0.022269,-0.0132391
296,0.277131,-0.274833,-0.0312482,-0.0170905
298,0.267526,-0.262989,-0.0438007,-0.0221029
300,0.252455,-0.244173,-0.05697,-0.0294543
302,0.233429,-0.22199,-0.0634277,-0.0344392
304,0.214644,-0.202534,-0.0605662,-0.0372024
306,0.203527,-0.193511,-0.0487863,-0.0399558
308,0.205376,-0.188587,-0.0700679,-0.0412908
310,0.213827,-0.170347,-0.118744,-0.0510279
312,0.206667,-0.129421,-0.152495,-0.0520253
314,0.171547,-0.0660505,-0.152348,-0.0430808
316,0.129515,0.00774551,-0.121909,-0.0430399
318,0.0968483,0.0599224,-0.049424,-0.0578461
320,0.2346,0.179563,-0.058855,-0.139034
322,0.38541,0.308016,-0.0499594,-0.22621
324,0.44222,0.357991,0.0620473,-0.252094
326,0.332997,0.135607,0.276031,-0.12769
328,0.331548,-0.15212,0.292061,0.0385281
330,0.350625,-0.265594,0.228892,0.00241927
332,0.357303,-0.290147,0.167414,-0.124307
334,0.4439,-0.383354,0.170805,-0.14461
336,0.407859,-0.372787,0.0669924,-0.151297
338,0.359433,-0.318056,0.0163351,-0.16663
340,0.330016,-0.26323,-0.0074175,-0.198911
342,0.338256,-0.245621,-0.0163569,-0.231991
344,0.344323,-0.235563,-0.0204868,-0.250296
346,0.349392,-0.227249,-0.0297602,-0.263719
348,0.357213,-0.221124,-0.0371178,-0.278078
350,0.3894,-0.242313,-0.0205807,-0.304127
352,0.554023,-0.455302,0.0133597,-0.315379
354,0.577876,-0.485683,-0.000962978,-0.313133
356,0.639222,-0.562166,0.00719581,-0.304175
358,0.688411,-0.625052,0.0120248,-0.288228
360,0.727133,-0.680435,0.012897,-0.256056
362,0.763844,-0.737506,0.0128024,-0.198443
364,0.759122,-0.751155,0.0128159,-0.108942
366,0.741149,-0.740363,0.026127,-0.0219777
368,0.719984,-0.717091,0.0331062,0.055329
370,0.692762,-0.681432,0.0243268,0.122379
372,0.654727,-0.62896,-0.00501811,0.181801
374,0.602687,-0.562027,-0.000861075,0.217615
376,0.560934,-0.506615,0.0139711,0.240402
378,0.522869,-0.458792,0.0252325,0.249528
380,0.485135,-0.417229,0.026878,0.246075
382,0.450152,-0.384353,0.0223217,0.233262
384,0.418466,-0.358001,0.0203631,0.215718
386,0.392021,-0.338963,0.0196009,0.195961
388,0.371319,-0.326365,0.0192054,0.176054
390,0.356067,-0.318826,0.0184546,0.157459
392,0.344637,-0.314669,0.0167636,0.139559
394,0.336755,-0.312821,0.0147424,0.123814
396,0.330804,-0.311944,0.0129111,0.109342
398,0.326536,-0.31178,0.0113317,0.0963878
400,0.323929,-0.312314,0.00997508,0.0853842
402,0.322988,-0.313812,0.0095957,0.0758363
404,0.323384,-0.316176,0.0085414,0.0673552
406,0.324262,-0.318655,0.00716184,0.0596114
408,0.325302,-0.320967,0.00576354,0.0526192
410,0.326544,-0.323156,0.00471393,0.0466807
412,0.327801,-0.325104,0.00426111,0.0417435
414,0.329216,-0.327058,0.00390112,0.0374286
416,0.330727,-0.328995,0.00360242,0.0336046
418,0.332289,-0.330898,0.00332014,0.0301892
420,0.333902,-0.332774,0.00292275,0.0272623
422,0.335392,-0.334473,0.00257594,0.0246808
424,0.336822,-0.33607,0.00229495,0.0223798
426,0.338204,-0.337586,0.00207762,0.0203239
428,0.339549,-0.339041,0.00190273,0.018472
430,0.340838,-0.340418,0.00164206,0.0168382
432,0.341979,-0.34163,0.00144517,0.0153811
434,0.343028,-0.342737,0.00129707,0.0140745
436,0.344011,-0.343766,0.00119381,0.0129034
438,0.344945,-0.34474,0.00113285,0.0118468
440,0.345817,-0.345643,0.00100434,0.0109135
442,0.346613,-0.346466,0.000895185,0.010061
444,0.347352,-0.347227,0.000812035,0.00928845
446,0.348049,-0.347943,0.000754597,0.00859134
448,0.348717,-0.348625,0.000713162,0.00796334
450,0.349352,-0.349273,0.00064791,0.00739439
452,0.349939,-0.349871,0.000585292,0.00686907
454,0.35048,-0.350422,0.000532586,0.00638806
456,0.350984,-0.350933,0.000493523,0.00595075
458,0.351456,-0.351412,0.000467138,0.00555697
460,0.351897,-0.351858,0.000423949,0.00519356
462,0.352307,-0.352274,0.000383893,0.00485602
464,0.352689,-0.35266,0.000352677,0.00454475
466,0.353049,-0.353024,0.000331548,0.00426002
468,0.35339,-0.353368,0.000316946,0.00400372
470,0.353716,-0.353696,0.000295482,0.00376359
472,0.354023,-0.354005,0.000272694,0.00353876
474,0.35431,-0.354294,0.000252098,0.00332967
476,0.354577,-0.354563,0.000236414,0.00313808
478,0.354827,-0.354815,0.000224395,0.00296434
480,0.355064,-0.355053,0.000207793,0.00280025
482,0.355288,-0.355278,0.000190802,0.00264584
484,0.355498,-0.355489,0.00017699,0.00250143
486,0.355696,-0.355688,0.000167927,0.00236933
488,0.355884,-0.355877,0.000161107,0.00224769
490,0.356065,-0.356059,0.000152404,0.00213244
492,0.356237,-0.356232,0.000142507,0.00202327
494,0.356399,-0.356394,0.000133105,0.00192042
496,0.35655,-0.356546,0.0001259,0.00182651
498,0.356694,-0.356689,0.000119766,0.00173899
500,0.35683,-0.356827,0.000112346,0.00165594
502,0.35696,-0.356957,0.000104061,0.00157698
504,0.357083,-0.35708,9.70449e-05,0.00150235
506,0.357199,-0.357196,9.25372e-05,0.00143429
508,0.35731,-0.357307,8.88338e-05,0.00137013
510,0.357417,-0.357415,8.47236e-05,0.00130906
512,0.35752,-0.357518,7.98179e-05,0.00125067
514,0.357617,-0.357615,7.50625e-05,0.00119543
516,0.357708,-0.357706,7.134e-05,0.00114444
518,0.357795,-0.357793,6.80905e-05,0.00109628
520,0.357879,-0.357877,6.45008e-05,0.00105041
522,0.357959,-0.357957,6.01276e-05,0.00100645
524,0.358034,-0.358033,5.65857e-05,0.000965066
526,0.358107,-0.358105,5.41213e-05,0.000926444
528,0.358176,-0.358175,5.21466e-05,0.000889862
530,0.358244,-0.358243,5.01906e-05,0.000854943
532,0.35831,-0.358309,4.77813e-05,0.000821305
534,0.358371,-0.35837,4.53247e-05,0.000789559
536,0.35843,-0.358429,4.31863e-05,0.000759647
538,0.358487,-0.358486,4.12856e-05,0.000731272
540,0.358541,-0.358541,3.93542e-05,0.000704183
542,0.358594,-0.358593,3.68245e-05,0.000678115
544,0.358644,-0.358643,3.49196e-05,0.000653514
546,0.358693,-0.358692,3.36e-05,0.000630206
548,0.35874,-0.35874,3.26203e-05,0.000608058
550,0.358787,-0.358786,3.17615e-05,0.000586883
552,0.358832,-0.358831,3.09127e-05,0.000566496
554,0.358875,-0.358874,2.96063e-05,0.000547044
556,0.358916,-0.358916,2.81154e-05,0.000528558
558,0.358956,-0.358956,2.65688e-05,0.00051099
560,0.358995,-0.358994,2.50224e-05,0.000494214
562,0.359032,-0.359032,2.28927e-05,0.000478086
564,0.35907,-0.35907,2.18594e-05,0.000462592
566,0.359108,-0.359107,2.17999e-05,0.00044783
568,0.359146,-0.359145,2.25202e-05,0.00043381
570,0.359183,-0.359183,2.36939e-05,0.000420454
572,0.359221,-0.359221,2.66742e-05,0.000407581
574,0.359259,-0.359258,2.75597e-05,0.000395142
576,0.359295,-0.359294,2.66093e-05,0.000383259
578,0.359329,-0.359329,2.46129e-05,0.000371975
580,0.359363,-0.359363,2.34776e-05,0.000361258
582,0.359398,-0.359398,2.46231e-05,0.000350897
584,0.359436,-0.359435,2.81659e-05,0.000340869
586,0.359477,-0.359476,3.23148e-05,0.000331245
588,0.35952,-0.35952,3.55532e-05,0.000322078
590,0.35956,-0.35956,3.97115e-05,0.000313438
592,0.359599,-0.359599,5.24497e-05,0.000305162
594,0.359635,-0.359635,5.53244e-05,0.000297171
596,0.359661,-0.359661,3.81367e-05,0.000289454
598,0.35967,-0.359669,-5.98232e-06,0.00028201
600,0.359634,-0.359633,-6.21523e-05,0.000274902
602,0.359573,-0.359573,-0.000126736,0.000268029
604,0.359497,-0.359497,-0.000235572,0.000261496
606,0.359412,-0.359412,-0.000406704,0.000255359
608,0.359316,-0.359316,-0.000644396,0.000249642
610,0.359214,-0.359213,-0.000827762,0.000244132
612,0.359124,-0.359123,-0.000791202,0.000238552
614,0.359114,-0.359113,-0.000517456,0.000232775
616,0.359207,-0.359207,-7.76437e-06,0.000226468
618,0.359277,-0.359276,0.00076036,0.000218291
620,0.359376,-0.359371,0.00191355,0.000206103
622,0.359439,-0.359426,0.00306628,0.000189269
624,0.3597,-0.359683,0.00356634,0.000168106
626,0.360392,-0.360381,0.00280827,0.000145037
628,0.360677,-0.360672,0.00185361,0.000143676
630,0.361145,-0.361142,0.00141283,0.000140477
632,0.361512,-0.36151,0.00108895,0.000136972
634,0.361761,-0.36176,0.000801254,0.000133618
636,0.362069,-0.362069,0.000672326,0.000130225
638,0.362267,-0.362266,0.000494468,0.000127035
640,0.362449,-0.362449,0.000376714,0.000123945
642,0.362601,-0.362601,0.00029086,0.000120921
644,0.36272,-0.36272,0.000220759,0.000117948
646,0.362829,-0.362829,0.000181719,0.000115066
648,0.362921,-0.362921,0.000141132,0.000112378
