x,v,vx,vy,vz
0,0.36552,-0.36552,-1.42726e-07,-5.07965e-08
2,0.365523,-0.365523,-2.72068e-06,-5.65502e-08
4,0.365524,-0.365524,-6.45502e-06,-6.0184e-08
6,0.365522,-0.365522,-1.00429e-05,-6.56085e-08
8,0.365519,-0.365519,-1.30069e-05,-7.04641e-08
10,0.365514,-0.365514,-1.77095e-05,-7.46979e-08
12,0.365507,-0.365507,-2.82238e-05,-7.7241e-08
14,0.365498,-0.365498,-4.96503e-05,-7.64008e-08
16,0.365478,-0.365478,-8.11012e-05,-6.5567e-08
18,0.365456,-0.365456,-0.000117925,-4.9168e-08
20,0.365427,-0.365427,-0.000175403,-3.48743e-08
22,0.365399,-0.365399,-0.00026926,-2.71385e-08
24,0.365404,-0.365404,-0.000423077,-2.78085e-08
26,0.365317,-0.365317,-0.000411761,-2.62737e-08
28,0.365273,-0.365273,-0.000294002,-2.48383e-08
30,0.365235,-0.365235,-0.00017963,-2.2056e-08
32,0.365176,-0.365176,-0.000139815,-1.74189e-08
34,0.365151,-0.365151,-9.19984e-05,-1.50447e-08
36,0.36512,-0.36512,-7.29452e-05,-1.37747e-08
38,0.365096,-0.365096,-5.76541e-05,-1.25327e-08
40,0.365078,-0.365078,-4.48919e-05,-1.11818e-08
42,0.365061,-0.365061,-3.86639e-05,-9.81935e-09
44,0.365049,-0.365049,-3.16341e-05,-8.46626e-09
46,0.365039,-0.365039,-2.73522e-05,-7.28177e-09
48,0.36503,-0.36503,-2.42909e-05,-6.22886e-09
50,0.365023,-0.365023,-2.20163e-05,-5.28181e-09
52,0.365017,-0.365017,-2.08291e-05,-4.41369e-09
54,0.365011,-0.365011,-1.90966e-05,-3.66721e-09
56,0.365006,-0.365006,-1.77227e-05,-3.01466e-09
58,0.365002,-0.365002,-1.66997e-05,-2.42714e-09
60,0.364999,-0.364999,-1.59956e-05,-1.87286e-09
62,0.364996,-0.364996,-1.5623e-05,-1.30952e-09
64,0.364993,-0.364993,-1.49653e-05,-7.58668e-10
66,0.364991,-0.364991,-1.43898e-05,-2.3176e-10
68,0.364989,-0.364989,-1.39542e-05,2.76881e-10
70,0.364987,-0.364987,-1.36603e-05,7.78357e-10
72,0.364985,-0.364985,-1.35047e-05,1.29656e-09
74,0.364984,-0.364984,-1.32389e-05,1.82544e-09
76,0.364983,-0.364983,-1.29771e-05,2.35435e-09
78,0.364981,-0.364981,-1.27637e-05,2.88213e-09
80,0.36498,-0.36498,-1.26153e-05,3.41197e-09
82,0.364979,-0.364979,-1.25324e-05,3.9504e-09
84,0.364978,-0.364978,-1.23982e-05,4.49169e-09
86,0.364977,-0.364977,-1.22601e-05,5.0288e-09
88,0.364977,-0.364977,-1.21453e-05,5.55836e-09
90,0.364976,-0.364976,-1.20606e-05,6.08112e-09
92,0.364975,-0.364975,-1.20037e-05,6.59347e-09
94,0.364974,-0.364974,-1.19282e-05,7.10049e-09
96,0.364974,-0.364974,-1.18476e-05,7.59834e-09
98,0.364973,-0.364973,-1.1778e-05,8.08413e-09
100,0.364973,-0.364973,-1.17288e-05,8.5594e-09
102,0.364972,-0.364972,-1.16936e-05,9.02116e-09
104,0.364972,-0.364972,-1.16501e-05,9.47609e-09
106,0.364971,-0.364971,-1.16011e-05,9.92203e-09
108,0.364971,-0.364971,-1.15575e-05,1.03549e-08
110,0.364971,-0.364971,-1.15238e-05,1.07769e-08
112,0.36497,-0.36497,-1.14972e-05,1.11835e-08
114,0.36497,-0.36497,-1.14673e-05,1.15819e-08
116,0.36497,-0.36497,-1.14336e-05,1.19723e-08
118,0.364969,-0.364969,-1.14045e-05,1.23487e-08
120,0.364969,-0.364969,-1.13844e-05,1.27192e-08
122,0.364969,-0.364969,-1.13687e-05,1.30792e-08
124,0.364969,-0.364969,-1.13517e-05,1.34347e-08
126,0.364968,-0.364968,-1.13308e-05,1.37881e-08
128,0.364968,-0.364968,-1.13114e-05,1.41307e-08
130,0.364968,-0.364968,-1.12948e-05,1.44703e-08
132,0.364968,-0.364968,-1.12807e-05,1.48012e-08
134,0.364967,-0.364967,-1.12662e-05,1.51281e-08
136,0.364967,-0.364967,-1.12489e-05,1.54566e-08
138,0.364967,-0.364967,-1.12344e-05,1.57786e-08
140,0.364967,-0.364967,-1.12231e-05,1.61126e-08
142,0.364967,-0.364967,-1.12139e-05,1.64559e-08
144,0.364967,-0.364967,-1.12051e-05,1.68157e-08
146,0.364966,-0.364966,-1.1194e-05,1.72056e-08
148,0.364966,-0.364966,-1.11836e-05,1.76235e-08
150,0.364966,-0.364966,-1.11744e-05,1.8046e-08
152,0.364966,-0.364966,-1.11666e-05,1.84649e-08
154,0.364966,-0.364966,-1.11594e-05,1.88754e-08
156,0.364966,-0.364966,-1.11502e-05,1.92775e-08
158,0.364966,-0.364966,-1.11424e-05,1.9691e-08
160,0.364966,-0.364966,-1.11362e-05,2.00902e-08
162,0.364966,-0.364966,-1.11313e-05,2.04523e-08
164,0.364965,-0.364965,-1.11269e-05,2.07586e-08
166,0.364965,-0.364965,-1.1121e-05,2.09922e-08
168,0.364965,-0.364965,-1.11153e-05,2.11679e-08
170,0.364965,-0.364965,-1.11099e-05,2.13189e-08
172,0.364965,-0.364965,-1.11049e-05,2.14479e-08
174,0.364965,-0.364965,-1.11004e-05,2.15502e-08
176,0.364965,-0.364965,-1.10946e-05,2.16461e-08
178,0.364965,-0.364965,-1.10895e-05,2.17215e-08
180,0.364965,-0.364965,-1.10852e-05,2.17838e-08
182,0.364965,-0.364965,-1.10816e-05,2.18348e-08
184,0.364965,-0.364965,-1.10785e-05,2.18704e-08
186,0.364965,-0.364965,-1.10745e-05,2.18971e-08
188,0.364964,-0.364964,-1.10705e-05,2.19135e-08
190,0.364964,-0.364964,-1.10668e-05,2.19206e-08
192,0.364964,-0.364964,-1.10635e-05,2.1919e-08
194,0.364964,-0.364964,-1.10607e-05,2.19047e-08
196,0.364964,-0.364964,-1.10571e-05,2.18844e-08
198,0.364964,-0.364964,-1.10538e-05,2.18574e-08
200,0.364964,-0.364964,-1.10509e-05,2.18246e-08
202,0.364964,-0.364964,-1.10487e-05,2.1787e-08
204,0.364964,-0.364964,-1.10469e-05,2.1741e-08
206,0.364964,-0.364964,-1.10445e-05,2.16938e-08
208,0.364964,-0.364964,-1.1042e-05,2.16448e-08
210,0.364964,-0.364964,-1.10396e-05,2.15944e-08
212,0.364964,-0.364964,-1.10373e-05,2.15432e-08
214,0.364964,-0.364964,-1.10354e-05,2.14892e-08
216,0.364964,-0.364964,-1.1033e-05,2.14371e-08
218,0.364964,-0.364964,-1.10307e-05,2.13872e-08
220,0.364964,-0.364964,-1.10288e-05,2.13392e-08
222,0.364964,-0.364964,-1.10271e-05,2.1293e-08
224,0.364964,-0.364964,-1.10258e-05,2.12469e-08
226,0.364964,-0.364964,-1.10243e-05,2.12024e-08
228,0.364964,-0.364964,-1.10228e-05,2.116e-08
230,0.364964,-0.364964,-1.10213e-05,2.11198e-08
232,0.364964,-0.364964,-1.10199e-05,2.10819e-08
234,0.364964,-0.364964,-1.10188e-05,2.10475e-08
236,0.364964,-0.364964,-1.10174e-05,2.10174e-08
238,0.364963,-0.364963,-1.1016e-05,2.09928e-08
240,0.364963,-0.364963,-1.10149e-05,2.09753e-08
242,0.364963,-0.364963,-1.10141e-05,2.09608e-08
244,0.364963,-0.364963,-1.10135e-05,2.09479e-08
246,0.364963,-0.364963,-1.10127e-05,2.0933e-08
248,0.364963,-0.364963,-1.10116e-05,2.09152e-08
250,0.364963,-0.364963,-1.10105e-05,2.0896e-08
252,0.364963,-0.364963,-1.1009e-05,2.08633e-08
254,0.364963,-0.364963,-1.10076e-05,2.08213e-08
256,0.364963,-0.364963,-1.1006e-05,2.07639e-08
258,0.364963,-0.364963,-1.10041e-05,2.06872e-08
260,0.364963,-0.364963,-1.10025e-05,2.05915e-08
262,0.364963,-0.364963,-1.10012e-05,2.04643e-08
264,0.364963,-0.364963,-1.10001e-05,2.03182e-08
266,0.364963,-0.364963,-1.0999e-05,2.01579e-08
268,0.364963,-0.364963,-1.09978e-05,1.99886e-08
270,0.364963,-0.364963,-1.09965e-05,1.98285e-08
272,0.364963,-0.364963,-1.09948e-05,1.9662e-08
274,0.364963,-0.364963,-1.09933e-05,1.94863e-08
276,0.364963,-0.364963,-1.09915e-05,1.92912e-08
278,0.364963,-0.364963,-1.09887e-05,1.90596e-08
280,0.364963,-0.364963,-1.09871e-05,1.87898e-08
282,0.364963,-0.364963,-1.09866e-05,1.84727e-08
284,0.364963,-0.364963,-1.09866e-05,1.81167e-08
286,0.364963,-0.364963,-1.09868e-05,1.7725e-08
288,0.364963,-0.364963,-1.09873e-05,1.72844e-08
290,0.364963,-0.364963,-1.09861e-05,1.68234e-08
292,0.364963,-0.364963,-1.09826e-05,1.63411e-08
294,0.364963,-0.364963,-1.09781e-05,1.58392e-08
296,0.364963,-0.364963,-1.09737e-05,1.53131e-08
298,0.364963,-0.364963,-1.09667e-05,1.4702e-08
300,0.364963,-0.364963,-1.09644e-05,1.39868e-08
302,0.364963,-0.364963,-1.09657e-05,1.31707e-08
304,0.364963,-0.364963,-1.09687e-05,1.22981e-08
306,0.364963,-0.364963,-1.097e-05,1.14425e-08
308,0.364963,-0.364963,-1.09691e-05,1.07105e-08
310,0.364963,-0.364963,-1.09607e-05,1.01004e-08
312,0.364963,-0.364963,-1.09468e-05,9.11648e-09
314,0.364963,-0.364963,-1.09331e-05,7.34997e-09
316,0.364963,-0.364963,-1.09312e-05,4.33255e-09
318,0.364963,-0.364963,-1.09227e-05,4.64812e-10
320,0.364963,-0.364963,-1.09383e-05,-3.38637e-09
322,0.364963,-0.364963,-1.09378e-05,-7.55218e-09
324,0.364963,-0.364963,-1.09128e-05,-1.27306e-08
326,0.364963,-0.364963,-1.09963e-05,-2.11241e-08
328,0.364963,-0.364963,-1.10087e-05,-2.07621e-08
330,0.364963,-0.364963,-1.1012e-05,-2.08944e-08
332,0.364963,-0.364963,-1.10059e-05,-2.17706e-08
334,0.364963,-0.364963,-1.09796e-05,-2.16515e-08
336,0.364963,-0.364963,-1.098e-05,-2.27531e-08
338,0.364963,-0.364963,-1.09646e-05,-2.32281e-08
340,0.364963,-0.364963,-1.09526e-05,-2.36508e-08
342,0.364963,-0.364963,-1.09484e-05,-2.41662e-08
344,0.364963,-0.364963,-1.09458e-05,-2.46319e-08
346,0.364963,-0.364963,-1.09475e-05,-2.51302e-08
348,0.364963,-0.364963,-1.09488e-05,-2.55342e-08
350,0.364963,-0.364963,-1.0949e-05,-2.58419e-08
352,0.364963,-0.364963,-1.09479e-05,-2.60629e-08
354,0.364963,-0.364963,-1.09461e-05,-2.62164e-08
356,0.364963,-0.364963,-1.09443e-05,-2.63317e-08
358,0.364963,-0.364963,-1.09409e-05,-2.64511e-08
360,0.364963,-0.364963,-1.09375e-05,-2.6574e-08
362,0.364963,-0.364963,-1.09357e-05,-2.66968e-08
364,0.364963,-0.364963,-1.09346e-05,-2.68421e-08
366,0.364963,-0.364963,-1.09341e-05,-2.69768e-08
368,0.364963,-0.364963,-1.09338e-05,-2.7102e-08
370,0.364963,-0.364963,-1.09333e-05,-2.72099e-08
372,0.364963,-0.364963,-1.09324e-05,-2.72887e-08
374,0.364963,-0.364963,-1.09311e-05,-2.73409e-08
376,0.364963,-0.364963,-1.093e-05,-2.73621e-08
378,0.364963,-0.364963,-1.09285e-05,-2.73577e-08
380,0.364963,-0.364963,-1.09269e-05,-2.73292e-08
382,0.364963,-0.364963,-1.09258e-05,-2.72709e-08
384,0.364963,-0.364963,-1.0925e-05,-2.71972e-08
386,0.364963,-0.364963,-1.09243e-05,-2.71142e-08
388,0.364963,-0.364963,-1.09237e-05,-2.70289e-08
390,0.364963,-0.364963,-1.09231e-05,-2.69463e-08
392,0.364963,-0.364963,-1.09223e-05,-2.68633e-08
394,0.364963,-0.364963,-1.09214e-05,-2.67831e-08
396,0.364963,-0.364963,-1.09207e-05,-2.66993e-08
398,0.364963,-0.364963,-1.09199e-05,-2.66118e-08
400,0.364963,-0.364963,-1.09188e-05,-2.65226e-08
402,0.364963,-0.364963,-1.0918e-05,-2.64287e-08
404,0.364963,-0.364963,-1.09175e-05,-2.63356e-08
406,0.364963,-0.364963,-1.0917e-05,-2.62424e-08
408,0.364963,-0.364963,-1.09164e-05,-2.61492e-08
410,0.364963,-0.364963,-1.09157e-05,-2.60563e-08
412,0.364963,-0.364963,-1.09148e-05,-2.59624e-08
414,0.364963,-0.364963,-1.09138e-05,-2.58672e-08
416,0.364963,-0.364963,-1.09126e-05,-2.5771e-08
418,0.364963,-0.364963,-1.09114e-05,-2.56735e-08
420,0.364963,-0.364963,-1.09099e-05,-2.55723e-08
422,0.364963,-0.364963,-1.09086e-05,-2.54684e-08
424,0.364963,-0.364963,-1.09073e-05,-2.5361e-08
426,0.364963,-0.364963,-1.0906e-05,-2.52507e-08
428,0.364963,-0.364963,-1.09047e-05,-2.51381e-08
430,0.364963,-0.364963,-1.09031e-05,-2.50179e-08
432,0.364963,-0.364963,-1.09015e-05,-2.48946e-08
434,0.364964,-0.364964,-1.08999e-05,-2.47659e-08
436,0.364964,-0.364964,-1.08984e-05,-2.46321e-08
438,0.364964,-0.364964,-1.08968e-05,-2.4495e-08
440,0.364964,-0.364964,-1.08947e-05,-2.43444e-08
442,0.364964,-0.364964,-1.08928e-05,-2.41881e-08
444,0.364964,-0.364964,-1.08911e-05,-2.40229e-08
446,0.364964,-0.364964,-1.08895e-05,-2.38478e-08
448,0.364964,-0.364964,-1.08878e-05,-2.36652e-08
450,0.364964,-0.364964,-1.08857e-05,-2.34637e-08
452,0.364964,-0.364964,-1.08835e-05,-2.32532e-08
454,0.364964,-0.364964,-1.08813e-05,-2.30316e-08
456,0.364964,-0.364964,-1.08791e-05,-2.27977e-08
458,0.364964,-0.364964,-1.08769e-05,-2.25564e-08
460,0.364964,-0.364964,-1.08741e-05,-2.22972e-08
462,0.364964,-0.364964,-1.08713e-05,-2.20283e-08
464,0.364964,-0.364964,-1.08688e-05,-2.17461e-08
466,0.364964,-0.364964,-1.08664e-05,-2.14438e-08
468,0.364964,-0.364964,-1.08641e-05,-2.11133e-08
470,0.364964,-0.364964,-1.08612e-05,-2.07504e-08
472,0.364964,-0.364964,-1.08582e-05,-2.03628e-08
474,0.364964,-0.364964,-1.08551e-05,-1.99563e-08
476,0.364964,-0.364964,-1.0852e-05,-1.95366e-08
478,0.364964,-0.364964,-1.0849e-05,-1.91149e-08
480,0.364965,-0.364965,-1.08452e-05,-1.86425e-08
482,0.364965,-0.364965,-1.08412e-05,-1.81142e-08
484,0.364965,-0.364965,-1.08376e-05,-1.75355e-08
486,0.364965,-0.364965,-1.08345e-05,-1.69297e-08
488,0.364965,-0.364965,-1.08312e-05,-1.63528e-08
490,0.364965,-0.364965,-1.0827e-05,-1.58069e-08
492,0.364965,-0.364965,-1.08222e-05,-1.52962e-08
494,0.364965,-0.364965,-1.08172e-05,-1.48193e-08
496,0.364965,-0.364965,-1.0812e-05,-1.43356e-08
498,0.364965,-0.364965,-1.08065e-05,-1.38852e-08
500,0.364965,-0.364965,-1.08e-05,-1.3424e-08
502,0.364965,-0.364965,-1.07928e-05,-1.2949e-08
504,0.364966,-0.364966,-1.07858e-05,-1.24806e-08
506,0.364966,-0.364966,-1.07796e-05,-1.19992e-08
508,0.364966,-0.364966,-1.07732e-05,-1.15218e-08
510,0.364966,-0.364966,-1.07657e-05,-1.10397e-08
512,0.364966,-0.364966,-1.0757e-05,-1.05499e-08
514,0.364966,-0.364966,-1.07482e-05,-1.00579e-08
516,0.364966,-0.364966,-1.07391e-05,-9.55643e-09
518,0.364967,-0.364967,-1.07299e-05,-9.05303e-09
520,0.364967,-0.364967,-1.07194e-05,-8.54402e-09
522,0.364967,-0.364967,-1.07066e-05,-8.02728e-09
524,0.364967,-0.364967,-1.06949e-05,-7.51356e-09
526,0.364967,-0.364967,-1.06842e-05,-6.99607e-09
528,0.364967,-0.364967,-1.06735e-05,-6.48097e-09
530,0.364968,-0.364968,-1.0661e-05,-5.96588e-09
532,0.364968,-0.364968,-1.0645e-05,-5.44551e-09
534,0.364968,-0.364968,-1.06286e-05,-4.92596e-09
536,0.364968,-0.364968,-1.06113e-05,-4.39933e-09
538,0.364969,-0.364969,-1.05935e-05,-3.86452e-09
540,0.364969,-0.364969,-1.05737e-05,-3.31826e-09
542,0.364969,-0.364969,-1.0548e-05,-2.75359e-09
544,0.364969,-0.364969,-1.05241e-05,-2.16736e-09
546,0.36497,-0.36497,-1.05006e-05,-1.56279e-09
548,0.36497,-0.36497,-1.04771e-05,-9.42698e-10
550,0.36497,-0.36497,-1.04518e-05,-3.08485e-10
552,0.364971,-0.364971,-1.04172e-05,3.46008e-10
554,0.364971,-0.364971,-1.03833e-05,1.00398e-09
556,0.364972,-0.364972,-1.03489e-05,1.6589e-09
558,0.364972,-0.364972,-1.03136e-05,2.29827e-09
560,0.364972,-0.364972,-1.0276e-05,2.91244e-09
562,0.364973,-0.364973,-1.02206e-05,3.53717e-09
564,0.364974,-0.364974,-1.01678e-05,4.14118e-09
566,0.364974,-0.364974,-1.01148e-05,4.79714e-09
568,0.364975,-0.364975,-1.00602e-05,5.50775e-09
570,0.364975,-0.364975,-1.00033e-05,6.22929e-09
572,0.364976,-0.364976,-9.89953e-06,6.89822e-09
574,0.364977,-0.364977,-9.79615e-06,7.46629e-09
576,0.364978,-0.364978,-9.70263e-06,7.85804e-09
578,0.364979,-0.364979,-9.6161e-06,7.99073e-09
580,0.36498,-0.36498,-9.50866e-06,7.70936e-09
582,0.364981,-0.364981,-9.33193e-06,6.79735e-09
584,0.364982,-0.364982,-9.14264e-06,5.97824e-09
586,0.364984,-0.364984,-8.94897e-06,5.45151e-09
588,0.364985,-0.364985,-8.75135e-06,5.2978e-09
590,0.364987,-0.364987,-8.53568e-06,5.36352e-09
592,0.364989,-0.364989,-8.0259e-06,5.95615e-09
594,0.364991,-0.364991,-7.47747e-06,6.96964e-09
596,0.364994,-0.364994,-7.08774e-06,8.46412e-09
598,0.364997,-0.364997,-7.03364e-06,1.05913e-08
600,0.365,-0.365,-6.70839e-06,1.52408e-08
602,0.365003,-0.365003,-5.42108e-06,1.68261e-08
604,0.365008,-0.365008,-4.08982e-06,1.82154e-08
606,0.365013,-0.365013,-3.74894e-06,2.21035e-08
608,0.36502,-0.36502,-5.96789e-06,3.19905e-08
610,0.365027,-0.365027,-6.06973e-06,3.66385e-08
612,0.365035,-0.365035,5.1097e-06,3.48638e-08
614,0.365051,-0.365051,2.32213e-05,2.67895e-08
616,0.365078,-0.365078,4.4449e-05,1.37133e-08
618,0.365106,-0.365106,7.04082e-05,4.21169e-11
620,0.365151,-0.365151,0.000165742,-7.30822e-10
622,0.365155,-0.365155,0.000348825,6.6225e-09
624,0.365178,-0.365177,0.000484822,1.27369e-08
626,0.36529,-0.36529,0.000413382,7.81805e-09
628,0.365292,-0.365292,0.000231708,7.69099e-10
630,0.365348,-0.365347,0.000164756,-7.11047e-09
632,0.365392,-0.365392,0.000118126,-1.3704e-08
634,0.365415,-0.365415,7.21778e-05,-1.80773e-08
636,0.365448,-0.365448,5.54677e-05,-1.996e-08
638,0.365464,-0.365464,3.66795e-05,-2.20838e-08
640,0.36548,-0.36548,2.58931e-05,-2.36256e-08
642,0.365494,-0.365494,1.79585e-05,-2.95149e-08
644,0.365504,-0.365504,1.02189e-05,-4.04964e-08
646,0.365512,-0.365512,5.70818e-06,-4.83288e-08
648,0.365517,-0.365517,2.27708e-06,-4.71e-08
