x,v,vx,vy,vz
0,0.363479,-0.363479,7.75567e-05,5.49474e-05
2,0.363536,-0.363536,4.98952e-05,5.40278e-05
4,0.363587,-0.363587,1.71968e-05,5.31467e-05
6,0.363628,-0.363628,-6.68816e-06,5.23046e-05
8,0.363662,-0.363662,-2.0921e-05,5.14806e-05
10,0.363692,-0.363692,-4.47835e-05,5.06717e-05
12,0.363717,-0.363717,-0.000102992,4.98858e-05
14,0.363733,-0.363733,-0.00022431,4.91367e-05
16,0.363696,-0.363696,-0.000395261,4.85138e-05
18,0.363652,-0.363651,-0.000602544,4.82203e-05
20,0.363582,-0.363581,-0.00089123,4.8553e-05
22,0.36349,-0.363488,-0.00127443,4.99596e-05
24,0.363414,-0.36341,-0.00173008,5.33057e-05
26,0.363168,-0.363164,-0.00175206,5.91581e-05
28,0.362905,-0.362902,-0.0014078,6.02449e-05
30,0.36263,-0.362629,-0.00100473,5.93253e-05
32,0.362351,-0.36235,-0.000771862,5.90252e-05
34,0.362134,-0.362133,-0.000596853,5.86509e-05
36,0.361933,-0.361932,-0.000482139,5.83271e-05
38,0.361761,-0.361761,-0.000384299,5.80441e-05
40,0.361617,-0.361616,-0.000302757,5.77994e-05
42,0.361493,-0.361493,-0.000245573,5.75896e-05
44,0.361394,-0.361394,-0.000196951,5.74142e-05
46,0.36131,-0.36131,-0.000164007,5.72705e-05
48,0.361235,-0.361235,-0.000138279,5.71613e-05
50,0.361168,-0.361168,-0.000117462,5.7088e-05
52,0.361108,-0.361108,-0.000103421,5.70503e-05
54,0.361053,-0.361053,-8.99729e-05,5.70502e-05
56,0.361006,-0.361006,-7.88544e-05,5.70802e-05
58,0.360965,-0.360965,-6.98222e-05,5.71439e-05
60,0.360929,-0.360929,-6.26112e-05,5.72431e-05
62,0.360897,-0.360897,-5.72687e-05,5.73822e-05
64,0.360868,-0.360868,-4.99843e-05,5.75589e-05
66,0.360842,-0.360842,-4.4151e-05,5.7767e-05
68,0.360819,-0.360819,-4.00695e-05,5.80083e-05
70,0.360796,-0.360796,-3.74381e-05,5.82846e-05
72,0.360774,-0.360774,-3.57752e-05,5.86055e-05
74,0.360753,-0.360753,-3.3448e-05,5.89629e-05
76,0.360733,-0.360733,-3.1154e-05,5.93529e-05
78,0.360715,-0.360715,-2.92663e-05,5.97765e-05
80,0.360697,-0.360697,-2.80479e-05,6.0236e-05
82,0.360681,-0.360681,-2.72222e-05,6.07475e-05
84,0.360665,-0.360665,-2.57571e-05,6.12963e-05
86,0.360649,-0.360649,-2.43649e-05,6.18812e-05
88,0.360634,-0.360634,-2.34165e-05,6.25022e-05
90,0.360619,-0.360619,-2.29023e-05,6.31628e-05
92,0.360604,-0.360604,-2.26245e-05,6.38746e-05
94,0.360589,-0.360589,-2.2242e-05,6.46269e-05
96,0.360574,-0.360574,-2.18123e-05,6.54197e-05
98,0.360559,-0.360559,-2.14327e-05,6.62528e-05
100,0.360544,-0.360544,-2.12425e-05,6.71355e-05
102,0.360529,-0.360529,-2.11616e-05,6.80632e-05
104,0.360514,-0.360514,-2.09905e-05,6.90334e-05
106,0.360498,-0.360498,-2.08034e-05,7.00485e-05
108,0.360483,-0.360483,-2.07558e-05,7.11099e-05
110,0.360467,-0.360467,-2.08251e-05,7.22243e-05
112,0.360451,-0.360451,-2.09949e-05,7.33916e-05
114,0.360434,-0.360434,-2.1235e-05,7.46115e-05
116,0.360417,-0.360417,-2.1506e-05,7.58834e-05
118,0.3604,-0.360399,-2.1747e-05,7.72057e-05
120,0.360382,-0.360382,-2.19628e-05,7.85877e-05
122,0.360363,-0.360363,-2.22537e-05,8.00251e-05
124,0.360344,-0.360344,-2.262e-05,8.15236e-05
126,0.360325,-0.360325,-2.3055e-05,8.30862e-05
128,0.360305,-0.360305,-2.35535e-05,8.47194e-05
130,0.360284,-0.360284,-2.40478e-05,8.64127e-05
132,0.360262,-0.360262,-2.4636e-05,8.81671e-05
134,0.36024,-0.36024,-2.53804e-05,8.99897e-05
136,0.360216,-0.360216,-2.62994e-05,9.18851e-05
138,0.360192,-0.360192,-2.71312e-05,9.38658e-05
140,0.360167,-0.360167,-2.78407e-05,9.59094e-05
142,0.36014,-0.36014,-2.86175e-05,9.80237e-05
144,0.360113,-0.360113,-2.95696e-05,0.000100218
146,0.360085,-0.360085,-3.07746e-05,0.0001025
148,0.360055,-0.360055,-3.20163e-05,0.000104895
150,0.360024,-0.360024,-3.32019e-05,0.00010735
152,0.359991,-0.359991,-3.44746e-05,0.00010988
154,0.359957,-0.359957,-3.59749e-05,0.000112497
156,0.359922,-0.359922,-3.79029e-05,0.00011522
158,0.359884,-0.359884,-3.96361e-05,0.000118062
160,0.359845,-0.359845,-4.11542e-05,0.000120978
162,0.359804,-0.359804,-4.26541e-05,0.000123979
164,0.359762,-0.359762,-4.43589e-05,0.000127079
166,0.359717,-0.359717,-4.65699e-05,0.00013031
168,0.359669,-0.359669,-4.88068e-05,0.000133672
170,0.359619,-0.359619,-5.0982e-05,0.000137109
172,0.359567,-0.359567,-5.31975e-05,0.000140632
174,0.359512,-0.359512,-5.5661e-05,0.000144265
176,0.359454,-0.359454,-5.93286e-05,0.000148056
178,0.359392,-0.359392,-6.25354e-05,0.000151974
180,0.359328,-0.359328,-6.53446e-05,0.000155984
182,0.359261,-0.359261,-6.80034e-05,0.000160093
184,0.359191,-0.359191,-7.10321e-05,0.000164349
186,0.359116,-0.359116,-7.52694e-05,0.000168787
188,0.359037,-0.359037,-7.97593e-05,0.000173368
190,0.358953,-0.358953,-8.46026e-05,0.000178054
192,0.358863,-0.358863,-8.98989e-05,0.000182827
194,0.358768,-0.358768,-9.57015e-05,0.000187769
196,0.358666,-0.358666,-0.000103812,0.000192879
198,0.358558,-0.358558,-0.000111309,0.000198136
200,0.358445,-0.358445,-0.000117882,0.000203514
202,0.358326,-0.358326,-0.000123857,0.000208988
204,0.358199,-0.358199,-0.000130426,0.000214685
206,0.358065,-0.358065,-0.00013833,0.000220555
208,0.35792,-0.35792,-0.000147362,0.000226581
210,0.357765,-0.357765,-0.00015771,0.000232723
212,0.357596,-0.357596,-0.000169783,0.000238905
214,0.357413,-0.357413,-0.000182783,0.000245299
216,0.357216,-0.357216,-0.000201503,0.000251812
218,0.357007,-0.357006,-0.000219784,0.000258428
220,0.356786,-0.356786,-0.00023415,0.000265166
222,0.356555,-0.356555,-0.000245052,0.000272127
224,0.356311,-0.356311,-0.000257573,0.000279232
226,0.356051,-0.35605,-0.000273316,0.000286393
228,0.355768,-0.355768,-0.0002946,0.00029354
230,0.355457,-0.355457,-0.000323294,0.000300595
232,0.355103,-0.355103,-0.00036056,0.000307398
234,0.354717,-0.354717,-0.000402613,0.000314152
236,0.354299,-0.354298,-0.000463208,0.000321165
238,0.35385,-0.353849,-0.000529094,0.000328387
240,0.353375,-0.353374,-0.00057542,0.000335623
242,0.352876,-0.352876,-0.000602226,0.000343111
244,0.352345,-0.352344,-0.000631951,0.000348901
246,0.351769,-0.351768,-0.000670988,0.000352846
248,0.351126,-0.351126,-0.000734538,0.000354409
250,0.350375,-0.350374,-0.000853835,0.000352365
252,0.349456,-0.349454,-0.00101955,0.000346236
254,0.348452,-0.348449,-0.00120503,0.000339546
256,0.347349,-0.347346,-0.00142034,0.000335949
258,0.346149,-0.346144,-0.0016421,0.000337133
260,0.344901,-0.344896,-0.00171648,0.000339129
262,0.343571,-0.343567,-0.00177935,0.000338666
264,0.342069,-0.342064,-0.00178932,0.000316524
266,0.340351,-0.340346,-0.00180167,0.000261536
268,0.338377,-0.338372,-0.00190653,0.000163941
270,0.335853,-0.335845,-0.00231147,-6.87779e-06
272,0.332773,-0.332761,-0.00281998,-0.000212356
274,0.329295,-0.329277,-0.00341777,-0.000437239
276,0.325416,-0.325389,-0.00412535,-0.000666352
278,0.321035,-0.320995,-0.00498788,-0.000880281
280,0.31593,-0.315886,-0.00516175,-0.00112445
282,0.310468,-0.310427,-0.00482319,-0.00147524
284,0.304602,-0.304563,-0.00447448,-0.0019728
286,0.298252,-0.298204,-0.00462274,-0.00268691
288,0.291194,-0.291108,-0.00599235,-0.00380357
290,0.283067,-0.282906,-0.00781371,-0.00547305
292,0.274006,-0.273748,-0.0092371,-0.00746586
294,0.264491,-0.264013,-0.0124208,-0.00991901
296,0.254563,-0.253462,-0.0197768,-0.01297
298,0.240033,-0.23706,-0.0337789,-0.0166513
300,0.222173,-0.216163,-0.0461931,-0.022378
302,0.195933,-0.187639,-0.0484636,-0.028856
304,0.168077,-0.157687,-0.0443262,-0.0376847
306,0.152202,-0.136544,-0.0436294,-0.051163
308,0.116592,-0.0917485,-0.0565461,-0.0444799
310,0.118564,-0.071844,-0.0861403,-0.0384142
312,0.139282,-0.0365944,-0.126196,-0.0462048
314,0.129578,0.0332545,-0.114327,-0.0511256
316,0.148636,0.114177,-0.0840513,-0.0446272
318,0.178492,0.156822,-0.0304499,-0.0796189
320,0.318303,0.264189,-0.0341623,-0.174224
322,0.471909,0.372942,-0.0232909,-0.288219
324,0.535865,0.397366,0.0736731,-0.351887
326,0.398392,0.180516,0.311243,-0.17105
328,0.290047,-0.134627,0.236503,-0.100345
330,0.278445,-0.191987,0.104214,-0.172662
332,0.300919,-0.0945595,0.0288124,-0.284219
334,0.31712,-0.065978,0.0802559,-0.299618
336,0.339698,-0.132584,0.0790214,-0.302609
338,0.329859,-0.166713,-0.00938924,-0.284475
340,0.359959,-0.192579,-0.0791907,-0.29362
342,0.392812,-0.202004,-0.0790802,-0.327478
344,0.378804,-0.160115,0.0137623,-0.343025
346,0.368889,-0.172297,0.137687,-0.295695
348,0.432178,-0.294913,0.223025,-0.223752
350,0.554131,-0.474049,0.274052,-0.0850541
352,0.733519,-0.659083,0.29338,0.132619
354,0.926209,-0.800155,0.271208,0.379552
356,0.996934,-0.795652,0.211391,0.562252
358,0.965191,-0.693081,0.170792,0.649663
360,0.863848,-0.540322,0.142507,0.65877
362,0.736838,-0.388399,0.112418,0.615986
364,0.604855,-0.283699,0.088405,0.52683
366,0.503657,-0.236035,0.0835354,0.437012
368,0.426273,-0.216524,0.0756382,0.359312
370,0.368896,-0.212714,0.0629852,0.294737
372,0.326308,-0.216334,0.0529541,0.238479
374,0.303954,-0.227337,0.0417057,0.1974
376,0.289614,-0.237582,0.0330708,0.162289
378,0.283195,-0.248235,0.0261551,0.133772
380,0.282966,-0.259285,0.0208146,0.111391
382,0.285297,-0.269002,0.0180588,0.0933063
384,0.290026,-0.278617,0.0148894,0.0791612
386,0.294977,-0.286994,0.0122842,0.0670463
388,0.299961,-0.294355,0.0100236,0.0568426
390,0.304913,-0.300936,0.00796445,0.0484391
392,0.309232,-0.30634,0.00679494,0.0416421
394,0.313367,-0.311226,0.00587667,0.0360949
396,0.317316,-0.31572,0.00524705,0.0313432
398,0.321112,-0.319915,0.0047089,0.0272929
400,0.324794,-0.323889,0.00400041,0.0238945
402,0.327895,-0.327197,0.00337559,0.0211196
404,0.33065,-0.330105,0.00291987,0.0187534
406,0.333158,-0.332728,0.00262212,0.0167077
408,0.33546,-0.33512,0.00238336,0.0149256
410,0.33757,-0.3373,0.0019964,0.0133541
412,0.339319,-0.339102,0.00172356,0.0120078
414,0.3409,-0.340725,0.00152309,0.0108205
416,0.342354,-0.342212,0.00139429,0.00977164
418,0.343712,-0.343596,0.00130683,0.00884065
420,0.34498,-0.344885,0.00114518,0.00801745
422,0.346088,-0.346009,0.00100097,0.00730324
424,0.347094,-0.347029,0.000895863,0.0066694
426,0.348021,-0.347967,0.000826843,0.00610736
428,0.348889,-0.348843,0.000779406,0.005607
430,0.349688,-0.34965,0.000694236,0.00515868
432,0.350404,-0.350371,0.000619166,0.00475162
434,0.351057,-0.351029,0.000560037,0.00438304
436,0.35166,-0.351636,0.00051766,0.00405075
438,0.352225,-0.352205,0.000489256,0.00375019
440,0.352742,-0.352725,0.000437971,0.00347887
442,0.353217,-0.353202,0.000393275,0.0032302
444,0.353655,-0.353642,0.000358865,0.00300385
446,0.354064,-0.354052,0.000335504,0.0027987
448,0.354448,-0.354439,0.000320252,0.00261381
450,0.354807,-0.354799,0.000294137,0.00244397
452,0.35514,-0.355132,0.0002687,0.0022859
454,0.355448,-0.355441,0.000246938,0.00214017
456,0.355735,-0.355729,0.000230292,0.0020069
458,0.356002,-0.355997,0.000217958,0.00188646
460,0.356251,-0.356247,0.000199262,0.00177401
462,0.356484,-0.35648,0.000181512,0.00166886
464,0.356702,-0.356698,0.000167126,0.00157134
466,0.356906,-0.356903,0.000157017,0.00148168
468,0.357099,-0.357096,0.000150103,0.00140066
470,0.357281,-0.357279,0.000140068,0.00132405
472,0.357454,-0.357451,0.00012945,0.0012518
474,0.357615,-0.357613,0.000119824,0.00118419
476,0.357765,-0.357763,0.000112352,0.0011219
478,0.357906,-0.357904,0.000106678,0.00106514
480,0.358039,-0.358038,9.89342e-05,0.00101114
482,0.358165,-0.358164,9.0952e-05,0.00096
484,0.358284,-0.358283,8.43336e-05,0.000911922
486,0.358395,-0.358394,7.99137e-05,0.000867748
488,0.358502,-0.358501,7.66756e-05,0.000826919
490,0.358604,-0.358603,7.24836e-05,0.000787974
492,0.358701,-0.3587,6.76677e-05,0.000750838
494,0.358793,-0.358793,6.30691e-05,0.000715651
496,0.358879,-0.358878,5.95255e-05,0.000683365
498,0.358961,-0.35896,5.65399e-05,0.000653163
500,0.359038,-0.359038,5.29434e-05,0.000624342
502,0.359113,-0.359112,4.89144e-05,0.000596791
504,0.359183,-0.359182,4.54581e-05,0.000570628
506,0.359249,-0.359248,4.31816e-05,0.000546682
508,0.359312,-0.359312,4.12974e-05,0.000524051
510,0.359374,-0.359373,3.92181e-05,0.000502412
512,0.359432,-0.359432,3.6749e-05,0.000481602
514,0.359488,-0.359488,3.43283e-05,0.000461807
516,0.359541,-0.35954,3.24708e-05,0.000443469
518,0.359591,-0.35959,3.08842e-05,0.000426098
520,0.359639,-0.359639,2.916e-05,0.000409489
522,0.359685,-0.359685,2.70631e-05,0.000393493
524,0.359729,-0.359729,2.5324e-05,0.000378365
526,0.359771,-0.35977,2.41536e-05,0.000364226
528,0.359811,-0.359811,2.3225e-05,0.000350808
530,0.35985,-0.35985,2.23018e-05,0.000337959
532,0.359888,-0.359888,2.11566e-05,0.000325519
534,0.359924,-0.359924,1.99525e-05,0.000313715
536,0.359959,-0.359959,1.89484e-05,0.000302574
538,0.359992,-0.359992,1.80725e-05,0.000291986
540,0.360024,-0.360024,1.71836e-05,0.000281852
542,0.360055,-0.360055,1.6016e-05,0.000272055
544,0.360084,-0.360084,1.50946e-05,0.000262772
546,0.360113,-0.360113,1.44858e-05,0.00025397
548,0.360141,-0.360141,1.40338e-05,0.0002456
550,0.360168,-0.360168,1.36203e-05,0.000237584
552,0.360195,-0.360195,1.32766e-05,0.000229834
554,0.360221,-0.360221,1.2669e-05,0.000222415
556,0.360245,-0.360245,1.19945e-05,0.000215353
558,0.360269,-0.360269,1.13228e-05,0.000208634
560,0.360292,-0.360292,1.06697e-05,0.00020221
562,0.360314,-0.360314,9.68336e-06,0.000196016
564,0.360336,-0.360336,9.19266e-06,0.000190046
566,0.360358,-0.360358,9.17572e-06,0.000184346
568,0.360381,-0.360381,9.51029e-06,0.000178927
570,0.360403,-0.360403,9.96229e-06,0.000173767
572,0.360426,-0.360426,1.16636e-05,0.000168776
574,0.360449,-0.360449,1.21494e-05,0.000163942
576,0.360471,-0.360471,1.15574e-05,0.000159318
578,0.360491,-0.360491,1.03376e-05,0.000154926
580,0.360511,-0.360511,9.58792e-06,0.000150767
582,0.360531,-0.360531,1.01056e-05,0.00014673
584,0.360553,-0.360553,1.21995e-05,0.000142807
586,0.360579,-0.360579,1.4536e-05,0.00013903
588,0.360607,-0.360607,1.60888e-05,0.000135422
590,0.360635,-0.360635,1.90964e-05,0.000131989
592,0.360663,-0.360663,3.04511e-05,0.000128721
594,0.360691,-0.360691,3.63694e-05,0.000125595
596,0.360714,-0.360714,2.89691e-05,0.000122616
598,0.360729,-0.360728,2.75715e-06,0.00011979
600,0.360714,-0.360714,-2.59211e-05,0.000117038
602,0.360685,-0.360685,-4.98701e-05,0.000114276
604,0.360649,-0.360649,-0.000103327,0.000111607
606,0.360608,-0.360608,-0.000210276,0.00010911
608,0.360558,-0.360558,-0.000392051,0.000106863
610,0.360491,-0.36049,-0.000546574,0.000104796
612,0.360435,-0.360435,-0.000532664,0.000102742
614,0.360447,-0.360446,-0.000352584,0.000100639
616,0.360543,-0.360543,-1.71443e-05,9.83826e-05
618,0.360623,-0.360622,0.000501644,9.56156e-05
620,0.3607,-0.360697,0.00142562,9.16212e-05
622,0.360729,-0.360721,0.00241975,8.57874e-05
624,0.360914,-0.360903,0.00290031,7.79125e-05
626,0.361457,-0.36145,0.00231191,6.86943e-05
628,0.36168,-0.361677,0.00150254,6.81174e-05
630,0.362049,-0.362047,0.00113248,6.6838e-05
632,0.362337,-0.362336,0.000865387,6.54351e-05
634,0.362531,-0.36253,0.000631202,6.41017e-05
636,0.362774,-0.362773,0.000530387,6.28059e-05
638,0.362926,-0.362926,0.000385829,6.15734e-05
640,0.363067,-0.363067,0.000291214,6.03813e-05
642,0.363183,-0.363183,0.000222797,5.92175e-05
644,0.363271,-0.363271,0.000166971,5.80752e-05
646,0.363352,-0.363352,0.000136567,5.69617e-05
648,0.363417,-0.363417,0.00010465,5.5921e-05
