x,v,vx,vy,vz
0,0.362814,-0.362813,0.000124406,0.000139809
2,0.362908,-0.362908,9.07008e-05,0.000136374
4,0.363,-0.362999,5.2374e-05,0.000132995
6,0.363079,-0.363079,2.96418e-05,0.000129709
8,0.363152,-0.363152,1.39035e-05,0.000126505
10,0.363219,-0.363219,-1.81387e-05,0.00012341
12,0.363278,-0.363278,-9.2641e-05,0.000120495
14,0.363323,-0.363323,-0.000238679,0.000117863
16,0.363309,-0.363309,-0.00045528,0.000116058
18,0.363278,-0.363277,-0.000728577,0.000115806
20,0.36321,-0.363208,-0.0010956,0.000117972
22,0.363108,-0.363105,-0.00156133,0.000123718
24,0.363005,-0.362999,-0.00209279,0.000135201
26,0.362721,-0.362714,-0.00216091,0.000152468
28,0.362388,-0.362384,-0.00178923,0.000154746
30,0.36203,-0.362028,-0.00132608,0.000150941
32,0.361669,-0.361668,-0.00103939,0.000149305
34,0.361371,-0.36137,-0.000825614,0.0001473
36,0.361101,-0.3611,-0.000674234,0.000145437
38,0.360867,-0.360866,-0.000545105,0.000143689
40,0.360667,-0.360667,-0.000437654,0.000142042
42,0.360495,-0.360495,-0.00035865,0.000140475
44,0.360355,-0.360354,-0.000289743,0.000138987
46,0.360234,-0.360234,-0.000241653,0.000137576
48,0.360127,-0.360126,-0.000204271,0.000136254
50,0.36003,-0.360029,-0.000174644,0.000135022
52,0.359943,-0.359943,-0.000154527,0.000133873
54,0.359864,-0.359864,-0.000135215,0.000132802
56,0.359796,-0.359796,-0.00011878,0.000131801
58,0.359736,-0.359736,-0.000104934,0.000130881
60,0.359684,-0.359684,-9.34472e-05,0.000130044
62,0.359638,-0.359638,-8.4725e-05,0.000129294
64,0.359596,-0.359596,-7.33363e-05,0.000128615
66,0.359559,-0.359559,-6.42506e-05,0.000128001
68,0.359525,-0.359525,-5.78527e-05,0.00012746
70,0.359492,-0.359492,-5.36519e-05,0.000126999
72,0.359461,-0.359461,-5.1089e-05,0.00012663
74,0.359431,-0.359431,-4.76668e-05,0.000126327
76,0.359403,-0.359403,-4.42363e-05,0.000126089
78,0.359378,-0.359378,-4.12795e-05,0.000125923
80,0.359354,-0.359354,-3.91629e-05,0.000125834
82,0.359331,-0.359331,-3.75941e-05,0.000125842
84,0.359309,-0.359309,-3.50952e-05,0.000125909
86,0.359288,-0.359288,-3.27667e-05,0.000126037
88,0.359268,-0.359268,-3.11845e-05,0.000126231
90,0.359247,-0.359247,-3.03472e-05,0.000126507
92,0.359227,-0.359227,-2.98991e-05,0.000126878
94,0.359207,-0.359207,-2.93195e-05,0.000127321
96,0.359186,-0.359186,-2.86557e-05,0.000127841
98,0.359167,-0.359167,-2.80263e-05,0.000128438
100,0.359147,-0.359147,-2.76699e-05,0.000129104
102,0.359127,-0.359127,-2.73843e-05,0.000129814
104,0.359108,-0.359108,-2.69592e-05,0.000130583
106,0.359088,-0.359088,-2.65318e-05,0.000131423
108,0.359068,-0.359068,-2.63477e-05,0.000132342
110,0.359048,-0.359047,-2.64307e-05,0.000133361
112,0.359027,-0.359027,-2.66405e-05,0.000134467
114,0.359005,-0.359005,-2.69653e-05,0.00013565
116,0.358983,-0.358983,-2.73405e-05,0.000136907
118,0.358961,-0.358961,-2.76311e-05,0.000138237
120,0.358938,-0.358938,-2.79589e-05,0.000139666
122,0.358915,-0.358915,-2.82934e-05,0.000141183
124,0.358891,-0.358891,-2.87008e-05,0.000142783
126,0.358867,-0.358867,-2.9224e-05,0.000144461
128,0.358841,-0.358841,-2.98613e-05,0.000146225
130,0.358815,-0.358815,-3.06239e-05,0.000148079
132,0.358788,-0.358787,-3.14432e-05,0.000150023
134,0.358759,-0.358759,-3.24421e-05,0.000152058
136,0.35873,-0.35873,-3.37124e-05,0.000154183
138,0.3587,-0.3587,-3.47969e-05,0.000156411
140,0.358668,-0.358668,-3.58303e-05,0.000158732
142,0.358635,-0.358635,-3.68385e-05,0.000161151
144,0.358602,-0.358602,-3.79731e-05,0.000163672
146,0.358567,-0.358567,-3.94779e-05,0.000166289
148,0.35853,-0.35853,-4.10474e-05,0.000169023
150,0.358491,-0.358491,-4.27532e-05,0.000171839
152,0.358451,-0.358451,-4.44858e-05,0.000174755
154,0.358409,-0.358409,-4.63465e-05,0.00017778
156,0.358366,-0.358366,-4.88531e-05,0.00018092
158,0.35832,-0.35832,-5.08869e-05,0.00018417
160,0.358272,-0.358272,-5.26577e-05,0.000187502
162,0.358222,-0.358222,-5.42356e-05,0.000190933
164,0.358171,-0.358171,-5.58017e-05,0.000194479
166,0.358117,-0.358116,-5.81898e-05,0.000198177
168,0.358059,-0.358059,-6.0753e-05,0.000201976
170,0.357998,-0.357998,-6.35764e-05,0.000205864
172,0.357935,-0.357935,-6.65483e-05,0.000209852
174,0.357869,-0.357869,-6.95476e-05,0.000213956
176,0.357799,-0.357798,-7.44027e-05,0.000218211
178,0.357725,-0.357725,-7.81852e-05,0.000222565
180,0.357648,-0.357648,-8.13351e-05,0.000227024
182,0.357568,-0.357568,-8.41098e-05,0.000231601
184,0.357485,-0.357485,-8.66644e-05,0.000236319
186,0.357397,-0.357397,-9.06642e-05,0.000241199
188,0.357303,-0.357303,-9.54375e-05,0.000246168
190,0.357203,-0.357202,-0.000101565,0.000251245
192,0.357096,-0.357096,-0.000109,0.000256451
194,0.356982,-0.356982,-0.000115751,0.000261829
196,0.356861,-0.356861,-0.000126178,0.000267391
198,0.356733,-0.356733,-0.00013409,0.000273062
200,0.3566,-0.3566,-0.000139112,0.000278854
202,0.356463,-0.356463,-0.00014218,0.000284783
204,0.356319,-0.356319,-0.000144228,0.00029082
206,0.356166,-0.356166,-0.000148275,0.000296983
208,0.356002,-0.356002,-0.000155883,0.00030321
210,0.355822,-0.355822,-0.000167842,0.000309529
212,0.355625,-0.355625,-0.000184445,0.000316016
214,0.355412,-0.355412,-0.000200083,0.000322417
216,0.355184,-0.355184,-0.00023018,0.000328791
218,0.354946,-0.354946,-0.000257003,0.00033516
220,0.354701,-0.3547,-0.000271192,0.000341645
222,0.35445,-0.35445,-0.00027604,0.000348624
224,0.35419,-0.354189,-0.000276477,0.000354778
226,0.353909,-0.353909,-0.000292182,0.000360194
228,0.353586,-0.353585,-0.000333011,0.000364503
230,0.353197,-0.353197,-0.000400182,0.000367282
232,0.352728,-0.352728,-0.000458898,0.000367567
234,0.352233,-0.352232,-0.000546624,0.000368579
236,0.351688,-0.351687,-0.000671329,0.000371909
238,0.351112,-0.351111,-0.000788598,0.00037763
240,0.350537,-0.350536,-0.000837076,0.000385254
242,0.349876,-0.349874,-0.00103645,0.000398552
244,0.348966,-0.348964,-0.00113895,0.000402231
246,0.347819,-0.347817,-0.00123521,0.000391199
248,0.346398,-0.346395,-0.00137605,0.000360382
250,0.344587,-0.344583,-0.00158477,0.000302551
252,0.342414,-0.342409,-0.00173188,0.000209044
254,0.340128,-0.340122,-0.00198017,9.47807e-05
256,0.337725,-0.337718,-0.00214436,-3.98554e-05
258,0.33524,-0.335234,-0.00207486,-0.000192703
260,0.332887,-0.332882,-0.00173958,-0.000356127
262,0.330503,-0.330496,-0.00212158,-0.000537514
264,0.32764,-0.327629,-0.00254026,-0.000746129
266,0.324389,-0.324377,-0.00256698,-0.00098206
268,0.321046,-0.321038,-0.00189254,-0.00124107
270,0.318601,-0.318596,-0.00110059,-0.00151256
272,0.316684,-0.316676,-0.00144075,-0.00175047
274,0.314735,-0.314722,-0.00205339,-0.00198021
276,0.312621,-0.312605,-0.00225163,-0.00223034
278,0.310472,-0.310459,-0.00129615,-0.00253853
280,0.309194,-0.309179,-0.000357546,-0.00295369
282,0.308113,-0.308091,-0.000769583,-0.00357901
284,0.306869,-0.30683,-0.0020627,-0.00443414
286,0.305307,-0.30523,-0.00405152,-0.00554079
288,0.303626,-0.303459,-0.00727184,-0.00696854
290,0.301274,-0.300849,-0.0132664,-0.00895743
292,0.297798,-0.296926,-0.019528,-0.0117048
294,0.292769,-0.29117,-0.0264452,-0.0153111
296,0.285946,-0.283064,-0.0352965,-0.0198426
298,0.277343,-0.271337,-0.051384,-0.0255989
300,0.264123,-0.253419,-0.0665797,-0.0332715
302,0.245574,-0.232407,-0.0699299,-0.0374598
304,0.22919,-0.217366,-0.0607636,-0.0398509
306,0.229351,-0.220432,-0.0443859,-0.0451854
308,0.243296,-0.22705,-0.0738377,-0.0467876
310,0.258381,-0.22254,-0.119385,-0.0546216
312,0.243082,-0.179129,-0.150983,-0.0648528
314,0.198823,-0.101299,-0.149528,-0.0831281
316,0.169104,-0.0359679,-0.102259,-0.12979
318,0.0816736,0.0553981,-0.0381725,-0.0463087
320,0.241254,0.198531,-0.0958906,-0.0979493
322,0.407193,0.333435,-0.115056,-0.203444
324,0.457135,0.378996,0.02319,-0.254551
326,0.309029,0.158677,0.244971,-0.101537
328,0.31548,-0.127702,0.281052,0.0650352
330,0.3713,-0.264196,0.260783,0.00752729
332,0.401498,-0.314561,0.20975,-0.13512
334,0.446053,-0.402939,0.132807,-0.137716
336,0.384993,-0.347458,0.0423983,-0.160298
338,0.350045,-0.310052,0.0202345,-0.161214
340,0.329991,-0.28479,0.0208073,-0.165396
342,0.336406,-0.284474,0.0146014,-0.178969
344,0.337471,-0.282789,0.00506733,-0.184096
346,0.345061,-0.291902,-0.016875,-0.183235
348,0.353985,-0.300182,-0.0361363,-0.184094
350,0.363206,-0.298051,-0.0219556,-0.206402
352,0.461546,-0.409487,0.000543804,-0.212943
354,0.466213,-0.405815,0.000347347,-0.229497
356,0.459481,-0.394949,-0.00390655,-0.234784
358,0.472416,-0.408266,-0.00584432,-0.237616
360,0.519642,-0.45691,-0.00387636,-0.247479
362,0.600815,-0.538376,0.00237625,-0.266692
364,0.631179,-0.582381,0.0110108,-0.2431
366,0.657211,-0.628179,0.00850473,-0.19299
368,0.671829,-0.659059,-0.0098613,-0.129994
370,0.669966,-0.666094,-0.0391467,-0.0603451
372,0.647467,-0.643833,-0.067583,0.0111593
374,0.604072,-0.600534,-0.0284948,0.0587371
376,0.578294,-0.569566,0.0141536,0.0990857
378,0.563272,-0.546356,0.0329106,0.132997
380,0.548494,-0.524069,0.0209886,0.160488
382,0.522292,-0.490273,-0.00208179,0.180048
384,0.48815,-0.451205,-0.000595171,0.186291
386,0.458925,-0.419837,0.00795816,0.185164
388,0.434703,-0.3958,0.0149972,0.179122
390,0.414094,-0.377233,0.0151687,0.170114
392,0.39519,-0.361896,0.0121794,0.158296
394,0.378767,-0.34934,0.0115908,0.145918
396,0.365374,-0.34002,0.0119101,0.133202
398,0.355233,-0.333858,0.0123146,0.120738
400,0.34819,-0.330393,0.0120923,0.109228
402,0.343441,-0.328818,0.0109846,0.0985378
404,0.340081,-0.328162,0.00944925,0.088744
406,0.337456,-0.327819,0.0079483,0.0796755
408,0.335348,-0.327574,0.00676328,0.0714686
410,0.333834,-0.327477,0.0061044,0.0645528
412,0.333341,-0.328106,0.00616186,0.0585218
414,0.333573,-0.329299,0.00572059,0.0529217
416,0.33408,-0.330628,0.00487899,0.0476546
418,0.334568,-0.331804,0.0038732,0.0427364
420,0.335067,-0.332828,0.00323402,0.0385274
422,0.335706,-0.33387,0.00299762,0.0349325
424,0.336513,-0.335,0.00280459,0.0317472
426,0.337433,-0.336183,0.00260321,0.0288911
428,0.3384,-0.337368,0.0023905,0.0262995
430,0.339413,-0.338551,0.00215935,0.0240741
432,0.340377,-0.339656,0.00194452,0.0220596
434,0.34131,-0.340705,0.00176447,0.0202337
436,0.342223,-0.341714,0.00161848,0.0185791
438,0.343124,-0.342696,0.00149352,0.0170667
440,0.343995,-0.343633,0.00130442,0.0157196
442,0.344792,-0.344486,0.00115984,0.0144898
444,0.345539,-0.345279,0.00105096,0.0133732
446,0.346252,-0.34603,0.000972226,0.0123616
448,0.34694,-0.34675,0.00092424,0.0114464
450,0.347594,-0.347431,0.000835786,0.0106208
452,0.348199,-0.348059,0.000755067,0.00986085
454,0.348762,-0.348641,0.0006904,0.00916584
456,0.349295,-0.34919,0.00064355,0.00853343
458,0.349805,-0.349713,0.000607501,0.0079629
460,0.350293,-0.350214,0.000552948,0.0074372
462,0.350751,-0.350682,0.000500618,0.0069485
464,0.351179,-0.351119,0.000457925,0.00649719
466,0.351584,-0.351531,0.00042824,0.0060839
468,0.351968,-0.351921,0.000409072,0.00571104
470,0.352335,-0.352294,0.000378982,0.00536221
472,0.352679,-0.352643,0.000348283,0.00503632
474,0.353001,-0.352969,0.00032216,0.0047338
476,0.353302,-0.353274,0.000302543,0.00445661
478,0.353586,-0.353561,0.000287392,0.00420511
480,0.353858,-0.353836,0.000266404,0.00396798
482,0.354116,-0.354096,0.000244591,0.00374511
484,0.354357,-0.35434,0.000226397,0.00353682
486,0.354585,-0.35457,0.000214391,0.00334629
488,0.354804,-0.354789,0.000205471,0.00317081
490,0.355013,-0.355001,0.000193951,0.00300475
492,0.355213,-0.355202,0.000180938,0.00284773
494,0.355401,-0.355391,0.00016889,0.00270005
496,0.355576,-0.355567,0.000159712,0.00256528
498,0.355743,-0.355734,0.000151956,0.0024397
500,0.355902,-0.355894,0.000142495,0.00232066
502,0.356053,-0.356047,0.000131869,0.00220767
504,0.356197,-0.356191,0.00012288,0.00210103
506,0.356332,-0.356326,0.000117183,0.0020038
508,0.356462,-0.356457,0.000112553,0.00191215
510,0.356588,-0.356583,0.000107372,0.00182502
512,0.356708,-0.356704,0.000101127,0.00174185
514,0.356822,-0.356818,9.51141e-05,0.00166333
516,0.356929,-0.356925,9.04289e-05,0.00159089
518,0.357031,-0.357028,8.63337e-05,0.00152249
520,0.357129,-0.357126,8.17687e-05,0.0014574
522,0.357223,-0.35722,7.61614e-05,0.00139512
524,0.357312,-0.357309,7.16415e-05,0.00133657
526,0.357397,-0.357394,6.8514e-05,0.00128195
528,0.357479,-0.357477,6.60343e-05,0.00123022
530,0.357559,-0.357557,6.3584e-05,0.00118088
532,0.357636,-0.357634,6.05347e-05,0.00113343
534,0.357708,-0.357707,5.74197e-05,0.00108874
536,0.357778,-0.357776,5.47104e-05,0.00104665
538,0.357844,-0.357843,5.23055e-05,0.00100674
540,0.357908,-0.357907,4.9857e-05,0.000968659
542,0.35797,-0.357969,4.66254e-05,0.00093207
544,0.358029,-0.358028,4.42295e-05,0.000897597
546,0.358087,-0.358086,4.25828e-05,0.000864944
548,0.358143,-0.358142,4.13885e-05,0.000833916
550,0.358198,-0.358197,4.03625e-05,0.000804262
552,0.358251,-0.35825,3.92798e-05,0.000775756
554,0.358302,-0.358301,3.75929e-05,0.000748607
556,0.358351,-0.35835,3.56563e-05,0.000722822
558,0.358398,-0.358397,3.36273e-05,0.000698322
560,0.358444,-0.358443,3.15786e-05,0.000674921
562,0.358488,-0.358488,2.8882e-05,0.000652448
564,0.358533,-0.358532,2.76432e-05,0.000630903
566,0.358577,-0.358577,2.76752e-05,0.000610401
568,0.358622,-0.358622,2.87453e-05,0.000590937
570,0.358667,-0.358667,3.04831e-05,0.00057239
572,0.358712,-0.358712,3.42367e-05,0.000554535
574,0.358756,-0.358756,3.54159e-05,0.000537299
576,0.3588,-0.358799,3.44146e-05,0.000520842
578,0.358841,-0.358841,3.21972e-05,0.000505216
580,0.358882,-0.358882,3.0942e-05,0.00049037
582,0.358923,-0.358923,3.2542e-05,0.000476054
584,0.358967,-0.358967,3.69911e-05,0.000462228
586,0.359015,-0.359015,4.20004e-05,0.000448971
588,0.359065,-0.359064,4.55615e-05,0.000436346
590,0.35911,-0.35911,4.92638e-05,0.000424466
592,0.359153,-0.359153,6.09361e-05,0.000413047
594,0.359191,-0.359191,6.03701e-05,0.000401992
596,0.359216,-0.359216,3.64641e-05,0.000391315
598,0.359218,-0.359218,-1.82046e-05,0.000381054
600,0.359168,-0.359168,-9.07802e-05,0.000371327
602,0.359088,-0.359088,-0.000174942,0.000361978
604,0.358991,-0.358991,-0.000308246,0.000353093
606,0.358883,-0.358882,-0.000507931,0.000344697
608,0.358763,-0.358762,-0.000774189,0.000336768
610,0.358642,-0.358641,-0.000970284,0.000329071
612,0.358532,-0.358531,-0.000912986,0.000321298
614,0.35851,-0.35851,-0.000582153,0.000313091
616,0.358604,-0.358604,1.81079e-05,0.000303781
618,0.358664,-0.358663,0.00089699,0.000291138
620,0.35878,-0.358774,0.00214202,0.00027296
622,0.358863,-0.358847,0.0033583,0.000248712
624,0.35916,-0.359139,0.00386511,0.000219098
626,0.35992,-0.359907,0.00303348,0.00018762
628,0.360236,-0.36023,0.00201243,0.00018602
630,0.360749,-0.360746,0.00153883,0.000181726
632,0.361151,-0.361149,0.00118926,0.000176943
634,0.361427,-0.361425,0.000878284,0.000172349
636,0.361766,-0.361765,0.000738013,0.000167708
638,0.361984,-0.361984,0.000544213,0.000163356
640,0.362186,-0.362186,0.00041575,0.000159123
642,0.362355,-0.362355,0.000322061,0.000154981
644,0.362488,-0.362488,0.000245687,0.000150923
646,0.362611,-0.362611,0.000203435,0.000146997
648,0.362715,-0.362715,0.000159586,0.000143334
