y	b	
0	0.917969
0.02	0.00487291
0.04	0.00596624
0.0692398	0.0058273
0.0984795	0.00577364
0.136647	0.005512
0.182102	0.00624778
0.235865	0.00695335
0.299968	0.00989948
0.365757	0.0126879
0.434251	0.0156742
0.50004	0.0189605
0.560281	0.0210273
0.613473	0.0233048
0.663978	0.0243157
0.709432	0.0247012
0.750083	0.0251344
0.789765	0.0269817
0.827933	0.0268589
0.865246	0.0287108
0.901218	0.0298837
0.937982	0.0303768
0.973954	0.0303743
1.00992	0.0304128
1.04564	0.0305274
1.08085	0.0315637
1.11735	0.0317382
1.15384	0.0304824
1.19201	0.0307422
1.23107	0.0294935
1.27206	0.0303052
1.31479	0.0310801
1.35753	0.0304333
1.40139	0.0318077
1.44563	0.0318841
1.49325	0.0309386
1.54042	0.0307243
1.5863	0.032269
1.63175	0.0312528
1.67937	0.0287421
1.72987	0.0310164
1.78251	0.0315082
1.83685	0.0306742
1.89367	0.0310957
1.95696	0.0303516
2.01946	0.0305616
2.08613	0.0330589
2.15756	0.0322596
2.23332	0.0333444
2.30794	0.0346556
2.38041	0.0366831
2.45503	0.0380899
2.5275	0.0403038
2.59506	0.0414231
2.65756	0.0423666
2.71781	0.0432501
2.77663	0.0431133
2.8341	0.0452356
2.89362	0.0458976
2.95386	0.045498
3.01559	0.0451282
3.08504	0.0464733
3.15647	0.0476325
3.23843	0.0490548
3.32934	0.0503983
3.43138	0.0523533
3.54008	0.0548854
3.66203	0.0578957
3.78108	0.0615095
3.89471	0.0654214
4.04177	0.0696712
4.23408	0.0744852
4.48408	0.0798539
4.79658	0.0860694
