y	b	
0	0.84375
0.0198413	0.00289606
0.0396825	0.00277296
0.0723623	0.00240751
0.105042	0.00243563
0.158234	0.00326724
0.240201	0.00673398
0.307768	0.00996927
0.372703	0.011902
0.454671	0.0139167
0.531594	0.0141402
0.603022	0.0162122
0.676552	0.018901
0.758519	0.018519
0.843265	0.0170974
0.930984	0.0177442
1.02714	0.018532
1.1091	0.0223006
1.18847	0.0240678
1.262	0.025322
1.33892	0.0281133
1.41035	0.0280451
1.48077	0.029909
1.5512	0.0304065
1.62473	0.0313547
1.70165	0.0321173
1.77628	0.0316417
1.85203	0.0307346
1.92148	0.0350791
1.98997	0.0360128
2.05942	0.0337399
2.13294	0.0338434
2.20541	0.0374722
2.28605	0.0400245
2.3667	0.0410638
2.44606	0.0413123
2.52543	0.0432827
2.61017	0.0447084
2.69214	0.0442242
2.77411	0.0464611
2.86032	0.0482862
2.95291	0.0484674
3.05095	0.0503344
3.15733	0.0515688
3.27097	0.0500241
3.3846	0.0505496
3.50088	0.0541858
3.61993	0.056752
3.73898	0.0633469
3.85261	0.0667108
3.98419	0.0700187
4.1765	0.0742334
4.4265	0.0791245
4.739	0.0850637
