y	b	
0	0.875
0.02	0.00317153
0.04	0.00278293
0.0697619	0.00246719
0.0995238	0.00261616
0.146694	0.00364604
0.191739	0.00631772
0.258405	0.00901155
0.320134	0.0113023
0.402101	0.0132122
0.479024	0.0140745
0.552553	0.015737
0.62718	0.0169152
0.713387	0.0179948
0.801106	0.0156231
0.899146	0.0143604
1.03072	0.0170643
1.16586	0.0201145
1.30099	0.0229782
1.41727	0.0279242
1.48306	0.0317132
1.54259	0.0326634
1.59877	0.0342555
1.65371	0.034684
1.71865	0.03578
1.78809	0.0352112
1.85851	0.0358337
1.9106	0.0393886
1.9601	0.0404208
2.00727	0.0410217
2.05357	0.0410705
2.10074	0.0400466
2.14747	0.0388609
2.1942	0.0363506
2.24854	0.0388062
2.30472	0.0365005
2.36883	0.0400858
2.44236	0.0409835
2.52172	0.0409235
2.62589	0.0418243
2.737	0.044406
2.84811	0.0467741
2.95228	0.0480837
3.05644	0.050176
3.15848	0.0513382
3.26718	0.0497369
3.38346	0.0558315
3.49974	0.0540441
3.61337	0.0597981
3.73533	0.0631574
3.84896	0.0665237
3.98054	0.0698443
4.17285	0.0740974
4.42285	0.0790212
4.73535	0.0849835
