y	b	
0	0.929688
0.019685	0.015245
0.0393701	0.0168423
0.0623059	0.0187969
0.0852416	0.0210958
0.110494	0.021997
0.135747	0.0225913
0.161788	0.0240955
0.191374	0.0244198
0.22096	0.0252872
0.25221	0.0272847
0.284468	0.0247897
0.319433	0.0271984
0.355929	0.0278003
0.393243	0.0294383
0.431411	0.0287835
0.468724	0.0290546
0.506038	0.0284338
0.544499	0.0286983
0.583259	0.0282594
0.621427	0.0270742
0.655673	0.0258094
0.688568	0.0267485
0.721248	0.0254434
0.753928	0.0259129
0.78865	0.0256986
0.825146	0.0252283
0.860607	0.025122
0.897372	0.0247246
0.934137	0.0235339
0.97145	0.0224505
1.00876	0.0224266
1.045	0.0216394
1.08203	0.0210401
1.12302	0.0231732
1.16434	0.023573
1.2082	0.0227364
1.25493	0.0219059
1.303	0.0210146
1.35509	0.0212968
1.40943	0.0228946
1.46691	0.0232942
1.52246	0.0253708
1.57741	0.0248265
1.63296	0.0261185
1.69043	0.0269687
1.75067	0.0286096
1.81092	0.0286907
1.87421	0.0276199
1.93914	0.0297127
1.99867	0.0296546
2.06623	0.0327469
2.13034	0.0336413
2.18848	0.0341002
2.24466	0.0341346
2.299	0.0357649
2.35335	0.0381649
2.4049	0.03573
2.45753	0.0390686
2.51188	0.0389223
2.56743	0.0394889
2.62299	0.0393075
2.67401	0.0395752
2.72777	0.0404107
2.77932	0.0417671
2.83195	0.0436124
2.88458	0.0446759
2.93777	0.045791
2.98986	0.0454817
3.03936	0.0459226
3.0879	0.0459296
3.13378	0.046302
3.18378	0.0473743
3.23378	0.0479171
3.2848	0.048128
3.33634	0.0493451
3.38789	0.0499176
3.43944	0.049559
3.49826	0.050563
3.56319	0.0519851
3.62813	0.0530858
3.70166	0.0548766
3.77412	0.0575421
3.85349	0.0599959
3.93969	0.0623714
4.03773	0.0662151
4.16594	0.0716478
4.33835	0.0765732
4.53835	0.0810945
4.69964	0.0840369
4.81075	0.0861805
4.92187	0.0890852
