y	b	
0	0.957031
0.0197628	0.0176139
0.0395257	0.0167718
0.0621501	0.0159311
0.0847746	0.0155318
0.11642	0.0153285
0.148066	0.0160649
0.181623	0.0167991
0.217337	0.0181831
0.251584	0.0200603
0.28583	0.0215857
0.320077	0.0217406
0.355042	0.023254
0.388826	0.0250394
0.422609	0.0241471
0.454661	0.0263413
0.486107	0.0271104
0.514843	0.0274991
0.546093	0.027835
0.577343	0.0276007
0.60981	0.0271685
0.641862	0.0257245
0.673913	0.0268374
0.708159	0.0270565
0.74362	0.0277906
0.779852	0.0271784
0.816084	0.0283864
0.852581	0.0279108
0.887792	0.02594
0.920904	0.0276925
0.95255	0.0280734
0.983414	0.0282301
1.01283	0.0299329
1.04224	0.0292145
1.07291	0.0293237
1.10322	0.0296727
1.1328	0.0280501
1.16239	0.0281728
1.19325	0.0280611
1.22615	0.0283987
1.2582	0.0290838
1.29244	0.0298027
1.32623	0.0302628
1.36001	0.0311435
1.39312	0.0318301
1.42624	0.0298444
1.45808	0.0298179
1.49055	0.030566
1.522	0.0313455
1.55344	0.0319859
1.58746	0.0303843
1.62057	0.0303374
1.65163	0.0310433
1.68288	0.0308241
1.71472	0.0304766
1.74657	0.0307316
1.78178	0.0318369
1.81675	0.0319854
1.85298	0.032131
1.88921	0.0324044
1.92709	0.0297168
1.96741	0.029847
2.00873	0.026198
2.05259	0.0278906
2.09805	0.0286352
2.1423	0.0287264
2.19084	0.0283126
2.25413	0.0300676
2.31437	0.0305591
2.367	0.0308739
2.42318	0.0344425
2.48201	0.0345304
2.54153	0.036735
2.6082	0.0376646
2.67862	0.0382561
2.75108	0.039652
2.83045	0.0413069
2.90508	0.0423115
2.9832	0.0433368
3.06257	0.0442997
3.14877	0.0452008
3.24137	0.0461099
3.34137	0.047686
3.44775	0.0497413
3.56138	0.0521113
3.67766	0.055246
3.79394	0.0592766
3.91022	0.0635625
4.10253	0.0698113
4.34063	0.0761334
4.59063	0.0819055
4.74688	0.0844375
4.85326	0.0870667
4.99215	0.155075
