y	b	
0	0.925781
0.0199203	0.0176014
0.0398406	0.0166342
0.0627764	0.0159005
0.0857122	0.0156983
0.117559	0.0153208
0.151343	0.0160429
0.185127	0.0173558
0.224189	0.0181615
0.260954	0.0207115
0.296925	0.021491
0.332137	0.0230949
0.367348	0.0243171
0.40207	0.0258004
0.434328	0.0270597
0.463914	0.0275129
0.4935	0.027235
0.522235	0.0278242
0.553485	0.0281934
0.58416	0.0273116
0.614835	0.0276261
0.644956	0.0277538
0.676803	0.0279008
0.710586	0.0285683
0.746558	0.0277443
0.781523	0.0278156
0.816734	0.0276015
0.851945	0.0277298
0.886667	0.0279553
0.918719	0.0287627
0.948659	0.0289867
0.978421	0.0299223
1.00749	0.0294834
1.03656	0.0295457
1.06615	0.0295657
1.09701	0.0277422
1.12886	0.0272825
1.1607	0.027243
1.19215	0.0263869
1.22483	0.0264062
1.25839	0.0276729
1.29217	0.0278011
1.32528	0.0300118
1.3584	0.0305336
1.39065	0.0299179
1.42399	0.0302557
1.45732	0.0300035
1.49111	0.0308607
1.52607	0.0308096
1.56257	0.0278109
1.59778	0.0286144
1.63299	0.0278128
1.667	0.0295347
1.70246	0.0296422
1.73536	0.0308743
1.76869	0.0324848
1.80225	0.0319547
1.83673	0.0322871
1.8717	0.0328374
1.90666	0.0332249
1.94238	0.0312583
1.97941	0.0316674
2.01701	0.0311373
2.05607	0.0322733
2.09672	0.0309104
2.13874	0.0287861
2.1826	0.0313854
2.22724	0.0310305
2.28279	0.0302606
2.33897	0.0322205
2.39	0.032491
2.44434	0.0331207
2.50181	0.0354983
2.56592	0.0365661
2.63171	0.037227
2.71367	0.0389058
2.7851	0.040205
2.85552	0.0412655
2.93015	0.0422779
3.00828	0.0433036
3.09448	0.0446216
3.18539	0.0455906
3.28743	0.0470028
3.38947	0.0484506
3.49364	0.0504888
3.60475	0.0530731
3.7267	0.0566342
3.84034	0.0609298
3.97192	0.0656218
4.1571	0.0714101
4.3952	0.0775208
4.55145	0.0810624
4.7077	0.0837978
4.81408	0.085955
4.92046	0.0891542
