y	b	
0	0.867188
0.0202429	0.00290634
0.0404858	0.00271318
0.072333	0.0024552
0.10418	0.00259388
0.155726	0.00285102
0.20949	0.00430815
0.288855	0.00838276
0.356423	0.0117693
0.434548	0.0142651
0.508077	0.0162157
0.5785	0.0167308
0.648922	0.0177655
0.730889	0.0183199
0.817096	0.0179553
0.919137	0.0165214
1.05072	0.0180577
1.19357	0.0206015
1.33643	0.0239276
1.45548	0.025871
1.5432	0.0303437
1.61895	0.0324013
1.69038	0.0331167
1.75449	0.0344326
1.81859	0.0336296
1.87883	0.0379097
1.93765	0.0367619
1.9926	0.0368074
2.04878	0.0352863
2.10625	0.037716
2.16649	0.037319
2.22978	0.035894
2.30331	0.0369212
2.38023	0.0391639
2.45836	0.0375758
2.54169	0.0414719
2.63603	0.0420149
2.73603	0.0425322
2.84967	0.0466597
2.96595	0.0485739
3.08223	0.050794
3.19092	0.0515651
3.29962	0.0541832
3.41073	0.056584
3.52436	0.05837
3.638	0.0610117
3.75705	0.0631796
3.87069	0.0674354
4.01774	0.069694
4.21005	0.0749884
4.46005	0.0798079
4.77255	0.0856896
