y	b	
0	0.902344
0.0197628	0.00380724
0.0395257	0.00400887
0.0700135	0.00433623
0.100501	0.00487755
0.140824	0.00515108
0.185072	0.00578723
0.237155	0.0073005
0.301258	0.011285
0.359397	0.0149899
0.414342	0.0193833
0.469898	0.0215112
0.515769	0.0235159
0.561224	0.0244954
0.607095	0.0230736
0.65255	0.0255469
0.698004	0.0252584
0.743876	0.0254879
0.787736	0.0255886
0.834032	0.0248097
0.881651	0.0229655
0.930195	0.0226476
0.980195	0.0239678
1.02874	0.0258743
1.07461	0.0243385
1.12048	0.0270701
1.1681	0.0269355
1.21397	0.0271905
1.25902	0.030171
1.30366	0.0299142
1.3483	0.0302389
1.39335	0.0305055
1.44008	0.0310042
1.48681	0.0307815
1.53398	0.0320292
1.57784	0.0306952
1.62501	0.0326496
1.67501	0.0329297
1.72764	0.0329982
1.78083	0.0291797
1.83237	0.0297419
1.8912	0.0306137
1.95449	0.0318802
2.01942	0.0317554
2.08521	0.0327001
2.15466	0.0324533
2.23278	0.034501
2.31091	0.0342684
2.39155	0.0369664
2.47352	0.0399422
2.54109	0.0409159
2.60206	0.0411028
2.6623	0.0429155
2.71978	0.0439405
2.77725	0.0438594
2.83472	0.0447823
2.89354	0.0445953
2.95848	0.0449506
3.02604	0.0463555
3.1018	0.0471563
3.18245	0.0484396
3.27336	0.0497867
3.37752	0.0520123
3.4938	0.0546435
3.61008	0.0572043
3.72913	0.0602788
3.84277	0.0641533
3.97434	0.0681545
4.16665	0.0731025
4.41665	0.0784869
4.72915	0.0847653
