y	b	
0	1
0.3125	0.00544015
0.625	0.0105135
0.9375	0.0168497
1.25	0.0203146
1.5625	0.0281075
1.83277	0.0319215
2.0411	0.0374043
2.15738	0.040421
2.24998	0.0422904
2.33769	0.0434206
2.42541	0.044551
2.51313	0.0425236
2.60242	0.0420696
2.70046	0.0454646
2.80684	0.0444666
2.91554	0.0507465
3.01758	0.0481883
3.12174	0.0474395
3.22591	0.0489809
3.32795	0.0564716
3.44423	0.0564583
3.56051	0.0598681
3.67415	0.0643379
3.79043	0.0624479
3.9067	0.0673936
4.09901	0.0688356
4.34901	0.0755707
4.59901	0.0825933
4.91151	0.154813
