y	b	
0	0.835938
0.0199203	0.00310457
0.0398406	0.00272862
0.0736244	0.00230926
0.107408	0.00260821
0.1606	0.00376179
0.231022	0.00751224
0.297689	0.00999656
0.360189	0.0115408
0.437112	0.0134347
0.51287	0.0135341
0.584298	0.0172015
0.656762	0.0192559
0.732519	0.01863
0.808277	0.0187516
0.884035	0.0186471
0.966002	0.0190091
1.04413	0.0229861
1.10992	0.0232094
1.17748	0.0222122
1.24415	0.0260968
1.30994	0.0276351
1.37938	0.0282511
1.44981	0.0290342
1.52023	0.027853
1.59486	0.0297095
1.67819	0.0299293
1.76591	0.0290523
1.86025	0.0305467
1.95284	0.0333507
2.02747	0.0335556
2.0989	0.0328406
2.16834	0.0374884
2.23977	0.0403623
2.3144	0.0411667
2.38289	0.0396225
2.45535	0.0422839
2.52782	0.0381238
2.60244	0.0441727
2.68181	0.0423409
2.76514	0.0444424
2.85286	0.047396
2.94902	0.048656
3.05106	0.0492667
3.15975	0.051542
3.27339	0.0535431
3.38208	0.0548221
3.49572	0.0575053
3.612	0.0601206
3.73105	0.0626163
3.84468	0.0663077
3.97626	0.0697072
4.16857	0.0740009
4.41857	0.078935
4.73107	0.084905
