y	b	
0	1
0.3125	0.00529143
0.625	0.0112315
0.9375	0.0157965
1.25	0.0218072
1.51316	0.0272861
1.74043	0.0291097
1.88329	0.0363393
1.97257	0.0382901
2.05732	0.0392964
2.14065	0.039481
2.22399	0.0416996
2.30873	0.0418949
2.39964	0.0434283
2.49398	0.0448305
2.59815	0.0438281
2.71443	0.0479822
2.83943	0.0453088
2.95571	0.0471654
3.06209	0.0536297
3.16625	0.04949
3.27495	0.0547515
3.38365	0.0556498
3.49993	0.0598426
3.6162	0.0626288
3.73816	0.0616614
3.85179	0.061839
3.99068	0.0668171
4.18299	0.0701268
4.43299	0.0744857
4.74549	0.0852465
