y	b	
0	0.882812
0.02	0.00620081
0.04	0.00668125
0.067933	0.00628711
0.0958659	0.00650394
0.139344	0.00691143
0.183987	0.00812166
0.242127	0.0109761
0.294758	0.0130877
0.34795	0.0157679
0.400033	0.0187178
0.445078	0.0199873
0.49095	0.0212282
0.538569	0.0220808
0.587112	0.0228826
0.636132	0.0239892
0.69295	0.023952
0.74913	0.0243887
0.806601	0.0255391
0.860365	0.0259496
0.908908	0.0263027
0.960455	0.0274026
1.00947	0.0287977
1.0562	0.0305541
1.10337	0.0311628
1.1501	0.031257
1.1964	0.031331
1.24227	0.0300027
1.28814	0.0305106
1.33124	0.0311819
1.37362	0.0317486
1.41563	0.0324894
1.45874	0.0324573
1.49842	0.0323067
1.5394	0.0326318
1.58073	0.0344269
1.62205	0.033758
1.66205	0.033223
1.70111	0.0333125
1.73899	0.0325201
1.77603	0.03384
1.81603	0.0321931
1.85571	0.033938
1.89636	0.0339861
1.93636	0.0343002
1.97768	0.0343687
2.02233	0.0334316
2.06697	0.0349354
2.11599	0.0358706
2.16549	0.0372458
2.21357	0.0375134
2.26307	0.036851
2.3098	0.0372833
2.35882	0.0364604
2.40984	0.0357986
2.46248	0.0364334
2.51682	0.0376963
2.57429	0.0376248
2.62749	0.0377399
2.68773	0.0387666
2.75266	0.0400329
2.82023	0.0408843
2.89715	0.0426689
2.96858	0.0438075
3.03352	0.0452073
3.09681	0.046687
3.16091	0.0465117
3.2294	0.0461952
3.30403	0.0488432
3.38339	0.0502413
3.4696	0.05154
3.58071	0.0539605
3.69699	0.0572423
3.81604	0.0615794
3.93232	0.0656352
4.12463	0.0713031
4.36272	0.0769943
4.61272	0.0823906
4.8905	0.116592
