y	b	
0	0.875
0.0200803	0.00337236
0.0401606	0.00314576
0.0680936	0.00308486
0.0960266	0.00412762
0.133621	0.00595397
0.171788	0.00822234
0.216834	0.00995678
0.264453	0.0118436
0.315999	0.0133412
0.370944	0.0140458
0.427762	0.0171665
0.488003	0.0201314
0.540635	0.0235322
0.593266	0.0231716
0.643771	0.0214128
0.695855	0.0220812
0.746875	0.02049
0.800067	0.0196804
0.85889	0.0208578
0.91703	0.0218857
0.973209	0.0230718
1.03494	0.0227747
1.09518	0.0231448
1.152	0.0257585
1.20354	0.0268219
1.25354	0.027257
1.30256	0.030106
1.35256	0.0307056
1.40307	0.0290601
1.45626	0.0306582
1.51182	0.0268023
1.56799	0.0311516
1.62824	0.0318875
1.69403	0.0314091
1.75575	0.0304404
1.82154	0.0290547
1.8973	0.0317693
1.96224	0.0334958
2.02396	0.0360225
2.08421	0.0370135
2.14303	0.0375276
2.20255	0.0373953
2.26922	0.03669
2.34385	0.0371035
2.41847	0.0390924
2.4889	0.0398822
2.55646	0.0401005
2.61744	0.0423466
2.67696	0.0406972
2.73579	0.0412499
2.79461	0.043151
2.8579	0.043659
2.93727	0.0458456
3.01419	0.0468139
3.09893	0.0478783
3.19153	0.0485465
3.30022	0.0509551
3.41386	0.0501301
3.52497	0.0542672
3.64125	0.0574966
3.7603	0.0618159
3.87393	0.0655809
4.02099	0.0675447
4.2133	0.0697459
4.4633	0.0795458
4.7758	0.0856882
