y	b	
0	0.910156
0.0202429	0.0110914
0.0404858	0.0105057
0.0692215	0.0091117
0.0979571	0.00808418
0.136717	0.00845199
0.18136	0.00889934
0.235123	0.0090476
0.284628	0.0102979
0.331798	0.0114499
0.386743	0.0129239
0.439934	0.0134694
0.491481	0.0149693
0.545244	0.0152186
0.599592	0.0133674
0.65641	0.0123177
0.721345	0.0131966
0.79947	0.0137491
0.89751	0.0147858
1.01379	0.0177194
1.12248	0.0213517
1.20869	0.0246887
1.28806	0.0266746
1.35655	0.0268099
1.41469	0.0286184
1.47421	0.0321581
1.52916	0.035693
1.57589	0.0372077
1.61975	0.0382432
1.66285	0.0383705
1.70452	0.0397279
1.74653	0.0386119
1.78786	0.0403118
1.82692	0.0399737
1.8666	0.0384288
1.90283	0.038151
1.94015	0.0413804
1.97802	0.0382415
2.01534	0.0403985
2.05265	0.0406508
2.09082	0.040747
2.12958	0.0400743
2.16864	0.0400325
2.21031	0.0380455
2.25748	0.0374562
2.3085	0.0367043
2.36597	0.034286
2.42926	0.0346112
2.50389	0.0381552
2.60004	0.0400122
2.68201	0.0417664
2.76137	0.0434792
2.84202	0.0451192
2.92823	0.045933
3.01914	0.0471975
3.12552	0.0493432
3.23421	0.0514036
3.34532	0.0534646
3.46437	0.0558377
3.58342	0.0584446
3.70537	0.0613093
3.82165	0.0648799
3.9407	0.0681895
4.12588	0.0726175
4.37588	0.0778304
4.68838	0.084003
