y	b	
0	0.898438
0.0201613	0.0034446
0.0403226	0.00339669
0.0704431	0.00357709
0.100564	0.00413679
0.141886	0.00470405
0.181256	0.00662198
0.227127	0.00885845
0.275671	0.011778
0.328303	0.0148137
0.384483	0.0180355
0.440038	0.0186311
0.494983	0.0222873
0.542153	0.0236066
0.587608	0.025693
0.633479	0.0249416
0.681556	0.0235697
0.728726	0.0235064
0.776803	0.0206389
0.82488	0.0214739
0.878643	0.0221827
0.934823	0.0221355
0.991641	0.0229147
1.05414	0.0236285
1.1079	0.0258575
1.15892	0.0252673
1.20892	0.0284664
1.25654	0.0295077
1.30605	0.0292022
1.3576	0.0304814
1.4081	0.0301753
1.45712	0.0300241
1.51147	0.0299407
1.56702	0.0309414
1.62258	0.0313732
1.67876	0.0318146
1.7369	0.0308733
1.79504	0.0316706
1.85528	0.0320688
1.92021	0.0326381
1.98871	0.0340351
2.05364	0.0360469
2.11693	0.0367607
2.17717	0.0369433
2.23815	0.0360859
2.30482	0.0352867
2.38174	0.0362381
2.46649	0.0391544
2.54461	0.0398841
2.60955	0.0416987
2.67127	0.0434744
2.72809	0.0436483
2.78427	0.0447318
2.84109	0.0448311
2.89991	0.0451908
2.97238	0.0457616
3.05571	0.0468861
3.14662	0.0479885
3.24466	0.050001
3.3467	0.0518823
3.45781	0.0539702
3.57145	0.0566465
3.6934	0.0590258
3.80968	0.0632831
3.92596	0.0669521
4.11826	0.0720411
4.36826	0.0775195
4.61826	0.0826247
4.93076	0.174015
