y	b	
0	0.871094
0.02	0.0100082
0.04	0.00920639
0.0677778	0.00835137
0.0955556	0.00683275
0.130521	0.00571057
0.173999	0.00568497
0.23424	0.00595073
0.295968	0.00685447
0.355492	0.00849194
0.415733	0.0102106
0.469496	0.0128348
0.517573	0.0153384
0.564302	0.0159785
0.610599	0.0156921
0.658676	0.0149822
0.710759	0.0157872
0.771	0.0171586
0.831241	0.0178422
0.890765	0.0185347
0.950288	0.0199056
1.00711	0.0211607
1.0603	0.0234227
1.11238	0.0248541
1.16614	0.0266465
1.21991	0.0267803
1.27145	0.0279561
1.32409	0.0300873
1.37511	0.0313936
1.42561	0.0326489
1.47369	0.032241
1.52223	0.0323236
1.57223	0.0307388
1.626	0.0321842
1.68218	0.0322409
1.73836	0.0333668
1.7927	0.0362905
1.84172	0.0401556
1.88018	0.0402344
1.9159	0.0418517
1.95187	0.0415685
1.98784	0.0417515
2.02461	0.0426198
2.05957	0.0402223
2.09358	0.0389288
2.12605	0.0399989
2.15939	0.0398344
2.19435	0.040157
2.23006	0.042501
2.26656	0.0417439
2.30415	0.0406453
2.34175	0.0414348
2.37906	0.0412013
2.41812	0.0403381
2.45719	0.0421332
2.49992	0.0387312
2.54417	0.0399745
2.59572	0.0391023
2.65386	0.0393741
2.71483	0.0400958
2.7942	0.0411329
2.87894	0.0423435
2.98533	0.0449247
3.08737	0.0470442
3.18737	0.0490381
3.301	0.0513923
3.42005	0.053906
3.53633	0.0563569
3.65828	0.0592643
3.77733	0.0627367
3.89096	0.0662175
4.03802	0.0700625
4.23033	0.0745633
4.48033	0.0797896
4.79283	0.0859737
