y	b	
0	0.9375
0.0206612	0.00306526
0.0413223	0.00296103
0.0744349	0.0026999
0.107547	0.00265596
0.162493	0.00289272
0.251778	0.00354891
0.333745	0.00712383
0.440128	0.0129226
0.522096	0.0154175
0.600221	0.0165992
0.674848	0.017587
0.759593	0.0186971
0.850502	0.0201879
0.941411	0.0203905
1.03757	0.0193455
1.16914	0.0199022
1.32539	0.0230676
1.46428	0.0269667
1.55049	0.0306057
1.62512	0.0313653
1.68922	0.0341051
1.74604	0.0367001
1.80418	0.0374541
1.85973	0.037504
1.91468	0.0387371
1.96962	0.0391832
2.02457	0.0405227
2.07892	0.040345
2.1351	0.0407389
2.19324	0.0406819
2.25653	0.0406731
2.32502	0.0412445
2.40699	0.0419337
2.48391	0.0421593
2.56455	0.0394353
2.6666	0.0439568
2.78287	0.0459986
2.88492	0.0481676
2.98696	0.0499041
3.09334	0.0481842
3.20203	0.0531894
3.31567	0.0516974
3.43472	0.0574218
3.54836	0.0594934
3.66199	0.0579896
3.78104	0.0649801
3.89468	0.068072
4.04173	0.0714711
4.23404	0.0754858
4.48404	0.0802862
4.79654	0.0861517
