y	b	
0	0.859375
0.02	0.00337699
0.04	0.00296441
0.067933	0.00308746
0.0958659	0.00438318
0.13346	0.00615796
0.17222	0.00855286
0.218091	0.010136
0.26571	0.0114365
0.316731	0.0128649
0.372286	0.013958
0.429104	0.0185016
0.489345	0.0204255
0.543693	0.0222526
0.598638	0.0218537
0.649659	0.0221637
0.70285	0.0186484
0.756614	0.0193706
0.812793	0.0213492
0.871617	0.0215781
0.929756	0.0222214
0.985312	0.0226695
1.0486	0.0240002
1.10884	0.0247676
1.16566	0.0264154
1.21885	0.0272237
1.26787	0.0286812
1.31889	0.0295888
1.37098	0.0299191
1.42653	0.0302633
1.48209	0.0283099
1.53827	0.0309668
1.59641	0.0302722
1.65665	0.031965
1.72075	0.0291533
1.78248	0.0306334
1.85494	0.0321087
1.92251	0.0325323
1.9858	0.0354457
2.04753	0.0358708
2.10705	0.0367391
2.16519	0.0374226
2.22472	0.036724
2.28801	0.0365747
2.36493	0.0383327
2.43956	0.037099
2.51099	0.040537
2.57592	0.0414541
2.63765	0.0426699
2.69579	0.042905
2.75461	0.040865
2.81344	0.0433838
2.88386	0.0440409
2.9645	0.0463394
3.04387	0.0472998
3.13478	0.0482911
3.23682	0.0486257
3.3432	0.0504399
3.45431	0.0529115
3.56795	0.0560981
3.687	0.0557643
3.80605	0.0634224
3.92232	0.0670486
4.11463	0.0720676
4.36463	0.0774997
4.61463	0.0825728
4.92713	0.170385
