y	b	
0	0.914062
0.0199203	0.0105881
0.0398406	0.0109806
0.0682497	0.00912601
0.0966588	0.00753232
0.133696	0.0061007
0.178339	0.00583017
0.239314	0.00609012
0.299555	0.00741803
0.357027	0.00933916
0.421129	0.0114458
0.480653	0.0134791
0.533285	0.0166702
0.585368	0.0165206
0.637451	0.0154626
0.693631	0.017046
0.750449	0.0172533
0.81069	0.0171114
0.871666	0.0163676
0.94111	0.0168542
1.01464	0.019264
1.08927	0.021657
1.16069	0.0230481
1.23422	0.0238451
1.31235	0.027233
1.37814	0.0300518
1.43369	0.0322628
1.48471	0.0336864
1.52976	0.0345514
1.5748	0.0360969
1.61828	0.0372009
1.66293	0.0371644
1.70459	0.038636
1.74492	0.0396241
1.78492	0.0405113
1.82492	0.0410752
1.86338	0.0407491
1.89859	0.0403926
1.93405	0.0411794
1.97136	0.0416487
2.00953	0.0415114
2.04741	0.0409514
2.08558	0.0405154
2.12289	0.040825
2.16165	0.0400998
2.20197	0.0383471
2.24296	0.0385552
2.28569	0.037123
2.33033	0.0385311
2.37795	0.0386251
2.42795	0.0381536
2.47697	0.0389898
2.5296	0.0394452
2.5921	0.0400137
2.65789	0.0410474
2.73252	0.0421125
2.81317	0.0431072
2.91121	0.0439965
3.01537	0.0463623
3.12176	0.0486125
3.22814	0.0504533
3.34177	0.0527448
3.45805	0.0552881
3.5771	0.0577665
3.69905	0.0607172
3.81533	0.0643256
3.93438	0.0677209
4.11956	0.0722615
4.36956	0.0775748
4.61956	0.0826309
4.93206	0.175295
