y	b	
0	0.921875
0.019685	0.0141421
0.0393701	0.0115348
0.067303	0.00875781
0.095236	0.00713419
0.131732	0.00676544
0.174105	0.00650207
0.230923	0.00658186
0.288395	0.00718294
0.342158	0.00891652
0.403134	0.0109744
0.457482	0.0134307
0.510113	0.015621
0.559618	0.0167107
0.610123	0.0166398
0.661144	0.017097
0.711649	0.0196183
0.755896	0.0216121
0.799	0.0226391
0.841373	0.0227273
0.884108	0.0223888
0.930404	0.0209868
0.978948	0.0211685
1.03389	0.0226461
1.09413	0.0238417
1.15586	0.0252202
1.21759	0.0258498
1.28088	0.0251428
1.34498	0.0267756
1.41077	0.0275875
1.4725	0.0290285
1.53579	0.030285
1.60158	0.0313614
1.66569	0.0327311
1.72741	0.0342143
1.78624	0.034096
1.84506	0.0360495
1.90388	0.0308353
1.96413	0.036453
2.02295	0.0356804
2.07977	0.0381741
2.13791	0.0367053
2.19605	0.0384451
2.25777	0.0336677
2.32107	0.0378461
2.38436	0.0399024
2.44929	0.0384776
2.51508	0.040986
2.58357	0.0421417
2.655	0.0426119
2.73437	0.0409124
2.82528	0.0401581
2.92143	0.0371667
3.01234	0.0483065
3.10325	0.0492196
3.19759	0.0480615
3.30176	0.0510009
3.41287	0.0498966
3.53191	0.0567313
3.65096	0.0592398
3.77001	0.063353
3.88365	0.0668135
4.0307	0.0705672
4.22301	0.0748873
4.47301	0.0798911
4.78551	0.0858911
