y	b	
0	0.851562
0.0196078	0.00778899
0.0392157	0.00828929
0.0651224	0.00928332
0.0910292	0.0104231
0.125512	0.0123555
0.162825	0.0131548
0.212825	0.013993
0.26233	0.0120513
0.31233	0.0134805
0.363351	0.0131194
0.431844	0.0112297
0.512489	0.00981649
0.61453	0.0103365
0.725641	0.0117626
0.881891	0.0142131
1.04318	0.0176032
1.18207	0.0202664
1.29077	0.0216072
1.38167	0.0252423
1.44417	0.0301326
1.50099	0.0322009
1.55001	0.0338172
1.59903	0.0320421
1.64533	0.0330573
1.69435	0.0346396
1.74197	0.033199
1.78959	0.0346054
1.83196	0.0353287
1.87433	0.0389243
1.91565	0.0368168
1.95913	0.0389014
2.00299	0.0374515
2.05061	0.0372199
2.09916	0.0336305
2.15868	0.0356385
2.22535	0.0331806
2.29781	0.0355034
2.38872	0.0343825
2.48306	0.0397434
2.5774	0.0415842
2.66999	0.0427338
2.7609	0.0452042
2.85524	0.0465077
2.94783	0.047777
3.04587	0.0489415
3.15004	0.0507866
3.2542	0.0529533
3.3629	0.0551915
3.47654	0.056861
3.59282	0.0591541
3.71477	0.062234
3.8284	0.0639902
3.97126	0.0683545
4.15645	0.073697
4.40645	0.0786613
4.71895	0.0846544
