y	b	
0	0.914062
0.0195312	0.00826336
0.0390625	0.0110771
0.0610889	0.013768
0.0863415	0.0160833
0.125712	0.0176422
0.168447	0.018222
0.231738	0.0191246
0.29584	0.0194207
0.354664	0.0206649
0.415639	0.0219056
0.469403	0.0221363
0.51748	0.0225389
0.562934	0.0227648
0.606794	0.0226715
0.651042	0.0231602
0.69529	0.0232062
0.740744	0.0232895
0.783117	0.0234384
0.821877	0.0242372
0.858373	0.0255602
0.894869	0.0261291
0.931101	0.0277927
0.967072	0.027753
1.00411	0.0280961
1.04348	0.0273448
1.08515	0.0279714
1.12825	0.0286346
1.1725	0.0295022
1.21636	0.0289456
1.26353	0.0292534
1.3107	0.0295786
1.35657	0.0292048
1.4033	0.0288581
1.45092	0.0282883
1.49721	0.0289648
1.54576	0.0293019
1.59952	0.0301122
1.6516	0.0316173
1.7016	0.0313569
1.74968	0.0329084
1.79776	0.0333098
1.84726	0.0331181
1.89488	0.0330831
1.94205	0.0325002
1.99059	0.0325532
2.03445	0.0323742
2.07478	0.0334323
2.11415	0.0338048
2.15415	0.0343458
2.19688	0.03574
2.24152	0.0358936
2.28657	0.036621
2.33244	0.0360993
2.37411	0.0367628
2.41684	0.0369216
2.4607	0.0373333
2.50272	0.0385721
2.5437	0.0406861
2.58339	0.0418244
2.62471	0.0429865
2.66935	0.0435805
2.71481	0.0438547
2.76288	0.0438898
2.8139	0.0444751
2.8602	0.0440446
2.90828	0.0423175
2.96322	0.0420067
3.01817	0.0422528
3.08859	0.0422135
3.16105	0.0432107
3.2417	0.0449496
3.32106	0.0464074
3.40171	0.0482607
3.48367	0.0499607
3.58171	0.0520691
3.6881	0.0551795
3.79921	0.0586579
3.91549	0.0635766
4.09406	0.0641851
4.31145	0.0754821
4.56145	0.0813191
4.72274	0.0840888
4.83902	0.0867469
4.9553	0.120683
