y	b	
0	0.84375
0.0202429	0.00306253
0.0404858	0.00291023
0.0742696	0.00252329
0.108053	0.00259801
0.166877	0.00284167
0.268918	0.003686
0.370959	0.00665244
0.509847	0.0108568
0.614014	0.015698
0.701733	0.0173015
0.791019	0.0189378
0.874352	0.0214772
0.95632	0.0209436
1.04404	0.021784
1.13495	0.0194281
1.24364	0.0222609
1.3865	0.0236913
1.55317	0.0268428
1.66945	0.0318604
1.74637	0.0336962
1.81216	0.0335775
1.87466	0.0364013
1.93795	0.0351924
2.00124	0.0386505
2.06374	0.036593
2.12398	0.0407269
2.18571	0.0401833
2.2515	0.0398593
2.31174	0.0429745
2.37424	0.0405156
2.43918	0.0387918
2.5096	0.0426032
2.60394	0.0439923
2.70009	0.042704
2.80009	0.0470723
2.90009	0.0486594
3.00648	0.0504027
3.12275	0.0525322
3.23145	0.0542147
3.33783	0.0559677
3.45147	0.0581507
3.56775	0.060257
3.68403	0.0587516
3.80031	0.0658062
3.91659	0.0688018
4.10889	0.0730482
4.35889	0.0779391
4.60889	0.0826682
4.92139	0.164681
