y	b	
0	0.914062
0.0203252	0.0103261
0.0406504	0.00783062
0.0682747	0.00784616
0.095899	0.00915234
0.130864	0.0105422
0.167629	0.0108529
0.210002	0.0103345
0.255047	0.0111798
0.302666	0.0116821
0.352171	0.0131435
0.398467	0.0152861
0.440134	0.018161
0.479196	0.0209798
0.519519	0.0219169
0.561185	0.0237281
0.601185	0.0252772
0.638222	0.0244506
0.674194	0.0241849
0.709908	0.0246133
0.745879	0.0248117
0.783758	0.0245719
0.821926	0.0257468
0.858691	0.0260787
0.895455	0.0266324
0.934215	0.0253144
0.973277	0.024744
1.01393	0.0240225
1.05666	0.0238667
1.10014	0.023706
1.15065	0.0220063
1.20167	0.0230788
1.25167	0.0226327
1.30785	0.0215107
1.37451	0.0221757
1.45144	0.0247669
1.5239	0.0283141
1.57766	0.0299268
1.63143	0.0308474
1.68297	0.0305648
1.73348	0.0314663
1.78556	0.0326616
1.83933	0.0322287
1.89427	0.0304765
1.95174	0.0321909
2.00921	0.0292627
2.06804	0.0355032
2.12901	0.0299448
2.19151	0.0371815
2.2573	0.0374338
2.31903	0.0355874
2.38945	0.0364618
2.46882	0.0388528
2.54344	0.0398294
2.62281	0.0415198
2.70755	0.0419054
2.79684	0.0429836
2.89118	0.0448538
2.98377	0.0462059
3.07637	0.0475063
3.16727	0.0499271
3.26161	0.050414
3.36366	0.0522152
3.47993	0.0546032
3.59621	0.0574049
3.72121	0.0603087
3.83485	0.0640437
3.96643	0.0682392
4.15161	0.0729069
4.40161	0.0782293
4.71411	0.0844718
