y	b	
0	0.875
0.0199203	0.0164499
0.0398406	0.0167382
0.0615798	0.0178523
0.0833189	0.0183306
0.109774	0.0176725
0.136229	0.0183716
0.166349	0.0174942
0.20181	0.0187508
0.236293	0.0194477
0.271754	0.0207017
0.307215	0.0211936
0.343447	0.0214194
0.382207	0.0204084
0.421577	0.0201971
0.460639	0.0205818
0.501962	0.0192695
0.541332	0.0194087
0.58558	0.0211359
0.628315	0.02241
0.664546	0.0266992
0.700518	0.0274666
0.736489	0.0278871
0.771211	0.0261174
0.804106	0.027874
0.835552	0.0295934
0.865492	0.0306151
0.894394	0.0313804
0.923296	0.0324658
0.953058	0.0328067
0.982298	0.0314015
1.01297	0.0312084
1.04365	0.0314543
1.07359	0.0307439
1.10408	0.0303393
1.13475	0.0301213
1.1664	0.029373
1.19804	0.0314265
1.23072	0.0311004
1.26237	0.0308527
1.29381	0.0307551
1.32487	0.0303468
1.35592	0.030759
1.38737	0.0298184
1.41942	0.0298859
1.45391	0.028727
1.48912	0.0295731
1.52509	0.0280279
1.56355	0.0285418
1.60703	0.0285948
1.65207	0.0274216
1.69924	0.026757
1.74732	0.0248399
1.80288	0.0239048
1.86954	0.0236002
1.93621	0.0246514
2.01197	0.0271612
2.08339	0.0300572
2.14669	0.0310396
2.20919	0.0329293
2.27169	0.0297884
2.33266	0.0346191
2.39516	0.0361107
2.46095	0.0344605
2.53671	0.0380936
2.61024	0.0392271
2.6827	0.0397217
2.75312	0.0416385
2.82162	0.0421251
2.89737	0.0428107
2.98358	0.0426721
3.07617	0.0436903
3.17617	0.0458535
3.28981	0.0481057
3.39398	0.0500082
3.50036	0.0523482
3.60674	0.0548206
3.72038	0.0578543
3.83149	0.0619246
3.95649	0.0661562
4.1488	0.0717345
4.38689	0.0774411
4.59523	0.0820173
4.80356	0.0859578
4.97023	0.168319
