y	b	
0	0.878906
0.019685	0.0125085
0.0393701	0.0108619
0.0647508	0.00980799
0.0901315	0.0104196
0.123026	0.0113055
0.165761	0.0115405
0.214781	0.012248
0.2624	0.0133244
0.305503	0.0155616
0.346487	0.0171639
0.382458	0.0193505
0.413322	0.0229851
0.442562	0.0245579
0.471802	0.0268085
0.500211	0.0292996
0.52862	0.0299166
0.557522	0.0307737
0.5853	0.032252
0.613077	0.0333421
0.640251	0.03316
0.666293	0.030859
0.692471	0.0291818
0.718649	0.0280981
0.744556	0.0288333
0.770329	0.0287687
0.796102	0.0293684
0.822418	0.0278814
0.850042	0.0285439
0.877667	0.0273228
0.908154	0.0261203
0.937916	0.0272973
0.968219	0.0268471
0.998522	0.0262211
1.02958	0.0251068
1.05988	0.0257131
1.09235	0.0247355
1.12482	0.0262015
1.15793	0.0252311
1.19126	0.0254932
1.22574	0.0248709
1.26306	0.0250711
1.30438	0.0246271
1.3464	0.0246273
1.39313	0.0242852
1.43942	0.0257234
1.49044	0.0265637
1.54095	0.0273862
1.59471	0.0287302
1.64966	0.0284301
1.69773	0.0270957
1.74875	0.0273511
1.80623	0.0285079
1.87665	0.0290489
1.94911	0.0294935
2.02724	0.0312825
2.09573	0.0326956
2.15671	0.0339541
2.21768	0.0351086
2.2772	0.0363834
2.33603	0.0374655
2.39485	0.0382206
2.45509	0.0388887
2.51462	0.0391342
2.57712	0.0401846
2.64041	0.0406561
2.70451	0.0416677
2.77493	0.0424342
2.85186	0.0420194
2.94114	0.0431243
3.03205	0.0441774
3.13205	0.0462918
3.23622	0.0482985
3.3426	0.050304
3.44898	0.0524008
3.56009	0.0546449
3.67914	0.0575259
3.78784	0.0611991
3.90147	0.065093
4.04853	0.0694119
4.24084	0.074348
4.49084	0.0798709
4.76862	0.0854754
