y	b	
0	0.898438
0.0198413	0.0032277
0.0396825	0.00265718
0.0719406	0.00232612
0.104199	0.00261503
0.154704	0.00399032
0.202323	0.00681267
0.268112	0.00965543
0.332215	0.0120269
0.406842	0.0136458
0.480371	0.0141081
0.546161	0.0177511
0.61195	0.019703
0.676053	0.0213945
0.741842	0.0221033
0.804342	0.0203487
0.859287	0.0212047
0.916758	0.0207407
0.976282	0.0235695
1.03652	0.0245314
1.09676	0.0242286
1.15926	0.025578
1.22176	0.0238492
1.2867	0.0249706
1.35813	0.0242765
1.43877	0.0249526
1.53311	0.0263354
1.63515	0.0278127
1.74154	0.0292108
1.83588	0.03116
1.9236	0.0311689
1.99935	0.0350046
2.06978	0.0369953
2.1412	0.0392157
2.20614	0.0400606
2.27281	0.040886
2.33691	0.0375601
2.40101	0.0394409
2.46768	0.0429775
2.5381	0.0418725
2.61163	0.0402385
2.70092	0.042073
2.79351	0.0434277
2.87971	0.0476595
2.97062	0.04711
3.07479	0.050088
3.18117	0.0515911
3.28987	0.0519012
3.40098	0.055516
3.51462	0.0541047
3.62825	0.0563815
3.7473	0.0630936
3.86094	0.0665656
3.99252	0.0699523
4.18482	0.0742587
4.43482	0.0792151
4.74732	0.0852021
