y	b	
0	0.941406
0.0196078	0.0101264
0.0392157	0.00953169
0.0666882	0.0106671
0.0941607	0.0116569
0.13292	0.0125703
0.174243	0.0134146
0.218886	0.0132408
0.262745	0.0145943
0.304068	0.0170027
0.34539	0.018249
0.385712	0.0197222
0.426696	0.0202724
0.464009	0.019106
0.498256	0.0203406
0.531813	0.021004
0.564281	0.022863
0.595926	0.0239864
0.626229	0.0252899
0.656904	0.0257474
0.687579	0.0260285
0.719225	0.0282979
0.751072	0.0270158
0.782518	0.0283412
0.815198	0.0267993
0.847878	0.0263502
0.881211	0.026311
0.915458	0.0252145
0.950919	0.0254432
0.98938	0.0263518
1.02784	0.0267013
1.06721	0.0277284
1.10538	0.0273566
1.14444	0.0276236
1.1832	0.0288466
1.22108	0.0293842
1.25605	0.0300827
1.29176	0.0295838
1.32697	0.0298687
1.36218	0.0291042
1.3979	0.02792
1.43549	0.0274874
1.47337	0.0268431
1.51243	0.0270366
1.55119	0.0293337
1.58936	0.029823
1.62812	0.030145
1.66688	0.0290267
1.70564	0.0300648
1.74596	0.0322163
1.78763	0.0313001
1.83227	0.0340241
1.87652	0.0339632
1.92	0.0348558
1.9631	0.0354618
2.0062	0.0351559
2.05045	0.0357326
2.09393	0.0361985
2.13938	0.0345016
2.18793	0.0354204
2.23647	0.0360336
2.28802	0.0363108
2.33904	0.0378653
2.39398	0.0331236
2.44775	0.0372998
2.50522	0.0379297
2.57466	0.0381299
2.64411	0.0395035
2.71764	0.0387105
2.79339	0.0415095
2.86482	0.0418341
2.93525	0.0427651
2.99697	0.0426714
3.0565	0.0445664
3.11144	0.0442829
3.16407	0.0484067
3.21358	0.0492394
3.26358	0.0490204
3.3146	0.0499705
3.36314	0.0496763
3.41365	0.0500534
3.46127	0.0500299
3.50981	0.0517543
3.55698	0.0532272
3.60371	0.0547157
3.65273	0.0545191
3.70223	0.0549561
3.75174	0.0586249
3.80124	0.0598163
3.85333	0.0607539
3.91015	0.061529
3.98477	0.0595606
4.07098	0.0648512
4.19918	0.0692888
4.33807	0.0742105
4.52326	0.0794471
4.67951	0.0825464
4.83576	0.0863191
4.97089	0.145344
