y	b	
0	0.875
0.0199203	0.00333355
0.0398406	0.00291819
0.0679305	0.00426604
0.0960204	0.00648472
0.133899	0.00820768
0.174222	0.00981496
0.226853	0.0109283
0.281201	0.010352
0.334965	0.0109339
0.39594	0.015055
0.462607	0.0165743
0.529274	0.0176035
0.592565	0.0177015
0.658354	0.0165994
0.730818	0.0161095
0.808943	0.0171869
0.896662	0.0196007
0.981408	0.0218379
1.05284	0.0236502
1.1195	0.0255741
1.18048	0.0260315
1.23862	0.0276591
1.29814	0.0273848
1.36308	0.0289791
1.42718	0.0291895
1.49047	0.0298264
1.54999	0.0309568
1.61097	0.0312081
1.67347	0.0321077
1.73371	0.0332894
1.79469	0.0350495
1.85283	0.0365241
1.90717	0.0356967
1.96152	0.0375349
2.0177	0.038205
2.07265	0.0376134
2.13012	0.0355984
2.18826	0.0372889
2.24778	0.0377628
2.30876	0.0399293
2.3669	0.0409862
2.42371	0.0411707
2.4758	0.0416359
2.52956	0.0404474
2.58703	0.0417299
2.65282	0.0419597
2.72039	0.0439752
2.79285	0.0447527
2.87098	0.045598
2.95719	0.0463601
3.04809	0.0477553
3.15448	0.0497106
3.26811	0.0520574
3.38175	0.0541973
3.49539	0.0563677
3.60902	0.0585549
3.73097	0.0615385
3.84461	0.0654218
3.97619	0.0690457
4.1685	0.0736013
4.4185	0.0787342
4.731	0.084848
