y	b	
0	0.832031
0.0195312	0.00497564
0.0390625	0.00622351
0.0611864	0.00737147
0.0866966	0.00876973
0.121662	0.0101642
0.160421	0.0116152
0.210926	0.0122164
0.260926	0.0124955
0.309003	0.0137243
0.354458	0.0172997
0.400754	0.0197461
0.446626	0.0219785
0.492922	0.0242129
0.537967	0.0234597
0.580702	0.0221377
0.622024	0.0213138
0.664397	0.0219891
0.708645	0.0216621
0.755815	0.0200947
0.803892	0.0217096
0.85824	0.0204521
0.912587	0.0193582
0.972111	0.0168603
1.0354	0.0151267
1.11477	0.0162606
1.20911	0.0178604
1.30345	0.0211813
1.39436	0.0252049
1.45846	0.0275507
1.52019	0.0261363
1.58116	0.0281694
1.64366	0.0293489
1.71123	0.0312231
1.7779	0.0338531
1.83471	0.0353369
1.89089	0.0347533
1.94353	0.0352042
1.99507	0.036539
2.04716	0.0379997
2.0987	0.0361896
2.14972	0.0386222
2.20407	0.0384716
2.25842	0.0396482
2.31161	0.0402334
2.36655	0.0390337
2.42211	0.0360896
2.4753	0.0398422
2.52793	0.0408113
2.58349	0.0417268
2.64163	0.0432356
2.69977	0.0441864
2.75929	0.0442599
2.81953	0.0443235
2.88996	0.0444337
2.96688	0.0455925
3.05616	0.0477238
3.15616	0.048083
3.26255	0.0511195
3.37124	0.0532697
3.47763	0.0534605
3.59126	0.0543534
3.71031	0.0561514
3.82659	0.0577748
3.94564	0.0680307
4.13794	0.0727948
4.38794	0.0780436
4.70044	0.0842445
