y	b	
0	0.9375
0.02	0.0170266
0.04	0.0187293
0.0620264	0.019731
0.0840529	0.0219138
0.109563	0.02251
0.135073	0.0231442
0.163975	0.0255512
0.195225	0.0261599
0.226475	0.026316
0.258943	0.0265741
0.290994	0.027771
0.32244	0.0276395
0.355997	0.0279941
0.388892	0.0278971
0.421787	0.028726
0.454682	0.0283562
0.488239	0.0289906
0.52345	0.0286469
0.558415	0.0271614
0.593876	0.0252578
0.628359	0.0244941
0.662841	0.0237663
0.697324	0.0233191
0.734918	0.0238607
0.774918	0.0250397
0.814601	0.0264559
0.852195	0.0274482
0.888427	0.0265584
0.925464	0.0276115
0.963058	0.0280219
1.00065	0.027171
1.03911	0.0270556
1.07787	0.0270555
1.11575	0.0261178
1.15575	0.0260076
1.19707	0.0271214
1.24295	0.0262559
1.28759	0.0255378
1.33346	0.0243515
1.38108	0.023826
1.4321	0.0228902
1.49092	0.0219028
1.55265	0.0218065
1.61932	0.0229648
1.70129	0.023298
1.78193	0.0248379
1.85546	0.0277065
1.92899	0.0301764
2.00362	0.028601
2.06941	0.0330267
2.1327	0.0344677
2.18951	0.034022
2.24054	0.035809
2.29373	0.0363794
2.34636	0.0377746
2.39955	0.0391672
2.45274	0.0392631
2.50593	0.0381289
2.5597	0.040628
2.61464	0.0415434
2.6684	0.0415771
2.72654	0.0414732
2.78537	0.041597
2.83639	0.0427052
2.88793	0.0433914
2.93695	0.0448653
2.98597	0.0461008
3.03185	0.0458635
3.07689	0.0462362
3.12362	0.0461958
3.17035	0.0463482
3.22035	0.0461945
3.27354	0.0471786
3.32789	0.0482746
3.38813	0.0487655
3.44695	0.0495052
3.50072	0.0505868
3.55506	0.0519253
3.61253	0.0518441
3.67583	0.053671
3.75779	0.0560588
3.8487	0.059451
3.94486	0.0624358
4.0469	0.066464
4.1751	0.0719319
4.34177	0.0766871
4.52695	0.0808872
4.6832	0.0838339
4.84987	0.0872735
4.95857	0.116665
