y	b	
0	0.886719
0.0485437	0.0615796
0.0995641	0.00236615
0.162064	0.0023976
0.249783	0.00240091
0.337503	0.00526998
0.498793	0.00780797
0.660083	0.0100153
0.923241	0.0146087
1.1864	0.020869
1.37871	0.0268999
1.49234	0.0299244
1.58494	0.0324388
1.66827	0.0331991
1.74763	0.0355908
1.82576	0.0360619
1.90388	0.0368809
1.98722	0.03637
2.07813	0.0368313
2.20008	0.0388446
2.32828	0.0362788
2.45649	0.0388553
2.57012	0.0446049
2.67012	0.0466675
2.77217	0.0486706
2.87217	0.0504333
2.97217	0.0515829
3.07633	0.0536783
3.18271	0.0547745
3.2891	0.0562235
3.39779	0.0576448
3.51143	0.0604781
3.62507	0.0623498
3.74411	0.063221
3.85775	0.0641643
3.98933	0.0710599
4.18164	0.0655941
4.43164	0.074556
4.74414	0.0798374
