y	b	
0	0.929688
0.0196078	0.0184609
0.0392157	0.0183745
0.0612421	0.0182644
0.0832685	0.0184692
0.110591	0.0182587
0.137913	0.0186341
0.168778	0.0191522
0.203989	0.0195714
0.238235	0.0197609
0.272958	0.0209102
0.30768	0.0218283
0.343394	0.0214835
0.381562	0.0218472
0.420625	0.0224699
0.460307	0.0216616
0.503411	0.0206869
0.546514	0.0205007
0.596019	0.0219439
0.642315	0.0238702
0.683299	0.0257178
0.719531	0.0282394
0.751789	0.029168
0.782277	0.03047
0.812764	0.0308346
0.843252	0.0316598
0.873555	0.033045
0.903495	0.0333025
0.932067	0.0343019
0.960638	0.0339914
0.989374	0.0342553
1.01795	0.0341219
1.04604	0.0332563
1.07413	0.0330438
1.10237	0.0329191
1.13046	0.0310879
1.15855	0.0294808
1.18797	0.0294678
1.21922	0.0296079
1.25066	0.0292991
1.28271	0.0286395
1.31476	0.0286827
1.34744	0.0282722
1.38193	0.0302684
1.41641	0.0309337
1.45066	0.0319451
1.48467	0.0322219
1.51845	0.0322458
1.55224	0.032199
1.5877	0.031508
1.62316	0.0292783
1.6602	0.03013
1.69836	0.0289419
1.73434	0.0296583
1.77434	0.029076
1.81566	0.0283091
1.85914	0.028431
1.90378	0.0254939
1.9548	0.0264216
2.01227	0.0253304
2.07251	0.0266444
2.13501	0.0281202
2.19674	0.0298089
2.26716	0.0308031
2.33383	0.0294075
2.40327	0.0342686
2.4747	0.0350384
2.54717	0.0369325
2.62292	0.0381964
2.70357	0.0400444
2.7782	0.0414
2.85632	0.0425385
2.93445	0.043464
3.01641	0.0439727
3.10262	0.0443404
3.19191	0.0454672
3.29607	0.0474097
3.40477	0.0496965
3.51115	0.0518363
3.61753	0.0544059
3.73117	0.057621
3.84228	0.0617742
3.96728	0.0660702
4.15959	0.0717881
4.39768	0.0776469
4.5701	0.0814783
4.74251	0.0844553
4.86751	0.0904053
