y	b	
0	0.953125
0.019685	0.00891871
0.0393701	0.00902804
0.0647508	0.00905915
0.0901315	0.00944834
0.124378	0.0104118
0.162546	0.0110736
0.210623	0.0141205
0.2587	0.018236
0.304571	0.0195361
0.341885	0.0210332
0.382207	0.0225421
0.420967	0.0234534
0.46003	0.0254
0.4994	0.0257021
0.54005	0.0251021
0.578512	0.0252155
0.613477	0.0264276
0.646589	0.0261986
0.678235	0.0242975
0.709291	0.0257034
0.742185	0.0263092
0.77508	0.026104
0.803816	0.0264966
0.831749	0.027456
0.862237	0.0275295
0.893101	0.0278143
0.923965	0.0264093
0.956016	0.0246433
0.988911	0.0254813
1.01921	0.0283676
1.05046	0.0290235
1.08171	0.0303475
1.11113	0.0315569
1.13953	0.0313619
1.17078	0.0317836
1.20203	0.0326665
1.23471	0.0337577
1.26697	0.0322385
1.30009	0.0316485
1.33255	0.0335835
1.36545	0.0341277
1.39834	0.0336953
1.43145	0.0335701
1.46435	0.0331091
1.4962	0.0334524
1.52745	0.0331342
1.5597	0.0325514
1.59196	0.0343223
1.62486	0.0330034
1.65691	0.0334551
1.69002	0.0331684
1.72335	0.0323537
1.75647	0.032059
1.78958	0.0314189
1.82226	0.0314602
1.85537	0.0294601
1.88871	0.0304127
1.92204	0.0314145
1.9543	0.0335252
1.98741	0.0327267
2.02052	0.0332142
2.05408	0.0338764
2.08904	0.031664
2.12554	0.0315431
2.1646	0.0318485
2.20627	0.0326675
2.24975	0.033848
2.294	0.0335921
2.34117	0.0335581
2.38834	0.0354537
2.44097	0.0350447
2.4936	0.0362093
2.55042	0.0365157
2.61371	0.03777
2.67621	0.0357918
2.74287	0.0399027
2.80866	0.0409947
2.88113	0.0423796
2.96733	0.0439611
3.05662	0.0455085
3.13727	0.0460073
3.21189	0.0469588
3.27946	0.049154
3.34275	0.050968
3.40157	0.0483237
3.45971	0.0530687
3.51719	0.0535022
3.57153	0.0523129
3.62648	0.0549497
3.68083	0.055869
3.73764	0.0572515
3.79382	0.0579458
3.85064	0.0589837
3.91162	0.0604061
3.97572	0.0612945
4.0367	0.0644568
4.09694	0.0662748
4.16023	0.068173
4.22196	0.0681159
4.28446	0.0707434
4.35025	0.0700965
4.41874	0.0720188
4.49686	0.0731094
4.58777	0.0753775
4.69888	0.079121
4.80305	0.0835312
4.90722	0.0886517
