y	b	
0	0.894531
0.0198413	0.00921619
0.0396825	0.00752807
0.0674603	0.0057776
0.0952381	0.00611199
0.131209	0.00728748
0.169088	0.00930341
0.212948	0.0103201
0.259244	0.0107073
0.302722	0.0110543
0.344739	0.0123899
0.390611	0.0138503
0.436482	0.0147708
0.481937	0.0149287
0.52658	0.0141106
0.572034	0.0143869
0.617079	0.0156184
0.662951	0.0177617
0.70968	0.0195515
0.756409	0.0208184
0.803138	0.0229758
0.849009	0.0225624
0.892488	0.0224777
0.934504	0.0236161
0.977239	0.0247162
1.02311	0.0258156
1.06984	0.0243299
1.11886	0.0250875
1.17205	0.0262422
1.23157	0.0263966
1.28839	0.0265541
1.34722	0.0287194
1.40469	0.0302701
1.45845	0.0308619
1.51	0.0318127
1.56	0.0316548
1.61	0.032995
1.65902	0.032195
1.70804	0.0336055
1.75706	0.0337261
1.80608	0.0331692
1.85762	0.0339793
1.91509	0.034037
1.97323	0.0349189
2.03347	0.036564
2.08611	0.0369111
2.1393	0.0365293
2.1893	0.0394834
2.23692	0.040146
2.27824	0.0419918
2.3173	0.0411262
2.35461	0.0412491
2.39165	0.0416359
2.42925	0.0421565
2.46628	0.0397709
2.50225	0.0433707
2.53957	0.0436606
2.57716	0.0432105
2.61476	0.0433374
2.65351	0.0431674
2.6945	0.0416762
2.73914	0.0439041
2.78914	0.0430628
2.83865	0.0433175
2.89483	0.0437246
2.95507	0.0436925
3.0168	0.0440698
3.09255	0.0443598
3.17589	0.0461835
3.27793	0.0487025
3.37997	0.0509306
3.48635	0.0534049
3.59746	0.0562219
3.7111	0.0594515
3.82221	0.0631399
3.93849	0.0666901
4.12367	0.0715771
4.37367	0.0772292
4.62367	0.0825304
4.93617	0.179367
