y	b	
0	0.882812
0.0197628	0.0174649
0.0395257	0.0176731
0.0608023	0.0185738
0.0820789	0.0194909
0.108395	0.0189567
0.13471	0.0185958
0.164472	0.0196238
0.199437	0.0202528
0.234649	0.0200974
0.27011	0.0208884
0.305571	0.0209596
0.342608	0.0210167
0.38167	0.020576
0.42167	0.0218473
0.461993	0.0203057
0.505852	0.0197455
0.548225	0.0188496
0.592085	0.0198274
0.631455	0.0212594
0.669623	0.0235708
0.705855	0.0261594
0.739868	0.0270976
0.773882	0.0284342
0.80635	0.0298037
0.837405	0.029997
0.866991	0.0299262
0.896061	0.0280516
0.925131	0.030448
0.95354	0.0311783
0.98278	0.0333209
1.01364	0.033428
1.04451	0.0340226
1.07595	0.0316866
1.10801	0.0316287
1.13945	0.0287793
1.16904	0.0305781
1.19862	0.0308247
1.2293	0.0302645
1.25871	0.0315541
1.28778	0.0315752
1.31685	0.031113
1.3451	0.0310618
1.37504	0.0311108
1.4048	0.029757
1.43456	0.029333
1.46661	0.0290092
1.49995	0.0285382
1.53516	0.0283918
1.57275	0.0276144
1.617	0.0271625
1.66462	0.0258874
1.71512	0.0253684
1.76776	0.0242708
1.83026	0.0238366
1.89875	0.024985
1.96542	0.0266702
2.02639	0.0287347
2.08592	0.0291475
2.14842	0.0309564
2.21092	0.0320581
2.27421	0.0338517
2.33914	0.0342357
2.40859	0.0360073
2.47352	0.0367566
2.54495	0.0380283
2.61741	0.0389024
2.68498	0.0401409
2.75641	0.0412
2.82784	0.0422614
2.90596	0.0424209
2.99071	0.0427626
3.09275	0.0445803
3.19079	0.0460354
3.29079	0.0477678
3.39496	0.0499521
3.50365	0.0523177
3.61476	0.0548321
3.73104	0.0580731
3.84215	0.0621911
3.96715	0.0663905
4.15946	0.0719581
4.39756	0.0776838
4.58986	0.0819092
4.78217	0.0853914
4.92923	0.119456
