y	b	
0	0.859375
0.0195312	0.00722208
0.0390625	0.00844604
0.0611864	0.0102734
0.0866966	0.0120987
0.120254	0.0128397
0.156486	0.0134328
0.204105	0.0148801
0.251724	0.0137208
0.299801	0.0136917
0.349801	0.012362
0.413092	0.0107816
0.493737	0.00892692
0.588076	0.00956698
0.699188	0.0116163
0.860478	0.0141607
1.01199	0.0168462
1.15485	0.0206284
1.26355	0.0230456
1.3597	0.0272979
1.43012	0.0308774
1.48568	0.0314153
1.53285	0.0329692
1.57789	0.0325133
1.62137	0.0333476
1.66642	0.034025
1.71229	0.0326302
1.75693	0.0350899
1.80118	0.0362493
1.84216	0.0368872
1.88248	0.0374014
1.92381	0.0375259
1.96654	0.0380922
2.01118	0.0363882
2.06069	0.0375303
2.11388	0.0381052
2.17967	0.0371347
2.24634	0.0359556
2.31987	0.0369616
2.40183	0.0382849
2.49799	0.0400487
2.58419	0.0406009
2.6751	0.0429438
2.77126	0.0451916
2.85746	0.0464125
2.94518	0.0474765
3.03778	0.0477611
3.13393	0.0492593
3.24031	0.0514614
3.35142	0.0546389
3.46012	0.0568573
3.5764	0.0592507
3.69835	0.0615301
3.8174	0.0638473
3.93645	0.0686544
4.12163	0.0729102
4.37163	0.0779508
4.62163	0.0828094
4.93413	0.17739
