y	b	
0	0.976562
0.0609756	0.095482
0.124267	0.0152432
0.198894	0.0027511
0.300934	0.00394699
0.402975	0.00722583
0.581547	0.0101313
0.760118	0.0128682
1.05424	0.0179199
1.29233	0.0206665
1.459	0.0255308
1.54991	0.031682
1.63324	0.0283429
1.71137	0.029456
1.78949	0.0315726
1.86886	0.031554
1.95219	0.0343741
2.0431	0.0356543
2.13238	0.0369551
2.22498	0.0403267
2.32702	0.036209
2.44606	0.0378561
2.56511	0.0450925
2.68416	0.0470965
2.7978	0.0494405
2.8978	0.0502817
2.99395	0.0518359
3.09199	0.0528279
3.19403	0.0551571
3.30273	0.0572615
3.41384	0.0591073
3.52495	0.0606119
3.63858	0.0626826
3.75763	0.0655473
3.87127	0.0684636
4.01833	0.071633
4.21063	0.0753948
4.46063	0.0800166
4.77313	0.085745
