y	b	
0	0.785156
0.0201613	0.00264919
0.0403226	0.00276281
0.0741064	0.00230144
0.10789	0.00235799
0.165361	0.00270805
0.267402	0.00330633
0.369443	0.00633621
0.5123	0.00954087
0.651189	0.0158669
0.759885	0.018375
0.850794	0.0210648
0.938513	0.0215095
1.02185	0.02081
1.10957	0.0230672
1.2076	0.0235626
1.31399	0.0234916
1.43594	0.0257688
1.53209	0.0289206
1.60672	0.0322577
1.67714	0.0297972
1.74659	0.0322266
1.82234	0.0351734
1.89277	0.0372941
1.96033	0.0334874
2.03076	0.0379604
2.1002	0.0338608
2.17163	0.0382945
2.25638	0.0387031
2.35072	0.0402605
2.46435	0.0427262
2.56239	0.0449167
2.65011	0.0415752
2.7394	0.0417883
2.82712	0.0488161
2.9164	0.0471499
3.00731	0.0512176
3.09822	0.0521087
3.20239	0.0535338
3.31602	0.0557465
3.42472	0.0576869
3.541	0.0599538
3.66295	0.060465
3.7849	0.0654836
3.89854	0.0684738
4.04559	0.0717637
4.2379	0.0756823
4.4879	0.0804164
4.8004	0.0862382
