y	b	
0	0.914062
0.019685	0.014859
0.0393701	0.0130149
0.0635247	0.0113843
0.0876793	0.0122383
0.119126	0.0109031
0.155358	0.0115968
0.19159	0.0118164
0.237044	0.0120974
0.285588	0.0128185
0.334607	0.0137515
0.390163	0.0150316
0.444511	0.0168747
0.494016	0.0182554
0.543035	0.0194022
0.590654	0.0195906
0.634902	0.0196546
0.679947	0.019483
0.726244	0.0201591
0.773413	0.0200825
0.823918	0.0193008
0.876002	0.0181906
0.934825	0.0195432
0.998928	0.0199494
1.05917	0.0227733
1.1118	0.023152
1.16335	0.0240426
1.21385	0.0280514
1.2581	0.0295017
1.30047	0.0308691
1.34358	0.0316816
1.38423	0.0321575
1.42391	0.0314065
1.46208	0.0329271
1.50054	0.0342761
1.53785	0.0320008
1.57489	0.0333568
1.61112	0.0333681
1.64988	0.0337264
1.69053	0.0329816
1.72959	0.0301555
1.77024	0.0323306
1.81262	0.0305226
1.85807	0.0325665
1.90353	0.0330473
1.95255	0.0350456
2.00062	0.0331704
2.04608	0.0363198
2.09415	0.0371943
2.14177	0.0370478
2.18894	0.0377712
2.23524	0.0384622
2.28286	0.0385778
2.33093	0.0384346
2.37948	0.0390342
2.43324	0.0378892
2.49277	0.0391813
2.55687	0.038681
2.6304	0.0397939
2.70852	0.0403742
2.77797	0.0414732
2.84376	0.0430316
2.9132	0.0445887
2.9773	0.0463685
3.03903	0.0465466
3.10153	0.047061
3.16563	0.0479294
3.22893	0.0497068
3.29386	0.0491192
3.36849	0.0505954
3.46849	0.0530002
3.5796	0.0552384
3.69588	0.0586826
3.80951	0.0624543
3.92856	0.0663524
4.12087	0.0716765
4.37087	0.0773596
4.62087	0.0826
4.93337	0.176611
