y	b	
0	1
0.3125	0.00511159
0.625	0.0101892
0.9375	0.015823
1.25	0.020031
1.52778	0.0258136
1.77778	0.0291985
1.95635	0.034024
2.04894	0.0383227
2.13823	0.0400607
2.22443	0.0423296
2.31064	0.0434915
2.39685	0.0441729
2.48306	0.0447903
2.57565	0.0437577
2.6718	0.0477745
2.78544	0.0474417
2.89907	0.0443652
3.01535	0.0462691
3.12405	0.0508647
3.23274	0.0543803
3.34144	0.0580374
3.45014	0.0581807
3.56918	0.0601661
3.68823	0.0618153
3.80728	0.0625718
3.92633	0.0699554
4.11863	0.0737734
4.36863	0.0783888
4.61863	0.0829444
4.93113	0.174417
