y	b	
0	0.910156
0.0195312	0.0116903
0.0390625	0.00990784
0.0608016	0.00982696
0.0853114	0.0103781
0.118206	0.0107729
0.158857	0.0119887
0.206476	0.0139835
0.251521	0.0162674
0.291843	0.0165835
0.328608	0.0194693
0.364322	0.0203495
0.396374	0.0216288
0.427238	0.0246629
0.458102	0.0263722
0.487688	0.0280499
0.516423	0.0285384
0.546185	0.0301969
0.575947	0.0317389
0.604683	0.0335663
0.634095	0.0310786
0.660273	0.0293901
0.686451	0.0272851
0.715352	0.0251329
0.746217	0.025875
0.776337	0.0260935
0.806457	0.0280016
0.835697	0.0290471
0.864433	0.0293538
0.892211	0.0310101
0.919988	0.0308138
0.947015	0.0305388
0.97347	0.0305042
0.999926	0.0301805
1.02755	0.0291485
1.05548	0.0282748
1.08422	0.0266646
1.11295	0.0241706
1.14344	0.025681
1.17469	0.0249499
1.20825	0.0243693
1.24181	0.0245584
1.27677	0.0257163
1.31844	0.0252059
1.36117	0.0246841
1.40582	0.0259813
1.44819	0.0257543
1.49627	0.0248595
1.54344	0.0248626
1.59105	0.0263365
1.64425	0.0273527
1.71004	0.0269565
1.77497	0.0267458
1.83311	0.0279259
1.89409	0.0279449
1.95433	0.0303468
2.01457	0.0307658
2.07554	0.0284834
2.13507	0.0285026
2.19531	0.0332494
2.2586	0.0322492
2.31884	0.0357179
2.38213	0.0351479
2.44623	0.0359817
2.51202	0.0387708
2.57452	0.0401764
2.64397	0.041593
2.71153	0.0422254
2.7791	0.0423341
2.85373	0.0421562
2.94145	0.0427802
3.03579	0.0439686
3.14217	0.045985
3.24634	0.0480333
3.3505	0.0501767
3.4592	0.0523646
3.56558	0.0546004
3.68186	0.0573838
3.80091	0.0614893
3.91719	0.0654163
4.1095	0.0709745
4.3595	0.0769281
4.6095	0.0823087
4.88727	0.122466
