y	b	
0	0.90625
0.019685	0.015434
0.0393701	0.0159952
0.0627346	0.0183207
0.0860991	0.0198415
0.11148	0.0217427
0.13686	0.0219525
0.162767	0.023864
0.191503	0.0250611
0.220238	0.0267896
0.250913	0.0270667
0.283593	0.0275373
0.316706	0.0288787
0.352167	0.0278705
0.388399	0.0268501
0.42463	0.0279057
0.461667	0.0274271
0.497382	0.0273816
0.533878	0.0279714
0.570374	0.0269391
0.606871	0.0262578
0.642842	0.0259057
0.678813	0.0256236
0.713535	0.0254477
0.747782	0.0263319
0.784014	0.0239262
0.821051	0.0247612
0.857816	0.0258794
0.89458	0.0258157
0.93334	0.0248912
0.971508	0.0226051
1.01027	0.0218878
1.04873	0.022729
1.0881	0.0223759
1.12778	0.0225554
1.17164	0.0220905
1.2155	0.0192658
1.26404	0.0195621
1.31899	0.0215485
1.37517	0.0217369
1.43331	0.0233143
1.49355	0.0238525
1.55453	0.0254904
1.61267	0.0268196
1.67291	0.0278985
1.73315	0.0291427
1.79339	0.0296994
1.85291	0.0309479
1.91315	0.0272544
1.97062	0.0314766
2.03015	0.0322733
2.09508	0.0320786
2.15606	0.03448
2.21558	0.0357826
2.27176	0.0362575
2.32671	0.0353933
2.38047	0.0368466
2.43366	0.0383734
2.49113	0.0346527
2.54731	0.0387925
2.60166	0.0381892
2.65542	0.0395939
2.70493	0.0409314
2.75543	0.0420139
2.80398	0.0427771
2.85206	0.0443408
2.90206	0.0455419
2.95414	0.0460275
3.0079	0.0455519
3.05377	0.0448613
3.09965	0.0461583
3.14819	0.047256
3.19869	0.0474256
3.25024	0.0476605
3.30179	0.0482348
3.35333	0.0488748
3.4071	0.0496113
3.46328	0.0504749
3.5221	0.0513463
3.58789	0.0525172
3.65282	0.0533006
3.72325	0.0559708
3.79367	0.0581894
3.87564	0.0604647
3.97368	0.0639087
4.10188	0.069296
4.28707	0.0752932
4.4954	0.0801712
4.65669	0.083362
4.81798	0.0863478
4.93162	0.0962218
