y	b	
0	0.894531
0.0195312	0.00954708
0.0390625	0.0130967
0.0603845	0.0168965
0.0838586	0.0184081
0.121453	0.0203888
0.163826	0.0202868
0.225554	0.0195234
0.288054	0.0207528
0.346877	0.0212392
0.406401	0.0223206
0.452698	0.0237566
0.49734	0.0233619
0.5412	0.0229489
0.580883	0.0232733
0.620253	0.0241377
0.660253	0.0236316
0.699935	0.0242369
0.740919	0.0251106
0.781569	0.0236757
0.821892	0.0244529
0.860353	0.0252185
0.89739	0.0261906
0.934427	0.0259964
0.969888	0.0268099
1.0056	0.0277051
1.04183	0.0281831
1.07971	0.0279379
1.11878	0.0279139
1.16188	0.0280155
1.20613	0.028059
1.25117	0.0294761
1.30219	0.0287384
1.35775	0.027475
1.4133	0.0274705
1.46886	0.0274092
1.52205	0.0270635
1.57524	0.0281452
1.62959	0.0292701
1.68278	0.0314256
1.7338	0.030898
1.7838	0.0322174
1.83188	0.0319367
1.88396	0.0333784
1.93891	0.0329384
1.99573	0.030806
2.03959	0.0317225
2.08423	0.0322204
2.13052	0.0334734
2.174	0.0333927
2.21638	0.0352884
2.2577	0.0367767
2.30043	0.0380566
2.34245	0.0386291
2.38343	0.0374515
2.42581	0.038106
2.46747	0.0375225
2.51252	0.0381035
2.55881	0.0387855
2.60306	0.0394695
2.64438	0.0421333
2.68503	0.0438358
2.72472	0.0456254
2.7657	0.045854
2.80772	0.0461445
2.84938	0.0459277
2.89286	0.0445824
2.94188	0.0429518
2.99683	0.0426425
3.05707	0.0434733
3.1285	0.0436069
3.20662	0.0434328
3.28125	0.0434733
3.35701	0.046456
3.43765	0.048666
3.52537	0.0505344
3.61466	0.0525634
3.72577	0.0556732
3.83446	0.0596323
3.96604	0.064514
4.14461	0.0684597
4.37189	0.0768683
4.62189	0.0825404
4.78318	0.0825933
4.90222	0.0886142
