y	b	
0	0.816406
0.0206612	0.0127418
0.0413223	0.0108012
0.0691001	0.00859312
0.0968779	0.00763683
0.133915	0.00739437
0.175237	0.00710587
0.227321	0.00795588
0.277826	0.00886921
0.324555	0.0102798
0.376638	0.0124928
0.428184	0.014551
0.479205	0.0153348
0.530225	0.0159342
0.58073	0.0162098
0.632277	0.0159263
0.68604	0.01594
0.740985	0.0146783
0.79593	0.0139135
0.855454	0.0164992
0.918745	0.019974
0.984535	0.0217629
1.05032	0.0230706
1.11526	0.0238982
1.17776	0.0237979
1.24026	0.0236896
1.30436	0.0246846
1.37285	0.0259205
1.44328	0.0269134
1.51574	0.0280317
1.59037	0.0292042
1.66729	0.0309171
1.72979	0.0339461
1.79077	0.0344839
1.85487	0.0346506
1.92244	0.0319367
1.98737	0.0364639
2.04835	0.0369212
2.10517	0.0374997
2.16135	0.0391931
2.21753	0.039927
2.27434	0.0397162
2.33181	0.0398862
2.39511	0.0414003
2.4584	0.0402363
2.5209	0.0410368
2.58583	0.0415631
2.65433	0.043895
2.72679	0.0441878
2.80142	0.0454253
2.88475	0.0434045
2.97247	0.0438977
3.08116	0.0444926
3.18755	0.0497804
3.29624	0.0530787
3.41252	0.0554303
3.52616	0.0577499
3.64244	0.0602103
3.76148	0.063299
3.87512	0.066748
4.02218	0.070489
4.21449	0.0747824
4.46449	0.0797544
4.77699	0.0857369
