y	b	
0	0.925781
0.019685	0.00938869
0.0393701	0.00914162
0.0663971	0.00928987
0.0934241	0.00979957
0.128635	0.010691
0.166514	0.0117567
0.205274	0.0144441
0.241245	0.0161711
0.274578	0.0175368
0.306426	0.0192933
0.338273	0.0226288
0.37012	0.0247838
0.401566	0.0253514
0.432241	0.0257914
0.462729	0.0271842
0.493217	0.0269879
0.523705	0.0265003
0.555151	0.0259237
0.586598	0.0244505
0.617462	0.0246477
0.648326	0.0238616
0.68211	0.0257262
0.713556	0.0263191
0.746236	0.0283394
0.777882	0.0290167
0.809527	0.0290122
0.842422	0.0301854
0.87489	0.0288559
0.909136	0.0278659
0.943383	0.0269431
0.979615	0.0246118
1.02027	0.0228822
1.06572	0.0198265
1.11572	0.0167172
1.16727	0.0151536
1.22345	0.0157867
1.28092	0.0169761
1.34342	0.0206117
1.39897	0.0234003
1.45106	0.0241647
1.50853	0.0250694
1.56735	0.0288828
1.62908	0.0298967
1.68526	0.0304533
1.74623	0.0304071
1.80796	0.0322332
1.86749	0.0329816
1.92846	0.0337523
1.98729	0.0330928
2.0441	0.0328231
2.09845	0.0331899
2.15659	0.034944
2.21341	0.0358625
2.27223	0.0356136
2.33037	0.0378086
2.3921	0.0381886
2.46252	0.0359439
2.53828	0.0388643
2.62161	0.0397314
2.70495	0.0378687
2.78828	0.0390422
2.86765	0.0423325
2.9638	0.0443845
3.05814	0.0461371
3.14743	0.0477339
3.24546	0.0498309
3.34162	0.0505829
3.43966	0.0522421
3.55077	0.0550264
3.66705	0.0571644
3.789	0.059777
3.90264	0.0636411
4.04969	0.0655433
4.242	0.0746431
4.492	0.0800075
4.8045	0.0862038
