y	b	
0	1
0.3125	0.00561952
0.625	0.0112304
0.9375	0.0168582
1.25	0.022483
1.55303	0.0279416
1.84715	0.0332946
2.05548	0.035654
2.17176	0.0378516
2.26267	0.0430069
2.34742	0.0435875
2.43075	0.0454394
2.51549	0.0444417
2.6017	0.0465462
2.68942	0.0423571
2.80847	0.0411115
2.9221	0.046978
3.0308	0.0511919
3.1395	0.0458136
3.24819	0.0516882
3.36183	0.0551957
3.48088	0.057922
3.59451	0.0626893
3.71079	0.064849
3.82707	0.064404
3.94612	0.0692339
4.12469	0.0739001
4.37469	0.0784983
4.62469	0.0830577
4.93719	0.180476
