y	b	
0	0.84375
0.0196078	0.0137984
0.0392157	0.0140861
0.0647259	0.0133634
0.0902361	0.0140226
0.1211	0.0144018
0.154213	0.0153871
0.187325	0.0158868
0.228309	0.0168941
0.268632	0.0175612
0.311005	0.0179904
0.35374	0.0181012
0.399194	0.0183088
0.44549	0.0180743
0.49266	0.0182323
0.53983	0.016326
0.590335	0.0149648
0.652835	0.0134846
0.718625	0.0140376
0.778148	0.0151729
0.83562	0.0173471
0.895143	0.0184176
0.953283	0.0201348
1.00763	0.020753
1.06082	0.022444
1.11345	0.0239791
1.16609	0.0256708
1.21559	0.0259841
1.26714	0.0279523
1.3209	0.0287939
1.37245	0.0267997
1.42099	0.0273461
1.46816	0.0291616
1.51718	0.0299544
1.56435	0.0316292
1.61435	0.033343
1.66152	0.0342027
1.70656	0.0347532
1.74894	0.0344501
1.78992	0.0368654
1.83124	0.0364382
1.87257	0.0367419
1.91458	0.0367067
1.95923	0.0373276
2.00468	0.036804
2.04893	0.0353008
2.0948	0.0374719
2.14288	0.0365768
2.19338	0.0369184
2.25152	0.0358031
2.31731	0.0344728
2.39084	0.0355904
2.46227	0.0384621
2.53473	0.0393574
2.60616	0.04076
2.67658	0.0411089
2.73987	0.0423314
2.80398	0.0437646
2.86727	0.0446712
2.93484	0.0454866
3.00526	0.0452252
3.07375	0.0468592
3.13785	0.0479568
3.2073	0.0488023
3.29989	0.0507423
3.40193	0.0519257
3.50831	0.0546414
3.62195	0.0565203
3.7439	0.0603128
3.85754	0.0643217
3.98912	0.0672494
4.18142	0.0733853
4.43142	0.0787615
4.74392	0.0850424
