y	b	
0	0.863281
0.0203252	0.00304111
0.0406504	0.00273309
0.072296	0.00248173
0.103942	0.00262444
0.154447	0.00279655
0.207078	0.00376086
0.290412	0.00786757
0.360834	0.0114531
0.441479	0.0143968
0.517237	0.0161619
0.590766	0.0175348
0.66323	0.0182014
0.746563	0.0183802
0.835849	0.0184111
0.940016	0.0166431
1.06822	0.0185491
1.21528	0.0216727
1.36679	0.0236082
1.48584	0.0278171
1.5616	0.0311768
1.63852	0.0328289
1.71428	0.0343519
1.77922	0.0358864
1.84251	0.037389
1.90348	0.0360824
1.96521	0.0351625
2.02139	0.0374808
2.07695	0.0384293
2.13792	0.0388618
2.19965	0.0382592
2.26722	0.0376955
2.34414	0.03941
2.42611	0.040296
2.50944	0.0425223
2.59873	0.0425739
2.69677	0.0449579
2.80546	0.0465483
2.92174	0.048023
3.03802	0.0498036
3.15707	0.0521988
3.26576	0.0542959
3.37687	0.0559894
3.48557	0.057868
3.60185	0.0599038
3.71813	0.0628671
3.83176	0.0664293
3.9669	0.0698144
4.15208	0.0738391
4.40208	0.0786986
4.71458	0.0846078
