y	b	
0	0.882812
0.0199203	0.0032666
0.0398406	0.00286458
0.0674649	0.00430908
0.0950893	0.00632108
0.132126	0.00806814
0.171496	0.0095837
0.224128	0.0109993
0.278476	0.0103354
0.330559	0.011084
0.388699	0.0142286
0.451199	0.0165601
0.515301	0.0174207
0.577801	0.0172756
0.63953	0.0167624
0.713059	0.0168753
0.789982	0.0174357
0.880891	0.0205454
0.964225	0.0228606
1.04359	0.0242568
1.10532	0.0231209
1.17289	0.025846
1.23539	0.0275624
1.29563	0.0273963
1.3566	0.0291575
1.41613	0.0294489
1.47427	0.0285031
1.53309	0.0295652
1.59482	0.0302536
1.65732	0.031814
1.71829	0.0336602
1.77782	0.0340592
1.83596	0.0365197
1.8909	0.0368673
1.94466	0.0369139
1.99901	0.0375258
2.05648	0.0379061
2.11746	0.038139
2.17844	0.038305
2.24016	0.0358392
2.30345	0.0362525
2.36093	0.0401898
2.4184	0.0408948
2.47103	0.0402481
2.52785	0.0420281
2.58958	0.0429379
2.65055	0.0428907
2.71465	0.0436437
2.78712	0.0439731
2.86524	0.0448195
2.95145	0.0459894
3.04404	0.0474757
3.15274	0.0497118
3.26637	0.0519746
3.37748	0.0535723
3.4886	0.0524348
3.59971	0.0585372
3.71875	0.0594541
3.83239	0.0649678
3.96397	0.0686862
4.15628	0.073311
4.40628	0.0784743
4.71878	0.0846108
