y	b	
0	0.828125
0.0232558	0.00257264
0.0465116	0.00245094
0.0773758	0.00216609
0.10824	0.00223077
0.152883	0.00241888
0.197526	0.00269992
0.278171	0.00301106
0.358816	0.00595782
0.515066	0.00899326
0.671316	0.0114056
0.898589	0.0155746
1.0909	0.0208475
1.19294	0.0261263
1.28066	0.0252735
1.36686	0.0253525
1.4502	0.0270755
1.53494	0.026713
1.62423	0.0273111
1.71857	0.0315575
1.82061	0.0315915
1.9293	0.0338617
2.04558	0.0344577
2.12755	0.0368528
2.20568	0.0399522
2.28504	0.0393818
2.36569	0.0425951
2.45497	0.0410618
2.55113	0.0432641
2.65317	0.0463885
2.75733	0.0481523
2.86603	0.0499399
2.97472	0.0515075
3.07472	0.0527482
3.17677	0.0540582
3.28315	0.0560319
3.39184	0.0578731
3.50295	0.0596348
3.61923	0.0582115
3.74119	0.0644885
3.85482	0.067765
3.9864	0.0707584
4.17871	0.0746758
4.42871	0.0793687
4.74121	0.0851565
