y	b	
0	0.9375
0.3125	0.00562
0.625	0.0112355
0.9375	0.0168689
1.25	0.0224915
1.52778	0.0275505
1.77778	0.0318312
1.91291	0.0371485
2.01495	0.0385199
2.10116	0.040804
2.18449	0.0416041
2.26924	0.0421899
2.35696	0.0436888
2.44955	0.0446817
2.54571	0.0446467
2.64571	0.0464123
2.74186	0.0471805
2.8362	0.0491539
2.94037	0.0520106
3.04241	0.0534359
3.14657	0.05338
3.24861	0.056291
3.355	0.0575689
3.47128	0.0562212
3.59032	0.0585381
3.70937	0.0647678
3.82565	0.067585
3.94193	0.0701899
4.13424	0.0740228
4.38424	0.0786504
4.69674	0.0843653
