y	b	
0	0.871094
0.0233645	0.00279423
0.046729	0.00261277
0.0775932	0.0024362
0.108457	0.00247458
0.151192	0.00250563
0.193927	0.00269863
0.272052	0.00290263
0.350177	0.00572659
0.506427	0.0090952
0.662677	0.0119431
0.912677	0.016689
1.16268	0.0244157
1.29426	0.0282267
1.379	0.0302859
1.45713	0.0307498
1.53405	0.030734
1.61342	0.0317166
1.69962	0.0300121
1.79396	0.031198
1.8773	0.0353434
1.9635	0.0365241
2.05122	0.0364877
2.14738	0.0380356
2.25154	0.0401324
2.35571	0.0410692
2.45375	0.0435778
2.55375	0.0450802
2.64466	0.046171
2.73725	0.048605
2.82984	0.0498851
2.92418	0.050658
3.02222	0.0521409
3.1385	0.0543556
3.2472	0.0560923
3.34924	0.0576766
3.45562	0.0593586
3.56432	0.0612041
3.68336	0.0635802
3.80241	0.0665471
3.91869	0.0693752
4.09726	0.0731146
4.34726	0.0778767
4.59726	0.0825115
4.90976	0.153046
