y	b	
0	0.941406
0.019685	0.0178399
0.0393701	0.0164927
0.0627346	0.0151709
0.0860991	0.014923
0.11622	0.0144701
0.14634	0.0158764
0.181305	0.017797
0.22676	0.0199044
0.265822	0.0203483
0.305822	0.0220602
0.343416	0.0227133
0.38073	0.0242311
0.416191	0.0251635
0.448038	0.0277069
0.479094	0.028457
0.509768	0.0291416
0.540256	0.0276744
0.570744	0.0284368
0.602591	0.0280405
0.633647	0.0291912
0.664135	0.0288716
0.693037	0.0299907
0.721938	0.0294297
0.750674	0.0298716
0.779914	0.029852
0.809153	0.028931
0.839828	0.0292899
0.86959	0.0295914
0.900265	0.0279468
0.929851	0.0287732
0.959437	0.0277192
0.989377	0.0286772
1.01968	0.0284347
1.04944	0.0297644
1.0792	0.0294335
1.10897	0.0312157
1.13873	0.0306589
1.16959	0.0306618
1.20046	0.0297965
1.23271	0.0298454
1.26605	0.0291718
1.30006	0.0281745
1.33527	0.0273847
1.3715	0.0269724
1.40967	0.0266085
1.44935	0.0270491
1.49137	0.0270411
1.53447	0.0278766
1.57546	0.0278955
1.61712	0.0273262
1.6565	0.0267005
1.69409	0.028514
1.73006	0.0298138
1.76527	0.0305438
1.79883	0.0317166
1.83194	0.0317244
1.86505	0.0328291
1.8969	0.0334822
1.92958	0.0343344
1.96205	0.0352111
1.99349	0.0364623
2.02494	0.0360463
2.05639	0.0357075
2.08865	0.0358176
2.12198	0.0380502
2.15623	0.0365957
2.19095	0.0375959
2.22912	0.0358188
2.26944	0.0357194
2.31254	0.0343566
2.35679	0.0326518
2.40352	0.0316589
2.4516	0.0318942
2.50715	0.033526
2.57564	0.0345977
2.64321	0.0359959
2.71266	0.0368421
2.7933	0.0385137
2.86577	0.0405276
2.94513	0.0422325
3.02846	0.0435271
3.1118	0.0448347
3.198	0.0460076
3.2906	0.0468778
3.3906	0.0481846
3.49698	0.0502255
3.61603	0.0529509
3.73231	0.0563692
3.84342	0.0606752
3.97855	0.0655692
4.16374	0.0714567
4.40183	0.0776488
4.55808	0.0811994
4.71433	0.0839087
4.82072	0.0861455
4.9271	0.0936842
