y	b	
0	0.902344
0.0200803	0.0109544
0.0401606	0.0101885
0.0679384	0.00949569
0.0957162	0.0108875
0.131687	0.0106756
0.167659	0.0110571
0.206721	0.0122742
0.246721	0.012923
0.2846	0.0146752
0.322768	0.0174358
0.360936	0.0202373
0.397168	0.0217095
0.432882	0.0227704
0.466439	0.0236697
0.499996	0.0237299
0.53401	0.0234722
0.568975	0.0233428
0.602988	0.0238143
0.638703	0.0243767
0.676016	0.0235215
0.714776	0.0242659
0.754776	0.024093
0.795098	0.0248575
0.836421	0.0253998
0.875791	0.02624
0.915791	0.0259774
0.955791	0.0250834
0.998526	0.0239241
1.04707	0.0225216
1.09757	0.0229991
1.15313	0.0216375
1.20869	0.0217553
1.26245	0.0224891
1.32127	0.0235129
1.37941	0.0242167
1.43965	0.0251008
1.50215	0.0250868
1.56626	0.0274215
1.63205	0.0274145
1.69615	0.0313276
1.74991	0.0315398
1.8031	0.0307184
1.85687	0.030023
1.91063	0.0326999
1.96945	0.033003
2.0244	0.0340809
2.08058	0.033513
2.15002	0.0338458
2.21852	0.0304073
2.28608	0.0334613
2.35187	0.0315212
2.4265	0.0345289
2.50003	0.038432
2.57466	0.0391313
2.65158	0.0402743
2.72734	0.041191
2.81067	0.0416095
2.90326	0.0441772
3.0013	0.0459438
3.09934	0.0478922
3.19549	0.0491087
3.28983	0.0501981
3.394	0.0520145
3.50511	0.0537308
3.62416	0.0569334
3.74321	0.0586537
3.85684	0.0638794
3.98842	0.0674648
4.18073	0.0710466
4.43073	0.0787748
4.74323	0.0850217
