y	b	
0	0.914062
0.019685	0.0117848
0.0393701	0.0109063
0.062955	0.011881
0.0865399	0.0140393
0.117028	0.0152393
0.147515	0.0157678
0.181299	0.01699
0.219761	0.0177811
0.257355	0.0184549
0.296417	0.0193063
0.335787	0.021084
0.373101	0.0212804
0.409866	0.022
0.444112	0.0227653
0.477225	0.0242843
0.509692	0.0259654
0.545153	0.0268127
0.580614	0.0279067
0.617928	0.0265869
0.652174	0.0273345
0.684642	0.0288417
0.715506	0.026781
0.745994	0.0278239
0.776482	0.0276875
0.806969	0.0297685
0.837644	0.0299417
0.869091	0.0311193
0.898331	0.0307722
0.92757	0.0311479
0.955503	0.0316489
0.983912	0.0309515
1.01185	0.0303703
1.03978	0.027783
1.06954	0.0269373
1.10003	0.0261911
1.13292	0.0270779
1.16497	0.0285468
1.19703	0.0295143
1.23081	0.02937
1.26414	0.0292359
1.29704	0.0300221
1.33082	0.0287501
1.36628	0.0280003
1.40174	0.0272196
1.44081	0.0268835
1.48113	0.0271989
1.5235	0.0267421
1.5666	0.0273503
1.61762	0.0263152
1.67197	0.0264898
1.73221	0.0267721
1.78903	0.0263642
1.84585	0.0269726
1.90267	0.0276861
1.96291	0.0289478
2.02243	0.0296824
2.08493	0.030292
2.14822	0.0309714
2.21316	0.0329087
2.28165	0.0341146
2.35308	0.036026
2.41887	0.0373202
2.48216	0.0378981
2.54626	0.0382284
2.61037	0.0393635
2.67447	0.0410602
2.748	0.0421319
2.82153	0.0424729
2.90486	0.0423216
2.9992	0.0431173
3.1079	0.0450432
3.2079	0.0470305
3.31206	0.0489467
3.41623	0.0510022
3.52493	0.0533242
3.63856	0.0559913
3.76051	0.0595885
3.87415	0.0637546
4.02121	0.0683319
4.21352	0.0735302
4.45161	0.0789487
4.68971	0.0838085
4.89804	0.121304
