y	b	
0	0.910156
0.0198413	0.0150643
0.0396825	0.0137707
0.0640728	0.0116671
0.088463	0.0122116
0.12031	0.0126867
0.155521	0.0131914
0.190733	0.013511
0.235376	0.0142839
0.282105	0.0151977
0.327559	0.0165533
0.376103	0.0172735
0.42418	0.0180233
0.469634	0.0181274
0.517711	0.0192168
0.564881	0.0189323
0.612051	0.0186409
0.65878	0.0176048
0.707799	0.0154131
0.762147	0.0136456
0.827937	0.0152721
0.9004	0.0177437
0.96619	0.0195322
1.02301	0.0215965
1.0762	0.0230231
1.1257	0.0263446
1.17472	0.0271061
1.22145	0.0277034
1.26691	0.0289217
1.30964	0.0301404
1.35202	0.030905
1.39267	0.0313956
1.43267	0.0325353
1.47332	0.0325002
1.513	0.0322083
1.55332	0.0334046
1.59606	0.0328532
1.63953	0.0310284
1.68499	0.032158
1.73003	0.0336669
1.77508	0.0340394
1.81856	0.0347127
1.86204	0.0352306
1.90441	0.031765
1.94751	0.0329264
1.99137	0.0351954
2.03562	0.0359658
2.07987	0.0367823
2.12335	0.0366788
2.16799	0.0373254
2.21386	0.0338845
2.26059	0.0372139
2.30646	0.0373883
2.35748	0.0373715
2.41495	0.0377886
2.48345	0.038074
2.56157	0.0389501
2.6449	0.0401896
2.71435	0.0411673
2.77764	0.0425403
2.84431	0.043363
2.9128	0.0437447
2.97859	0.0444998
3.04352	0.0462195
3.11202	0.0468862
3.17531	0.048192
3.24475	0.0492946
3.31828	0.0501804
3.40449	0.0517776
3.50449	0.0539175
3.61318	0.0568447
3.72946	0.0594688
3.84057	0.0637328
3.97215	0.0677989
4.16446	0.0728548
4.41446	0.0783389
4.72696	0.0846968
