y	b	
0	0.921875
0.0195312	0.00831581
0.0390625	0.011781
0.0610405	0.0147698
0.0861662	0.0170356
0.125536	0.0183796
0.16864	0.0186975
0.23114	0.0193018
0.294431	0.0202614
0.35257	0.0204129
0.413546	0.0220211
0.466737	0.022405
0.516737	0.0233006
0.560985	0.0231487
0.604463	0.0235297
0.647942	0.0236475
0.693813	0.0237218
0.738061	0.0232515
0.779383	0.0241245
0.818446	0.0256272
0.858128	0.026587
0.894625	0.0274496
0.93139	0.027332
0.967361	0.027365
1.0044	0.0266517
1.04316	0.0279
1.08448	0.0274606
1.12615	0.0273518
1.16962	0.0271648
1.21273	0.0288733
1.26035	0.0301103
1.30842	0.0289008
1.35472	0.0286331
1.40189	0.0289671
1.44997	0.0276945
1.49626	0.0293918
1.54434	0.0283011
1.59642	0.0296566
1.64962	0.0310586
1.7017	0.0322484
1.7522	0.0315429
1.80075	0.0323528
1.85075	0.0332036
1.89977	0.0333779
1.94784	0.0322743
1.99784	0.0323157
2.03784	0.0320937
2.07817	0.0334623
2.11754	0.0339113
2.15819	0.0326067
2.2002	0.0353298
2.24368	0.0357953
2.28754	0.0351665
2.33179	0.0358511
2.37381	0.036842
2.41654	0.0365254
2.4604	0.03779
2.50388	0.0391806
2.54486	0.0398315
2.58519	0.0412823
2.62685	0.042572
2.67149	0.0432867
2.71695	0.0434449
2.76368	0.0441106
2.8127	0.0449512
2.85815	0.0433293
2.90445	0.0429321
2.95939	0.0421531
3.01434	0.0420424
3.08476	0.0425331
3.15619	0.0428571
3.23432	0.0443663
3.31496	0.0460507
3.39309	0.0479673
3.47505	0.0491782
3.56764	0.0514844
3.67181	0.0546244
3.78292	0.0558751
3.89656	0.0597096
4.04362	0.0678949
4.2288	0.0710256
4.4788	0.0771092
4.64009	0.0802368
4.80138	0.0816512
4.91766	0.0890862
