y	b	
0	0.929688
0.02	0.00832031
0.04	0.00736614
0.0690698	0.00738888
0.0981395	0.00886188
0.133854	0.00918637
0.172916	0.00883569
0.214239	0.00911491
0.260535	0.0101445
0.307705	0.0116224
0.35044	0.0154697
0.391762	0.0181582
0.427223	0.0192747
0.462684	0.0215742
0.495364	0.0232079
0.527415	0.022791
0.55809	0.0240881
0.588765	0.0250796
0.619629	0.0257195
0.650493	0.026719
0.682751	0.0273105
0.715219	0.0276499
0.749465	0.0269359
0.78443	0.0265098
0.821467	0.0250637
0.860227	0.0244473
0.89991	0.0225405
0.93991	0.0213974
0.983769	0.0216366
1.02725	0.0217234
1.07532	0.0223499
1.12532	0.0234735
1.17852	0.0241231
1.22802	0.025211
1.27564	0.0265087
1.32564	0.0272635
1.37666	0.0296658
1.42568	0.0310367
1.47518	0.0316056
1.52838	0.030071
1.5879	0.0292765
1.64537	0.0273737
1.70561	0.0284868
1.76811	0.0291619
1.83568	0.0282505
1.89666	0.0322135
1.94929	0.0327652
2.00192	0.0316474
2.05686	0.0356621
2.11121	0.035183
2.16172	0.0365075
2.2138	0.0388544
2.26643	0.0394389
2.31643	0.0393287
2.3702	0.0383354
2.42396	0.038356
2.48014	0.0386724
2.54038	0.0387618
2.59357	0.0410324
2.64074	0.0423
2.68538	0.0434595
2.72776	0.0447094
2.76874	0.0457044
2.8075	0.0459903
2.84596	0.0460604
2.88472	0.0461669
2.92203	0.0463439
2.95963	0.0465435
2.99809	0.0470172
3.04082	0.0472849
3.08356	0.0468948
3.12986	0.0445314
3.18194	0.0455528
3.23688	0.0475387
3.29244	0.0485296
3.35126	0.0489772
3.41299	0.0497464
3.48056	0.0510139
3.56253	0.0531938
3.65181	0.0554807
3.74985	0.0589125
3.84419	0.062409
3.97577	0.0666117
4.14818	0.0714125
4.39818	0.0773498
4.6923	0.0836931
4.95546	0.183312
