y	b	
0	0.878906
0.0200803	0.00301789
0.0401606	0.00283408
0.0712165	0.00250287
0.102272	0.00259069
0.155464	0.00317136
0.208655	0.0041375
0.280084	0.00800511
0.345019	0.0111033
0.428352	0.0138788
0.508998	0.0151294
0.585921	0.0161835
0.662844	0.0161547
0.749051	0.0189755
0.841643	0.0175144
0.941643	0.0169874
1.08053	0.0167219
1.22759	0.0214759
1.37045	0.0255585
1.4666	0.0290773
1.54725	0.0312328
1.61304	0.0341013
1.67256	0.035414
1.73208	0.0364532
1.78417	0.0383929
1.8368	0.037994
1.88999	0.038413
1.94375	0.0383448
1.9981	0.0363266
2.05129	0.0376708
2.10564	0.0374603
2.16246	0.0389224
2.22913	0.0373658
2.29762	0.0397423
2.36905	0.0388433
2.44481	0.0424351
2.52293	0.0429757
2.60914	0.0425041
2.69842	0.0439016
2.80259	0.0453267
2.91887	0.047649
3.03792	0.0503982
3.14661	0.0520572
3.25078	0.0538089
3.35947	0.0521016
3.47311	0.0576494
3.58939	0.0562726
3.71134	0.0587919
3.82498	0.0660171
3.94126	0.0690491
4.13356	0.0733639
4.38356	0.0782999
4.69606	0.0842567
