y	b	
0	0.949219
0.0200803	0.0090113
0.0401606	0.00705878
0.0697464	0.00618306
0.0993322	0.00658515
0.135564	0.00799298
0.169811	0.00906562
0.208873	0.0099899
0.248243	0.0108888
0.286122	0.0115575
0.325805	0.0130036
0.37085	0.0148515
0.416721	0.0170425
0.459456	0.0195
0.497918	0.0219873
0.533889	0.0214597
0.567222	0.0236131
0.59969	0.0232359
0.632157	0.0253447
0.667122	0.0252782
0.701605	0.0252299
0.736088	0.0258426
0.770102	0.0253487
0.804115	0.0251788
0.838598	0.0234238
0.874059	0.0227501
0.911938	0.0228274
0.954673	0.0207132
1.00418	0.021192
1.05973	0.0231514
1.12302	0.0246333
1.19059	0.0262524
1.24436	0.0266162
1.29644	0.0285675
1.34594	0.0294862
1.39545	0.0298097
1.44595	0.0307777
1.4945	0.0291963
1.544	0.0302878
1.59502	0.0321815
1.64357	0.0317847
1.69164	0.0318441
1.74019	0.0321693
1.79019	0.0317179
1.84395	0.0278654
1.90419	0.0324859
1.96443	0.0331875
2.02693	0.0346001
2.08943	0.0358022
2.15437	0.037202
2.21251	0.0375899
2.26869	0.0381083
2.32683	0.0393487
2.38364	0.0361742
2.42994	0.0400027
2.47268	0.0416287
2.513	0.0424266
2.55206	0.0437563
2.5891	0.0434423
2.62507	0.0436201
2.66104	0.0450415
2.69625	0.0450182
2.73222	0.0446828
2.76819	0.044101
2.80523	0.0426097
2.8446	0.0432735
2.88662	0.0439394
2.93166	0.045028
2.98429	0.0455742
3.03985	0.0457285
3.09541	0.0440646
3.15222	0.0456928
3.21552	0.0473228
3.28401	0.0481249
3.36734	0.0493357
3.45209	0.0517683
3.56078	0.0523265
3.66948	0.0574699
3.77817	0.0569243
3.89181	0.0647044
4.03887	0.0689129
4.23118	0.0738483
4.48118	0.0743426
4.77529	0.0855324
