y	b	
0	0.945312
0.019685	0.0174909
0.0393701	0.0155394
0.0617916	0.0158481
0.0842131	0.0165576
0.114888	0.0180419
0.145563	0.0189171
0.17912	0.0200974
0.216157	0.0211072
0.25347	0.0220389
0.293153	0.0232928
0.333475	0.0228521
0.375848	0.0213529
0.418221	0.0239428
0.458221	0.0254475
0.497591	0.024556
0.533563	0.0251867
0.572625	0.0257976
0.609121	0.0260245
0.642905	0.02578
0.674551	0.0265783
0.704491	0.0275052
0.734794	0.0287414
0.765097	0.0305552
0.796347	0.0300181
0.825933	0.0307912
0.855344	0.0301675
0.884756	0.0307149
0.913492	0.031661
0.942394	0.0314763
0.971129	0.0310213
0.999865	0.0293532
1.02877	0.0282324
1.05767	0.0286024
1.08834	0.0275684
1.11902	0.0295144
1.1517	0.0279274
1.18691	0.0274087
1.22288	0.0259903
1.25938	0.0274451
1.29938	0.0267632
1.33814	0.0273205
1.3772	0.0269324
1.41626	0.0287108
1.45414	0.0286915
1.4929	0.0280079
1.52887	0.0282187
1.56408	0.0284859
1.59929	0.0297588
1.6345	0.0316882
1.66899	0.0340197
1.70445	0.0326045
1.73941	0.0340429
1.77366	0.0339207
1.80655	0.0345159
1.83989	0.0350654
1.87194	0.0340993
1.90399	0.0351199
1.9371	0.0344869
1.97112	0.0343154
2.0056	0.0334965
2.04157	0.0336555
2.07861	0.0322901
2.11926	0.0320854
2.15991	0.0309025
2.19808	0.0332556
2.23539	0.0340512
2.27189	0.035046
2.3076	0.0357046
2.34257	0.0356522
2.37753	0.0365563
2.41154	0.0355765
2.44651	0.0355402
2.48172	0.0354233
2.51769	0.036133
2.55529	0.0362335
2.59594	0.0353068
2.63692	0.0342345
2.68409	0.0344911
2.73844	0.0349019
2.80094	0.0360826
2.86943	0.0380554
2.937	0.0402616
3.01163	0.0419961
3.08855	0.0432877
3.16791	0.0447385
3.25266	0.0465789
3.34881	0.0479365
3.44881	0.049205
3.5552	0.0509693
3.67148	0.0536442
3.78259	0.0572943
3.89622	0.0618284
4.04328	0.067211
4.22847	0.073067
4.46656	0.0792123
4.62281	0.0825354
4.77906	0.0851507
4.8927	0.0879966
