y	b	
0	0.824219
0.0203252	0.00265665
0.0406504	0.00257861
0.0735451	0.00239637
0.10644	0.00243371
0.160203	0.0027671
0.252796	0.00321992
0.345389	0.00577816
0.492447	0.00929775
0.631336	0.0151122
0.740032	0.0178447
0.830941	0.0212142
0.912908	0.0226491
0.993553	0.022219
1.0742	0.0237393
1.15894	0.0231417
1.2551	0.0241107
1.37138	0.0248973
1.51027	0.0264023
1.61665	0.0302367
1.71665	0.031975
1.8128	0.034132
1.89614	0.0342947
1.97426	0.0356393
2.04889	0.0370626
2.11646	0.0355435
2.18892	0.0394979
2.26138	0.0371065
2.33083	0.040148
2.40659	0.0393468
2.49279	0.0396761
2.58051	0.0441778
2.67142	0.0458442
2.75914	0.0478961
2.84686	0.048481
2.93777	0.0498388
3.04193	0.0498826
3.1461	0.0529453
3.2548	0.0545514
3.36843	0.0567699
3.48471	0.0588352
3.59835	0.0610378
3.72335	0.0637701
3.83699	0.0669404
3.97212	0.0701888
4.15731	0.0740979
4.40731	0.0788804
4.71981	0.0847287
