y	b	
0	0.832031
0.0196078	0.0134806
0.0392157	0.0128229
0.0649889	0.0133873
0.0907621	0.0133019
0.122609	0.0143072
0.156623	0.0150036
0.197606	0.0148753
0.237929	0.0167569
0.279251	0.0171944
0.321268	0.0180345
0.366723	0.0184252
0.412177	0.0178112
0.458049	0.0180501
0.504345	0.0186776
0.550641	0.0165968
0.601662	0.01467
0.66339	0.0134467
0.730057	0.013526
0.793348	0.0145779
0.854324	0.017326
0.915299	0.0190233
0.970244	0.0208459
1.02519	0.0219591
1.07621	0.0242388
1.12829	0.0252623
1.18148	0.0247072
1.22956	0.026792
1.28332	0.0285475
1.33827	0.0274208
1.38777	0.029172
1.43585	0.0262719
1.47971	0.0282506
1.52688	0.0288294
1.57193	0.0305524
1.61738	0.0323466
1.66325	0.0335692
1.7075	0.033419
1.75024	0.0360267
1.79297	0.0364852
1.83429	0.0373613
1.87561	0.0352643
1.91986	0.034796
1.96372	0.0346609
2.00959	0.0363183
2.05384	0.0378838
2.09971	0.0360327
2.14644	0.0374918
2.19361	0.035784
2.24738	0.035426
2.31148	0.0325189
2.38291	0.0376931
2.45235	0.037481
2.52481	0.0389788
2.60174	0.0405756
2.6742	0.0410452
2.74087	0.0420448
2.80666	0.043168
2.87076	0.044535
2.93833	0.0451201
3.00875	0.0465708
3.07542	0.0468682
3.13952	0.0483554
3.20994	0.048634
3.29923	0.0497311
3.39727	0.0521856
3.50143	0.0546298
3.61254	0.05425
3.72882	0.0597594
3.83994	0.0621488
3.97882	0.0669294
4.17113	0.0731254
4.42113	0.0785329
4.73363	0.0848388
