y	b	
0	0.894531
0.0195312	0.0106055
0.0390625	0.0099888
0.0613839	0.00990817
0.0874256	0.0101159
0.120983	0.0110114
0.164461	0.0120373
0.211631	0.0121051
0.255879	0.0122926
0.295561	0.0148825
0.332057	0.0168533
0.367022	0.0188363
0.39949	0.021326
0.429978	0.0246632
0.459564	0.0270439
0.489149	0.0276483
0.518219	0.0283777
0.547981	0.0300306
0.576552	0.0308692
0.605124	0.032074
0.630897	0.033525
0.657075	0.0307076
0.683253	0.0309003
0.708006	0.0307075
0.733647	0.0314164
0.759288	0.0313327
0.785194	0.0318787
0.812368	0.0299552
0.839542	0.0289241
0.867015	0.0271728
0.89575	0.0243468
0.924486	0.0242689
0.954974	0.0223968
0.988758	0.0217009
1.02081	0.0219917
1.0537	0.023114
1.0866	0.0228906
1.12084	0.0227521
1.15708	0.0235413
1.19384	0.023373
1.2326	0.0238935
1.27166	0.0236911
1.31671	0.0251449
1.36301	0.0255285
1.41251	0.0260244
1.46251	0.0270343
1.51353	0.0278005
1.56508	0.0265424
1.62189	0.0277804
1.6714	0.0255702
1.7219	0.0283807
1.78215	0.0293439
1.83833	0.0277119
1.8993	0.0309516
1.96597	0.0289658
2.03541	0.0301385
2.09951	0.0306985
2.16362	0.0312605
2.22612	0.0350141
2.28941	0.0339554
2.34893	0.0377322
2.41066	0.0385699
2.47239	0.0377245
2.53191	0.0390163
2.59074	0.0402119
2.65247	0.0402832
2.71344	0.0410434
2.78101	0.041249
2.85564	0.0421273
2.94823	0.0427229
3.04823	0.0437788
3.14627	0.0471132
3.24431	0.0488062
3.34431	0.0502776
3.45069	0.0523687
3.5618	0.0542386
3.68085	0.0569071
3.79448	0.0610474
3.91076	0.0644484
4.09595	0.0708253
4.33404	0.0764612
4.58404	0.0818272
4.87816	0.113766
