y	b	
0	0.816406
0.02	0.00288147
0.04	0.00308192
0.0704878	0.00376077
0.100976	0.00585204
0.149519	0.00802529
0.195391	0.00922867
0.255632	0.010701
0.315156	0.0123307
0.385578	0.0138428
0.455023	0.0148137
0.525445	0.0154643
0.597909	0.013877
0.676034	0.015055
0.782417	0.0143146
0.933932	0.0162165
1.09018	0.0186379
1.2626	0.0211589
1.40965	0.024471
1.54854	0.0249701
1.65493	0.0301902
1.72636	0.0331674
1.79485	0.0344735
1.85735	0.0372001
1.91908	0.0342352
1.98158	0.0332117
2.04487	0.0333099
2.11431	0.0367399
2.19368	0.035233
2.27701	0.0364464
2.36322	0.0384679
2.45094	0.0380755
2.53866	0.0431292
2.62486	0.0421011
2.71415	0.0454106
2.81415	0.0473579
2.91619	0.0486773
3.01619	0.0512221
3.10878	0.0517815
3.20137	0.0530244
3.30137	0.0541635
3.40776	0.0563307
3.52404	0.0593618
3.64599	0.0613129
3.76504	0.0636035
3.87867	0.0671944
4.02573	0.0712302
4.21804	0.0752469
4.46804	0.0800128
4.78054	0.0858474
