y	b	
0	0.894531
0.0197628	0.0145321
0.0395257	0.015721
0.0628902	0.0188208
0.0862547	0.0203258
0.111765	0.0218756
0.137275	0.0220786
0.163453	0.023708
0.192189	0.0250051
0.220924	0.0254128
0.251412	0.0266807
0.283463	0.0268757
0.316797	0.0278822
0.352768	0.028363
0.388739	0.027628
0.42471	0.0282924
0.461475	0.0284811
0.496936	0.0278897
0.533701	0.0287344
0.571014	0.0275295
0.608608	0.0268742
0.645105	0.0262543
0.680819	0.0268935
0.715302	0.0248118
0.749315	0.0257052
0.785547	0.0254155
0.822861	0.025771
0.859357	0.0245033
0.895853	0.0247174
0.934315	0.0249373
0.972776	0.0241031
1.01215	0.0229485
1.05031	0.0219446
1.09031	0.0221274
1.12878	0.0231349
1.17115	0.0218788
1.21425	0.0211174
1.26327	0.0212359
1.31762	0.0209214
1.37318	0.021985
1.43131	0.0227793
1.49381	0.024423
1.55479	0.0257061
1.61503	0.0266553
1.67601	0.0277628
1.73698	0.0287428
1.79651	0.029994
1.85603	0.0296581
1.91627	0.0277406
1.97122	0.0324946
2.02869	0.0326651
2.08893	0.03355
2.14917	0.0323838
2.20869	0.0348102
2.26425	0.0352373
2.3186	0.0377191
2.37236	0.0368325
2.42555	0.0380472
2.48302	0.0333753
2.5392	0.0388528
2.59355	0.039282
2.64731	0.0397564
2.69633	0.0407787
2.74488	0.0416161
2.79295	0.0427668
2.8415	0.0441509
2.88957	0.0452045
2.93859	0.0459428
2.99179	0.0452243
3.04081	0.0455292
3.08668	0.045759
3.1357	0.0468729
3.18724	0.0476089
3.23826	0.0479889
3.28928	0.0480298
3.34137	0.0484886
3.39456	0.0495008
3.44832	0.0506989
3.50579	0.0504318
3.56393	0.051983
3.6306	0.053737
3.70413	0.0552889
3.77455	0.0575987
3.85268	0.0598151
3.94196	0.0627662
4.07017	0.0679231
4.27017	0.0748203
4.4785	0.0798109
4.63979	0.0830804
4.80108	0.0859363
4.91472	0.0888522
