y	b	
0	0.929688
0.0196078	0.0179438
0.0392157	0.0185953
0.0614379	0.0171434
0.0836601	0.0191378
0.110687	0.0183942
0.137714	0.0182059
0.168017	0.0190546
0.202264	0.0195649
0.23651	0.0193171
0.271722	0.0203581
0.306933	0.0205922
0.343429	0.0212506
0.382492	0.0212191
0.423475	0.0216132
0.465142	0.0214371
0.510187	0.0202611
0.561207	0.0202062
0.606662	0.0219315
0.652958	0.0239531
0.693609	0.0259914
0.72907	0.0278136
0.762182	0.0285544
0.794029	0.0302864
0.824704	0.0308214
0.854825	0.0317472
0.884945	0.0334483
0.914185	0.0328243
0.943425	0.0341724
0.971673	0.0338985
0.999922	0.0330962
1.02785	0.0340448
1.05563	0.0340301
1.08296	0.0327249
1.11028	0.0321238
1.13853	0.0303536
1.16794	0.0307213
1.19735	0.0304251
1.22784	0.0307438
1.25851	0.0301657
1.28938	0.0306738
1.32143	0.0292585
1.35348	0.0294449
1.38749	0.0293955
1.42174	0.0307041
1.4553	0.0303212
1.48885	0.0305442
1.52241	0.0306973
1.55597	0.0302892
1.59143	0.0292236
1.62874	0.0292415
1.66973	0.0297591
1.71139	0.0290524
1.75139	0.028544
1.79376	0.0288431
1.83543	0.0285112
1.88089	0.0284233
1.93707	0.0255223
1.99262	0.0261919
2.0536	0.0258584
2.11384	0.0275581
2.17557	0.0274876
2.23807	0.0300352
2.30473	0.0302043
2.3723	0.0325889
2.44272	0.0348889
2.51122	0.0358077
2.58934	0.0376451
2.66747	0.0388221
2.7508	0.0406532
2.83016	0.0421973
2.90829	0.04312
2.99026	0.0438949
3.075	0.0443022
3.16429	0.0450784
3.26846	0.0468183
3.3705	0.0489714
3.48161	0.0513216
3.5903	0.0537263
3.70141	0.0567411
3.81252	0.0607265
3.92616	0.0647423
4.11847	0.0706414
4.35656	0.0766251
4.60656	0.0822475
4.78514	0.0853629
4.91671	0.102251
