y	b	
0	0.890625
0.131579	0.0219001
0.263158	0.00319315
0.410217	0.00600889
0.602524	0.00779402
0.794832	0.0125541
1.07261	0.0169441
1.29988	0.021745
1.47845	0.0290222
1.5975	0.0317941
1.68522	0.0331226
1.76459	0.0349543
1.84395	0.0366782
1.92332	0.0375134
2.00528	0.0377795
2.09149	0.0375596
2.19787	0.0389466
2.32945	0.0412987
2.45445	0.0435995
2.58266	0.0461179
2.68682	0.0481466
2.78886	0.0485089
2.8869	0.0506249
2.9869	0.0518887
3.09802	0.0505159
3.2044	0.0554308
3.31309	0.0565545
3.41948	0.0581398
3.53059	0.060455
3.64687	0.0621008
3.76591	0.0561025
3.87955	0.0627759
4.02661	0.0718327
4.21892	0.0732192
4.46892	0.0801862
4.78142	0.0804845
