y	b	
0	0.910156
0.019685	0.0110143
0.0393701	0.0101912
0.0656859	0.00896013
0.0920017	0.00913794
0.125559	0.0102365
0.167225	0.0113603
0.211085	0.0122645
0.248122	0.0138412
0.283583	0.0156604
0.319297	0.0179142
0.352192	0.0200454
0.383838	0.0222661
0.415483	0.0234036
0.445971	0.0258268
0.474542	0.0256555
0.502632	0.0269983
0.530722	0.0269129
0.560308	0.028348
0.588879	0.028377
0.617949	0.0279842
0.647019	0.0287106
0.674193	0.0300286
0.701367	0.0300559
0.728541	0.030841
0.755568	0.0298804
0.781746	0.0314448
0.807787	0.031398
0.833829	0.0306447
0.861003	0.0310482
0.889574	0.0302693
0.918146	0.0272048
0.947386	0.0254402
0.978832	0.0210683
1.01404	0.0189183
1.04925	0.0171431
1.09311	0.0151692
1.13857	0.0161856
1.18907	0.0199234
1.23669	0.0227989
1.28134	0.0237673
1.32941	0.0249009
1.38096	0.0257299
1.43251	0.0265146
1.48301	0.0281411
1.53456	0.0275149
1.58664	0.0282235
1.64099	0.027801
1.69362	0.0279354
1.74856	0.0293215
1.8067	0.0299325
1.86352	0.0295677
1.92376	0.0319501
1.98705	0.0302428
2.0473	0.0334794
2.1098	0.0313972
2.17152	0.0328636
2.24295	0.0340918
2.31052	0.035307
2.37546	0.037924
2.44124	0.0379602
2.50535	0.0387882
2.57384	0.0398123
2.64233	0.0408246
2.71083	0.0415426
2.77932	0.0381828
2.85395	0.0429626
2.93591	0.0437533
3.02363	0.0442335
3.11623	0.0454043
3.22039	0.0483989
3.32678	0.0505661
3.43094	0.0525365
3.53511	0.0532209
3.64875	0.0569391
3.76779	0.0562674
3.88143	0.0561968
4.02849	0.0667236
4.2208	0.0691573
4.4708	0.0794927
4.76491	0.0801261
