y	b	
0	0.855469
0.0197628	0.00344517
0.0395257	0.00293619
0.0679348	0.00372617
0.0963439	0.00615677
0.135104	0.00814062
0.17712	0.00971897
0.233939	0.010717
0.29141	0.0104439
0.34759	0.0118082
0.412525	0.0151711
0.479191	0.0169709
0.544981	0.0173584
0.611647	0.0167235
0.680141	0.0151261
0.763474	0.0149452
0.861513	0.0162353
0.959552	0.0200329
1.05214	0.02245
1.1279	0.0247292
1.20727	0.0265757
1.27973	0.0275461
1.34822	0.0288175
1.41316	0.0285624
1.47268	0.0295435
1.53366	0.0312366
1.5918	0.0301732
1.65353	0.0336864
1.71377	0.0348217
1.77474	0.0353189
1.83092	0.035795
1.88774	0.0369467
1.94269	0.0360397
1.99824	0.0368558
2.05201	0.0370435
2.10695	0.0350542
2.16313	0.0364991
2.21931	0.0381028
2.27955	0.0396796
2.33702	0.0379207
2.38702	0.0417399
2.43604	0.04189
2.48867	0.0409233
2.54485	0.0385497
2.60658	0.0412326
2.66987	0.0420824
2.7468	0.0441742
2.82876	0.0437918
2.91967	0.0444724
3.02384	0.0477168
3.13022	0.049941
3.24133	0.0520139
3.35003	0.0539081
3.45872	0.0559699
3.57236	0.0581814
3.69431	0.0611533
3.81059	0.0646296
3.92964	0.0680157
4.12195	0.0726563
4.37195	0.0778329
4.62195	0.0827752
4.93445	0.177709
