y	b	
0	0.859375
0.0282486	0.0154129
0.0564972	0.00232501
0.0898305	0.00235112
0.135285	0.00235234
0.18074	0.00269696
0.264073	0.00280127
0.347406	0.00567474
0.503656	0.00844162
0.659906	0.01188
0.909906	0.0154936
1.15991	0.0197926
1.29504	0.0274562
1.38433	0.0280296
1.46907	0.0292314
1.55241	0.0284535
1.63715	0.0283625
1.7219	0.028443
1.81281	0.0311681
1.91085	0.0325176
2.01723	0.0331161
2.12361	0.0379363
2.21452	0.0397167
2.30381	0.0407172
2.39153	0.0376464
2.48244	0.0420946
2.57334	0.046101
2.66425	0.0467513
2.75859	0.0470994
2.85475	0.0500698
2.95475	0.0483522
3.05891	0.0526306
3.16761	0.0543539
3.27872	0.0525375
3.38742	0.0580511
3.49853	0.0598007
3.61481	0.0621894
3.73385	0.0647011
3.84749	0.0677018
3.98638	0.0708338
4.17869	0.0747169
4.42869	0.0793893
4.74119	0.0851612
