y	b	
0	0.828125
0.0195312	0.0120105
0.0390625	0.0119758
0.0607075	0.0118637
0.0849794	0.0135271
0.113551	0.0139367
0.142122	0.0151682
0.176369	0.0158039
0.218035	0.0166568
0.260408	0.0169754
0.305863	0.0157291
0.351317	0.0161619
0.400337	0.0160482
0.45242	0.0170548
0.507365	0.0174048
0.561713	0.0175478
0.610733	0.0175111
0.660733	0.0175402
0.717551	0.0173949
0.773731	0.0171301
0.828079	0.0183652
0.883634	0.0189031
0.939814	0.0189683
0.997285	0.0197738
1.05681	0.0206569
1.11854	0.0211587
1.17409	0.021788
1.22728	0.0213529
1.28542	0.0222418
1.34953	0.0239531
1.41532	0.0259187
1.4674	0.0292957
1.5179	0.030194
1.56692	0.032037
1.61643	0.0329284
1.66405	0.0331789
1.71034	0.0337794
1.75499	0.0329414
1.80044	0.0351603
1.84852	0.0348658
1.89706	0.0367825
1.94657	0.0379031
1.99811	0.0360469
2.0502	0.0350381
2.10339	0.0341108
2.15658	0.0353005
2.2161	0.0382848
2.27939	0.0377521
2.34433	0.0382858
2.41282	0.0383754
2.47861	0.0389575
2.54806	0.0409086
2.61385	0.0415922
2.67964	0.0417634
2.74136	0.043486
2.80386	0.0438244
2.86411	0.0441271
2.93167	0.0454805
2.99661	0.0473257
3.06327	0.0475923
3.1347	0.047519
3.22561	0.0488344
3.3182	0.0507022
3.4182	0.0530414
3.5269	0.0544577
3.64054	0.0578655
3.75958	0.0602394
3.87322	0.0648206
4.02028	0.0695443
4.21259	0.0742222
4.46259	0.0794745
4.77509	0.0856626
