y	b	
0	0.90625
0.02	0.0150673
0.04	0.0134428
0.0639234	0.0125228
0.0878469	0.0123768
0.119097	0.0123724
0.154308	0.0119071
0.189519	0.0126486
0.234564	0.0133657
0.284069	0.0141076
0.333089	0.014355
0.386852	0.0163919
0.437873	0.0167579
0.484169	0.0187356
0.531788	0.0193294
0.579865	0.0195586
0.626161	0.0186325
0.67378	0.0183436
0.723285	0.0182003
0.77279	0.0176411
0.827138	0.0168055
0.889638	0.0179396
0.955428	0.0197604
1.02122	0.0200664
1.07498	0.0235614
1.126	0.0254404
1.17808	0.025389
1.22481	0.0270873
1.27027	0.02975
1.31337	0.0301963
1.35402	0.0319909
1.39402	0.032053
1.43604	0.0321905
1.47806	0.0333694
1.51972	0.0344084
1.5594	0.0331573
1.59847	0.0317973
1.63753	0.0324954
1.67753	0.0333441
1.71721	0.0313273
1.75753	0.0302432
1.79819	0.0289193
1.84364	0.0318987
1.89037	0.0334313
1.93891	0.0347051
1.98842	0.0347058
2.03559	0.0342263
2.08232	0.0344846
2.12618	0.0378685
2.17004	0.0355255
2.21241	0.0367229
2.25627	0.0380144
2.30214	0.0385063
2.34976	0.0387076
2.40594	0.0386602
2.46546	0.0377409
2.53689	0.0391126
2.61265	0.0395626
2.68841	0.0407511
2.7569	0.0411717
2.82634	0.0423605
2.89579	0.043943
2.96072	0.0454752
3.02483	0.0462878
3.08976	0.0464071
3.15733	0.0482858
3.22582	0.0495932
3.29249	0.0492561
3.36825	0.0511018
3.47029	0.0530524
3.58392	0.0553638
3.69756	0.05852
3.8112	0.0625951
3.93024	0.0664705
4.12255	0.071758
4.37255	0.0774108
4.62255	0.0826374
4.93505	0.178293
