y	b	
0	0.84375
0.0195312	0.0101481
0.0390625	0.0111635
0.060849	0.0119974
0.0854795	0.0138031
0.115783	0.0128841
0.146086	0.0133583
0.183123	0.0149952
0.228577	0.0144485
0.274032	0.0128102
0.322575	0.0140328
0.375207	0.0143621
0.429555	0.0166993
0.480575	0.0210414
0.52603	0.0226124
0.573649	0.0232098
0.618292	0.0217552
0.662151	0.0204871
0.711171	0.0197455
0.762191	0.0185418
0.812696	0.0187872
0.864243	0.0198528
0.921714	0.0202356
0.980538	0.0202808
1.04304	0.0197843
1.10797	0.0179785
1.17742	0.0185861
1.26216	0.0207355
1.33792	0.0235496
1.40202	0.0255934
1.46155	0.0261721
1.53197	0.0291564
1.58632	0.0305629
1.6425	0.029946
1.69626	0.0312993
1.75002	0.0339349
1.8062	0.0336021
1.85884	0.0335012
1.91038	0.0343568
1.96193	0.0333241
2.01143	0.0364384
2.06462	0.0351446
2.11726	0.0347843
2.16628	0.0343007
2.21628	0.0387725
2.26891	0.0392567
2.32573	0.0355237
2.3867	0.0383929
2.4508	0.0388978
2.5133	0.039835
2.57824	0.0412489
2.63997	0.0419126
2.70021	0.0433112
2.76431	0.0431157
2.82841	0.0448072
2.89252	0.0459381
2.95745	0.046291
3.02412	0.0460666
3.10608	0.0473325
3.20224	0.049444
3.30862	0.0513436
3.42226	0.0535733
3.53337	0.0563674
3.64965	0.0581377
3.7687	0.0619695
3.88233	0.0659605
4.02939	0.0699524
4.2217	0.0745237
4.4717	0.0797095
4.7842	0.0858489
