y	b	
0	0.917969
0.0203252	0.00314326
0.0406504	0.00284038
0.0729085	0.00264891
0.105167	0.002576
0.157798	0.00290934
0.248707	0.00367969
0.337993	0.00697747
0.451629	0.012793
0.539349	0.0158697
0.612878	0.0176917
0.686407	0.019088
0.767053	0.0193343
0.847698	0.0196161
0.933905	0.0197462
1.0339	0.0194515
1.15295	0.0207372
1.31424	0.0234241
1.44245	0.0262545
1.5644	0.0303856
1.64637	0.0330009
1.72329	0.0339006
1.80021	0.0349084
1.87374	0.0360994
1.94621	0.0385088
2.01031	0.0391317
2.06913	0.0396032
2.12937	0.0399167
2.19035	0.0376049
2.25979	0.0396729
2.33226	0.0390301
2.41038	0.0413511
2.49659	0.0416899
2.57992	0.0430504
2.67796	0.0447189
2.78	0.0466339
2.88417	0.047558
2.99286	0.0485152
3.10398	0.0513535
3.21761	0.0525889
3.33125	0.055836
3.44236	0.0574101
3.556	0.0593519
3.67795	0.0624151
3.79699	0.0643034
3.91604	0.0686863
4.10123	0.0728071
4.35123	0.0752547
4.60123	0.0772965
4.91373	0.157
