y	b	
0	0.929688
0.0203252	0.00897389
0.0406504	0.00727009
0.0702362	0.00603201
0.099822	0.00624568
0.138284	0.00753827
0.173249	0.00950783
0.213249	0.0109615
0.252008	0.0113532
0.289887	0.0125809
0.329257	0.0133091
0.373505	0.014009
0.418148	0.0156036
0.461626	0.0169511
0.502948	0.0184764
0.542631	0.0205271
0.579668	0.0229118
0.616433	0.0234218
0.651155	0.0248054
0.68612	0.0245005
0.721085	0.0252596
0.756296	0.0231387
0.791261	0.0235435
0.826976	0.0234868
0.864854	0.0232439
0.905177	0.0227578
0.94755	0.0233643
0.993004	0.0220913
1.04202	0.022512
1.09884	0.0225792
1.16378	0.0253967
1.22957	0.0262072
1.28575	0.0282365
1.33951	0.0278147
1.39001	0.0292138
1.44052	0.0297937
1.49002	0.029549
1.54053	0.0295227
1.59053	0.0297325
1.63815	0.0291527
1.68717	0.0314122
1.73571	0.0323465
1.78379	0.0299271
1.83534	0.0307606
1.88968	0.0308792
1.94403	0.033765
2.00085	0.0343228
2.05832	0.0351021
2.11646	0.0371079
2.17528	0.0374024
2.23701	0.0378195
2.29725	0.0385852
2.34725	0.0389074
2.39271	0.0397027
2.43336	0.0396862
2.47273	0.0423697
2.51032	0.0432074
2.54682	0.0431244
2.58331	0.0432549
2.61903	0.0452254
2.65281	0.0429515
2.6866	0.0426692
2.72132	0.0435805
2.75678	0.0445905
2.79466	0.0427975
2.83633	0.0438048
2.88305	0.0432586
2.93256	0.04469
2.98464	0.0440726
3.04146	0.0455859
3.10028	0.045645
3.16278	0.0467247
3.23128	0.0474071
3.31324	0.0485749
3.39521	0.0500127
3.47996	0.0510732
3.58634	0.0535765
3.69504	0.0584183
3.80142	0.0601237
3.9177	0.0656544
4.10288	0.0707421
4.35288	0.0766276
4.60288	0.0820434
4.897	0.140182
