y	b	
0	1
0.185185	0.00307094
0.363757	0.00643933
0.591029	0.0106165
0.818302	0.0147424
1.08146	0.0195504
1.30873	0.0244377
1.48115	0.0305049
1.5773	0.0326757
1.66063	0.0341761
1.74128	0.0351688
1.82461	0.0358479
1.91082	0.0364185
2.00341	0.034761
2.09957	0.0379055
2.20373	0.0374085
2.31737	0.0394274
2.41737	0.043278
2.51352	0.0451328
2.61156	0.0441685
2.7059	0.0438405
2.79849	0.0498948
2.89109	0.0513663
2.98913	0.0524921
3.08347	0.0533451
3.1815	0.0527691
3.29262	0.056654
3.40625	0.0563467
3.51989	0.0606385
3.63617	0.0628732
3.75245	0.0612341
3.86608	0.0682833
4.00497	0.0701578
4.19728	0.0751233
4.44728	0.07976
4.75978	0.0747441
