y	b	
0	0.894531
0.019685	0.0117875
0.0393701	0.0106892
0.0671479	0.00837162
0.0949256	0.00731855
0.131422	0.00632338
0.173439	0.00621639
0.229619	0.00615791
0.284564	0.00683387
0.339509	0.00828242
0.405298	0.0100929
0.465539	0.0129378
0.519887	0.0153672
0.570907	0.0166091
0.619927	0.0177365
0.668004	0.0171716
0.711864	0.0195722
0.754236	0.0213926
0.795559	0.0229297
0.838294	0.0229675
0.881397	0.0234263
0.924875	0.0208777
0.968354	0.0216121
1.01737	0.0220465
1.07419	0.0230666
1.13101	0.0242748
1.19125	0.0244248
1.25223	0.025283
1.31395	0.0262004
1.37568	0.0270538
1.43382	0.0276827
1.49711	0.0295697
1.55884	0.0309824
1.62294	0.0327763
1.68705	0.0335522
1.74587	0.0349834
1.80334	0.0344447
1.85829	0.0351924
1.91511	0.0363326
1.97324	0.0344074
2.02942	0.0363796
2.0856	0.0380782
2.14374	0.0380979
2.20188	0.037874
2.26212	0.0346476
2.32385	0.0332719
2.38879	0.0398092
2.45289	0.0396937
2.51783	0.0385484
2.58925	0.0421812
2.66501	0.0417918
2.74834	0.0438134
2.8445	0.0429961
2.93709	0.0441135
3.028	0.0488342
3.11891	0.0493079
3.21325	0.051013
3.31963	0.0496617
3.43868	0.0556502
3.55496	0.057916
3.67401	0.0582883
3.79305	0.0640371
3.9121	0.0675298
4.09729	0.0720851
4.34729	0.0773514
4.59729	0.0823056
4.90979	0.153034
