y	b	
0	1
0.3125	0.0052854
0.625	0.0105395
0.9375	0.0158171
1.25	0.0214153
1.54412	0.0277779
1.8219	0.0312278
2.0142	0.0347487
2.13615	0.0329736
2.23231	0.0420731
2.31852	0.0433472
2.40472	0.0448705
2.49093	0.0461608
2.57714	0.0468572
2.66334	0.0440986
2.76334	0.0461282
2.87962	0.0435133
2.99326	0.0468072
3.10689	0.0514291
3.21559	0.0474498
3.32923	0.0564794
3.44034	0.0579675
3.55397	0.0619692
3.67302	0.0619063
3.7893	0.0619576
3.90835	0.0641384
4.10066	0.073447
4.35066	0.0755772
4.60066	0.0774021
4.91316	0.156439
