y	b	
0	0.867188
0.0198413	0.00876714
0.0396825	0.00872165
0.0662783	0.007439
0.092874	0.00606931
0.126888	0.00576444
0.167871	0.00572651
0.225343	0.00625006
0.282814	0.0074493
0.334897	0.00961608
0.393037	0.0112954
0.4468	0.0121008
0.494877	0.0122415
0.541606	0.0143632
0.588776	0.01537
0.635072	0.016041
0.685072	0.0159534
0.738836	0.0145122
0.796975	0.01578
0.861078	0.0190416
0.922053	0.0221592
0.975817	0.024883
1.02532	0.0247429
1.07249	0.0243282
1.11966	0.0261135
1.1682	0.0261141
1.21923	0.0270923
1.27077	0.0290226
1.32077	0.0300287
1.37028	0.0309534
1.42182	0.0304057
1.47391	0.0307356
1.52825	0.0304569
1.5826	0.0312275
1.63695	0.0320926
1.69071	0.0324943
1.7439	0.0337064
1.7939	0.0359088
1.84599	0.0376565
1.89272	0.0383244
1.93404	0.0405861
1.97163	0.0397109
2.00867	0.0421832
2.04413	0.0422236
2.07792	0.040912
2.11081	0.0403027
2.14226	0.0431129
2.1737	0.0412368
2.20515	0.0409057
2.23741	0.0416867
2.27052	0.0422804
2.30408	0.0428153
2.33763	0.042811
2.3731	0.043792
2.41069	0.0431406
2.44886	0.0406535
2.48951	0.0402878
2.53299	0.0413927
2.58201	0.0405703
2.63577	0.0398078
2.69324	0.0393323
2.76268	0.0401737
2.84602	0.0416281
2.94036	0.0433863
3.03295	0.0454498
3.13099	0.0475718
3.24463	0.0497899
3.3609	0.0522408
3.47995	0.0549058
3.599	0.0575394
3.72095	0.0606838
3.83459	0.0643688
3.97348	0.0683002
4.15866	0.072872
4.40866	0.0782333
4.72116	0.0845532
