y	b	
0	0.777344
0.0199203	0.00432711
0.0398406	0.00595277
0.067163	0.00631316
0.0944854	0.00821854
0.134485	0.00998733
0.176152	0.0104491
0.233623	0.0117661
0.289803	0.0122131
0.345359	0.0129847
0.412926	0.0137364
0.483349	0.0134595
0.556878	0.0131319
0.643085	0.0123225
0.765036	0.0132309
0.926327	0.0158289
1.1049	0.0187997
1.26115	0.0218842
1.40004	0.0250779
1.5471	0.0264968
1.64914	0.0308143
1.7158	0.0350786
1.77909	0.0359637
1.83792	0.0370004
1.89539	0.0363208
1.95221	0.0362309
2.01035	0.035005
2.07059	0.0353427
2.13816	0.0362015
2.21168	0.037836
2.29365	0.0397458
2.37986	0.038535
2.46914	0.0417207
2.55535	0.0428993
2.64464	0.043885
2.73898	0.0422799
2.84314	0.0466682
2.94118	0.048217
3.0289	0.0509934
3.11662	0.0520322
3.20591	0.051175
3.31229	0.0538073
3.43424	0.0559346
3.54788	0.0595783
3.66416	0.0576823
3.7832	0.0587645
3.89684	0.0654314
4.0439	0.0668338
4.23621	0.0684974
4.48621	0.0803399
4.79871	0.0807902
