y	b	
0	0.914062
0.0196078	0.0137015
0.0392157	0.0115895
0.0642157	0.00974419
0.0892157	0.0104394
0.120466	0.0133406
0.153145	0.0150682
0.185825	0.0169303
0.225195	0.0186972
0.265846	0.0199806
0.305846	0.0205582
0.347862	0.0205974
0.390966	0.0208596
0.435214	0.0209071
0.473973	0.0220307
0.512733	0.0234828
0.550612	0.0245218
0.587925	0.0253975
0.625519	0.0249928
0.664582	0.0256912
0.704264	0.0253508
0.744264	0.0253735
0.784587	0.0246739
0.827322	0.0247851
0.871182	0.0245361
0.919725	0.0227722
0.96923	0.0220579
1.02479	0.0218461
1.08889	0.0227369
1.14986	0.0222903
1.20141	0.0240788
1.25404	0.0252745
1.30506	0.0260277
1.35557	0.0270372
1.40659	0.027654
1.45609	0.0293213
1.50986	0.0300963
1.56305	0.0306587
1.61624	0.0308282
1.67242	0.0315026
1.72736	0.0315857
1.77945	0.0319488
1.82847	0.031257
1.87847	0.0284522
1.9311	0.0306828
1.98429	0.0297375
2.03748	0.0309695
2.09495	0.0309846
2.15309	0.0311714
2.20117	0.0358978
2.24747	0.0387677
2.29171	0.0400893
2.33445	0.0402941
2.37682	0.0400991
2.41814	0.0418072
2.45847	0.0408645
2.49847	0.0396253
2.53912	0.0401926
2.58149	0.0404888
2.62574	0.040875
2.66884	0.0427197
2.71557	0.0433676
2.76319	0.0439059
2.81369	0.0440521
2.8642	0.0450115
2.91575	0.045693
2.96894	0.046681
3.02575	0.0471134
3.07952	0.0466124
3.1357	0.0471396
3.19743	0.0474374
3.25915	0.0482276
3.3286	0.0493945
3.40672	0.0504555
3.49293	0.0521287
3.58727	0.0533134
3.68727	0.056488
3.80091	0.0603474
3.91719	0.0647861
4.10949	0.0708481
4.34759	0.0767035
4.59759	0.0821229
4.87537	0.11086
