y	b	
0	0.871094
0.0199203	0.0141649
0.0398406	0.0168021
0.0642309	0.0186515
0.0886211	0.0211208
0.115503	0.0220063
0.142385	0.0226082
0.170162	0.0227183
0.202009	0.0230478
0.237221	0.0240528
0.275682	0.0240445
0.315052	0.0242776
0.355703	0.0248636
0.397369	0.0256303
0.440473	0.0239419
0.483576	0.0266056
0.529031	0.0268003
0.573674	0.0257988
0.617152	0.0264122
0.656214	0.026793
0.695897	0.0267947
0.73496	0.026143
0.773719	0.0252694
0.813089	0.0244042
0.856949	0.0228626
0.898271	0.0224365
0.940288	0.0215279
0.989308	0.0201955
1.0425	0.0183245
1.09352	0.0191621
1.14114	0.0199277
1.19114	0.0215266
1.24216	0.021924
1.29216	0.0224066
1.34266	0.0234155
1.39822	0.0226828
1.4544	0.0221332
1.51322	0.0227044
1.57346	0.0227546
1.63925	0.0265859
1.70504	0.0297013
1.76122	0.0309402
1.81024	0.0299335
1.85879	0.0327094
1.90829	0.0340741
1.95731	0.035238
2.00236	0.0352959
2.0474	0.0368433
2.0937	0.0369511
2.13915	0.0376303
2.18545	0.037552
2.23447	0.0360102
2.28209	0.0377285
2.33363	0.0367019
2.38465	0.0382855
2.44083	0.0361397
2.49897	0.0340014
2.55921	0.0394247
2.61185	0.0404908
2.66235	0.0415701
2.71043	0.0431144
2.7563	0.0435004
2.80016	0.0446508
2.84441	0.0449404
2.88607	0.0436559
2.92739	0.0446621
2.96872	0.0454207
3.01145	0.0459343
3.0565	0.046367
3.10367	0.0464852
3.14954	0.0454135
3.20004	0.0468484
3.25752	0.0471778
3.31776	0.0491063
3.378	0.0502196
3.44129	0.0504967
3.51171	0.0517389
3.58417	0.0523099
3.6611	0.054838
3.74174	0.0560408
3.83265	0.0595099
3.94376	0.0643914
4.12895	0.0710278
4.36704	0.0771213
4.60514	0.0823917
4.79032	0.0857403
4.92921	0.109722
