y	b	
0	0.929688
0.0196078	0.0123564
0.0392157	0.0102225
0.0674643	0.00722398
0.0957129	0.00641794
0.133592	0.00599174
0.177451	0.00641723
0.233631	0.00693891
0.292455	0.00777796
0.35739	0.00875307
0.419118	0.0101226
0.47231	0.0140073
0.517355	0.0176014
0.559371	0.019908
0.598741	0.0206286
0.635779	0.0227274
0.673092	0.02267
0.710971	0.0213713
0.747467	0.0211875
0.785061	0.0193789
0.824124	0.0212275
0.864446	0.0219059
0.906463	0.0209298
0.950323	0.0230437
0.995368	0.0250928
1.03885	0.0260413
1.08232	0.0270134
1.12506	0.0270732
1.16931	0.0271351
1.21317	0.0260411
1.2599	0.0270878
1.30892	0.0255387
1.35793	0.0263835
1.40555	0.0263812
1.45606	0.0272069
1.50982	0.0288213
1.56477	0.0293211
1.62224	0.0308094
1.68106	0.0310809
1.74204	0.0310194
1.80301	0.0335822
1.86712	0.0327839
1.93205	0.034658
1.99534	0.0337216
2.05417	0.0359196
2.11299	0.035931
2.17472	0.0361751
2.23496	0.0375603
2.29989	0.0370247
2.36746	0.0384809
2.43413	0.0373488
2.49992	0.03905
2.56658	0.0409969
2.63905	0.0417114
2.71841	0.0428321
2.80932	0.0437796
2.90736	0.0457697
2.99995	0.0471605
3.09255	0.0485247
3.19459	0.0497646
3.30328	0.0518405
3.41692	0.0539329
3.5332	0.0566431
3.65225	0.059521
3.77129	0.0625204
3.88493	0.0664058
4.03199	0.0702875
4.2243	0.0747308
4.4743	0.0798321
4.7868	0.0858965
