y	b	
0	0.9375
0.3125	0.00527728
0.625	0.0108675
0.9375	0.0163517
1.23162	0.0214706
1.5094	0.0272568
1.72679	0.0316849
1.84583	0.0343709
1.93674	0.0335541
2.02295	0.0360164
2.10628	0.0392209
2.18693	0.0411808
2.27167	0.0417309
2.36601	0.0422452
2.4724	0.0437937
2.57444	0.0454907
2.67648	0.0464355
2.78286	0.048479
2.89156	0.0429149
3.01061	0.0458162
3.13256	0.0499501
3.24125	0.0501938
3.35236	0.0565416
3.46106	0.0544412
3.5747	0.0559196
3.68581	0.0599707
3.80209	0.0664435
3.92113	0.0691881
4.0997	0.0733466
4.3497	0.0780108
4.5997	0.0825912
4.9122	0.155491
