y	b	
0	0.789062
0.0206612	0.00264762
0.0413223	0.00235117
0.0742171	0.00216015
0.107112	0.00237372
0.160875	0.0026596
0.253468	0.00274511
0.34606	0.00550551
0.507351	0.00914772
0.668641	0.0114238
0.853826	0.0153914
1.0324	0.0215145
1.1186	0.0243216
1.20057	0.0240734
1.28122	0.0240315
1.36186	0.0259615
1.44251	0.0269052
1.52725	0.0267523
1.62529	0.0272202
1.75029	0.0311754
1.91696	0.030835
2.04854	0.0371357
2.14854	0.0353451
2.24113	0.0344723
2.33204	0.0401284
2.42133	0.0412583
2.51392	0.0440241
2.60651	0.0449911
2.70855	0.0428362
2.81966	0.0479131
2.93077	0.0500058
3.04188	0.0497514
3.15552	0.0541152
3.25969	0.0557405
3.36385	0.0563777
3.47255	0.0537512
3.58125	0.0591107
3.69752	0.0638114
3.8138	0.0550655
3.93285	0.0696513
4.12516	0.0668059
4.37516	0.073451
4.68766	0.0736264
