y	b	
0	0.851562
0.0199203	0.0118863
0.0398406	0.0109537
0.0673132	0.00954402
0.0947857	0.010029
0.131282	0.0112547
0.16945	0.0117784
0.21662	0.0124958
0.261665	0.014053
0.305524	0.0148031
0.348628	0.0151858
0.397648	0.0155066
0.447648	0.0149965
0.499194	0.0136117
0.552385	0.0104753
0.614114	0.00959984
0.682607	0.0104853
0.778761	0.0125799
0.889872	0.0152249
0.989872	0.0201109
1.068	0.0220351
1.14153	0.0236924
1.21295	0.0249122
1.28438	0.0247604
1.35685	0.0266641
1.43147	0.0273371
1.50394	0.0288374
1.57747	0.0292328
1.65811	0.0272551
1.74008	0.0312197
1.81944	0.0327125
1.89191	0.0351993
1.96437	0.0319149
2.02766	0.0339097
2.08649	0.0347572
2.14204	0.0376089
2.19951	0.0377568
2.25765	0.0375647
2.31789	0.0376952
2.37672	0.041901
2.43624	0.0423679
2.49371	0.0427676
2.55621	0.0423508
2.63434	0.0413256
2.71246	0.0425845
2.79443	0.0423888
2.87918	0.0440124
2.97352	0.0484411
3.07155	0.0498192
3.17572	0.0513039
3.2821	0.0482272
3.39322	0.0551715
3.51226	0.0574233
3.63131	0.0600795
3.75036	0.0632646
3.86399	0.0666735
4.00288	0.0701989
4.19519	0.0744739
4.44519	0.0794188
4.75769	0.0853831
