y	b	
0	0.859375
0.0203252	0.00296295
0.0406504	0.00283917
0.0735451	0.00254258
0.10644	0.0026556
0.161995	0.0027159
0.256335	0.00322024
0.350675	0.00596614
0.511965	0.00927082
0.66348	0.0122132
0.842052	0.0187976
0.950747	0.0222292
1.03847	0.0231749
1.12321	0.0244622
1.20655	0.0262172
1.28988	0.0262024
1.38422	0.0262549
1.4906	0.0264709
1.62574	0.0289961
1.7299	0.0280775
1.82606	0.0325441
1.9204	0.0346903
2.00812	0.0370563
2.07954	0.0379597
2.14533	0.0396856
2.21027	0.0420949
2.27694	0.0430727
2.3436	0.0432792
2.4121	0.0441125
2.48252	0.0440003
2.55944	0.0427869
2.64716	0.0454947
2.7452	0.0436322
2.8539	0.0453366
2.9789	0.0477037
3.08759	0.0510284
3.19176	0.0543147
3.29592	0.0541485
3.40704	0.0576573
3.52608	0.0599184
3.64513	0.0622514
3.76708	0.06514
3.88072	0.0681711
4.02778	0.0702785
4.22008	0.0753973
4.47008	0.0801057
4.78258	0.0859099
