y	b	
0	0.933594
0.0198413	0.0106725
0.0396825	0.0100544
0.0662783	0.00870952
0.092874	0.00929227
0.126888	0.0094422
0.169261	0.0120768
0.21312	0.0125163
0.251288	0.013515
0.287002	0.0148699
0.321725	0.0175996
0.355282	0.02024
0.386338	0.0221531
0.417393	0.0237826
0.447696	0.0273149
0.476598	0.0267945
0.505007	0.0268908
0.533416	0.0273725
0.562828	0.0266772
0.5914	0.0286166
0.619489	0.0285939
0.647579	0.0279221
0.673757	0.0302246
0.700353	0.029892
0.726949	0.0307915
0.752722	0.0304743
0.778629	0.0325233
0.804536	0.0312846
0.831563	0.031472
0.858885	0.0313054
0.886207	0.029223
0.914943	0.0282932
0.943514	0.026398
0.976194	0.0220137
1.00887	0.0193411
1.04459	0.0168891
1.08732	0.0163656
1.13118	0.0171088
1.17926	0.0203821
1.22688	0.0226037
1.26961	0.0240781
1.31912	0.0241469
1.36912	0.0243334
1.41912	0.0256301
1.47014	0.0264204
1.52169	0.0267107
1.57271	0.0279623
1.62765	0.0288748
1.67816	0.0268525
1.72918	0.0282892
1.78665	0.0301521
1.841	0.0278955
1.90052	0.0304465
1.96225	0.0315466
2.02322	0.0276713
2.08572	0.0332102
2.1467	0.0327449
2.21337	0.0334255
2.28186	0.0337691
2.34765	0.0372764
2.41344	0.0384661
2.48101	0.0398762
2.54857	0.0404492
2.61107	0.0412889
2.67686	0.0411396
2.74729	0.0411168
2.81771	0.0411665
2.89835	0.0410864
2.98607	0.0426622
3.07866	0.0458133
3.18505	0.0476958
3.28921	0.0491057
3.3956	0.0511961
3.50198	0.0517777
3.61068	0.0557388
3.73263	0.0586073
3.84626	0.0620771
3.97447	0.0676087
4.15965	0.0725752
4.40965	0.0755661
4.70377	0.0789148
