y	b	
0	0.933594
0.0199203	0.0172236
0.0398406	0.015589
0.0622622	0.0150455
0.0846837	0.0162681
0.115359	0.0174506
0.146033	0.0185007
0.181748	0.018825
0.222731	0.0210018
0.260899	0.0225457
0.301222	0.0224734
0.342888	0.0229293
0.385261	0.022792
0.427996	0.0237053
0.467996	0.0252489
0.505033	0.0241942
0.541265	0.0245504
0.575279	0.0258392
0.608836	0.0265567
0.64262	0.0270906
0.674671	0.0279346
0.704792	0.0295805
0.732569	0.0298675
0.760347	0.029747
0.787971	0.0320769
0.814709	0.031606
0.841447	0.0319505
0.868474	0.0315956
0.895797	0.0320765
0.923119	0.0307245
0.950442	0.0309641
0.977764	0.0313307
1.0045	0.030134
1.03124	0.0302448
1.05965	0.0293937
1.09233	0.0285939
1.12501	0.027548
1.16098	0.0266258
1.19774	0.0256772
1.23591	0.0266044
1.27758	0.0266468
1.31925	0.0264625
1.35957	0.0271524
1.39989	0.0271964
1.43989	0.0280761
1.48121	0.0274487
1.5222	0.0271157
1.5622	0.0285206
1.60126	0.0286391
1.63914	0.0299273
1.67386	0.0302909
1.70907	0.0313129
1.74504	0.0334152
1.77976	0.0342786
1.81063	0.0350149
1.84227	0.0343973
1.87474	0.0340338
1.90721	0.0356284
1.93989	0.0325818
1.97236	0.0336315
2.00591	0.0336679
2.04016	0.0333108
2.07417	0.0323769
2.1089	0.0324188
2.14362	0.0338375
2.17787	0.0318873
2.21384	0.0352983
2.24955	0.0358952
2.28659	0.0353768
2.32362	0.0347324
2.36209	0.0339807
2.40055	0.0345845
2.43786	0.0353218
2.47786	0.0356993
2.51723	0.0350207
2.5589	0.0335697
2.60792	0.033306
2.66539	0.0344337
2.73206	0.0357983
2.80348	0.0374713
2.87293	0.038991
2.94142	0.0407607
3.01834	0.0424728
3.09647	0.0439804
3.17712	0.0452993
3.27145	0.0466326
3.36405	0.0480223
3.46209	0.0494007
3.57078	0.0513812
3.68442	0.0541905
3.79553	0.0580505
3.91181	0.0626504
4.09038	0.0688829
4.32848	0.0756726
4.57848	0.0816431
4.73473	0.0842777
4.84836	0.086825
4.97657	0.135829
