y	b	
0	0.914062
0.0195312	0.0111381
0.0390625	0.00978104
0.060849	0.00984082
0.0854795	0.0103785
0.119037	0.0108629
0.162515	0.0118676
0.21202	0.0135612
0.259639	0.0151685
0.301656	0.0178519
0.338152	0.0187312
0.373117	0.0209213
0.404964	0.0224814
0.435085	0.0255678
0.464154	0.0268889
0.493224	0.0282917
0.521796	0.029552
0.551736	0.0298536
0.580307	0.0316775
0.608879	0.0350167
0.63829	0.0315476
0.664197	0.0305403
0.692287	0.0276548
0.720377	0.0256119
0.75068	0.0261637
0.779582	0.0272036
0.808483	0.0273958
0.837219	0.028093
0.86579	0.0301157
0.8942	0.0301622
0.922609	0.0306678
0.949783	0.0311325
0.97756	0.0299722
1.00581	0.0298027
1.03406	0.0283057
1.06215	0.0268725
1.09139	0.0255714
1.12063	0.0250988
1.15188	0.0251272
1.18293	0.0243079
1.21605	0.024902
1.25176	0.0257594
1.29241	0.0251378
1.33373	0.0246505
1.3796	0.0241841
1.42346	0.0260593
1.47201	0.0261309
1.52103	0.0263649
1.56865	0.0270675
1.62019	0.0265295
1.67833	0.0277446
1.74162	0.0265544
1.80045	0.0268026
1.86374	0.0274795
1.92547	0.0300462
1.98719	0.0298288
2.04892	0.0298389
2.1099	0.0305551
2.17163	0.0307348
2.23336	0.0329942
2.29433	0.0344245
2.35606	0.0366188
2.41856	0.0354433
2.48106	0.0385771
2.54599	0.0396729
2.61742	0.0411248
2.68409	0.0411216
2.75258	0.0416957
2.82108	0.0420966
2.90172	0.0425086
2.99606	0.0434751
3.10023	0.0452923
3.20227	0.0472498
3.30431	0.0492328
3.413	0.0514642
3.5217	0.0537461
3.63534	0.0561958
3.75438	0.0597368
3.86802	0.0638655
4.01508	0.0683808
4.20739	0.0735105
4.45739	0.0791024
4.73516	0.084742
4.99832	0.226006
