y	b	
0	0.898438
0.019685	0.0120296
0.0393701	0.010539
0.0646226	0.0100284
0.0898751	0.0105482
0.12277	0.0114067
0.165505	0.0118857
0.215505	0.0122524
0.263582	0.0137177
0.306685	0.0159834
0.346685	0.0173999
0.382917	0.020744
0.413781	0.0229461
0.442683	0.0258348
0.471585	0.028337
0.499675	0.0286405
0.527765	0.029378
0.556834	0.0313413
0.584767	0.0327571
0.6127	0.0328438
0.640173	0.0340686
0.666769	0.0318558
0.693084	0.0291953
0.7194	0.0298506
0.745996	0.0285173
0.771122	0.0291978
0.796247	0.0282703
0.823421	0.0286629
0.851511	0.0285888
0.879601	0.0277188
0.910465	0.0280702
0.940051	0.0284401
0.969637	0.0283153
0.999222	0.0267611
1.0299	0.0265191
1.06076	0.0245325
1.09261	0.0240238
1.12446	0.0256333
1.15714	0.0258993
1.18982	0.025529
1.22315	0.0255102
1.25964	0.0256153
1.30097	0.0249747
1.34229	0.024536
1.38859	0.0246162
1.43488	0.0255829
1.48643	0.025991
1.53643	0.0276383
1.58851	0.0282596
1.64228	0.0283968
1.69228	0.0278984
1.7433	0.0275545
1.80282	0.0282994
1.87425	0.0288017
1.94004	0.0295177
2.0125	0.0310556
2.07829	0.031491
2.13781	0.0336363
2.19734	0.0347252
2.25758	0.0339595
2.31782	0.0371283
2.37734	0.0360193
2.43617	0.0386101
2.49714	0.03713
2.55964	0.0398103
2.62543	0.0412102
2.68954	0.041588
2.75803	0.0424708
2.83156	0.0417222
2.91776	0.0424528
3.00705	0.0433725
3.1032	0.0455203
3.2032	0.0473347
3.3119	0.0489364
3.41828	0.0516944
3.52939	0.0540674
3.65135	0.0567617
3.76498	0.0602953
3.87862	0.0643497
4.02568	0.0687792
4.21798	0.0738288
4.46798	0.0793627
4.74576	0.0850002
