y	b	
0	0.871094
0.0195312	0.00628935
0.0390625	0.00772563
0.0619458	0.00963653
0.0895701	0.0111228
0.135866	0.013232
0.183943	0.0151759
0.247234	0.0170352
0.307475	0.0180542
0.365615	0.0189319
0.419378	0.020004
0.469883	0.0210227
0.519883	0.0213089
0.570904	0.022205
0.624667	0.0238377
0.678431	0.0243533
0.72745	0.0239131
0.772905	0.0249603
0.816383	0.0265651
0.859861	0.0273112
0.902965	0.0281454
0.946443	0.0284603
0.990303	0.0280927
1.03378	0.0288457
1.07688	0.028578
1.11999	0.0294166
1.16309	0.0295533
1.20814	0.0283956
1.25401	0.0287931
1.30208	0.0282854
1.35016	0.0280327
1.39646	0.0283037
1.44319	0.0289744
1.49173	0.0293178
1.5389	0.0317422
1.5889	0.0336388
1.63698	0.0337836
1.68046	0.0341136
1.72393	0.0335103
1.76667	0.0332764
1.80834	0.0336874
1.8471	0.03295
1.88497	0.0332436
1.92229	0.0338657
1.95878	0.0352477
1.9961	0.0356116
2.03313	0.0368773
2.0699	0.0364138
2.10666	0.0362059
2.1437	0.0360621
2.18216	0.0357903
2.22185	0.0353567
2.26649	0.0357767
2.31322	0.0359368
2.35867	0.0348958
2.4054	0.0380339
2.45085	0.0392359
2.4951	0.040553
2.54056	0.0414445
2.58729	0.0418586
2.63491	0.0429859
2.68392	0.0426077
2.73495	0.0423258
2.7788	0.0414986
2.82782	0.0405809
2.88596	0.0401143
2.94769	0.0400107
3.01526	0.0407055
3.09339	0.0423272
3.17959	0.0446722
3.2658	0.0460657
3.34392	0.0476081
3.42726	0.0489289
3.51985	0.0513718
3.62855	0.0521009
3.74218	0.0576042
3.85582	0.0614711
3.99095	0.064602
4.18326	0.0677264
4.41053	0.0779413
4.58911	0.0818963
4.76768	0.0849532
4.89926	0.0897225
