y	b	
0	0.941406
0.0197628	0.0167879
0.0395257	0.0157338
0.0620482	0.0156535
0.0845707	0.0159529
0.115821	0.0151724
0.147071	0.0164711
0.179965	0.0173496
0.215426	0.0189169
0.24921	0.0201405
0.282994	0.0215301
0.316107	0.0221702
0.351072	0.0237162
0.386037	0.0237749
0.421002	0.0247835
0.453469	0.0252642
0.486582	0.0263615
0.516885	0.0268904
0.54756	0.0273367
0.580454	0.0275032
0.613349	0.0261322
0.648314	0.0269626
0.682328	0.028338
0.717789	0.0269834
0.754554	0.0279369
0.790785	0.0287158
0.825997	0.0283666
0.860243	0.0275764
0.894027	0.0273765
0.927811	0.0285656
0.959257	0.0283074
0.990704	0.0286287
1.02235	0.0292401
1.05302	0.0295128
1.0837	0.0290067
1.11437	0.0295857
1.14449	0.0283113
1.17594	0.0281088
1.20884	0.0280098
1.24173	0.0284004
1.27441	0.0299162
1.30774	0.0290278
1.34064	0.0310839
1.37311	0.0310816
1.40536	0.0312654
1.43762	0.0320595
1.46927	0.0306593
1.50052	0.0314338
1.53064	0.0315303
1.56094	0.0327616
1.59124	0.0319104
1.62211	0.031487
1.65336	0.031961
1.68583	0.0329212
1.71872	0.031786
1.75162	0.0307069
1.78517	0.0313682
1.81942	0.0310102
1.85539	0.0311698
1.89243	0.0295583
1.93243	0.0295332
1.97553	0.0272684
2.01978	0.0283458
2.0674	0.0270389
2.1169	0.0272149
2.17573	0.0270428
2.23254	0.0290384
2.29279	0.0296234
2.35026	0.032458
2.40402	0.0334473
2.46426	0.0348277
2.52599	0.0365782
2.59266	0.037674
2.66408	0.0385842
2.73551	0.0393565
2.81488	0.0409907
2.89821	0.0423803
2.98154	0.0434132
3.06488	0.0444852
3.1526	0.0453142
3.24875	0.0461999
3.34875	0.0477949
3.45513	0.0499926
3.56625	0.0523257
3.68529	0.0555543
3.80157	0.0596474
3.91785	0.0639014
4.11016	0.0700839
4.34825	0.0763264
4.59825	0.0820632
4.75954	0.0847012
4.87318	0.0893745
