y	b	
0	0.800781
0.0199203	0.00670756
0.0398406	0.0082117
0.0662957	0.00861174
0.0927507	0.0110594
0.129247	0.0114203
0.168007	0.0116483
0.220638	0.0130547
0.272722	0.013132
0.325353	0.0140163
0.390288	0.013188
0.456955	0.0125433
0.53508	0.0116792
0.622799	0.0109785
0.73391	0.0123897
0.89016	0.0151278
1.07535	0.0182773
1.24201	0.0216026
1.38907	0.025066
1.52796	0.027372
1.62055	0.0318935
1.69518	0.0325713
1.75928	0.0329692
1.81675	0.0324655
1.8717	0.0374513
1.92605	0.0336685
1.9816	0.0338391
2.04113	0.0368471
2.10065	0.0358377
2.16162	0.0354513
2.23515	0.0355127
2.31091	0.0362854
2.39028	0.0390222
2.47361	0.0416859
2.55558	0.0436042
2.65974	0.0446906
2.7559	0.0448069
2.84849	0.0471018
2.93621	0.0487674
3.0255	0.0501418
3.11478	0.0515986
3.21282	0.0523255
3.32393	0.0516417
3.43263	0.0569344
3.54626	0.0567644
3.66531	0.0593234
3.78436	0.0599814
3.898	0.06284
4.04505	0.0671174
4.23736	0.0755438
4.48736	0.075318
4.79986	0.0861994
