y	b	
0	0.894531
0.0200803	0.0110314
0.0401606	0.0107549
0.0692304	0.0089483
0.0983002	0.0075013
0.136762	0.00620257
0.181405	0.00666382
0.240928	0.00713789
0.297108	0.00867826
0.352664	0.0107192
0.407012	0.0122289
0.460203	0.0141793
0.512286	0.0152199
0.566634	0.0154035
0.623452	0.0150738
0.679632	0.0158088
0.738456	0.0146943
0.800184	0.0129854
0.872648	0.0154041
0.955981	0.0163032
1.04857	0.0201581
1.13786	0.0229369
1.21362	0.0250227
1.28824	0.0256439
1.35491	0.0256627
1.41741	0.0290774
1.47555	0.030389
1.53237	0.0341996
1.57824	0.037155
1.62134	0.0364053
1.6601	0.0391832
1.6977	0.0391053
1.73586	0.0392301
1.77374	0.0402965
1.81162	0.0414771
1.85008	0.0395841
1.88505	0.037402
1.91977	0.0404203
1.95523	0.0403488
1.99311	0.0405245
2.03128	0.0410997
2.07096	0.0385631
2.11033	0.0386001
2.15065	0.035527
2.19267	0.0361217
2.23854	0.0383279
2.28616	0.0379932
2.33771	0.0378528
2.3909	0.0372664
2.45583	0.0370587
2.5225	0.0390448
2.60063	0.0404059
2.67105	0.0419576
2.74917	0.043285
2.8273	0.0444908
2.91502	0.0447089
3.00761	0.046428
3.12125	0.0486996
3.23488	0.0509963
3.35116	0.0533921
3.47021	0.0557302
3.58649	0.0582391
3.70844	0.0611836
3.82472	0.0647958
3.94377	0.0681283
4.12895	0.0725916
4.37895	0.0778383
4.69145	0.0840446
