y	b	
0	0
0.04	0.00289745
0.08	0.00577968
0.141856	0.0102485
0.245304	0.0177607
0.432804	0.0316528
0.672804	0.0496405
0.912804	0.0682117
1.14357	0.0871907
1.29357	0.100354
1.42691	0.112032
1.5286	0.119893
1.61556	0.124068
1.68374	0.130888
1.75603	0.141266
1.82196	0.146678
1.89339	0.1615
1.9528	0.166211
2.01162	0.171162
2.06472	0.176337
2.11431	0.181922
2.15842	0.186699
2.20009	0.190354
2.24176	0.195608
2.28342	0.199181
2.32342	0.208071
2.36069	0.20666
2.39866	0.207776
2.4357	0.212779
2.47274	0.21846
2.50932	0.217311
2.54906	0.220346
2.5896	0.220369
2.62882	0.218636
2.66829	0.224381
2.70776	0.228778
2.74647	0.234255
2.78595	0.235055
2.82621	0.234494
2.86595	0.245261
2.90733	0.247593
2.94815	0.246697
2.98896	0.245623
3.03122	0.237437
3.07288	0.247096
3.11484	0.246904
3.15143	0.242826
3.18672	0.234509
3.22201	0.238578
3.2569	0.233683
3.28933	0.231555
3.32091	0.228096
3.35249	0.224173
3.38492	0.230443
3.41863	0.222941
3.45234	0.229918
3.49031	0.231768
3.53058	0.238027
3.57058	0.239603
3.61313	0.242287
3.65661	0.241078
3.69557	0.247121
3.73453	0.238146
3.77299	0.248237
3.81353	0.246395
3.85491	0.247223
3.90037	0.248162
3.94688	0.248583
3.99412	0.245312
4.04137	0.246612
4.09309	0.251837
4.14619	0.252391
4.20024	0.253783
4.25632	0.251195
4.30942	0.253541
4.36767	0.261395
4.42952	0.265709
4.49694	0.267637
4.56512	0.273103
4.63179	0.286459
4.70156	0.293174
4.80325	0.31145
4.9209	0.319997
5.0409	0.338497
5.15854	0.359381
5.2862	0.353445
5.40159	0.388076
5.52659	0.387123
5.72014	0.412637
5.91369	0.475625
