y	b	
0	0.902344
0.0195312	0.0150622
0.0390625	0.0170145
0.0609923	0.019162
0.0859923	0.022298
0.114564	0.0205181
0.143135	0.0241131
0.172205	0.0235945
0.204463	0.0236806
0.239185	0.0239147
0.276222	0.0253818
0.312987	0.0268876
0.351449	0.0262052
0.38991	0.0267898
0.428078	0.0273398
0.464843	0.0271374
0.499089	0.0269658
0.535321	0.0275157
0.573489	0.0269506
0.613172	0.0266149
0.649404	0.0274017
0.685635	0.0271438
0.723514	0.027508
0.760279	0.0263994
0.79874	0.0256943
0.838111	0.0251046
0.876572	0.0242251
0.916255	0.022544
0.956905	0.0225927
1.00038	0.0226427
1.04543	0.0201979
1.09216	0.0197552
1.1437	0.0197212
1.19634	0.0197423
1.24897	0.0203159
1.30273	0.0222131
1.35768	0.0226454
1.41262	0.0235685
1.47009	0.0231448
1.53107	0.0225722
1.59357	0.0241492
1.66399	0.0270119
1.72728	0.0287497
1.78475	0.0315524
1.83794	0.0329987
1.88794	0.0302167
1.93696	0.0330901
1.98504	0.0343637
2.03177	0.0306155
2.07722	0.0354334
2.12484	0.0336477
2.17435	0.0357668
2.22589	0.03638
2.27966	0.0318582
2.33648	0.0336138
2.39898	0.0349784
2.45453	0.0368608
2.50888	0.0368126
2.56702	0.0377159
2.62021	0.0395046
2.66875	0.0409653
2.71683	0.0419064
2.76356	0.0427876
2.8082	0.0444789
2.85206	0.0450063
2.89444	0.0438814
2.93754	0.0444533
2.97991	0.0442807
3.02377	0.0447715
3.06923	0.044803
3.11777	0.04615
3.16585	0.0459063
3.21635	0.0468829
3.2679	0.0490427
3.31377	0.0484899
3.36094	0.0482108
3.41976	0.0487472
3.48387	0.0501488
3.55331	0.0518387
3.62577	0.0533803
3.7039	0.0550498
3.78326	0.0578096
3.87255	0.0606169
4.00075	0.0657745
4.17317	0.072216
4.37317	0.0773046
4.59056	0.0821491
4.75185	0.0848609
4.86549	0.0874941
4.99049	0.149539
