y	b	
0	0.910156
0.019685	0.0116972
0.0393701	0.00902703
0.0669944	0.00699687
0.0946187	0.0068497
0.132213	0.00705502
0.175316	0.00730116
0.22908	0.00795937
0.285898	0.00905089
0.339661	0.0109341
0.390682	0.0134975
0.436553	0.0154983
0.481598	0.0183686
0.523265	0.0191252
0.560859	0.0201453
0.597624	0.0209425
0.633338	0.0221502
0.668549	0.0222812
0.704263	0.0222425
0.740495	0.021501
0.776727	0.0222779
0.814321	0.0241384
0.853081	0.0233887
0.892451	0.0252715
0.933101	0.025519
0.974085	0.0265054
1.01541	0.0270152
1.05707	0.0259012
1.09909	0.0253585
1.14183	0.0255266
1.18728	0.0253749
1.23582	0.0253896
1.2839	0.0255064
1.33441	0.0259386
1.38875	0.0271292
1.4437	0.0280465
1.50184	0.0291009
1.56066	0.0290084
1.61949	0.0292841
1.68046	0.0302746
1.74625	0.0285268
1.81569	0.0296717
1.88236	0.0340271
1.94565	0.0351791
2.00663	0.0336914
2.06345	0.0343798
2.12159	0.0340327
2.17906	0.0349751
2.23788	0.0381165
2.29812	0.0380148
2.36662	0.0380583
2.43804	0.0390125
2.50749	0.0396345
2.59082	0.0399377
2.67279	0.0397926
2.75753	0.041948
2.85369	0.0442751
2.94803	0.0459084
3.03894	0.0476827
3.13328	0.0491024
3.22943	0.0505172
3.33813	0.052411
3.45176	0.0547824
3.56804	0.0572611
3.68709	0.0600551
3.80614	0.0637311
3.92518	0.0673485
4.11037	0.0720597
4.36037	0.0774428
4.61037	0.0824912
4.92287	0.166105
