y	b	
0	0.894531
0.0204082	0.0031728
0.0408163	0.00290653
0.0746001	0.00261042
0.108384	0.0026846
0.167908	0.00274324
0.272074	0.00361454
0.376241	0.00664684
0.542908	0.010021
0.685765	0.0144567
0.8209	0.0189015
0.913493	0.0189369
0.999699	0.0226811
1.08591	0.0224364
1.17211	0.0251519
1.26302	0.024116
1.36506	0.0253195
1.48411	0.0262549
1.62697	0.0281933
1.72901	0.0283453
1.81992	0.0336899
1.90325	0.0339306
1.97468	0.0364739
2.03797	0.0373249
2.10554	0.0387979
2.16727	0.0386525
2.22824	0.0426224
2.29235	0.043059
2.35728	0.0433437
2.42307	0.0436463
2.49553	0.0434031
2.5749	0.0398294
2.67694	0.0453878
2.78111	0.0471574
2.88749	0.0463145
2.99166	0.0493045
3.09166	0.0523858
3.19582	0.0539341
3.30221	0.0557078
3.41848	0.0560611
3.53476	0.0598846
3.65104	0.0613186
3.77299	0.0652083
3.88663	0.0682343
4.03369	0.071544
4.226	0.0754772
4.476	0.0802018
4.7885	0.0860162
