y	b	
0	0.773438
0.02	0.00284792
0.04	0.00281818
0.0720513	0.00341319
0.104103	0.00494179
0.155649	0.00687195
0.203726	0.00895805
0.265454	0.009953
0.324978	0.0127597
0.396407	0.0142153
0.465851	0.0150243
0.535296	0.0160324
0.607759	0.0151213
0.682386	0.0157373
0.782386	0.014805
0.925243	0.0162018
1.08149	0.0185294
1.26006	0.02173
1.40292	0.0231004
1.54998	0.0263628
1.65636	0.0321893
1.72779	0.0348181
1.79358	0.0342608
1.85937	0.0372499
1.92266	0.0372105
1.98676	0.0323367
2.05255	0.0320907
2.12502	0.0323118
2.20566	0.0331558
2.289	0.0394781
2.3752	0.0335593
2.46141	0.0416066
2.54616	0.0444153
2.6309	0.0446772
2.71862	0.0455168
2.81666	0.0473296
2.9147	0.0493343
3.01274	0.0509073
3.10533	0.0519366
3.19792	0.0527602
3.29996	0.0550246
3.40413	0.0565955
3.51524	0.0584729
3.63429	0.0615858
3.75334	0.0616746
3.86697	0.0675375
4.00983	0.0709026
4.20214	0.0749417
4.45214	0.0797152
4.76464	0.0855535
