y	b	
0	0
0.139535	0.0103377
0.321353	0.0236897
0.561353	0.0413147
0.847067	0.061315
1.09707	0.0790642
1.34707	0.0962345
1.48343	0.107966
1.61676	0.118004
1.73441	0.133753
1.83441	0.151406
1.92137	0.16153
1.9873	0.167869
2.05182	0.173442
2.11633	0.172997
2.18016	0.179755
2.24139	0.181669
2.30324	0.180068
2.36707	0.192268
2.43159	0.197911
2.49281	0.200339
2.55222	0.206094
2.60882	0.202955
2.66652	0.206966
2.7157	0.212002
2.76488	0.218099
2.80488	0.217758
2.84334	0.229945
2.88388	0.223939
2.92046	0.220965
2.95555	0.22933
2.99192	0.226787
3.02828	0.226833
3.06442	0.225507
3.09651	0.23519
3.1286	0.234316
3.16068	0.239035
3.19401	0.235736
3.2283	0.232866
3.26259	0.244113
3.29727	0.244801
3.33256	0.244551
3.36685	0.242529
3.40113	0.226506
3.43305	0.244335
3.4643	0.241069
3.49555	0.238759
3.5268	0.245475
3.55741	0.239511
3.58802	0.241246
3.61879	0.237833
3.65004	0.238164
3.68129	0.242099
3.71372	0.24013
3.74782	0.241778
3.78191	0.246631
3.81524	0.242001
3.84953	0.23711
3.88503	0.243345
3.92053	0.247306
3.95668	0.244995
3.99641	0.235724
4.03808	0.244388
4.08608	0.246709
4.13223	0.246829
4.1858	0.243737
4.24963	0.253063
4.32022	0.259467
4.39165	0.265722
4.46308	0.27714
4.541	0.288208
4.62433	0.297089
4.72603	0.313191
4.86889	0.331641
5.01889	0.350183
5.22578	0.370958
5.43268	0.39088
5.60411	0.409855
5.80411	0.431822
5.95411	0.501931
