y	b	
0	0.839844
0.0198413	0.0034164
0.0396825	0.00282265
0.0699856	0.00263762
0.100289	0.00313358
0.144536	0.00379185
0.195557	0.00592356
0.255081	0.0120527
0.311899	0.0161946
0.362404	0.0186476
0.413424	0.021159
0.459721	0.0219688
0.50358	0.0204147
0.546315	0.0232666
0.588332	0.0229402
0.628655	0.0255175
0.67139	0.0252697
0.714493	0.0253218
0.759538	0.0241669
0.806267	0.023271
0.855287	0.0213714
0.905287	0.0200357
0.966262	0.0197047
1.03668	0.0199081
1.11361	0.0199501
1.20976	0.0199183
1.31614	0.0212449
1.42484	0.0233072
1.50681	0.0270245
1.57438	0.0279208
1.6448	0.0252902
1.72056	0.0299003
1.79198	0.0328855
1.86048	0.034867
1.92298	0.0356504
1.9825	0.0378576
2.04202	0.0383212
2.0995	0.0349266
2.15384	0.0384322
2.20593	0.0416037
2.25643	0.0415221
2.30798	0.0381328
2.359	0.0392255
2.41219	0.0397892
2.47171	0.0414138
2.53344	0.0406663
2.60101	0.041652
2.67793	0.0386286
2.77227	0.0436408
2.86661	0.0456562
2.97078	0.0473261
3.07078	0.0443523
3.17282	0.0506344
3.27486	0.0507605
3.37486	0.0501684
3.48597	0.0562234
3.59961	0.0549624
3.72461	0.0616934
3.83824	0.0653095
3.96982	0.0689593
4.16213	0.0735181
4.41213	0.0786324
4.72463	0.0847359
