y	b	
0	0.914062
0.02	0.0166906
0.04	0.0192051
0.0621239	0.0209545
0.0842478	0.0211532
0.109889	0.0229029
0.13553	0.0238868
0.1646	0.0259845
0.196447	0.0259298
0.228705	0.0265559
0.260963	0.0269299
0.292213	0.0263106
0.323463	0.0283235
0.356358	0.0280084
0.389037	0.0276345
0.421717	0.0273098
0.45505	0.0282278
0.488607	0.0287671
0.522621	0.0286525
0.557104	0.0267599
0.593336	0.0243416
0.628547	0.0235219
0.663758	0.0241174
0.69897	0.0237849
0.736848	0.0241882
0.776848	0.0261639
0.816848	0.027213
0.854727	0.0267172
0.891492	0.0270058
0.928529	0.0272066
0.965842	0.0269442
1.00316	0.0272667
1.03939	0.0269451
1.07727	0.0273979
1.11515	0.0269719
1.15483	0.0267586
1.19515	0.0270609
1.23789	0.0266181
1.28253	0.0250162
1.3297	0.0247465
1.37515	0.0240675
1.42617	0.0230576
1.48299	0.0224324
1.54323	0.0219928
1.6099	0.0224076
1.69054	0.0226569
1.77119	0.024573
1.84695	0.0276627
1.91639	0.0298462
1.98681	0.0316513
2.0526	0.0310419
2.1151	0.0335463
2.17192	0.0353866
2.22627	0.0356011
2.27946	0.0377468
2.33322	0.0385248
2.38642	0.0385524
2.43961	0.0382163
2.49337	0.0396618
2.54893	0.0386544
2.60387	0.0416532
2.65706	0.0418445
2.71453	0.0415038
2.77135	0.0415257
2.82454	0.0411431
2.87556	0.0417847
2.92273	0.0447857
2.96903	0.0444106
3.01533	0.0457072
3.06078	0.0463921
3.10708	0.0463086
3.15337	0.0464872
3.20145	0.0465351
3.25096	0.0475018
3.30651	0.0475699
3.36603	0.0483918
3.42628	0.0493224
3.48309	0.0506113
3.53927	0.0519029
3.59545	0.0515742
3.65795	0.0527579
3.7274	0.0548508
3.80552	0.0577729
3.89481	0.0608607
3.9874	0.0641044
4.10104	0.0689331
4.2677	0.074783
4.46001	0.0794738
4.61626	0.0827125
4.78293	0.0855767
4.89404	0.0910042
