y	b	
0	0.929688
0.0198413	0.0121007
0.0396825	0.00942893
0.0676155	0.0075046
0.0955485	0.00684318
0.133142	0.00657665
0.177002	0.00643839
0.23382	0.00717551
0.292644	0.00805662
0.357579	0.0095302
0.413134	0.011268
0.460753	0.01534
0.505799	0.0184419
0.548902	0.0201296
0.587964	0.0201387
0.623936	0.0207753
0.659907	0.0222051
0.696403	0.0231541
0.73344	0.0207465
0.769672	0.0201108
0.807266	0.0198792
0.844303	0.0222361
0.885626	0.0231719
0.928361	0.0260735
0.969683	0.0257408
1.01033	0.0263415
1.05235	0.0267422
1.09367	0.0266461
1.13466	0.0260293
1.17852	0.0262346
1.22439	0.0258467
1.27341	0.026136
1.32549	0.0266147
1.37651	0.0269911
1.42753	0.0283488
1.48188	0.0287566
1.53564	0.0291211
1.59182	0.0300585
1.65135	0.0296386
1.71307	0.0313611
1.7748	0.030744
1.84059	0.0314467
1.90816	0.0327851
1.97309	0.0325985
2.03334	0.0340236
2.09286	0.034202
2.15168	0.0375304
2.20915	0.0379143
2.27013	0.0379715
2.33862	0.038462
2.40712	0.0387543
2.47561	0.0405854
2.54704	0.0399072
2.62166	0.0413518
2.70103	0.0423469
2.79194	0.0438116
2.88453	0.0452321
2.98069	0.0469128
3.07328	0.0479133
3.17132	0.049376
3.27336	0.0508698
3.37974	0.0535646
3.49602	0.0554187
3.6123	0.0584558
3.7373	0.0613615
3.85094	0.0653217
3.98607	0.0690927
4.17838	0.073696
4.42838	0.0788753
4.74088	0.0850106
