y	b	
0	0.785156
0.0215517	0.00219281
0.0431034	0.00235106
0.0749506	0.00205791
0.106798	0.00217818
0.155341	0.00226825
0.203885	0.00242225
0.288631	0.00321149
0.373377	0.00629746
0.529627	0.00867572
0.685877	0.0116741
0.903268	0.0166851
1.08184	0.0214645
1.17799	0.022886
1.26133	0.0270929
1.34329	0.0272745
1.42394	0.0265595
1.50458	0.0303954
1.58655	0.0279112
1.67427	0.0316316
1.77231	0.0320296
1.90744	0.0325709
2.04258	0.0357459
2.16453	0.0373719
2.2687	0.0382272
2.36485	0.0380811
2.46101	0.0370403
2.55535	0.0428704
2.64968	0.0407278
2.74584	0.0460103
2.84788	0.0489337
2.95205	0.0496065
3.06074	0.0522419
3.17185	0.0540526
3.28813	0.0548958
3.39924	0.0569137
3.50794	0.0602877
3.61663	0.0613727
3.73291	0.0634762
3.84655	0.0626471
3.97813	0.0695623
4.17044	0.0745865
4.42044	0.0743009
4.73294	0.0797008
