y	b	
0	0.886719
0.02	0.00330735
0.04	0.00282226
0.0674725	0.00329124
0.0949451	0.0046699
0.131177	0.00684699
0.170547	0.00869721
0.217276	0.0107765
0.264895	0.0122053
0.3144	0.0130665
0.369956	0.0130741
0.426774	0.0174275
0.486298	0.0203233
0.541243	0.0214694
0.596188	0.0232261
0.652367	0.021799
0.710507	0.0206597
0.764855	0.0197181
0.822994	0.0202109
0.884723	0.0215702
0.948014	0.0235203
1.00754	0.0242478
1.06568	0.024106
1.12382	0.0259686
1.18196	0.0270059
1.23877	0.0274247
1.29086	0.0270198
1.34462	0.0287859
1.39897	0.0300221
1.45391	0.0290766
1.51344	0.0299137
1.57441	0.0299969
1.63324	0.0318448
1.69276	0.0306993
1.75449	0.031114
1.81622	0.031697
1.88975	0.0331115
1.95304	0.0342708
2.01477	0.0358305
2.07727	0.0369458
2.1422	0.0371616
2.2047	0.0365901
2.26643	0.0375645
2.33685	0.0383145
2.40442	0.0389014
2.47585	0.0400778
2.54434	0.0410026
2.60684	0.0425017
2.66708	0.0427596
2.72661	0.0409782
2.78834	0.0439997
2.85412	0.0418069
2.93225	0.0458268
3.01422	0.0465955
3.10681	0.0479299
3.20885	0.0453165
3.31523	0.0502862
3.42393	0.0515601
3.53031	0.0563033
3.64395	0.0588057
3.763	0.0620495
3.87663	0.0657745
4.02369	0.0698422
4.216	0.0744422
4.466	0.0796182
4.7785	0.0857435
