y	b	
0	0.878906
0.0198413	0.00292078
0.0396825	0.00298181
0.0692683	0.00347999
0.0988541	0.00551423
0.141958	0.00725983
0.186205	0.00851728
0.246446	0.00970215
0.303918	0.0112826
0.360736	0.0139671
0.432164	0.0149218
0.505694	0.0152215
0.578158	0.0144361
0.652784	0.0139091
0.754825	0.0135163
0.88996	0.014774
1.04621	0.0172639
1.18907	0.0203887
1.31102	0.0239945
1.41102	0.0275492
1.48678	0.0306964
1.55622	0.0329131
1.61574	0.0350241
1.67069	0.035117
1.72388	0.0353847
1.77823	0.036679
1.82677	0.0377674
1.87532	0.0347341
1.92582	0.0374639
1.9779	0.036377
2.02999	0.037159
2.08101	0.032348
2.13364	0.0394412
2.1874	0.0360409
2.24235	0.0369878
2.30564	0.0364924
2.38256	0.0358702
2.47516	0.0378425
2.57516	0.0414682
2.6942	0.0441008
2.81048	0.0458645
2.91918	0.048037
3.02334	0.0490541
3.12751	0.0513664
3.23621	0.0531551
3.34732	0.0553378
3.46095	0.0570611
3.57459	0.0594658
3.68823	0.0617062
3.80727	0.0649123
3.92632	0.0686599
4.11151	0.0728564
4.36151	0.0778488
4.61151	0.0826569
4.92401	0.167274
