y	b	
0	0.824219
0.0204082	0.0122081
0.0408163	0.0109629
0.0685941	0.00829653
0.0963719	0.00854568
0.133685	0.00826178
0.173368	0.00880887
0.224914	0.00966824
0.273934	0.0101177
0.318577	0.0121045
0.369597	0.0136548
0.420102	0.0146929
0.468646	0.0155287
0.518646	0.0155291
0.568151	0.0156086
0.619697	0.0149875
0.673461	0.0125009
0.737563	0.011408
0.808992	0.0133926
0.896711	0.0177345
0.974836	0.0209933
1.04626	0.0231308
1.11205	0.0235487
1.17616	0.0231694
1.23945	0.0232559
1.30438	0.0258471
1.37383	0.0270626
1.44736	0.0279918
1.52311	0.0286594
1.60124	0.0295529
1.68457	0.0306703
1.75124	0.0333832
1.81791	0.0349853
1.8837	0.035037
1.94863	0.0365421
2.01273	0.0353674
2.07087	0.0378337
2.12522	0.0383848
2.18078	0.0399292
2.23572	0.0400556
2.29822	0.0398206
2.36316	0.0407739
2.42645	0.0378569
2.48669	0.0408863
2.54998	0.0429017
2.61755	0.0429423
2.6933	0.0430079
2.77267	0.0435548
2.85331	0.0464689
2.94103	0.0465874
3.03194	0.0486578
3.13611	0.0503316
3.25239	0.0523111
3.3635	0.0512078
3.47714	0.0568115
3.59618	0.0593558
3.71523	0.0620875
3.82887	0.065516
3.96045	0.0690792
4.14563	0.0733761
4.39563	0.078408
4.70813	0.0844383
