y	b	
0	0.945312
0.0198413	0.00854782
0.0396825	0.00778345
0.068254	0.0087173
0.0968254	0.00970435
0.134139	0.00934406
0.172307	0.00986931
0.214324	0.0102935
0.26062	0.0115375
0.306074	0.0134275
0.349934	0.0152616
0.390584	0.0179033
0.428752	0.0222885
0.464213	0.023612
0.497326	0.0247924
0.528773	0.0259331
0.560418	0.0262858
0.590721	0.0259728
0.621971	0.0275533
0.653221	0.0272053
0.686116	0.0270518
0.719673	0.027499
0.752568	0.0269927
0.785035	0.0262299
0.818148	0.024301
0.85126	0.0235945
0.885507	0.0213416
0.921221	0.0214552
0.958815	0.0224237
1.00048	0.0214853
1.04113	0.0226481
1.08351	0.0217787
1.12661	0.0229383
1.17125	0.0249491
1.22076	0.0261176
1.26978	0.0279887
1.3188	0.0282361
1.36552	0.0286374
1.41314	0.0298152
1.46691	0.0285695
1.52438	0.0292519
1.58611	0.0280567
1.6519	0.0264061
1.71519	0.0281664
1.77401	0.0298331
1.82556	0.0295613
1.87764	0.0337819
1.92764	0.0318271
1.97815	0.0336512
2.03078	0.0331738
2.08341	0.0366454
2.13549	0.0373814
2.186	0.0383827
2.2355	0.0366176
2.2855	0.0376476
2.33601	0.0389905
2.38703	0.0375819
2.44385	0.0370205
2.50557	0.0378983
2.57051	0.0392349
2.6363	0.0406095
2.69248	0.0403058
2.74866	0.0428648
2.79768	0.0440834
2.8467	0.0440414
2.89477	0.0455539
2.93788	0.0463082
2.98025	0.0470748
3.02057	0.0473474
3.06057	0.0473514
3.10224	0.0479999
3.14498	0.0461085
3.19002	0.0479731
3.23507	0.0477135
3.28179	0.0472346
3.33614	0.0449563
3.39232	0.0502728
3.44979	0.0507174
3.51308	0.0511057
3.57975	0.0459824
3.65667	0.0549147
3.74142	0.0529512
3.82763	0.060995
3.93179	0.0646381
4.09308	0.0694573
4.32036	0.0753676
4.57036	0.0811627
4.82036	0.0862363
