y	b	
0	0
0.162162	0.0119188
0.349662	0.0256903
0.580431	0.0425748
0.880431	0.0637807
1.12043	0.0810834
1.36043	0.0977871
1.48543	0.10784
1.60543	0.119933
1.70379	0.134694
1.79075	0.14209
1.86575	0.158317
1.93804	0.155895
2.00054	0.169084
2.06304	0.174562
2.12426	0.176824
2.18367	0.182488
2.24307	0.188839
2.30077	0.194082
2.35959	0.193648
2.41364	0.1984
2.46537	0.211738
2.51376	0.219775
2.55755	0.218893
2.59837	0.219659
2.63946	0.227318
2.68028	0.224577
2.71825	0.227843
2.75623	0.232857
2.79304	0.230679
2.82985	0.235556
2.86643	0.23707
2.90092	0.230108
2.9354	0.233269
2.96911	0.230588
3.00359	0.223115
3.03692	0.228913
3.07026	0.225758
3.10217	0.231392
3.13426	0.226368
3.16634	0.227458
3.1968	0.228978
3.22789	0.234559
3.25898	0.233441
3.29141	0.234427
3.32419	0.229316
3.35698	0.233355
3.39107	0.24041
3.42722	0.245924
3.46448	0.229881
3.50175	0.244736
3.53834	0.244447
3.57302	0.247039
3.6073	0.248412
3.64159	0.24943
3.67568	0.241177
3.70997	0.250679
3.74425	0.247055
3.77854	0.247064
3.81322	0.242441
3.84693	0.252571
3.88141	0.244044
3.91589	0.250171
3.95078	0.24817
3.98671	0.250006
4.02492	0.244201
4.06314	0.240347
4.10569	0.244188
4.1508	0.245076
4.19492	0.247209
4.24108	0.256853
4.2915	0.248666
4.34413	0.251369
4.39818	0.250096
4.45374	0.259282
4.51434	0.271981
4.58101	0.28213
4.64694	0.293553
4.73785	0.309084
4.86829	0.328721
5.00465	0.347704
5.18647	0.367469
5.36294	0.384376
5.5251	0.400383
5.7251	0.426233
5.89653	0.476358
