y	b	
0	0.910156
0.0203252	0.0101005
0.0406504	0.00815862
0.0681229	0.0075151
0.0955955	0.00864795
0.13056	0.00974361
0.167874	0.0112146
0.210609	0.0107967
0.255252	0.0110805
0.302871	0.0122349
0.352376	0.0125848
0.402376	0.0155913
0.445854	0.0184604
0.483168	0.0199343
0.521046	0.0231419
0.559806	0.023637
0.600456	0.0245101
0.636953	0.0247796
0.672414	0.0246341
0.707625	0.0254098
0.74259	0.0250944
0.778822	0.0258814
0.815054	0.02697
0.852367	0.0265317
0.889961	0.0269812
0.929024	0.0265534
0.968706	0.0251209
1.00936	0.0253388
1.05173	0.0233383
1.09375	0.0240584
1.13648	0.0230416
1.18648	0.0234489
1.2375	0.0233603
1.28959	0.0231596
1.35209	0.0221925
1.42561	0.02379
1.50137	0.0272279
1.56547	0.0299968
1.61982	0.0287392
1.67191	0.0311848
1.72345	0.0317158
1.77554	0.0317082
1.82873	0.0309177
1.88307	0.0338459
1.93989	0.033209
1.99736	0.035531
2.05484	0.0339592
2.11508	0.0365413
2.17918	0.0365783
2.24247	0.0372607
2.30497	0.0369829
2.37346	0.0364479
2.45039	0.0371178
2.53103	0.0386743
2.6104	0.0392631
2.69373	0.0406864
2.77994	0.0430039
2.87253	0.0427436
2.96512	0.0453877
3.05946	0.0475599
3.15037	0.0495909
3.24471	0.0502605
3.34675	0.0515387
3.45786	0.0544244
3.57414	0.0562246
3.69319	0.0593783
3.81224	0.0627465
3.92852	0.0651291
4.1137	0.071995
4.3637	0.0774406
4.6137	0.0773976
4.9262	0.169433
