y	b	
0	0.847656
0.0203252	0.0032222
0.0406504	0.0028015
0.0724975	0.00251983
0.104345	0.00258503
0.156428	0.00260873
0.242635	0.00299714
0.328842	0.00536871
0.485092	0.0087556
0.641342	0.011697
0.826527	0.0169671
0.951527	0.0217858
1.04244	0.0227716
1.12864	0.0255392
1.21485	0.0268596
1.30106	0.0258808
1.38878	0.0275808
1.48682	0.0278826
1.61502	0.0287226
1.72866	0.0318499
1.82481	0.0298473
1.91915	0.0330061
2.01915	0.0376402
2.09378	0.0409051
2.1642	0.0411569
2.23177	0.0423904
2.29933	0.0430485
2.366	0.0422434
2.43545	0.0441776
2.51007	0.0424931
2.59072	0.0451704
2.68	0.0461243
2.77091	0.0463072
2.87508	0.0487471
2.99703	0.0510759
3.11067	0.053064
3.21705	0.0547999
3.32122	0.0563886
3.42991	0.0581458
3.54355	0.0589734
3.6626	0.0626831
3.78164	0.0656071
3.89528	0.0685516
4.04234	0.0718012
4.23465	0.0756851
4.48465	0.080386
4.79715	0.0861805
