y	b	
0	0.820312
0.0199203	0.00270471
0.0398406	0.00244983
0.0725204	0.0022113
0.1052	0.00251007
0.160756	0.00296493
0.244089	0.00529133
0.314512	0.0096292
0.399257	0.0124966
0.479902	0.0139028
0.55566	0.0145007
0.631418	0.0156505
0.714751	0.016734
0.800958	0.017636
0.887165	0.0177645
0.978074	0.0162319
1.07611	0.0203507
1.16871	0.0221231
1.25799	0.0252609
1.33736	0.0272944
1.41428	0.0277015
1.49004	0.0293751
1.56147	0.0297591
1.63091	0.0319801
1.70234	0.0310348
1.7748	0.0320455
1.84237	0.0352521
1.91086	0.0348395
1.97753	0.0327596
2.04246	0.0364938
2.10913	0.0365083
2.1758	0.0378208
2.25516	0.0365859
2.33453	0.0394115
2.41389	0.0400857
2.51005	0.0429672
2.60264	0.0437786
2.69036	0.0428913
2.7751	0.0471361
2.86131	0.0485108
2.95222	0.0496185
3.05222	0.0506708
3.15639	0.0515935
3.26508	0.053661
3.36925	0.0522836
3.4883	0.0580234
3.60735	0.060462
3.7293	0.0632429
3.84041	0.0664936
3.96861	0.069737
4.16092	0.0739641
4.41092	0.0788463
4.72342	0.0847772
