y	b	
0	0.757812
0.0203252	0.00259847
0.0406504	0.0025904
0.0724975	0.00222158
0.104345	0.00237626
0.155891	0.00240854
0.207437	0.00272027
0.298347	0.00392033
0.389256	0.00664803
0.550546	0.0102457
0.678751	0.0157381
0.787447	0.0195175
0.87078	0.0217933
0.951425	0.022362
1.03079	0.0226914
1.11016	0.0239225
1.19212	0.0244843
1.28303	0.0247448
1.3872	0.0246986
1.5154	0.0271008
1.63168	0.0297638
1.73168	0.0313692
1.82602	0.033254
1.91223	0.0332186
1.99035	0.0373463
2.06498	0.0386308
2.13443	0.0373998
2.20199	0.038816
2.27552	0.0377458
2.35245	0.0403158
2.44173	0.0421058
2.53607	0.0442375
2.63041	0.0456218
2.7197	0.0472791
2.8059	0.0486953
2.89519	0.0491001
2.98447	0.0502223
3.08447	0.0520214
3.19559	0.053658
3.30197	0.0553996
3.41066	0.0575687
3.5243	0.0597082
3.64058	0.0619714
3.75963	0.06481
3.87326	0.0679086
4.02032	0.0712615
4.21263	0.0752041
4.46263	0.0799398
4.77513	0.0857574
