y	b	
0	0.851562
0.0198413	0.0145
0.0396825	0.0175185
0.0639544	0.0191737
0.0882262	0.020847
0.114681	0.0209348
0.141136	0.0224248
0.16831	0.0228218
0.198798	0.0245368
0.233281	0.0231497
0.267764	0.0231121
0.305642	0.0228443
0.344104	0.0246724
0.385087	0.0255524
0.42641	0.0262304
0.468783	0.0256337
0.51303	0.0266195
0.555403	0.025979
0.59707	0.0259873
0.635238	0.0259703
0.674608	0.0261975
0.71367	0.0252735
0.751549	0.0249447
0.790309	0.0252695
0.832326	0.022608
0.872976	0.0217359
0.914643	0.0222863
0.961372	0.0209154
1.01239	0.019521
1.06239	0.0188067
1.11047	0.0192257
1.15949	0.0209827
1.20949	0.0210561
1.25999	0.0219756
1.30854	0.0228865
1.35854	0.0233533
1.41409	0.0236558
1.47027	0.0222947
1.52841	0.0221299
1.58865	0.0246494
1.65276	0.0270682
1.71023	0.0294714
1.76399	0.0303553
1.81607	0.031814
1.86709	0.0335435
1.9176	0.0330158
1.96264	0.0323271
2.00729	0.0353024
2.05274	0.0356764
2.09904	0.0363423
2.14491	0.0358373
2.19253	0.0370094
2.24203	0.0366785
2.28965	0.0366888
2.33773	0.0330334
2.38823	0.038538
2.44637	0.0385051
2.50451	0.0381075
2.56069	0.038179
2.61278	0.0394957
2.6618	0.0409207
2.70942	0.0418298
2.75571	0.0432937
2.80158	0.0442167
2.84432	0.0447116
2.88705	0.0444334
2.92907	0.0436398
2.97039	0.0446948
3.01464	0.0458048
3.06051	0.0469237
3.10768	0.0455018
3.15273	0.0461036
3.19946	0.0459035
3.25048	0.0468957
3.3093	0.0482842
3.37103	0.0491606
3.43432	0.0501356
3.49605	0.0515467
3.57067	0.0526485
3.6476	0.0545702
3.72824	0.0561764
3.81753	0.0588148
3.9217	0.0633089
4.10027	0.0699848
4.33836	0.0764761
4.57646	0.081798
4.75503	0.0849426
4.88661	0.0932491
