y	b	
0	0.863281
0.0202429	0.00625585
0.0404858	0.00693205
0.0685757	0.00639198
0.0966656	0.0065224
0.140913	0.00697439
0.186368	0.00830468
0.244507	0.010547
0.297699	0.0127113
0.349782	0.0163579
0.398326	0.0179856
0.442969	0.0192318
0.489698	0.0206841
0.535152	0.0217702
0.578631	0.0231218
0.626708	0.0242167
0.686231	0.0239428
0.745755	0.0243792
0.802573	0.0248402
0.857518	0.0257043
0.91071	0.0261129
0.959254	0.0288422
1.01027	0.0286445
1.05882	0.0287068
1.10469	0.0306106
1.15099	0.0302595
1.19816	0.0313709
1.24577	0.0320489
1.29479	0.0314864
1.33904	0.0297479
1.3829	0.030154
1.42754	0.0314734
1.47065	0.0308568
1.51197	0.0322905
1.55262	0.033408
1.59327	0.030087
1.63601	0.0338193
1.67767	0.0340541
1.71767	0.0336941
1.75613	0.0335615
1.79582	0.0333031
1.83714	0.0351576
1.87651	0.0345601
1.91619	0.0345988
1.95786	0.0344104
2.00096	0.0329704
2.04521	0.0349999
2.09151	0.0330871
2.13615	0.0368546
2.18079	0.0365197
2.22584	0.0369531
2.27257	0.036873
2.31929	0.0373214
2.36394	0.0368715
2.41023	0.0352509
2.45785	0.0360804
2.5128	0.0373485
2.56715	0.0378626
2.61765	0.0380473
2.67579	0.0383421
2.73603	0.0383009
2.80097	0.0396284
2.87672	0.0421025
2.95135	0.0439058
3.01545	0.0448957
3.08124	0.0461607
3.14881	0.04646
3.22024	0.0465176
3.296	0.0482216
3.37933	0.0500128
3.46705	0.0512811
3.57343	0.0537484
3.68971	0.0569422
3.80599	0.061137
3.92227	0.0652325
4.11458	0.0709743
4.35267	0.0767505
4.60267	0.0821978
4.85267	0.0921049
