y	b	
0	0.824219
0.0195312	0.00836091
0.0390625	0.0093104
0.0608016	0.0104843
0.0853114	0.0114889
0.117159	0.0116043
0.149006	0.0126764
0.186319	0.0127188
0.233048	0.0134625
0.280218	0.0130423
0.328295	0.0143223
0.380378	0.0162848
0.430378	0.0182428
0.478922	0.0217455
0.52317	0.022736
0.567417	0.0222894
0.610152	0.0221102
0.652888	0.0218717
0.69753	0.0199416
0.744259	0.0196961
0.794764	0.02011
0.848528	0.0203094
0.902876	0.0200943
0.962399	0.0197122
1.02569	0.0164193
1.09611	0.0168184
1.17945	0.017734
1.27036	0.01968
1.35807	0.0239108
1.42301	0.0258502
1.48551	0.0262076
1.55694	0.028086
1.61867	0.0285282
1.68533	0.0284182
1.74347	0.0311923
1.79842	0.030944
1.8505	0.0349251
1.9005	0.0352335
1.95101	0.0337741
2.00364	0.0342167
2.05466	0.0318588
2.10416	0.0363778
2.15416	0.036197
2.20367	0.035251
2.25521	0.0346189
2.30956	0.0381025
2.37206	0.0366436
2.43304	0.0401723
2.48922	0.0383569
2.54416	0.0416859
2.60034	0.0417997
2.6559	0.0421464
2.71208	0.0434928
2.77458	0.0438894
2.83868	0.0451377
2.90278	0.0447541
2.97321	0.0462514
3.06411	0.0475837
3.16215	0.0485374
3.26019	0.0499181
3.36019	0.0519096
3.46658	0.0548753
3.58286	0.0574101
3.7019	0.0598075
3.81818	0.062322
3.93446	0.0663416
4.12677	0.0724549
4.37677	0.0777816
4.68927	0.0840197
