y	b	
0	0.871094
0.0196078	0.012248
0.0392157	0.0107214
0.0624715	0.012908
0.0857273	0.0154739
0.114299	0.0178199
0.14287	0.0202043
0.173173	0.0200368
0.21021	0.0215451
0.24958	0.0220328
0.291597	0.0191834
0.33192	0.0211438
0.372242	0.0205032
0.410704	0.021446
0.447469	0.0231309
0.484506	0.0237481
0.5221	0.0245526
0.559694	0.0242073
0.597572	0.0256968
0.636332	0.0256378
0.677316	0.0254
0.72277	0.0244454
0.767413	0.0256279
0.80943	0.0247126
0.850752	0.0245316
0.893125	0.0249361
0.937768	0.0242485
0.989851	0.0242511
1.04193	0.0233701
1.09875	0.0213491
1.16048	0.0193956
1.21367	0.0210646
1.27391	0.0226554
1.33885	0.0249451
1.40135	0.0260841
1.46308	0.0269853
1.51863	0.0279831
1.57358	0.0277021
1.62913	0.0284087
1.68469	0.0287293
1.73732	0.0302984
1.79051	0.0312207
1.84486	0.0318826
1.89921	0.0306672
1.95668	0.0303008
2.01162	0.031468
2.06539	0.0334936
2.12157	0.0343118
2.17839	0.0356274
2.23586	0.036821
2.28393	0.0338974
2.32858	0.0373779
2.37095	0.0405515
2.4116	0.0413761
2.44977	0.0430682
2.48736	0.0433914
2.52524	0.0434097
2.56228	0.043657
2.59959	0.0430442
2.63776	0.041976
2.67713	0.0416501
2.71811	0.0411952
2.76122	0.0409088
2.80751	0.0418525
2.85513	0.0431919
2.90776	0.0443431
2.96394	0.0448208
3.02418	0.045725
3.08442	0.0464566
3.14692	0.0481169
3.2079	0.0482195
3.26888	0.0488808
3.32912	0.0496846
3.39954	0.0502829
3.47307	0.0510208
3.55781	0.0527048
3.65781	0.0554288
3.75781	0.0582004
3.86651	0.0623625
3.98846	0.0669495
4.17365	0.0725304
4.41174	0.0781319
4.63901	0.0829743
4.86629	0.098496
