y	b	
0	0.96875
0.0197628	0.00879918
0.0395257	0.00852492
0.0647782	0.00876643
0.0900307	0.00915304
0.124044	0.00995517
0.161923	0.011016
0.208219	0.0139997
0.255389	0.0180635
0.302118	0.01999
0.339997	0.0209865
0.379367	0.0220552
0.418127	0.0238902
0.457809	0.0256436
0.497809	0.0259877
0.538132	0.0246521
0.576011	0.025792
0.611725	0.0251603
0.646208	0.0263125
0.67932	0.0254004
0.710966	0.0261078
0.74183	0.0268209
0.772694	0.0266997
0.800167	0.0276208
0.829929	0.0279628
0.859691	0.0283187
0.889453	0.0265613
0.919214	0.0257645
0.950079	0.0267254
0.980382	0.0275346
1.01014	0.0294782
1.03991	0.0294791
1.06967	0.0294209
1.09874	0.0306226
1.12886	0.031525
1.15898	0.0318089
1.19042	0.0323043
1.22248	0.0329538
1.25412	0.0325017
1.28617	0.0327457
1.31822	0.0329578
1.34987	0.034446
1.38255	0.0345656
1.41419	0.0348622
1.44645	0.0348652
1.47957	0.0350895
1.51268	0.0348199
1.54432	0.0355187
1.57638	0.034798
1.60884	0.0331379
1.64069	0.0330672
1.67316	0.0340198
1.70562	0.0338367
1.7383	0.0312299
1.77186	0.0318726
1.80433	0.0324706
1.83766	0.0296321
1.87077	0.0301142
1.90389	0.0310557
1.93744	0.0299449
1.971	0.0328027
2.00411	0.0330367
2.03679	0.0320005
2.07081	0.0322898
2.10652	0.0312797
2.14224	0.0322696
2.18011	0.0323949
2.22249	0.0340789
2.26597	0.034509
2.31226	0.0325599
2.35943	0.0352468
2.41378	0.0365944
2.4648	0.0370352
2.51635	0.0348277
2.57253	0.0376161
2.63503	0.0386904
2.70169	0.0405051
2.76748	0.0407185
2.83077	0.041562
2.91274	0.043055
3.00203	0.0445817
3.08823	0.0456927
3.1676	0.047154
3.24223	0.0483884
3.30716	0.0499711
3.37126	0.0515564
3.4315	0.0529889
3.49175	0.0535437
3.54988	0.0538675
3.60606	0.0549213
3.66041	0.0562789
3.71597	0.0547779
3.77215	0.0565003
3.82709	0.0581585
3.88265	0.0598261
3.94217	0.0611722
4.0039	0.0622632
4.06719	0.065167
4.13476	0.0660108
4.19726	0.0689134
4.25899	0.0703419
4.32228	0.0713384
4.38638	0.0718686
4.45487	0.0727176
4.53684	0.0739463
4.633	0.0762464
4.74927	0.079065
4.85566	0.0858692
