y	b	
0	0.851562
0.0204082	0.012001
0.0408163	0.011276
0.0685941	0.00900546
0.0963719	0.00871392
0.133685	0.00944063
0.172748	0.00969885
0.221292	0.0103692
0.267588	0.0113663
0.312633	0.0129839
0.361177	0.0145212
0.410196	0.0146592
0.45874	0.0157842
0.507284	0.0155159
0.557284	0.0151934
0.612229	0.0120087
0.670368	0.0106239
0.742832	0.011444
0.835424	0.0140857
0.939591	0.0184613
1.01422	0.0210994
1.08464	0.0227013
1.15221	0.0238834
1.218	0.023301
1.28466	0.0260538
1.35411	0.0275245
1.42554	0.0283136
1.49697	0.0267035
1.57389	0.0297945
1.65863	0.0311086
1.73326	0.0304538
1.80175	0.0337792
1.8712	0.0352566
1.93877	0.0364593
2.00287	0.0365569
2.05905	0.0373463
2.1134	0.038258
2.16895	0.0397349
2.22642	0.03984
2.28666	0.0391149
2.34916	0.037966
2.41246	0.0390292
2.47418	0.0425448
2.53668	0.0432747
2.60162	0.0427432
2.67305	0.0448795
2.75369	0.0451754
2.83844	0.0465012
2.92935	0.0476296
3.02739	0.0488992
3.13155	0.0472915
3.24266	0.0489659
3.36171	0.0547409
3.47799	0.0552052
3.59427	0.0593744
3.71927	0.0622788
3.83291	0.0657006
3.96449	0.0692236
4.14967	0.073488
4.39967	0.0785019
4.71217	0.0845186
