y	b	
0	0.863281
0.0197628	0.0033233
0.0395257	0.00296229
0.0679348	0.00407672
0.0963439	0.00617226
0.133938	0.00805996
0.174588	0.00942078
0.225093	0.0110043
0.274598	0.0114516
0.325103	0.0108808
0.381283	0.0147086
0.442259	0.0164411
0.503987	0.0181501
0.561458	0.0190653
0.626393	0.0198183
0.696816	0.0185691
0.771443	0.0194001
0.848366	0.0212657
0.930333	0.0213925
0.996123	0.0233887
1.06755	0.0238096
1.13005	0.0246647
1.18957	0.0265712
1.24639	0.0284903
1.30195	0.0287769
1.35813	0.0298325
1.41368	0.0284865
1.46924	0.0297871
1.52948	0.0303572
1.58972	0.0299831
1.64855	0.0301214
1.71105	0.0308126
1.77515	0.0318142
1.84008	0.0349054
1.90106	0.035565
1.95988	0.0359112
2.02012	0.036532
2.08262	0.036022
2.15207	0.0380724
2.22056	0.0358378
2.29302	0.0366325
2.35475	0.0382503
2.41093	0.0375864
2.46711	0.0384893
2.52458	0.0390116
2.58556	0.0422843
2.64729	0.0430162
2.71139	0.0411173
2.77988	0.0437282
2.86053	0.0435857
2.94981	0.0465152
3.04785	0.0476893
3.15202	0.0493102
3.2584	0.0514722
3.36951	0.0534068
3.48315	0.0557314
3.59943	0.0582643
3.71848	0.0611018
3.83211	0.0647385
3.96369	0.0685301
4.156	0.073227
4.406	0.0784329
4.7185	0.0845972
