y	b	
0	0.921875
0.019685	0.00921079
0.0393701	0.00841304
0.0662518	0.00893252
0.0931335	0.00952016
0.127856	0.0104852
0.16545	0.0116573
0.204209	0.0144849
0.239924	0.0158946
0.273707	0.0177593
0.306175	0.0195918
0.338643	0.0222544
0.370901	0.023962
0.401957	0.0261131
0.432821	0.0265966
0.463309	0.0271301
0.493796	0.0272271
0.524099	0.0269266
0.555155	0.0256867
0.586211	0.0248143
0.616514	0.0235028
0.646817	0.0234562
0.680151	0.0255387
0.711796	0.0280867
0.743643	0.0294246
0.775289	0.0288142
0.806934	0.0285373
0.839192	0.028783
0.871872	0.0295071
0.905656	0.0296203
0.93967	0.0278605
0.975384	0.0248334
1.0111	0.0226731
1.05208	0.0207013
1.09754	0.0181163
1.14856	0.0152524
1.20474	0.0153957
1.26646	0.015705
1.32896	0.0204455
1.38514	0.0221044
1.43778	0.0247242
1.49041	0.0251226
1.54993	0.0283715
1.60946	0.029925
1.66564	0.0299208
1.7194	0.0305205
1.78113	0.0312637
1.83927	0.0328586
1.90024	0.033206
1.96048	0.0344024
2.0173	0.0342664
2.07286	0.0349099
2.131	0.03499
2.18982	0.035626
2.24864	0.0371606
2.30611	0.0358055
2.36861	0.0372409
2.43711	0.0384556
2.51403	0.0371837
2.59736	0.0386426
2.68211	0.040417
2.76148	0.0404173
2.84481	0.0421532
2.93409	0.0415289
3.02669	0.0456739
3.1176	0.0473941
3.21194	0.0476676
3.30997	0.0502227
3.40997	0.052286
3.51636	0.0532892
3.63264	0.0569338
3.75459	0.0606373
3.86822	0.0646501
4.01528	0.0689875
4.20759	0.0738722
4.45759	0.0792657
4.77009	0.0855291
