y	b	
0	0.890625
0.0195312	0.00802704
0.0390625	0.00775518
0.0613342	0.0103468
0.087241	0.0123339
0.120574	0.0133776
0.157339	0.0147942
0.205416	0.0156088
0.253035	0.0135322
0.301112	0.013101
0.350617	0.0115502
0.412345	0.0103052
0.49299	0.00860977
0.585583	0.00931242
0.699219	0.0117878
0.855469	0.0141471
1.01676	0.015817
1.16382	0.0201294
1.27493	0.0232789
1.36927	0.027313
1.42809	0.0291088
1.48072	0.0319832
1.53072	0.0334888
1.57458	0.0332099
1.6166	0.0317841
1.66165	0.0350323
1.70794	0.033403
1.75299	0.0363779
1.79536	0.0366849
1.83634	0.038118
1.87667	0.0386446
1.91699	0.0387208
1.95972	0.0379571
2.00645	0.0378966
2.05645	0.0364074
2.1114	0.0365819
2.1755	0.036386
2.23879	0.0372117
2.30921	0.0364531
2.39118	0.0357594
2.48047	0.0397415
2.5638	0.0402844
2.65309	0.0416891
2.74924	0.0444848
2.83545	0.0455311
2.92473	0.0476473
3.01245	0.0488725
3.10861	0.050273
3.21277	0.0523289
3.32388	0.0543006
3.43752	0.0561513
3.55657	0.0566287
3.67562	0.0609473
3.79189	0.0636073
3.91094	0.0641333
4.09613	0.0698193
4.34613	0.0748912
4.59613	0.0823231
4.90863	0.151886
