y	b	
0	0.960938
0.0200803	0.0115526
0.0401606	0.00880984
0.0679384	0.0070409
0.0957162	0.00738716
0.13143	0.007771
0.170493	0.00898376
0.217663	0.00968617
0.263959	0.0105863
0.311578	0.0122958
0.361083	0.0128755
0.40916	0.0144313
0.452263	0.0174115
0.493247	0.0194999
0.530841	0.0212969
0.567606	0.0212451
0.603067	0.0239182
0.640104	0.0236236
0.676868	0.0236239
0.714182	0.0235301
0.751219	0.0236729
0.787984	0.0248987
0.825297	0.0257084
0.862891	0.0260919
0.900485	0.0258388
0.938653	0.0269492
0.978976	0.0270171
1.0203	0.0271768
1.06128	0.0253938
1.10553	0.024197
1.1514	0.023954
1.20042	0.0241967
1.25144	0.0253302
1.30463	0.024998
1.36081	0.024614
1.42179	0.0253533
1.49028	0.0272102
1.55052	0.0283547
1.61381	0.0291753
1.67405	0.0288111
1.73219	0.0317515
1.78966	0.0330689
1.8478	0.0333758
1.90462	0.0301646
1.96144	0.0318842
2.01891	0.0348362
2.07573	0.0369563
2.13387	0.031486
2.19201	0.0375293
2.25298	0.036911
2.31181	0.0378415
2.3803	0.0372926
2.45722	0.0384361
2.52969	0.0398065
2.61443	0.0411739
2.69777	0.0419253
2.79211	0.0428002
2.88645	0.0444493
2.98079	0.0458043
3.0717	0.0487966
3.16603	0.0496044
3.26407	0.0504243
3.36612	0.0526872
3.48239	0.0549129
3.59867	0.0574065
3.72062	0.0607197
3.83426	0.0644735
3.96584	0.0683469
4.15102	0.0729657
4.40102	0.0782516
4.71352	0.0844689
