y	b	
0	0.84375
0.0204082	0.0121521
0.0408163	0.0112717
0.0682889	0.00862498
0.0957614	0.00886776
0.133075	0.00896973
0.173397	0.00915002
0.222902	0.0105348
0.270072	0.0106114
0.315944	0.0124925
0.365944	0.014476
0.415449	0.0148774
0.463526	0.0154787
0.512069	0.0154729
0.56309	0.0152758
0.615721	0.0133234
0.670069	0.0116922
0.739514	0.0112206
0.824259	0.0136037
0.922299	0.0178104
1.00042	0.0214195
1.06987	0.0232228
1.13566	0.0236498
1.20059	0.0239232
1.26553	0.0247489
1.33497	0.0260779
1.40539	0.0270908
1.47892	0.0288184
1.55585	0.0292149
1.63918	0.0279682
1.71731	0.0321545
1.7858	0.0338484
1.85159	0.0353875
1.91916	0.0365047
1.98166	0.0369212
2.04263	0.0362925
2.09639	0.0380749
2.15016	0.0394381
2.20571	0.0401092
2.26318	0.0396874
2.32568	0.0402149
2.39062	0.0392293
2.45014	0.0374058
2.51038	0.0407791
2.57705	0.0397604
2.64554	0.0434585
2.72017	0.0447158
2.79954	0.0456737
2.88287	0.0397653
2.97378	0.0448644
3.07582	0.049119
3.1822	0.0511118
3.29584	0.0515396
3.40948	0.0555885
3.52575	0.0578609
3.6448	0.0604663
3.76385	0.0635232
3.87749	0.066925
4.02454	0.0706218
4.21685	0.074878
4.46685	0.0798233
4.77935	0.0857867
