y	b	
0	0.9375
0.02	0.00857426
0.04	0.00770336
0.0684091	0.00869974
0.0968182	0.00940203
0.132789	0.00876698
0.170668	0.00913087
0.212685	0.0101477
0.25773	0.0111407
0.302373	0.0122704
0.345851	0.0146975
0.386502	0.0183785
0.424963	0.0210303
0.460174	0.0231569
0.492642	0.0238973
0.524489	0.0250273
0.556135	0.0250588
0.587982	0.0266766
0.619038	0.0274609
0.650094	0.0272032
0.682352	0.0279941
0.715909	0.026422
0.749021	0.0271796
0.781916	0.0261055
0.8157	0.024945
0.849484	0.0228604
0.884449	0.0218146
0.921486	0.0219814
0.959654	0.0222311
1.00064	0.0217069
1.04129	0.0217633
1.0833	0.0217815
1.12795	0.0220764
1.17424	0.0248729
1.22475	0.0259653
1.27425	0.0276039
1.32425	0.0295758
1.37142	0.0291041
1.42142	0.029614
1.47351	0.0308753
1.53032	0.0284773
1.59057	0.0275109
1.6555	0.0250406
1.7196	0.0266557
1.77774	0.0273536
1.83037	0.0312424
1.88414	0.0335844
1.93221	0.0329282
1.98272	0.0303723
2.03535	0.0346056
2.0869	0.0366094
2.13898	0.0367364
2.19	0.0385875
2.23902	0.0386486
2.28853	0.0379925
2.33903	0.0391958
2.39005	0.0379117
2.44623	0.037747
2.50796	0.0386634
2.56969	0.038495
2.63142	0.0394327
2.68461	0.0416128
2.73615	0.0435227
2.78288	0.0439232
2.83005	0.0430113
2.87635	0.0451921
2.92139	0.0461312
2.96341	0.0466387
3.00473	0.0466171
3.04572	0.0474846
3.08738	0.0476611
3.13012	0.0470114
3.17599	0.0484301
3.22229	0.0475386
3.26946	0.0488282
3.31896	0.0483407
3.37331	0.0495713
3.43078	0.0493182
3.4903	0.050629
3.55787	0.0518423
3.63724	0.0545049
3.72652	0.0532487
3.81424	0.060639
3.91841	0.0642871
4.0797	0.0691317
4.30697	0.0750847
4.55697	0.0808859
4.79507	0.0856572
