y	b	
0	1
0.3125	0.00545404
0.625	0.0105535
0.9375	0.0153516
1.21528	0.0206374
1.46528	0.0270025
1.63194	0.0259581
1.72123	0.0275379
1.8032	0.033078
1.88516	0.0349697
1.9685	0.0378587
2.05324	0.0320063
2.15128	0.0375207
2.24932	0.0362213
2.34932	0.0374041
2.45571	0.0386895
2.5644	0.0451133
2.68345	0.0463316
2.8054	0.0488673
2.92735	0.0471903
3.03373	0.0495596
3.1379	0.0545229
3.23994	0.0561091
3.34632	0.0556107
3.45271	0.059559
3.56382	0.0603868
3.68287	0.0640065
3.7965	0.066405
3.91555	0.0695282
4.09412	0.0731785
4.34412	0.0778812
4.59412	0.0824786
4.90662	0.149908
