y	b	
0	0.875
0.3125	0.00508295
0.625	0.010534
0.9375	0.0153041
1.25	0.0221296
1.52027	0.0274343
1.74754	0.0325179
1.88268	0.0308085
1.97359	0.0369895
2.05833	0.0392909
2.13898	0.0400139
2.22095	0.0416769
2.30569	0.0423811
2.39828	0.0431609
2.50245	0.0427502
2.60883	0.0449384
2.70883	0.0482119
2.81522	0.0467547
2.92633	0.0508548
3.04538	0.0482405
3.16733	0.0508115
3.27602	0.0546209
3.38472	0.0574422
3.49341	0.0556411
3.60452	0.0619037
3.71564	0.0564837
3.82927	0.0668447
3.96085	0.0706171
4.13942	0.0741363
4.38942	0.0787458
4.70192	0.0844543
