y	b	
0	0.925781
0.0199203	0.0135015
0.0398406	0.0169375
0.0626717	0.0191044
0.0855027	0.0209486
0.11735	0.0229295
0.158	0.022346
0.207505	0.0236744
0.252148	0.0233783
0.300225	0.0247531
0.347395	0.0233609
0.395014	0.0254646
0.437749	0.0262481
0.478399	0.0264735
0.518399	0.0263549
0.554896	0.0268674
0.59166	0.0267084
0.628157	0.0259423
0.664921	0.0265591
0.703383	0.0245494
0.741262	0.025326
0.779141	0.0242816
0.818511	0.0230683
0.858511	0.0239372
0.900177	0.0253022
0.9405	0.025173
0.981483	0.0259998
1.02281	0.0237602
1.06518	0.0248519
1.11063	0.0240757
1.15736	0.0256631
1.20498	0.0247945
1.25171	0.0246292
1.30073	0.0237794
1.35023	0.0226945
1.404	0.0226717
1.46147	0.0230863
1.52726	0.0239297
1.59575	0.0255066
1.65904	0.0307167
1.71059	0.0323871
1.76214	0.0338368
1.81164	0.0328682
1.86372	0.0330706
1.91581	0.0333027
1.97605	0.0332662
2.03934	0.0325593
2.09142	0.0332476
2.13815	0.0349972
2.18402	0.0345773
2.22501	0.0380093
2.26501	0.0393277
2.30633	0.0403008
2.34509	0.0407891
2.3824	0.0409657
2.41972	0.0408871
2.45848	0.0404965
2.49664	0.0399653
2.53288	0.0389417
2.56885	0.0381393
2.60761	0.0390123
2.64859	0.0393583
2.69169	0.0408531
2.7348	0.0422626
2.77944	0.0435608
2.82111	0.0441088
2.86312	0.0450026
2.90281	0.0449942
2.94313	0.0443046
2.98699	0.0448679
3.03372	0.0442625
3.08322	0.0447111
3.14205	0.0444789
3.21149	0.0456178
3.28725	0.0462199
3.36789	0.0457477
3.44252	0.0470843
3.53024	0.0495688
3.61952	0.0519248
3.71952	0.0550034
3.82591	0.0592028
3.94219	0.0637202
4.12076	0.0699089
4.33815	0.0759776
4.58815	0.0819054
4.7444	0.0845102
4.86345	0.0874595
4.99858	0.159909
