y	b	
0	0.9375
0.3125	0.00527185
0.625	0.0105285
0.9375	0.0153108
1.22321	0.0220401
1.48637	0.0252753
1.67868	0.0322466
1.79773	0.0353699
1.88393	0.0365445
1.96727	0.0387387
2.04923	0.0393813
2.12988	0.0400489
2.21463	0.0413067
2.30897	0.0423723
2.41313	0.0437751
2.51517	0.0386635
2.61934	0.0468672
2.72138	0.0467122
2.83502	0.0427556
2.95697	0.0433987
3.07892	0.0540796
3.19003	0.0559502
3.29873	0.0576844
3.40511	0.0593897
3.51622	0.0608706
3.62986	0.0631104
3.74614	0.0655193
3.85977	0.0683706
3.99491	0.0712672
4.18721	0.0750088
4.43721	0.0796121
4.74971	0.0853226
