y	b	
0	0.917969
0.0196078	0.0160662
0.0392157	0.0187209
0.0615371	0.0200875
0.0838585	0.0209704
0.108734	0.0223328
0.13361	0.0233131
0.161388	0.0238734
0.192252	0.0243158
0.223116	0.0245563
0.254172	0.0264068
0.286852	0.0281139
0.320635	0.0273335
0.35635	0.0275729
0.392064	0.0282967
0.430232	0.0274853
0.466203	0.0269049
0.502174	0.0289763
0.538406	0.028741
0.576285	0.0274031
0.612517	0.0279014
0.647978	0.0285807
0.680873	0.0268651
0.71272	0.0249056
0.744567	0.0245666
0.779778	0.0243403
0.814989	0.0240736
0.85045	0.0252097
0.886422	0.0252957
0.922654	0.0238306
0.960532	0.0250179
0.997029	0.025272
1.03353	0.0250225
1.07385	0.0244717
1.11291	0.0248072
1.15493	0.0241017
1.19879	0.0233646
1.24466	0.022513
1.29368	0.0239864
1.3447	0.0228718
1.39846	0.0225841
1.45165	0.0214719
1.50979	0.0221374
1.56793	0.0241593
1.62891	0.0237114
1.68988	0.0254188
1.74941	0.0247277
1.8152	0.0261306
1.88099	0.0280765
1.95561	0.0306367
2.02704	0.0323187
2.09746	0.0336295
2.15771	0.0342763
2.21205	0.03392
2.2664	0.0348863
2.31691	0.0370385
2.36741	0.0367057
2.41692	0.0383518
2.469	0.0335966
2.52163	0.0371756
2.57539	0.0398927
2.63157	0.0373291
2.68971	0.0408505
2.75144	0.0405981
2.80579	0.0414548
2.86135	0.0436336
2.91454	0.0442478
2.96504	0.0448283
3.01504	0.0439485
3.06555	0.0454604
3.11657	0.0452768
3.1692	0.0461845
3.22239	0.0473624
3.27674	0.0480953
3.3305	0.0483108
3.38313	0.0491399
3.43468	0.0504217
3.48418	0.0512828
3.53853	0.0509726
3.59535	0.0513682
3.66998	0.0532283
3.75062	0.0560531
3.83537	0.0590161
3.92796	0.0621805
4.02796	0.0656417
4.15296	0.0710697
4.31963	0.0761539
4.51194	0.0805518
4.67323	0.0836722
4.84564	0.0869812
4.95928	0.119277
