y	b	
0	1
0.3125	0.00529024
0.625	0.0108847
0.9375	0.0153132
1.25	0.0210809
1.51316	0.027324
1.74043	0.0312009
1.85948	0.0324242
1.95207	0.0367648
2.03828	0.0384602
2.12161	0.040425
2.20494	0.0415386
2.28969	0.041874
2.37898	0.0425979
2.47157	0.0438113
2.58268	0.0418652
2.70463	0.0477674
2.82963	0.0436646
2.93833	0.0481371
3.04037	0.0521426
3.14453	0.0552038
3.25323	0.0565448
3.36434	0.0586481
3.48062	0.0606492
3.5969	0.0627098
3.71885	0.0650145
3.83249	0.0677788
3.97138	0.0708349
4.16368	0.0746063
4.41368	0.074273
4.72618	0.0848947
