y	b	
0	0
0.0923077	0.00618575
0.184615	0.0129129
0.302262	0.017605
0.502262	0.035217
0.835596	0.0604088
1.16893	0.0828272
1.40893	0.0971317
1.63115	0.121176
1.79331	0.13457
1.90652	0.136693
1.99743	0.153908
2.07743	0.165384
2.14886	0.170839
2.21479	0.182343
2.26397	0.19539
2.31482	0.19408
2.36321	0.200585
2.41083	0.205419
2.46001	0.202755
2.50801	0.206115
2.55639	0.213255
2.60639	0.213238
2.65517	0.218352
2.70279	0.219598
2.75004	0.222569
2.79804	0.221207
2.84682	0.222711
2.89682	0.224527
2.94854	0.226418
2.99939	0.222567
3.04981	0.22184
3.09981	0.228528
3.15291	0.228349
3.20745	0.227525
3.26151	0.229667
3.31279	0.226005
3.36364	0.237901
3.41322	0.240917
3.46281	0.23341
3.51366	0.242933
3.56053	0.24085
3.60249	0.239645
3.64387	0.242999
3.68767	0.248689
3.73178	0.250198
3.77903	0.253562
3.82741	0.252472
3.87503	0.25586
3.92303	0.255846
3.97303	0.249141
4.02566	0.256837
4.08122	0.256009
4.14438	0.257984
4.21581	0.257602
4.28988	0.246434
4.36131	0.279512
4.42949	0.27847
4.50178	0.274349
4.5797	0.274162
4.6547	0.29173
4.7547	0.320101
4.87715	0.340941
5.06465	0.361398
5.25215	0.377053
5.43965	0.391844
5.67042	0.374623
5.82042	0.426067
5.95678	0.50226
