y	b	
0	0.949219
0.0198413	0.0172062
0.0396825	0.0168179
0.0629384	0.0149829
0.0861942	0.0146343
0.117444	0.0149657
0.150778	0.0153993
0.184111	0.0172351
0.223793	0.0190142
0.262553	0.0210942
0.300721	0.0223382
0.336435	0.0233242
0.371158	0.0245506
0.403837	0.0248097
0.435087	0.027249
0.465762	0.0284469
0.496437	0.0287634
0.525849	0.0292956
0.555789	0.0285764
0.585551	0.0276223
0.615313	0.0283412
0.645253	0.0279915
0.676699	0.0276668
0.710033	0.0277064
0.744279	0.0279664
0.778762	0.0292343
0.813245	0.0278515
0.847258	0.0289724
0.879105	0.0289259
0.909226	0.028317
0.938296	0.029349
0.967365	0.0288821
0.996435	0.0288436
1.02711	0.0288607
1.05741	0.0285211
1.08847	0.0290233
1.11952	0.0289755
1.15117	0.0289123
1.18223	0.0292886
1.21534	0.0287811
1.24802	0.0290945
1.2807	0.0282933
1.31403	0.0289892
1.34548	0.0288139
1.37795	0.0301242
1.41173	0.0301624
1.44551	0.0294249
1.48201	0.030034
1.51851	0.0294473
1.55474	0.0278416
1.5897	0.0282457
1.62674	0.028418
1.66297	0.0289389
1.69947	0.0295497
1.73544	0.0299429
1.7709	0.0310503
1.80446	0.0326874
1.83757	0.0330385
1.87135	0.0342017
1.90514	0.0342299
1.93825	0.033437
1.9701	0.0348537
2.00321	0.0342422
2.03793	0.0325521
2.07581	0.033056
2.11518	0.0320002
2.1555	0.0324157
2.19788	0.0315792
2.24461	0.0309012
2.29615	0.0317785
2.3511	0.0317705
2.40318	0.0310427
2.45473	0.0337024
2.51028	0.0352886
2.57438	0.0360894
2.64383	0.0373235
2.71959	0.0385368
2.79102	0.0399052
2.85858	0.0410081
2.93321	0.0419771
3.01386	0.0433041
3.10157	0.0447183
3.19248	0.045886
3.28508	0.046858
3.39146	0.0484744
3.50015	0.0505435
3.61643	0.0532511
3.73838	0.0569224
3.85202	0.0612761
3.98716	0.0660512
4.17946	0.0720006
4.41756	0.078064
4.57381	0.0815414
4.73006	0.0841382
4.83423	0.0865253
4.93839	0.103388
