y	b	
0	0.941406
0.0198413	0.0172737
0.0396825	0.0190299
0.0626183	0.0205947
0.0855541	0.0223001
0.111327	0.0227155
0.1371	0.0234226
0.16551	0.0257517
0.197155	0.0256534
0.228405	0.0278348
0.259655	0.0277442
0.289958	0.0267635
0.320633	0.0278809
0.353528	0.0278664
0.386208	0.0276913
0.418887	0.02808
0.452444	0.0280954
0.486691	0.0275444
0.520475	0.0270453
0.555936	0.0261431
0.593814	0.0245521
0.632877	0.0228062
0.670756	0.0241917
0.711406	0.0251061
0.752728	0.0260421
0.792728	0.0270885
0.831488	0.0272876
0.871171	0.0277434
0.908765	0.0275813
0.943487	0.0276718
0.978452	0.0279471
1.01495	0.0277066
1.05144	0.0271429
1.08794	0.02738
1.12498	0.0272465
1.16404	0.0273617
1.20404	0.0271093
1.24436	0.0267495
1.28747	0.0256237
1.33334	0.0254758
1.38142	0.0236576
1.42646	0.0221138
1.47748	0.0219542
1.5363	0.0216165
1.60983	0.0214641
1.69458	0.0221018
1.7823	0.024755
1.86427	0.0282215
1.93276	0.0304972
1.993	0.0304458
2.05324	0.033374
2.11276	0.0342124
2.1709	0.0347259
2.22585	0.0367078
2.2774	0.0373797
2.33003	0.0386297
2.38379	0.038546
2.43997	0.0386002
2.49615	0.040272
2.5511	0.0406135
2.60544	0.041551
2.65921	0.040752
2.70775	0.041624
2.7593	0.0423351
2.81084	0.0410675
2.85801	0.0427653
2.90474	0.0442007
2.95236	0.0448896
2.99998	0.046285
3.04628	0.0465192
3.09173	0.0471402
3.1389	0.046471
3.18563	0.0463449
3.23371	0.0474209
3.28421	0.047034
3.34235	0.0483623
3.40117	0.0491937
3.46447	0.0496557
3.52619	0.0512182
3.58433	0.0510706
3.64606	0.0533928
3.71363	0.054788
3.78826	0.0569631
3.873	0.0599011
3.96229	0.0631487
4.07592	0.0678417
4.24259	0.0740396
4.4349	0.0788984
4.59115	0.0822193
4.75782	0.0850556
4.86893	0.0887562
4.97531	0.130401
