y	b	
0	0.941406
0.0196078	0.00895742
0.0392157	0.0122524
0.0640913	0.0149885
0.0889669	0.0173237
0.128649	0.0185366
0.172128	0.0185357
0.234628	0.0196568
0.294869	0.0205944
0.35234	0.0212855
0.411864	0.0225484
0.465055	0.022662
0.515055	0.022926
0.556722	0.0234948
0.597706	0.0236919
0.641953	0.0238026
0.687825	0.0237858
0.732468	0.0228615
0.774485	0.024592
0.813855	0.0253142
0.852614	0.0261704
0.888329	0.0265311
0.9243	0.0279003
0.960014	0.0269316
0.996779	0.0284462
1.03524	0.0277961
1.07589	0.0266985
1.11654	0.0291548
1.15964	0.0286529
1.20202	0.0294567
1.24627	0.0293147
1.29434	0.0300584
1.34196	0.0279837
1.38913	0.0285053
1.43675	0.0294282
1.48348	0.0295554
1.53065	0.0288432
1.58065	0.0296853
1.6322	0.0294966
1.68428	0.0324277
1.73478	0.0307097
1.78429	0.0324668
1.83237	0.0326076
1.88187	0.033021
1.93138	0.0327622
1.9824	0.0331339
2.02827	0.0326541
2.06925	0.032699
2.1099	0.0331849
2.15264	0.0340416
2.19465	0.0361766
2.23776	0.0364628
2.28086	0.0370955
2.32472	0.0369278
2.36709	0.0370668
2.41134	0.0353068
2.45482	0.0371057
2.49755	0.0384377
2.5422	0.0402187
2.58318	0.0415774
2.6245	0.0417629
2.66915	0.0432631
2.71419	0.0434737
2.75805	0.0446305
2.8031	0.0450684
2.85071	0.0450174
2.89457	0.0432988
2.94834	0.0425427
3.0021	0.042505
3.0646	0.0426758
3.13502	0.0428648
3.21439	0.0435038
3.29636	0.0456379
3.377	0.0472284
3.45897	0.0494413
3.55156	0.0512464
3.6496	0.0538722
3.76071	0.056787
3.87435	0.0603589
4.02141	0.0619899
4.20659	0.0728207
4.43386	0.0784898
4.59515	0.0820344
4.75644	0.0833417
4.87272	0.0822214
