y	b	
0	1
0.3125	0.00528917
0.625	0.0105311
0.9375	0.0158298
1.25	0.0210985
1.52778	0.0266549
1.77778	0.03087
1.92063	0.0349741
2.00992	0.0387874
2.09613	0.0393179
2.18233	0.0405512
2.26854	0.0421113
2.35475	0.0431713
2.44403	0.0447613
2.54019	0.0451701
2.64888	0.0467272
2.76516	0.0472391
2.88711	0.0475112
3.00616	0.0476887
3.11486	0.0499215
3.21902	0.0486981
3.32772	0.0543427
3.43641	0.0563182
3.55269	0.0584214
3.67174	0.0619531
3.79079	0.0652501
3.90984	0.0684675
4.10214	0.0710183
4.35214	0.0780809
4.60214	0.0774146
4.91464	0.157928
