y	b	
0	0.851562
0.0252525	0.00264912
0.0505051	0.00235632
0.0811799	0.00247296
0.123197	0.00248936
0.165214	0.00263022
0.244579	0.00255383
0.323944	0.00521251
0.480194	0.00807356
0.636444	0.0110486
0.886444	0.0155191
1.13644	0.0216888
1.29269	0.0259496
1.38703	0.0266671
1.47178	0.0296827
1.55375	0.0306466
1.63571	0.0308928
1.71768	0.0333625
1.80859	0.0332304
1.90474	0.0349076
2.01344	0.0338325
2.11982	0.0362493
2.2361	0.0408628
2.31807	0.0415598
2.40428	0.0367981
2.4812	0.0459617
2.55583	0.0435256
2.63275	0.0410762
2.71749	0.0475276
2.80678	0.0489904
2.90293	0.0474811
3.00293	0.0519193
3.10497	0.0468375
3.21136	0.0513309
3.32499	0.0566377
3.43863	0.0589042
3.55491	0.0610166
3.66855	0.0632156
3.78759	0.0660993
3.90123	0.0689253
4.04829	0.0720807
4.2406	0.0758868
4.4906	0.0805392
4.8031	0.0862976
