y	b	
0	0.890625
0.0200803	0.00295509
0.0401606	0.00270501
0.0704637	0.00232813
0.100767	0.00266965
0.150272	0.00309947
0.200272	0.00553067
0.267839	0.00831207
0.332774	0.01144
0.413419	0.0134869
0.491544	0.0146958
0.566171	0.015356
0.643094	0.0175421
0.734003	0.0170954
0.823289	0.0165341
0.936926	0.0165961
1.06513	0.0183292
1.19671	0.0205287
1.32171	0.0240024
1.44366	0.0279968
1.52431	0.0319174
1.58528	0.032511
1.64342	0.0356268
1.69837	0.0363081
1.76009	0.0359621
1.81757	0.0373026
1.87639	0.037791
1.93257	0.0381765
1.9852	0.0373266
2.03675	0.0383991
2.08482	0.0402014
2.13384	0.0389234
2.18335	0.0387072
2.23543	0.0393662
2.29793	0.0387299
2.36372	0.0397918
2.43129	0.0408915
2.51193	0.0423776
2.60284	0.0418813
2.70488	0.0432977
2.82393	0.0430241
2.93757	0.0484635
3.04626	0.0483394
3.1483	0.0486175
3.25247	0.0535205
3.35885	0.0548947
3.47249	0.0575664
3.59154	0.0561786
3.71059	0.0606473
3.82686	0.0659805
3.94314	0.0690287
4.13545	0.0733637
4.38545	0.0783141
4.69795	0.0842855
