y	b	
0	0.914062
0.0196078	0.0106427
0.0392157	0.0138693
0.0625802	0.0176371
0.0859447	0.0180629
0.122982	0.0209774
0.165717	0.0210474
0.22454	0.0212619
0.284064	0.0223381
0.343588	0.0222637
0.397936	0.0239238
0.446479	0.0245969
0.489583	0.0239599
0.530566	0.0243303
0.569326	0.0232612
0.607494	0.0241301
0.645956	0.0226956
0.685018	0.0237246
0.724701	0.0240563
0.764383	0.0253114
0.80605	0.0244838
0.847717	0.0246432
0.889039	0.026463
0.927799	0.0260175
0.964295	0.0263273
1.00027	0.0275256
1.03598	0.0277374
1.07275	0.0272169
1.11212	0.0284665
1.15597	0.0285062
1.20102	0.0278489
1.24606	0.0278457
1.29152	0.0273818
1.34646	0.0267124
1.40599	0.0261349
1.46696	0.025046
1.52444	0.0261795
1.58257	0.0270195
1.64005	0.0296737
1.69268	0.0299977
1.7437	0.032641
1.79177	0.0306396
1.84128	0.0331457
1.89504	0.032659
1.95251	0.0325557
2.01134	0.0314622
2.05807	0.03138
2.10569	0.0327832
2.15198	0.0335507
2.194	0.0363332
2.23432	0.0368469
2.27634	0.0382292
2.31907	0.0390042
2.3604	0.0390925
2.40172	0.0381623
2.4427	0.038117
2.48402	0.0378907
2.52435	0.038656
2.56859	0.0391412
2.61405	0.039879
2.65909	0.0425717
2.69846	0.0449258
2.73945	0.0458323
2.78146	0.0464602
2.82313	0.0457423
2.86515	0.0456645
2.90515	0.0441634
2.94825	0.0431959
3.00088	0.0424814
3.06186	0.0431889
3.13329	0.0442614
3.21393	0.0439743
3.28746	0.0450047
3.36559	0.0468736
3.44623	0.0484164
3.53098	0.0505651
3.62026	0.0525642
3.73137	0.0559029
3.84007	0.0597683
3.97896	0.0644968
4.15753	0.0713004
4.3848	0.0747266
4.54105	0.0808874
4.6973	0.0837326
4.81358	0.0819908
4.92986	0.0931899
