y	b	
0	0.917969
0.0198413	0.011338
0.0396825	0.0111937
0.068254	0.0112693
0.0968254	0.0113543
0.133322	0.0111283
0.172384	0.0122074
0.219113	0.0125745
0.26541	0.0140553
0.310052	0.0140888
0.353912	0.0145373
0.403912	0.0130853
0.457104	0.0105004
0.514575	0.0104576
0.582142	0.0105636
0.655672	0.00922893
0.751826	0.0122143
0.876826	0.0146585
1.0084	0.0172368
1.13998	0.0195009
1.23998	0.0241939
1.32927	0.0272955
1.38303	0.030243
1.43738	0.0327746
1.485	0.0338713
1.52667	0.0355074
1.5694	0.0353195
1.61177	0.03601
1.65415	0.0356417
1.69616	0.0349991
1.7389	0.0345311
1.77955	0.0368303
1.82419	0.035929
1.87049	0.0358948
1.91081	0.0365647
1.95248	0.0378539
1.99216	0.0391895
2.03184	0.0371731
2.07249	0.0384457
2.11282	0.0377426
2.15414	0.0370459
2.20087	0.0385567
2.25241	0.0379706
2.30343	0.0367748
2.35838	0.0386294
2.42417	0.0356219
2.4956	0.0393082
2.56806	0.0396324
2.65735	0.0419729
2.74826	0.0433069
2.83916	0.0448905
2.93532	0.0462691
3.03147	0.0476033
3.13564	0.0485828
3.25192	0.0520822
3.3682	0.0543339
3.48183	0.0559382
3.59547	0.0588103
3.71742	0.0616566
3.83106	0.0654335
3.96264	0.0689587
4.14782	0.0732631
4.39782	0.0783526
4.71032	0.0844488
