y	b	
0	0.851562
0.0273224	0.00722036
0.0546448	0.00246694
0.0869029	0.00251096
0.130763	0.00235537
0.174622	0.0025421
0.252747	0.00260035
0.330872	0.00489193
0.487122	0.00847952
0.643372	0.010895
0.893372	0.016183
1.14337	0.0202247
1.32856	0.0247262
1.42115	0.0286851
1.50448	0.030191
1.58645	0.0311418
1.66842	0.0314173
1.75175	0.0280835
1.84104	0.0342415
1.93908	0.0349662
2.04546	0.0367115
2.15184	0.037968
2.25822	0.0420757
2.34594	0.0425771
2.42659	0.0393766
2.50012	0.042982
2.57365	0.0461769
2.65057	0.0470665
2.73678	0.0475798
2.82606	0.0477532
2.92606	0.0510142
3.02606	0.0483262
3.1281	0.05381
3.23922	0.0555001
3.35033	0.0573443
3.46144	0.0593326
3.57507	0.0614548
3.68871	0.0636749
3.80499	0.066596
3.92127	0.0694005
4.11358	0.0734326
4.36358	0.0781774
4.61358	0.0828128
4.92608	0.169372
