y	b	
0	0.8125
0.0203252	0.00272601
0.0406504	0.00253093
0.0744342	0.00235674
0.108218	0.00246693
0.165036	0.00288527
0.254322	0.0037894
0.334967	0.00820785
0.431121	0.0126171
0.513088	0.0149079
0.588846	0.0161036
0.663473	0.0160941
0.744118	0.0173433
0.831837	0.0193153
0.918044	0.0192539
1.00895	0.0181938
1.11765	0.0188267
1.22876	0.0196667
1.31209	0.0243091
1.39684	0.0241366
1.47881	0.0258958
1.55343	0.0312839
1.62486	0.0309792
1.6898	0.031793
1.75309	0.0334452
1.81719	0.0339599
1.88298	0.0362943
1.9534	0.0361486
2.0219	0.0346576
2.09436	0.038019
2.16899	0.0386759
2.24041	0.0371292
2.31854	0.0371216
2.39546	0.0372691
2.48318	0.0421012
2.57577	0.0411404
2.67381	0.0424584
2.77381	0.0454581
2.86472	0.0490021
2.95244	0.0498985
3.04173	0.0510011
3.13432	0.0517618
3.24543	0.0536847
3.36738	0.0561126
3.48102	0.0581387
3.5973	0.0605185
3.7223	0.0632875
3.83593	0.0665449
3.96751	0.0698353
4.15982	0.0740126
4.40982	0.0788612
4.72232	0.0847663
