y	b	
0	0.875
0.0201613	0.00316434
0.0403226	0.00277066
0.0743362	0.00263665
0.10835	0.00269829
0.168591	0.00282898
0.272757	0.00368809
0.376924	0.00674036
0.519781	0.0103374
0.641732	0.0158336
0.743773	0.0190078
0.833059	0.0209488
0.919266	0.0208289
1.00401	0.02183
1.09173	0.0223293
1.18432	0.0209545
1.29543	0.0232186
1.42701	0.02348
1.58326	0.0281431
1.6853	0.0300201
1.76223	0.0311212
1.82889	0.0351881
1.89383	0.0346811
1.96232	0.0376725
2.02726	0.0350412
2.08678	0.036563
2.14776	0.0368912
2.208	0.042441
2.26682	0.042967
2.3278	0.0421289
2.3903	0.0410416
2.45879	0.0379193
2.53342	0.0424782
2.63146	0.0440008
2.7258	0.0460321
2.8258	0.0476648
2.92996	0.0493657
3.03635	0.0509344
3.15262	0.053194
3.26132	0.0547372
3.37002	0.0565954
3.48629	0.0586359
3.60257	0.0567335
3.71885	0.0630909
3.83249	0.0667387
3.96407	0.0699553
4.15638	0.0740605
4.40638	0.0788566
4.71888	0.0847171
