y	b	u.x	u.y	u.z	
0.78125	0.00588873	-2.37845e-10	-1.93713e-05	-7.14293e-12
2.78567	0.0209972	-8.48075e-10	-6.90713e-05	-2.54692e-11
4.79009	0.0361056	-1.025e-09	-3.66603e-05	-2.23461e-11
6.79451	0.0512141	-1.11362e-09	1.24842e-05	-1.48518e-11
8.79893	0.0663225	-1.20225e-09	6.16288e-05	-7.35754e-12
10.8033	0.081431	-3.11756e-10	4.16296e-05	2.74632e-12
12.8078	0.0965394	9.73627e-10	-6.25647e-06	1.39027e-11
14.8122	0.111648	2.25901e-09	-5.41425e-05	2.5059e-11
16.8166	0.126756	1.27103e-09	-4.65801e-05	1.52878e-11
18.821	0.141865	-1.26765e-09	-1.19518e-06	-8.75845e-12
20.8254	0.156973	-3.80633e-09	4.41897e-05	-3.28047e-11
22.8299	0.172082	-3.14734e-09	4.80289e-05	-3.15427e-11
24.8343	0.18719	1.02646e-09	6.20181e-06	-2.46241e-12
26.8387	0.202299	5.20027e-09	-3.56253e-05	2.66179e-11
28.8431	0.217407	5.38281e-09	-4.93718e-05	3.52194e-11
30.8475	0.232516	-1.58388e-09	-1.28201e-05	7.13893e-12
32.852	0.247624	-8.55057e-09	2.37317e-05	-2.09416e-11
34.8564	0.262732	-1.11258e-08	4.43805e-05	-4.77459e-11
36.8608	0.277841	1.93567e-10	1.47128e-05	-7.05124e-11
38.8652	0.292949	1.15129e-08	-1.4955e-05	-9.3279e-11
40.8696	0.308058	1.92595e-08	-3.85113e-05	-9.47682e-11
42.874	0.323166	1.30499e-09	-1.81042e-05	5.68054e-11
44.8785	0.338275	-1.66495e-08	2.303e-06	2.08379e-10
46.8829	0.353383	-3.4408e-08	2.25947e-05	3.57013e-10
48.8873	0.368492	-2.53197e-09	1.36622e-05	-2.38566e-10
50.8917	0.3836	2.9344e-08	4.72968e-06	-8.34144e-10
52.8961	0.398708	6.12201e-08	-4.20283e-06	-1.42972e-09
54.9006	0.413817	1.99495e-08	-1.01767e-05	3.21897e-10
56.905	0.428925	-3.07491e-08	-1.57692e-05	2.37605e-09
58.9094	0.444034	-8.14477e-08	-2.13617e-05	4.43021e-09
60.9138	0.459142	-3.71666e-09	-5.14123e-06	7.94491e-10
62.9182	0.474251	1.12873e-07	1.76792e-05	-4.5628e-09
64.9227	0.489359	2.29463e-07	4.04997e-05	-9.9201e-09
66.9271	0.504468	1.48346e-07	2.01454e-05	1.15116e-08
68.9315	0.519576	-3.94155e-08	-2.34974e-05	4.73933e-08
70.9359	0.534685	-2.27177e-07	-6.71402e-05	8.3275e-08
72.9403	0.549793	-1.60411e-08	-5.17145e-05	3.48039e-08
74.9448	0.564902	5.46719e-07	1.57799e-05	-8.80239e-08
76.9492	0.58001	1.10948e-06	8.32743e-05	-2.10852e-07
78.9536	0.595119	1.05095e-06	8.35073e-05	-6.71142e-08
80.958	0.610228	1.10776e-07	-1.17084e-05	4.54898e-07
82.9624	0.625337	-8.29402e-07	-0.000106924	9.7691e-07
84.9668	0.640446	-1.93768e-05	-0.000136707	-2.76435e-07
86.9713	0.655557	-7.99475e-05	-1.03196e-05	-5.76705e-06
88.9757	0.670668	-0.000140518	0.000116067	-1.12577e-05
90.9801	0.68578	-0.000161615	0.000187506	-2.36769e-05
92.9845	0.700898	6.29568e-07	3.73428e-06	-6.82764e-05
94.9889	0.716024	-0.00117986	-0.000112213	-0.000137914
96.9934	0.731134	-0.000323967	-0.000447838	-0.000179367
98.9978	0.74622	0.00465065	9.31536e-06	2.14617e-06
101.002	0.761309	0.0126465	-5.39552e-05	-9.53723e-06
103.007	0.776404	0.0127045	-1.5628e-05	-0.000126083
105.011	0.791507	0.0103699	5.82153e-05	-0.000187447
107.015	0.806597	0.00537757	-0.000316821	0.000205079
109.02	0.821707	0.00148516	6.75806e-05	0.000190743
111.024	0.836831	-0.000234678	0.000230031	1.17415e-05
113.029	0.851944	0.000563687	-0.000128059	5.52945e-05
115.033	0.867062	9.30006e-05	-0.000241304	9.45685e-06
117.038	0.882174	-3.55658e-05	-0.00016333	-3.21619e-06
119.042	0.897284	-2.07821e-05	-5.23495e-06	-1.99306e-06
121.046	0.912394	-5.99842e-06	0.00015286	-7.69938e-07
123.051	0.927503	1.72342e-07	0.000143602	-2.13836e-07
125.055	0.942612	2.73421e-07	1.64083e-05	-1.27797e-07
127.06	0.957721	3.745e-07	-0.000110786	-4.17576e-08
129.064	0.97283	3.93623e-07	-0.000131153	4.5339e-09
131.068	0.987938	3.19769e-07	-3.03262e-05	5.73216e-09
133.073	1.00305	2.45915e-07	7.05003e-05	6.93042e-09
135.077	1.01816	1.81804e-07	0.000108777	6.41465e-09
137.082	1.03326	1.35758e-07	3.10859e-05	2.7211e-09
139.086	1.04837	8.97116e-08	-4.66049e-05	-9.72439e-10
141.091	1.06348	5.13058e-08	-9.27743e-05	-3.29973e-09
143.095	1.07859	3.81538e-08	-3.47591e-05	-1.11124e-09
145.099	1.0937	2.50019e-08	2.32562e-05	1.07724e-09
147.104	1.10881	1.33299e-08	6.99826e-05	2.86425e-09
149.108	1.12391	1.31414e-08	2.91166e-05	1.5361e-09
151.113	1.13902	1.29528e-08	-1.17493e-05	2.07949e-10
153.117	1.15413	1.27643e-08	-5.26153e-05	-1.1202e-09
155.122	1.16924	7.87783e-09	-2.62847e-05	-5.5138e-10
157.126	1.18435	2.97273e-09	3.12092e-07	2.49533e-11
159.13	1.19946	-1.93237e-09	2.69088e-05	6.01286e-10
161.135	1.21457	-5.16649e-10	1.73939e-05	4.15168e-10
163.139	1.22967	1.77781e-09	2.8586e-06	1.23051e-10
165.144	1.24478	4.07227e-09	-1.16767e-05	-1.69067e-10
167.148	1.25989	2.87716e-09	-1.13872e-05	-1.55341e-10
169.152	1.275	5.79079e-10	-6.41198e-06	-4.49461e-11
171.157	1.29011	-1.719e-09	-1.43674e-06	6.5449e-11
173.161	1.30522	-1.64118e-09	2.06879e-06	8.29411e-11
175.166	1.32032	-2.36882e-10	4.75377e-06	4.85652e-11
177.17	1.33543	1.16742e-09	7.43875e-06	1.41893e-11
179.175	1.35054	1.32547e-09	4.40949e-06	-4.15978e-12
181.179	1.36565	3.49681e-10	-3.81862e-06	-7.92752e-12
183.183	1.38076	-6.26108e-10	-1.20467e-05	-1.16952e-11
185.188	1.39587	-9.7317e-10	-1.1988e-05	-9.98433e-12
187.192	1.41097	-3.98472e-10	2.19968e-07	-2.4131e-13
189.197	1.42608	1.76227e-10	1.24279e-05	9.50172e-12
191.201	1.44119	5.26232e-10	1.6992e-05	1.52128e-11
193.205	1.4563	3.19093e-10	2.60251e-06	1.09264e-11
195.21	1.47141	1.11954e-10	-1.17869e-05	6.64002e-12
197.214	1.48652	-6.01198e-11	-2.11628e-05	3.07923e-12
199.219	1.50163	-6.01198e-11	-5.93528e-06	3.07923e-12
