y	b	u.x	u.y	u.z	
3.125	0.0235549	0	0	0
5.08207	0.0383065	0	0	0
7.03914	0.053058	0	0	0
8.99621	0.0678096	0	0	0
10.9533	0.0825612	0	0	0
12.9104	0.0973127	0	0	0
14.8674	0.112064	0	0	0
16.8245	0.126816	0	0	0
18.7816	0.141567	0	0	0
20.7386	0.156319	0	0	0
22.6957	0.171071	0	0	0
24.6528	0.185822	0	0	0
26.6098	0.200574	0	0	0
28.5669	0.215325	0	0	0
30.524	0.230077	0	0	0
32.4811	0.244828	0	0	0
34.4381	0.25958	0	0	0
36.3952	0.274331	0	0	0
38.3523	0.289083	0	0	0
40.3093	0.303835	0	0	0
42.2664	0.318586	0	0	0
44.2235	0.333338	0	0	0
46.1806	0.348089	0	0	0
48.1376	0.362841	0	0	0
50.0947	0.377592	0	0	0
52.0518	0.392344	0	0	0
54.0088	0.407095	0	0	0
55.9659	0.421847	0	0	0
57.923	0.436599	0	0	0
59.88	0.45135	0	0	0
61.8371	0.466102	0	0	0
63.7942	0.480853	0	0	0
65.7513	0.495605	0	0	0
67.7083	0.510356	0	0	0
69.6654	0.525108	0	0	0
71.6225	0.53986	0	0	0
73.5795	0.554611	0	0	0
75.5366	0.569363	0	0	0
77.4937	0.584114	0	0	0
79.4507	0.598866	0	0	0
81.4078	0.613617	0	0	0
83.3649	0.628369	0	0	0
85.322	0.64312	0	0	0
87.279	0.657872	0	0	0
89.2361	0.672624	0	0	0
91.1932	0.687375	0	0	0
93.1502	0.702127	0	0	0
95.1073	0.716878	0	0	0
97.0644	0.73163	0	0	0
99.0215	0.746381	0	0	0
100.979	0.761133	0	0	0
102.936	0.775885	0	0	0
104.893	0.790636	0	0	0
106.85	0.805388	0	0	0
108.807	0.820139	0	0	0
110.764	0.834891	0	0	0
112.721	0.849642	0	0	0
114.678	0.864394	0	0	0
116.635	0.879145	0	0	0
118.592	0.893897	0	0	0
120.549	0.908649	0	0	0
122.506	0.9234	0	0	0
124.463	0.938152	0	0	0
126.42	0.952903	0	0	0
128.378	0.967655	0	0	0
130.335	0.982406	0	0	0
132.292	0.997158	0	0	0
134.249	1.01191	0	0	0
136.206	1.02666	0	0	0
138.163	1.04141	0	0	0
140.12	1.05616	0	0	0
142.077	1.07092	0	0	0
144.034	1.08567	0	0	0
145.991	1.10042	0	0	0
147.948	1.11517	0	0	0
149.905	1.12992	0	0	0
151.862	1.14467	0	0	0
153.819	1.15943	0	0	0
155.777	1.17418	0	0	0
157.734	1.18893	0	0	0
159.691	1.20368	0	0	0
161.648	1.21843	0	0	0
163.605	1.23318	0	0	0
165.562	1.24793	0	0	0
167.519	1.26269	0	0	0
169.476	1.27744	0	0	0
171.433	1.29219	0	0	0
173.39	1.30694	0	0	0
175.347	1.32169	0	0	0
177.304	1.33644	0	0	0
179.261	1.3512	0	0	0
181.218	1.36595	0	0	0
183.175	1.3807	0	0	0
185.133	1.39545	0	0	0
187.09	1.4102	0	0	0
189.047	1.42495	0	0	0
191.004	1.4397	0	0	0
192.961	1.45446	0	0	0
194.918	1.46921	0	0	0
196.875	1.48396	0	0	0
