y	b	u.x	u.y	u.z	
0.78125	0.00588873	-1.52843e-11	-5.29719e-06	-1.53175e-13
2.78567	0.0209972	-5.44984e-11	-1.8888e-05	-5.4617e-13
4.79009	0.0361056	-6.6311e-11	-8.85925e-06	-5.42205e-14
6.79451	0.0512141	-7.25393e-11	5.9829e-06	6.18073e-13
8.79893	0.0663225	-7.87676e-11	2.08251e-05	1.29037e-12
10.8033	0.081431	-2.67516e-11	1.39242e-05	9.49951e-13
12.8078	0.0965394	4.87552e-11	-1.746e-06	2.01093e-13
14.8122	0.111648	1.24262e-10	-1.74162e-05	-5.47765e-13
16.8166	0.126756	6.10318e-11	-1.25187e-05	5.81958e-13
18.821	0.141865	-9.68338e-11	6.4084e-06	2.9931e-12
20.8254	0.156973	-2.547e-10	2.53355e-05	5.40425e-12
22.8299	0.172082	-2.05852e-10	2.47467e-05	3.77792e-12
24.8343	0.18719	7.02108e-11	2.70645e-06	-2.2863e-12
26.8387	0.202299	3.46273e-10	-1.93338e-05	-8.35052e-12
28.8431	0.217407	3.35376e-10	-2.35194e-05	-6.59814e-12
30.8475	0.232516	-1.89528e-10	4.27677e-06	9.15551e-12
32.852	0.247624	-7.14433e-10	3.20729e-05	2.49092e-11
34.8564	0.262732	-8.87391e-10	4.51193e-05	2.89873e-11
36.8608	0.277841	5.31998e-11	1.1498e-05	-3.87532e-12
38.8652	0.292949	9.9379e-10	-2.21234e-05	-3.6738e-11
40.8696	0.308058	1.59889e-09	-4.64565e-05	-5.57636e-11
42.874	0.323166	-2.09409e-10	-3.97302e-06	2.47501e-11
44.8785	0.338275	-2.01771e-09	3.85104e-05	1.05264e-10
46.8829	0.353383	-3.80436e-09	8.06237e-05	1.84636e-10
48.8873	0.368492	-1.09116e-10	2.90175e-05	-2.49479e-11
50.8917	0.3836	3.58612e-09	-2.25887e-05	-2.34532e-10
52.8961	0.398709	7.28136e-09	-7.41949e-05	-4.44115e-10
54.9006	0.413817	1.38071e-09	-2.32642e-05	-1.25203e-11
56.905	0.428925	-5.75678e-09	4.08827e-05	5.01718e-10
58.9094	0.444034	-1.28943e-08	0.00010503	1.01596e-09
60.9138	0.459142	-3.95238e-10	6.0786e-05	7.67776e-11
62.9182	0.474251	1.80452e-08	-1.62531e-05	-1.30216e-09
64.9227	0.489359	3.64856e-08	-9.32922e-05	-2.6811e-09
66.9271	0.504468	1.04229e-08	-5.96337e-05	3.34127e-10
68.9315	0.519576	-3.96449e-08	3.37353e-05	5.71957e-09
70.9359	0.534685	-8.97127e-08	0.000127104	1.1105e-08
72.9403	0.549793	-3.58952e-08	0.000112459	5.94227e-09
74.9448	0.564901	1.09497e-07	2.59981e-06	-8.51864e-09
76.9492	0.58001	2.54889e-07	-0.000107259	-2.29795e-08
78.9536	0.595118	-2.7381e-07	-0.000117999	-9.88172e-09
80.958	0.610227	-1.75909e-06	1.19191e-05	4.23239e-08
82.9624	0.625336	-3.24437e-06	0.000141837	9.45294e-08
84.9668	0.640444	-8.77223e-06	0.000188888	-7.60719e-10
86.9713	0.655553	-2.39486e-05	3.81569e-05	-4.48081e-07
88.9757	0.670662	-3.91249e-05	-0.000112574	-8.95401e-07
90.9801	0.685771	5.76962e-06	-0.000233248	5.43965e-06
92.9845	0.700881	0.000329669	-0.000214321	4.3276e-05
94.9889	0.715994	-0.000312081	0.000225872	-9.41815e-06
96.9934	0.731103	0.000315622	-0.000350555	0.000110769
98.9978	0.746201	0.00392897	-0.000170285	0.000290456
101.002	0.761308	0.00754792	1.78529e-05	1.89785e-05
103.007	0.776415	0.00481211	-0.000137571	-2.48937e-05
105.011	0.791519	0.00130558	4.79409e-05	1.12719e-05
107.015	0.806631	0.000506475	-0.000106175	2.3532e-05
109.02	0.821742	1.05655e-05	-6.08695e-05	5.17599e-05
111.024	0.836853	-8.20103e-05	-8.02196e-05	5.58181e-05
113.029	0.85196	-5.09849e-06	6.39177e-05	2.32399e-05
115.033	0.86707	-1.87175e-06	0.000133027	5.26922e-06
117.038	0.882178	-8.18801e-07	9.58166e-05	-4.0635e-08
119.042	0.897287	-6.76674e-07	1.4057e-05	-4.55284e-08
121.046	0.912396	-5.34547e-07	-6.77027e-05	-5.04218e-08
123.051	0.927504	-3.51497e-07	-6.19003e-05	-4.31415e-08
125.055	0.942613	-1.39609e-07	5.60843e-06	-2.72822e-08
127.06	0.957721	7.22795e-08	7.31171e-05	-1.14229e-08
129.064	0.97283	1.49535e-07	8.20692e-05	-2.55101e-09
131.068	0.987938	7.40533e-08	2.45896e-05	-1.60632e-09
133.073	1.00305	-1.42884e-09	-3.28899e-05	-6.61636e-10
135.077	1.01816	-4.22023e-08	-5.35599e-05	-1.41959e-10
137.082	1.03326	-1.86263e-08	-5.98556e-06	-4.10245e-10
139.086	1.04837	4.94977e-09	4.15888e-05	-6.78532e-10
141.091	1.06348	2.05135e-08	6.86617e-05	-8.01953e-10
143.095	1.07859	9.59473e-09	2.79728e-05	-4.46566e-10
145.099	1.0937	-1.32401e-09	-1.27162e-05	-9.11792e-11
147.104	1.10881	-1.04258e-08	-4.49491e-05	2.07195e-10
149.108	1.12391	-5.42962e-09	-1.15706e-05	6.3198e-11
151.113	1.13902	-4.33429e-10	2.18079e-05	-8.07991e-11
153.117	1.15413	4.56276e-09	5.51864e-05	-2.24796e-10
155.122	1.16924	2.1717e-09	2.6778e-05	-1.4132e-10
157.126	1.18435	-2.48616e-10	-1.87505e-06	-5.69426e-11
159.13	1.19946	-2.66893e-09	-3.05281e-05	2.74346e-11
161.135	1.21457	-1.81647e-09	-1.34932e-05	1.15375e-11
163.139	1.22967	-5.09007e-10	9.89348e-06	-1.83002e-11
165.144	1.24478	7.98453e-10	3.32801e-05	-4.81379e-11
167.148	1.25989	6.30906e-10	2.3461e-05	-4.11475e-11
169.152	1.275	-2.8563e-12	3.14638e-06	-2.25167e-11
171.157	1.29011	-6.36618e-10	-1.71683e-05	-3.88586e-12
173.161	1.30522	-6.27131e-10	-1.37274e-05	-7.8504e-13
175.166	1.32032	-2.58517e-10	2.97637e-06	-6.35467e-12
177.17	1.33543	1.10098e-10	1.96801e-05	-1.19243e-11
179.175	1.35054	1.96586e-10	1.97656e-05	-1.26437e-11
181.179	1.36565	2.63947e-11	4.73187e-06	-8.95044e-12
183.183	1.38076	-1.43797e-10	-1.03019e-05	-5.25714e-12
185.188	1.39587	-2.05415e-10	-1.40299e-05	-3.21957e-12
187.192	1.41097	-1.07857e-10	-1.18266e-06	-3.60941e-12
189.197	1.42608	-1.02987e-11	1.16646e-05	-3.99925e-12
191.201	1.44119	5.09079e-11	1.72359e-05	-4.1029e-12
193.205	1.4563	2.19784e-11	4.76608e-06	-3.49692e-12
195.21	1.47141	-6.95119e-12	-7.7037e-06	-2.89094e-12
197.214	1.48652	-3.09835e-11	-1.61014e-05	-2.38754e-12
199.219	1.50163	-3.09835e-11	-4.51576e-06	-2.38754e-12
