y	b	u.x	u.y	u.z	
0.78125	0.00588873	8.27865e-11	-4.81373e-06	-1.25511e-11
2.78567	0.0209972	2.95188e-10	-1.71641e-05	-4.4753e-11
4.79009	0.0361056	9.7172e-12	-9.76424e-06	-3.8146e-11
6.79451	0.0512141	-3.77216e-10	1.66056e-06	-2.36302e-11
8.79893	0.0663225	-7.64149e-10	1.30854e-05	-9.11434e-12
10.8033	0.081431	-2.92544e-10	1.00031e-05	-3.08703e-12
12.8078	0.0965394	5.25325e-10	1.06981e-06	-4.83275e-13
14.8122	0.111648	1.34319e-09	-7.86344e-06	2.12048e-12
16.8166	0.126756	8.30477e-10	-8.73659e-06	-2.34604e-12
18.821	0.141865	-5.8986e-10	-4.11178e-06	-1.16354e-11
20.8254	0.156973	-2.0102e-09	5.13038e-07	-2.09247e-11
22.8299	0.172082	-1.4506e-09	3.52708e-06	-2.42589e-11
24.8343	0.18719	1.28529e-09	4.77059e-06	-2.10475e-11
26.8387	0.202299	4.02119e-09	6.01411e-06	-1.78362e-11
28.8431	0.217407	4.27522e-09	3.6229e-06	-8.10558e-12
30.8475	0.232516	8.36768e-11	-5.27888e-06	1.33023e-11
32.852	0.247624	-4.10786e-09	-1.41807e-05	3.47102e-11
34.8564	0.262732	-5.32939e-09	-1.66044e-05	2.20872e-11
36.8608	0.277841	2.8461e-09	1.46838e-06	-9.82083e-11
38.8652	0.292949	1.10216e-08	1.95411e-05	-2.18504e-10
40.8696	0.308058	1.68706e-08	3.18666e-05	-2.83474e-10
42.874	0.323166	5.98338e-09	2.84836e-06	4.95452e-11
44.8785	0.338275	-4.90379e-09	-2.61699e-05	3.82565e-10
46.8829	0.353383	-1.56487e-08	-5.49109e-05	7.10762e-10
48.8873	0.368492	9.63353e-09	-1.34749e-05	-1.81903e-10
50.8917	0.3836	3.49157e-08	2.79611e-05	-1.07457e-09
52.8961	0.398708	6.01979e-08	6.93971e-05	-1.96723e-09
54.9006	0.413817	3.78274e-08	2.48284e-05	1.03082e-10
56.905	0.428925	9.31477e-09	-3.08258e-05	2.5553e-09
58.9094	0.444034	-1.91978e-08	-8.64799e-05	5.00752e-09
60.9138	0.459142	5.60263e-08	-4.46683e-05	9.69379e-10
62.9182	0.474251	1.62638e-07	2.66333e-05	-5.03254e-09
64.9227	0.489359	2.6925e-07	9.7935e-05	-1.10345e-08
66.9271	0.504468	2.37755e-07	6.53525e-05	1.38849e-08
68.9315	0.519576	1.31765e-07	-2.32653e-05	5.54832e-08
70.9359	0.534685	2.57749e-08	-0.000111883	9.70815e-08
72.9403	0.549793	3.05105e-07	-9.66373e-05	7.14797e-09
74.9448	0.564902	9.24093e-07	1.01635e-05	-1.9873e-07
76.9492	0.58001	1.54308e-06	0.000116964	-4.04608e-07
78.9536	0.595119	2.30156e-06	0.000127806	-1.43899e-07
80.958	0.610228	3.258e-06	2.47399e-06	7.78929e-07
82.9624	0.625338	4.21444e-06	-0.000122858	1.70176e-06
84.9668	0.640448	-1.98077e-05	-0.000169059	9.98707e-08
86.9713	0.65556	-0.000103447	-2.6398e-05	-7.52779e-06
88.9757	0.670672	-0.000187086	0.000116263	-1.51555e-05
90.9801	0.685786	-0.000242786	0.000206175	-3.57424e-05
92.9845	0.70091	-0.000168721	5.10892e-05	-0.00011652
94.9889	0.716042	-0.0014663	-0.00011278	-9.65997e-05
96.9934	0.731155	-0.000656378	-0.000301119	-0.000181113
98.9978	0.746243	0.00462111	7.71528e-05	-0.00042321
101.002	0.761329	0.0132558	-8.4499e-05	0.000100484
103.007	0.776405	0.0152277	4.92853e-06	0.000225717
105.011	0.791491	0.0147082	-4.865e-05	-0.000200217
107.015	0.806582	0.00945135	-0.000137188	0.000163244
109.02	0.821684	0.00428648	2.97651e-05	0.000375249
111.024	0.836803	0.00056352	0.000243653	0.000146939
113.029	0.851931	0.00143408	-0.000139157	0.000103662
115.033	0.867054	0.000184489	-0.00029388	2.59115e-05
117.038	0.882169	-0.000142693	-0.000196204	1.92347e-06
119.042	0.89728	-8.33807e-05	7.22915e-06	4.62176e-07
121.046	0.912392	-2.40683e-05	0.000210662	-9.99122e-07
123.051	0.927502	3.5724e-07	0.000190473	-1.28593e-06
125.055	0.942611	1.97438e-07	1.26952e-05	-7.45046e-07
127.06	0.95772	3.76358e-08	-0.000165083	-2.04165e-07
129.064	0.972829	1.10573e-07	-0.000187231	6.97849e-08
131.068	0.987938	4.47549e-07	-3.28179e-05	4.0907e-08
133.073	1.00305	7.84526e-07	0.000121595	1.20291e-08
135.077	1.01816	8.88236e-07	0.000175338	-5.65212e-09
137.082	1.03326	5.59474e-07	4.24428e-05	-2.57502e-09
139.086	1.04837	2.30713e-07	-9.04528e-05	5.02073e-10
141.091	1.06348	-8.6632e-09	-0.000166049	2.98919e-09
143.095	1.07859	4.73996e-08	-5.22572e-05	3.52631e-09
145.099	1.0937	1.03462e-07	6.15343e-05	4.06342e-09
147.104	1.10881	1.47075e-07	0.000151294	4.34027e-09
149.108	1.12391	9.40797e-08	5.45887e-05	2.59762e-09
151.113	1.13902	4.10848e-08	-4.21168e-05	8.5497e-10
153.117	1.15413	-1.191e-08	-0.000138822	-8.87678e-10
155.122	1.16924	1.4453e-09	-5.76848e-05	-1.70361e-10
157.126	1.18435	1.50634e-08	2.4157e-05	5.56699e-10
159.13	1.19946	2.86815e-08	0.000105999	1.28376e-09
161.135	1.21457	2.09458e-08	5.56038e-05	8.90883e-10
163.139	1.22967	1.02414e-08	-1.31752e-05	3.42311e-10
165.144	1.24478	-4.62931e-10	-8.19542e-05	-2.06261e-10
167.148	1.25989	-8.85252e-10	-5.4543e-05	-1.79198e-10
169.152	1.275	1.94234e-09	3.27163e-06	2.981e-11
171.157	1.29011	4.76993e-09	6.10863e-05	2.38818e-10
173.161	1.30522	4.51181e-09	5.05665e-05	2.47516e-10
175.166	1.32032	2.53093e-09	1.89528e-06	1.4438e-10
177.17	1.33543	5.5006e-10	-4.67759e-05	4.12441e-11
179.175	1.35054	-2.52004e-10	-4.81544e-05	-1.54443e-12
181.179	1.36565	1.84217e-11	-6.50587e-06	1.05713e-11
183.183	1.38076	2.88847e-10	3.51427e-05	2.2687e-11
185.188	1.39587	3.30332e-10	4.50989e-05	2.99745e-11
187.192	1.41097	3.61709e-11	8.59169e-06	3.01835e-11
189.197	1.42608	-2.5799e-10	-2.79155e-05	3.03925e-11
191.201	1.44119	-4.80243e-10	-4.42994e-05	2.82115e-11
193.205	1.4563	-5.24198e-10	-1.07859e-05	2.01044e-11
195.21	1.47141	-5.68153e-10	2.27275e-05	1.19972e-11
197.214	1.48652	-6.04668e-10	4.50771e-05	5.2625e-12
199.219	1.50163	-6.04668e-10	1.26422e-05	5.2625e-12
