y	b	u.x	u.y	u.z	
0.78125	0.00588873	-8.34238e-12	-3.36847e-06	9.55877e-14
2.78567	0.0209972	-2.9746e-11	-1.20108e-05	3.40833e-13
4.79009	0.0361056	-3.4712e-11	-6.04793e-06	8.07677e-13
6.79451	0.0512141	-3.63281e-11	2.89138e-06	1.31968e-12
8.79893	0.0663225	-3.79442e-11	1.18307e-05	1.83168e-12
10.8033	0.081431	-1.5507e-11	7.19074e-06	1.29599e-12
12.8078	0.0965394	1.66313e-11	-2.92593e-06	3.37739e-13
14.8122	0.111648	4.87696e-11	-1.30426e-05	-6.2051e-13
16.8166	0.126756	1.97195e-11	-1.00129e-05	6.85873e-13
18.821	0.141865	-5.10685e-11	1.98419e-06	3.53701e-12
20.8254	0.156973	-1.21857e-10	1.39813e-05	6.38815e-12
22.8299	0.172082	-1.00263e-10	1.31626e-05	5.29642e-12
24.8343	0.18719	2.28728e-11	-1.74292e-06	-1.2923e-13
26.8387	0.202299	1.46009e-10	-1.66484e-05	-5.55488e-12
28.8431	0.217407	1.37949e-10	-1.94922e-05	-4.46229e-12
30.8475	0.232516	-1.05112e-10	-7.30904e-07	8.30587e-12
32.852	0.247624	-3.48173e-10	1.80304e-05	2.1074e-11
34.8564	0.262732	-4.24995e-10	2.65119e-05	2.48074e-11
36.8608	0.277841	2.41577e-11	2.46846e-06	-4.51502e-14
38.8652	0.292949	4.73311e-10	-2.1575e-05	-2.48977e-11
40.8696	0.308058	7.60068e-10	-3.89418e-05	-3.96731e-11
42.874	0.323166	-1.214e-10	-8.27821e-06	1.80429e-11
44.8785	0.338275	-1.00287e-09	2.23853e-05	7.57589e-11
46.8829	0.353383	-1.87358e-09	5.27733e-05	1.32768e-10
48.8873	0.368492	-2.05931e-11	1.33888e-05	1.08007e-11
50.8917	0.3836	1.83239e-09	-2.59956e-05	-1.11166e-10
52.8961	0.398709	3.68537e-09	-6.53801e-05	-2.33134e-10
54.9006	0.413817	5.42855e-10	-2.55783e-05	1.14552e-11
56.905	0.428925	-3.24354e-09	2.443e-05	3.0329e-10
58.9094	0.444034	-7.02995e-09	7.44382e-05	5.95125e-10
60.9138	0.459142	-2.06042e-10	3.73242e-05	1.13646e-10
62.9182	0.474251	9.82821e-09	-2.61503e-05	-6.01815e-10
64.9227	0.489359	1.98625e-08	-8.96249e-05	-1.31728e-09
66.9271	0.504468	4.06054e-09	-6.04123e-05	9.51718e-11
68.9315	0.519576	-2.56775e-08	1.87958e-05	2.65542e-09
70.9359	0.534685	-5.54155e-08	9.80039e-05	5.21566e-09
72.9403	0.549793	-2.1302e-08	8.32383e-05	2.05662e-09
74.9448	0.564901	6.90962e-08	-1.43645e-05	-6.14395e-09
76.9492	0.58001	1.59494e-07	-0.000111967	-1.43445e-08
78.9536	0.595118	-2.42723e-07	-0.000120476	4.74505e-10
80.958	0.610227	-1.344e-06	-2.55337e-06	4.79599e-08
82.9624	0.625336	-2.44527e-06	0.000115369	9.54454e-08
84.9668	0.640444	-6.38791e-06	0.000156907	4.08694e-08
86.9713	0.655553	-1.71121e-05	1.61383e-05	-2.57298e-07
88.9757	0.670662	-2.78362e-05	-0.000124631	-5.55466e-07
90.9801	0.685771	2.35869e-05	-0.000234513	5.61481e-06
92.9845	0.70088	0.000363659	-0.000200937	4.18284e-05
94.9889	0.715992	-0.000220417	0.000193523	4.24532e-06
96.9934	0.731101	0.000440669	-0.000299532	9.44856e-05
98.9978	0.746201	0.00372222	-0.000144141	0.000256836
101.002	0.761309	0.00655249	9.3964e-07	2.32419e-05
103.007	0.776416	0.0036994	-0.000102957	-4.05228e-05
105.011	0.791521	0.000826031	3.82905e-05	2.18766e-05
107.015	0.806633	0.00036695	-0.00010862	2.4981e-05
109.02	0.821743	5.13545e-06	-7.79328e-05	3.8057e-05
111.024	0.836853	-0.000101557	-7.11664e-05	3.6866e-05
113.029	0.851961	-9.96098e-06	3.24772e-05	1.69084e-05
115.033	0.86707	-2.85938e-06	9.14269e-05	3.82614e-06
117.038	0.882179	-6.67891e-07	6.26705e-05	-3.02825e-08
119.042	0.897287	-5.33769e-07	-2.83532e-06	-2.10309e-08
121.046	0.912396	-3.99647e-07	-6.83412e-05	-1.17793e-08
123.051	0.927504	-2.57543e-07	-6.21648e-05	-7.22288e-09
125.055	0.942613	-1.09816e-07	-5.47279e-06	-5.97514e-09
127.06	0.957721	3.79115e-08	5.12192e-05	-4.7274e-09
129.064	0.97283	9.38045e-08	5.8658e-05	-3.3873e-09
131.068	0.987938	4.55131e-08	1.02199e-05	-1.94242e-09
133.073	1.00305	-2.77835e-09	-3.82182e-05	-4.97544e-10
135.077	1.01816	-2.87473e-08	-5.53553e-05	3.06586e-10
137.082	1.03326	-1.33305e-08	-1.44606e-05	-7.72223e-11
139.086	1.04837	2.08628e-09	2.6434e-05	-4.61031e-10
141.091	1.06348	1.23666e-08	4.99377e-05	-6.859e-10
143.095	1.07859	5.66989e-09	1.59606e-05	-3.85444e-10
145.099	1.0937	-1.02682e-09	-1.80166e-05	-8.49872e-11
147.104	1.10881	-6.61118e-09	-4.49111e-05	1.68551e-10
149.108	1.12391	-3.56451e-09	-1.68496e-05	5.80393e-11
151.113	1.13902	-5.17852e-10	1.12119e-05	-5.24721e-11
153.117	1.15413	2.52881e-09	3.92734e-05	-1.62984e-10
155.122	1.16924	1.16974e-09	1.64447e-05	-1.01708e-10
157.126	1.18435	-2.06778e-10	-6.58554e-06	-3.9752e-11
159.13	1.19946	-1.5833e-09	-2.96158e-05	2.22039e-11
161.135	1.21457	-1.10124e-09	-1.58394e-05	9.80988e-12
163.139	1.22967	-3.60788e-10	3.05408e-06	-1.29206e-11
165.144	1.24478	3.79659e-10	2.19475e-05	-3.5651e-11
167.148	1.25989	2.99693e-10	1.47118e-05	-3.01401e-11
169.152	1.275	-3.95861e-11	-7.82781e-07	-1.57028e-11
171.157	1.29011	-3.78865e-10	-1.62773e-05	-1.26544e-12
173.161	1.30522	-3.72081e-10	-1.36156e-05	6.31823e-13
175.166	1.32032	-1.72088e-10	-8.17048e-07	-4.47207e-12
177.17	1.33543	2.7905e-11	1.19815e-05	-9.57597e-12
179.175	1.35054	7.83545e-11	1.24622e-05	-1.00983e-11
181.179	1.36565	-7.25127e-12	1.73603e-06	-6.45238e-12
183.183	1.38076	-9.28571e-11	-8.9901e-06	-2.80643e-12
185.188	1.39587	-1.23113e-10	-1.16081e-05	-1.06455e-12
187.192	1.41097	-7.22206e-11	-2.33905e-06	-2.1142e-12
189.197	1.42608	-2.13286e-11	6.93001e-06	-3.16384e-12
191.201	1.44119	1.1005e-11	1.11225e-05	-3.69974e-12
193.205	1.4563	-2.67848e-12	2.72732e-06	-2.96179e-12
195.21	1.47141	-1.63619e-11	-5.66787e-06	-2.22383e-12
197.214	1.48652	-2.7729e-11	-1.12693e-05	-1.6108e-12
199.219	1.50163	-2.7729e-11	-3.16056e-06	-1.6108e-12
