y	b	u.x	u.y	u.z	
0.78125	0.00588873	2.71851e-09	1.60181e-05	3.71117e-12
2.78567	0.0209972	9.69328e-09	5.7115e-05	1.32327e-11
4.79009	0.0361056	7.58376e-09	2.92705e-05	-1.27343e-11
6.79451	0.0512141	3.62294e-09	-1.26237e-05	-4.59336e-11
8.79893	0.0663225	-3.37879e-10	-5.45179e-05	-7.91329e-11
10.8033	0.081431	-7.87595e-10	-3.5233e-05	-6.87532e-11
12.8078	0.0965394	1.78774e-10	8.72628e-06	-4.07974e-11
14.8122	0.111648	1.14514e-09	5.26856e-05	-1.28417e-11
16.8166	0.126756	1.64021e-09	4.2224e-05	-5.32816e-11
18.821	0.141865	1.81379e-09	-5.35935e-06	-1.40376e-10
20.8254	0.156973	1.98736e-09	-5.29427e-05	-2.2747e-10
22.8299	0.172082	2.77374e-09	-5.28352e-05	-2.19194e-10
24.8343	0.18719	4.2337e-09	-3.06983e-07	-1.06089e-10
26.8387	0.202299	5.69366e-09	5.22212e-05	7.01651e-12
28.8431	0.217407	6.90694e-09	6.47677e-05	-2.83339e-11
30.8475	0.232516	7.67838e-09	5.69835e-06	-3.29601e-10
32.852	0.247624	8.44981e-09	-5.33711e-05	-6.30868e-10
34.8564	0.262732	1.01786e-08	-8.21748e-05	-7.71589e-10
36.8608	0.277841	1.49366e-08	-1.52193e-05	-4.04353e-10
38.8652	0.292949	1.96945e-08	5.17363e-05	-3.71163e-11
40.8696	0.308058	2.4366e-08	0.000101181	1.63393e-10
42.874	0.323166	2.84157e-08	2.46567e-05	-8.35477e-10
44.8785	0.338275	3.24654e-08	-5.18675e-05	-1.83435e-09
46.8829	0.353383	3.65753e-08	-0.000127746	-2.82355e-09
48.8873	0.368492	5.59546e-08	-4.02512e-05	-1.36511e-09
50.8917	0.3836	7.53338e-08	4.7244e-05	9.33352e-11
52.8961	0.398709	9.4713e-08	0.000134739	1.55178e-09
54.9006	0.413817	1.15607e-07	5.58843e-05	-2.20074e-09
56.905	0.428925	1.36696e-07	-4.44118e-05	-6.62491e-09
58.9094	0.444034	1.57785e-07	-0.000144708	-1.10491e-08
60.9138	0.459142	2.51981e-07	-7.99781e-05	-5.0266e-09
62.9182	0.474251	3.68296e-07	3.46834e-05	4.15671e-09
64.9227	0.489359	4.84612e-07	0.000149345	1.334e-08
66.9271	0.504468	5.87877e-07	0.000104422	1.22571e-08
68.9315	0.519576	6.84104e-07	-2.65811e-05	5.63645e-09
70.9359	0.534685	7.80331e-07	-0.000157584	-9.84159e-10
72.9403	0.549793	1.37448e-06	-0.000139794	-3.4717e-08
74.9448	0.564902	2.40754e-06	9.15698e-06	-9.2349e-08
76.9492	0.58001	3.4406e-06	0.000158108	-1.49981e-07
78.9536	0.59512	5.34631e-06	0.000175893	-5.24613e-07
80.958	0.610229	8.49035e-06	7.54428e-06	-1.34909e-06
82.9624	0.625339	1.16344e-05	-0.000160804	-2.17357e-06
84.9668	0.64045	-2.1977e-05	-0.000224206	-3.95308e-06
86.9713	0.655564	-0.000143313	-3.71307e-05	-8.01198e-06
88.9757	0.670678	-0.000264649	0.000149945	-1.20709e-05
90.9801	0.685795	-0.000377511	0.000269736	-1.93062e-05
92.9845	0.700927	-0.000451009	7.70186e-05	-4.12943e-05
94.9889	0.716067	-0.00194305	-0.000112447	0.000107816
96.9934	0.731187	-0.00120947	-0.000347257	-2.35547e-05
98.9978	0.746268	0.00480213	6.25132e-05	-0.000203335
101.002	0.761358	0.0135285	-0.000106471	0.000134477
103.007	0.776423	0.0175439	-0.000206049	0.000316471
105.011	0.791478	0.0192045	-4.60526e-05	-0.000264815
107.015	0.806548	0.0141497	-0.000146803	-7.90427e-05
109.02	0.821656	0.00781295	-9.03511e-05	0.00034639
111.024	0.836765	0.00252215	0.000114759	9.50411e-05
113.029	0.851904	0.00141887	-0.000170228	0.000132474
115.033	0.867037	-0.000223521	-0.000282537	0.000103729
117.038	0.882162	-0.000495098	-0.00020537	0.000113536
119.042	0.897271	-0.000234646	5.75635e-05	4.53997e-05
121.046	0.912386	-6.32206e-05	0.000278155	1.18362e-05
123.051	0.927499	6.40166e-06	0.000235657	-1.64587e-06
125.055	0.942609	4.28143e-06	7.75674e-06	-9.76369e-07
127.06	0.957719	2.1612e-06	-0.000220144	-3.06866e-07
129.064	0.972828	1.29323e-06	-0.000243026	2.8903e-08
131.068	0.987937	1.84591e-06	-3.33171e-05	-1.3945e-08
133.073	1.00305	2.3986e-06	0.000176391	-5.6793e-08
135.077	1.01815	2.46118e-06	0.00024497	-7.30207e-08
137.082	1.03326	1.61511e-06	5.18944e-05	-3.98944e-08
139.086	1.04837	7.69049e-07	-0.000141181	-6.76816e-09
141.091	1.06348	1.48324e-07	-0.000248038	1.66852e-08
143.095	1.07859	2.72403e-07	-6.99271e-05	8.16772e-09
145.099	1.0937	3.96481e-07	0.000108184	-3.49776e-10
147.104	1.10881	4.87831e-07	0.000247205	-7.49633e-09
149.108	1.12391	3.25238e-07	8.29188e-05	-4.00544e-09
151.113	1.13902	1.62644e-07	-8.1367e-05	-5.14547e-10
153.117	1.15413	5.0205e-11	-0.000245653	2.97634e-09
155.122	1.16924	3.51322e-08	-9.53052e-05	1.64669e-09
157.126	1.18435	7.09971e-08	5.62883e-05	2.97939e-10
159.13	1.19946	1.06862e-07	0.000207882	-1.05081e-09
161.135	1.21457	8.0994e-08	0.000103476	-7.35975e-10
163.139	1.22967	4.65437e-08	-3.65191e-05	-1.89866e-10
165.144	1.24478	1.20934e-08	-0.000176515	3.56244e-10
167.148	1.25989	8.45935e-09	-0.000111444	3.02505e-10
169.152	1.275	1.45656e-08	1.84439e-05	5.91674e-11
171.157	1.29011	2.06718e-08	0.000148331	-1.8417e-10
173.161	1.30522	1.90817e-08	0.000117028	-1.87961e-10
175.166	1.32032	1.31948e-08	-4.27013e-06	-5.80114e-11
177.17	1.33543	7.30795e-09	-0.000125568	7.19378e-11
179.175	1.35054	4.21739e-09	-0.000123375	9.61658e-11
181.179	1.36565	3.67095e-09	-8.82845e-06	2.42079e-11
183.183	1.38076	3.12451e-09	0.000105718	-4.77499e-11
185.188	1.39587	2.44016e-09	0.000129379	-7.4309e-11
187.192	1.41097	1.55362e-09	1.97978e-05	-3.43101e-11
189.197	1.42608	6.67088e-10	-8.97838e-05	5.6888e-12
191.201	1.44119	-1.26832e-10	-0.000137226	2.40457e-11
193.205	1.4563	-6.91103e-10	-3.0588e-05	-1.12601e-11
195.21	1.47141	-1.25537e-09	7.60497e-05	-4.65659e-11
197.214	1.48652	-1.72412e-09	0.00014676	-7.5895e-11
199.219	1.50163	-1.72412e-09	4.11599e-05	-7.5895e-11
