y	b	u.x	u.y	u.z	
0.78125	0.00588873	-4.27982e-11	-9.96518e-06	-2.42086e-12
2.78567	0.0209972	-1.52604e-10	-3.55324e-05	-8.63196e-12
4.79009	0.0361056	-1.87912e-10	-1.80934e-05	-5.69223e-12
6.79451	0.0512141	-2.08039e-10	8.10984e-06	-8.87624e-13
8.79893	0.0663225	-2.28166e-10	3.43131e-05	3.91698e-12
10.8033	0.081431	-7.29638e-11	2.18057e-05	1.72356e-12
12.8078	0.0965394	1.52951e-10	-6.31444e-06	-3.29227e-12
14.8122	0.111648	3.78867e-10	-3.44345e-05	-8.30811e-12
16.8166	0.126756	1.8881e-10	-2.72049e-05	-6.44363e-12
18.821	0.141865	-2.8499e-10	4.13758e-06	1.14062e-13
20.8254	0.156973	-7.58789e-10	3.548e-05	6.67175e-12
22.8299	0.172082	-6.25749e-10	3.48009e-05	3.25686e-12
24.8343	0.18719	1.74317e-10	-1.07558e-06	-1.11197e-11
26.8387	0.202299	9.74382e-10	-3.69521e-05	-2.54962e-11
28.8431	0.217407	9.51023e-10	-4.50291e-05	-2.30575e-11
30.8475	0.232516	-5.47272e-10	-3.31118e-06	9.50101e-12
32.852	0.247624	-2.04557e-09	3.84068e-05	4.20595e-11
34.8564	0.262732	-2.5751e-09	5.83722e-05	4.73534e-11
36.8608	0.277841	-3.95298e-11	9.51321e-06	-3.36171e-11
38.8652	0.292949	2.49604e-09	-3.93457e-05	-1.14588e-10
40.8696	0.308058	4.12641e-09	-7.52612e-05	-1.65865e-10
42.874	0.323166	-7.54987e-10	-1.80658e-05	-3.54035e-12
44.8785	0.338275	-5.63639e-09	3.91297e-05	1.58784e-10
46.8829	0.353383	-1.04619e-08	9.5838e-05	3.18758e-10
48.8873	0.368492	-1.13678e-09	2.92125e-05	-1.16469e-10
50.8917	0.3836	8.18833e-09	-3.74131e-05	-5.51695e-10
52.8961	0.398708	1.75134e-08	-0.000104039	-9.86922e-10
54.9006	0.413817	2.00733e-09	-4.35015e-05	-5.48438e-11
56.905	0.428925	-1.66993e-08	3.34258e-05	1.05347e-09
58.9094	0.444034	-3.5406e-08	0.000110353	2.16178e-09
60.9138	0.459142	-7.73388e-09	6.07405e-05	1.27886e-10
62.9182	0.474251	3.3971e-08	-2.71591e-05	-2.85675e-09
64.9227	0.489359	7.56758e-08	-0.000115059	-5.84138e-09
66.9271	0.504468	2.15408e-08	-8.13821e-05	6.09656e-10
68.9315	0.519576	-8.42905e-08	1.7873e-05	1.21503e-08
70.9359	0.534685	-1.90122e-07	0.000117128	2.3691e-08
72.9403	0.549793	-9.38999e-08	0.000104905	1.57858e-08
74.9448	0.564901	1.80431e-07	-5.58468e-06	-9.26059e-09
76.9492	0.58001	4.54761e-07	-0.000116075	-3.4307e-08
78.9536	0.595118	-2.83319e-07	-0.000130695	-2.25236e-08
80.958	0.610227	-2.45808e-06	-9.27096e-06	4.1524e-08
82.9624	0.625336	-4.63285e-06	0.000112153	1.05572e-07
84.9668	0.640445	-1.34178e-05	0.000158733	-1.64237e-07
86.9713	0.655554	-3.79796e-05	2.66776e-05	-1.23087e-06
88.9757	0.670663	-6.25414e-05	-0.000105377	-2.29749e-06
90.9801	0.685772	-2.95503e-05	-0.000215137	2.8846e-06
92.9845	0.700883	0.00027075	-0.000221343	3.70894e-05
94.9889	0.715998	-0.00050659	0.000190754	-2.95188e-05
96.9934	0.731109	0.000104143	-0.000412876	8.86492e-05
98.9978	0.746203	0.00418179	-0.000151127	0.000295252
101.002	0.761305	0.00925713	2.47095e-05	9.59378e-05
103.007	0.776413	0.00698578	-0.000122413	6.42921e-05
105.011	0.791518	0.00284659	4.48482e-05	2.93261e-05
107.015	0.806627	0.0010689	-8.7403e-05	4.07498e-05
109.02	0.821738	6.40776e-05	-4.97387e-05	5.3376e-05
111.024	0.83685	-7.51467e-05	-4.73073e-05	5.7644e-05
113.029	0.851959	7.2464e-06	2.92885e-05	2.31493e-05
115.033	0.867069	6.94973e-07	7.06862e-05	5.09994e-06
117.038	0.882178	-1.13649e-06	4.60319e-05	-2.00535e-07
119.042	0.897287	-9.90266e-07	-6.29865e-06	-1.59151e-07
121.046	0.912396	-8.44039e-07	-5.86292e-05	-1.17767e-07
123.051	0.927504	-5.7676e-07	-5.03965e-05	-8.26553e-08
125.055	0.942613	-2.24172e-07	5.16105e-07	-5.19646e-08
127.06	0.957721	1.28416e-07	5.14287e-05	-2.1274e-08
129.064	0.97283	2.54301e-07	5.54264e-05	-4.54365e-09
131.068	0.987938	1.22996e-07	6.20011e-06	-3.65107e-09
133.073	1.00305	-8.3097e-09	-4.30262e-05	-2.75848e-09
135.077	1.01816	-7.82475e-08	-5.86702e-05	-2.10675e-09
137.082	1.03326	-3.44107e-08	-1.20528e-05	-1.90156e-09
139.086	1.04837	9.42616e-09	3.45646e-05	-1.69637e-09
141.091	1.06348	3.82417e-08	6.03043e-05	-1.42006e-09
143.095	1.07859	1.74088e-08	1.70391e-05	-9.08715e-10
145.099	1.0937	-3.42417e-09	-2.62262e-05	-3.97366e-10
147.104	1.10881	-2.07126e-08	-6.00626e-05	4.02146e-11
149.108	1.12391	-1.04987e-08	-2.07394e-05	-9.45929e-11
151.113	1.13902	-2.84796e-10	1.85838e-05	-2.294e-10
153.117	1.15413	9.92912e-09	5.7907e-05	-3.64208e-10
155.122	1.16924	4.67738e-09	2.30051e-05	-2.44623e-10
157.126	1.18435	-6.35611e-10	-1.21909e-05	-1.2403e-10
159.13	1.19946	-5.9486e-09	-4.73868e-05	-3.43805e-12
161.135	1.21457	-3.95407e-09	-2.43156e-05	-2.02763e-11
163.139	1.22967	-9.43625e-10	6.85608e-06	-5.62207e-11
165.144	1.24478	2.06682e-09	3.80278e-05	-9.21651e-11
167.148	1.25989	1.60036e-09	2.46098e-05	-7.72316e-11
169.152	1.275	3.49212e-11	-2.90196e-06	-4.62169e-11
171.157	1.29011	-1.53051e-09	-3.04137e-05	-1.52022e-11
173.161	1.30522	-1.49624e-09	-2.46148e-05	-8.85168e-12
175.166	1.32032	-5.68834e-10	-2.18328e-07	-1.62713e-11
177.17	1.33543	3.58567e-10	2.41781e-05	-2.36909e-11
179.175	1.35054	5.6292e-10	2.43286e-05	-2.39692e-11
181.179	1.36565	1.09439e-10	2.42008e-06	-1.77505e-11
183.183	1.38076	-3.44042e-10	-1.94885e-05	-1.15318e-11
185.188	1.39587	-5.07116e-10	-2.43533e-05	-7.78235e-12
187.192	1.41097	-2.4443e-10	-4.23062e-06	-7.65311e-12
189.197	1.42608	1.82563e-11	1.5892e-05	-7.52387e-12
191.201	1.44119	1.81985e-10	2.47606e-05	-7.05143e-12
193.205	1.4563	1.00344e-10	5.72402e-06	-5.72804e-12
195.21	1.47141	1.87025e-11	-1.33126e-05	-4.40464e-12
197.214	1.48652	-4.91185e-11	-2.5964e-05	-3.30528e-12
199.219	1.50163	-4.91185e-11	-7.28183e-06	-3.30528e-12
