y	b	u.x	u.y	u.z	
0.78125	0.00588873	-2.22866e-10	-2.05657e-05	-7.56652e-12
2.78567	0.0209972	-7.94663e-10	-7.33301e-05	-2.69796e-11
4.79009	0.0361056	-9.77671e-10	-3.85956e-05	-2.45512e-11
6.79451	0.0512141	-1.08145e-09	1.39704e-05	-1.76718e-11
8.79893	0.0663225	-1.18522e-09	6.65365e-05	-1.07923e-11
10.8033	0.081431	-3.17787e-10	4.46319e-05	1.60499e-12
12.8078	0.0965394	9.41356e-10	-7.30779e-06	1.62277e-11
14.8122	0.111648	2.2005e-09	-5.92475e-05	3.08504e-11
16.8166	0.126756	1.22231e-09	-5.01565e-05	1.90105e-11
18.821	0.141865	-1.28202e-09	5.64848e-07	-1.08801e-11
20.8254	0.156973	-3.78635e-09	5.12862e-05	-4.07708e-11
22.8299	0.172082	-3.14767e-09	5.46681e-05	-4.11989e-11
24.8343	0.18719	9.45732e-10	6.01553e-06	-9.24259e-12
26.8387	0.202299	5.03913e-09	-4.2637e-05	2.27138e-11
28.8431	0.217407	5.18961e-09	-5.75999e-05	3.28264e-11
30.8475	0.232516	-1.72255e-09	-1.22171e-05	3.81218e-12
32.852	0.247624	-8.6347e-09	3.31657e-05	-2.5202e-11
34.8564	0.262732	-1.12106e-08	5.79384e-05	-5.37793e-11
36.8608	0.277841	-6.64847e-11	1.75013e-05	-8.09742e-11
38.8652	0.292949	1.10776e-08	-2.29357e-05	-1.08169e-10
40.8696	0.308058	1.86603e-08	-5.43676e-05	-1.12411e-10
42.874	0.323166	6.2421e-10	-2.10191e-05	4.84682e-11
44.8785	0.338275	-1.74119e-08	1.23293e-05	2.09347e-10
46.8829	0.353383	-3.52532e-08	4.5454e-05	3.67127e-10
48.8873	0.368492	-3.75549e-09	2.19334e-05	-2.59381e-10
50.8917	0.3836	2.77422e-08	-1.58715e-06	-8.85889e-10
52.8961	0.398708	5.92399e-08	-2.51077e-05	-1.5124e-09
54.9006	0.413817	1.67864e-08	-1.84348e-05	2.41967e-10
56.905	0.428925	-3.51988e-08	-7.87011e-06	2.30321e-09
58.9094	0.444034	-8.7184e-08	2.69457e-06	4.36445e-09
60.9138	0.459142	-1.0745e-08	9.72209e-06	6.5873e-10
62.9182	0.474251	1.04551e-07	1.56794e-05	-4.79189e-09
64.9227	0.489359	2.19847e-07	2.16367e-05	-1.02425e-08
66.9271	0.504468	1.31514e-07	6.77214e-06	1.01247e-08
68.9315	0.519576	-6.66573e-08	-1.93237e-05	4.44181e-08
70.9359	0.534685	-2.64829e-07	-4.54195e-05	7.87115e-08
72.9403	0.549793	-6.15925e-08	-3.11394e-05	3.91602e-08
74.9448	0.564901	4.95482e-07	1.8732e-05	-6.54847e-08
76.9492	0.58001	1.05256e-06	6.86034e-05	-1.7013e-07
78.9536	0.595119	8.4604e-07	6.60161e-05	-5.24605e-08
80.958	0.610228	-4.44067e-07	-1.10138e-05	3.80688e-07
82.9624	0.625337	-1.73417e-06	-8.80437e-05	8.13836e-07
84.9668	0.640446	-1.91951e-05	-0.000110582	-2.86793e-07
86.9713	0.655557	-7.52512e-05	-3.06565e-06	-5.04811e-06
88.9757	0.670667	-0.000131307	0.000104451	-9.80943e-06
90.9801	0.685778	-0.000143439	0.000161748	-1.94706e-05
92.9845	0.700896	4.8438e-05	-1.42031e-05	-5.18897e-05
94.9889	0.716021	-0.00111289	-9.13362e-05	-0.000110119
96.9934	0.73113	-0.000212623	-0.000453482	-0.000147501
98.9978	0.746216	0.00471042	-1.17319e-05	2.61162e-05
101.002	0.761307	0.0124605	-5.46149e-05	-2.6504e-05
103.007	0.776405	0.0121301	-3.38811e-05	-0.000142148
105.011	0.791509	0.00951736	6.77524e-05	-0.000171197
107.015	0.806601	0.00455633	-0.000260538	0.000206175
109.02	0.821712	0.00114269	4.80911e-05	0.000121906
111.024	0.836835	-0.000265674	0.000196118	-4.14846e-06
113.029	0.851947	0.000427084	-0.000111499	4.58087e-05
115.033	0.867063	7.49725e-05	-0.000211507	7.95131e-06
117.038	0.882175	-2.24826e-05	-0.000142374	-2.51383e-06
119.042	0.897285	-1.32351e-05	-2.37056e-06	-1.50145e-06
121.046	0.912395	-3.98757e-06	0.000137633	-4.89082e-07
123.051	0.927504	-4.77794e-08	0.000129924	-5.88349e-08
125.055	0.942612	1.5157e-07	1.81204e-05	-3.88192e-08
127.06	0.957721	3.5092e-07	-9.36836e-05	-1.88035e-08
129.064	0.97283	4.02608e-07	-0.000112672	-5.26898e-09
131.068	0.987938	2.86776e-07	-2.63627e-05	9.12714e-10
133.073	1.00305	1.70944e-07	5.99465e-05	7.0944e-09
135.077	1.01816	9.19776e-08	9.37169e-05	9.33678e-09
137.082	1.03326	8.13601e-08	3.00809e-05	4.27573e-09
139.086	1.04837	7.07425e-08	-3.35552e-05	-7.85324e-10
141.091	1.06348	5.76362e-08	-7.22124e-05	-4.09489e-09
143.095	1.07859	3.63039e-08	-2.83092e-05	-1.6154e-09
145.099	1.0937	1.49716e-08	1.55939e-05	8.64079e-10
147.104	1.10881	-3.21091e-09	5.13703e-05	2.90624e-09
149.108	1.12391	3.04661e-09	2.40903e-05	1.55515e-09
151.113	1.13902	9.30412e-09	-3.18965e-06	2.04067e-10
153.117	1.15413	1.55616e-08	-3.04697e-05	-1.14702e-09
155.122	1.16924	8.49721e-09	-1.70457e-05	-5.88794e-10
157.126	1.18435	1.38002e-09	-3.46062e-06	-2.30055e-11
159.13	1.19946	-5.73717e-09	1.01245e-05	5.42783e-10
161.135	1.21457	-3.17495e-09	9.39746e-06	3.79133e-10
163.139	1.22967	7.32948e-10	6.68071e-06	1.14073e-10
165.144	1.24478	4.64084e-09	3.96395e-06	-1.50986e-10
167.148	1.25989	3.33483e-09	-1.0279e-06	-1.44831e-10
169.152	1.275	3.80818e-10	-6.73884e-06	-5.29505e-11
171.157	1.29011	-2.57319e-09	-1.24498e-05	3.89297e-11
173.161	1.30522	-2.43904e-09	-6.81198e-06	5.74223e-11
175.166	1.32032	-5.80753e-10	5.16186e-06	3.49424e-11
177.17	1.33543	1.27753e-09	1.71357e-05	1.24624e-11
179.175	1.35054	1.55097e-09	1.42188e-05	-1.65905e-12
181.179	1.36565	3.82505e-10	-2.24574e-06	-8.17585e-12
183.183	1.38076	-7.85959e-10	-1.87103e-05	-1.46926e-11
185.188	1.39587	-1.19496e-09	-2.06172e-05	-1.41682e-11
187.192	1.41097	-4.90545e-10	-1.18154e-06	-3.32067e-12
189.197	1.42608	2.13875e-10	1.82541e-05	7.52683e-12
191.201	1.44119	6.44535e-10	2.60294e-05	1.40607e-11
193.205	1.4563	3.96393e-10	4.89186e-06	9.89865e-12
195.21	1.47141	1.4825e-10	-1.62457e-05	5.73659e-12
197.214	1.48652	-5.78863e-11	-3.01345e-05	2.27909e-12
199.219	1.50163	-5.78863e-11	-8.45147e-06	2.27909e-12
