y	b	u.x	u.y	u.z	
0.78125	0.00588873	-8.0405e-11	-8.16497e-06	-1.00351e-11
2.78567	0.0209972	-2.86697e-10	-2.91135e-05	-3.57815e-11
4.79009	0.0361056	-4.85072e-10	-1.60472e-05	-3.0284e-11
6.79451	0.0512141	-6.81835e-10	3.95105e-06	-1.84191e-11
8.79893	0.0663225	-8.78598e-10	2.39493e-05	-6.55431e-12
10.8033	0.081431	-2.69333e-10	1.72347e-05	2.14357e-13
12.8078	0.0965394	6.65015e-10	-2.53612e-07	4.92766e-12
14.8122	0.111648	1.59936e-09	-1.77419e-05	9.64096e-12
16.8166	0.126756	9.45362e-10	-1.70417e-05	3.88153e-12
18.821	0.141865	-7.92088e-10	-3.9348e-06	-9.02159e-12
20.8254	0.156973	-2.52954e-09	9.17213e-06	-2.19247e-11
22.8299	0.172082	-1.94318e-09	1.26286e-05	-2.18817e-11
24.8343	0.18719	1.19744e-09	5.47759e-06	-7.60863e-12
26.8387	0.202299	4.33807e-09	-1.67346e-06	6.66444e-12
28.8431	0.217407	4.56714e-09	-6.49555e-06	1.7922e-11
30.8475	0.232516	-4.19045e-10	-7.14597e-06	2.37781e-11
32.852	0.247624	-5.40523e-09	-7.7964e-06	2.96342e-11
34.8564	0.262732	-7.01659e-09	-5.89369e-06	1.33442e-11
36.8608	0.277841	2.04984e-09	4.08704e-06	-7.30151e-11
38.8652	0.292949	1.11163e-08	1.40678e-05	-1.59374e-10
40.8696	0.308058	1.75041e-08	2.0257e-05	-1.99304e-10
42.874	0.323166	4.62308e-09	-8.28844e-07	9.47703e-11
44.8785	0.338275	-8.25795e-09	-2.19147e-05	3.88844e-10
46.8829	0.353383	-2.09819e-08	-4.27853e-05	6.78579e-10
48.8873	0.368492	6.06018e-09	-9.1735e-06	-1.30158e-10
50.8917	0.3836	3.31023e-08	2.44383e-05	-9.38895e-10
52.8961	0.398708	6.01443e-08	5.80501e-05	-1.74763e-09
54.9006	0.413817	3.27815e-08	1.95482e-05	3.51756e-10
56.905	0.428925	-1.59363e-09	-2.82486e-05	2.82598e-09
58.9094	0.444034	-3.59688e-08	-7.60454e-05	5.3002e-09
60.9138	0.459142	3.94951e-08	-3.85639e-05	1.18183e-09
62.9182	0.474251	1.48193e-07	2.47201e-05	-4.93125e-09
64.9227	0.489359	2.56891e-07	8.80041e-05	-1.10443e-08
66.9271	0.504468	2.13337e-07	5.79585e-05	1.43777e-08
68.9315	0.519576	8.76598e-08	-2.24292e-05	5.68098e-08
70.9359	0.534685	-3.80178e-08	-0.000102817	9.92418e-08
72.9403	0.549793	2.17634e-07	-8.7923e-05	1.39521e-08
74.9448	0.564902	8.09426e-07	1.09609e-05	-1.83924e-07
76.9492	0.58001	1.40122e-06	0.000109845	-3.81799e-07
78.9536	0.595119	2.00829e-06	0.000118546	-1.1179e-07
80.958	0.610228	2.63703e-06	-7.2992e-07	8.22182e-07
82.9624	0.625338	3.26578e-06	-0.000120005	1.75615e-06
84.9668	0.640447	-1.97055e-05	-0.000162185	2.19415e-07
86.9713	0.655559	-9.90032e-05	-2.03573e-05	-7.21421e-06
88.9757	0.670671	-0.000178301	0.00012147	-1.46478e-05
90.9801	0.685784	-0.000228277	0.000208261	-3.52907e-05
92.9845	0.700907	-0.000142065	3.94285e-05	-0.000117285
94.9889	0.716039	-0.00143638	-0.00012779	-0.000112952
96.9934	0.731151	-0.000612615	-0.000343896	-0.000204044
98.9978	0.746238	0.00461105	6.31905e-05	-0.000375377
101.002	0.761325	0.0129755	-4.76822e-05	0.000130514
103.007	0.776403	0.0148369	7.30528e-05	0.000167618
105.011	0.791496	0.0138501	2.03718e-05	-0.000215567
107.015	0.806586	0.00868119	-0.000175411	0.000176128
109.02	0.821688	0.00367476	4.70571e-05	0.000354789
111.024	0.83681	0.000278826	0.000235477	0.000129166
113.029	0.851934	0.00123872	-0.000127428	9.67356e-05
115.033	0.867056	0.000166747	-0.000275184	2.19199e-05
117.038	0.88217	-0.000115831	-0.000184865	-4.19176e-07
119.042	0.897281	-6.76483e-05	5.20792e-06	-7.70174e-07
121.046	0.912392	-1.94656e-05	0.000195281	-1.12117e-06
123.051	0.927502	3.83737e-07	0.000176945	-1.01413e-06
125.055	0.942611	2.66001e-07	1.17402e-05	-5.84295e-07
127.06	0.957721	1.48264e-07	-0.000153465	-1.54462e-07
129.064	0.972829	1.91877e-07	-0.000174085	6.26746e-08
131.068	0.987938	4.18536e-07	-3.06758e-05	3.85114e-08
133.073	1.00305	6.45195e-07	0.000112733	1.43483e-08
135.077	1.01816	7.02744e-07	0.000162797	-1.10875e-09
137.082	1.03326	4.46763e-07	3.98007e-05	-4.24664e-10
139.086	1.04837	1.90782e-07	-8.31957e-05	2.59424e-10
141.091	1.06348	3.51072e-09	-0.000153366	1.0615e-09
143.095	1.07859	4.33392e-08	-4.89329e-05	2.25355e-09
145.099	1.0937	8.31677e-08	5.54998e-05	3.4456e-09
147.104	1.10881	1.1387e-07	0.00013803	4.29785e-09
149.108	1.12391	7.37591e-08	5.06159e-05	2.51352e-09
151.113	1.13902	3.36482e-08	-3.67983e-05	7.29196e-10
153.117	1.15413	-6.4626e-09	-0.000124213	-1.05513e-09
155.122	1.16924	2.6053e-09	-5.24605e-05	-3.09714e-10
157.126	1.18435	1.1868e-08	1.99218e-05	4.45719e-10
159.13	1.19946	2.11306e-08	9.23042e-05	1.20115e-09
161.135	1.21457	1.55891e-08	4.92493e-05	8.3668e-10
163.139	1.22967	7.98941e-09	-9.85402e-06	3.16514e-10
165.144	1.24478	3.89742e-10	-6.89574e-05	-2.03652e-10
167.148	1.25989	-1.58426e-10	-4.67366e-05	-1.80889e-10
169.152	1.275	1.52222e-09	1.18873e-06	1.34814e-11
171.157	1.29011	3.20286e-09	4.91141e-05	2.07851e-10
173.161	1.30522	3.01566e-09	4.14921e-05	2.1802e-10
175.166	1.32032	1.78563e-09	2.85794e-06	1.25347e-10
177.17	1.33543	5.55604e-10	-3.57762e-05	3.26747e-11
179.175	1.35054	-3.12163e-12	-3.76883e-05	-5.38585e-12
181.179	1.36565	4.89084e-11	-6.1904e-06	6.23976e-12
183.183	1.38076	1.00938e-10	2.53075e-05	1.78654e-11
185.188	1.39587	8.00865e-11	3.33695e-05	2.52061e-11
187.192	1.41097	-4.76158e-11	7.07249e-06	2.6265e-11
189.197	1.42608	-1.75318e-10	-1.92245e-05	2.73238e-11
191.201	1.44119	-2.81094e-10	-3.12777e-05	2.61274e-11
193.205	1.4563	-3.32502e-10	-8.01241e-06	1.9339e-11
195.21	1.47141	-3.83911e-10	1.52529e-05	1.25506e-11
197.214	1.48652	-4.26616e-10	3.08251e-05	6.91137e-12
199.219	1.50163	-4.26616e-10	8.64516e-06	6.91137e-12
