y	b	u.x	u.y	u.z	
0.78125	0.00588873	1.34526e-09	7.78272e-06	-8.96892e-12
2.78567	0.0209972	4.79672e-09	2.77505e-05	-3.19801e-11
4.79009	0.0361056	3.66781e-09	1.38449e-05	-3.5783e-11
6.79451	0.0512141	1.60545e-09	-6.96381e-06	-3.56714e-11
8.79893	0.0663225	-4.569e-10	-2.77725e-05	-3.55598e-11
10.8033	0.081431	-5.79063e-10	-1.74427e-05	-3.21683e-11
12.8078	0.0965394	8.12841e-11	5.44587e-06	-2.7454e-11
14.8122	0.111648	7.41631e-10	2.83344e-05	-2.27396e-11
16.8166	0.126756	8.27978e-10	2.18233e-05	-3.47533e-11
18.821	0.141865	5.22787e-10	-4.74203e-06	-5.81776e-11
20.8254	0.156973	2.17597e-10	-3.13073e-05	-8.16018e-11
22.8299	0.172082	7.87981e-10	-3.02257e-05	-8.87838e-11
24.8343	0.18719	2.32078e-09	1.24464e-06	-7.81125e-11
26.8387	0.202299	3.85357e-09	3.2715e-05	-6.74413e-11
28.8431	0.217407	4.44811e-09	3.93405e-05	-7.84049e-11
30.8475	0.232516	3.36202e-09	1.46344e-06	-1.28121e-10
32.852	0.247624	2.27594e-09	-3.64137e-05	-1.77838e-10
34.8564	0.262732	2.73937e-09	-5.42833e-05	-2.25214e-10
36.8608	0.277841	8.10544e-09	-8.8499e-06	-2.65188e-10
38.8652	0.292949	1.34715e-08	3.65835e-05	-3.05161e-10
40.8696	0.308058	1.78903e-08	6.98304e-05	-3.47068e-10
42.874	0.323166	1.54945e-08	1.54123e-05	-4.02888e-10
44.8785	0.338275	1.30986e-08	-3.90058e-05	-4.58707e-10
46.8829	0.353383	1.07922e-08	-9.29561e-05	-5.14851e-10
48.8873	0.368492	3.10981e-08	-2.84537e-05	-6.5296e-10
50.8917	0.3836	5.1404e-08	3.60487e-05	-7.91069e-10
52.8961	0.398709	7.17099e-08	0.000100551	-9.29178e-10
54.9006	0.413817	7.23325e-08	4.05458e-05	-9.83103e-10
56.905	0.428925	7.04181e-08	-3.55075e-05	-1.02618e-09
58.9094	0.444034	6.85036e-08	-0.000111561	-1.06925e-09
60.9138	0.459142	1.50009e-07	-6.1071e-05	-1.55348e-09
62.9182	0.474251	2.56756e-07	2.77069e-05	-2.17118e-09
64.9227	0.489359	3.63502e-07	0.000116485	-2.78889e-09
66.9271	0.504468	3.99761e-07	8.05222e-05	1.18508e-08
68.9315	0.519576	3.97999e-07	-2.27256e-05	3.47202e-08
70.9359	0.534685	3.96237e-07	-0.000125973	5.75897e-08
72.9403	0.549793	8.10361e-07	-0.000110971	-2.67913e-08
74.9448	0.564902	1.59109e-06	8.26875e-06	-2.05713e-07
76.9492	0.58001	2.37181e-06	0.000127508	-3.84635e-07
78.9536	0.595119	3.72447e-06	0.000140129	-4.00948e-07
80.958	0.610229	5.88874e-06	1.44931e-06	-1.8651e-07
82.9624	0.625338	8.05302e-06	-0.00013723	2.7929e-08
84.9668	0.640449	-2.09484e-05	-0.000187035	-1.72365e-06
86.9713	0.655562	-0.000124333	-2.47215e-05	-8.16756e-06
88.9757	0.670675	-0.000227718	0.000137592	-1.46115e-05
90.9801	0.685791	-0.000315529	0.000237405	-2.64998e-05
92.9845	0.70092	-0.000331005	4.69309e-05	-6.36754e-05
94.9889	0.716057	-0.00176499	-0.000135644	9.39199e-05
96.9934	0.731173	-0.000979351	-0.000380166	-2.89939e-05
98.9978	0.746259	0.0045578	5.86266e-05	-0.000215642
101.002	0.761346	0.0132781	-0.00010832	0.000119713
103.007	0.776413	0.0163451	-9.60039e-05	0.000345091
105.011	0.791482	0.0170531	-5.33423e-05	-0.000333393
107.015	0.806562	0.0123076	-0.000100902	-2.21728e-05
109.02	0.821666	0.00645978	-6.11979e-05	0.000308956
111.024	0.83678	0.00147572	0.00025325	0.000172835
113.029	0.851918	0.00105167	-0.0001899	0.000106378
115.033	0.867047	-0.000145919	-0.000373824	6.21293e-05
117.038	0.882168	-0.00048436	-0.000215017	4.57788e-05
119.042	0.897276	-0.000187627	1.9969e-05	2.20006e-05
121.046	0.912389	-5.45808e-05	0.000263321	4.82707e-06
123.051	0.9275	3.48315e-07	0.000233435	-1.82756e-06
125.055	0.94261	2.27031e-07	1.09939e-05	-1.06933e-06
127.06	0.95772	1.05747e-07	-0.000211447	-3.111e-07
129.064	0.972829	3.30758e-07	-0.000235973	7.21401e-08
131.068	0.987938	9.48635e-07	-3.5969e-05	2.99617e-08
133.073	1.00305	1.56651e-06	0.000164035	-1.22168e-08
135.077	1.01816	1.74572e-06	0.000231118	-3.36315e-08
137.082	1.03326	1.11163e-06	5.17676e-05	-1.65505e-08
139.086	1.04837	4.77544e-07	-0.000127583	5.30391e-10
141.091	1.06348	1.64433e-08	-0.000228006	1.26477e-08
143.095	1.07859	1.27101e-07	-6.75573e-05	8.35908e-09
145.099	1.0937	2.37758e-07	9.28916e-05	4.07047e-09
147.104	1.10881	3.22787e-07	0.000218708	2.99499e-10
149.108	1.12391	2.0896e-07	7.58068e-05	5.45004e-10
151.113	1.13902	9.51331e-08	-6.70946e-05	7.90509e-10
153.117	1.15413	-1.86938e-08	-0.000209996	1.03601e-09
155.122	1.16924	9.935e-09	-8.38667e-05	8.41587e-10
157.126	1.18435	3.9128e-08	4.3328e-05	6.45418e-10
159.13	1.19946	6.83209e-08	0.000170523	4.4925e-10
161.135	1.21457	5.04442e-08	8.66938e-05	3.35146e-10
163.139	1.22967	2.60237e-08	-2.64723e-05	2.32452e-10
165.144	1.24478	1.60313e-09	-0.000139638	1.29758e-10
167.148	1.25989	3.7869e-10	-8.98707e-05	1.03752e-10
169.152	1.275	6.48598e-09	1.13967e-05	1.01986e-10
171.157	1.29011	1.25933e-08	0.000112664	1.0022e-10
173.161	1.30522	1.18265e-08	9.03321e-05	1.00055e-10
175.166	1.32032	7.22204e-09	-1.00571e-06	1.00783e-10
177.17	1.33543	2.61753e-09	-9.23435e-05	1.01511e-10
179.175	1.35054	6.26003e-10	-9.20367e-05	7.89807e-11
181.179	1.36565	1.01179e-09	-8.35114e-06	3.52899e-11
183.183	1.38076	1.39757e-09	7.53345e-05	-8.40081e-12
185.188	1.39587	1.32011e-09	9.34056e-05	-2.27526e-11
187.192	1.41097	5.63507e-10	1.52809e-05	5.90876e-12
189.197	1.42608	-1.93098e-10	-6.28437e-05	3.45701e-11
191.201	1.44119	-7.8679e-10	-9.69994e-05	4.65954e-11
193.205	1.4563	-9.76529e-10	-2.2131e-05	1.73706e-11
195.21	1.47141	-1.16627e-09	5.27373e-05	-1.18541e-11
197.214	1.48652	-1.32389e-09	0.000102453	-3.61317e-11
199.219	1.50163	-1.32389e-09	2.87337e-05	-3.61317e-11
