y	b	u.x	u.y	u.z	
0.390625	0.0030695	-0.18594	-0.00156039	0.0155792
2.40294	0.0186563	-0.886804	-0.00373186	0.0149591
4.41525	0.0340426	-1.15556	0.000329755	0.0129506
6.42756	0.0499617	-1.04178	-0.00296327	0.00914586
8.43987	0.0656976	-1.06132	-0.00380879	0.00592842
10.4522	0.0810321	-1.05557	-0.0030381	0.0037964
12.4645	0.0960181	-1.02787	-0.000864321	0.00260666
14.4768	0.111004	-1.00016	0.00130946	0.00141693
16.4891	0.126002	-0.984645	0.0019652	0.000605354
18.5014	0.141016	-0.98532	0.000603829	0.000296256
20.5137	0.156029	-0.985994	-0.000757548	-1.28435e-05
22.526	0.171049	-0.98643	-0.00119109	-0.000194377
24.5383	0.186081	-0.986367	0.000315397	-0.000109183
26.5507	0.201113	-0.986304	0.00182188	-2.39892e-05
28.563	0.216149	-0.986708	0.00273293	4.10845e-05
30.5753	0.231199	-0.988795	0.00150357	3.38327e-05
32.5876	0.246249	-0.990882	0.00027422	2.6581e-05
34.5999	0.261303	-0.992753	-0.000671327	1.93334e-05
36.6122	0.276386	-0.992903	0.00063868	1.21196e-05
38.6245	0.291469	-0.993053	0.00194869	4.90585e-06
40.6368	0.306552	-0.993211	0.00324386	-2.16498e-06
42.6491	0.321657	-0.99464	0.00203105	1.49328e-05
44.6615	0.336762	-0.99607	0.00081824	3.20306e-05
46.6738	0.351868	-0.9975	-0.000394569	4.91283e-05
48.6861	0.366999	-0.99791	0.000562695	4.16012e-05
50.6984	0.382134	-0.998208	0.00176108	3.13378e-05
52.7107	0.397269	-0.998505	0.00295947	2.10745e-05
54.723	0.412421	-0.999366	0.00224822	4.32828e-05
56.7353	0.427579	-1.00037	0.00104187	7.39099e-05
58.7476	0.442736	-1.00138	-0.000164489	0.000104537
60.7599	0.457906	-1.002	0.000242724	0.000106945
62.7722	0.473082	-1.00245	0.00138088	9.65706e-05
64.7846	0.488257	-1.0029	0.00251903	8.61959e-05
66.7969	0.503446	-1.00388	0.0023035	3.66447e-05
68.8092	0.518641	-1.00526	0.00111437	-4.41409e-05
70.8215	0.533839	-1.00665	-5.91935e-05	-0.000116013
72.8338	0.549116	-1.00661	-0.000195577	-8.80187e-05
74.8461	0.564492	-1.00475	0.000828746	3.26415e-05
76.8584	0.579874	-1.00418	0.00194716	0.000522945
78.8707	0.595268	-0.998613	0.00225738	0.000694993
80.883	0.610513	-0.99168	0.00117688	-8.18869e-05
82.8954	0.62571	-0.985459	0.000237175	-0.001119
84.9077	0.64075	-0.979141	-0.00050393	-0.000308484
86.92	0.6556	-0.972475	0.000416299	0.000918232
88.9323	0.670338	-0.969102	0.00172864	0.00208242
90.9446	0.685205	-0.970056	0.00219412	0.00176301
92.9569	0.700095	-0.976835	0.00125371	0.00215032
94.9692	0.715047	-0.984088	2.11481e-05	-8.24534e-05
96.9815	0.729896	-0.994243	-0.000981209	-0.00174802
98.9938	0.745121	-1.00059	2.12348e-05	-0.00123206
101.006	0.760458	-1.00746	0.00109492	-0.000896393
103.018	0.775782	-1.0097	0.00254517	-0.000646173
105.031	0.791123	-1.0088	0.00131171	-0.000295032
107.043	0.806441	-1.008	-0.000118111	7.34119e-05
109.055	0.821757	-1.00723	-0.00156999	0.000369008
111.068	0.83699	-1.0065	-0.000588112	0.000372681
113.08	0.852197	-1.00589	0.000857295	0.000318535
115.092	0.867409	-1.00523	0.00230188	0.000270147
117.105	0.882611	-1.005	0.0015924	0.000200228
119.117	0.89781	-1.00493	0.000107431	0.000122558
121.129	0.913009	-1.00486	-0.00137754	4.48878e-05
123.142	0.928204	-1.00455	-0.00102215	2.06235e-05
125.154	0.943397	-1.0041	0.000416832	2.78047e-05
127.166	0.95859	-1.00365	0.00185582	3.49858e-05
129.178	0.973778	-1.00334	0.00177808	3.28825e-05
131.191	0.988962	-1.00317	0.000319926	2.23291e-05
133.203	1.00415	-1.003	-0.00113823	1.17758e-05
135.215	1.01933	-1.00273	-0.00138989	5.97234e-06
137.228	1.03451	-1.00232	4.07907e-05	6.79231e-06
139.24	1.04969	-1.00191	0.00147147	7.61228e-06
141.252	1.06486	-1.00159	0.00200714	7.52269e-06
143.265	1.08004	-1.00148	0.000566974	5.42513e-06
145.277	1.09522	-1.00136	-0.000873196	3.32757e-06
147.289	1.11039	-1.00121	-0.00172401	1.68363e-06
149.302	1.12557	-1.0009	-0.000301522	1.78946e-06
151.314	1.14074	-1.00059	0.00112097	1.89529e-06
153.326	1.15591	-1.00031	0.00225828	1.94429e-06
155.339	1.17109	-1.00026	0.000828669	1.48185e-06
157.351	1.18626	-1.00021	-0.000600938	1.0194e-06
159.363	1.20143	-1.00016	-0.00203054	5.56951e-07
161.375	1.21661	-0.999965	-0.000633887	5.16027e-07
163.388	1.23178	-0.999769	0.000779515	4.776e-07
165.4	1.24695	-0.999572	0.00219292	4.39173e-07
167.412	1.26212	-0.999548	0.00108526	3.63328e-07
169.425	1.27729	-0.999546	-0.000339634	2.82775e-07
171.437	1.29246	-0.999544	-0.00176453	2.02222e-07
173.449	1.30763	-0.999463	-0.000975486	1.44681e-07
175.462	1.32281	-0.999361	0.000429501	9.3543e-08
177.474	1.33798	-0.999258	0.00183449	4.2405e-08
179.486	1.35315	-0.999232	0.00132711	2.64835e-08
181.499	1.36831	-0.999242	-9.492e-05	2.74055e-08
183.511	1.38348	-0.999252	-0.00151695	2.83275e-08
185.523	1.39865	-0.999217	-0.00132758	1.68075e-08
187.535	1.41382	-0.999148	7.45258e-05	-4.07632e-09
189.548	1.42899	-0.999079	0.00147663	-2.49601e-08
191.56	1.44416	-0.999016	0.00156843	-3.23953e-08
193.572	1.45933	-0.998958	0.000150837	-2.43384e-08
195.585	1.4745	-0.9989	-0.00126676	-1.62816e-08
197.597	1.48961	-0.998863	-0.001673	-1.11156e-08
199.609	1.5046	-0.998863	-0.000271977	-1.11156e-08
