y	b	u.x	u.y	u.z	
0.78125	0.00588873	-1.14008e-10	-1.71165e-05	-5.89082e-12
2.78567	0.0209972	-4.06514e-10	-6.10314e-05	-2.10047e-11
4.79009	0.0361056	-5.19221e-10	-3.15499e-05	-1.72556e-11
6.79451	0.0512141	-5.95287e-10	1.28892e-05	-9.6625e-12
8.79893	0.0663225	-6.71353e-10	5.73282e-05	-2.06938e-12
10.8033	0.081431	-2.09937e-10	3.73162e-05	2.40546e-12
12.8078	0.0965394	4.68254e-10	-8.68993e-06	5.62265e-12
14.8122	0.111648	1.14644e-09	-5.46961e-05	8.83984e-12
16.8166	0.126756	6.12799e-10	-4.45052e-05	2.31559e-12
18.821	0.141865	-7.47465e-10	4.01876e-06	-1.08535e-11
20.8254	0.156973	-2.10773e-09	5.25428e-05	-2.40226e-11
22.8299	0.172082	-1.76206e-09	5.3217e-05	-2.51139e-11
24.8343	0.18719	4.58729e-10	1.29591e-06	-1.29295e-11
26.8387	0.202299	2.67952e-09	-5.06252e-05	-7.45142e-13
28.8431	0.217407	2.66988e-09	-6.38953e-05	4.22712e-12
30.8475	0.232516	-1.33495e-09	-7.93312e-06	-3.71909e-12
32.852	0.247624	-5.33979e-09	4.80291e-05	-1.16653e-11
34.8564	0.262732	-6.8071e-09	7.60338e-05	-2.65727e-11
36.8608	0.277841	-2.45771e-10	1.55819e-05	-6.35051e-11
38.8652	0.292949	6.31555e-09	-4.487e-05	-1.00438e-10
40.8696	0.308058	1.06503e-08	-9.00169e-05	-1.19667e-10
42.874	0.323166	-1.03206e-09	-2.50642e-05	-1.15433e-11
44.8785	0.338275	-1.27144e-08	3.98886e-05	9.658e-11
46.8829	0.353383	-2.42694e-08	0.000104314	2.02528e-10
48.8873	0.368492	-3.57474e-09	3.52595e-05	-2.42233e-10
50.8917	0.3836	1.71199e-08	-3.37951e-05	-6.86994e-10
52.8961	0.398708	3.78146e-08	-0.00010285	-1.13176e-09
54.9006	0.413817	6.21823e-09	-4.69023e-05	1.10768e-10
56.905	0.428925	-3.2118e-08	2.51568e-05	1.57077e-09
58.9094	0.444034	-7.04543e-08	9.72159e-05	3.03077e-09
60.9138	0.459142	-1.7082e-08	5.75086e-05	-1.78818e-11
62.9182	0.474251	6.40384e-08	-1.60156e-05	-4.43071e-09
64.9227	0.489359	1.45159e-07	-8.95399e-05	-8.84355e-09
66.9271	0.504468	6.1393e-08	-6.79895e-05	4.70335e-09
68.9315	0.519576	-1.11313e-07	4.84418e-06	2.79378e-08
70.9359	0.534685	-2.84018e-07	7.76779e-05	5.11722e-08
72.9403	0.549793	-1.34558e-07	7.42592e-05	3.49325e-08
74.9448	0.564901	2.98889e-07	3.62444e-06	-1.61032e-08
76.9492	0.58001	7.32337e-07	-6.70103e-05	-6.7139e-08
78.9536	0.595118	9.00881e-08	-8.07781e-05	-3.05043e-08
80.958	0.610227	-2.07865e-06	-1.38476e-05	1.30541e-07
82.9624	0.625336	-4.24739e-06	5.30829e-05	2.91586e-07
84.9668	0.640445	-1.72186e-05	8.17388e-05	-2.81398e-07
86.9713	0.655555	-5.59721e-05	1.90441e-05	-2.6063e-06
88.9757	0.670664	-9.47256e-05	-4.36507e-05	-4.9312e-06
90.9801	0.685775	-8.14946e-05	-0.000109159	-4.61934e-06
92.9845	0.700888	0.000173183	-0.000187737	7.9392e-06
94.9889	0.716007	-0.000812453	3.51233e-05	-8.60875e-05
96.9934	0.731118	-4.51779e-05	-0.000483455	-1.73644e-05
98.9978	0.746207	0.00447264	-0.000114659	0.000295133
101.002	0.761302	0.0110819	3.73609e-06	3.30342e-05
103.007	0.77641	0.00950436	-6.69013e-05	-1.25023e-05
105.011	0.791515	0.00570388	5.24752e-05	-6.64865e-06
107.015	0.806617	0.00207302	-0.000119628	5.18106e-05
109.02	0.82173	0.000267292	-2.72289e-05	4.34374e-05
111.024	0.836846	-0.000142929	6.51737e-05	2.81948e-05
113.029	0.851955	8.5756e-05	-3.75032e-05	2.28624e-05
115.033	0.867067	1.77682e-05	-5.49358e-05	4.45549e-06
117.038	0.882177	-2.01533e-06	-4.201e-05	-7.71982e-07
119.042	0.897286	-1.60098e-06	-1.6364e-05	-4.77183e-07
121.046	0.912395	-1.18662e-06	9.28214e-06	-1.82385e-07
123.051	0.927504	-7.34718e-07	1.72593e-05	-5.21014e-08
125.055	0.942613	-2.56358e-07	1.27848e-05	-3.77542e-08
127.06	0.957721	2.22002e-07	8.31029e-06	-2.34071e-08
129.064	0.97283	3.89661e-07	5.81728e-07	-1.27837e-08
131.068	0.987938	2.04836e-07	-1.08385e-05	-6.38488e-09
133.073	1.00305	2.00112e-08	-2.22588e-05	1.39949e-11
135.077	1.01816	-8.13859e-08	-2.19817e-05	3.37206e-09
137.082	1.03326	-2.81089e-08	-1.80069e-08	1.0925e-09
139.086	1.04837	2.51681e-08	2.19457e-05	-1.18707e-09
141.091	1.06348	5.88731e-08	3.237e-05	-2.65208e-09
143.095	1.07859	2.78883e-08	4.65399e-06	-1.42484e-09
145.099	1.0937	-3.09645e-09	-2.3062e-05	-1.97608e-10
147.104	1.10881	-2.88107e-08	-4.4107e-05	8.38702e-10
149.108	1.12391	-1.363e-08	-1.33901e-05	3.93586e-10
151.113	1.13902	1.55077e-09	1.73268e-05	-5.153e-11
153.117	1.15413	1.67315e-08	4.80437e-05	-4.96646e-10
155.122	1.16924	7.89956e-09	1.67107e-05	-3.11863e-10
157.126	1.18435	-1.02747e-09	-1.48681e-05	-1.24586e-10
159.13	1.19946	-9.9545e-09	-4.64468e-05	6.26911e-11
161.135	1.21457	-6.38826e-09	-2.26194e-05	4.18799e-11
163.139	1.22967	-1.08516e-09	8.91075e-06	-7.86054e-12
165.144	1.24478	4.21794e-09	4.04409e-05	-5.7601e-11
167.148	1.25989	3.14937e-09	2.46977e-05	-6.03265e-11
169.152	1.275	6.6854e-11	-5.98741e-06	-4.81917e-11
171.157	1.29011	-3.01566e-09	-3.66726e-05	-3.6057e-11
173.161	1.30522	-2.8862e-09	-2.85523e-05	-2.39439e-11
175.166	1.32032	-9.6348e-10	1.23315e-06	-1.18429e-11
177.17	1.33543	9.59237e-10	3.10186e-05	2.58133e-13
179.175	1.35054	1.33426e-09	3.01614e-05	1.08128e-12
181.179	1.36565	3.01167e-10	1.42526e-06	-8.35624e-12
183.183	1.38076	-7.31921e-10	-2.73109e-05	-1.77938e-11
185.188	1.39587	-1.09695e-09	-3.3037e-05	-1.97098e-11
187.192	1.41097	-4.82552e-10	-5.02875e-06	-1.05989e-11
189.197	1.42608	1.31846e-10	2.29795e-05	-1.488e-12
191.201	1.44119	5.10837e-10	3.50564e-05	4.50884e-12
193.205	1.4563	3.06125e-10	7.63055e-06	2.7841e-12
195.21	1.47141	1.01412e-10	-1.97953e-05	1.05935e-12
197.214	1.48652	-6.86467e-11	-3.79553e-05	-3.73429e-13
199.219	1.50163	-6.86467e-11	-1.06449e-05	-3.73429e-13
